period:1
ue_log_freq:1000
mac_log_freq:1000
mimo_layers:2
frequency:2412000000.0
bandwidth:50000000
ue_speed:5.555555555555555
max_distance:1000
shannon_cfg_bandwidth_mhz:50.0
shannon_cfg_mimo_layers:2
shannon_cfg_bw_efficiency:0.67
shannon_cfg_sinr_offset_db:0
shannon_cfg_ul_divisor:2
shannon_cfg_sinr_sample_rate:1000
n_ue:10
sinr_period:9.463597741343282
sinr_rate:105.66805852612856
ul_fairness:nan
dl_fairness:0.9999737520470067
ul_agg_throughput:0
dl_agg_throughput:39.637761957104736
ul_ave_throughput:0.0
dl_ave_throughput:3.963776195710474
ul_se:0.0
dl_se:0.7927552391420947
ul_ase:0.0
dl_ase:2.523418299429239e-07
ul_gr:0.0, 0.0, 0.0, 0.0, 0.0, 0.0, 0.0, 0.0, 0.0, 0.0
dl_gr:4.120184798152018, 4.120184798152018, 4.120184798152018, 4.120184798152018, 4.119224807751922, 4.120184798152018, 4.120184798152018, 4.120184798152018, 3.9093279067209323, 3.95890741092589
ul_tr:0.0, 0.0, 0.0, 0.0, 0.0, 0.0, 0.0, 0.0, 0.0, 0.0
dl_tr:4.012482338396615, 4.012482338396615, 4.012482338396615, 4.012482338396615, 4.0115224546194534, 4.012482338396615, 4.012482338396615, 4.012482338396615, 3.801655130800692, 3.850939235462645
ul_er:0.0, 0.0, 0.0, 0.0, 0.0, 0.0, 0.0, 0.0, 0.0, 0.0
dl_er:95.87769122308777, 95.87769122308777, 95.87769122308777, 95.87769122308777, 95.87865121348787, 95.87769122308777, 95.87769122308777, 95.87769122308777, 96.08854811451884, 96.03896861031389
ul_er_ratio:0.0, 0.0, 0.0, 0.0, 0.0, 0.0, 0.0, 0.0, 0.0, 0.0
dl_er_ratio:0.959831060500392, 0.959831060500392, 0.959831060500392, 0.959831060500392, 0.9598406699346821, 0.959831060500392, 0.959831060500392, 0.959831060500392, 0.961941661871843, 0.9614481650998392
ul_er_perc:0.0, 0.0, 0.0, 0.0, 0.0, 0.0, 0.0, 0.0, 0.0, 0.0
dl_er_perc:95.9831060500392, 95.9831060500392, 95.9831060500392, 95.9831060500392, 95.9840669934682, 95.9831060500392, 95.9831060500392, 95.9831060500392, 96.19416618718431, 96.14481650998393
ul_l:0.0, 0.0, 0.0, 0.0, 0.0, 0.0, 0.0, 0.0, 0.0, 0.0
dl_l:0.002761706312124879, 0.002761706312124879, 0.002761706312124879, 0.002761706312124879, 0.0027664852408575916, 0.002761706312124879, 0.002761706312124879, 0.002761706312124879, 0.1324154012686173, 0.11766356171376686
ul_il:0.0, 0.0, 0.0, 0.0, 0.0, 0.0, 0.0, 0.0, 0.0, 0.0
dl_il:2.208781967786297, 2.208781967786297, 2.208781967786297, 2.208781967786297, 2.208734820380771, 2.208781967786297, 2.208781967786297, 2.208781967786297, 2.40518985552142, 2.355438286598109
sinr_ul:5.01021058e-04,2.31091108e-04,2.31576594e-04,4.14604635e-04,5.95690735e-04,9.64659731e-04,8.06876936e-04,1.19138147e-03,1.29381891e-03,1.80163677e-03,5.86951995e-03,3.21401125e-02,7.77801208e-02,5.56089681e-02,7.17858311e-02,5.65056598e-02,5.87015108e-02,3.29319394e-02,1.98505320e-02,2.64749819e-02,9.59901973e-03,8.09838398e-03,9.28491059e-03,4.33344376e-03,3.03962485e-03,2.15555571e-03,8.36491553e-04,2.44199217e-04,2.17497514e-04,2.06816832e-04,1.97107122e-04,1.89339353e-04,1.83028042e-04,1.71376389e-04,9.51551622e-05,9.41841911e-05,9.41841911e-05,9.27277346e-05,1.50015026e-04,5.25780820e-04
sinr_ul_bin_edges:-6.3430786 ,-4.28330554,-2.22353247,-0.16375941, 1.89601366, 3.95578672, 6.01555979, 8.07533285,10.13510592,12.19487899,14.25465205,16.31442511,18.37419818,20.43397125,22.49374431,24.55351737,26.61329044,28.67306351,30.73283657,32.79260963,34.8523827 ,36.91215577,38.97192883,41.03170189,43.09147496,45.15124803,47.21102109,49.27079415,51.33056722,53.39034029,55.45011335,57.50988641,59.56965948,61.62943255,63.68920561,65.74897868,67.80875174,69.8685248 ,71.92829787,73.98807093,76.047844  
sinr_dl:5.01025093e-04,2.31092969e-04,2.31578459e-04,4.14607975e-04,5.95695532e-04,9.64667500e-04,8.06883435e-04,1.19090558e-03,1.29431482e-03,1.80019481e-03,5.87005272e-03,3.21476537e-02,7.77637552e-02,5.56094160e-02,7.17655333e-02,5.65260200e-02,5.87116934e-02,3.29341466e-02,1.98477789e-02,2.64771371e-02,9.59909704e-03,8.09602176e-03,9.28741282e-03,4.33396416e-03,3.03964933e-03,2.15508759e-03,8.36983780e-04,2.44201184e-04,2.17984755e-04,2.06818498e-04,1.97108709e-04,1.89340878e-04,1.83029516e-04,1.71377769e-04,9.51559286e-05,9.41849497e-05,9.36994603e-05,9.32139709e-05,1.50016234e-04,5.25785054e-04
sinr_dl_bin_edges: 3.399826  , 5.45958247, 7.51933895, 9.57909542,11.6388519 ,13.69860837,15.75836485,17.81812132,19.8778778 ,21.93763428,23.99739075,26.05714723,28.1169037 ,30.17666017,32.23641665,34.29617312,36.3559296 ,38.41568607,40.47544255,42.53519902,44.5949555 ,46.65471197,48.71446845,50.77422492,52.8339814 ,54.89373787,56.95349435,59.01325082,61.0730073 ,63.13276377,65.19252025,67.25227673,69.3120332 ,71.37178968,73.43154615,75.49130263,77.5510591 ,79.61081558,81.67057205,83.73032853,85.790085  
rsrp_ul:5.01492462e-04,2.30336654e-04,2.31794481e-04,4.31516769e-04,6.00624692e-04,9.67511135e-04,7.98889154e-04,1.18764300e-03,1.29406437e-03,1.78972552e-03,5.82013102e-03,3.27913869e-02,7.47568787e-02,5.66599012e-02,7.03017596e-02,5.84020044e-02,5.94973183e-02,3.36534486e-02,1.94342907e-02,2.65436267e-02,9.75237618e-03,7.71773573e-03,9.57160564e-03,4.48864910e-03,3.04054102e-03,2.13766021e-03,8.54772519e-04,2.64352615e-04,2.19159981e-04,2.06039539e-04,1.97292577e-04,1.90003442e-04,1.83686192e-04,1.76883000e-04,9.52446923e-05,9.42728077e-05,9.33009231e-05,9.37868654e-05,1.49670231e-04,5.25789577e-04
rsrp_ul_bin_edges:-116.98717   ,-114.92933312,-112.87149625,-110.81365938,-108.7558225 ,-106.69798563,-104.64014875,-102.58231188,-100.524475  , -98.46663813, -96.40880125, -94.35096438, -92.2931275 , -90.23529063, -88.17745375, -86.11961687, -84.06178   , -82.00394313, -79.94610625, -77.88826937, -75.8304325 , -73.77259562, -71.71475875, -69.65692187, -67.599085  , -65.54124812, -63.48341125, -61.42557437, -59.3677375 , -57.30990062, -55.25206375, -53.19422687, -51.13639   , -49.07855312, -47.02071625, -44.96287937, -42.9050425 , -40.84720562, -38.78936875, -36.73153187, -34.673695  
rsrp_dl:5.01492462e-04,2.30336654e-04,2.31794481e-04,4.31516769e-04,6.00624692e-04,9.67511135e-04,7.98889154e-04,1.18764300e-03,1.29406437e-03,1.78972552e-03,5.82013102e-03,3.27918729e-02,7.47563927e-02,5.66599012e-02,7.03017596e-02,5.84020044e-02,5.94973183e-02,3.36534486e-02,1.94342907e-02,2.65436267e-02,9.75237618e-03,7.71773573e-03,9.57160564e-03,4.48864910e-03,3.04054102e-03,2.13766021e-03,8.54772519e-04,2.64352615e-04,2.19159981e-04,2.06039539e-04,1.97292577e-04,1.90003442e-04,1.83686192e-04,1.76883000e-04,9.52446923e-05,9.42728077e-05,9.33009231e-05,9.37868654e-05,1.49670231e-04,5.25789577e-04
rsrp_dl_bin_edges:-113.97687   ,-111.91903312,-109.86119625,-107.80335937,-105.7455225 ,-103.68768563,-101.62984875, -99.57201188, -97.514175  , -95.45633813, -93.39850125, -91.34066438, -89.2828275 , -87.22499063, -85.16715375, -83.10931687, -81.05148   , -78.99364313, -76.93580625, -74.87796937, -72.8201325 , -70.76229562, -68.70445875, -66.64662187, -64.588785  , -62.53094812, -60.47311125, -58.41527437, -56.3574375 , -54.29960062, -52.24176375, -50.18392687, -48.12609   , -46.06825312, -44.01041625, -41.95257937, -39.8947425 , -37.83690562, -35.77906875, -33.72123187, -31.663395  
cqi_ul:2.78151065e-03,0.00000000e+00,0.00000000e+00,1.69229077e-03,0.00000000e+00,0.00000000e+00,1.48921588e-03,0.00000000e+00,0.00000000e+00,1.90459634e-03,0.00000000e+00,0.00000000e+00,2.66458874e-03,0.00000000e+00,0.00000000e+00,3.89842255e-03,0.00000000e+00,0.00000000e+00,5.83994160e-03,0.00000000e+00,0.00000000e+00,3.03689271e-03,0.00000000e+00,0.00000000e+00,7.15377462e-03,0.00000000e+00,0.00000000e+00,7.65838495e-03,0.00000000e+00,0.00000000e+00,9.44913628e-03,0.00000000e+00,0.00000000e+00,2.50305189e-02,0.00000000e+00,0.00000000e+00,4.09780518e-02,0.00000000e+00,0.00000000e+00,2.96334575e+00
cqi_ul_bin_edges: 2.   , 2.325, 2.65 , 2.975, 3.3  , 3.625, 3.95 , 4.275, 4.6  , 4.925, 5.25 , 5.575, 5.9  , 6.225, 6.55 , 6.875, 7.2  , 7.525, 7.85 , 8.175, 8.5  , 8.825, 9.15 , 9.475, 9.8  ,10.125,10.45 ,10.775,11.1  ,11.425,11.75 ,12.075,12.4  ,12.725,13.05 ,13.375,13.7  ,14.025,14.35 ,14.675,15.   
cqi_dl:4.43995560e-03,0.00000000e+00,0.00000000e+00,0.00000000e+00,0.00000000e+00,2.19997800e-03,0.00000000e+00,0.00000000e+00,0.00000000e+00,0.00000000e+00,1.35498645e-03,0.00000000e+00,0.00000000e+00,0.00000000e+00,0.00000000e+00,2.36497635e-03,0.00000000e+00,0.00000000e+00,0.00000000e+00,0.00000000e+00,4.43495565e-03,0.00000000e+00,0.00000000e+00,0.00000000e+00,0.00000000e+00,5.97494025e-03,0.00000000e+00,0.00000000e+00,0.00000000e+00,0.00000000e+00,9.20490795e-03,0.00000000e+00,0.00000000e+00,0.00000000e+00,0.00000000e+00,5.09994900e-03,0.00000000e+00,0.00000000e+00,0.00000000e+00,4.96492535e+00
cqi_dl_bin_edges: 7. , 7.2, 7.4, 7.6, 7.8, 8. , 8.2, 8.4, 8.6, 8.8, 9. , 9.2, 9.4, 9.6, 9.8,10. ,10.2,10.4,10.6,10.8,11. ,11.2,11.4,11.6,11.8,12. ,12.2,12.4,12.6,12.8,13. ,13.2,13.4,13.6,13.8,14. ,14.2,14.4,14.6,14.8,15. 
mcs_ul:9.48561943e-04,3.42853714e-04,4.32852814e-04,0.00000000e+00,3.52853614e-04,3.72853414e-04,0.00000000e+00,3.18568243e-04,3.11425457e-04,0.00000000e+00,5.72851414e-04,6.35707929e-04,9.99990000e-06,0.00000000e+00,5.91422657e-04,8.74276972e-04,0.00000000e+00,9.35704929e-04,1.73283981e-03,0.00000000e+00,9.78561643e-04,6.74278971e-04,0.00000000e+00,0.00000000e+00,7.35706929e-04,1.34141516e-03,0.00000000e+00,1.97998020e-03,1.78141076e-03,0.00000000e+00,1.77426797e-03,1.95998040e-03,2.42711859e-03,0.00000000e+00,4.26852874e-03,7.35278362e-03,0.00000000e+00,7.66563763e-03,1.13541722e-02,1.37584481e+00
mcs_ul_bin_edges: 0. , 0.7, 1.4, 2.1, 2.8, 3.5, 4.2, 4.9, 5.6, 6.3, 7. , 7.7, 8.4, 9.1, 9.8,10.5,11.2,11.9,12.6,13.3,14. ,14.7,15.4,16.1,16.8,17.5,18.2,18.9,19.6,20.3,21. ,21.7,22.4,23.1,23.8,24.5,25.2,25.9,26.6,27.3,28. 
mcs_dl:1.58821941e-03,0.00000000e+00,5.01171459e-04,0.00000000e+00,5.29406471e-04,0.00000000e+00,0.00000000e+00,5.05877294e-04,0.00000000e+00,3.27055553e-04,0.00000000e+00,0.00000000e+00,0.00000000e+00,0.00000000e+00,3.10585129e-04,0.00000000e+00,5.69406071e-04,0.00000000e+00,5.43523977e-04,0.00000000e+00,0.00000000e+00,8.04697835e-04,0.00000000e+00,1.28234012e-03,0.00000000e+00,1.35528056e-03,0.00000000e+00,0.00000000e+00,1.45645602e-03,0.00000000e+00,1.59763108e-03,0.00000000e+00,2.73409031e-03,0.00000000e+00,0.00000000e+00,1.15763548e-03,0.00000000e+00,1.23998760e-03,0.00000000e+00,2.33643781e+00
mcs_dl_bin_edges:11.   ,11.425,11.85 ,12.275,12.7  ,13.125,13.55 ,13.975,14.4  ,14.825,15.25 ,15.675,16.1  ,16.525,16.95 ,17.375,17.8  ,18.225,18.65 ,19.075,19.5  ,19.925,20.35 ,20.775,21.2  ,21.625,22.05 ,22.475,22.9  ,23.325,23.75 ,24.175,24.6  ,25.025,25.45 ,25.875,26.3  ,26.725,27.15 ,27.575,28.   
eff_ul:6.79667215e-03,4.13514346e-03,1.96231353e-03,1.67661271e-03,1.63902050e-03,3.01489550e-03,0.00000000e+00,3.34570698e-03,3.16526435e-03,4.60128690e-03,4.92457993e-03,0.00000000e+00,9.11987093e-03,0.00000000e+00,5.15013321e-03,0.00000000e+00,3.54870493e-03,3.87199796e-03,7.05981765e-03,0.00000000e+00,0.00000000e+00,1.04205615e-02,0.00000000e+00,9.37549798e-03,0.00000000e+00,9.33790577e-03,0.00000000e+00,1.03153033e-02,0.00000000e+00,1.27738341e-02,0.00000000e+00,0.00000000e+00,2.24651066e-02,0.00000000e+00,3.86974243e-02,0.00000000e+00,4.03439632e-02,0.00000000e+00,5.97565822e-02,7.24101963e+00
eff_ul_bin_edges:0.23439987,0.36740481,0.50040975,0.63341468,0.76641962,0.89942456,1.0324295 ,1.16543444,1.29843938,1.43144431,1.56444925,1.69745419,1.83045913,1.96346407,2.09646901,2.22947394,2.36247888,2.49548382,2.62848876,2.7614937 ,2.89449863,3.02750357,3.16050851,3.29351345,3.42651839,3.55952333,3.69252826,3.8255332 ,3.95853814,4.09154308,4.22454802,4.35755296,4.49055789,4.62356283,4.75656777,4.88957271,5.02257765,5.15558259,5.28858752,5.42159246,5.5545974 
eff_dl:6.62083142e-03,0.00000000e+00,2.08924014e-03,0.00000000e+00,2.20694381e-03,0.00000000e+00,2.10885741e-03,0.00000000e+00,0.00000000e+00,1.36340084e-03,1.29474037e-03,0.00000000e+00,2.37369067e-03,0.00000000e+00,0.00000000e+00,2.26579564e-03,0.00000000e+00,0.00000000e+00,3.35455459e-03,0.00000000e+00,5.34570833e-03,0.00000000e+00,0.00000000e+00,5.64977614e-03,0.00000000e+00,0.00000000e+00,6.07154763e-03,0.00000000e+00,0.00000000e+00,6.66006598e-03,0.00000000e+00,0.00000000e+00,1.13976387e-02,0.00000000e+00,0.00000000e+00,4.82585046e-03,0.00000000e+00,5.16915283e-03,0.00000000e+00,9.73993943e+00
eff_dl_bin_edges:1.4766005 ,1.57855042,1.68050035,1.78245027,1.88440019,1.98635011,2.08830003,2.19024996,2.29219988,2.3941498 ,2.49609972,2.59804965,2.69999957,2.80194949,2.90389941,3.00584934,3.10779926,3.20974918,3.3116991 ,3.41364903,3.51559895,3.61754887,3.71949879,3.82144872,3.92339864,4.02534856,4.12729848,4.22924841,4.33119833,4.43314825,4.53509817,4.6370481 ,4.73899802,4.84094794,4.94289786,5.04484779,5.14679771,5.24874763,5.35069755,5.45264748,5.5545974 
rul: 0., 0., 0., 0., 0., 0., 0., 0., 0., 0., 0., 0., 0., 0., 0., 0., 0., 0., 0., 0.,40., 0., 0., 0., 0., 0., 0., 0., 0., 0., 0., 0., 0., 0., 0., 0., 0., 0., 0., 0.
rul_bin_edges:-0.5  ,-0.475,-0.45 ,-0.425,-0.4  ,-0.375,-0.35 ,-0.325,-0.3  ,-0.275,-0.25 ,-0.225,-0.2  ,-0.175,-0.15 ,-0.125,-0.1  ,-0.075,-0.05 ,-0.025, 0.   , 0.025, 0.05 , 0.075, 0.1  , 0.125, 0.15 , 0.175, 0.2  , 0.225, 0.25 , 0.275, 0.3  , 0.325, 0.35 , 0.375, 0.4  , 0.425, 0.45 , 0.475, 0.5  
rdl:4.03864535e-01,0.00000000e+00,1.68216664e-03,1.62734047e-03,1.27844664e-03,1.42797257e-03,1.35819380e-03,2.97805797e-03,4.58795375e-03,2.52449601e-03,1.68466870e+00,0.00000000e+00,0.00000000e+00,0.00000000e+00,0.00000000e+00,0.00000000e+00,0.00000000e+00,0.00000000e+00,0.00000000e+00,1.49525923e-05,3.85996187e-01,0.00000000e+00,0.00000000e+00,0.00000000e+00,0.00000000e+00,0.00000000e+00,0.00000000e+00,0.00000000e+00,0.00000000e+00,0.00000000e+00,6.97787642e-05,0.00000000e+00,0.00000000e+00,0.00000000e+00,0.00000000e+00,0.00000000e+00,0.00000000e+00,0.00000000e+00,0.00000000e+00,4.48577770e-05
rdl_bin_edges: 0.       , 0.4012642, 0.8025284, 1.2037926, 1.6050568, 2.006321 , 2.4075852, 2.8088494, 3.2101136, 3.6113778, 4.012642 , 4.4139062, 4.8151704, 5.2164346, 5.6176988, 6.018963 , 6.4202272, 6.8214914, 7.2227556, 7.6240198, 8.025284 , 8.4265482, 8.8278124, 9.2290766, 9.6303408,10.031605 ,10.4328692,10.8341334,11.2353976,11.6366618,12.037926 ,12.4391902,12.8404544,13.2417186,13.6429828,14.044247 ,14.4455112,14.8467754,15.2480396,15.6493038,16.050568 
lul: 0., 0., 0., 0., 0., 0., 0., 0., 0., 0., 0., 0., 0., 0., 0., 0., 0., 0., 0., 0.,40., 0., 0., 0., 0., 0., 0., 0., 0., 0., 0., 0., 0., 0., 0., 0., 0., 0., 0., 0.
lul_bin_edges:-0.5  ,-0.475,-0.45 ,-0.425,-0.4  ,-0.375,-0.35 ,-0.325,-0.3  ,-0.275,-0.25 ,-0.225,-0.2  ,-0.175,-0.15 ,-0.125,-0.1  ,-0.075,-0.05 ,-0.025, 0.   , 0.025, 0.05 , 0.075, 0.1  , 0.125, 0.15 , 0.175, 0.2  , 0.225, 0.25 , 0.275, 0.3  , 0.325, 0.35 , 0.375, 0.4  , 0.425, 0.45 , 0.475, 0.5  
ldl:1.10097561e+01,0.00000000e+00,0.00000000e+00,0.00000000e+00,0.00000000e+00,0.00000000e+00,0.00000000e+00,0.00000000e+00,0.00000000e+00,0.00000000e+00,0.00000000e+00,0.00000000e+00,0.00000000e+00,0.00000000e+00,0.00000000e+00,0.00000000e+00,0.00000000e+00,0.00000000e+00,2.21743111e-05,0.00000000e+00,2.21743111e-05,0.00000000e+00,0.00000000e+00,0.00000000e+00,0.00000000e+00,0.00000000e+00,0.00000000e+00,0.00000000e+00,0.00000000e+00,0.00000000e+00,0.00000000e+00,0.00000000e+00,0.00000000e+00,0.00000000e+00,0.00000000e+00,0.00000000e+00,0.00000000e+00,3.75632829e-02,0.00000000e+00,3.99026728e-02
ldl_bin_edges:0.        ,0.09019356,0.18038711,0.27058067,0.36077423,0.45096779,0.54116134,0.6313549 ,0.72154846,0.81174202,0.90193557,0.99212913,1.08232269,1.17251625,1.2627098 ,1.35290336,1.44309692,1.53329048,1.62348403,1.71367759,1.80387115,1.89406471,1.98425826,2.07445182,2.16464538,2.25483894,2.34503249,2.43522605,2.52541961,2.61561317,2.70580672,2.79600028,2.88619384,2.9763874 ,3.06658095,3.15677451,3.24696807,3.33716163,3.42735518,3.51754874,3.6077423 
ilul: 0., 0., 0., 0., 0., 0., 0., 0., 0., 0., 0., 0., 0., 0., 0., 0., 0., 0., 0., 0.,40., 0., 0., 0., 0., 0., 0., 0., 0., 0., 0., 0., 0., 0., 0., 0., 0., 0., 0., 0.
ilul_bin_edges:-0.5  ,-0.475,-0.45 ,-0.425,-0.4  ,-0.375,-0.35 ,-0.325,-0.3  ,-0.275,-0.25 ,-0.225,-0.2  ,-0.175,-0.15 ,-0.125,-0.1  ,-0.075,-0.05 ,-0.025, 0.   , 0.025, 0.05 , 0.075, 0.1  , 0.125, 0.15 , 0.175, 0.2  , 0.225, 0.25 , 0.275, 0.3  , 0.325, 0.35 , 0.375, 0.4  , 0.425, 0.45 , 0.475, 0.5  
ildl:8.25919311e-01,7.72038115e-03,8.07360120e-03,8.32590124e-03,8.22498122e-03,8.12406121e-03,7.97268118e-03,8.42682125e-03,8.02314119e-03,8.52774127e-03,8.27544123e-03,8.12406121e-03,8.37636124e-03,4.06479077e+00,0.00000000e+00,0.00000000e+00,1.00920015e-05,0.00000000e+00,0.00000000e+00,0.00000000e+00,5.04600075e-06,1.51380022e-05,0.00000000e+00,1.00920015e-05,0.00000000e+00,0.00000000e+00,1.00920015e-05,5.04600075e-06,0.00000000e+00,0.00000000e+00,7.89699117e-03,1.00970475e-02,9.83970146e-03,9.89016147e-03,1.83169827e-03,1.65508825e-03,1.61976624e-03,1.97298629e-03,2.78034641e-03,9.50666541e-03
ildl_bin_edges:0.        ,0.19817476,0.39634952,0.59452429,0.79269905,0.99087381,1.18904857,1.38722334,1.5853981 ,1.78357286,1.98174762,2.17992239,2.37809715,2.57627191,2.77444668,2.97262144,3.1707962 ,3.36897096,3.56714572,3.76532049,3.96349525,4.16167001,4.35984478,4.55801954,4.7561943 ,4.95436906,5.15254382,5.35071859,5.54889335,5.74706811,5.94524287,6.14341764,6.3415924 ,6.53976716,6.73794192,6.93611669,7.13429145,7.33246621,7.53064097,7.72881574,7.9269905 
eul: 0., 0., 0., 0., 0., 0., 0., 0., 0., 0., 0., 0., 0., 0., 0., 0., 0., 0., 0., 0.,40., 0., 0., 0., 0., 0., 0., 0., 0., 0., 0., 0., 0., 0., 0., 0., 0., 0., 0., 0.
eul_bin_edges:-0.5  ,-0.475,-0.45 ,-0.425,-0.4  ,-0.375,-0.35 ,-0.325,-0.3  ,-0.275,-0.25 ,-0.225,-0.2  ,-0.175,-0.15 ,-0.125,-0.1  ,-0.075,-0.05 ,-0.025, 0.   , 0.025, 0.05 , 0.075, 0.1  , 0.125, 0.15 , 0.175, 0.2  , 0.225, 0.25 , 0.275, 0.3  , 0.325, 0.35 , 0.375, 0.4  , 0.425, 0.45 , 0.475, 0.5  
edl:5.01148363e-03,2.45396319e-06,2.82205767e-06,3.68094479e-06,1.73004405e-05,7.36188957e-06,1.57053644e-05,1.34967975e-05,2.69935951e-05,3.06745399e-05,8.66249006e-05,5.04841577e-03,1.11835323e-01,4.64167137e-04,4.08584871e-05,2.07359890e-05,2.08586871e-05,1.00612491e-05,1.59507607e-05,9.81585276e-06,8.58887117e-06,1.22698160e-06,1.22698160e-06,0.00000000e+00,1.22698160e-06,0.00000000e+00,1.10428344e-06,0.00000000e+00,0.00000000e+00,0.00000000e+00,0.00000000e+00,0.00000000e+00,0.00000000e+00,0.00000000e+00,0.00000000e+00,0.00000000e+00,0.00000000e+00,0.00000000e+00,0.00000000e+00,1.22698160e-06
edl_bin_edges:  0.  ,  8.15, 16.3 , 24.45, 32.6 , 40.75, 48.9 , 57.05, 65.2 , 73.35, 81.5 , 89.65, 97.8 ,105.95,114.1 ,122.25,130.4 ,138.55,146.7 ,154.85,163.  ,171.15,179.3 ,187.45,195.6 ,203.75,211.9 ,220.05,228.2 ,236.35,244.5 ,252.65,260.8 ,268.95,277.1 ,285.25,293.4 ,301.55,309.7 ,317.85,326.  
gul: 0., 0., 0., 0., 0., 0., 0., 0., 0., 0., 0., 0., 0., 0., 0., 0., 0., 0., 0., 0.,40., 0., 0., 0., 0., 0., 0., 0., 0., 0., 0., 0., 0., 0., 0., 0., 0., 0., 0., 0.
gul_bin_edges:-0.5  ,-0.475,-0.45 ,-0.425,-0.4  ,-0.375,-0.35 ,-0.325,-0.3  ,-0.275,-0.25 ,-0.225,-0.2  ,-0.175,-0.15 ,-0.125,-0.1  ,-0.075,-0.05 ,-0.025, 0.   , 0.025, 0.05 , 0.075, 0.1  , 0.125, 0.15 , 0.175, 0.2  , 0.225, 0.25 , 0.275, 0.3  , 0.325, 0.35 , 0.375, 0.4  , 0.425, 0.45 , 0.475, 0.5  
gdl:1.75112078e-01,0.00000000e+00,0.00000000e+00,1.27794249e-06,0.00000000e+00,0.00000000e+00,0.00000000e+00,1.64306892e-06,0.00000000e+00,3.65126426e-07,0.00000000e+00,0.00000000e+00,0.00000000e+00,5.11176997e-06,2.19075856e-06,8.21534459e-06,2.79321716e-05,5.62842386e-04,6.79189922e-03,1.91691374e-05,1.64306892e-05,3.10357462e-06,5.47689639e-06,1.82563213e-07,1.82563213e-06,0.00000000e+00,3.10357462e-06,0.00000000e+00,1.82563213e-07,1.82563213e-06,0.00000000e+00,0.00000000e+00,0.00000000e+00,0.00000000e+00,0.00000000e+00,0.00000000e+00,0.00000000e+00,0.00000000e+00,0.00000000e+00,1.82563213e-07
gdl_bin_edges:  0.    ,  5.4775, 10.955 , 16.4325, 21.91  , 27.3875, 32.865 , 38.3425, 43.82  , 49.2975, 54.775 , 60.2525, 65.73  , 71.2075, 76.685 , 82.1625, 87.64  , 93.1175, 98.595 ,104.0725,109.55  ,115.0275,120.505 ,125.9825,131.46  ,136.9375,142.415 ,147.8925,153.37  ,158.8475,164.325 ,169.8025,175.28  ,180.7575,186.235 ,191.7125,197.19  ,202.6675,208.145 ,213.6225,219.1   
ri: 0., 0., 0., 0., 0., 0., 0., 0., 0., 0., 0., 0., 0., 0., 0., 0., 0., 0., 0., 0.,40., 0., 0., 0., 0., 0., 0., 0., 0., 0., 0., 0., 0., 0., 0., 0., 0., 0., 0., 0.
ri_bin_edges:0.5  ,0.525,0.55 ,0.575,0.6  ,0.625,0.65 ,0.675,0.7  ,0.725,0.75 ,0.775,0.8  ,0.825,0.85 ,0.875,0.9  ,0.925,0.95 ,0.975,1.   ,1.025,1.05 ,1.075,1.1  ,1.125,1.15 ,1.175,1.2  ,1.225,1.25 ,1.275,1.3  ,1.325,1.35 ,1.375,1.4  ,1.425,1.45 ,1.475,1.5  
