period:1
ue_log_freq:1000
mac_log_freq:1000
mimo_layers:2
frequency:2412000000.0
bandwidth:50000000
ue_speed:5.555555555555555
max_distance:1000
shannon_cfg_bandwidth_mhz:50.0
shannon_cfg_mimo_layers:2
shannon_cfg_bw_efficiency:0.67
shannon_cfg_sinr_offset_db:0
shannon_cfg_ul_divisor:2
shannon_cfg_sinr_sample_rate:1000
n_ue:3
sinr_period:9.463597741343282
sinr_rate:105.66805852612856
ul_fairness:nan
dl_fairness:0.33333333333333337
ul_agg_throughput:0
dl_agg_throughput:39.728739342300145
ul_ave_throughput:0.0
dl_ave_throughput:13.242913114100048
ul_se:0.0
dl_se:0.7945747868460029
ul_ase:0.0
dl_ase:2.5292100996546094e-07
ul_gr:0.0, 0.0, 0.0
dl_gr:0.104829951700483, 0.104829951700483, 40.25431045689543
ul_tr:0.0, 0.0, 0.0
dl_tr:0.0, 0.0, 40.124827172128285
ul_er:0.0, 0.0, 0.0
dl_er:99.89299007009929, 99.89299007009929, 59.74350956490434
ul_er_ratio:0.0, 0.0, 0.0
dl_er_ratio:1.0, 1.0, 0.5982227352220495
ul_er_perc:0.0, 0.0, 0.0
dl_er_perc:100.0, 100.0, 59.82227352220495
ul_l:0.0, 0.0, 0.0
dl_l:0.0, 0.0, 0.002590552034873651
ul_il:0.0, 0.0, 0.0
dl_il:0.0, 0.0, 0.22869062748142818
sinr_ul:0.01428019,0.0210438 ,0.02313589,0.04873267,0.06952182,0.0389374 ,0.09119786,0.05577947,0.07139219,0.05471915,0.03542717,0.02465501,0.03259967,0.02292953,0.01084461,0.00943525,0.00674605,0.0073695 ,0.00755829,0.00272871,0.00082981,0.00045661,0.0004193 ,0.00039734,0.00037539,0.00036002,0.00035124,0.00034246,0.00033368,0.00032929,0.0003249 ,0.00031831,0.00032051,0.00031173,0.00031392,0.00031392,0.00030953,0.00039734,0.0006015 ,0.00214477
sinr_ul_bin_edges:19.608782  ,21.12718695,22.6455919 ,24.16399685,25.6824018 ,27.20080675,28.7192117 ,30.23761665,31.7560216 ,33.27442655,34.7928315 ,36.31123645,37.8296414 ,39.34804635,40.8664513 ,42.38485625,43.9032612 ,45.42166615,46.9400711 ,48.45847605,49.976881  ,51.49528595,53.0136909 ,54.53209585,56.0505008 ,57.56890575,59.0873107 ,60.60571565,62.1241206 ,63.64252555,65.1609305 ,66.67933545,68.1977404 ,69.71614535,71.2345503 ,72.75295525,74.2713602 ,75.78976515,77.3081701 ,78.82657505,80.34498   
sinr_dl:0.0142782 ,0.02104629,0.02313622,0.0487136 ,0.06954256,0.03895332,0.09125622,0.05572976,0.07139319,0.05471773,0.03543645,0.0246378 ,0.03259794,0.02292766,0.01084037,0.00943538,0.00674395,0.00736961,0.0075606 ,0.00272656,0.00082982,0.00045662,0.0004193 ,0.00039735,0.0003754 ,0.00036003,0.00035125,0.00034247,0.00033368,0.00032929,0.0003249 ,0.00031832,0.00032051,0.00031173,0.00031393,0.00031393,0.00030954,0.00039735,0.00060151,0.0021448 
sinr_dl_bin_edges:29.352549  ,30.87093253,32.38931605,33.90769958,35.4260831 ,36.94446663,38.46285015,39.98123367,41.4996172 ,43.01800073,44.53638425,46.05476778,47.5731513 ,49.09153483,50.60991835,52.12830188,53.6466854 ,55.16506892,56.68345245,58.20183598,59.7202195 ,61.23860303,62.75698655,64.27537007,65.7937536 ,67.31213713,68.83052065,70.34890418,71.8672877 ,73.38567123,74.90405475,76.42243828,77.9408218 ,79.45920532,80.97758885,82.49597238,84.0143559 ,85.53273943,87.05112295,88.56950648,90.08789   
rsrp_ul:0.01425597,0.02107605,0.02310602,0.04755802,0.07091036,0.04172543,0.09749129,0.05045012,0.07139421,0.05381067,0.03559813,0.02361186,0.03225957,0.02298506,0.01047095,0.00938668,0.0067431 ,0.00735671,0.00759204,0.00251382,0.00078736,0.00045306,0.00041787,0.00039368,0.00037608,0.00036289,0.00034969,0.00034309,0.0003343 ,0.0003277 ,0.0003233 ,0.0003211 ,0.0003167 ,0.0003145 ,0.0003145 ,0.0003101 ,0.0003123 ,0.00039808,0.00060481,0.00214433
rsrp_ul_bin_edges:-90.92485   ,-89.40924265,-87.8936353 ,-86.37802795,-84.8624206 ,-83.34681325,-81.8312059 ,-80.31559855,-78.7999912 ,-77.28438385,-75.7687765 ,-74.25316915,-72.7375618 ,-71.22195445,-69.7063471 ,-68.19073975,-66.6751324 ,-65.15952505,-63.6439177 ,-62.12831035,-60.612703  ,-59.09709565,-57.5814883 ,-56.06588095,-54.5502736 ,-53.03466625,-51.5190589 ,-50.00345155,-48.4878442 ,-46.97223685,-45.4566295 ,-43.94102215,-42.4254148 ,-40.90980745,-39.3942001 ,-37.87859275,-36.3629854 ,-34.84737805,-33.3317707 ,-31.81616335,-30.300556  
rsrp_dl:0.01425597,0.02107605,0.02310602,0.04755802,0.07091037,0.04172543,0.09749131,0.05045012,0.07139422,0.05381068,0.03559594,0.02361406,0.03225958,0.02298506,0.01047095,0.00938668,0.0067431 ,0.00735671,0.00759204,0.00251382,0.00078736,0.00045306,0.00041787,0.00039368,0.00037608,0.00036289,0.00034969,0.00034309,0.0003343 ,0.0003277 ,0.0003233 ,0.0003211 ,0.0003167 ,0.0003145 ,0.0003145 ,0.0003101 ,0.0003123 ,0.00039808,0.00060481,0.00214433
rsrp_dl_bin_edges:-87.91455   ,-86.39894285,-84.8833357 ,-83.36772855,-81.8521214 ,-80.33651425,-78.8209071 ,-77.30529995,-75.7896928 ,-74.27408565,-72.7584785 ,-71.24287135,-69.7272642 ,-68.21165705,-66.6960499 ,-65.18044275,-63.6648356 ,-62.14922845,-60.6336213 ,-59.11801415,-57.602407  ,-56.08679985,-54.5711927 ,-53.05558555,-51.5399784 ,-50.02437125,-48.5087641 ,-46.99315695,-45.4775498 ,-43.96194265,-42.4463355 ,-40.93072835,-39.4151212 ,-37.89951405,-36.3839069 ,-34.86829975,-33.3526926 ,-31.83708545,-30.3214783 ,-28.80587115,-27.290264  
cqi_ul: 0., 0., 0., 0., 0., 0., 0., 0., 0., 0., 0., 0., 0., 0., 0., 0., 0., 0., 0., 0.,40., 0., 0., 0., 0., 0., 0., 0., 0., 0., 0., 0., 0., 0., 0., 0., 0., 0., 0., 0.
cqi_ul_bin_edges:14.5  ,14.525,14.55 ,14.575,14.6  ,14.625,14.65 ,14.675,14.7  ,14.725,14.75 ,14.775,14.8  ,14.825,14.85 ,14.875,14.9  ,14.925,14.95 ,14.975,15.   ,15.025,15.05 ,15.075,15.1  ,15.125,15.15 ,15.175,15.2  ,15.225,15.25 ,15.275,15.3  ,15.325,15.35 ,15.375,15.4  ,15.425,15.45 ,15.475,15.5  
cqi_dl: 0., 0., 0., 0., 0., 0., 0., 0., 0., 0., 0., 0., 0., 0., 0., 0., 0., 0., 0., 0.,40., 0., 0., 0., 0., 0., 0., 0., 0., 0., 0., 0., 0., 0., 0., 0., 0., 0., 0., 0.
cqi_dl_bin_edges:14.5  ,14.525,14.55 ,14.575,14.6  ,14.625,14.65 ,14.675,14.7  ,14.725,14.75 ,14.775,14.8  ,14.825,14.85 ,14.875,14.9  ,14.925,14.95 ,14.975,15.   ,15.025,15.05 ,15.075,15.1  ,15.125,15.15 ,15.175,15.2  ,15.225,15.25 ,15.275,15.3  ,15.325,15.35 ,15.375,15.4  ,15.425,15.45 ,15.475,15.5  
mcs_ul: 0., 0., 0., 0., 0., 0., 0., 0., 0., 0., 0., 0., 0., 0., 0., 0., 0., 0., 0., 0.,40., 0., 0., 0., 0., 0., 0., 0., 0., 0., 0., 0., 0., 0., 0., 0., 0., 0., 0., 0.
mcs_ul_bin_edges:27.5  ,27.525,27.55 ,27.575,27.6  ,27.625,27.65 ,27.675,27.7  ,27.725,27.75 ,27.775,27.8  ,27.825,27.85 ,27.875,27.9  ,27.925,27.95 ,27.975,28.   ,28.025,28.05 ,28.075,28.1  ,28.125,28.15 ,28.175,28.2  ,28.225,28.25 ,28.275,28.3  ,28.325,28.35 ,28.375,28.4  ,28.425,28.45 ,28.475,28.5  
mcs_dl: 0., 0., 0., 0., 0., 0., 0., 0., 0., 0., 0., 0., 0., 0., 0., 0., 0., 0., 0., 0.,40., 0., 0., 0., 0., 0., 0., 0., 0., 0., 0., 0., 0., 0., 0., 0., 0., 0., 0., 0.
mcs_dl_bin_edges:27.5  ,27.525,27.55 ,27.575,27.6  ,27.625,27.65 ,27.675,27.7  ,27.725,27.75 ,27.775,27.8  ,27.825,27.85 ,27.875,27.9  ,27.925,27.95 ,27.975,28.   ,28.025,28.05 ,28.075,28.1  ,28.125,28.15 ,28.175,28.2  ,28.225,28.25 ,28.275,28.3  ,28.325,28.35 ,28.375,28.4  ,28.425,28.45 ,28.475,28.5  
eff_ul: 0., 0., 0., 0., 0., 0., 0., 0., 0., 0., 0., 0., 0., 0., 0., 0., 0., 0., 0., 0.,40., 0., 0., 0., 0., 0., 0., 0., 0., 0., 0., 0., 0., 0., 0., 0., 0., 0., 0., 0.
eff_ul_bin_edges:5.0545974,5.0795974,5.1045974,5.1295974,5.1545974,5.1795974,5.2045974,5.2295974,5.2545974,5.2795974,5.3045974,5.3295974,5.3545974,5.3795974,5.4045974,5.4295974,5.4545974,5.4795974,5.5045974,5.5295974,5.5545974,5.5795974,5.6045974,5.6295974,5.6545974,5.6795974,5.7045974,5.7295974,5.7545974,5.7795974,5.8045974,5.8295974,5.8545974,5.8795974,5.9045974,5.9295974,5.9545974,5.9795974,6.0045974,6.0295974,6.0545974
eff_dl: 0., 0., 0., 0., 0., 0., 0., 0., 0., 0., 0., 0., 0., 0., 0., 0., 0., 0., 0., 0.,40., 0., 0., 0., 0., 0., 0., 0., 0., 0., 0., 0., 0., 0., 0., 0., 0., 0., 0., 0.
eff_dl_bin_edges:5.0545974,5.0795974,5.1045974,5.1295974,5.1545974,5.1795974,5.2045974,5.2295974,5.2545974,5.2795974,5.3045974,5.3295974,5.3545974,5.3795974,5.4045974,5.4295974,5.4545974,5.4795974,5.5045974,5.5295974,5.5545974,5.5795974,5.6045974,5.6295974,5.6545974,5.6795974,5.7045974,5.7295974,5.7545974,5.7795974,5.8045974,5.8295974,5.8545974,5.8795974,5.9045974,5.9295974,5.9545974,5.9795974,6.0045974,6.0295974,6.0545974
rul: 0., 0., 0., 0., 0., 0., 0., 0., 0., 0., 0., 0., 0., 0., 0., 0., 0., 0., 0., 0.,40., 0., 0., 0., 0., 0., 0., 0., 0., 0., 0., 0., 0., 0., 0., 0., 0., 0., 0., 0.
rul_bin_edges:-0.5  ,-0.475,-0.45 ,-0.425,-0.4  ,-0.375,-0.35 ,-0.325,-0.3  ,-0.275,-0.25 ,-0.225,-0.2  ,-0.175,-0.15 ,-0.125,-0.1  ,-0.075,-0.05 ,-0.025, 0.   , 0.025, 0.05 , 0.075, 0.1  , 0.125, 0.15 , 0.175, 0.2  , 0.225, 0.25 , 0.275, 0.3  , 0.325, 0.35 , 0.375, 0.4  , 0.425, 0.45 , 0.475, 0.5  
rdl:0.36906141,0.        ,0.        ,0.        ,0.        ,0.        ,0.        ,0.        ,0.        ,0.        ,0.        ,0.        ,0.        ,0.        ,0.        ,0.        ,0.        ,0.        ,0.        ,0.0925914 ,0.        ,0.        ,0.        ,0.        ,0.        ,0.        ,0.        ,0.        ,0.        ,0.        ,0.        ,0.        ,0.        ,0.        ,0.        ,0.        ,0.        ,0.        ,0.        ,0.03677173
rdl_bin_edges: 0.        , 2.00632175, 4.0126435 , 6.01896525, 8.025287  ,10.03160875,12.0379305 ,14.04425225,16.050574  ,18.05689575,20.0632175 ,22.06953925,24.075861  ,26.08218275,28.0885045 ,30.09482625,32.101148  ,34.10746975,36.1137915 ,38.12011325,40.126435  ,42.13275675,44.1390785 ,46.14540025,48.151722  ,50.15804375,52.1643655 ,54.17068725,56.177009  ,58.18333075,60.1896525 ,62.19597425,64.202296  ,66.20861775,68.2149395 ,70.22126125,72.227583  ,74.23390475,76.2402265 ,78.24654825,80.25287   
lul: 0., 0., 0., 0., 0., 0., 0., 0., 0., 0., 0., 0., 0., 0., 0., 0., 0., 0., 0., 0.,40., 0., 0., 0., 0., 0., 0., 0., 0., 0., 0., 0., 0., 0., 0., 0., 0., 0., 0., 0.
lul_bin_edges:-0.5  ,-0.475,-0.45 ,-0.425,-0.4  ,-0.375,-0.35 ,-0.325,-0.3  ,-0.275,-0.25 ,-0.225,-0.2  ,-0.175,-0.15 ,-0.125,-0.1  ,-0.075,-0.05 ,-0.025, 0.   , 0.025, 0.05 , 0.075, 0.1  , 0.125, 0.15 , 0.175, 0.2  , 0.225, 0.25 , 0.275, 0.3  , 0.325, 0.35 , 0.375, 0.4  , 0.425, 0.45 , 0.475, 0.5  
ldl:6.67031202e+03,0.00000000e+00,0.00000000e+00,0.00000000e+00,0.00000000e+00,0.00000000e+00,0.00000000e+00,0.00000000e+00,0.00000000e+00,0.00000000e+00,0.00000000e+00,0.00000000e+00,0.00000000e+00,0.00000000e+00,0.00000000e+00,0.00000000e+00,0.00000000e+00,0.00000000e+00,0.00000000e+00,0.00000000e+00,0.00000000e+00,0.00000000e+00,0.00000000e+00,0.00000000e+00,0.00000000e+00,0.00000000e+00,0.00000000e+00,1.24524662e+03,2.10193546e-01,6.00552989e-02,2.70248845e-01,6.63340804e+02,8.70801834e-01,3.00276494e-02,1.20110598e-01,3.31535277e+02,9.63587270e+01,0.00000000e+00,0.00000000e+00,3.00276494e-02
ldl_bin_edges:0.        ,0.00011101,0.00022202,0.00033302,0.00044403,0.00055504,0.00066605,0.00077705,0.00088806,0.00099907,0.00111008,0.00122108,0.00133209,0.0014431 ,0.00155411,0.00166512,0.00177612,0.00188713,0.00199814,0.00210915,0.00222015,0.00233116,0.00244217,0.00255318,0.00266418,0.00277519,0.0028862 ,0.00299721,0.00310822,0.00321922,0.00333023,0.00344124,0.00355225,0.00366325,0.00377426,0.00388527,0.00399628,0.00410728,0.00421829,0.0043293 ,0.00444031
ilul: 0., 0., 0., 0., 0., 0., 0., 0., 0., 0., 0., 0., 0., 0., 0., 0., 0., 0., 0., 0.,40., 0., 0., 0., 0., 0., 0., 0., 0., 0., 0., 0., 0., 0., 0., 0., 0., 0., 0., 0.
ilul_bin_edges:-0.5  ,-0.475,-0.45 ,-0.425,-0.4  ,-0.375,-0.35 ,-0.325,-0.3  ,-0.275,-0.25 ,-0.225,-0.2  ,-0.175,-0.15 ,-0.125,-0.1  ,-0.075,-0.05 ,-0.025, 0.   , 0.025, 0.05 , 0.075, 0.1  , 0.125, 0.15 , 0.175, 0.2  , 0.225, 0.25 , 0.275, 0.3  , 0.325, 0.35 , 0.375, 0.4  , 0.425, 0.45 , 0.475, 0.5  
ildl:9.11389041e+01,3.69239211e-03,4.10265790e-03,4.10265790e-03,4.10265790e-03,4.92318948e-03,4.51292369e-03,3.69239211e-03,4.92318948e-03,3.69239211e-03,4.51292369e-03,3.69239211e-03,5.74372106e-03,3.69239211e-03,4.51292369e-03,4.10265790e-03,4.10265790e-03,3.28212632e-03,4.51292369e-03,4.51292369e-03,4.10265790e-03,4.51292369e-03,3.69239211e-03,4.10265790e-03,4.10265790e-03,3.69239211e-03,4.10265790e-03,3.69239211e-03,3.28212632e-03,4.10265790e-03,4.92318948e-03,4.10265790e-03,1.79163070e+00,4.26307182e+00,4.33815046e+00,4.39271581e+00,4.37097172e+00,4.53589857e+00,4.52974458e+00,3.59105646e+00
ildl_bin_edges:0.        ,0.00812473,0.01624947,0.0243742 ,0.03249893,0.04062367,0.0487484 ,0.05687313,0.06499786,0.0731226 ,0.08124733,0.08937206,0.0974968 ,0.10562153,0.11374626,0.121871  ,0.12999573,0.13812046,0.14624519,0.15436993,0.16249466,0.17061939,0.17874413,0.18686886,0.19499359,0.20311833,0.21124306,0.21936779,0.22749252,0.23561726,0.24374199,0.25186672,0.25999146,0.26811619,0.27624092,0.28436565,0.29249039,0.30061512,0.30873985,0.31686459,0.32498932
eul: 0., 0., 0., 0., 0., 0., 0., 0., 0., 0., 0., 0., 0., 0., 0., 0., 0., 0., 0., 0.,40., 0., 0., 0., 0., 0., 0., 0., 0., 0., 0., 0., 0., 0., 0., 0., 0., 0., 0., 0.
eul_bin_edges:-0.5  ,-0.475,-0.45 ,-0.425,-0.4  ,-0.375,-0.35 ,-0.325,-0.3  ,-0.275,-0.25 ,-0.225,-0.2  ,-0.175,-0.15 ,-0.125,-0.1  ,-0.075,-0.05 ,-0.025, 0.   , 0.025, 0.05 , 0.075, 0.1  , 0.125, 0.15 , 0.175, 0.2  , 0.225, 0.25 , 0.275, 0.3  , 0.325, 0.35 , 0.375, 0.4  , 0.425, 0.45 , 0.475, 0.5  
edl:2.75094988e-02,0.00000000e+00,1.35983682e-06,0.00000000e+00,0.00000000e+00,0.00000000e+00,0.00000000e+00,0.00000000e+00,0.00000000e+00,2.03975523e-06,0.00000000e+00,1.35983682e-06,0.00000000e+00,0.00000000e+00,0.00000000e+00,1.35983682e-06,4.07951045e-06,1.90377155e-05,7.34311882e-05,4.92872855e-03,1.70903611e-01,4.46026476e-04,6.39123305e-05,1.29184498e-05,4.75942886e-06,0.00000000e+00,0.00000000e+00,0.00000000e+00,2.03975523e-06,0.00000000e+00,0.00000000e+00,1.35983682e-06,0.00000000e+00,0.00000000e+00,0.00000000e+00,0.00000000e+00,0.00000000e+00,0.00000000e+00,0.00000000e+00,2.03975523e-06
edl_bin_edges:  0.    ,  4.9025,  9.805 , 14.7075, 19.61  , 24.5125, 29.415 , 34.3175, 39.22  , 44.1225, 49.025 , 53.9275, 58.83  , 63.7325, 68.635 , 73.5375, 78.44  , 83.3425, 88.245 , 93.1475, 98.05  ,102.9525,107.855 ,112.7575,117.66  ,122.5625,127.465 ,132.3675,137.27  ,142.1725,147.075 ,151.9775,156.88  ,161.7825,166.685 ,171.5875,176.49  ,181.3925,186.295 ,191.1975,196.1   
gul: 0., 0., 0., 0., 0., 0., 0., 0., 0., 0., 0., 0., 0., 0., 0., 0., 0., 0., 0., 0.,40., 0., 0., 0., 0., 0., 0., 0., 0., 0., 0., 0., 0., 0., 0., 0., 0., 0., 0., 0.
gul_bin_edges:-0.5  ,-0.475,-0.45 ,-0.425,-0.4  ,-0.375,-0.35 ,-0.325,-0.3  ,-0.275,-0.25 ,-0.225,-0.2  ,-0.175,-0.15 ,-0.125,-0.1  ,-0.075,-0.05 ,-0.025, 0.   , 0.025, 0.05 , 0.075, 0.1  , 0.125, 0.15 , 0.175, 0.2  , 0.225, 0.25 , 0.275, 0.3  , 0.325, 0.35 , 0.375, 0.4  , 0.425, 0.45 , 0.475, 0.5  
gdl:2.26036494e-01,0.00000000e+00,8.70881777e-07,0.00000000e+00,0.00000000e+00,0.00000000e+00,0.00000000e+00,0.00000000e+00,0.00000000e+00,0.00000000e+00,0.00000000e+00,0.00000000e+00,0.00000000e+00,0.00000000e+00,8.70881777e-07,0.00000000e+00,0.00000000e+00,0.00000000e+00,0.00000000e+00,0.00000000e+00,8.70881777e-07,2.61264533e-06,4.35440888e-06,6.09617244e-06,3.91896800e-05,1.01901877e-02,2.49141859e-02,5.22529066e-05,1.04505813e-05,3.48352711e-06,2.61264533e-06,1.74176355e-06,0.00000000e+00,0.00000000e+00,0.00000000e+00,0.00000000e+00,0.00000000e+00,0.00000000e+00,0.00000000e+00,8.70881777e-07
gdl_bin_edges:  0.    ,  3.8275,  7.655 , 11.4825, 15.31  , 19.1375, 22.965 , 26.7925, 30.62  , 34.4475, 38.275 , 42.1025, 45.93  , 49.7575, 53.585 , 57.4125, 61.24  , 65.0675, 68.895 , 72.7225, 76.55  , 80.3775, 84.205 , 88.0325, 91.86  , 95.6875, 99.515 ,103.3425,107.17  ,110.9975,114.825 ,118.6525,122.48  ,126.3075,130.135 ,133.9625,137.79  ,141.6175,145.445 ,149.2725,153.1   
ri: 0., 0., 0., 0., 0., 0., 0., 0., 0., 0., 0., 0., 0., 0., 0., 0., 0., 0., 0., 0.,40., 0., 0., 0., 0., 0., 0., 0., 0., 0., 0., 0., 0., 0., 0., 0., 0., 0., 0., 0.
ri_bin_edges:0.5  ,0.525,0.55 ,0.575,0.6  ,0.625,0.65 ,0.675,0.7  ,0.725,0.75 ,0.775,0.8  ,0.825,0.85 ,0.875,0.9  ,0.925,0.95 ,0.975,1.   ,1.025,1.05 ,1.075,1.1  ,1.125,1.15 ,1.175,1.2  ,1.225,1.25 ,1.275,1.3  ,1.325,1.35 ,1.375,1.4  ,1.425,1.45 ,1.475,1.5  
