period:1
ue_log_freq:1000
mac_log_freq:1000
mimo_layers:2
frequency:2412000000.0
bandwidth:50000000
ue_speed:5.555555555555555
max_distance:1000
shannon_cfg_bandwidth_mhz:50.0
shannon_cfg_mimo_layers:2
shannon_cfg_bw_efficiency:0.67
shannon_cfg_sinr_offset_db:0
shannon_cfg_ul_divisor:2
shannon_cfg_sinr_sample_rate:1000
n_ue:2
sinr_period:9.463597741343282
sinr_rate:105.66805852612856
ul_fairness:nan
dl_fairness:0.5
ul_agg_throughput:0
dl_agg_throughput:39.728739342300145
ul_ave_throughput:0.0
dl_ave_throughput:19.864369671150072
ul_se:0.0
dl_se:0.7945747868460029
ul_ase:0.0
dl_ase:2.5292100996546094e-07
ul_gr:0.0, 0.0
dl_gr:0.10561694383056171, 40.25423545764542
ul_tr:0.0, 0.0
dl_tr:0.0, 40.124826515634844
ul_er:0.0, 0.0
dl_er:99.89199008009919, 59.74337156628434
ul_er_ratio:0.0, 0.0
dl_er_ratio:1.0, 0.5982221839757083
ul_er_perc:0.0, 0.0
dl_er_perc:100.0, 59.82221839757082
ul_l:0.0, 0.0
dl_l:0.0, 0.002714098485453145
ul_il:0.0, 0.0
dl_il:0.0, 0.2484059430685253
sinr_ul:0.01072267,0.0299763 ,0.03583007,0.02995549,0.02235391,0.04154513,0.05325267,0.05566631,0.18068315,0.08691185,0.02197938,0.07080704,0.09626124,0.18653692,0.06416953,0.02979597,0.06160331,0.05602003,0.04219709,0.02025238,0.02453867,0.02043965,0.01348309,0.00245525,0.002483  ,0.00813563,0.01328196,0.01007764,0.00955052,0.00833677,0.00733802,0.00818418,0.01362181,0.0047926 ,0.00571506,0.00817725,0.00760158,0.00697043,0.00742819,0.0080316 
sinr_ul_bin_edges:18.73327   ,19.45416565,20.1750613 ,20.89595695,21.6168526 ,22.33774825,23.0586439 ,23.77953955,24.5004352 ,25.22133085,25.9422265 ,26.66312215,27.3840178 ,28.10491345,28.8258091 ,29.54670475,30.2676004 ,30.98849605,31.7093917 ,32.43028735,33.151183  ,33.87207865,34.5929743 ,35.31386995,36.0347656 ,36.75566125,37.4765569 ,38.19745255,38.9183482 ,39.63924385,40.3601395 ,41.08103515,41.8019308 ,42.52282645,43.2437221 ,43.96461775,44.6855134 ,45.40640905,46.1273047 ,46.84820035,47.569096  
sinr_dl:0.01072302,0.0299773 ,0.0358174 ,0.02997037,0.02234079,0.04153958,0.05327526,0.05564736,0.18069613,0.08691475,0.02196625,0.07085103,0.09635462,0.1864738 ,0.06417168,0.02976922,0.06163311,0.05605658,0.04215688,0.02022532,0.02455337,0.02043339,0.01347661,0.00246227,0.00247614,0.0081359 ,0.01328934,0.01007798,0.00954391,0.00833705,0.0073452 ,0.00817752,0.01362226,0.00479276,0.00571525,0.00817752,0.00760183,0.00697066,0.00742843,0.00803186
sinr_dl_bin_edges:28.476154  ,29.19702555,29.9178971 ,30.63876865,31.3596402 ,32.08051175,32.8013833 ,33.52225485,34.2431264 ,34.96399795,35.6848695 ,36.40574105,37.1266126 ,37.84748415,38.5683557 ,39.28922725,40.0100988 ,40.73097035,41.4518419 ,42.17271345,42.893585  ,43.61445655,44.3353281 ,45.05619965,45.7770712 ,46.49794275,47.2188143 ,47.93968585,48.6605574 ,49.38142895,50.1023005 ,50.82317205,51.5440436 ,52.26491515,52.9857867 ,53.70665825,54.4275298 ,55.14840135,55.8692729 ,56.59014445,57.311016  
rsrp_ul:0.01073459,0.02978656,0.03374324,0.03224555,0.02230509,0.04101573,0.05355451,0.05475266,0.18026581,0.08993786,0.02168512,0.07361655,0.11079402,0.17650418,0.06456773,0.02826798,0.06380844,0.06479064,0.03021149,0.01975554,0.02573236,0.02006204,0.01249698,0.00245899,0.00247989,0.00872838,0.01327717,0.00997529,0.00952947,0.00824076,0.00734912,0.00825469,0.01349312,0.00479957,0.00575391,0.00826166,0.00753023,0.00697992,0.00742574,0.00803875
rsrp_ul_bin_edges:-91.915085 ,-91.1973188,-90.4795526,-89.7617864,-89.0440202,-88.326254 ,-87.6084878,-86.8907216,-86.1729554,-85.4551892,-84.737423 ,-84.0196568,-83.3018906,-82.5841244,-81.8663582,-81.148592 ,-80.4308258,-79.7130596,-78.9952934,-78.2775272,-77.559761 ,-76.8419948,-76.1242286,-75.4064624,-74.6886962,-73.97093  ,-73.2531638,-72.5353976,-71.8176314,-71.0998652,-70.382099 ,-69.6643328,-68.9465666,-68.2288004,-67.5110342,-66.793268 ,-66.0755018,-65.3577356,-64.6399694,-63.9222032,-63.204437 
rsrp_dl:0.01073459,0.02978656,0.03374324,0.03224555,0.02230509,0.04101573,0.05355451,0.05475266,0.18026582,0.08993786,0.02168512,0.07361655,0.11079403,0.17650418,0.06456774,0.02826798,0.06380844,0.06479065,0.03021149,0.01975554,0.02573236,0.02006204,0.01249698,0.00245899,0.00247989,0.00872838,0.01327717,0.00997529,0.00952947,0.00824076,0.00734912,0.00825469,0.01349312,0.00479957,0.00575391,0.00826166,0.00753023,0.00697992,0.00742574,0.00803875
rsrp_dl_bin_edges:-88.904785  ,-88.18701883,-87.46925265,-86.75148648,-86.0337203 ,-85.31595413,-84.59818795,-83.88042178,-83.1626556 ,-82.44488942,-81.72712325,-81.00935707,-80.2915909 ,-79.57382473,-78.85605855,-78.13829238,-77.4205262 ,-76.70276003,-75.98499385,-75.26722768,-74.5494615 ,-73.83169532,-73.11392915,-72.39616298,-71.6783968 ,-70.96063063,-70.24286445,-69.52509828,-68.8073321 ,-68.08956593,-67.37179975,-66.65403357,-65.9362674 ,-65.21850122,-64.50073505,-63.78296888,-63.0652027 ,-62.34743653,-61.62967035,-60.91190418,-60.194138  
cqi_ul: 0., 0., 0., 0., 0., 0., 0., 0., 0., 0., 0., 0., 0., 0., 0., 0., 0., 0., 0., 0.,40., 0., 0., 0., 0., 0., 0., 0., 0., 0., 0., 0., 0., 0., 0., 0., 0., 0., 0., 0.
cqi_ul_bin_edges:14.5  ,14.525,14.55 ,14.575,14.6  ,14.625,14.65 ,14.675,14.7  ,14.725,14.75 ,14.775,14.8  ,14.825,14.85 ,14.875,14.9  ,14.925,14.95 ,14.975,15.   ,15.025,15.05 ,15.075,15.1  ,15.125,15.15 ,15.175,15.2  ,15.225,15.25 ,15.275,15.3  ,15.325,15.35 ,15.375,15.4  ,15.425,15.45 ,15.475,15.5  
cqi_dl: 0., 0., 0., 0., 0., 0., 0., 0., 0., 0., 0., 0., 0., 0., 0., 0., 0., 0., 0., 0.,40., 0., 0., 0., 0., 0., 0., 0., 0., 0., 0., 0., 0., 0., 0., 0., 0., 0., 0., 0.
cqi_dl_bin_edges:14.5  ,14.525,14.55 ,14.575,14.6  ,14.625,14.65 ,14.675,14.7  ,14.725,14.75 ,14.775,14.8  ,14.825,14.85 ,14.875,14.9  ,14.925,14.95 ,14.975,15.   ,15.025,15.05 ,15.075,15.1  ,15.125,15.15 ,15.175,15.2  ,15.225,15.25 ,15.275,15.3  ,15.325,15.35 ,15.375,15.4  ,15.425,15.45 ,15.475,15.5  
mcs_ul: 0., 0., 0., 0., 0., 0., 0., 0., 0., 0., 0., 0., 0., 0., 0., 0., 0., 0., 0., 0.,40., 0., 0., 0., 0., 0., 0., 0., 0., 0., 0., 0., 0., 0., 0., 0., 0., 0., 0., 0.
mcs_ul_bin_edges:27.5  ,27.525,27.55 ,27.575,27.6  ,27.625,27.65 ,27.675,27.7  ,27.725,27.75 ,27.775,27.8  ,27.825,27.85 ,27.875,27.9  ,27.925,27.95 ,27.975,28.   ,28.025,28.05 ,28.075,28.1  ,28.125,28.15 ,28.175,28.2  ,28.225,28.25 ,28.275,28.3  ,28.325,28.35 ,28.375,28.4  ,28.425,28.45 ,28.475,28.5  
mcs_dl: 0., 0., 0., 0., 0., 0., 0., 0., 0., 0., 0., 0., 0., 0., 0., 0., 0., 0., 0., 0.,40., 0., 0., 0., 0., 0., 0., 0., 0., 0., 0., 0., 0., 0., 0., 0., 0., 0., 0., 0.
mcs_dl_bin_edges:27.5  ,27.525,27.55 ,27.575,27.6  ,27.625,27.65 ,27.675,27.7  ,27.725,27.75 ,27.775,27.8  ,27.825,27.85 ,27.875,27.9  ,27.925,27.95 ,27.975,28.   ,28.025,28.05 ,28.075,28.1  ,28.125,28.15 ,28.175,28.2  ,28.225,28.25 ,28.275,28.3  ,28.325,28.35 ,28.375,28.4  ,28.425,28.45 ,28.475,28.5  
eff_ul: 0., 0., 0., 0., 0., 0., 0., 0., 0., 0., 0., 0., 0., 0., 0., 0., 0., 0., 0., 0.,40., 0., 0., 0., 0., 0., 0., 0., 0., 0., 0., 0., 0., 0., 0., 0., 0., 0., 0., 0.
eff_ul_bin_edges:5.0545974,5.0795974,5.1045974,5.1295974,5.1545974,5.1795974,5.2045974,5.2295974,5.2545974,5.2795974,5.3045974,5.3295974,5.3545974,5.3795974,5.4045974,5.4295974,5.4545974,5.4795974,5.5045974,5.5295974,5.5545974,5.5795974,5.6045974,5.6295974,5.6545974,5.6795974,5.7045974,5.7295974,5.7545974,5.7795974,5.8045974,5.8295974,5.8545974,5.8795974,5.9045974,5.9295974,5.9545974,5.9795974,6.0045974,6.0295974,6.0545974
eff_dl: 0., 0., 0., 0., 0., 0., 0., 0., 0., 0., 0., 0., 0., 0., 0., 0., 0., 0., 0., 0.,40., 0., 0., 0., 0., 0., 0., 0., 0., 0., 0., 0., 0., 0., 0., 0., 0., 0., 0., 0.
eff_dl_bin_edges:5.0545974,5.0795974,5.1045974,5.1295974,5.1545974,5.1795974,5.2045974,5.2295974,5.2545974,5.2795974,5.3045974,5.3295974,5.3545974,5.3795974,5.4045974,5.4295974,5.4545974,5.4795974,5.5045974,5.5295974,5.5545974,5.5795974,5.6045974,5.6295974,5.6545974,5.6795974,5.7045974,5.7295974,5.7545974,5.7795974,5.8045974,5.8295974,5.8545974,5.8795974,5.9045974,5.9295974,5.9545974,5.9795974,6.0045974,6.0295974,6.0545974
rul: 0., 0., 0., 0., 0., 0., 0., 0., 0., 0., 0., 0., 0., 0., 0., 0., 0., 0., 0., 0.,40., 0., 0., 0., 0., 0., 0., 0., 0., 0., 0., 0., 0., 0., 0., 0., 0., 0., 0., 0.
rul_bin_edges:-0.5  ,-0.475,-0.45 ,-0.425,-0.4  ,-0.375,-0.35 ,-0.325,-0.3  ,-0.275,-0.25 ,-0.225,-0.2  ,-0.175,-0.15 ,-0.125,-0.1  ,-0.075,-0.05 ,-0.025, 0.   , 0.025, 0.05 , 0.075, 0.1  , 0.125, 0.15 , 0.175, 0.2  , 0.225, 0.25 , 0.275, 0.3  , 0.325, 0.35 , 0.375, 0.4  , 0.425, 0.45 , 0.475, 0.5  
rdl:1.91992676e-01,0.00000000e+00,0.00000000e+00,0.00000000e+00,0.00000000e+00,0.00000000e+00,0.00000000e+00,0.00000000e+00,0.00000000e+00,0.00000000e+00,0.00000000e+00,0.00000000e+00,0.00000000e+00,1.14446980e-01,0.00000000e+00,0.00000000e+00,0.00000000e+00,0.00000000e+00,0.00000000e+00,0.00000000e+00,0.00000000e+00,0.00000000e+00,0.00000000e+00,0.00000000e+00,0.00000000e+00,0.00000000e+00,2.58413659e-02,0.00000000e+00,0.00000000e+00,0.00000000e+00,0.00000000e+00,0.00000000e+00,0.00000000e+00,0.00000000e+00,0.00000000e+00,0.00000000e+00,0.00000000e+00,0.00000000e+00,0.00000000e+00,1.66139680e-06
rdl_bin_edges:  0.        ,  3.00948575,  6.0189715 ,  9.02845725, 12.037943  , 15.04742875, 18.0569145 , 21.06640025, 24.075886  , 27.08537175, 30.0948575 , 33.10434325, 36.113829  , 39.12331475, 42.1328005 , 45.14228625, 48.151772  , 51.16125775, 54.1707435 , 57.18022925, 60.189715  , 63.19920075, 66.2086865 , 69.21817225, 72.227658  , 75.23714375, 78.2466295 , 81.25611525, 84.265601  , 87.27508675, 90.2845725 , 93.29405825, 96.303544  , 99.31302975,102.3225155 ,105.33200125,108.341487  ,111.35097275,114.3604585 ,117.36994425,120.37943   
lul: 0., 0., 0., 0., 0., 0., 0., 0., 0., 0., 0., 0., 0., 0., 0., 0., 0., 0., 0., 0.,40., 0., 0., 0., 0., 0., 0., 0., 0., 0., 0., 0., 0., 0., 0., 0., 0., 0., 0., 0.
lul_bin_edges:-0.5  ,-0.475,-0.45 ,-0.425,-0.4  ,-0.375,-0.35 ,-0.325,-0.3  ,-0.275,-0.25 ,-0.225,-0.2  ,-0.175,-0.15 ,-0.125,-0.1  ,-0.075,-0.05 ,-0.025, 0.   , 0.025, 0.05 , 0.075, 0.1  , 0.125, 0.15 , 0.175, 0.2  , 0.225, 0.25 , 0.275, 0.3  , 0.325, 0.35 , 0.375, 0.4  , 0.425, 0.45 , 0.475, 0.5  
ldl:5.56457625e+03,0.00000000e+00,0.00000000e+00,0.00000000e+00,0.00000000e+00,0.00000000e+00,0.00000000e+00,0.00000000e+00,0.00000000e+00,0.00000000e+00,0.00000000e+00,0.00000000e+00,0.00000000e+00,0.00000000e+00,0.00000000e+00,0.00000000e+00,0.00000000e+00,0.00000000e+00,0.00000000e+00,0.00000000e+00,0.00000000e+00,0.00000000e+00,0.00000000e+00,0.00000000e+00,0.00000000e+00,0.00000000e+00,0.00000000e+00,0.00000000e+00,2.54881967e+03,2.75578006e+02,9.63054361e-01,9.63054361e-02,2.88916308e-01,7.40155429e+02,8.08965664e+00,3.85221745e-01,3.37069026e-01,1.26641649e+01,4.78638018e+02,4.81527181e-02
ldl_bin_edges:0.        ,0.00010384,0.00020767,0.00031151,0.00041534,0.00051918,0.00062301,0.00072685,0.00083068,0.00093452,0.00103835,0.00114219,0.00124602,0.00134986,0.00145369,0.00155753,0.00166136,0.0017652 ,0.00186903,0.00197287,0.00207671,0.00218054,0.00228438,0.00238821,0.00249205,0.00259588,0.00269972,0.00280355,0.00290739,0.00301122,0.00311506,0.00321889,0.00332273,0.00342656,0.0035304 ,0.00363423,0.00373807,0.0038419 ,0.00394574,0.00404958,0.00415341
ilul: 0., 0., 0., 0., 0., 0., 0., 0., 0., 0., 0., 0., 0., 0., 0., 0., 0., 0., 0., 0.,40., 0., 0., 0., 0., 0., 0., 0., 0., 0., 0., 0., 0., 0., 0., 0., 0., 0., 0., 0.
ilul_bin_edges:-0.5  ,-0.475,-0.45 ,-0.425,-0.4  ,-0.375,-0.35 ,-0.325,-0.3  ,-0.275,-0.25 ,-0.225,-0.2  ,-0.175,-0.15 ,-0.125,-0.1  ,-0.075,-0.05 ,-0.025, 0.   , 0.025, 0.05 , 0.075, 0.1  , 0.125, 0.15 , 0.175, 0.2  , 0.225, 0.25 , 0.275, 0.3  , 0.325, 0.35 , 0.375, 0.4  , 0.425, 0.45 , 0.475, 0.5  
ildl:7.12849513e+01,6.78510704e-03,6.78510704e-03,5.55145121e-03,4.93462330e-03,5.55145121e-03,7.40193495e-03,6.16827912e-03,4.93462330e-03,8.01876286e-03,7.40193495e-03,6.78510704e-03,5.55145121e-03,7.40193495e-03,5.55145121e-03,5.55145121e-03,7.40193495e-03,6.16827912e-03,6.16827912e-03,6.16827912e-03,6.78510704e-03,5.55145121e-03,4.93462330e-03,8.63559077e-03,6.16827912e-03,6.78510704e-03,5.55145121e-03,6.78510704e-03,7.40193495e-03,6.78510704e-03,6.16827912e-03,6.78510704e-03,2.12990678e+00,6.54762829e+00,6.74377957e+00,7.30756028e+00,7.31002759e+00,8.03418356e+00,7.56292703e+00,6.24723310e+00
ildl_bin_edges:0.        ,0.00810591,0.01621181,0.02431772,0.03242363,0.04052954,0.04863544,0.05674135,0.06484726,0.07295317,0.08105907,0.08916498,0.09727089,0.1053768 ,0.1134827 ,0.12158861,0.12969452,0.13780043,0.14590633,0.15401224,0.16211815,0.17022406,0.17832996,0.18643587,0.19454178,0.20264769,0.21075359,0.2188595 ,0.22696541,0.23507132,0.24317722,0.25128313,0.25938904,0.26749495,0.27560085,0.28370676,0.29181267,0.29991858,0.30802448,0.31613039,0.3242363 
eul: 0., 0., 0., 0., 0., 0., 0., 0., 0., 0., 0., 0., 0., 0., 0., 0., 0., 0., 0., 0.,40., 0., 0., 0., 0., 0., 0., 0., 0., 0., 0., 0., 0., 0., 0., 0., 0., 0., 0., 0.
eul_bin_edges:-0.5  ,-0.475,-0.45 ,-0.425,-0.4  ,-0.375,-0.35 ,-0.325,-0.3  ,-0.275,-0.25 ,-0.225,-0.2  ,-0.175,-0.15 ,-0.125,-0.1  ,-0.075,-0.05 ,-0.025, 0.   , 0.025, 0.05 , 0.075, 0.1  , 0.125, 0.15 , 0.175, 0.2  , 0.225, 0.25 , 0.275, 0.3  , 0.325, 0.35 , 0.375, 0.4  , 0.425, 0.45 , 0.475, 0.5  
edl:3.74675919e-02,0.00000000e+00,0.00000000e+00,0.00000000e+00,1.85699164e-06,1.85699164e-06,0.00000000e+00,0.00000000e+00,1.85699164e-06,0.00000000e+00,1.85699164e-06,0.00000000e+00,0.00000000e+00,1.85699164e-06,3.71398329e-06,1.94984123e-05,5.47812535e-05,9.71206630e-04,1.43601164e-01,3.43636304e-03,1.05848524e-04,2.32123955e-05,3.71398329e-06,1.85699164e-06,0.00000000e+00,0.00000000e+00,0.00000000e+00,0.00000000e+00,9.28495822e-07,0.00000000e+00,0.00000000e+00,9.28495822e-07,0.00000000e+00,0.00000000e+00,0.00000000e+00,0.00000000e+00,0.00000000e+00,0.00000000e+00,0.00000000e+00,9.28495822e-07
edl_bin_edges:  0.   ,  5.385, 10.77 , 16.155, 21.54 , 26.925, 32.31 , 37.695, 43.08 , 48.465, 53.85 , 59.235, 64.62 , 70.005, 75.39 , 80.775, 86.16 , 91.545, 96.93 ,102.315,107.7  ,113.085,118.47 ,123.855,129.24 ,134.625,140.01 ,145.395,150.78 ,156.165,161.55 ,166.935,172.32 ,177.705,183.09 ,188.475,193.86 ,199.245,204.63 ,210.015,215.4  
gul: 0., 0., 0., 0., 0., 0., 0., 0., 0., 0., 0., 0., 0., 0., 0., 0., 0., 0., 0., 0.,40., 0., 0., 0., 0., 0., 0., 0., 0., 0., 0., 0., 0., 0., 0., 0., 0., 0., 0., 0.
gul_bin_edges:-0.5  ,-0.475,-0.45 ,-0.425,-0.4  ,-0.375,-0.35 ,-0.325,-0.3  ,-0.275,-0.25 ,-0.225,-0.2  ,-0.175,-0.15 ,-0.125,-0.1  ,-0.075,-0.05 ,-0.025, 0.   , 0.025, 0.05 , 0.075, 0.1  , 0.125, 0.15 , 0.175, 0.2  , 0.225, 0.25 , 0.275, 0.3  , 0.325, 0.35 , 0.375, 0.4  , 0.425, 0.45 , 0.475, 0.5  
gdl:1.48237143e-01,0.00000000e+00,0.00000000e+00,0.00000000e+00,0.00000000e+00,0.00000000e+00,0.00000000e+00,0.00000000e+00,0.00000000e+00,0.00000000e+00,0.00000000e+00,1.85699164e-06,0.00000000e+00,0.00000000e+00,0.00000000e+00,4.64247911e-06,1.20704457e-05,2.46979889e-04,3.62299070e-02,9.36852284e-04,2.22838997e-05,4.64247911e-06,1.85699164e-06,0.00000000e+00,0.00000000e+00,0.00000000e+00,0.00000000e+00,0.00000000e+00,9.28495822e-07,0.00000000e+00,0.00000000e+00,9.28495822e-07,0.00000000e+00,0.00000000e+00,0.00000000e+00,0.00000000e+00,0.00000000e+00,0.00000000e+00,0.00000000e+00,9.28495822e-07
gdl_bin_edges:  0.   ,  5.385, 10.77 , 16.155, 21.54 , 26.925, 32.31 , 37.695, 43.08 , 48.465, 53.85 , 59.235, 64.62 , 70.005, 75.39 , 80.775, 86.16 , 91.545, 96.93 ,102.315,107.7  ,113.085,118.47 ,123.855,129.24 ,134.625,140.01 ,145.395,150.78 ,156.165,161.55 ,166.935,172.32 ,177.705,183.09 ,188.475,193.86 ,199.245,204.63 ,210.015,215.4  
ri: 0., 0., 0., 0., 0., 0., 0., 0., 0., 0., 0., 0., 0., 0., 0., 0., 0., 0., 0., 0.,40., 0., 0., 0., 0., 0., 0., 0., 0., 0., 0., 0., 0., 0., 0., 0., 0., 0., 0., 0.
ri_bin_edges:0.5  ,0.525,0.55 ,0.575,0.6  ,0.625,0.65 ,0.675,0.7  ,0.725,0.75 ,0.775,0.8  ,0.825,0.85 ,0.875,0.9  ,0.925,0.95 ,0.975,1.   ,1.025,1.05 ,1.075,1.1  ,1.125,1.15 ,1.175,1.2  ,1.225,1.25 ,1.275,1.3  ,1.325,1.35 ,1.375,1.4  ,1.425,1.45 ,1.475,1.5  
