period:1
ue_log_freq:1000
mac_log_freq:1000
mimo_layers:2
frequency:2412000000.0
bandwidth:50000000
ue_speed:5.555555555555555
max_distance:1000
shannon_cfg_bandwidth_mhz:50.0
shannon_cfg_mimo_layers:2
shannon_cfg_bw_efficiency:0.67
shannon_cfg_sinr_offset_db:0
shannon_cfg_ul_divisor:2
shannon_cfg_sinr_sample_rate:1000
n_ue:4
sinr_period:9.463597741343282
sinr_rate:105.66805852612856
ul_fairness:nan
dl_fairness:0.9999819693949695
ul_agg_throughput:0
dl_agg_throughput:40.026695948295306
ul_ave_throughput:0.0
dl_ave_throughput:10.006673987073826
ul_se:0.0
dl_se:0.8005339189659061
ul_ase:0.0
dl_ase:2.548178606323015e-07
ul_gr:0.0, 0.0, 0.0, 0.0
dl_gr:10.141704582954171, 10.143329566704335, 10.142351576484236, 10.142965570344296
ul_tr:0.0, 0.0, 0.0, 0.0
dl_tr:10.030704899951001, 10.031507424425754, 10.031106165338347, 10.031507424825753
ul_er:0.0, 0.0, 0.0, 0.0
dl_er:89.85617243827564, 89.85454745452547, 89.85552544474554, 89.8549114508855
ul_er_ratio:0.0, 0.0, 0.0, 0.0
dl_er_ratio:0.8995793524910578, 0.8995704912304062, 0.8995750882410808, 0.8995708572022393
ul_er_perc:0.0, 0.0, 0.0, 0.0
dl_er_perc:89.95793524910579, 89.95704912304062, 89.95750882410807, 89.95708572022393
ul_l:0.0, 0.0, 0.0, 0.0
dl_l:0.0007218175270217299, 0.0007219536408145919, 0.0007212612334256658, 0.0007207402495465045
ul_il:0.0, 0.0, 0.0, 0.0
dl_il:0.24357084013456864, 0.24314425629639702, 0.2430105159398356, 0.24309509957380923
sinr_ul:0.01029446,0.01630614,0.01646222,0.02775834,0.06500844,0.04677959,0.10802151,0.06791394,0.07396163,0.07365119,0.03468077,0.02535881,0.04355507,0.01901782,0.01357387,0.00946946,0.00620549,0.00768225,0.00732207,0.00389687,0.00062775,0.0005883 ,0.00055743,0.0005317 ,0.00050941,0.00049397,0.00048025,0.00046824,0.00048196,0.00033446,0.00024184,0.00023841,0.00023841,0.00023498,0.00023498,0.00023326,0.00023326,0.00031388,0.00046138,0.00165171
sinr_ul_bin_edges:19.816711  ,21.27427648,22.73184195,24.18940743,25.6469729 ,27.10453838,28.56210385,30.01966933,31.4772348 ,32.93480028,34.39236575,35.84993123,37.3074967 ,38.76506218,40.22262765,41.68019313,43.1377586 ,44.59532408,46.05288955,47.51045503,48.9680205 ,50.42558598,51.88315145,53.34071693,54.7982824 ,56.25584788,57.71341335,59.17097883,60.6285443 ,62.08610978,63.54367525,65.00124073,66.4588062 ,67.91637168,69.37393715,70.83150263,72.2890681 ,73.74663358,75.20419905,76.66176453,78.11933   
sinr_dl:0.010296  ,0.01630757,0.0164585 ,0.02775958,0.0650056 ,0.04669817,0.10808483,0.06790248,0.07398437,0.07363963,0.0346836 ,0.02536524,0.0435526 ,0.01902264,0.0135702 ,0.00947273,0.00620367,0.00768212,0.00732194,0.0038968 ,0.00062774,0.00058829,0.00055742,0.00053169,0.0005094 ,0.00049568,0.00047852,0.00046823,0.00048195,0.00033445,0.00024184,0.0002384 ,0.0002384 ,0.00023497,0.00023497,0.00023326,0.00023326,0.00031387,0.00046137,0.00165168
sinr_dl_bin_edges:29.559193  ,31.01678358,32.47437415,33.93196473,35.3895553 ,36.84714587,38.30473645,39.76232702,41.2199176 ,42.67750817,44.13509875,45.59268932,47.0502799 ,48.50787047,49.96546105,51.42305162,52.8806422 ,54.33823277,55.79582335,57.25341392,58.7110045 ,60.16859507,61.62618565,63.08377622,64.5413668 ,65.99895738,67.45654795,68.91413852,70.3717291 ,71.82931967,73.28691025,74.74450082,76.2020914 ,77.65968197,79.11727255,80.57486312,82.0324537 ,83.49004428,84.94763485,86.40522542,87.862816  
rsrp_ul:0.01031981,0.01627795,0.01666638,0.0277271 ,0.06464467,0.04404441,0.10688042,0.06684518,0.07824129,0.07161751,0.03536215,0.02593727,0.0435499 ,0.01918858,0.01338273,0.00950873,0.00619086,0.00766414,0.00734245,0.00392533,0.00063141,0.00058863,0.00055783,0.00053216,0.00050992,0.0004928 ,0.00048083,0.00046714,0.00048938,0.00031143,0.00024298,0.00023956,0.00023785,0.00023442,0.00023442,0.00023442,0.00023271,0.00031485,0.00045858,0.00164953
rsrp_ul_bin_edges:-90.88363   ,-89.42261932,-87.96160865,-86.50059797,-85.0395873 ,-83.57857662,-82.11756595,-80.65655528,-79.1955446 ,-77.73453392,-76.27352325,-74.81251257,-73.3515019 ,-71.89049122,-70.42948055,-68.96846987,-67.5074592 ,-66.04644852,-64.58543785,-63.12442717,-61.6634165 ,-60.20240582,-58.74139515,-57.28038447,-55.8193738 ,-54.35836312,-52.89735245,-51.43634177,-49.9753311 ,-48.51432042,-47.05330975,-45.59229907,-44.1312884 ,-42.67027772,-41.20926705,-39.74825637,-38.2872457 ,-36.82623502,-35.36522435,-33.90421367,-32.443203  
rsrp_dl:0.01031981,0.01627795,0.01666638,0.0277271 ,0.06464467,0.04404441,0.10688042,0.06684518,0.07824129,0.07161751,0.03536215,0.02593727,0.0435499 ,0.01918858,0.01338273,0.00950873,0.00619086,0.00766414,0.00734245,0.00392533,0.00063141,0.00058863,0.00055783,0.00053216,0.00050992,0.0004928 ,0.00048083,0.00046714,0.00048938,0.00031143,0.00024298,0.00023956,0.00023785,0.00023442,0.00023442,0.00023442,0.00023271,0.00031485,0.00045858,0.00164953
rsrp_dl_bin_edges:-87.87333   ,-86.41231932,-84.95130865,-83.49029797,-82.0292873 ,-80.56827662,-79.10726595,-77.64625528,-76.1852446 ,-74.72423392,-73.26322325,-71.80221257,-70.3412019 ,-68.88019122,-67.41918055,-65.95816987,-64.4971592 ,-63.03614852,-61.57513785,-60.11412717,-58.6531165 ,-57.19210582,-55.73109515,-54.27008447,-52.8090738 ,-51.34806312,-49.88705245,-48.42604177,-46.9650311 ,-45.50402042,-44.04300975,-42.58199907,-41.1209884 ,-39.65997772,-38.19896705,-36.73795637,-35.2769457 ,-33.81593502,-32.35492435,-30.89391367,-29.432903  
cqi_ul: 0., 0., 0., 0., 0., 0., 0., 0., 0., 0., 0., 0., 0., 0., 0., 0., 0., 0., 0., 0.,40., 0., 0., 0., 0., 0., 0., 0., 0., 0., 0., 0., 0., 0., 0., 0., 0., 0., 0., 0.
cqi_ul_bin_edges:14.5  ,14.525,14.55 ,14.575,14.6  ,14.625,14.65 ,14.675,14.7  ,14.725,14.75 ,14.775,14.8  ,14.825,14.85 ,14.875,14.9  ,14.925,14.95 ,14.975,15.   ,15.025,15.05 ,15.075,15.1  ,15.125,15.15 ,15.175,15.2  ,15.225,15.25 ,15.275,15.3  ,15.325,15.35 ,15.375,15.4  ,15.425,15.45 ,15.475,15.5  
cqi_dl: 0., 0., 0., 0., 0., 0., 0., 0., 0., 0., 0., 0., 0., 0., 0., 0., 0., 0., 0., 0.,40., 0., 0., 0., 0., 0., 0., 0., 0., 0., 0., 0., 0., 0., 0., 0., 0., 0., 0., 0.
cqi_dl_bin_edges:14.5  ,14.525,14.55 ,14.575,14.6  ,14.625,14.65 ,14.675,14.7  ,14.725,14.75 ,14.775,14.8  ,14.825,14.85 ,14.875,14.9  ,14.925,14.95 ,14.975,15.   ,15.025,15.05 ,15.075,15.1  ,15.125,15.15 ,15.175,15.2  ,15.225,15.25 ,15.275,15.3  ,15.325,15.35 ,15.375,15.4  ,15.425,15.45 ,15.475,15.5  
mcs_ul: 0., 0., 0., 0., 0., 0., 0., 0., 0., 0., 0., 0., 0., 0., 0., 0., 0., 0., 0., 0.,40., 0., 0., 0., 0., 0., 0., 0., 0., 0., 0., 0., 0., 0., 0., 0., 0., 0., 0., 0.
mcs_ul_bin_edges:27.5  ,27.525,27.55 ,27.575,27.6  ,27.625,27.65 ,27.675,27.7  ,27.725,27.75 ,27.775,27.8  ,27.825,27.85 ,27.875,27.9  ,27.925,27.95 ,27.975,28.   ,28.025,28.05 ,28.075,28.1  ,28.125,28.15 ,28.175,28.2  ,28.225,28.25 ,28.275,28.3  ,28.325,28.35 ,28.375,28.4  ,28.425,28.45 ,28.475,28.5  
mcs_dl: 0., 0., 0., 0., 0., 0., 0., 0., 0., 0., 0., 0., 0., 0., 0., 0., 0., 0., 0., 0.,40., 0., 0., 0., 0., 0., 0., 0., 0., 0., 0., 0., 0., 0., 0., 0., 0., 0., 0., 0.
mcs_dl_bin_edges:27.5  ,27.525,27.55 ,27.575,27.6  ,27.625,27.65 ,27.675,27.7  ,27.725,27.75 ,27.775,27.8  ,27.825,27.85 ,27.875,27.9  ,27.925,27.95 ,27.975,28.   ,28.025,28.05 ,28.075,28.1  ,28.125,28.15 ,28.175,28.2  ,28.225,28.25 ,28.275,28.3  ,28.325,28.35 ,28.375,28.4  ,28.425,28.45 ,28.475,28.5  
eff_ul: 0., 0., 0., 0., 0., 0., 0., 0., 0., 0., 0., 0., 0., 0., 0., 0., 0., 0., 0., 0.,40., 0., 0., 0., 0., 0., 0., 0., 0., 0., 0., 0., 0., 0., 0., 0., 0., 0., 0., 0.
eff_ul_bin_edges:5.0545974,5.0795974,5.1045974,5.1295974,5.1545974,5.1795974,5.2045974,5.2295974,5.2545974,5.2795974,5.3045974,5.3295974,5.3545974,5.3795974,5.4045974,5.4295974,5.4545974,5.4795974,5.5045974,5.5295974,5.5545974,5.5795974,5.6045974,5.6295974,5.6545974,5.6795974,5.7045974,5.7295974,5.7545974,5.7795974,5.8045974,5.8295974,5.8545974,5.8795974,5.9045974,5.9295974,5.9545974,5.9795974,6.0045974,6.0295974,6.0545974
eff_dl: 0., 0., 0., 0., 0., 0., 0., 0., 0., 0., 0., 0., 0., 0., 0., 0., 0., 0., 0., 0.,40., 0., 0., 0., 0., 0., 0., 0., 0., 0., 0., 0., 0., 0., 0., 0., 0., 0., 0., 0.
eff_dl_bin_edges:5.0545974,5.0795974,5.1045974,5.1295974,5.1545974,5.1795974,5.2045974,5.2295974,5.2545974,5.2795974,5.3045974,5.3295974,5.3545974,5.3795974,5.4045974,5.4295974,5.4545974,5.4795974,5.5045974,5.5295974,5.5545974,5.5795974,5.6045974,5.6295974,5.6545974,5.6795974,5.7045974,5.7295974,5.7545974,5.7795974,5.8045974,5.8295974,5.8545974,5.8795974,5.9045974,5.9295974,5.9545974,5.9795974,6.0045974,6.0295974,6.0545974
rul: 0., 0., 0., 0., 0., 0., 0., 0., 0., 0., 0., 0., 0., 0., 0., 0., 0., 0., 0., 0.,40., 0., 0., 0., 0., 0., 0., 0., 0., 0., 0., 0., 0., 0., 0., 0., 0., 0., 0., 0.
rul_bin_edges:-0.5  ,-0.475,-0.45 ,-0.425,-0.4  ,-0.375,-0.35 ,-0.325,-0.3  ,-0.275,-0.25 ,-0.225,-0.2  ,-0.175,-0.15 ,-0.125,-0.1  ,-0.075,-0.05 ,-0.025, 0.   , 0.025, 0.05 , 0.075, 0.1  , 0.125, 0.15 , 0.175, 0.2  , 0.225, 0.25 , 0.275, 0.3  , 0.325, 0.35 , 0.375, 0.4  , 0.425, 0.45 , 0.475, 0.5  
rdl:0.38573188,0.        ,0.        ,0.        ,0.        ,0.        ,0.        ,0.        ,0.        ,0.        ,0.        ,0.        ,0.        ,0.        ,0.        ,0.        ,0.        ,0.        ,0.        ,0.10078417,0.        ,0.        ,0.        ,0.        ,0.        ,0.        ,0.        ,0.        ,0.        ,0.        ,0.        ,0.        ,0.        ,0.        ,0.        ,0.        ,0.        ,0.        ,0.        ,0.01190849
rdl_bin_edges: 0.        , 2.00632175, 4.0126435 , 6.01896525, 8.025287  ,10.03160875,12.0379305 ,14.04425225,16.050574  ,18.05689575,20.0632175 ,22.06953925,24.075861  ,26.08218275,28.0885045 ,30.09482625,32.101148  ,34.10746975,36.1137915 ,38.12011325,40.126435  ,42.13275675,44.1390785 ,46.14540025,48.151722  ,50.15804375,52.1643655 ,54.17068725,56.177009  ,58.18333075,60.1896525 ,62.19597425,64.202296  ,66.20861775,68.2149395 ,70.22126125,72.227583  ,74.23390475,76.2402265 ,78.24654825,80.25287   
lul: 0., 0., 0., 0., 0., 0., 0., 0., 0., 0., 0., 0., 0., 0., 0., 0., 0., 0., 0., 0.,40., 0., 0., 0., 0., 0., 0., 0., 0., 0., 0., 0., 0., 0., 0., 0., 0., 0., 0., 0.
lul_bin_edges:-0.5  ,-0.475,-0.45 ,-0.425,-0.4  ,-0.375,-0.35 ,-0.325,-0.3  ,-0.275,-0.25 ,-0.225,-0.2  ,-0.175,-0.15 ,-0.125,-0.1  ,-0.075,-0.05 ,-0.025, 0.   , 0.025, 0.05 , 0.075, 0.1  , 0.125, 0.15 , 0.175, 0.2  , 0.225, 0.25 , 0.275, 0.3  , 0.325, 0.35 , 0.375, 0.4  , 0.425, 0.45 , 0.475, 0.5  
ldl:5.69870311e+03,0.00000000e+00,0.00000000e+00,0.00000000e+00,0.00000000e+00,0.00000000e+00,0.00000000e+00,0.00000000e+00,0.00000000e+00,0.00000000e+00,0.00000000e+00,0.00000000e+00,0.00000000e+00,0.00000000e+00,0.00000000e+00,0.00000000e+00,0.00000000e+00,0.00000000e+00,0.00000000e+00,0.00000000e+00,0.00000000e+00,0.00000000e+00,1.26017470e+03,9.20440218e-02,1.84088044e-02,1.75564767e+02,2.94540870e-01,1.84088044e-02,2.76132065e-01,2.28398036e+02,1.84088044e-02,1.84088044e-02,0.00000000e+00,0.00000000e+00,0.00000000e+00,0.00000000e+00,0.00000000e+00,0.00000000e+00,0.00000000e+00,1.84088044e-02
ldl_bin_edges:0.        ,0.0001358 ,0.00027161,0.00040741,0.00054321,0.00067902,0.00081482,0.00095062,0.00108643,0.00122223,0.00135803,0.00149384,0.00162964,0.00176544,0.00190125,0.00203705,0.00217285,0.00230865,0.00244446,0.00258026,0.00271606,0.00285187,0.00298767,0.00312347,0.00325928,0.00339508,0.00353088,0.00366669,0.00380249,0.00393829,0.0040741 ,0.0042099 ,0.0043457 ,0.00448151,0.00461731,0.00475311,0.00488892,0.00502472,0.00516052,0.00529633,0.00543213
ilul: 0., 0., 0., 0., 0., 0., 0., 0., 0., 0., 0., 0., 0., 0., 0., 0., 0., 0., 0., 0.,40., 0., 0., 0., 0., 0., 0., 0., 0., 0., 0., 0., 0., 0., 0., 0., 0., 0., 0., 0.
ilul_bin_edges:-0.5  ,-0.475,-0.45 ,-0.425,-0.4  ,-0.375,-0.35 ,-0.325,-0.3  ,-0.275,-0.25 ,-0.225,-0.2  ,-0.175,-0.15 ,-0.125,-0.1  ,-0.075,-0.05 ,-0.025, 0.   , 0.025, 0.05 , 0.075, 0.1  , 0.125, 0.15 , 0.175, 0.2  , 0.225, 0.25 , 0.275, 0.3  , 0.325, 0.35 , 0.375, 0.4  , 0.425, 0.45 , 0.475, 0.5  
ildl:2.74212216e+01,2.12577222e-03,2.30291990e-03,2.21434606e-03,2.21434606e-03,2.56864143e-03,2.30291990e-03,2.21434606e-03,2.48006759e-03,2.21434606e-03,2.39149374e-03,2.48006759e-03,2.65721527e-03,2.39149374e-03,1.94862453e-03,2.21434606e-03,2.65721527e-03,2.39149374e-03,2.39149374e-03,2.21434606e-03,2.21434606e-03,2.39149374e-03,2.65721527e-03,2.21434606e-03,2.21434606e-03,2.56864143e-03,2.30291990e-03,2.21434606e-03,2.21434606e-03,2.21434606e-03,2.39149374e-03,2.30291990e-03,2.48006759e-03,2.30291990e-03,2.12577222e-03,2.65721527e-03,5.99644913e-02,2.57705594e+00,3.96686810e+00,1.32293891e+00
ildl_bin_edges:0.        ,0.02822476,0.05644951,0.08467426,0.11289902,0.14112378,0.16934853,0.19757329,0.22579804,0.2540228 ,0.28224755,0.31047231,0.33869706,0.36692181,0.39514657,0.42337133,0.45159608,0.47982084,0.50804559,0.53627035,0.5644951 ,0.59271986,0.62094461,0.64916936,0.67739412,0.70561887,0.73384363,0.76206839,0.79029314,0.8185179 ,0.84674265,0.87496741,0.90319216,0.93141692,0.95964167,0.98786642,1.01609118,1.04431593,1.07254069,1.10076544,1.1289902 
eul: 0., 0., 0., 0., 0., 0., 0., 0., 0., 0., 0., 0., 0., 0., 0., 0., 0., 0., 0., 0.,40., 0., 0., 0., 0., 0., 0., 0., 0., 0., 0., 0., 0., 0., 0., 0., 0., 0., 0., 0.
eul_bin_edges:-0.5  ,-0.475,-0.45 ,-0.425,-0.4  ,-0.375,-0.35 ,-0.325,-0.3  ,-0.275,-0.25 ,-0.225,-0.2  ,-0.175,-0.15 ,-0.125,-0.1  ,-0.075,-0.05 ,-0.025, 0.   , 0.025, 0.05 , 0.075, 0.1  , 0.125, 0.15 , 0.175, 0.2  , 0.225, 0.25 , 0.275, 0.3  , 0.325, 0.35 , 0.375, 0.4  , 0.425, 0.45 , 0.475, 0.5  
edl:1.66097398e-02,0.00000000e+00,1.63731478e-06,1.63731478e-06,2.86530086e-06,0.00000000e+00,0.00000000e+00,0.00000000e+00,0.00000000e+00,0.00000000e+00,0.00000000e+00,1.63731478e-06,0.00000000e+00,3.27462955e-06,5.32127303e-06,1.24968050e-03,1.45771772e-01,7.44978224e-05,4.50261564e-06,2.45597217e-06,0.00000000e+00,0.00000000e+00,0.00000000e+00,0.00000000e+00,0.00000000e+00,0.00000000e+00,0.00000000e+00,0.00000000e+00,0.00000000e+00,1.22798608e-06,0.00000000e+00,0.00000000e+00,0.00000000e+00,0.00000000e+00,0.00000000e+00,1.22798608e-06,0.00000000e+00,0.00000000e+00,0.00000000e+00,1.63731478e-06
edl_bin_edges:  0.    ,  6.1075, 12.215 , 18.3225, 24.43  , 30.5375, 36.645 , 42.7525, 48.86  , 54.9675, 61.075 , 67.1825, 73.29  , 79.3975, 85.505 , 91.6125, 97.72  ,103.8275,109.935 ,116.0425,122.15  ,128.2575,134.365 ,140.4725,146.58  ,152.6875,158.795 ,164.9025,171.01  ,177.1175,183.225 ,189.3325,195.44  ,201.5475,207.655 ,213.7625,219.87  ,225.9775,232.085 ,238.1925,244.3   
gul: 0., 0., 0., 0., 0., 0., 0., 0., 0., 0., 0., 0., 0., 0., 0., 0., 0., 0., 0., 0.,40., 0., 0., 0., 0., 0., 0., 0., 0., 0., 0., 0., 0., 0., 0., 0., 0., 0., 0., 0.
gul_bin_edges:-0.5  ,-0.475,-0.45 ,-0.425,-0.4  ,-0.375,-0.35 ,-0.325,-0.3  ,-0.275,-0.25 ,-0.225,-0.2  ,-0.175,-0.15 ,-0.125,-0.1  ,-0.075,-0.05 ,-0.025, 0.   , 0.025, 0.05 , 0.075, 0.1  , 0.125, 0.15 , 0.175, 0.2  , 0.225, 0.25 , 0.275, 0.3  , 0.325, 0.35 , 0.375, 0.4  , 0.425, 0.45 , 0.475, 0.5  
gdl:1.65103540e-01,0.00000000e+00,0.00000000e+00,0.00000000e+00,4.59343133e-07,0.00000000e+00,0.00000000e+00,0.00000000e+00,0.00000000e+00,0.00000000e+00,0.00000000e+00,0.00000000e+00,0.00000000e+00,0.00000000e+00,0.00000000e+00,1.83737253e-06,3.67474506e-06,2.35643027e-04,1.83705099e-02,1.83737253e-05,3.21540193e-06,9.18686266e-07,0.00000000e+00,0.00000000e+00,0.00000000e+00,0.00000000e+00,0.00000000e+00,0.00000000e+00,0.00000000e+00,0.00000000e+00,0.00000000e+00,0.00000000e+00,0.00000000e+00,4.59343133e-07,0.00000000e+00,0.00000000e+00,0.00000000e+00,0.00000000e+00,0.00000000e+00,4.59343133e-07
gdl_bin_edges:  0.    ,  5.4425, 10.885 , 16.3275, 21.77  , 27.2125, 32.655 , 38.0975, 43.54  , 48.9825, 54.425 , 59.8675, 65.31  , 70.7525, 76.195 , 81.6375, 87.08  , 92.5225, 97.965 ,103.4075,108.85  ,114.2925,119.735 ,125.1775,130.62  ,136.0625,141.505 ,146.9475,152.39  ,157.8325,163.275 ,168.7175,174.16  ,179.6025,185.045 ,190.4875,195.93  ,201.3725,206.815 ,212.2575,217.7   
ri: 0., 0., 0., 0., 0., 0., 0., 0., 0., 0., 0., 0., 0., 0., 0., 0., 0., 0., 0., 0.,40., 0., 0., 0., 0., 0., 0., 0., 0., 0., 0., 0., 0., 0., 0., 0., 0., 0., 0., 0.
ri_bin_edges:0.5  ,0.525,0.55 ,0.575,0.6  ,0.625,0.65 ,0.675,0.7  ,0.725,0.75 ,0.775,0.8  ,0.825,0.85 ,0.875,0.9  ,0.925,0.95 ,0.975,1.   ,1.025,1.05 ,1.075,1.1  ,1.125,1.15 ,1.175,1.2  ,1.225,1.25 ,1.275,1.3  ,1.325,1.35 ,1.375,1.4  ,1.425,1.45 ,1.475,1.5  
