period:1
ue_log_freq:1000
mac_log_freq:1000
mimo_layers:2
frequency:2412000000.0
bandwidth:50000000
ue_speed:5.555555555555555
max_distance:1000
shannon_cfg_bandwidth_mhz:50.0
shannon_cfg_mimo_layers:2
shannon_cfg_bw_efficiency:0.67
shannon_cfg_sinr_offset_db:0
shannon_cfg_ul_divisor:2
shannon_cfg_sinr_sample_rate:1000
n_ue:1
sinr_period:9.463597741343282
sinr_rate:105.66805852612856
ul_fairness:nan
dl_fairness:1.0
ul_agg_throughput:0
dl_agg_throughput:39.728739342300145
ul_ave_throughput:0.0
dl_ave_throughput:39.728739342300145
ul_se:0.0
dl_se:0.7945747868460029
ul_ase:0.0
dl_ase:2.5292100996546094e-07
ul_gr:0.0
dl_gr:40.254838451615484
ul_tr:0.0
dl_tr:40.12482691843083
ul_er:0.0
dl_er:59.743857561424385
ul_er_ratio:0.0
dl_er_ratio:0.5982241367510502
ul_er_perc:0.0
dl_er_perc:59.822413675105025
ul_l:0.0
dl_l:0.0026597976630373696
ul_il:0.0
dl_il:0.23579729639837105
sinr_ul:0.03576316,0.09127296,0.25512975,0.3559011 ,0.13291974,0.06791154,0.0579517 ,0.12009499,0.09236893,0.10800089,0.0427812 ,0.02851439,0.04716507,0.04032008,0.04137759,0.03672453,0.00490301,0.00492224,0.0049607 ,0.01040208,0.02301532,0.02749533,0.02036193,0.01926596,0.01891986,0.01643952,0.01468981,0.01493977,0.01715093,0.03357122,0.0092292 ,0.00955607,0.0118826 ,0.0144014 ,0.0199966 ,0.01245942,0.01390149,0.01455522,0.01530509,0.01624724
sinr_ul_bin_edges:27.551271 ,28.0713541,28.5914372,29.1115203,29.6316034,30.1516865,30.6717696,31.1918527,31.7119358,32.2320189,32.752102 ,33.2721851,33.7922682,34.3123513,34.8324344,35.3525175,35.8726006,36.3926837,36.9127668,37.4328499,37.952933 ,38.4730161,38.9930992,39.5131823,40.0332654,40.5533485,41.0734316,41.5935147,42.1135978,42.6336809,43.153764 ,43.6738471,44.1939302,44.7140133,45.2340964,45.7541795,46.2742626,46.7943457,47.3144288,47.8345119,48.354595 
sinr_dl:0.03576313,0.09127289,0.25514877,0.35588158,0.13291963,0.06791149,0.05795165,0.12009489,0.09236885,0.10802003,0.04276193,0.02851437,0.04718426,0.04030082,0.04137756,0.0367245 ,0.00490301,0.00492224,0.00496069,0.01040207,0.0230153 ,0.02749531,0.02036191,0.01926594,0.01891985,0.0164395 ,0.0146898 ,0.01493976,0.01717015,0.03355197,0.00922919,0.00955606,0.01188259,0.01440139,0.01999659,0.01245941,0.01390147,0.01455521,0.01530508,0.01624723
sinr_dl_bin_edges:37.293335  ,37.81341852,38.33350205,38.85358557,39.3736691 ,39.89375262,40.41383615,40.93391967,41.4540032 ,41.97408672,42.49417025,43.01425378,43.5343373 ,44.05442083,44.57450435,45.09458788,45.6146714 ,46.13475493,46.65483845,47.17492198,47.6950055 ,48.21508902,48.73517255,49.25525608,49.7753396 ,50.29542312,50.81550665,51.33559018,51.8556737 ,52.37575723,52.89584075,53.41592428,53.9360078 ,54.45609133,54.97617485,55.49625838,56.0163419 ,56.53642543,57.05650895,57.57659247,58.096676  
rsrp_ul:0.03576315,0.09127295,0.25514896,0.35588184,0.13291972,0.06791154,0.05795169,0.12009498,0.09236892,0.10800088,0.04278119,0.02851439,0.04718429,0.04028162,0.04139681,0.03672453,0.00490301,0.00492224,0.0049607 ,0.01040208,0.02301532,0.02749533,0.02036193,0.01926596,0.01891986,0.01643951,0.01468981,0.01493977,0.01715093,0.03357122,0.0092292 ,0.00955607,0.0118826 ,0.0144014 ,0.0199966 ,0.01245942,0.01390148,0.01455522,0.01530509,0.01624724
rsrp_ul_bin_edges:-83.19915   ,-82.67906685,-82.1589837 ,-81.63890055,-81.1188174 ,-80.59873425,-80.0786511 ,-79.55856795,-79.0384848 ,-78.51840165,-77.9983185 ,-77.47823535,-76.9581522 ,-76.43806905,-75.9179859 ,-75.39790275,-74.8778196 ,-74.35773645,-73.8376533 ,-73.31757015,-72.797487  ,-72.27740385,-71.7573207 ,-71.23723755,-70.7171544 ,-70.19707125,-69.6769881 ,-69.15690495,-68.6368218 ,-68.11673865,-67.5966555 ,-67.07657235,-66.5564892 ,-66.03640605,-65.5163229 ,-64.99623975,-64.4761566 ,-63.95607345,-63.4359903 ,-62.91590715,-62.395824  
rsrp_dl:0.03576316,0.09127296,0.25514897,0.35588186,0.13291973,0.06791154,0.05795169,0.12009499,0.09236893,0.10800089,0.04278119,0.02851439,0.04718429,0.04028162,0.04139681,0.03672453,0.00490301,0.00492224,0.0049607 ,0.01040208,0.02301532,0.02749533,0.02036193,0.01926596,0.01891986,0.01643952,0.01468981,0.01493977,0.01715093,0.03357122,0.0092292 ,0.00955607,0.0118826 ,0.0144014 ,0.0199966 ,0.01245942,0.01390148,0.01455522,0.01530509,0.01624724
rsrp_dl_bin_edges:-80.18885   ,-79.66876688,-79.14868375,-78.62860063,-78.1085175 ,-77.58843438,-77.06835125,-76.54826813,-76.028185  ,-75.50810188,-74.98801875,-74.46793562,-73.9478525 ,-73.42776937,-72.90768625,-72.38760312,-71.86752   ,-71.34743687,-70.82735375,-70.30727063,-69.7871875 ,-69.26710438,-68.74702125,-68.22693813,-67.706855  ,-67.18677188,-66.66668875,-66.14660563,-65.6265225 ,-65.10643938,-64.58635625,-64.06627313,-63.54619   ,-63.02610688,-62.50602375,-61.98594062,-61.4658575 ,-60.94577437,-60.42569125,-59.90560813,-59.385525  
cqi_ul: 0., 0., 0., 0., 0., 0., 0., 0., 0., 0., 0., 0., 0., 0., 0., 0., 0., 0., 0., 0.,40., 0., 0., 0., 0., 0., 0., 0., 0., 0., 0., 0., 0., 0., 0., 0., 0., 0., 0., 0.
cqi_ul_bin_edges:14.5  ,14.525,14.55 ,14.575,14.6  ,14.625,14.65 ,14.675,14.7  ,14.725,14.75 ,14.775,14.8  ,14.825,14.85 ,14.875,14.9  ,14.925,14.95 ,14.975,15.   ,15.025,15.05 ,15.075,15.1  ,15.125,15.15 ,15.175,15.2  ,15.225,15.25 ,15.275,15.3  ,15.325,15.35 ,15.375,15.4  ,15.425,15.45 ,15.475,15.5  
cqi_dl: 0., 0., 0., 0., 0., 0., 0., 0., 0., 0., 0., 0., 0., 0., 0., 0., 0., 0., 0., 0.,40., 0., 0., 0., 0., 0., 0., 0., 0., 0., 0., 0., 0., 0., 0., 0., 0., 0., 0., 0.
cqi_dl_bin_edges:14.5  ,14.525,14.55 ,14.575,14.6  ,14.625,14.65 ,14.675,14.7  ,14.725,14.75 ,14.775,14.8  ,14.825,14.85 ,14.875,14.9  ,14.925,14.95 ,14.975,15.   ,15.025,15.05 ,15.075,15.1  ,15.125,15.15 ,15.175,15.2  ,15.225,15.25 ,15.275,15.3  ,15.325,15.35 ,15.375,15.4  ,15.425,15.45 ,15.475,15.5  
mcs_ul: 0., 0., 0., 0., 0., 0., 0., 0., 0., 0., 0., 0., 0., 0., 0., 0., 0., 0., 0., 0.,40., 0., 0., 0., 0., 0., 0., 0., 0., 0., 0., 0., 0., 0., 0., 0., 0., 0., 0., 0.
mcs_ul_bin_edges:27.5  ,27.525,27.55 ,27.575,27.6  ,27.625,27.65 ,27.675,27.7  ,27.725,27.75 ,27.775,27.8  ,27.825,27.85 ,27.875,27.9  ,27.925,27.95 ,27.975,28.   ,28.025,28.05 ,28.075,28.1  ,28.125,28.15 ,28.175,28.2  ,28.225,28.25 ,28.275,28.3  ,28.325,28.35 ,28.375,28.4  ,28.425,28.45 ,28.475,28.5  
mcs_dl: 0., 0., 0., 0., 0., 0., 0., 0., 0., 0., 0., 0., 0., 0., 0., 0., 0., 0., 0., 0.,40., 0., 0., 0., 0., 0., 0., 0., 0., 0., 0., 0., 0., 0., 0., 0., 0., 0., 0., 0.
mcs_dl_bin_edges:27.5  ,27.525,27.55 ,27.575,27.6  ,27.625,27.65 ,27.675,27.7  ,27.725,27.75 ,27.775,27.8  ,27.825,27.85 ,27.875,27.9  ,27.925,27.95 ,27.975,28.   ,28.025,28.05 ,28.075,28.1  ,28.125,28.15 ,28.175,28.2  ,28.225,28.25 ,28.275,28.3  ,28.325,28.35 ,28.375,28.4  ,28.425,28.45 ,28.475,28.5  
eff_ul: 0., 0., 0., 0., 0., 0., 0., 0., 0., 0., 0., 0., 0., 0., 0., 0., 0., 0., 0., 0.,40., 0., 0., 0., 0., 0., 0., 0., 0., 0., 0., 0., 0., 0., 0., 0., 0., 0., 0., 0.
eff_ul_bin_edges:5.0545974,5.0795974,5.1045974,5.1295974,5.1545974,5.1795974,5.2045974,5.2295974,5.2545974,5.2795974,5.3045974,5.3295974,5.3545974,5.3795974,5.4045974,5.4295974,5.4545974,5.4795974,5.5045974,5.5295974,5.5545974,5.5795974,5.6045974,5.6295974,5.6545974,5.6795974,5.7045974,5.7295974,5.7545974,5.7795974,5.8045974,5.8295974,5.8545974,5.8795974,5.9045974,5.9295974,5.9545974,5.9795974,6.0045974,6.0295974,6.0545974
eff_dl: 0., 0., 0., 0., 0., 0., 0., 0., 0., 0., 0., 0., 0., 0., 0., 0., 0., 0., 0., 0.,40., 0., 0., 0., 0., 0., 0., 0., 0., 0., 0., 0., 0., 0., 0., 0., 0., 0., 0., 0.
eff_dl_bin_edges:5.0545974,5.0795974,5.1045974,5.1295974,5.1545974,5.1795974,5.2045974,5.2295974,5.2545974,5.2795974,5.3045974,5.3295974,5.3545974,5.3795974,5.4045974,5.4295974,5.4545974,5.4795974,5.5045974,5.5295974,5.5545974,5.5795974,5.6045974,5.6295974,5.6545974,5.6795974,5.7045974,5.7295974,5.7545974,5.7795974,5.8045974,5.8295974,5.8545974,5.8795974,5.9045974,5.9295974,5.9545974,5.9795974,6.0045974,6.0295974,6.0545974
rul: 0., 0., 0., 0., 0., 0., 0., 0., 0., 0., 0., 0., 0., 0., 0., 0., 0., 0., 0., 0.,40., 0., 0., 0., 0., 0., 0., 0., 0., 0., 0., 0., 0., 0., 0., 0., 0., 0., 0., 0.
rul_bin_edges:-0.5  ,-0.475,-0.45 ,-0.425,-0.4  ,-0.375,-0.35 ,-0.325,-0.3  ,-0.275,-0.25 ,-0.225,-0.2  ,-0.175,-0.15 ,-0.125,-0.1  ,-0.075,-0.05 ,-0.025, 0.   , 0.025, 0.05 , 0.075, 0.1  , 0.125, 0.15 , 0.175, 0.2  , 0.225, 0.25 , 0.275, 0.3  , 0.325, 0.35 , 0.375, 0.4  , 0.425, 0.45 , 0.475, 0.5  
rdl:0.09769023,0.        ,0.        ,0.        ,0.        ,0.        ,0.        ,0.        ,0.        ,0.        ,0.        ,0.        ,0.        ,0.        ,0.        ,0.        ,0.        ,0.        ,0.        ,0.30306401,0.        ,0.        ,0.        ,0.        ,0.        ,0.        ,0.        ,0.        ,0.        ,0.        ,0.        ,0.        ,0.        ,0.        ,0.        ,0.        ,0.        ,0.        ,0.        ,0.0976703 
rdl_bin_edges: 0.        , 2.00632175, 4.0126435 , 6.01896525, 8.025287  ,10.03160875,12.0379305 ,14.04425225,16.050574  ,18.05689575,20.0632175 ,22.06953925,24.075861  ,26.08218275,28.0885045 ,30.09482625,32.101148  ,34.10746975,36.1137915 ,38.12011325,40.126435  ,42.13275675,44.1390785 ,46.14540025,48.151722  ,50.15804375,52.1643655 ,54.17068725,56.177009  ,58.18333075,60.1896525 ,62.19597425,64.202296  ,66.20861775,68.2149395 ,70.22126125,72.227583  ,74.23390475,76.2402265 ,78.24654825,80.25287   
lul: 0., 0., 0., 0., 0., 0., 0., 0., 0., 0., 0., 0., 0., 0., 0., 0., 0., 0., 0., 0.,40., 0., 0., 0., 0., 0., 0., 0., 0., 0., 0., 0., 0., 0., 0., 0., 0., 0., 0., 0.
lul_bin_edges:-0.5  ,-0.475,-0.45 ,-0.425,-0.4  ,-0.375,-0.35 ,-0.325,-0.3  ,-0.275,-0.25 ,-0.225,-0.2  ,-0.175,-0.15 ,-0.125,-0.1  ,-0.075,-0.05 ,-0.025, 0.   , 0.025, 0.05 , 0.075, 0.1  , 0.125, 0.15 , 0.175, 0.2  , 0.225, 0.25 , 0.275, 0.3  , 0.325, 0.35 , 0.375, 0.4  , 0.425, 0.45 , 0.475, 0.5  
ldl:1.92794409e+03,0.00000000e+00,0.00000000e+00,0.00000000e+00,0.00000000e+00,0.00000000e+00,0.00000000e+00,0.00000000e+00,0.00000000e+00,0.00000000e+00,0.00000000e+00,0.00000000e+00,0.00000000e+00,0.00000000e+00,0.00000000e+00,0.00000000e+00,0.00000000e+00,0.00000000e+00,0.00000000e+00,0.00000000e+00,0.00000000e+00,0.00000000e+00,0.00000000e+00,0.00000000e+00,0.00000000e+00,0.00000000e+00,0.00000000e+00,0.00000000e+00,0.00000000e+00,4.48473239e+03,3.00011708e+01,5.50841169e+00,9.24626248e+00,1.49514032e+01,1.90551699e+03,5.31168270e+00,1.47546742e+00,1.67219641e+00,3.60014050e+01,1.41418634e+03
ldl_bin_edges:0.        ,0.00010166,0.00020332,0.00030499,0.00040665,0.00050831,0.00060997,0.00071163,0.00081329,0.00091496,0.00101662,0.00111828,0.00121994,0.0013216 ,0.00142326,0.00152493,0.00162659,0.00172825,0.00182991,0.00193157,0.00203323,0.0021349 ,0.00223656,0.00233822,0.00243988,0.00254154,0.0026432 ,0.00274487,0.00284653,0.00294819,0.00304985,0.00315151,0.00325317,0.00335484,0.0034565 ,0.00355816,0.00365982,0.00376148,0.00386314,0.00396481,0.00406647
ilul: 0., 0., 0., 0., 0., 0., 0., 0., 0., 0., 0., 0., 0., 0., 0., 0., 0., 0., 0., 0.,40., 0., 0., 0., 0., 0., 0., 0., 0., 0., 0., 0., 0., 0., 0., 0., 0., 0., 0., 0.
ilul_bin_edges:-0.5  ,-0.475,-0.45 ,-0.425,-0.4  ,-0.375,-0.35 ,-0.325,-0.3  ,-0.275,-0.25 ,-0.225,-0.2  ,-0.175,-0.15 ,-0.125,-0.1  ,-0.075,-0.05 ,-0.025, 0.   , 0.025, 0.05 , 0.075, 0.1  , 0.125, 0.15 , 0.175, 0.2  , 0.225, 0.25 , 0.275, 0.3  , 0.325, 0.35 , 0.375, 0.4  , 0.425, 0.45 , 0.475, 0.5  
ildl:2.41297824e+01,1.35387711e-02,1.23079737e-02,1.47695684e-02,1.23079737e-02,1.35387711e-02,8.61558158e-03,1.35387711e-02,1.10771763e-02,1.35387711e-02,1.23079737e-02,1.35387711e-02,1.35387711e-02,1.60003658e-02,1.10771763e-02,9.84637895e-03,1.35387711e-02,1.10771763e-02,1.10771763e-02,1.23079737e-02,1.10771763e-02,1.35387711e-02,1.35387711e-02,1.35387711e-02,1.10771763e-02,1.10771763e-02,1.10771763e-02,1.35387711e-02,1.35387711e-02,1.47695684e-02,1.47695684e-02,1.47695684e-02,5.80074800e+00,1.38157005e+01,1.39215490e+01,1.35510790e+01,1.33836906e+01,1.35030779e+01,1.36310809e+01,1.09504042e+01
ildl_bin_edges:0.        ,0.00812473,0.01624947,0.0243742 ,0.03249893,0.04062367,0.0487484 ,0.05687313,0.06499786,0.0731226 ,0.08124733,0.08937206,0.0974968 ,0.10562153,0.11374626,0.121871  ,0.12999573,0.13812046,0.14624519,0.15436993,0.16249466,0.17061939,0.17874413,0.18686886,0.19499359,0.20311833,0.21124306,0.21936779,0.22749252,0.23561726,0.24374199,0.25186672,0.25999146,0.26811619,0.27624092,0.28436565,0.29249039,0.30061512,0.30873985,0.31686459,0.32498932
eul: 0., 0., 0., 0., 0., 0., 0., 0., 0., 0., 0., 0., 0., 0., 0., 0., 0., 0., 0., 0.,40., 0., 0., 0., 0., 0., 0., 0., 0., 0., 0., 0., 0., 0., 0., 0., 0., 0., 0., 0.
eul_bin_edges:-0.5  ,-0.475,-0.45 ,-0.425,-0.4  ,-0.375,-0.35 ,-0.325,-0.3  ,-0.275,-0.25 ,-0.225,-0.2  ,-0.175,-0.15 ,-0.125,-0.1  ,-0.075,-0.05 ,-0.025, 0.   , 0.025, 0.05 , 0.075, 0.1  , 0.125, 0.15 , 0.175, 0.2  , 0.225, 0.25 , 0.275, 0.3  , 0.325, 0.35 , 0.375, 0.4  , 0.425, 0.45 , 0.475, 0.5  
edl:9.08484993e-02,0.00000000e+00,0.00000000e+00,2.25604061e-06,2.25604061e-06,0.00000000e+00,4.51208122e-06,2.25604061e-06,4.51208122e-06,6.76812183e-06,1.57922843e-05,1.12802030e-05,6.76812183e-06,2.03043655e-05,1.12802030e-05,9.02416244e-06,2.25604061e-05,2.03043655e-05,2.25604061e-05,7.21932995e-05,1.91763452e-04,4.64969970e-03,1.15112216e-01,1.40032441e-02,2.34628223e-04,9.70097462e-05,2.70724873e-05,2.48164467e-05,5.41449746e-05,4.06087310e-05,1.80483249e-05,1.80483249e-05,1.12802030e-05,1.35362437e-05,1.35362437e-05,6.76812183e-06,4.51208122e-06,0.00000000e+00,0.00000000e+00,2.25604061e-06
edl_bin_edges:  0.    ,  4.4325,  8.865 , 13.2975, 17.73  , 22.1625, 26.595 , 31.0275, 35.46  , 39.8925, 44.325 , 48.7575, 53.19  , 57.6225, 62.055 , 66.4875, 70.92  , 75.3525, 79.785 , 84.2175, 88.65  , 93.0825, 97.515 ,101.9475,106.38  ,110.8125,115.245 ,119.6775,124.11  ,128.5425,132.975 ,137.4075,141.84  ,146.2725,150.705 ,155.1375,159.57  ,164.0025,168.435 ,172.8675,177.3   
gul: 0., 0., 0., 0., 0., 0., 0., 0., 0., 0., 0., 0., 0., 0., 0., 0., 0., 0., 0., 0.,40., 0., 0., 0., 0., 0., 0., 0., 0., 0., 0., 0., 0., 0., 0., 0., 0., 0., 0., 0.
gul_bin_edges:-0.5  ,-0.475,-0.45 ,-0.425,-0.4  ,-0.375,-0.35 ,-0.325,-0.3  ,-0.275,-0.25 ,-0.225,-0.2  ,-0.175,-0.15 ,-0.125,-0.1  ,-0.075,-0.05 ,-0.025, 0.   , 0.025, 0.05 , 0.075, 0.1  , 0.125, 0.15 , 0.175, 0.2  , 0.225, 0.25 , 0.275, 0.3  , 0.325, 0.35 , 0.375, 0.4  , 0.425, 0.45 , 0.475, 0.5  
gdl:1.31786878e-01,0.00000000e+00,0.00000000e+00,0.00000000e+00,0.00000000e+00,0.00000000e+00,0.00000000e+00,0.00000000e+00,4.41253172e-06,4.41253172e-06,8.82506343e-06,1.10313293e-05,1.54438610e-05,8.82506343e-06,2.86814562e-05,3.97127854e-05,3.30939879e-05,1.98563927e-05,1.54438610e-05,1.01488229e-04,2.27245383e-04,2.57471226e-02,6.21416842e-02,2.42689244e-04,7.94255709e-05,1.76501269e-05,1.76501269e-05,8.82506343e-06,6.61879757e-06,8.82506343e-06,1.32375951e-05,8.82506343e-06,4.41253172e-06,1.10313293e-05,4.41253172e-06,4.41253172e-06,2.20626586e-06,2.20626586e-06,0.00000000e+00,2.20626586e-06
gdl_bin_edges:  0.    ,  4.5325,  9.065 , 13.5975, 18.13  , 22.6625, 27.195 , 31.7275, 36.26  , 40.7925, 45.325 , 49.8575, 54.39  , 58.9225, 63.455 , 67.9875, 72.52  , 77.0525, 81.585 , 86.1175, 90.65  , 95.1825, 99.715 ,104.2475,108.78  ,113.3125,117.845 ,122.3775,126.91  ,131.4425,135.975 ,140.5075,145.04  ,149.5725,154.105 ,158.6375,163.17  ,167.7025,172.235 ,176.7675,181.3   
ri: 0., 0., 0., 0., 0., 0., 0., 0., 0., 0., 0., 0., 0., 0., 0., 0., 0., 0., 0., 0.,40., 0., 0., 0., 0., 0., 0., 0., 0., 0., 0., 0., 0., 0., 0., 0., 0., 0., 0., 0.
ri_bin_edges:0.5  ,0.525,0.55 ,0.575,0.6  ,0.625,0.65 ,0.675,0.7  ,0.725,0.75 ,0.775,0.8  ,0.825,0.85 ,0.875,0.9  ,0.925,0.95 ,0.975,1.   ,1.025,1.05 ,1.075,1.1  ,1.125,1.15 ,1.175,1.2  ,1.225,1.25 ,1.275,1.3  ,1.325,1.35 ,1.375,1.4  ,1.425,1.45 ,1.475,1.5  
