period:1
ue_log_freq:1000
mac_log_freq:1000
mimo_layers:2
frequency:2412000000.0
bandwidth:50000000
ue_speed:5.555555555555555
max_distance:1000
shannon_cfg_bandwidth_mhz:50.0
shannon_cfg_mimo_layers:2
shannon_cfg_bw_efficiency:0.67
shannon_cfg_sinr_offset_db:0
shannon_cfg_ul_divisor:2
shannon_cfg_sinr_sample_rate:1000
n_ue:100
sinr_period:9.463597741343282
sinr_rate:105.66805852612856
ul_fairness:0.7562812694316118
dl_fairness:0.9265134747230912
ul_agg_throughput:0.1738725597790434
dl_agg_throughput:0.1665418456461217
ul_ave_throughput:0.001738725597790434
dl_ave_throughput:0.001665418456461217
ul_se:0.003477451195580868
dl_se:0.0033308369129224345
ul_ase:1.106907094275033e-09
dl_ase:1.0602383186491088e-09
ul_gr:0.005978512272707072, 0.005978512272707072, 0.005978512272707072, 0.005978512272707072, 0.005978512272707072, 0.005978512272707072, 0.005978512272707072, 0.005978512272707072, 0.005978512272707072, 0.005978512272707072, 0.005978512272707072, 0.005978512272707072, 0.005978512272707072, 0.005978512272707072, 0.005978512272707072, 0.005978512272707072, 0.005978512272707072, 0.005978512272707072, 0.005978512272707072, 0.005978512272707072, 0.005978512272707072, 0.005978512272707072, 0.005978512272707072, 0.005978512272707072, 0.005978512272707072, 0.005978512272707072, 0.005978512272707072, 0.005978512272707072, 0.005978512272707072, 0.005978512272707072, 0.005978512272707072, 0.005978512272707072, 0.005978512272707072, 0.005978512272707072, 0.005978512272707072, 0.005978512272707072, 0.005978512272707072, 0.005978512272707072, 0.005978512272707072, 0.005978512272707072, 0.005978512272707072, 0.005978512272707072, 0.005978512272707072, 0.005978512272707072, 0.005978512272707072, 0.005978512272707072, 0.005978512272707072, 0.005978512272707072, 0.005978512272707072, 0.005978512272707072, 0.005978512272707072, 0.005978512272707072, 0.005978512272707072, 0.005978512272707072, 0.005978512272707072, 0.005978512272707072, 0.005978512272707072, 0.005978512272707072, 0.005978512272707072, 0.005978512272707072, 0.005978512272707072, 0.005978512272707072, 0.005978512272707072, 0.005978512272707072, 0.005978512272707072, 0.005978512272707072, 0.005978512272707072, 0.005978512272707072, 0.005978512272707072, 0.005978512272707072, 0.005978512272707072, 0.005978512272707072, 0.005978512272707072, 0.005978512272707072, 0.005978512272707072, 0.005978512272707072, 0.005978512272707072, 0.005978512272707072, 0.005978512272707072, 0.005978512272707072, 0.005978512272707072, 0.005978512272707072, 0.005978512272707072, 0.005978512272707072, 0.005978512272707072, 0.005978512272707072, 0.005978512272707072, 0.005978512272707072, 0.005978512272707072, 0.005978512272707072, 0.005978512272707072, 0.005978512272707072, 0.005978512272707072, 0.005978512272707072, 0.005978512272707072, 0.005978512272707072, 0.005978512272707072, 0.005978512272707072, 0.005978512272707072, 0.005978512272707072
dl_gr:0.0027173157119048945, 0.0027173157119048945, 0.0027173157119048945, 0.0027173157119048945, 0.0027173157119048945, 0.0027173157119048945, 0.0027173157119048945, 0.0027173157119048945, 0.0027173157119048945, 0.0027173157119048945, 0.0027173157119048945, 0.0027173157119048945, 0.0027173157119048945, 0.0027173157119048945, 0.0027173157119048945, 0.0027173157119048945, 0.0027173157119048945, 0.0027173157119048945, 0.0027173157119048945, 0.0027173157119048945, 0.0027173157119048945, 0.0027173157119048945, 0.0027173157119048945, 0.0027173157119048945, 0.0027173157119048945, 0.0027173157119048945, 0.0027173157119048945, 0.0027173157119048945, 0.0027173157119048945, 0.0027173157119048945, 0.0027173157119048945, 0.0027173157119048945, 0.0027173157119048945, 0.0027173157119048945, 0.0027173157119048945, 0.0027173157119048945, 0.0027173157119048945, 0.0027173157119048945, 0.0027173157119048945, 0.0027173157119048945, 0.0027173157119048945, 0.0027173157119048945, 0.0027173157119048945, 0.0027173157119048945, 0.0027173157119048945, 0.0027173157119048945, 0.0027173157119048945, 0.0027173157119048945, 0.0027173157119048945, 0.0027173157119048945, 0.0027173157119048945, 0.0027173157119048945, 0.0027173157119048945, 0.0027173157119048945, 0.0027173157119048945, 0.0027173157119048945, 0.0027173157119048945, 0.0027173157119048945, 0.0027173157119048945, 0.0027173157119048945, 0.0027173157119048945, 0.0027173157119048945, 0.0027173157119048945, 0.0027173157119048945, 0.0027173157119048945, 0.0027173157119048945, 0.0027173157119048945, 0.0027173157119048945, 0.0027173157119048945, 0.0027173157119048945, 0.0027173157119048945, 0.0027173157119048945, 0.0027173157119048945, 0.0027173157119048945, 0.0027173157119048945, 0.0027173157119048945, 0.0027173157119048945, 0.0027173157119048945, 0.0027173157119048945, 0.0027173157119048945, 0.0027173157119048945, 0.0027173157119048945, 0.0027173157119048945, 0.0027173157119048945, 0.0027173157119048945, 0.0027173157119048945, 0.0027173157119048945, 0.0027173157119048945, 0.0027173157119048945, 0.0027173157119048945, 0.0027173157119048945, 0.0027173157119048945, 0.0027173157119048945, 0.0027173157119048945, 0.0027173157119048945, 0.0027173157119048945, 0.0027173157119048945, 0.0027173157119048945, 0.0027173157119048945, 0.0027173157119048945
ul_tr:0.005450541705216377, 0.005450541690878284, 0.005450540547327373, 0.005450542603033165, 0.005450542603033165, 0.005450542603033165, 0.005450541548147325, 0.005450542603033165, 0.005450541170207211, 0.005450542403722016, 0.005450542359948893, 0.0, 0.005450541548147325, 0.005450542759913339, 0.0, 0.005450540547327373, 0.005450541548147325, 0.0, 0.005450541333703684, 0.0054505418003483125, 0.005450541809321704, 0.0054505413166118545, 0.0, 0.005450541548147325, 0.005450541801288817, 0.00545054130811066, 0.005450545327581802, 0.005450541855213599, 0.0, 0.005450541759207821, 0.0054505403870673845, 0.0, 0.005450541801288817, 0.005450541809321704, 0.0, 0.005450541493305929, 0.0054505403870673845, 0.005450541493305929, 0.00545054529888895, 0.0, 0.005450541957113493, 0.0054505409832714844, 0.0, 0.005450543111354368, 0.00545054130811066, 0.005450540547327373, 0.005450541759207821, 0.005450541494700294, 0.005450541397433476, 0.005450540903369813, 0.005450541296684629, 0.0, 0.0, 0.0, 0.005450540686411866, 0.005450545385300817, 0.00545053764590856, 0.005450541855380256, 0.005450544512721514, 0.005450545396755735, 0.00545054175928004, 0.005450541493517027, 0.005450541798070662, 0.005450541855380256, 0.00545054175928004, 0.005450541307882895, 0.005450540388503972, 0.0, 0.0, 0.0, 0.005450545578951169, 0.005450540686411866, 0.005450541798070662, 0.005450541296684629, 0.005450540941508805, 0.0, 0.005450545458768958, 0.00545054175928004, 0.005450538842119882, 0.00545054175928004, 0.005450540941508805, 0.005450541831120493, 0.005450540388503972, 0.005450544977723461, 0.005450541703779345, 0.0, 0.005450541494700294, 0.00545054129292817, 0.005450541290150547, 0.0, 0.005450537386850731, 0.005450544414538081, 0.0, 0.005450541848319538, 0.0054505412305371915, 0.005450540599744459, 0.005450541151197156, 0.005450538449802789, 0.005450541212265985, 0.005450541906227431
dl_tr:0.0026481192413977004, 0.002648119194572524, 0.0026481195101161043, 0.0026481193820343317, 0.0026481193820343317, 0.0026481193820343317, 0.002648119194572524, 0.0026481193820343317, 0.002648119194572524, 0.002648119194572524, 0.002648119194572524, 0.0026481224623743126, 0.002648119194572524, 0.002648119194572524, 0.0, 0.0026481195101161043, 0.002648119194572524, 0.0026481223668796175, 0.0026481198262540973, 0.00264811919701961, 0.00264811919701961, 0.002648119639236709, 0.0026481195395033612, 0.002648119194572524, 0.00264811919701961, 0.00264811919701961, 0.002648119362442642, 0.002648119639236709, 0.0026481145454696963, 0.00264811919701961, 0.00264811919701961, 0.0026481240669407255, 0.00264811919701961, 0.00264811919701961, 0.0, 0.00264811919701961, 0.00264811919701961, 0.00264811919701961, 0.0026481194590967172, 0.0026481195981889892, 0.0026481198638353422, 0.00264811919701961, 0.002648124024698628, 0.0026481197894561415, 0.00264811919701961, 0.0026481195101161043, 0.00264811919701961, 0.002648119197630687, 0.0026481195099494472, 0.002648119354624743, 0.002648119197630687, 0.002648119596889062, 0.0, 0.0026481195936670183, 0.002648119197630687, 0.002648119785695239, 0.002648120247297372, 0.0026481195099494472, 0.0026481194340592187, 0.002648119728865063, 0.002648119197630687, 0.002648119197630687, 0.002648119197630687, 0.0026481195099494472, 0.002648119197630687, 0.002648119197630687, 0.002648119197630687, 0.00264811952643742, 0.0026481195655574693, 0.0026481195288317314, 0.002648119703255375, 0.002648119197630687, 0.002648119197630687, 0.002648119197630687, 0.0026481192413977004, 0.002648115035655797, 0.0026481195375479137, 0.0026481192621965444, 0.0026481197928115104, 0.002648119265863008, 0.002648119266974057, 0.002648119606332981, 0.002648119259752236, 0.0026481196240097774, 0.002648119281195489, 0.0026481196936836843, 0.0026481192861952116, 0.0026481192861952116, 0.0026481192878617856, 0.0026481196264874175, 0.0026481192652908175, 0.0026481198295928003, 0.002648119596422421, 0.0026481192800288877, 0.002648119274495862, 0.002648119282550969, 0.0026481193874562524, 0.002648119732181546, 0.0026481192833175938, 0.00264811931946003
ul_er:0.0, 0.0, 0.0, 0.0, 0.0, 0.0, 0.0, 0.0, 0.0, 0.0, 0.0, 0.0, 0.0, 0.0, 0.0, 0.0, 0.0, 0.0, 0.0, 0.0, 0.0, 0.0, 0.0, 0.0, 0.0, 0.0, 0.0, 0.0, 0.0, 0.0, 0.0, 0.0, 0.0, 0.0, 0.0, 0.0, 0.0, 0.0, 0.0, 0.0, 0.0, 0.0, 0.0, 0.0, 0.0, 0.0, 0.0, 0.0, 0.0, 0.0, 0.0, 0.0, 0.0, 0.0, 0.0, 0.0, 0.0, 0.0, 0.0, 0.0, 0.0, 0.0, 0.0, 0.0, 0.0, 0.0, 0.0, 0.0, 0.0, 0.0, 0.0, 0.0, 0.0, 0.0, 0.0, 0.0, 0.0, 0.0, 0.0, 0.0, 0.0, 0.0, 0.0, 0.0, 0.0, 0.0, 0.0, 0.0, 0.0, 0.0, 0.0, 0.0, 0.0, 0.0, 0.0, 0.0, 0.0, 0.0, 0.0, 0.0
dl_er:0.0, 0.0, 0.0, 0.0, 0.0, 0.0, 0.0, 0.0, 0.0, 0.0, 0.0, 0.0, 0.0, 0.0, 0.0, 0.0, 0.0, 0.0, 0.0, 0.0, 0.0, 0.0, 0.0, 0.0, 0.0, 0.0, 0.0, 0.0, 0.0, 0.0, 0.0, 0.0, 0.0, 0.0, 0.0, 0.0, 0.0, 0.0, 0.0, 0.0, 0.0, 0.0, 0.0, 0.0, 0.0, 0.0, 0.0, 0.0, 0.0, 0.0, 0.0, 0.0, 0.0, 0.0, 0.0, 0.0, 0.0, 0.0, 0.0, 0.0, 0.0, 0.0, 0.0, 0.0, 0.0, 0.0, 0.0, 0.0, 0.0, 0.0, 0.0, 0.0, 0.0, 0.0, 0.0, 0.0, 0.0, 0.0, 0.0, 0.0, 0.0, 0.0, 0.0, 0.0, 0.0, 0.0, 0.0, 0.0, 0.0, 0.0, 0.0, 0.0, 0.0, 0.0, 0.0, 0.0, 0.0, 0.0, 0.0, 0.0
ul_er_ratio:0.0, 0.0, 0.0, 0.0, 0.0, 0.0, 0.0, 0.0, 0.0, 0.0, 0.0, 0.0, 0.0, 0.0, 0.0, 0.0, 0.0, 0.0, 0.0, 0.0, 0.0, 0.0, 0.0, 0.0, 0.0, 0.0, 0.0, 0.0, 0.0, 0.0, 0.0, 0.0, 0.0, 0.0, 0.0, 0.0, 0.0, 0.0, 0.0, 0.0, 0.0, 0.0, 0.0, 0.0, 0.0, 0.0, 0.0, 0.0, 0.0, 0.0, 0.0, 0.0, 0.0, 0.0, 0.0, 0.0, 0.0, 0.0, 0.0, 0.0, 0.0, 0.0, 0.0, 0.0, 0.0, 0.0, 0.0, 0.0, 0.0, 0.0, 0.0, 0.0, 0.0, 0.0, 0.0, 0.0, 0.0, 0.0, 0.0, 0.0, 0.0, 0.0, 0.0, 0.0, 0.0, 0.0, 0.0, 0.0, 0.0, 0.0, 0.0, 0.0, 0.0, 0.0, 0.0, 0.0, 0.0, 0.0, 0.0, 0.0
dl_er_ratio:0.0, 0.0, 0.0, 0.0, 0.0, 0.0, 0.0, 0.0, 0.0, 0.0, 0.0, 0.0, 0.0, 0.0, 0.0, 0.0, 0.0, 0.0, 0.0, 0.0, 0.0, 0.0, 0.0, 0.0, 0.0, 0.0, 0.0, 0.0, 0.0, 0.0, 0.0, 0.0, 0.0, 0.0, 0.0, 0.0, 0.0, 0.0, 0.0, 0.0, 0.0, 0.0, 0.0, 0.0, 0.0, 0.0, 0.0, 0.0, 0.0, 0.0, 0.0, 0.0, 0.0, 0.0, 0.0, 0.0, 0.0, 0.0, 0.0, 0.0, 0.0, 0.0, 0.0, 0.0, 0.0, 0.0, 0.0, 0.0, 0.0, 0.0, 0.0, 0.0, 0.0, 0.0, 0.0, 0.0, 0.0, 0.0, 0.0, 0.0, 0.0, 0.0, 0.0, 0.0, 0.0, 0.0, 0.0, 0.0, 0.0, 0.0, 0.0, 0.0, 0.0, 0.0, 0.0, 0.0, 0.0, 0.0, 0.0, 0.0
ul_er_perc:0.0, 0.0, 0.0, 0.0, 0.0, 0.0, 0.0, 0.0, 0.0, 0.0, 0.0, 0.0, 0.0, 0.0, 0.0, 0.0, 0.0, 0.0, 0.0, 0.0, 0.0, 0.0, 0.0, 0.0, 0.0, 0.0, 0.0, 0.0, 0.0, 0.0, 0.0, 0.0, 0.0, 0.0, 0.0, 0.0, 0.0, 0.0, 0.0, 0.0, 0.0, 0.0, 0.0, 0.0, 0.0, 0.0, 0.0, 0.0, 0.0, 0.0, 0.0, 0.0, 0.0, 0.0, 0.0, 0.0, 0.0, 0.0, 0.0, 0.0, 0.0, 0.0, 0.0, 0.0, 0.0, 0.0, 0.0, 0.0, 0.0, 0.0, 0.0, 0.0, 0.0, 0.0, 0.0, 0.0, 0.0, 0.0, 0.0, 0.0, 0.0, 0.0, 0.0, 0.0, 0.0, 0.0, 0.0, 0.0, 0.0, 0.0, 0.0, 0.0, 0.0, 0.0, 0.0, 0.0, 0.0, 0.0, 0.0, 0.0
dl_er_perc:0.0, 0.0, 0.0, 0.0, 0.0, 0.0, 0.0, 0.0, 0.0, 0.0, 0.0, 0.0, 0.0, 0.0, 0.0, 0.0, 0.0, 0.0, 0.0, 0.0, 0.0, 0.0, 0.0, 0.0, 0.0, 0.0, 0.0, 0.0, 0.0, 0.0, 0.0, 0.0, 0.0, 0.0, 0.0, 0.0, 0.0, 0.0, 0.0, 0.0, 0.0, 0.0, 0.0, 0.0, 0.0, 0.0, 0.0, 0.0, 0.0, 0.0, 0.0, 0.0, 0.0, 0.0, 0.0, 0.0, 0.0, 0.0, 0.0, 0.0, 0.0, 0.0, 0.0, 0.0, 0.0, 0.0, 0.0, 0.0, 0.0, 0.0, 0.0, 0.0, 0.0, 0.0, 0.0, 0.0, 0.0, 0.0, 0.0, 0.0, 0.0, 0.0, 0.0, 0.0, 0.0, 0.0, 0.0, 0.0, 0.0, 0.0, 0.0, 0.0, 0.0, 0.0, 0.0, 0.0, 0.0, 0.0, 0.0, 0.0
ul_l:0.000196747339370035, 0.0002691849609966113, 0.0006007935289261708, 0.0005421707007666241, 0.0005421707007666241, 0.0005421707007666241, 0.000226537828076218, 0.0005421707007666241, 0.0004949350781734347, 0.0003433098027276262, 0.0003115247239320038, 0.0, 0.000226537828076218, 0.00024237456121326594, 0.0, 0.0006007935289261708, 0.000226537828076218, 0.0, 0.0007381653360035554, 0.0002831392611132715, 0.00017015495279151157, 0.00045752386344091994, 0.0, 0.000226537828076218, 0.0002048434186434087, 0.0003567470390144992, 0.0007400565595855787, 0.0004308414625520804, 0.0, 0.00016489795089161713, 0.0003294726139325593, 0.0, 0.0002048434186434087, 0.00017015495279151157, 0.0, 0.0002162912850730515, 0.0003294726139325593, 0.0002162912850730515, 0.0006937734688239542, 0.0, 0.0006407254016387979, 0.0003042211607244042, 0.0, 0.0006305955217932337, 0.0003567470390144992, 0.0006007935289261708, 0.00016489795089161713, 0.0002638221781067719, 0.0003888588849675019, 0.0005415540828176212, 0.0001846551803288706, 0.0, 0.0, 0.0, 0.00023363139273373704, 0.0006379421752680407, 0.0007936951410754958, 0.0004311740499916671, 0.0005839201059441142, 0.0005832334182267651, 0.0001644390758013444, 0.00021568033383700903, 0.0002821887817232376, 0.0004311740499916671, 0.0001644390758013444, 0.00035589602670962726, 0.0003285056944225321, 0.0, 0.0, 0.0, 0.0005305634748680629, 0.00023363139273373704, 0.0002821887817232376, 0.0001846551803288706, 0.0002514410108827287, 0.0, 0.000475604813521471, 0.00016604138491750457, 0.0007375389074551415, 0.00016604138491750457, 0.0002514410108827287, 0.0004044898633575912, 0.0003329865613577023, 0.0004110586581634354, 0.00022757255195822456, 0.0, 0.00026700348926726297, 0.0003347212109716127, 0.00033431772760402205, 0.0, 0.00033967724710293873, 0.0003157443764401978, 0.0, 0.0002049850608188434, 0.000202400582834287, 0.0001966430675906894, 0.0001928251447641798, 0.00019809600413865896, 4.93221326592967e-05, 3.7866375623576466e-05
dl_l:9.839029050608299e-05, 6.488547654574746e-05, 6.699699366701849e-05, 6.580148280651074e-05, 6.580148280651074e-05, 6.580148280651074e-05, 6.488547654574746e-05, 6.580148280651074e-05, 6.488547654574746e-05, 6.488547654574746e-05, 6.488547654574746e-05, 0.00017169688708405087, 6.488547654574746e-05, 6.488547654574746e-05, 0.0, 6.699699366701849e-05, 6.488547654574746e-05, 0.00016671605426920723, 7.738137742347647e-05, 6.436711478806733e-05, 6.436711478806733e-05, 6.898548637853453e-05, 0.00016246615766346315, 6.488547654574746e-05, 6.436711478806733e-05, 6.436711478806733e-05, 0.00014432864661963226, 6.898548637853453e-05, 0.00016112265445253042, 6.436711478806733e-05, 6.436711478806733e-05, 0.00014462131914893617, 6.436711478806733e-05, 6.436711478806733e-05, 0.0, 6.436711478806733e-05, 6.436711478806733e-05, 6.436711478806733e-05, 0.0001312341309427254, 0.00013429975051386034, 9.513444065885229e-05, 6.436711478806733e-05, 0.00013383691319926672, 7.818180067774011e-05, 6.436711478806733e-05, 6.699699366701849e-05, 6.436711478806733e-05, 6.366162525415254e-05, 6.641198466196322e-05, 7.45288724904172e-05, 6.366162525415254e-05, 0.00012171405713015943, 0.0, 0.00012033710556080219, 6.366162525415254e-05, 0.00011676175273040385, 0.00015256760102216546, 6.641198466196322e-05, 8.719533789789455e-05, 0.00011571284340869952, 6.366162525415254e-05, 6.366162525415254e-05, 6.366162525415254e-05, 6.641198466196322e-05, 6.366162525415254e-05, 6.366162525415254e-05, 6.366162525415254e-05, 0.00017482618028442866, 0.00011459420757735681, 0.00011210754128103994, 0.0001063894204210877, 6.366162525415254e-05, 6.366162525415254e-05, 6.366162525415254e-05, 9.815421624354203e-05, 0.00010707560923282039, 8.632478481195488e-05, 8.454535109160602e-05, 7.110661404921948e-05, 8.395266879062275e-05, 8.363839756680184e-05, 8.363841744347536e-05, 8.339906952947059e-05, 8.376885829120605e-05, 8.208082460418866e-05, 8.231230991056052e-05, 7.771683315371369e-05, 7.789943398700074e-05, 7.789111629353926e-05, 0.00017342862699850007, 7.816270496083552e-05, 7.721969844453086e-05, 7.573142590967168e-05, 7.135252539858896e-05, 7.059773531470474e-05, 7.014388050108327e-05, 6.687600046664075e-05, 6.375418222876506e-05, 4.599887606799622e-05, 3.861978439531138e-05
ul_il:0.010284681738525637, 0.0202881098853897, 0.12259033226271321, 0.09793309315227487, 0.09793309315227487, 0.09793309315227487, 0.014231507541186602, 0.09793309315227487, 0.08004501506144658, 0.03556848924284761, 0.028387223183767567, 0.0, 0.014231507541186602, 0.016359606004549748, 0.0, 0.12259033226271321, 0.014231507541186602, 0.0, 0.19945376491573247, 0.02265623918266763, 0.007793485996189102, 0.06737529015255819, 0.0, 0.014231507541186602, 0.011457812156180212, 0.03836548628271763, 0.2201855242489973, 0.058909917784189775, 0.0, 0.007250240928359536, 0.032008237876406866, 0.0, 0.011457812156180212, 0.007793485996189102, 0.0, 0.012916568769346149, 0.032008237876406866, 0.012916568769346149, 0.19278395367808457, 0.0, 0.1590115031547803, 0.026797965878184546, 0.0, 0.13913656143643133, 0.03836548628271763, 0.12259033226271321, 0.007250240928359536, 0.019498369162735403, 0.046904085512732625, 0.09795068307003499, 0.009202940184506415, 0.0, 0.0, 0.0, 0.015245106770979393, 0.16168390358587303, 0.2541678440177268, 0.058823737590283864, 0.12412751738496752, 0.128719236289445, 0.007222157168951726, 0.012870846837559024, 0.02259560932157658, 0.058823737590283864, 0.007222157168951726, 0.038305603465179715, 0.03195219021430476, 0.0, 0.0, 0.0, 0.10511186475441366, 0.015245106770979393, 0.02259560932157658, 0.009202940184506415, 0.017115885347330703, 0.0, 0.08171454769473364, 0.007231532784728626, 0.19210626053147603, 0.007231532784728626, 0.017115885347330703, 0.0500178666272096, 0.0318533904633576, 0.05905159924839732, 0.013941421771251598, 0.0, 0.019476342492822624, 0.03271971449674462, 0.032648726594683625, 0.0, 0.03973141440127772, 0.030520779609721688, 0.0, 0.011279822300161104, 0.011030880452952615, 0.010457836874068108, 0.010106871806571856, 0.009817750992911505, 0.0003463822401977668, 0.00010725316029109493
dl_il:0.002481006669385034, 0.000825369969512805, 0.0009379196155602467, 0.0008805332081106605, 0.0008805332081106605, 0.0008805332081106605, 0.000825369969512805, 0.0008805332081106605, 0.000825369969512805, 0.000825369969512805, 0.000825369969512805, 0.009454662985411921, 0.000825369969512805, 0.000825369969512805, 0.0, 0.0009379196155602467, 0.000825369969512805, 0.008843036704116439, 0.0014505859356869063, 0.0008244793301261041, 0.0008244793301261041, 0.0010418885501694351, 0.008274648244836397, 0.000825369969512805, 0.0008244793301261041, 0.0008244793301261041, 0.006678057824870841, 0.0010418885501694351, 0.008092909559902228, 0.0008244793301261041, 0.0008244793301261041, 0.006275514847975112, 0.0008244793301261041, 0.0008244793301261041, 0.0, 0.0008244793301261041, 0.0008244793301261041, 0.0008244793301261041, 0.005341854566996277, 0.005268925379673352, 0.002502866541758791, 0.0008244793301261041, 0.005075362800755513, 0.0015522990704516417, 0.0008244793301261041, 0.0009379196155602467, 0.0008244793301261041, 0.00081244666805733, 0.0009339674205155269, 0.0013067832910171656, 0.00081244666805733, 0.004208993444619743, 0.0, 0.004044352975006944, 0.00081244666805733, 0.0038535931407588466, 0.00764772643229265, 0.0009339674205155269, 0.0019382078621687684, 0.0037442481559802235, 0.00081244666805733, 0.00081244666805733, 0.00081244666805733, 0.0009339674205155269, 0.00081244666805733, 0.00081244666805733, 0.00081244666805733, 0.009758062604766402, 0.003623651015982445, 0.0034380536370201657, 0.003069320837275707, 0.00081244666805733, 0.00081244666805733, 0.00081244666805733, 0.0024799382955724677, 0.002950866756446864, 0.0017753424699683351, 0.0016619088556635744, 0.0011467048598744517, 0.001639963753724793, 0.0016188311889228377, 0.0016360947581134382, 0.0016130103798011222, 0.0016724492493972558, 0.0015425496869785013, 0.0015925415625354148, 0.0013478554672684852, 0.0013452659430198321, 0.0013456243102772066, 0.009562507026187436, 0.001381994794666963, 0.0013275343657241261, 0.00123245445928004, 0.0010126357830009443, 0.0010056057221765457, 0.000987049666790734, 0.0009480123768012887, 0.0008144185452585969, 0.00023680997705683018, 9.296696730181654e-05
sinr_ul:0.0054721 ,0.        ,0.        ,0.0054721 ,0.0054721 ,0.        ,0.01094419,0.0054721 ,0.0054721 ,0.01094419,0.0054721 ,0.04377676,0.02188838,0.01641629,0.01641629,0.0054721 ,0.0054721 ,0.0054721 ,0.0054721 ,0.01094419,0.01094419,0.03830467,0.07113724,0.04377676,0.03283257,0.02736048,0.03283257,0.01641629,0.01641629,0.02188838,0.0054721 ,0.01641629,0.        ,0.        ,0.01094419,0.0054721 ,0.0054721 ,0.        ,0.        ,0.0054721 
sinr_ul_bin_edges:-19.140135  ,-17.31268153,-15.48522805,-13.65777458,-11.8303211 ,-10.00286763, -8.17541415, -6.34796068, -4.5205072 , -2.69305373, -0.86560025,  0.96185322,  2.7893067 ,  4.61676017,  6.44421365,  8.27166713, 10.0991206 , 11.92657407, 13.75402755, 15.58148103, 17.4089345 , 19.23638797, 21.06384145, 22.89129492, 24.7187484 , 26.54620188, 28.37365535, 30.20110882, 32.0285623 , 33.85601577, 35.68346925, 37.51092273, 39.3383762 , 41.16582967, 42.99328315, 44.82073663, 46.6481901 , 48.47564357, 50.30309705, 52.13055053, 53.958004  
sinr_dl:0.0054724 ,0.        ,0.        ,0.0054724 ,0.0054724 ,0.        ,0.0109448 ,0.0054724 ,0.0054724 ,0.0109448 ,0.0054724 ,0.04377922,0.02188961,0.01641721,0.01641721,0.0054724 ,0.0054724 ,0.0054724 ,0.0054724 ,0.0109448 ,0.0109448 ,0.03830682,0.06566883,0.04925162,0.03283441,0.02736201,0.03283441,0.01641721,0.01641721,0.02188961,0.0054724 ,0.01641721,0.        ,0.        ,0.0109448 ,0.0054724 ,0.0054724 ,0.        ,0.        ,0.0054724 
sinr_dl_bin_edges:-6.41886 ,-4.591509,-2.764158,-0.936807, 0.890544, 2.717895, 4.545246, 6.372597, 8.199948,10.027299,11.85465 ,13.682001,15.509352,17.336703,19.164054,20.991405,22.818756,24.646107,26.473458,28.300809,30.12816 ,31.955511,33.782862,35.610213,37.437564,39.264915,41.092266,42.919617,44.746968,46.574319,48.40167 ,50.229021,52.056372,53.883723,55.711074,57.538425,59.365776,61.193127,63.020478,64.847829,66.67518 
rsrp_ul:0.00547679,0.        ,0.        ,0.00547679,0.        ,0.00547679,0.01095357,0.        ,0.01095357,0.01095357,0.00547679,0.03286072,0.03286072,0.01643036,0.01643036,0.00547679,0.00547679,0.00547679,0.00547679,0.01095357,0.01095357,0.03286072,0.07119822,0.04929108,0.02738393,0.02738393,0.0383375 ,0.01643036,0.01643036,0.02190715,0.00547679,0.01643036,0.        ,0.        ,0.01095357,0.00547679,0.00547679,0.        ,0.        ,0.00547679
rsrp_ul_bin_edges:-135.9228   ,-134.0969117,-132.2710234,-130.4451351,-128.6192468,-126.7933585,-124.9674702,-123.1415819,-121.3156936,-119.4898053,-117.663917 ,-115.8380287,-114.0121404,-112.1862521,-110.3603638,-108.5344755,-106.7085872,-104.8826989,-103.0568106,-101.2309223, -99.405034 , -97.5791457, -95.7532574, -93.9273691, -92.1014808, -90.2755925, -88.4497042, -86.6238159, -84.7979276, -82.9720393, -81.146151 , -79.3202627, -77.4943744, -75.6684861, -73.8425978, -72.0167095, -70.1908212, -68.3649329, -66.5390446, -64.7131563, -62.887268 
rsrp_dl:0.00547679,0.        ,0.        ,0.00547679,0.        ,0.00547679,0.01095357,0.        ,0.01095357,0.01095357,0.00547679,0.03286072,0.03286072,0.01643036,0.01643036,0.00547679,0.00547679,0.00547679,0.00547679,0.01095357,0.01095357,0.03286072,0.07119823,0.04929108,0.02738393,0.02738393,0.03833751,0.01643036,0.01643036,0.02190715,0.00547679,0.01643036,0.        ,0.        ,0.01095357,0.00547679,0.00547679,0.        ,0.        ,0.00547679
rsrp_dl_bin_edges:-129.9022    ,-128.07631183,-126.25042365,-124.42453547,-122.5986473 ,-120.77275912,-118.94687095,-117.12098277,-115.2950946 ,-113.46920642,-111.64331825,-109.81743007,-107.9915419 ,-106.16565372,-104.33976555,-102.51387737,-100.6879892 , -98.86210102, -97.03621285, -95.21032467, -93.3844365 , -91.55854833, -89.73266015, -87.90677197, -86.0808838 , -84.25499562, -82.42910745, -80.60321927, -78.7773311 , -76.95144292, -75.12555475, -73.29966658, -71.4737784 , -69.64789022, -67.82200205, -65.99611387, -64.1702257 , -62.34433753, -60.51844935, -58.69256117, -56.866673  
cqi_ul:0.50666667,0.        ,0.24      ,0.        ,0.        ,0.05333333,0.        ,0.        ,0.05333333,0.        ,0.05333333,0.        ,0.        ,0.05333333,0.        ,0.        ,0.02666667,0.        ,0.34666667,0.        ,0.        ,0.34666667,0.        ,0.        ,0.13333333,0.        ,0.13333333,0.        ,0.        ,0.13333333,0.        ,0.        ,0.13333333,0.        ,0.10666667,0.        ,0.        ,0.08      ,0.        ,0.26666667
cqi_ul_bin_edges: 0.   , 0.375, 0.75 , 1.125, 1.5  , 1.875, 2.25 , 2.625, 3.   , 3.375, 3.75 , 4.125, 4.5  , 4.875, 5.25 , 5.625, 6.   , 6.375, 6.75 , 7.125, 7.5  , 7.875, 8.25 , 8.625, 9.   , 9.375, 9.75 ,10.125,10.5  ,10.875,11.25 ,11.625,12.   ,12.375,12.75 ,13.125,13.5  ,13.875,14.25 ,14.625,15.   
cqi_dl:0.08      ,0.        ,0.05333333,0.        ,0.        ,0.10666667,0.        ,0.        ,0.18666667,0.        ,0.16      ,0.        ,0.        ,0.05333333,0.        ,0.        ,0.10666667,0.        ,0.02666667,0.        ,0.        ,0.02666667,0.        ,0.        ,0.02666667,0.        ,0.02666667,0.        ,0.        ,0.02666667,0.        ,0.        ,0.05333333,0.        ,0.08      ,0.        ,0.        ,0.32      ,0.        ,1.33333333
cqi_dl_bin_edges: 0.   , 0.375, 0.75 , 1.125, 1.5  , 1.875, 2.25 , 2.625, 3.   , 3.375, 3.75 , 4.125, 4.5  , 4.875, 5.25 , 5.625, 6.   , 6.375, 6.75 , 7.125, 7.5  , 7.875, 8.25 , 8.625, 9.   , 9.375, 9.75 ,10.125,10.5  ,10.875,11.25 ,11.625,12.   ,12.375,12.75 ,13.125,13.5  ,13.875,14.25 ,14.625,15.   
mcs_ul:0.4       ,0.01428571,0.01428571,0.        ,0.01428571,0.01428571,0.        ,0.        ,0.02857143,0.        ,0.        ,0.02857143,0.        ,0.        ,0.01428571,0.1       ,0.        ,0.08571429,0.11428571,0.        ,0.07142857,0.01428571,0.05714286,0.        ,0.02857143,0.04285714,0.        ,0.02857143,0.04285714,0.        ,0.04285714,0.02857143,0.02857143,0.        ,0.02857143,0.01428571,0.        ,0.02857143,0.        ,0.14285714
mcs_ul_bin_edges: 0. , 0.7, 1.4, 2.1, 2.8, 3.5, 4.2, 4.9, 5.6, 6.3, 7. , 7.7, 8.4, 9.1, 9.8,10.5,11.2,11.9,12.6,13.3,14. ,14.7,15.4,16.1,16.8,17.5,18.2,18.9,19.6,20.3,21. ,21.7,22.4,23.1,23.8,24.5,25.2,25.9,26.6,27.3,28. 
mcs_dl:0.07142857,0.02857143,0.02857143,0.        ,0.01428571,0.08571429,0.        ,0.04285714,0.04285714,0.        ,0.01428571,0.01428571,0.01428571,0.        ,0.04285714,0.        ,0.        ,0.01428571,0.        ,0.        ,0.01428571,0.        ,0.01428571,0.        ,0.        ,0.01428571,0.        ,0.        ,0.01428571,0.        ,0.01428571,0.01428571,0.01428571,0.        ,0.02857143,0.1       ,0.        ,0.07142857,0.        ,0.71428571
mcs_dl_bin_edges: 0. , 0.7, 1.4, 2.1, 2.8, 3.5, 4.2, 4.9, 5.6, 6.3, 7. , 7.7, 8.4, 9.1, 9.8,10.5,11.2,11.9,12.6,13.3,14. ,14.7,15.4,16.1,16.8,17.5,18.2,18.9,19.6,20.3,21. ,21.7,22.4,23.1,23.8,24.5,25.2,25.9,26.6,27.3,28. 
eff_ul:1.02615341,0.48607267,0.05400807,0.05400807,0.05400807,0.        ,0.05400807,0.        ,0.        ,0.10801615,0.        ,0.10801615,0.        ,0.05400807,0.37805652,0.        ,0.32404845,0.43206459,0.        ,0.27004037,0.        ,0.05400807,0.2160323 ,0.        ,0.10801615,0.        ,0.16202422,0.10801615,0.16202422,0.16202422,0.        ,0.10801615,0.        ,0.10801615,0.        ,0.10801615,0.        ,0.05400807,0.10801615,0.54008074
eff_ul_bin_edges:0.       ,0.1851575,0.370315 ,0.5554725,0.74063  ,0.9257875,1.110945 ,1.2961025,1.48126  ,1.6664175,1.851575 ,2.0367325,2.22189  ,2.4070475,2.592205 ,2.7773625,2.96252  ,3.1476775,3.332835 ,3.5179925,3.70315  ,3.8883075,4.073465 ,4.2586225,4.44378  ,4.6289375,4.814095 ,4.9992525,5.18441  ,5.3695675,5.554725 ,5.7398825,5.92504  ,6.1101975,6.295355 ,6.4805125,6.66567  ,6.8508275,7.035985 ,7.2211425,7.4063   
eff_dl:0.16202422,0.10801615,0.10801615,0.10801615,0.05400807,0.        ,0.32404845,0.16202422,0.        ,0.16202422,0.05400807,0.05400807,0.05400807,0.16202422,0.        ,0.        ,0.05400807,0.        ,0.        ,0.05400807,0.        ,0.        ,0.05400807,0.        ,0.        ,0.        ,0.05400807,0.        ,0.05400807,0.05400807,0.        ,0.05400807,0.        ,0.05400807,0.        ,0.10801615,0.        ,0.37805652,0.27004037,2.70040371
eff_dl_bin_edges:0.       ,0.1851575,0.370315 ,0.5554725,0.74063  ,0.9257875,1.110945 ,1.2961025,1.48126  ,1.6664175,1.851575 ,2.0367325,2.22189  ,2.4070475,2.592205 ,2.7773625,2.96252  ,3.1476775,3.332835 ,3.5179925,3.70315  ,3.8883075,4.073465 ,4.2586225,4.44378  ,4.6289375,4.814095 ,4.9992525,5.18441  ,5.3695675,5.554725 ,5.7398825,5.92504  ,6.1101975,6.295355 ,6.4805125,6.66567  ,6.8508275,7.035985 ,7.2211425,7.4063   
rul:1.79925502e+01,4.35750491e-01,8.03644534e-02,7.83038264e-03,8.60311776e-03,8.85039301e-03,6.00672773e-03,8.03644534e-04,5.97581833e-04,8.75766479e-04,5.66672428e-04,2.88487781e-04,2.36972106e-04,4.63641077e-04,2.98790916e-04,3.70912862e-04,1.33940756e-04,2.78184646e-04,4.84247347e-04,1.33940756e-04,8.24250804e-05,1.85456431e-04,1.85456431e-04,9.27282154e-05,6.18188103e-05,1.03031350e-04,3.09094051e-05,2.98790916e-04,5.15156752e-05,0.00000000e+00,1.03031350e-05,3.09094051e-05,2.06062701e-05,2.06062701e-05,0.00000000e+00,0.00000000e+00,0.00000000e+00,0.00000000e+00,0.00000000e+00,1.03031350e-05
rul_bin_edges:0.        ,0.05391803,0.10783605,0.16175407,0.2156721 ,0.26959013,0.32350815,0.37742618,0.4313442 ,0.48526222,0.53918025,0.59309828,0.6470163 ,0.70093432,0.75485235,0.80877038,0.8626884 ,0.91660643,0.97052445,1.02444248,1.0783605 ,1.13227853,1.18619655,1.24011457,1.2940326 ,1.34795062,1.40186865,1.45578668,1.5097047 ,1.56362273,1.61754075,1.67145878,1.7253768 ,1.77929483,1.83321285,1.88713087,1.9410489 ,1.99496692,2.04888495,2.10280297,2.156721  
rdl:9.62105733e+00,5.85702241e-02,3.64612204e-02,2.59279789e-03,1.54487541e-03,9.66897548e-04,5.83379526e-04,3.29501399e-04,4.37534644e-04,1.99861504e-04,9.18282587e-05,9.18282587e-05,5.94182851e-05,4.32132982e-05,6.48199473e-05,4.86149605e-05,7.02216096e-05,4.32132982e-05,3.78116359e-05,3.78116359e-05,2.16066491e-05,1.62049868e-05,3.78116359e-05,3.24099737e-05,2.16066491e-05,2.16066491e-05,1.08033246e-05,0.00000000e+00,1.08033246e-05,5.40166228e-06,5.40166228e-06,0.00000000e+00,0.00000000e+00,0.00000000e+00,0.00000000e+00,5.40166228e-06,0.00000000e+00,5.40166228e-06,0.00000000e+00,5.40166228e-06
rdl_bin_edges:0.        ,0.10284328,0.20568657,0.30852985,0.41137314,0.51421642,0.61705971,0.71990299,0.82274628,0.92558956,1.02843285,1.13127614,1.23411942,1.3369627 ,1.43980599,1.54264927,1.64549256,1.74833584,1.85117913,1.95402241,2.0568657 ,2.15970898,2.26255227,2.36539555,2.46823884,2.57108212,2.67392541,2.77676869,2.87961198,2.98245526,3.08529855,3.18814183,3.29098512,3.3938284 ,3.49667169,3.59951497,3.70235826,3.80520154,3.90804483,4.01088811,4.1137314 
lul:6.84526083e+03,0.00000000e+00,0.00000000e+00,0.00000000e+00,0.00000000e+00,0.00000000e+00,0.00000000e+00,0.00000000e+00,0.00000000e+00,0.00000000e+00,0.00000000e+00,0.00000000e+00,0.00000000e+00,0.00000000e+00,0.00000000e+00,0.00000000e+00,0.00000000e+00,0.00000000e+00,0.00000000e+00,0.00000000e+00,0.00000000e+00,0.00000000e+00,4.37123735e+02,5.06367517e+00,3.78215343e+00,2.23018068e+00,4.65175746e+00,2.35916501e+00,1.95972967e+00,1.70155297e+02,1.58941981e+01,1.66431394e-02,4.45203979e-01,1.12341191e-01,2.24682382e-01,2.08039243e-01,6.24117728e-02,7.90549122e-02,8.32156970e-02,1.16501976e-01
lul_bin_edges:0.        ,0.00013351,0.00026703,0.00040054,0.00053406,0.00066757,0.00080109,0.0009346 ,0.00106812,0.00120163,0.00133514,0.00146866,0.00160217,0.00173569,0.0018692 ,0.00200272,0.00213623,0.00226974,0.00240326,0.00253677,0.00267029,0.0028038 ,0.00293732,0.00307083,0.00320435,0.00333786,0.00347137,0.00360489,0.0037384 ,0.00387192,0.00400543,0.00413895,0.00427246,0.00440598,0.00453949,0.004673  ,0.00480652,0.00494003,0.00507355,0.00520706,0.00534058
ldl:8.66895080e+03,0.00000000e+00,0.00000000e+00,0.00000000e+00,0.00000000e+00,0.00000000e+00,0.00000000e+00,0.00000000e+00,0.00000000e+00,0.00000000e+00,0.00000000e+00,0.00000000e+00,0.00000000e+00,0.00000000e+00,0.00000000e+00,0.00000000e+00,0.00000000e+00,0.00000000e+00,0.00000000e+00,0.00000000e+00,0.00000000e+00,0.00000000e+00,0.00000000e+00,0.00000000e+00,0.00000000e+00,0.00000000e+00,1.16220584e+02,1.29830581e+00,1.29336929e+00,2.08321313e+00,2.49788114e+00,4.83680621e+01,1.55994158e+00,6.51621167e-01,3.65302776e-01,4.24590429e+01,2.27080104e-01,0.00000000e+00,1.77714864e-01,8.39209079e-02
ldl_bin_edges:0.        ,0.00011253,0.00022507,0.0003376 ,0.00045013,0.00056267,0.0006752 ,0.00078774,0.00090027,0.0010128 ,0.00112534,0.00123787,0.0013504 ,0.00146294,0.00157547,0.001688  ,0.00180054,0.00191307,0.0020256 ,0.00213814,0.00225067,0.00236321,0.00247574,0.00258827,0.00270081,0.00281334,0.00292587,0.00303841,0.00315094,0.00326347,0.00337601,0.00348854,0.00360107,0.00371361,0.00382614,0.00393868,0.00405121,0.00416374,0.00427628,0.00438881,0.00450134
ilul:6.67600125e+00,1.25465656e-01,8.93077559e-02,6.21546817e-02,4.60022259e-02,3.01111238e-02,2.17755221e-02,1.65246870e-02,1.23588660e-02,9.51565367e-03,7.30998613e-03,5.24687521e-03,4.14602139e-03,3.24316286e-03,2.35614396e-03,2.13042933e-03,1.77799771e-03,1.52852364e-03,1.29488920e-03,1.28696939e-03,1.10877363e-03,1.06521466e-03,8.23660410e-04,7.68221728e-04,7.12783047e-04,6.37544836e-04,5.78146249e-04,4.63308980e-04,3.84110864e-04,3.92030676e-04,3.04912748e-04,3.60351429e-04,2.69273595e-04,1.62356138e-04,2.41554255e-04,1.14837269e-04,9.89976454e-05,9.89976454e-05,5.14787756e-05,5.14787756e-05
ilul_bin_edges:0.        ,0.14028735,0.2805747 ,0.42086205,0.5611494 ,0.70143675,0.8417241 ,0.98201145,1.1222988 ,1.26258615,1.4028735 ,1.54316085,1.6834482 ,1.82373555,1.9640229 ,2.10431025,2.2445976 ,2.38488495,2.5251723 ,2.66545965,2.805747  ,2.94603435,3.0863217 ,3.22660905,3.3668964 ,3.50718375,3.6474711 ,3.78775845,3.9280458 ,4.06833315,4.2086205 ,4.34890785,4.4891952 ,4.62948255,4.7697699 ,4.91005725,5.0503446 ,5.19063195,5.3309193 ,5.47120665,5.611494  
ildl:4.09709357e+01,1.82200991e-01,1.04398490e-01,5.77631627e-02,3.55998389e-02,3.42146312e-02,2.71962453e-02,2.77734152e-02,1.84001761e-02,1.39444246e-02,9.65028059e-03,7.87259732e-03,8.17272566e-03,6.60282356e-03,5.79478571e-03,3.94784206e-03,3.55536653e-03,4.08636283e-03,3.23215139e-03,3.64771371e-03,3.13980421e-03,2.86276266e-03,2.81658907e-03,2.51646073e-03,2.81658907e-03,2.17015879e-03,1.91620404e-03,1.98546443e-03,1.33903415e-03,1.66224929e-03,1.22360017e-03,1.03890580e-03,1.24668697e-03,7.38777461e-04,8.08037848e-04,4.38649118e-04,2.53954752e-04,3.00128344e-04,1.61607570e-04,1.15433978e-04
ildl_bin_edges:0.        ,0.02406244,0.04812488,0.07218733,0.09624977,0.12031221,0.14437465,0.1684371 ,0.19249954,0.21656198,0.24062443,0.26468687,0.28874931,0.31281175,0.33687419,0.36093664,0.38499908,0.40906152,0.43312396,0.45718641,0.48124885,0.50531129,0.52937373,0.55343618,0.57749862,0.60156106,0.6256235 ,0.64968595,0.67374839,0.69781083,0.72187327,0.74593572,0.76999816,0.7940606 ,0.81812304,0.84218549,0.86624793,0.89031037,0.91437282,0.93843526,0.9624977 
eul: 0., 0., 0., 0., 0., 0., 0., 0., 0., 0., 0., 0., 0., 0., 0., 0., 0., 0., 0., 0.,40., 0., 0., 0., 0., 0., 0., 0., 0., 0., 0., 0., 0., 0., 0., 0., 0., 0., 0., 0.
eul_bin_edges:-0.5  ,-0.475,-0.45 ,-0.425,-0.4  ,-0.375,-0.35 ,-0.325,-0.3  ,-0.275,-0.25 ,-0.225,-0.2  ,-0.175,-0.15 ,-0.125,-0.1  ,-0.075,-0.05 ,-0.025, 0.   , 0.025, 0.05 , 0.075, 0.1  , 0.125, 0.15 , 0.175, 0.2  , 0.225, 0.25 , 0.275, 0.3  , 0.325, 0.35 , 0.375, 0.4  , 0.425, 0.45 , 0.475, 0.5  
edl: 0., 0., 0., 0., 0., 0., 0., 0., 0., 0., 0., 0., 0., 0., 0., 0., 0., 0., 0., 0.,40., 0., 0., 0., 0., 0., 0., 0., 0., 0., 0., 0., 0., 0., 0., 0., 0., 0., 0., 0.
edl_bin_edges:-0.5  ,-0.475,-0.45 ,-0.425,-0.4  ,-0.375,-0.35 ,-0.325,-0.3  ,-0.275,-0.25 ,-0.225,-0.2  ,-0.175,-0.15 ,-0.125,-0.1  ,-0.075,-0.05 ,-0.025, 0.   , 0.025, 0.05 , 0.075, 0.1  , 0.125, 0.15 , 0.175, 0.2  , 0.225, 0.25 , 0.275, 0.3  , 0.325, 0.35 , 0.375, 0.4  , 0.425, 0.45 , 0.475, 0.5  
gul:3.77840962e+00,2.10426020e-04,1.47298214e-03,6.31278060e-04,0.00000000e+00,0.00000000e+00,0.00000000e+00,3.78766836e-03,0.00000000e+00,0.00000000e+00,2.10426020e-04,1.05213010e-03,1.26255612e-03,2.10426020e-04,2.10426020e-04,0.00000000e+00,0.00000000e+00,0.00000000e+00,0.00000000e+00,0.00000000e+00,2.10426020e-04,0.00000000e+00,0.00000000e+00,0.00000000e+00,0.00000000e+00,0.00000000e+00,0.00000000e+00,0.00000000e+00,0.00000000e+00,0.00000000e+00,0.00000000e+00,0.00000000e+00,0.00000000e+00,0.00000000e+00,0.00000000e+00,0.00000000e+00,0.00000000e+00,0.00000000e+00,0.00000000e+00,2.10426020e-04
gul_bin_edges: 0.   , 0.264, 0.528, 0.792, 1.056, 1.32 , 1.584, 1.848, 2.112, 2.376, 2.64 , 2.904, 3.168, 3.432, 3.696, 3.96 , 4.224, 4.488, 4.752, 5.016, 5.28 , 5.544, 5.808, 6.072, 6.336, 6.6  , 6.864, 7.128, 7.392, 7.656, 7.92 , 8.184, 8.448, 8.712, 8.976, 9.24 , 9.504, 9.768,10.032,10.296,10.56 
gdl:9.84344998e+00,3.29102306e-03,0.00000000e+00,0.00000000e+00,9.32456535e-03,0.00000000e+00,4.38803075e-03,2.74251922e-03,5.48503844e-04,0.00000000e+00,1.64551153e-03,0.00000000e+00,4.38803075e-03,1.64551153e-03,0.00000000e+00,0.00000000e+00,0.00000000e+00,0.00000000e+00,0.00000000e+00,5.48503844e-04,1.09700769e-03,0.00000000e+00,0.00000000e+00,0.00000000e+00,0.00000000e+00,0.00000000e+00,0.00000000e+00,0.00000000e+00,0.00000000e+00,0.00000000e+00,0.00000000e+00,0.00000000e+00,0.00000000e+00,0.00000000e+00,0.00000000e+00,0.00000000e+00,0.00000000e+00,0.00000000e+00,0.00000000e+00,5.48503844e-04
gdl_bin_edges:0.     ,0.10128,0.20256,0.30384,0.40512,0.5064 ,0.60768,0.70896,0.81024,0.91152,1.0128 ,1.11408,1.21536,1.31664,1.41792,1.5192 ,1.62048,1.72176,1.82304,1.92432,2.0256 ,2.12688,2.22816,2.32944,2.43072,2.532  ,2.63328,2.73456,2.83584,2.93712,3.0384 ,3.13968,3.24096,3.34224,3.44352,3.5448 ,3.64608,3.74736,3.84864,3.94992,4.0512 
ri: 0., 0., 0., 0., 0., 0., 0., 0., 0., 0., 0., 0., 0., 0., 0., 0., 0., 0., 0., 0.,40., 0., 0., 0., 0., 0., 0., 0., 0., 0., 0., 0., 0., 0., 0., 0., 0., 0., 0., 0.
ri_bin_edges:0.5  ,0.525,0.55 ,0.575,0.6  ,0.625,0.65 ,0.675,0.7  ,0.725,0.75 ,0.775,0.8  ,0.825,0.85 ,0.875,0.9  ,0.925,0.95 ,0.975,1.   ,1.025,1.05 ,1.075,1.1  ,1.125,1.15 ,1.175,1.2  ,1.225,1.25 ,1.275,1.3  ,1.325,1.35 ,1.375,1.4  ,1.425,1.45 ,1.475,1.5  
