period:1
ue_log_freq:1000
mac_log_freq:1000
mimo_layers:2
frequency:2412000000.0
bandwidth:50000000
ue_speed:5.555555555555555
max_distance:1000
shannon_cfg_bandwidth_mhz:50.0
shannon_cfg_mimo_layers:2
shannon_cfg_bw_efficiency:0.67
shannon_cfg_sinr_offset_db:0
shannon_cfg_ul_divisor:2
shannon_cfg_sinr_sample_rate:1000
n_ue:30
sinr_period:9.463597741343282
sinr_rate:105.66805852612856
ul_fairness:0.8097216571762218
dl_fairness:0.6144785417377578
ul_agg_throughput:12.824476718448087
dl_agg_throughput:18.605336499831054
ul_ave_throughput:0.4274825572816029
dl_ave_throughput:0.6201778833277019
ul_se:0.25648953436896177
dl_se:0.3721067299966211
ul_ase:8.164315449231768e-08
dl_ase:1.1844525087344699e-07
ul_gr:0.09599920740762992, 0.09599920740762992, 0.09599920740762992, 0.09599920740762992, 0.09599920740762992, 0.09599920740762992, 0.09599920740762992, 0.09599920740762992, 0.09599920740762992, 0.09599920740762992, 0.09599920740762992, 0.09599920740762992, 0.09599920740762992, 0.09599920740762992, 0.09599920740762992, 0.09599920740762992, 0.09599920740762992, 0.09599920740762992, 0.09599920740762992, 0.09599920740762992, 0.09599920740762992, 0.09599920740762992, 0.09599920740762992, 0.09599920740762992, 0.09599920740762992, 0.09599920740762992, 0.09599920740762992, 0.09599920740762992, 0.09599920740762992, 0.09599920740762992
dl_gr:0.09599920740762992, 0.09599920740762992, 0.09599920740762992, 0.09599920740762992, 0.09599920740762992, 0.09599920740762992, 0.09599920740762992, 0.09599920740762992, 0.09599920740762992, 0.09599920740762992, 0.09599920740762992, 0.09599920740762992, 0.09599920740762992, 0.09599920740762992, 0.09599920740762992, 0.09599920740762992, 0.09599920740762992, 0.09599920740762992, 0.09599920740762992, 0.09599920740762992, 0.09599920740762992, 0.09599920740762992, 0.09599920740762992, 0.09599920740762992, 0.09599920740762992, 0.09599920740762992, 0.09599920740762992, 0.09599920740762992, 0.09599920740762992, 0.09599920740762992
ul_tr:0.09598738461951152, 0.09599120331203909, 0.09599120212668227, 0.09599120198779176, 0.09064515942911311, 0.09325814140338831, 0.07860605576961859, 0.09045225793330056, 0.09599120198779176, 0.08662327639172175, 0.09599120177873519, 0.0959912022368897, 0.07011923278690178, 0.08490573962503646, 0.09599120110154082, 0.09599120417204857, 0.08886006066731943, 0.09599119780933493, 0.09167522506351614, 0.09429521534249716, 0.09466961308009934, 0.09546000266157782, 0.08103410449005426, 0.05445101030980576, 0.08268640179802669, 0.048877641749518745, 0.09320482297410854, 0.09599120271050242, 0.09599120889910084, 0.03179732031204739
dl_tr:0.09599120529803919, 0.09599121425270624, 0.09599120452001232, 0.09599120198779176, 0.09572880456236199, 0.09599122333099724, 0.09599120588100933, 0.09599121485521787, 0.09599120198779176, 0.09494241568131932, 0.0959912019886251, 0.09599120199129176, 0.09444965417837352, 0.09587523422444812, 0.09599122660484496, 0.09599120697742519, 0.09599123450477912, 0.09599128834635544, 0.09596321766424447, 0.09599120199795837, 0.09517282370066081, 0.09599124113126557, 0.09599124376669362, 0.09566805537411353, 0.09599123809524922, 0.09169529388817592, 0.09461202397937515, 0.09599121172266065, 0.09599124971497738, 0.03574770794565045
ul_er:0.0, 0.0, 0.0, 0.0, 0.0, 0.0, 0.0, 0.0, 0.0, 0.0, 0.0, 0.0, 0.0, 0.0, 0.0, 0.0, 0.0, 0.0, 0.0, 0.0, 0.0, 0.0, 0.0, 0.0, 0.0, 0.0, 0.0, 0.0, 0.0, 0.0
dl_er:0.0, 0.0, 0.0, 0.0, 0.0, 0.0, 0.0, 0.0, 0.0, 0.0, 0.0, 0.0, 0.0, 0.0, 0.0, 0.0, 0.0, 0.0, 0.0, 0.0, 0.0, 0.0, 0.0, 0.0, 0.0, 0.0, 0.0, 0.0, 0.0, 0.0
ul_er_ratio:0.0, 0.0, 0.0, 0.0, 0.0, 0.0, 0.0, 0.0, 0.0, 0.0, 0.0, 0.0, 0.0, 0.0, 0.0, 0.0, 0.0, 0.0, 0.0, 0.0, 0.0, 0.0, 0.0, 0.0, 0.0, 0.0, 0.0, 0.0, 0.0, 0.0
dl_er_ratio:0.0, 0.0, 0.0, 0.0, 0.0, 0.0, 0.0, 0.0, 0.0, 0.0, 0.0, 0.0, 0.0, 0.0, 0.0, 0.0, 0.0, 0.0, 0.0, 0.0, 0.0, 0.0, 0.0, 0.0, 0.0, 0.0, 0.0, 0.0, 0.0, 0.0
ul_er_perc:0.0, 0.0, 0.0, 0.0, 0.0, 0.0, 0.0, 0.0, 0.0, 0.0, 0.0, 0.0, 0.0, 0.0, 0.0, 0.0, 0.0, 0.0, 0.0, 0.0, 0.0, 0.0, 0.0, 0.0, 0.0, 0.0, 0.0, 0.0, 0.0, 0.0
dl_er_perc:0.0, 0.0, 0.0, 0.0, 0.0, 0.0, 0.0, 0.0, 0.0, 0.0, 0.0, 0.0, 0.0, 0.0, 0.0, 0.0, 0.0, 0.0, 0.0, 0.0, 0.0, 0.0, 0.0, 0.0, 0.0, 0.0, 0.0, 0.0, 0.0, 0.0
ul_l:0.007801511665602786, 0.005941706204639962, 0.00798607058756177, 0.008738826076841026, 0.006873821778706012, 0.005930735552278732, 0.005361540779347671, 0.006210001774293548, 0.008738826076841026, 0.00640421490775077, 0.008572692043128808, 0.008455390873638554, 0.0019016753554178714, 0.0032931668877426022, 0.004131810410850743, 0.007121946078299348, 0.003673943285735119, 0.0013979502315897368, 0.004592409126440614, 0.008359022415796535, 0.005809185651511238, 0.004925605763501971, 0.002907638796664194, 0.0024067945181790147, 0.0030461088372471896, 0.002030637947700436, 0.0036962727933058893, 0.006201216434708877, 0.0021293375942867143, 0.0010792166691652569
dl_l:0.00852694670739827, 0.00794204649960417, 0.008585075436579694, 0.008738826076841026, 0.008176571088424263, 0.007392363762039483, 0.008450048061574487, 0.0078856945159957, 0.008738826076841026, 0.007941731660861161, 0.008738826076841026, 0.0087388347521729, 0.0060192032818059855, 0.006450778169569419, 0.007118234913304889, 0.008447816683294305, 0.006672396393755051, 0.0031867560086207614, 0.007650055821168157, 0.008738833892855059, 0.007224756484987624, 0.006204414575891035, 0.005942500161186156, 0.005564350420429829, 0.006423956676961025, 0.003977154713102391, 0.006685446219119007, 0.008115485239418838, 0.005686496901354988, 0.00292028860121999
ul_il:0.03282022040965908, 0.49937701726620193, 0.014868016735856367, 0.008738826076841026, 0.04716955925400205, 0.15907576196554196, 0.10133894720091083, 0.1454710272925517, 0.008738826076841026, 0.12696764299895, 0.029556582442692145, 0.009774388539220507, 3.503672603023546, 0.36275639813236554, 0.42252479934806375, 0.02498562500263331, 0.30969121696934193, 1.4191228251893444, 0.12654432046500863, 0.010731360589128424, 0.039726104946875444, 0.09951078620435662, 0.3158787002161274, 0.28286021099700004, 0.6402121592935724, 0.6250673945836118, 0.2193185194136257, 0.19405293621115657, 0.5301418320658204, 0.06492904615061124
dl_il:0.008987439009158257, 0.011103424943508803, 0.008783551077245188, 0.008738826076841026, 0.00941077685277206, 0.011705422074061885, 0.009236990364255298, 0.011672595597986684, 0.008738826076841026, 0.010687436505070792, 0.008738826076841026, 0.0087388347521729, 0.0324209375440163, 0.019422802085911784, 0.021665966318372344, 0.008980214598328345, 0.026244401608140764, 0.09092696511057406, 0.01138841790027583, 0.008738833892855059, 0.015273959664452797, 0.028756438902859144, 0.015237158394113383, 0.05254039650274581, 0.02013461812849476, 0.062403203939950504, 0.0223889004995125, 0.009974719894675877, 0.028514925658673678, 0.003848029619953167
sinr_ul:3.59779845e-04,4.57923760e-04,8.53827709e-04,4.97140737e-03,9.90563533e-03,1.50668363e-02,2.44898698e-02,3.21493976e-02,3.14938060e-02,2.58889686e-02,1.73431420e-02,1.14469575e-02,8.04357980e-03,1.65630237e-02,2.24871333e-02,2.55863379e-02,1.79809556e-02,1.22159545e-02,6.42546346e-03,2.94740221e-03,2.63689727e-03,1.46201151e-03,6.03394311e-04,3.69196465e-04,1.41492841e-04,6.77834319e-05,7.02999426e-05,8.55613620e-05,1.89144187e-05,2.02132629e-05,2.62204174e-05,1.19331311e-05,4.87066577e-06,4.70831024e-06,4.46477695e-06,4.38359919e-06,4.14006590e-06,4.05888814e-06,5.19537682e-06,1.92391298e-05
sinr_ul_bin_edges:-30.006487  ,-26.58466982,-23.16285265,-19.74103548,-16.3192183 ,-12.89740112, -9.47558395, -6.05376677, -2.6319496 ,  0.78986758,  4.21168475,  7.63350193, 11.0553191 , 14.47713627, 17.89895345, 21.32077063, 24.7425878 , 28.16440498, 31.58622215, 35.00803933, 38.4298565 , 41.85167368, 45.27349085, 48.69530803, 52.1171252 , 55.53894237, 58.96075955, 62.38257672, 65.8043939 , 69.22621108, 72.64802825, 76.06984543, 79.4916626 , 82.91347978, 86.33529695, 89.75711413, 93.1789313 , 96.60074848,100.02256565,103.44438283,106.8662    
sinr_dl:3.59835890e-04,4.60357520e-04,8.10232555e-04,4.54754539e-03,9.37706598e-03,1.43798224e-02,2.26065757e-02,3.97254673e-02,3.00636038e-02,2.48129051e-02,1.85808961e-02,1.23023201e-02,1.00007815e-02,1.58596735e-02,2.41823830e-02,2.51670135e-02,2.03242118e-02,1.16491370e-02,6.01934474e-03,2.91022983e-03,2.20292611e-03,1.17712405e-03,5.78061624e-04,3.19245406e-04,7.47894204e-05,6.74017862e-05,7.40423562e-05,6.89789216e-05,1.91746461e-05,2.07517815e-05,2.97995582e-05,5.14644180e-06,4.89742042e-06,4.64839905e-06,4.39937767e-06,4.39937767e-06,4.06734917e-06,4.06734917e-06,5.47847030e-06,1.93406603e-05
sinr_dl_bin_edges:-23.176506  ,-19.83010098,-16.48369595,-13.13729092, -9.7908859 , -6.44448087, -3.09807585,  0.24832918,  3.5947342 ,  6.94113923, 10.28754425, 13.63394928, 16.9803543 , 20.32675933, 23.67316435, 27.01956937, 30.3659744 , 33.71237943, 37.05878445, 40.40518948, 43.7515945 , 47.09799953, 50.44440455, 53.79080957, 57.1372146 , 60.48361963, 63.83002465, 67.17642967, 70.5228347 , 73.86923972, 77.21564475, 80.56204978, 83.9084548 , 87.25485982, 90.60126485, 93.94766988, 97.2940749 ,100.64047993,103.98688495,107.33328997,110.679695  
rsrp_ul:3.59836378e-04,4.57914525e-04,8.64922595e-04,5.08130861e-03,9.90191446e-03,1.51611927e-02,2.46129057e-02,3.22057618e-02,3.14549931e-02,2.57943901e-02,1.71910368e-02,1.14361717e-02,8.02649467e-03,1.65342867e-02,2.26240628e-02,2.55013736e-02,1.78252972e-02,1.23455055e-02,6.43069503e-03,2.91587629e-03,2.63576900e-03,1.46151053e-03,6.03407934e-04,3.66818763e-04,1.43544837e-04,6.77128925e-05,7.03921796e-05,8.49252825e-05,1.89985814e-05,2.01352486e-05,2.63057280e-05,1.17726252e-05,4.87143112e-06,4.70905008e-06,4.46547852e-06,4.38428800e-06,4.14071645e-06,4.05952593e-06,5.19619319e-06,1.92421529e-05
rsrp_ul_bin_edges:-156.1567    ,-152.73542043,-149.31414085,-145.89286128,-142.4715817 ,-139.05030213,-135.62902255,-132.20774298,-128.7864634 ,-125.36518383,-121.94390425,-118.52262468,-115.1013451 ,-111.68006553,-108.25878595,-104.83750638,-101.4162268 , -97.99494723, -94.57366765, -91.15238808, -87.7311085 , -84.30982893, -80.88854935, -77.46726978, -74.0459902 , -70.62471063, -67.20343105, -63.78215148, -60.3608719 , -56.93959233, -53.51831275, -50.09703318, -46.6757536 , -43.25447403, -39.83319445, -36.41191488, -32.9906353 , -29.56935573, -26.14807615, -22.72679658, -19.305517  
rsrp_dl:3.59794094e-04,4.60410256e-04,8.18959101e-04,4.62228320e-03,9.36469147e-03,1.44420719e-02,2.27217359e-02,3.98881647e-02,2.97962475e-02,2.49039112e-02,1.84130896e-02,1.22953447e-02,1.00121382e-02,1.58404041e-02,2.42736489e-02,2.50716048e-02,2.02695075e-02,1.17050134e-02,6.01297786e-03,2.90989908e-03,2.19786540e-03,1.17584761e-03,5.76052428e-04,3.19946110e-04,7.46319545e-05,6.74925239e-05,7.38848048e-05,6.86547568e-05,1.91768426e-05,2.07541587e-05,2.97199552e-05,5.14703135e-06,4.89798144e-06,4.64893154e-06,4.39988163e-06,4.39988163e-06,4.06781510e-06,4.06781510e-06,5.47909789e-06,1.93428759e-05
rsrp_dl_bin_edges:-154.849     ,-151.50297827,-148.15695655,-144.81093483,-141.4649131 ,-138.11889137,-134.77286965,-131.42684793,-128.0808262 ,-124.73480447,-121.38878275,-118.04276102,-114.6967393 ,-111.35071757,-108.00469585,-104.65867412,-101.3126524 , -97.96663067, -94.62060895, -91.27458722, -87.9285655 , -84.58254377, -81.23652205, -77.89050032, -74.5444786 , -71.19845687, -67.85243515, -64.50641342, -61.1603917 , -57.81436997, -54.46834825, -51.12232652, -47.7763048 , -44.43028307, -41.08426135, -37.73823962, -34.3922179 , -31.04619617, -27.70017445, -24.35415273, -21.008131  
cqi_ul:1.0773288 ,0.        ,0.2910672 ,0.        ,0.        ,0.17708371,0.        ,0.        ,0.08011637,0.        ,0.04152336,0.        ,0.        ,0.0743379 ,0.        ,0.        ,0.05928395,0.        ,0.12405008,0.        ,0.        ,0.11607163,0.        ,0.        ,0.13404629,0.        ,0.12022641,0.        ,0.        ,0.06502835,0.        ,0.        ,0.07977637,0.        ,0.07188014,0.        ,0.        ,0.03419009,0.        ,0.12065603
cqi_ul_bin_edges: 0.   , 0.375, 0.75 , 1.125, 1.5  , 1.875, 2.25 , 2.625, 3.   , 3.375, 3.75 , 4.125, 4.5  , 4.875, 5.25 , 5.625, 6.   , 6.375, 6.75 , 7.125, 7.5  , 7.875, 8.25 , 8.625, 9.   , 9.375, 9.75 ,10.125,10.5  ,10.875,11.25 ,11.625,12.   ,12.375,12.75 ,13.125,13.5  ,13.875,14.25 ,14.625,15.   
cqi_dl:0.49811066,0.        ,0.49302182,0.        ,0.        ,0.26169708,0.        ,0.        ,0.18472735,0.        ,0.07582455,0.        ,0.        ,0.0612943 ,0.        ,0.        ,0.03009753,0.        ,0.05340622,0.        ,0.        ,0.06196837,0.        ,0.        ,0.093237  ,0.        ,0.11747976,0.        ,0.        ,0.08815186,0.        ,0.        ,0.14082697,0.        ,0.13910032,0.        ,0.        ,0.0906948 ,0.        ,0.27702806
cqi_dl_bin_edges: 0.   , 0.375, 0.75 , 1.125, 1.5  , 1.875, 2.25 , 2.625, 3.   , 3.375, 3.75 , 4.125, 4.5  , 4.875, 5.25 , 5.625, 6.   , 6.375, 6.75 , 7.125, 7.5  , 7.875, 8.25 , 8.625, 9.   , 9.375, 9.75 ,10.125,10.5  ,10.875,11.25 ,11.625,12.   ,12.375,12.75 ,13.125,13.5  ,13.875,14.25 ,14.625,15.   
mcs_ul:0.73306929,0.05623763,0.03862865,0.        ,0.02568193,0.01723755,0.        ,0.01087689,0.01136776,0.        ,0.01589233,0.02393155,0.01623915,0.        ,0.01552011,0.03471796,0.        ,0.03173743,0.02853429,0.        ,0.03364694,0.03996752,0.03184299,0.        ,0.03287949,0.03152752,0.        ,0.01665859,0.01816929,0.        ,0.02398591,0.01876016,0.01606336,0.        ,0.02244386,0.01080745,0.        ,0.00750867,0.        ,0.06463716
mcs_ul_bin_edges: 0. , 0.7, 1.4, 2.1, 2.8, 3.5, 4.2, 4.9, 5.6, 6.3, 7. , 7.7, 8.4, 9.1, 9.8,10.5,11.2,11.9,12.6,13.3,14. ,14.7,15.4,16.1,16.8,17.5,18.2,18.9,19.6,20.3,21. ,21.7,22.4,23.1,23.8,24.5,25.2,25.9,26.6,27.3,28. 
mcs_dl:0.53096383,0.06268995,0.07750491,0.        ,0.06119473,0.03776635,0.        ,0.0220891 ,0.01853119,0.        ,0.01809787,0.01473837,0.00890826,0.        ,0.00721542,0.01322489,0.        ,0.01538559,0.01624113,0.        ,0.01695621,0.01953357,0.03041483,0.        ,0.02721882,0.03571677,0.        ,0.02482916,0.02238394,0.        ,0.03433543,0.0411187 ,0.03670961,0.        ,0.03780842,0.02638311,0.        ,0.02220339,0.        ,0.14840789
mcs_dl_bin_edges: 0. , 0.7, 1.4, 2.1, 2.8, 3.5, 4.2, 4.9, 5.6, 6.3, 7. , 7.7, 8.4, 9.1, 9.8,10.5,11.2,11.9,12.6,13.3,14. ,14.7,15.4,16.1,16.8,17.5,18.2,18.9,19.6,20.3,21. ,21.7,22.4,23.1,23.8,24.5,25.2,25.9,26.6,27.3,28. 
eff_ul:2.18191546,0.5894988 ,0.21260986,0.14603801,0.09709214,0.        ,0.06516765,0.04112078,0.        ,0.04297654,0.06008194,0.09047471,0.06139312,0.05867474,0.13125343,0.        ,0.11998535,0.10787565,0.        ,0.12720437,0.        ,0.15109972,0.12038441,0.        ,0.12430296,0.        ,0.11919174,0.06297885,0.06869015,0.09068024,0.        ,0.07092396,0.        ,0.06072853,0.        ,0.08485042,0.        ,0.04085824,0.02838699,0.24436482
eff_ul_bin_edges:0.        ,0.18515763,0.37031527,0.5554729 ,0.74063053,0.92578816,1.1109458 ,1.29610343,1.48126106,1.66641869,1.85157632,2.03673396,2.22189159,2.40704922,2.59220686,2.77736449,2.96252212,3.14767975,3.33283738,3.51799502,3.70315265,3.88831028,4.07346792,4.25862555,4.44378318,4.62894081,4.81409844,4.99925608,5.18441371,5.36957134,5.55472897,5.73988661,5.92504424,6.11020187,6.29535951,6.48051714,6.66567477,6.8508324 ,7.03599004,7.22114767,7.4063053 
eff_dl:1.00882419,0.99851774,0.23700329,0.29301215,0.23135049,0.        ,0.14277805,0.08350923,0.        ,0.07005834,0.06842011,0.05571933,0.03367823,0.02727833,0.04999752,0.        ,0.05816617,0.06140062,0.        ,0.064104  ,0.        ,0.07384787,0.11498515,0.        ,0.10290245,0.        ,0.13502947,0.09386818,0.08462389,0.12980723,0.        ,0.15545183,0.        ,0.13878299,0.        ,0.14293708,0.        ,0.09974301,0.08394129,0.5610653 
eff_dl_bin_edges:0.        ,0.18515763,0.37031527,0.5554729 ,0.74063053,0.92578816,1.1109458 ,1.29610343,1.48126106,1.66641869,1.85157632,2.03673396,2.22189159,2.40704922,2.59220686,2.77736449,2.96252212,3.14767975,3.33283738,3.51799502,3.70315265,3.88831028,4.07346792,4.25862555,4.44378318,4.62894081,4.81409844,4.99925608,5.18441371,5.36957134,5.55472897,5.73988661,5.92504424,6.11020187,6.29535951,6.48051714,6.66567477,6.8508324 ,7.03599004,7.22114767,7.4063053 
rul:1.59223322e+00,4.09639191e-03,1.47162508e-02,2.24539300e-03,2.87633359e-03,1.37430823e-03,5.83271523e-04,2.33848259e-04,1.83031234e-04,9.98352184e-05,9.26398873e-05,3.23789897e-05,7.37521433e-05,4.31719863e-05,4.94679010e-06,1.12427048e-05,5.84620648e-06,4.49708191e-07,3.14795734e-06,2.78819078e-05,6.29591467e-06,6.29591467e-06,0.00000000e+00,2.69824914e-06,0.00000000e+00,4.94679010e-06,8.99416382e-07,0.00000000e+00,3.59766553e-06,4.49708191e-07,0.00000000e+00,0.00000000e+00,0.00000000e+00,0.00000000e+00,0.00000000e+00,0.00000000e+00,0.00000000e+00,0.00000000e+00,0.00000000e+00,4.49708191e-07
rul_bin_edges: 0.        , 0.61767935, 1.2353587 , 1.85303805, 2.4707174 , 3.08839675, 3.7060761 , 4.32375545, 4.9414348 , 5.55911415, 6.1767935 , 6.79447285, 7.4121522 , 8.02983155, 8.6475109 , 9.26519025, 9.8828696 ,10.50054895,11.1182283 ,11.73590765,12.353587  ,12.97126635,13.5889457 ,14.20662505,14.8243044 ,15.44198375,16.0596631 ,16.67734245,17.2950218 ,17.91270115,18.5303805 ,19.14805985,19.7657392 ,20.38341855,21.0010979 ,21.61877725,22.2364566 ,22.85413595,23.4718153 ,24.08949465,24.707174  
rdl:2.55172431e+00,1.92062318e-05,1.77835480e-05,1.35154965e-05,1.63608642e-05,2.06289157e-05,1.84948899e-05,1.35154965e-05,3.87681346e-04,5.31443548e-03,1.58984919e-03,2.84536768e-06,7.11341920e-07,9.24744496e-06,2.34742834e-05,2.48969672e-05,2.41856253e-05,9.17631077e-05,3.30773993e-04,8.30847362e-04,3.25083257e-04,2.56083091e-05,2.13402576e-06,0.00000000e+00,0.00000000e+00,0.00000000e+00,0.00000000e+00,0.00000000e+00,0.00000000e+00,1.42268384e-06,1.42268384e-06,3.55670960e-06,1.42268384e-06,0.00000000e+00,0.00000000e+00,1.56495222e-05,0.00000000e+00,0.00000000e+00,0.00000000e+00,1.42268384e-06
rdl_bin_edges: 0.      , 0.390495, 0.78099 , 1.171485, 1.56198 , 1.952475, 2.34297 , 2.733465, 3.12396 , 3.514455, 3.90495 , 4.295445, 4.68594 , 5.076435, 5.46693 , 5.857425, 6.24792 , 6.638415, 7.02891 , 7.419405, 7.8099  , 8.200395, 8.59089 , 8.981385, 9.37188 , 9.762375,10.15287 ,10.543365,10.93386 ,11.324355,11.71485 ,12.105345,12.49584 ,12.886335,13.27683 ,13.667325,14.05782 ,14.448315,14.83881 ,15.229305,15.6198  
lul:9.99029919e+02,0.00000000e+00,0.00000000e+00,0.00000000e+00,0.00000000e+00,0.00000000e+00,0.00000000e+00,0.00000000e+00,0.00000000e+00,0.00000000e+00,0.00000000e+00,0.00000000e+00,0.00000000e+00,0.00000000e+00,0.00000000e+00,0.00000000e+00,0.00000000e+00,0.00000000e+00,0.00000000e+00,0.00000000e+00,5.89754632e+02,3.91077940e+02,2.04571522e+01,1.38911048e-02,0.00000000e+00,5.55644191e-04,0.00000000e+00,0.00000000e+00,0.00000000e+00,0.00000000e+00,0.00000000e+00,0.00000000e+00,0.00000000e+00,0.00000000e+00,5.55644191e-04,0.00000000e+00,0.00000000e+00,0.00000000e+00,5.55644191e-04,5.55644191e-04
lul_bin_edges:0.        ,0.00049992,0.00099983,0.00149975,0.00199966,0.00249958,0.0029995 ,0.00349941,0.00399933,0.00449924,0.00499916,0.00549908,0.00599899,0.00649891,0.00699883,0.00749874,0.00799866,0.00849857,0.00899849,0.00949841,0.00999832,0.01049824,0.01099815,0.01149807,0.01199799,0.0124979 ,0.01299782,0.01349773,0.01399765,0.01449757,0.01499748,0.0154974 ,0.01599731,0.01649723,0.01699715,0.01749706,0.01799698,0.01849689,0.01899681,0.01949673,0.01999664
ldl:6.00153082e+02,0.00000000e+00,0.00000000e+00,0.00000000e+00,0.00000000e+00,0.00000000e+00,0.00000000e+00,0.00000000e+00,0.00000000e+00,0.00000000e+00,0.00000000e+00,0.00000000e+00,0.00000000e+00,0.00000000e+00,0.00000000e+00,0.00000000e+00,0.00000000e+00,0.00000000e+00,0.00000000e+00,9.06699087e+02,3.96691757e+02,1.87727633e-01,0.00000000e+00,0.00000000e+00,0.00000000e+00,0.00000000e+00,0.00000000e+00,0.00000000e+00,0.00000000e+00,0.00000000e+00,0.00000000e+00,0.00000000e+00,0.00000000e+00,0.00000000e+00,5.28810235e-04,0.00000000e+00,0.00000000e+00,0.00000000e+00,0.00000000e+00,5.28810235e-04
ldl_bin_edges:0.        ,0.00052528,0.00105057,0.00157585,0.00210114,0.00262642,0.0031517 ,0.00367699,0.00420227,0.00472755,0.00525284,0.00577812,0.00630341,0.00682869,0.00735397,0.00787926,0.00840454,0.00892983,0.00945511,0.00998039,0.01050568,0.01103096,0.01155624,0.01208153,0.01260681,0.0131321 ,0.01365738,0.01418266,0.01470795,0.01523323,0.01575851,0.0162838 ,0.01680908,0.01733437,0.01785965,0.01838493,0.01891022,0.0194355 ,0.01996079,0.02048607,0.02101135
ilul:6.02803972e-01,2.59104863e-03,1.62594780e-03,1.14511342e-03,1.31036806e-03,1.21976115e-03,8.69174205e-04,8.37255863e-04,6.44544583e-04,1.34949377e-03,1.62337374e-04,2.29434533e-04,1.48952263e-04,1.63023790e-04,2.14504986e-04,1.14803069e-04,1.98889023e-04,1.17205525e-04,1.11542593e-04,9.40389860e-05,1.29904220e-04,1.52555946e-04,4.42738292e-05,3.79244816e-05,4.85639289e-05,3.65516497e-05,3.72723864e-04,8.58019946e-05,2.00090251e-04,4.01724939e-04,4.89071369e-05,4.68478890e-05,2.36813505e-05,2.41961625e-05,1.59591710e-05,1.35567151e-05,1.30419032e-05,1.18406752e-05,1.44147351e-05,1.05536453e-04
ilul_bin_edges: 0.       , 1.6187005, 3.237401 , 4.8561015, 6.474802 , 8.0935025, 9.712203 ,11.3309035,12.949604 ,14.5683045,16.187005 ,17.8057055,19.424406 ,21.0431065,22.661807 ,24.2805075,25.899208 ,27.5179085,29.136609 ,30.7553095,32.37401  ,33.9927105,35.611411 ,37.2301115,38.848812 ,40.4675125,42.086213 ,43.7049135,45.323614 ,46.9423145,48.561015 ,50.1797155,51.798416 ,53.4171165,55.035817 ,56.6545175,58.273218 ,59.8919185,61.510619 ,63.1293195,64.74802  
ildl:1.94387148e+00,1.20545113e-03,9.16684635e-04,6.32794121e-04,7.56860777e-04,4.44797923e-04,3.66240433e-04,2.57343500e-04,2.35672468e-04,1.93413957e-04,1.73368252e-04,1.62532737e-04,1.47363015e-04,1.18648898e-04,1.01312073e-04,6.82637494e-05,6.39295431e-05,6.60966462e-05,6.55548705e-05,5.68864578e-05,4.65927178e-05,4.44256147e-05,4.93015968e-05,4.55091663e-05,7.53068347e-05,3.03394442e-05,2.60052379e-05,2.43799105e-05,2.22128073e-05,1.84203768e-05,1.89621526e-05,1.73368252e-05,1.89621526e-05,1.24608431e-05,1.30026189e-05,1.08355158e-05,8.12663683e-06,6.50130947e-06,7.58486105e-06,8.12663683e-06
ildl_bin_edges: 0.        , 0.51271295, 1.0254259 , 1.53813885, 2.0508518 , 2.56356475, 3.0762777 , 3.58899065, 4.1017036 , 4.61441655, 5.1271295 , 5.63984245, 6.1525554 , 6.66526835, 7.1779813 , 7.69069425, 8.2034072 , 8.71612015, 9.2288331 , 9.74154605,10.254259  ,10.76697195,11.2796849 ,11.79239785,12.3051108 ,12.81782375,13.3305367 ,13.84324965,14.3559626 ,14.86867555,15.3813885 ,15.89410145,16.4068144 ,16.91952735,17.4322403 ,17.94495325,18.4576662 ,18.97037915,19.4830921 ,19.99580505,20.508518  
eul: 0., 0., 0., 0., 0., 0., 0., 0., 0., 0., 0., 0., 0., 0., 0., 0., 0., 0., 0., 0.,40., 0., 0., 0., 0., 0., 0., 0., 0., 0., 0., 0., 0., 0., 0., 0., 0., 0., 0., 0.
eul_bin_edges:-0.5  ,-0.475,-0.45 ,-0.425,-0.4  ,-0.375,-0.35 ,-0.325,-0.3  ,-0.275,-0.25 ,-0.225,-0.2  ,-0.175,-0.15 ,-0.125,-0.1  ,-0.075,-0.05 ,-0.025, 0.   , 0.025, 0.05 , 0.075, 0.1  , 0.125, 0.15 , 0.175, 0.2  , 0.225, 0.25 , 0.275, 0.3  , 0.325, 0.35 , 0.375, 0.4  , 0.425, 0.45 , 0.475, 0.5  
edl: 0., 0., 0., 0., 0., 0., 0., 0., 0., 0., 0., 0., 0., 0., 0., 0., 0., 0., 0., 0.,40., 0., 0., 0., 0., 0., 0., 0., 0., 0., 0., 0., 0., 0., 0., 0., 0., 0., 0., 0.
edl_bin_edges:-0.5  ,-0.475,-0.45 ,-0.425,-0.4  ,-0.375,-0.35 ,-0.325,-0.3  ,-0.275,-0.25 ,-0.225,-0.2  ,-0.175,-0.15 ,-0.125,-0.1  ,-0.075,-0.05 ,-0.025, 0.   , 0.025, 0.05 , 0.075, 0.1  , 0.125, 0.15 , 0.175, 0.2  , 0.225, 0.25 , 0.275, 0.3  , 0.325, 0.35 , 0.375, 0.4  , 0.425, 0.45 , 0.475, 0.5  
gul:1.35951186e-03,0.00000000e+00,1.35951186e-03,6.79755929e-03,2.71902372e-03,2.03926779e-02,1.90331660e-02,3.53473083e-02,3.26282846e-02,1.35951186e-02,1.90331660e-02,1.76736542e-02,3.94258439e-02,5.84590099e-02,3.34439917e-01,1.58418479e+02,3.79983565e+00,1.03322901e-01,4.75829151e-02,2.17521897e-02,2.03926779e-02,1.35951186e-02,2.85497490e-02,3.80663320e-02,2.03926779e-02,2.17521897e-02,0.00000000e+00,0.00000000e+00,0.00000000e+00,1.35951186e-03,0.00000000e+00,0.00000000e+00,0.00000000e+00,0.00000000e+00,1.35951186e-03,0.00000000e+00,0.00000000e+00,0.00000000e+00,1.35951186e-03,2.71902372e-03
gul_bin_edges:0.       ,0.0061296,0.0122592,0.0183888,0.0245184,0.030648 ,0.0367776,0.0429072,0.0490368,0.0551664,0.061296 ,0.0674256,0.0735552,0.0796848,0.0858144,0.091944 ,0.0980736,0.1042032,0.1103328,0.1164624,0.122592 ,0.1287216,0.1348512,0.1409808,0.1471104,0.15324  ,0.1593696,0.1654992,0.1716288,0.1777584,0.183888 ,0.1900176,0.1961472,0.2022768,0.2084064,0.214536 ,0.2206656,0.2267952,0.2329248,0.2390544,0.245184 
gdl:1.35951186e-03,0.00000000e+00,1.35951186e-03,6.79755929e-03,2.71902372e-03,2.03926779e-02,1.90331660e-02,3.53473083e-02,3.26282846e-02,1.35951186e-02,1.90331660e-02,1.76736542e-02,3.94258439e-02,5.84590099e-02,3.34439917e-01,1.58418479e+02,3.79983565e+00,1.03322901e-01,4.75829151e-02,2.17521897e-02,2.03926779e-02,1.35951186e-02,2.85497490e-02,3.80663320e-02,2.03926779e-02,2.17521897e-02,0.00000000e+00,0.00000000e+00,0.00000000e+00,1.35951186e-03,0.00000000e+00,0.00000000e+00,0.00000000e+00,0.00000000e+00,1.35951186e-03,0.00000000e+00,0.00000000e+00,0.00000000e+00,1.35951186e-03,2.71902372e-03
gdl_bin_edges:0.       ,0.0061296,0.0122592,0.0183888,0.0245184,0.030648 ,0.0367776,0.0429072,0.0490368,0.0551664,0.061296 ,0.0674256,0.0735552,0.0796848,0.0858144,0.091944 ,0.0980736,0.1042032,0.1103328,0.1164624,0.122592 ,0.1287216,0.1348512,0.1409808,0.1471104,0.15324  ,0.1593696,0.1654992,0.1716288,0.1777584,0.183888 ,0.1900176,0.1961472,0.2022768,0.2084064,0.214536 ,0.2206656,0.2267952,0.2329248,0.2390544,0.245184 
ri:34.34369158, 0.        , 0.        , 0.        , 0.        , 0.        , 0.        , 0.        , 0.        , 0.        , 0.        , 0.        , 0.        , 0.        , 0.        , 0.        , 0.        , 0.        , 0.        , 0.        , 0.        , 0.        , 0.        , 0.        , 0.        , 0.        , 0.        , 0.        , 0.        , 0.        , 0.        , 0.        , 0.        , 0.        , 0.        , 0.        , 0.        , 0.        , 0.        , 5.65630842
ri_bin_edges:1.   ,1.025,1.05 ,1.075,1.1  ,1.125,1.15 ,1.175,1.2  ,1.225,1.25 ,1.275,1.3  ,1.325,1.35 ,1.375,1.4  ,1.425,1.45 ,1.475,1.5  ,1.525,1.55 ,1.575,1.6  ,1.625,1.65 ,1.675,1.7  ,1.725,1.75 ,1.775,1.8  ,1.825,1.85 ,1.875,1.9  ,1.925,1.95 ,1.975,2.   
