period:1
ue_log_freq:1000
mac_log_freq:1000
mimo_layers:2
frequency:2412000000.0
bandwidth:50000000
ue_speed:5.555555555555555
max_distance:1000
shannon_cfg_bandwidth_mhz:50.0
shannon_cfg_mimo_layers:2
shannon_cfg_bw_efficiency:0.67
shannon_cfg_sinr_offset_db:0
shannon_cfg_ul_divisor:2
shannon_cfg_sinr_sample_rate:1000
n_ue:3
sinr_period:9.463597741343282
sinr_rate:105.66805852612856
ul_fairness:0.9948194310963558
dl_fairness:0.9956638301335201
ul_agg_throughput:1.8138430969832529
dl_agg_throughput:1.4775185899736598
ul_ave_throughput:0.6046143656610843
dl_ave_throughput:0.4925061966578866
ul_se:0.036276861939665055
dl_se:0.029550371799473195
ul_ase:1.1547283795119873e-08
dl_ase:9.40617548417901e-09
ul_gr:0.09999891865276347, 0.09999891865276347, 0.199997836600634
dl_gr:0.09999891865276347, 0.09999891865276347, 0.199997836600634
ul_tr:0.06664714316052839, 0.07075709449556504, 0.14718872733412666
dl_tr:0.09340196977939219, 0.09937588703049968, 0.19997778679223208
ul_er:0.0, 0.0, 0.0
dl_er:0.0, 0.0, 0.0
ul_er_ratio:0.0, 0.0, 0.0
dl_er_ratio:0.0, 0.0, 0.0
ul_er_perc:0.0, 0.0, 0.0
dl_er_perc:0.0, 0.0, 0.0
ul_l:0.0035446216541534584, 0.0037669088080519194, 0.0038560910167748323
dl_l:0.006854463752822472, 0.0072899455295797055, 0.00746152900808492
ul_il:0.011602119523409766, 0.012940032112448875, 0.027757854156198438
dl_il:0.008931295948225518, 0.009401284282972171, 0.01259181724488755
sinr_ul:0.0065193 ,0.01459081,0.00805405,0.00870792,0.01796687,0.02590062,0.02283112,0.02727821,0.03619374,0.04516165,0.04976978,0.06199928,0.02799611,0.01617406,0.00888642,0.00589841,0.00527753,0.0055511 ,0.00605557,0.00261936,0.00149401,0.00149401,0.01856835,0.0169036 ,0.01718494,0.03367527,0.01254382,0.00916582,0.01494782,0.01472662,0.00339935,0.00600707,0.00627482,0.00341875,0.00241369,0.00514171,0.00405322,0.00234384,0.00248936,0.00240787
sinr_ul_bin_edges:-17.735952  ,-16.01799238,-14.30003275,-12.58207313,-10.8641135 , -9.14615388, -7.42819425, -5.71023463, -3.992275  , -2.27431538, -0.55635575,  1.16160387,  2.8795635 ,  4.59752312,  6.31548275,  8.03344237,  9.751402  , 11.46936162, 13.18732125, 14.90528087, 16.6232405 , 18.34120012, 20.05915975, 21.77711938, 23.495079  , 25.21303862, 26.93099825, 28.64895787, 30.3669175 , 32.08487713, 33.80283675, 35.52079638, 37.238756  , 38.95671563, 40.67467525, 42.39263487, 44.1105945 , 45.82855412, 47.54651375, 49.26447338, 50.982433  
sinr_dl:0.00692736,0.01466524,0.00782924,0.00884191,0.01828441,0.02581626,0.0231048 ,0.02760836,0.03672238,0.04442722,0.05067428,0.06207799,0.02705246,0.01598307,0.00878748,0.00587387,0.00527521,0.00555705,0.00605658,0.00258901,0.00149471,0.00148888,0.01875479,0.01675861,0.01719011,0.0337077 ,0.01256021,0.0090596 ,0.01492764,0.01495874,0.00340148,0.00592052,0.00636757,0.0034423 ,0.00241019,0.00452688,0.00467655,0.00234605,0.002486  ,0.00248405
sinr_dl_bin_edges:-8.084564  ,-6.36964158,-4.65471915,-2.93979673,-1.2248743 , 0.49004812, 2.20497055, 3.91989297, 5.6348154 , 7.34973782, 9.06466025,10.77958268,12.4945051 ,14.20942752,15.92434995,17.63927237,19.3541948 ,21.06911722,22.78403965,24.49896208,26.2138845 ,27.92880692,29.64372935,31.35865177,33.0735742 ,34.78849663,36.50341905,38.21834147,39.9332639 ,41.64818632,43.36310875,45.07803117,46.7929536 ,48.50787602,50.22279845,51.93772087,53.6526433 ,55.36756572,57.08248815,58.79741058,60.512333  
rsrp_ul:0.00702301,0.01464099,0.00778131,0.0088157 ,0.01837998,0.02584825,0.02318448,0.02771872,0.03681829,0.04426906,0.05093042,0.06207351,0.02679515,0.01592232,0.00876321,0.00586417,0.00527309,0.00555891,0.00605472,0.00258016,0.00149132,0.00149132,0.01884857,0.01669423,0.01718809,0.03371705,0.0125547 ,0.0090568 ,0.01492098,0.01497736,0.00340068,0.00590695,0.00638332,0.00344345,0.002411  ,0.00443896,0.00476561,0.00234489,0.00248683,0.00249461
rsrp_ul_bin_edges:-134.95647 ,-133.242122,-131.527774,-129.813426,-128.099078,-126.38473 ,-124.670382,-122.956034,-121.241686,-119.527338,-117.81299 ,-116.098642,-114.384294,-112.669946,-110.955598,-109.24125 ,-107.526902,-105.812554,-104.098206,-102.383858,-100.66951 , -98.955162, -97.240814, -95.526466, -93.812118, -92.09777 , -90.383422, -88.669074, -86.954726, -85.240378, -83.52603 , -81.811682, -80.097334, -78.382986, -76.668638, -74.95429 , -73.239942, -71.525594, -69.811246, -68.096898, -66.38255 
rsrp_dl:0.00702301,0.01464099,0.00778131,0.0088157 ,0.01837998,0.02584825,0.02318448,0.02771872,0.0368183 ,0.04426906,0.05093042,0.06207352,0.02679515,0.01592232,0.00876321,0.00586417,0.00527309,0.00555891,0.00605472,0.00258016,0.00149132,0.00149132,0.01884857,0.01669423,0.01718809,0.03371705,0.0125547 ,0.0090568 ,0.01492098,0.01497736,0.00340068,0.00590695,0.00638332,0.00344345,0.002411  ,0.00443896,0.00476561,0.00234489,0.00248683,0.00249461
rsrp_dl_bin_edges:-128.75858   ,-127.04423215,-125.3298843 ,-123.61553645,-121.9011886 ,-120.18684075,-118.4724929 ,-116.75814505,-115.0437972 ,-113.32944935,-111.6151015 ,-109.90075365,-108.1864058 ,-106.47205795,-104.7577101 ,-103.04336225,-101.3290144 , -99.61466655, -97.9003187 , -96.18597085, -94.471623  , -92.75727515, -91.0429273 , -89.32857945, -87.6142316 , -85.89988375, -84.1855359 , -82.47118805, -80.7568402 , -79.04249235, -77.3281445 , -75.61379665, -73.8994488 , -72.18510095, -70.4707531 , -68.75640525, -67.0420574 , -65.32770955, -63.6133617 , -61.89901385, -60.184666  
cqi_ul:1.50480273,0.        ,0.21273565,0.        ,0.        ,0.06953708,0.        ,0.        ,0.05134171,0.        ,0.01112878,0.        ,0.        ,0.00759992,0.        ,0.        ,0.0046844 ,0.        ,0.10281675,0.        ,0.        ,0.07343927,0.        ,0.        ,0.13196312,0.        ,0.11835437,0.        ,0.        ,0.04240846,0.        ,0.        ,0.05639055,0.        ,0.06673711,0.        ,0.        ,0.04791063,0.        ,0.16481613
cqi_ul_bin_edges: 0.   , 0.375, 0.75 , 1.125, 1.5  , 1.875, 2.25 , 2.625, 3.   , 3.375, 3.75 , 4.125, 4.5  , 4.875, 5.25 , 5.625, 6.   , 6.375, 6.75 , 7.125, 7.5  , 7.875, 8.25 , 8.625, 9.   , 9.375, 9.75 ,10.125,10.5  ,10.875,11.25 ,11.625,12.   ,12.375,12.75 ,13.125,13.5  ,13.875,14.25 ,14.625,15.   
cqi_dl:0.4211869 ,0.        ,0.34368545,0.        ,0.        ,0.61390497,0.        ,0.        ,0.28325939,0.        ,0.05720832,0.        ,0.        ,0.03311967,0.        ,0.        ,0.01645317,0.        ,0.02863082,0.        ,0.        ,0.03055081,0.        ,0.        ,0.01921759,0.        ,0.00736882,0.        ,0.        ,0.00538661,0.        ,0.        ,0.07310149,0.        ,0.09919012,0.        ,0.        ,0.07109262,0.        ,0.56330992
cqi_dl_bin_edges: 0.   , 0.375, 0.75 , 1.125, 1.5  , 1.875, 2.25 , 2.625, 3.   , 3.375, 3.75 , 4.125, 4.5  , 4.875, 5.25 , 5.625, 6.   , 6.375, 6.75 , 7.125, 7.5  , 7.875, 8.25 , 8.625, 9.   , 9.375, 9.75 ,10.125,10.5  ,10.875,11.25 ,11.625,12.   ,12.375,12.75 ,13.125,13.5  ,13.875,14.25 ,14.625,15.   
mcs_ul:0.92010985,0.02151883,0.01573318,0.        ,0.01443795,0.01306654,0.        ,0.00398567,0.00197617,0.        ,0.00208569,0.00198569,0.0012857 ,0.        ,0.0012238 ,0.01433319,0.        ,0.04074721,0.02140931,0.        ,0.01793315,0.02994732,0.04074721,0.        ,0.04554716,0.01785696,0.        ,0.01123798,0.01147608,0.        ,0.01179512,0.01841886,0.02601879,0.        ,0.00973324,0.0220474 ,0.        ,0.00361901,0.        ,0.08829436
mcs_ul_bin_edges: 0. , 0.7, 1.4, 2.1, 2.8, 3.5, 4.2, 4.9, 5.6, 6.3, 7. , 7.7, 8.4, 9.1, 9.8,10.5,11.2,11.9,12.6,13.3,14. ,14.7,15.4,16.1,16.8,17.5,18.2,18.9,19.6,20.3,21. ,21.7,22.4,23.1,23.8,24.5,25.2,25.9,26.6,27.3,28. 
mcs_dl:0.40975305,0.15252705,0.17635062,0.        ,0.10469419,0.04705191,0.        ,0.01813791,0.0125094 ,0.        ,0.01001419,0.00772849,0.00449043,0.        ,0.00432377,0.00786183,0.        ,0.00747612,0.00811897,0.        ,0.00824754,0.00819992,0.00209522,0.        ,0.00195712,0.00199046,0.        ,0.00143332,0.00145237,0.        ,0.0025714 ,0.03659011,0.03060922,0.        ,0.02252835,0.02563308,0.        ,0.01245226,0.        ,0.30177317
mcs_dl_bin_edges: 0. , 0.7, 1.4, 2.1, 2.8, 3.5, 4.2, 4.9, 5.6, 6.3, 7. , 7.7, 8.4, 9.1, 9.8,10.5,11.2,11.9,12.6,13.3,14. ,14.7,15.4,16.1,16.8,17.5,18.2,18.9,19.6,20.3,21. ,21.7,22.4,23.1,23.8,24.5,25.2,25.9,26.6,27.3,28. 
eff_ul:3.04768116,0.4308541 ,0.08135335,0.0594803 ,0.05458361,0.        ,0.04939889,0.0150681 ,0.        ,0.00747104,0.0078851 ,0.00750705,0.00486068,0.00462665,0.05418756,0.        ,0.15404749,0.08093929,0.        ,0.06779746,0.        ,0.11321779,0.15404749,0.        ,0.17219402,0.        ,0.06750942,0.04248593,0.04338605,0.04459222,0.        ,0.06963371,0.        ,0.09836572,0.        ,0.03679713,0.        ,0.08335163,0.01368191,0.33380257
eff_ul_bin_edges:0.       ,0.1851575,0.370315 ,0.5554725,0.74063  ,0.9257875,1.110945 ,1.2961025,1.48126  ,1.6664175,1.851575 ,2.0367325,2.22189  ,2.4070475,2.592205 ,2.7773625,2.96252  ,3.1476775,3.332835 ,3.5179925,3.70315  ,3.8883075,4.073465 ,4.2586225,4.44378  ,4.6289375,4.814095 ,4.9992525,5.18441  ,5.3695675,5.554725 ,5.7398825,5.92504  ,6.1101975,6.295355 ,6.4805125,6.66567  ,6.8508275,7.035985 ,7.2211425,7.4063   
eff_dl:0.853031  ,0.6960671 ,0.57663844,0.66670501,0.39580322,0.        ,0.17788281,0.06857157,0.        ,0.0472926 ,0.03785928,0.02921808,0.01697637,0.01634628,0.02972215,0.        ,0.02826394,0.03069428,0.        ,0.03118035,0.        ,0.03100032,0.00792111,0.        ,0.00739903,0.        ,0.00752505,0.00541876,0.00549077,0.00972136,0.        ,0.1383313 ,0.        ,0.11572014,0.        ,0.08516988,0.        ,0.09690752,0.04707657,1.14087315
eff_dl_bin_edges:0.       ,0.1851575,0.370315 ,0.5554725,0.74063  ,0.9257875,1.110945 ,1.2961025,1.48126  ,1.6664175,1.851575 ,2.0367325,2.22189  ,2.4070475,2.592205 ,2.7773625,2.96252  ,3.1476775,3.332835 ,3.5179925,3.70315  ,3.8883075,4.073465 ,4.2586225,4.44378  ,4.6289375,4.814095 ,4.9992525,5.18441  ,5.3695675,5.554725 ,5.7398825,5.92504  ,6.1101975,6.295355 ,6.4805125,6.66567  ,6.8508275,7.035985 ,7.2211425,7.4063   
rul:1.43458605e+00,0.00000000e+00,0.00000000e+00,9.58409752e-06,9.58409752e-06,4.79204876e-06,4.79204876e-06,0.00000000e+00,1.43761463e-05,4.79204876e-06,4.79204876e-06,0.00000000e+00,4.79204876e-06,4.79204876e-06,4.79204876e-06,0.00000000e+00,0.00000000e+00,0.00000000e+00,0.00000000e+00,6.08590193e-04,1.56699995e-03,0.00000000e+00,0.00000000e+00,0.00000000e+00,0.00000000e+00,0.00000000e+00,4.79204876e-06,0.00000000e+00,0.00000000e+00,0.00000000e+00,0.00000000e+00,0.00000000e+00,0.00000000e+00,4.79204876e-06,0.00000000e+00,0.00000000e+00,0.00000000e+00,0.00000000e+00,0.00000000e+00,7.90688046e-04
rul_bin_edges: 0.        , 0.69558975, 1.3911795 , 2.08676925, 2.782359  , 3.47794875, 4.1735385 , 4.86912825, 5.564718  , 6.26030775, 6.9558975 , 7.65148725, 8.347077  , 9.04266675, 9.7382565 ,10.43384625,11.129436  ,11.82502575,12.5206155 ,13.21620525,13.911795  ,14.60738475,15.3029745 ,15.99856425,16.694154  ,17.38974375,18.0853335 ,18.78092325,19.476513  ,20.17210275,20.8676925 ,21.56328225,22.258872  ,22.95446175,23.6500515 ,24.34564125,25.041231  ,25.73682075,26.4324105 ,27.12800025,27.82359   
rdl:1.53623954e+00,0.00000000e+00,0.00000000e+00,5.12638623e-06,0.00000000e+00,5.12638623e-06,0.00000000e+00,5.12638623e-06,0.00000000e+00,1.53791587e-05,5.12638623e-06,0.00000000e+00,1.02527725e-05,5.12638623e-06,0.00000000e+00,0.00000000e+00,0.00000000e+00,5.12638623e-06,0.00000000e+00,6.61303824e-04,5.07512237e-04,0.00000000e+00,0.00000000e+00,0.00000000e+00,0.00000000e+00,0.00000000e+00,5.12638623e-06,0.00000000e+00,0.00000000e+00,0.00000000e+00,0.00000000e+00,0.00000000e+00,0.00000000e+00,0.00000000e+00,0.00000000e+00,0.00000000e+00,0.00000000e+00,0.00000000e+00,0.00000000e+00,4.61374761e-04
rdl_bin_edges: 0.        , 0.65022413, 1.30044825, 1.95067238, 2.6008965 , 3.25112063, 3.90134475, 4.55156888, 5.201793  , 5.85201713, 6.50224125, 7.15246538, 7.8026895 , 8.45291363, 9.10313775, 9.75336188,10.403586  ,11.05381013,11.70403425,12.35425838,13.0044825 ,13.65470663,14.30493075,14.95515488,15.605379  ,16.25560313,16.90582725,17.55605138,18.2062755 ,18.85649963,19.50672375,20.15694788,20.807172  ,21.45739613,22.10762025,22.75784438,23.4080685 ,24.05829262,24.70851675,25.35874088,26.008965  
lul:2316.91623741,   0.        ,   0.        ,   0.        ,   0.        ,   0.        ,   0.        ,   0.        ,   0.        ,   0.        ,   0.        ,   0.        ,   0.        ,   0.        ,   0.        ,   0.        ,   0.        ,   0.        ,   0.        ,   0.        ,   0.        ,   0.        ,   0.        ,   0.        ,   0.        ,   0.        ,   0.        ,   0.        ,   0.        ,   0.        ,   0.        ,   0.        ,   0.        ,   0.        ,   0.        ,   0.        , 583.94097151, 266.52015765,  18.49950736, 415.62066475
lul_bin_edges:0.        ,0.00027766,0.00055532,0.00083299,0.00111065,0.00138831,0.00166597,0.00194364,0.0022213 ,0.00249896,0.00277662,0.00305429,0.00333195,0.00360961,0.00388727,0.00416493,0.0044426 ,0.00472026,0.00499792,0.00527558,0.00555325,0.00583091,0.00610857,0.00638623,0.00666389,0.00694156,0.00721922,0.00749688,0.00777454,0.00805221,0.00832987,0.00860753,0.00888519,0.00916286,0.00944052,0.00971818,0.00999584,0.0102735 ,0.01055117,0.01082883,0.01110649
ldl:1109.03571669,   0.        ,   0.        ,   0.        ,   0.        ,   0.        ,   0.        ,   0.        ,   0.        ,   0.        ,   0.        ,   0.        ,   0.        ,   0.        ,   0.        ,   0.        ,   0.        ,   0.        ,   0.        ,   0.        ,   0.        ,   0.        ,   0.        ,   0.        ,   0.        ,   0.        ,   0.        ,   0.        ,   0.        ,   0.        ,   0.        ,   0.        ,   0.        ,   0.        ,   0.        ,   0.        ,1212.41592652, 507.41882858,  33.73990129, 738.26888961
ldl_bin_edges:0.        ,0.00027771,0.00055542,0.00083313,0.00111084,0.00138855,0.00166626,0.00194397,0.00222168,0.00249939,0.0027771 ,0.00305481,0.00333252,0.00361023,0.00388794,0.00416565,0.00444336,0.00472107,0.00499878,0.00527649,0.0055542 ,0.00583191,0.00610962,0.00638733,0.00666504,0.00694275,0.00722046,0.00749817,0.00777588,0.00805359,0.0083313 ,0.00860901,0.00888672,0.00916443,0.00944214,0.00971985,0.00999756,0.01027527,0.01055298,0.01083069,0.0111084 
ilul:1.98273053e+00,4.30400768e-04,4.17157668e-04,3.17834414e-04,1.92024958e-04,8.60801537e-05,6.62155028e-05,8.60801537e-05,7.28370531e-05,7.28370531e-05,7.94586034e-05,8.60801537e-05,6.62155028e-05,7.28370531e-05,7.28370531e-05,7.94586034e-05,7.94586034e-05,6.62155028e-05,7.94586034e-05,6.62155028e-05,7.28370531e-05,7.94586034e-05,5.95939525e-05,8.60801537e-05,7.94586034e-05,8.60801537e-05,6.62155028e-05,7.28370531e-05,7.28370531e-05,7.28370531e-05,7.94586034e-05,6.62155028e-05,7.28370531e-05,5.29724023e-05,5.95939525e-05,3.31077514e-05,3.97293017e-05,3.31077514e-05,3.97293017e-05,3.97293017e-05
ilul_bin_edges: 0.        , 0.50340175, 1.0068035 , 1.51020525, 2.013607  , 2.51700875, 3.0204105 , 3.52381225, 4.027214  , 4.53061575, 5.0340175 , 5.53741925, 6.040821  , 6.54422275, 7.0476245 , 7.55102625, 8.054428  , 8.55782975, 9.0612315 , 9.56463325,10.068035  ,10.57143675,11.0748385 ,11.57824025,12.081642  ,12.58504375,13.0884455 ,13.59184725,14.095249  ,14.59865075,15.1020525 ,15.60545425,16.108856  ,16.61225775,17.1156595 ,17.61906125,18.122463  ,18.62586475,19.1292665 ,19.63266825,20.13607   
ildl:4.68189206e+00,2.81190027e-04,2.65568359e-04,3.12433363e-04,2.18703354e-04,2.18703354e-04,2.18703354e-04,1.87460018e-04,2.18703354e-04,2.03081686e-04,2.03081686e-04,1.56216682e-04,1.24973345e-04,1.09351677e-04,1.09351677e-04,9.37300090e-05,6.24866726e-05,7.81083408e-05,7.81083408e-05,7.81083408e-05,6.24866726e-05,1.09351677e-04,7.81083408e-05,7.81083408e-05,7.81083408e-05,6.24866726e-05,7.81083408e-05,9.37300090e-05,9.37300090e-05,7.81083408e-05,6.24866726e-05,1.09351677e-04,6.24866726e-05,7.81083408e-05,6.24866726e-05,6.24866726e-05,6.24866726e-05,3.12433363e-05,4.68650045e-05,4.68650045e-05
ildl_bin_edges:0.       ,0.2133767,0.4267534,0.6401301,0.8535068,1.0668835,1.2802602,1.4936369,1.7070136,1.9203903,2.133767 ,2.3471437,2.5605204,2.7738971,2.9872738,3.2006505,3.4140272,3.6274039,3.8407806,4.0541573,4.267534 ,4.4809107,4.6942874,4.9076641,5.1210408,5.3344175,5.5477942,5.7611709,5.9745476,6.1879243,6.401301 ,6.6146777,6.8280544,7.0414311,7.2548078,7.4681845,7.6815612,7.8949379,8.1083146,8.3216913,8.535068 
eul: 0., 0., 0., 0., 0., 0., 0., 0., 0., 0., 0., 0., 0., 0., 0., 0., 0., 0., 0., 0.,40., 0., 0., 0., 0., 0., 0., 0., 0., 0., 0., 0., 0., 0., 0., 0., 0., 0., 0., 0.
eul_bin_edges:-0.5  ,-0.475,-0.45 ,-0.425,-0.4  ,-0.375,-0.35 ,-0.325,-0.3  ,-0.275,-0.25 ,-0.225,-0.2  ,-0.175,-0.15 ,-0.125,-0.1  ,-0.075,-0.05 ,-0.025, 0.   , 0.025, 0.05 , 0.075, 0.1  , 0.125, 0.15 , 0.175, 0.2  , 0.225, 0.25 , 0.275, 0.3  , 0.325, 0.35 , 0.375, 0.4  , 0.425, 0.45 , 0.475, 0.5  
edl: 0., 0., 0., 0., 0., 0., 0., 0., 0., 0., 0., 0., 0., 0., 0., 0., 0., 0., 0., 0.,40., 0., 0., 0., 0., 0., 0., 0., 0., 0., 0., 0., 0., 0., 0., 0., 0., 0., 0., 0.
edl_bin_edges:-0.5  ,-0.475,-0.45 ,-0.425,-0.4  ,-0.375,-0.35 ,-0.325,-0.3  ,-0.275,-0.25 ,-0.225,-0.2  ,-0.175,-0.15 ,-0.125,-0.1  ,-0.075,-0.05 ,-0.025, 0.   , 0.025, 0.05 , 0.075, 0.1  , 0.125, 0.15 , 0.175, 0.2  , 0.225, 0.25 , 0.275, 0.3  , 0.325, 0.35 , 0.375, 0.4  , 0.425, 0.45 , 0.475, 0.5  
gul:1.57727129e-03,0.00000000e+00,0.00000000e+00,0.00000000e+00,0.00000000e+00,0.00000000e+00,0.00000000e+00,0.00000000e+00,0.00000000e+00,0.00000000e+00,0.00000000e+00,2.10302839e-03,6.30908517e-03,6.30908517e-01,2.90743675e+00,9.38392299e+01,5.04621663e+00,2.66664000e+00,5.04726814e-02,1.05151420e-03,1.05151420e-03,0.00000000e+00,5.25757098e-04,5.25757098e-04,1.57727129e-03,1.57727129e-03,3.25969401e-02,2.82857319e-01,9.29012792e-01,5.24705584e-01,1.58936371e+00,4.53302512e+01,2.03941178e+00,4.83696530e-01,1.10829596e+00,2.25024038e-01,1.89272555e-02,6.30908517e-03,0.00000000e+00,1.05151420e-03
gul_bin_edges:0.     ,0.00634,0.01268,0.01902,0.02536,0.0317 ,0.03804,0.04438,0.05072,0.05706,0.0634 ,0.06974,0.07608,0.08242,0.08876,0.0951 ,0.10144,0.10778,0.11412,0.12046,0.1268 ,0.13314,0.13948,0.14582,0.15216,0.1585 ,0.16484,0.17118,0.17752,0.18386,0.1902 ,0.19654,0.20288,0.20922,0.21556,0.2219 ,0.22824,0.23458,0.24092,0.24726,0.2536 
gdl:1.57727129e-03,0.00000000e+00,0.00000000e+00,0.00000000e+00,0.00000000e+00,0.00000000e+00,0.00000000e+00,0.00000000e+00,0.00000000e+00,0.00000000e+00,0.00000000e+00,2.10302839e-03,6.30908517e-03,6.30908517e-01,2.90743675e+00,9.38392299e+01,5.04621663e+00,2.66664000e+00,5.04726814e-02,1.05151420e-03,1.05151420e-03,0.00000000e+00,5.25757098e-04,5.25757098e-04,1.57727129e-03,1.57727129e-03,3.25969401e-02,2.82857319e-01,9.29012792e-01,5.24705584e-01,1.58936371e+00,4.53302512e+01,2.03941178e+00,4.83696530e-01,1.10829596e+00,2.25024038e-01,1.89272555e-02,6.30908517e-03,0.00000000e+00,1.05151420e-03
gdl_bin_edges:0.     ,0.00634,0.01268,0.01902,0.02536,0.0317 ,0.03804,0.04438,0.05072,0.05706,0.0634 ,0.06974,0.07608,0.08242,0.08876,0.0951 ,0.10144,0.10778,0.11412,0.12046,0.1268 ,0.13314,0.13948,0.14582,0.15216,0.1585 ,0.16484,0.17118,0.17752,0.18386,0.1902 ,0.19654,0.20288,0.20922,0.21556,0.2219 ,0.22824,0.23458,0.24092,0.24726,0.2536 
ri: 0., 0., 0., 0., 0., 0., 0., 0., 0., 0., 0., 0., 0., 0., 0., 0., 0., 0., 0., 0.,40., 0., 0., 0., 0., 0., 0., 0., 0., 0., 0., 0., 0., 0., 0., 0., 0., 0., 0., 0.
ri_bin_edges:0.5  ,0.525,0.55 ,0.575,0.6  ,0.625,0.65 ,0.675,0.7  ,0.725,0.75 ,0.775,0.8  ,0.825,0.85 ,0.875,0.9  ,0.925,0.95 ,0.975,1.   ,1.025,1.05 ,1.075,1.1  ,1.125,1.15 ,1.175,1.2  ,1.225,1.25 ,1.275,1.3  ,1.325,1.35 ,1.375,1.4  ,1.425,1.45 ,1.475,1.5  
