period:1
ue_log_freq:1000
mac_log_freq:1000
mimo_layers:2
frequency:2412000000.0
bandwidth:50000000
ue_speed:5.555555555555555
max_distance:1000
shannon_cfg_bandwidth_mhz:50.0
shannon_cfg_mimo_layers:2
shannon_cfg_bw_efficiency:0.67
shannon_cfg_sinr_offset_db:0
shannon_cfg_ul_divisor:2
shannon_cfg_sinr_sample_rate:1000
n_ue:50
sinr_period:9.463597741343282
sinr_rate:105.66805852612856
ul_fairness:0.7872019810847971
dl_fairness:0.9170437885237628
ul_agg_throughput:0.10815282495383398
dl_agg_throughput:0.07899617975763584
ul_ave_throughput:0.0021630564990766797
dl_ave_throughput:0.0015799235951527168
ul_se:0.0021630564990766793
dl_se:0.0015799235951527168
ul_ase:6.885222680302066e-10
dl_ase:5.029052997521466e-10
ul_gr:0.0054505416044108666, 0.0054505416044108666, 0.0054505416044108666, 0.0054505416044108666, 0.0054505416044108666, 0.0054505416044108666, 0.0054505416044108666, 0.0054505416044108666, 0.0054505416044108666, 0.0054505416044108666, 0.0054505416044108666, 0.0054505416044108666, 0.0054505416044108666, 0.0054505416044108666, 0.0054505416044108666, 0.0054505416044108666, 0.0054505416044108666, 0.0054505416044108666, 0.0054505416044108666, 0.0054505416044108666, 0.0054505416044108666, 0.0054505416044108666, 0.0054505416044108666, 0.0054505416044108666, 0.0054505416044108666, 0.0054505416044108666, 0.0054505416044108666, 0.0054505416044108666, 0.0054505416044108666, 0.0054505416044108666, 0.0054505416044108666, 0.0054505416044108666, 0.0054505416044108666, 0.0054505416044108666, 0.0054505416044108666, 0.0054505416044108666, 0.0054505416044108666, 0.0054505416044108666, 0.0054505416044108666, 0.0054505416044108666, 0.0054505416044108666, 0.0054505416044108666, 0.0054505416044108666, 0.0054505416044108666, 0.0054505416044108666, 0.0054505416044108666, 0.0054505416044108666, 0.0054505416044108666, 0.0054505416044108666, 0.0054505416044108666
dl_gr:0.0026481195555802454, 0.0026481195555802454, 0.0026481195555802454, 0.0026481195555802454, 0.0026481195555802454, 0.0026481195555802454, 0.0026481195555802454, 0.0026481195555802454, 0.0026481195555802454, 0.0026481195555802454, 0.0026481195555802454, 0.0026481195555802454, 0.0026481195555802454, 0.0026481195555802454, 0.0026481195555802454, 0.0026481195555802454, 0.0026481195555802454, 0.0026481195555802454, 0.0026481195555802454, 0.0026481195555802454, 0.0026481195555802454, 0.0026481195555802454, 0.0026481195555802454, 0.0026481195555802454, 0.0026481195555802454, 0.0026481195555802454, 0.0026481195555802454, 0.0026481195555802454, 0.0026481195555802454, 0.0026481195555802454, 0.0026481195555802454, 0.0026481195555802454, 0.0026481195555802454, 0.0026481195555802454, 0.0026481195555802454, 0.0026481195555802454, 0.0026481195555802454, 0.0026481195555802454, 0.0026481195555802454, 0.0026481195555802454, 0.0026481195555802454, 0.0026481195555802454, 0.0026481195555802454, 0.0026481195555802454, 0.0026481195555802454, 0.0026481195555802454, 0.0026481195555802454, 0.0026481195555802454, 0.0026481195555802454, 0.0026481195555802454
ul_tr:0.005450541799733348, 0.005450541550997166, 0.005450540646025221, 0.005450541337675685, 0.005450541337675685, 0.005450541294733625, 0.0054505417217376815, 0.005450542201783235, 0.005450542201783235, 0.005450541551524914, 0.005450541720404422, 0.0, 0.0054505417217376815, 0.005450541763955891, 0.0, 0.005450540646025221, 0.0054505417217376815, 0.0, 0.005450540646025221, 0.005450541022330426, 0.005450541299775568, 0.005450540916243542, 0.005450544761902117, 0.0054505417217376815, 0.005450541762640965, 0.005450541022330426, 0.005450545027292928, 0.005450541388689517, 0.0, 0.005450541755491361, 0.005450541388689517, 0.0, 0.0054505419777623465, 0.005450541755491361, 0.0, 0.0054505419777623465, 0.005450541301277707, 0.005450541762640965, 0.005450544758757846, 0.005450543787067385, 0.005450541229981668, 0.005450541122659852, 0.0, 0.005450543138270096, 0.005450541491083829, 0.005450541337675685, 0.005450541527826231, 0.0, 0.00545054051947114, 0.0
dl_tr:0.002648119261629909, 0.0026481192830231652, 0.0026481198008443973, 0.0026481192830231652, 0.0026481194860841066, 0.0026481192830231652, 0.0026481192830231652, 0.0026481193893672576, 0.0026481193893672576, 0.0026481192830231652, 0.0026481192830231652, 0.002648122529470585, 0.0026481192830231652, 0.0026481192830231652, 0.0, 0.0026481198008443973, 0.0026481192830231652, 0.0026481240717015717, 0.0026481198008443973, 0.002648119261629909, 0.002648119261629909, 0.0026481197998222323, 0.0026481195505249707, 0.0026481192830231652, 0.002648119261629909, 0.002648119261629909, 0.0026481200277206824, 0.002648119331087162, 0.0, 0.0026481192615743572, 0.002648119331087162, 0.002648124117167936, 0.0026481192615965777, 0.0026481192615965777, 0.0, 0.0026481192615965777, 0.0026481192615965777, 0.0026481192615965777, 0.002648119603410922, 0.0026481200098216764, 0.0026481197927892895, 0.0026481192615965777, 0.002648122537614577, 0.0026481198700349976, 0.002648119306149658, 0.002648119692350425, 0.002648120400199989, 0.0026481195785678572, 0.0026481193478140102, 0.002648119587289595
ul_er:0.0, 0.0, 0.0, 0.0, 0.0, 0.0, 0.0, 0.0, 0.0, 0.0, 0.0, 0.0, 0.0, 0.0, 0.0, 0.0, 0.0, 0.0, 0.0, 0.0, 0.0, 0.0, 0.0, 0.0, 0.0, 0.0, 0.0, 0.0, 0.0, 0.0, 0.0, 0.0, 0.0, 0.0, 0.0, 0.0, 0.0, 0.0, 0.0, 0.0, 0.0, 0.0, 0.0, 0.0, 0.0, 0.0, 0.0, 0.0, 0.0, 0.0
dl_er:0.0, 0.0, 0.0, 0.0, 0.0, 0.0, 0.0, 0.0, 0.0, 0.0, 0.0, 0.0, 0.0, 0.0, 0.0, 0.0, 0.0, 0.0, 0.0, 0.0, 0.0, 0.0, 0.0, 0.0, 0.0, 0.0, 0.0, 0.0, 0.0, 0.0, 0.0, 0.0, 0.0, 0.0, 0.0, 0.0, 0.0, 0.0, 0.0, 0.0, 0.0, 0.0, 0.0, 0.0, 0.0, 0.0, 0.0, 0.0, 0.0, 0.0
ul_er_ratio:0.0, 0.0, 0.0, 0.0, 0.0, 0.0, 0.0, 0.0, 0.0, 0.0, 0.0, 0.0, 0.0, 0.0, 0.0, 0.0, 0.0, 0.0, 0.0, 0.0, 0.0, 0.0, 0.0, 0.0, 0.0, 0.0, 0.0, 0.0, 0.0, 0.0, 0.0, 0.0, 0.0, 0.0, 0.0, 0.0, 0.0, 0.0, 0.0, 0.0, 0.0, 0.0, 0.0, 0.0, 0.0, 0.0, 0.0, 0.0, 0.0, 0.0
dl_er_ratio:0.0, 0.0, 0.0, 0.0, 0.0, 0.0, 0.0, 0.0, 0.0, 0.0, 0.0, 0.0, 0.0, 0.0, 0.0, 0.0, 0.0, 0.0, 0.0, 0.0, 0.0, 0.0, 0.0, 0.0, 0.0, 0.0, 0.0, 0.0, 0.0, 0.0, 0.0, 0.0, 0.0, 0.0, 0.0, 0.0, 0.0, 0.0, 0.0, 0.0, 0.0, 0.0, 0.0, 0.0, 0.0, 0.0, 0.0, 0.0, 0.0, 0.0
ul_er_perc:0.0, 0.0, 0.0, 0.0, 0.0, 0.0, 0.0, 0.0, 0.0, 0.0, 0.0, 0.0, 0.0, 0.0, 0.0, 0.0, 0.0, 0.0, 0.0, 0.0, 0.0, 0.0, 0.0, 0.0, 0.0, 0.0, 0.0, 0.0, 0.0, 0.0, 0.0, 0.0, 0.0, 0.0, 0.0, 0.0, 0.0, 0.0, 0.0, 0.0, 0.0, 0.0, 0.0, 0.0, 0.0, 0.0, 0.0, 0.0, 0.0, 0.0
dl_er_perc:0.0, 0.0, 0.0, 0.0, 0.0, 0.0, 0.0, 0.0, 0.0, 0.0, 0.0, 0.0, 0.0, 0.0, 0.0, 0.0, 0.0, 0.0, 0.0, 0.0, 0.0, 0.0, 0.0, 0.0, 0.0, 0.0, 0.0, 0.0, 0.0, 0.0, 0.0, 0.0, 0.0, 0.0, 0.0, 0.0, 0.0, 0.0, 0.0, 0.0, 0.0, 0.0, 0.0, 0.0, 0.0, 0.0, 0.0, 0.0, 0.0, 0.0
ul_l:0.00012022552352647077, 0.0001399092345091939, 0.0003211335005999667, 0.00028528334966946276, 0.00028528334966946276, 0.00023583459162824288, 0.00011376261416587968, 0.0002583427325148603, 0.0002583427325148603, 0.00017804444780845512, 0.00014759631604355315, 0.0, 0.00011376261416587968, 0.00012045624286984057, 0.0, 0.0003211335005999667, 0.00011376261416587968, 0.0, 0.0003211335005999667, 0.0001765144042719849, 0.00010963872997611244, 0.00030840425279706683, 0.0003983055921171046, 0.00011376261416587968, 0.00012725537242375424, 0.0001765144042719849, 0.00034361481253263705, 0.00022177136052997054, 0.0, 0.00010102842504860841, 0.00022177136052997054, 0.0, 0.0001325901445419699, 0.00010102842504860841, 0.0, 0.0001325901445419699, 0.00020438224030887176, 0.00012725537242375424, 0.000282702985489695, 0.0002076093896172435, 0.00010715223907005166, 8.093167379590022e-05, 0.0, 7.043371059941114e-05, 4.1381584078662296e-05, 0.00028528334966946276, 0.0004489879613521471, 0.0, 0.00039610899124493086, 0.0
dl_l:5.3143269646130764e-05, 4.696807008499528e-05, 4.9939236997944555e-05, 4.696807008499528e-05, 4.791771638797845e-05, 4.696807008499528e-05, 4.696807008499528e-05, 4.729651042719848e-05, 4.729651042719848e-05, 4.696807008499528e-05, 4.696807008499528e-05, 8.709292729292817e-05, 4.696807008499528e-05, 4.696807008499528e-05, 0.0, 4.9939236997944555e-05, 4.696807008499528e-05, 8.177921466029664e-05, 4.9939236997944555e-05, 5.3143269646130764e-05, 5.3143269646130764e-05, 5.749621667685129e-05, 7.105409450030552e-05, 4.696807008499528e-05, 5.3143269646130764e-05, 5.317103062607633e-05, 6.95201917837898e-05, 5.439572594300317e-05, 0.0, 5.294912162102106e-05, 5.439572594300317e-05, 7.050406346869619e-05, 5.278149618354535e-05, 5.278149618354535e-05, 0.0, 5.278149618354535e-05, 5.278149618354535e-05, 5.278149618354535e-05, 5.965307501249932e-05, 5.796375790233876e-05, 5.7157845741903236e-05, 5.278149618354535e-05, 5.7303071423809795e-05, 4.02726014443642e-05, 3.499930464974169e-05, 4.8762278440086666e-05, 8.846207171268262e-05, 9.031737429587246e-05, 5.112614898061219e-05, 8.890938927837342e-05
ul_il:0.0031386148988167325, 0.004318900864468641, 0.025860865237386812, 0.019971781409755016, 0.019971781409755016, 0.01339268812364313, 0.0027503832067107383, 0.016191428618076778, 0.016191428618076778, 0.0073129810916226865, 0.004873365337775679, 0.0, 0.0027503832067107383, 0.003106893692294873, 0.0, 0.025860865237386812, 0.0027503832067107383, 0.0, 0.025860865237386812, 0.007166509241025497, 0.0025222341737847894, 0.023424307871334926, 0.049155198378712295, 0.0027503832067107383, 0.0035594898774290317, 0.007166509241025497, 0.03420030747070718, 0.011733346002849842, 0.0, 0.0020416209252708184, 0.011733346002849842, 0.0, 0.0038816376636075776, 0.0020416209252708184, 0.0, 0.0038816376636075776, 0.009838859025554134, 0.0035594898774290317, 0.020123823769396147, 0.010292030969807233, 0.002415457553269263, 0.0012131138865618578, 0.0, 0.0008330174515693573, 0.00014538900782734294, 0.019971781409755016, 0.06467889688841733, 0.0, 0.04175658946555747, 0.0
dl_il:0.0003425771230653853, 0.00022713106111882673, 0.00029887195809677247, 0.00022713106111882673, 0.0002535095318148992, 0.00022713106111882673, 0.00022713106111882673, 0.0002363634446530749, 0.0002363634446530749, 0.00022713106111882673, 0.00022713106111882673, 0.0018103264236375757, 0.00022713106111882673, 0.00022713106111882673, 0.0, 0.00029887195809677247, 0.00022713106111882673, 0.0015275546249875007, 0.00029887195809677247, 0.0003425771230653853, 0.0003425771230653853, 0.00047847277055719126, 0.0010658119854674742, 0.00022713106111882673, 0.0003425771230653853, 0.00034254957401811005, 0.0009866963456141324, 0.0003681824295650242, 0.0, 0.0003420214531970446, 0.0003681824295650242, 0.0009766956174101437, 0.0003416323756624632, 0.0003416323756624632, 0.0, 0.0003416323756624632, 0.0003416323756624632, 0.0003416323756624632, 0.0006130080749347258, 0.0005474451053163713, 0.0004814919276817955, 0.0003416323756624632, 0.00048635457034609195, 9.713327071829344e-05, 5.5055296339092277e-05, 0.0002738815058163436, 0.0019311573243208713, 0.0019808486471362702, 0.0003326324586411866, 0.0018925728235431368
sinr_ul:0.01210624,0.        ,0.        ,0.        ,0.02421247,0.        ,0.        ,0.        ,0.02421247,0.02421247,0.        ,0.02421247,0.01210624,0.01210624,0.03631871,0.        ,0.        ,0.        ,0.        ,0.        ,0.02421247,0.01210624,0.04842495,0.03631871,0.07263742,0.04842495,0.01210624,0.        ,0.06053118,0.02421247,0.01210624,0.01210624,0.01210624,0.02421247,0.01210624,0.        ,0.        ,0.01210624,0.        ,0.01210624
sinr_ul_bin_edges:-17.904287 ,-16.2522459,-14.6002048,-12.9481637,-11.2961226, -9.6440815, -7.9920404, -6.3399993, -4.6879582, -3.0359171, -1.383876 ,  0.2681651,  1.9202062,  3.5722473,  5.2242884,  6.8763295,  8.5283706, 10.1804117, 11.8324528, 13.4844939, 15.136535 , 16.7885761, 18.4406172, 20.0926583, 21.7446994, 23.3967405, 25.0487816, 26.7008227, 28.3528638, 30.0049049, 31.656946 , 33.3089871, 34.9610282, 36.6130693, 38.2651104, 39.9171515, 41.5691926, 43.2212337, 44.8732748, 46.5253159, 48.177357 
sinr_dl:0.01210647,0.        ,0.        ,0.        ,0.02421294,0.        ,0.        ,0.        ,0.02421294,0.02421294,0.        ,0.02421294,0.01210647,0.01210647,0.0363194 ,0.        ,0.        ,0.        ,0.        ,0.        ,0.02421294,0.01210647,0.04842587,0.02421294,0.08474528,0.04842587,0.01210647,0.        ,0.06053234,0.02421294,0.01210647,0.01210647,0.01210647,0.02421294,0.01210647,0.        ,0.        ,0.01210647,0.        ,0.01210647
sinr_dl_bin_edges:-5.175361  ,-3.52335152,-1.87134205,-0.21933258, 1.4326769 , 3.08468637, 4.73669585, 6.38870532, 8.0407148 , 9.69272427,11.34473375,12.99674322,14.6487527 ,16.30076217,17.95277165,19.60478112,21.2567906 ,22.90880007,24.56080955,26.21281902,27.8648285 ,29.51683797,31.16884745,32.82085692,34.4728664 ,36.12487587,37.77688535,39.42889482,41.0809043 ,42.73291377,44.38492325,46.03693272,47.6889422 ,49.34095167,50.99296115,52.64497062,54.2969801 ,55.94898957,57.60099905,59.25300852,60.905018  
rsrp_ul:0.01210991,0.        ,0.        ,0.        ,0.02421982,0.        ,0.        ,0.        ,0.02421982,0.02421982,0.        ,0.02421982,0.01210991,0.02421982,0.02421982,0.        ,0.        ,0.        ,0.        ,0.        ,0.02421982,0.02421982,0.04843963,0.02421982,0.07265945,0.04843963,0.01210991,0.        ,0.06054954,0.02421982,0.01210991,0.01210991,0.01210991,0.02421982,0.01210991,0.        ,0.        ,0.01210991,0.        ,0.01210991
rsrp_ul_bin_edges:-134.56644   ,-132.91489975,-131.2633595 ,-129.61181925,-127.960279  ,-126.30873875,-124.6571985 ,-123.00565825,-121.354118  ,-119.70257775,-118.0510375 ,-116.39949725,-114.747957  ,-113.09641675,-111.4448765 ,-109.79333625,-108.141796  ,-106.49025575,-104.8387155 ,-103.18717525,-101.535635  , -99.88409475, -98.2325545 , -96.58101425, -94.929474  , -93.27793375, -91.6263935 , -89.97485325, -88.323313  , -86.67177275, -85.0202325 , -83.36869225, -81.717152  , -80.06561175, -78.4140715 , -76.76253125, -75.110991  , -73.45945075, -71.8079105 , -70.15637025, -68.50483   
rsrp_dl:0.01210991,0.        ,0.        ,0.        ,0.02421982,0.        ,0.        ,0.        ,0.02421982,0.02421982,0.        ,0.02421982,0.01210991,0.02421982,0.02421982,0.        ,0.        ,0.        ,0.        ,0.        ,0.02421982,0.02421982,0.04843963,0.01210991,0.08476935,0.04843963,0.01210991,0.        ,0.06054954,0.02421982,0.01210991,0.01210991,0.01210991,0.02421982,0.01210991,0.        ,0.        ,0.01210991,0.        ,0.01210991
rsrp_dl_bin_edges:-128.54584   ,-126.89429975,-125.2427595 ,-123.59121925,-121.939679  ,-120.28813875,-118.6365985 ,-116.98505825,-115.333518  ,-113.68197775,-112.0304375 ,-110.37889725,-108.727357  ,-107.07581675,-105.4242765 ,-103.77273625,-102.121196  ,-100.46965575, -98.8181155 , -97.16657525, -95.515035  , -93.86349475, -92.2119545 , -90.56041425, -88.908874  , -87.25733375, -85.6057935 , -83.95425325, -82.302713  , -80.65117275, -78.9996325 , -77.34809225, -75.696552  , -74.04501175, -72.3934715 , -70.74193125, -69.090391  , -67.43885075, -65.7873105 , -64.13577025, -62.48423   
cqi_ul:0.48      ,0.        ,0.26666667,0.        ,0.        ,0.        ,0.        ,0.        ,0.        ,0.        ,0.10666667,0.        ,0.        ,0.10666667,0.        ,0.        ,0.16      ,0.        ,0.37333333,0.        ,0.        ,0.10666667,0.        ,0.        ,0.21333333,0.        ,0.05333333,0.        ,0.        ,0.10666667,0.        ,0.        ,0.26666667,0.        ,0.05333333,0.        ,0.        ,0.05333333,0.        ,0.32      
cqi_ul_bin_edges: 0.   , 0.375, 0.75 , 1.125, 1.5  , 1.875, 2.25 , 2.625, 3.   , 3.375, 3.75 , 4.125, 4.5  , 4.875, 5.25 , 5.625, 6.   , 6.375, 6.75 , 7.125, 7.5  , 7.875, 8.25 , 8.625, 9.   , 9.375, 9.75 ,10.125,10.5  ,10.875,11.25 ,11.625,12.   ,12.375,12.75 ,13.125,13.5  ,13.875,14.25 ,14.625,15.   
cqi_dl:0.16      ,0.        ,0.        ,0.        ,0.        ,0.21333333,0.        ,0.        ,0.10666667,0.        ,0.10666667,0.        ,0.        ,0.10666667,0.        ,0.        ,0.05333333,0.        ,0.        ,0.        ,0.        ,0.        ,0.        ,0.        ,0.        ,0.        ,0.        ,0.        ,0.        ,0.05333333,0.        ,0.        ,0.10666667,0.        ,0.26666667,0.        ,0.        ,0.26666667,0.        ,1.22666667
cqi_dl_bin_edges: 0.   , 0.375, 0.75 , 1.125, 1.5  , 1.875, 2.25 , 2.625, 3.   , 3.375, 3.75 , 4.125, 4.5  , 4.875, 5.25 , 5.625, 6.   , 6.375, 6.75 , 7.125, 7.5  , 7.875, 8.25 , 8.625, 9.   , 9.375, 9.75 ,10.125,10.5  ,10.875,11.25 ,11.625,12.   ,12.375,12.75 ,13.125,13.5  ,13.875,14.25 ,14.625,15.   
mcs_ul:0.4       ,0.        ,0.        ,0.        ,0.        ,0.        ,0.        ,0.02857143,0.02857143,0.        ,0.02857143,0.02857143,0.08571429,0.        ,0.        ,0.08571429,0.        ,0.11428571,0.05714286,0.        ,0.        ,0.11428571,0.        ,0.        ,0.02857143,0.        ,0.        ,0.        ,0.05714286,0.        ,0.08571429,0.05714286,0.        ,0.        ,0.02857143,0.02857143,0.        ,0.        ,0.        ,0.17142857
mcs_ul_bin_edges: 0. , 0.7, 1.4, 2.1, 2.8, 3.5, 4.2, 4.9, 5.6, 6.3, 7. , 7.7, 8.4, 9.1, 9.8,10.5,11.2,11.9,12.6,13.3,14. ,14.7,15.4,16.1,16.8,17.5,18.2,18.9,19.6,20.3,21. ,21.7,22.4,23.1,23.8,24.5,25.2,25.9,26.6,27.3,28. 
mcs_dl:0.08571429,0.05714286,0.05714286,0.        ,0.        ,0.05714286,0.        ,0.        ,0.05714286,0.        ,0.        ,0.05714286,0.02857143,0.        ,0.        ,0.        ,0.        ,0.        ,0.        ,0.        ,0.        ,0.        ,0.        ,0.        ,0.        ,0.        ,0.        ,0.02857143,0.        ,0.        ,0.02857143,0.02857143,0.11428571,0.        ,0.02857143,0.02857143,0.        ,0.11428571,0.        ,0.65714286
mcs_dl_bin_edges: 0. , 0.7, 1.4, 2.1, 2.8, 3.5, 4.2, 4.9, 5.6, 6.3, 7. , 7.7, 8.4, 9.1, 9.8,10.5,11.2,11.9,12.6,13.3,14. ,14.7,15.4,16.1,16.8,17.5,18.2,18.9,19.6,20.3,21. ,21.7,22.4,23.1,23.8,24.5,25.2,25.9,26.6,27.3,28. 
eff_ul:0.97214534,0.54008074,0.        ,0.        ,0.        ,0.        ,0.        ,0.10801615,0.        ,0.10801615,0.10801615,0.10801615,0.32404845,0.        ,0.32404845,0.        ,0.43206459,0.2160323 ,0.        ,0.        ,0.        ,0.43206459,0.        ,0.        ,0.10801615,0.        ,0.        ,0.        ,0.2160323 ,0.32404845,0.        ,0.2160323 ,0.        ,0.        ,0.        ,0.10801615,0.        ,0.10801615,0.        ,0.64809689
eff_ul_bin_edges:0.       ,0.1851575,0.370315 ,0.5554725,0.74063  ,0.9257875,1.110945 ,1.2961025,1.48126  ,1.6664175,1.851575 ,2.0367325,2.22189  ,2.4070475,2.592205 ,2.7773625,2.96252  ,3.1476775,3.332835 ,3.5179925,3.70315  ,3.8883075,4.073465 ,4.2586225,4.44378  ,4.6289375,4.814095 ,4.9992525,5.18441  ,5.3695675,5.554725 ,5.7398825,5.92504  ,6.1101975,6.295355 ,6.4805125,6.66567  ,6.8508275,7.035985 ,7.2211425,7.4063   
eff_dl:0.32404845,0.        ,0.2160323 ,0.2160323 ,0.        ,0.        ,0.2160323 ,0.        ,0.        ,0.2160323 ,0.        ,0.2160323 ,0.10801615,0.        ,0.        ,0.        ,0.        ,0.        ,0.        ,0.        ,0.        ,0.        ,0.        ,0.        ,0.        ,0.        ,0.        ,0.10801615,0.        ,0.10801615,0.        ,0.10801615,0.        ,0.43206459,0.        ,0.10801615,0.        ,0.10801615,0.43206459,2.48437141
eff_dl_bin_edges:0.       ,0.1851575,0.370315 ,0.5554725,0.74063  ,0.9257875,1.110945 ,1.2961025,1.48126  ,1.6664175,1.851575 ,2.0367325,2.22189  ,2.4070475,2.592205 ,2.7773625,2.96252  ,3.1476775,3.332835 ,3.5179925,3.70315  ,3.8883075,4.073465 ,4.2586225,4.44378  ,4.6289375,4.814095 ,4.9992525,5.18441  ,5.3695675,5.554725 ,5.7398825,5.92504  ,6.1101975,6.295355 ,6.4805125,6.66567  ,6.8508275,7.035985 ,7.2211425,7.4063   
rul:2.86432199e+01,3.48059614e-01,3.28585204e-01,1.33907233e-01,8.12039909e-02,1.28187245e-01,4.78098415e-02,1.12415948e-02,6.67882987e-03,8.76183126e-03,6.08368661e-03,1.35560408e-03,1.25641354e-03,4.95952713e-04,7.27397312e-04,3.20716088e-03,2.41363654e-03,9.25778398e-04,9.91905426e-05,3.30635142e-04,3.30635142e-05,1.98381085e-04,2.31444599e-04,2.31444599e-04,1.32254057e-04,1.02496894e-03,6.61270284e-05,0.00000000e+00,1.32254057e-04,2.64508114e-04,6.61270284e-05,1.32254057e-04,1.32254057e-03,3.30635142e-05,3.30635142e-05,0.00000000e+00,0.00000000e+00,0.00000000e+00,3.30635142e-05,3.30635142e-04
rul_bin_edges:0.        ,0.03360349,0.06720698,0.10081046,0.13441395,0.16801744,0.20162093,0.23522441,0.2688279 ,0.30243139,0.33603488,0.36963836,0.40324185,0.43684534,0.47044883,0.50405231,0.5376558 ,0.57125929,0.60486277,0.63846626,0.67206975,0.70567324,0.73927673,0.77288021,0.8064837 ,0.84008719,0.87369067,0.90729416,0.94089765,0.97450114,1.00810463,1.04170811,1.0753116 ,1.10891509,1.14251857,1.17612206,1.20972555,1.24332904,1.27693253,1.31053601,1.3441395 
rdl:1.14646418e+01,2.14913649e-02,2.19407064e-02,2.93740997e-02,1.28896836e-02,1.30950969e-03,4.87856550e-04,7.31784825e-04,6.29078183e-04,3.33796587e-04,3.20958257e-04,2.82443266e-04,1.66898294e-04,7.70299816e-05,3.85149908e-05,5.13533211e-05,8.98683119e-05,5.13533211e-05,1.28383303e-05,1.28383303e-05,0.00000000e+00,0.00000000e+00,1.28383303e-05,1.28383303e-05,0.00000000e+00,1.28383303e-05,1.28383303e-05,2.56766605e-05,2.56766605e-05,0.00000000e+00,1.28383303e-05,1.28383303e-05,1.28383303e-05,1.28383303e-05,0.00000000e+00,1.28383303e-05,0.00000000e+00,2.56766605e-05,0.00000000e+00,1.28383303e-05
rdl_bin_edges:0.        ,0.08654158,0.17308316,0.25962474,0.34616632,0.4327079 ,0.51924948,0.60579106,0.69233264,0.77887422,0.8654158 ,0.95195738,1.03849896,1.12504054,1.21158212,1.2981237 ,1.38466528,1.47120686,1.55774844,1.64429002,1.7308316 ,1.81737318,1.90391476,1.99045634,2.07699792,2.1635395 ,2.25008108,2.33662266,2.42316424,2.50970582,2.5962474 ,2.68278898,2.76933056,2.85587214,2.94241372,3.0289553 ,3.11549688,3.20203846,3.28858004,3.37512162,3.4616632 
lul:7.92400507e+03,0.00000000e+00,0.00000000e+00,0.00000000e+00,0.00000000e+00,0.00000000e+00,0.00000000e+00,0.00000000e+00,0.00000000e+00,0.00000000e+00,0.00000000e+00,0.00000000e+00,0.00000000e+00,0.00000000e+00,0.00000000e+00,0.00000000e+00,0.00000000e+00,0.00000000e+00,0.00000000e+00,0.00000000e+00,0.00000000e+00,0.00000000e+00,0.00000000e+00,0.00000000e+00,4.35632190e+01,1.58407496e+02,5.16757572e+00,4.40818288e+00,2.00035189e+00,1.17891109e+02,1.52804659e+00,2.48191809e+00,6.39001299e-01,7.44575427e+01,2.22261321e-01,3.05609317e-01,4.63044420e-02,0.00000000e+00,7.40871072e-02,6.48262188e-02
lul_bin_edges:0.        ,0.00011997,0.00023994,0.00035992,0.00047989,0.00059986,0.00071983,0.00083981,0.00095978,0.00107975,0.00119972,0.00131969,0.00143967,0.00155964,0.00167961,0.00179958,0.00191956,0.00203953,0.0021595 ,0.00227947,0.00239944,0.00251942,0.00263939,0.00275936,0.00287933,0.00299931,0.00311928,0.00323925,0.00335922,0.00347919,0.00359917,0.00371914,0.00383911,0.00395908,0.00407906,0.00419903,0.004319  ,0.00443897,0.00455894,0.00467892,0.00479889
ldl:8.57287117e+03,0.00000000e+00,0.00000000e+00,0.00000000e+00,0.00000000e+00,0.00000000e+00,0.00000000e+00,0.00000000e+00,0.00000000e+00,0.00000000e+00,0.00000000e+00,0.00000000e+00,0.00000000e+00,0.00000000e+00,0.00000000e+00,0.00000000e+00,0.00000000e+00,0.00000000e+00,0.00000000e+00,0.00000000e+00,0.00000000e+00,0.00000000e+00,0.00000000e+00,0.00000000e+00,0.00000000e+00,0.00000000e+00,5.75446204e+01,1.30629288e+00,1.32274249e+01,1.31209863e+01,1.74462671e+01,6.09603343e+00,4.88650299e+00,2.51582332e-01,2.17618717e+01,3.96725985e-01,0.00000000e+00,9.67624355e-03,0.00000000e+00,1.83848627e-01
ldl_bin_edges:0.        ,0.00011482,0.00022964,0.00034447,0.00045929,0.00057411,0.00068893,0.00080376,0.00091858,0.0010334 ,0.00114822,0.00126305,0.00137787,0.00149269,0.00160751,0.00172234,0.00183716,0.00195198,0.0020668 ,0.00218163,0.00229645,0.00241127,0.00252609,0.00264091,0.00275574,0.00287056,0.00298538,0.0031002 ,0.00321503,0.00332985,0.00344467,0.00355949,0.00367432,0.00378914,0.00390396,0.00401878,0.00413361,0.00424843,0.00436325,0.00447807,0.0045929 
ilul:1.43067733e+01,1.43690447e-01,1.06531965e-01,7.55857889e-02,5.33236566e-02,3.86909598e-02,2.85568285e-02,2.07790887e-02,1.39076533e-02,9.73865299e-03,7.87660935e-03,5.35543523e-03,4.11956556e-03,2.81778284e-03,2.25752193e-03,1.54895665e-03,1.54895665e-03,1.03813052e-03,7.41521801e-04,4.94347867e-04,4.61391343e-04,4.44913081e-04,5.10826130e-04,6.59130490e-04,4.44913081e-04,2.14217409e-04,2.30695671e-04,2.63652196e-04,4.77869605e-04,3.79000032e-04,2.30695671e-04,2.47173934e-04,2.47173934e-04,2.30695671e-04,2.63652196e-04,9.88695735e-05,1.15347836e-04,1.15347836e-04,1.15347836e-04,1.31826098e-04
ilul_bin_edges:0.        ,0.06742516,0.13485031,0.20227546,0.26970062,0.33712578,0.40455093,0.47197608,0.53940124,0.6068264 ,0.67425155,0.74167671,0.80910186,0.87652701,0.94395217,1.01137732,1.07880248,1.14622764,1.21365279,1.28107795,1.3485031 ,1.41592826,1.48335341,1.55077857,1.61820372,1.68562887,1.75305403,1.82047918,1.88790434,1.95532949,2.02275465,2.09017981,2.15760496,2.22503012,2.29245527,2.35988043,2.42730558,2.49473074,2.56215589,2.62958105,2.6970062 
ildl:9.39290176e+01,2.55035473e-01,1.34040921e-01,9.64800036e-02,5.48157927e-02,3.69296415e-02,2.84074165e-02,2.59875255e-02,2.29363585e-02,2.16738067e-02,1.10473287e-02,8.94307558e-03,7.57531108e-03,5.36584535e-03,5.15542004e-03,3.99808085e-03,3.57723023e-03,4.20850615e-03,3.57723023e-03,3.05116696e-03,4.10329350e-03,2.84074165e-03,2.20946573e-03,2.84074165e-03,2.20946573e-03,2.20946573e-03,2.41989104e-03,2.10425308e-03,2.31467838e-03,1.68340246e-03,2.41989104e-03,1.78861512e-03,1.78861512e-03,1.78861512e-03,8.41701231e-04,4.20850615e-04,3.15637962e-04,2.10425308e-04,1.05212654e-04,2.10425308e-04
ildl_bin_edges:0.        ,0.01056004,0.02112007,0.03168011,0.04224014,0.05280018,0.06336021,0.07392025,0.08448029,0.09504032,0.10560036,0.11616039,0.12672043,0.13728046,0.1478405 ,0.15840054,0.16896057,0.17952061,0.19008064,0.20064068,0.21120072,0.22176075,0.23232079,0.24288082,0.25344086,0.26400089,0.27456093,0.28512097,0.295681  ,0.30624104,0.31680107,0.32736111,0.33792114,0.34848118,0.35904122,0.36960125,0.38016129,0.39072132,0.40128136,0.41184139,0.42240143
eul: 0., 0., 0., 0., 0., 0., 0., 0., 0., 0., 0., 0., 0., 0., 0., 0., 0., 0., 0., 0.,40., 0., 0., 0., 0., 0., 0., 0., 0., 0., 0., 0., 0., 0., 0., 0., 0., 0., 0., 0.
eul_bin_edges:-0.5  ,-0.475,-0.45 ,-0.425,-0.4  ,-0.375,-0.35 ,-0.325,-0.3  ,-0.275,-0.25 ,-0.225,-0.2  ,-0.175,-0.15 ,-0.125,-0.1  ,-0.075,-0.05 ,-0.025, 0.   , 0.025, 0.05 , 0.075, 0.1  , 0.125, 0.15 , 0.175, 0.2  , 0.225, 0.25 , 0.275, 0.3  , 0.325, 0.35 , 0.375, 0.4  , 0.425, 0.45 , 0.475, 0.5  
edl: 0., 0., 0., 0., 0., 0., 0., 0., 0., 0., 0., 0., 0., 0., 0., 0., 0., 0., 0., 0.,40., 0., 0., 0., 0., 0., 0., 0., 0., 0., 0., 0., 0., 0., 0., 0., 0., 0., 0., 0.
edl_bin_edges:-0.5  ,-0.475,-0.45 ,-0.425,-0.4  ,-0.375,-0.35 ,-0.325,-0.3  ,-0.275,-0.25 ,-0.225,-0.2  ,-0.175,-0.15 ,-0.125,-0.1  ,-0.075,-0.05 ,-0.025, 0.   , 0.025, 0.05 , 0.075, 0.1  , 0.125, 0.15 , 0.175, 0.2  , 0.225, 0.25 , 0.275, 0.3  , 0.325, 0.35 , 0.375, 0.4  , 0.425, 0.45 , 0.475, 0.5  
gul:7.55452998e+00,0.00000000e+00,4.20724548e-04,0.00000000e+00,0.00000000e+00,3.36579638e-03,4.20724548e-04,8.41449096e-04,0.00000000e+00,0.00000000e+00,0.00000000e+00,0.00000000e+00,0.00000000e+00,4.20724548e-04,5.46941912e-03,1.68289819e-03,0.00000000e+00,0.00000000e+00,0.00000000e+00,0.00000000e+00,0.00000000e+00,4.20724548e-04,4.20724548e-04,1.68289819e-03,8.41449096e-04,1.68289819e-03,4.20724548e-04,0.00000000e+00,0.00000000e+00,4.20724548e-04,0.00000000e+00,0.00000000e+00,0.00000000e+00,0.00000000e+00,0.00000000e+00,0.00000000e+00,0.00000000e+00,0.00000000e+00,0.00000000e+00,4.20724548e-04
gul_bin_edges:0.     ,0.13204,0.26408,0.39612,0.52816,0.6602 ,0.79224,0.92428,1.05632,1.18836,1.3204 ,1.45244,1.58448,1.71652,1.84856,1.9806 ,2.11264,2.24468,2.37672,2.50876,2.6408 ,2.77284,2.90488,3.03692,3.16896,3.301  ,3.43304,3.56508,3.69712,3.82916,3.9612 ,4.09324,4.22528,4.35732,4.48936,4.6214 ,4.75344,4.88548,5.01752,5.14956,5.2816 
gdl:9.84344998e+00,3.83952691e-03,0.00000000e+00,0.00000000e+00,9.32456535e-03,0.00000000e+00,4.38803075e-03,2.74251922e-03,5.48503844e-04,0.00000000e+00,1.64551153e-03,0.00000000e+00,4.38803075e-03,1.09700769e-03,0.00000000e+00,0.00000000e+00,0.00000000e+00,0.00000000e+00,0.00000000e+00,5.48503844e-04,1.09700769e-03,0.00000000e+00,0.00000000e+00,0.00000000e+00,0.00000000e+00,0.00000000e+00,0.00000000e+00,0.00000000e+00,0.00000000e+00,0.00000000e+00,0.00000000e+00,0.00000000e+00,0.00000000e+00,0.00000000e+00,0.00000000e+00,0.00000000e+00,0.00000000e+00,0.00000000e+00,0.00000000e+00,5.48503844e-04
gdl_bin_edges:0.     ,0.10128,0.20256,0.30384,0.40512,0.5064 ,0.60768,0.70896,0.81024,0.91152,1.0128 ,1.11408,1.21536,1.31664,1.41792,1.5192 ,1.62048,1.72176,1.82304,1.92432,2.0256 ,2.12688,2.22816,2.32944,2.43072,2.532  ,2.63328,2.73456,2.83584,2.93712,3.0384 ,3.13968,3.24096,3.34224,3.44352,3.5448 ,3.64608,3.74736,3.84864,3.94992,4.0512 
ri: 0., 0., 0., 0., 0., 0., 0., 0., 0., 0., 0., 0., 0., 0., 0., 0., 0., 0., 0., 0.,40., 0., 0., 0., 0., 0., 0., 0., 0., 0., 0., 0., 0., 0., 0., 0., 0., 0., 0., 0.
ri_bin_edges:0.5  ,0.525,0.55 ,0.575,0.6  ,0.625,0.65 ,0.675,0.7  ,0.725,0.75 ,0.775,0.8  ,0.825,0.85 ,0.875,0.9  ,0.925,0.95 ,0.975,1.   ,1.025,1.05 ,1.075,1.1  ,1.125,1.15 ,1.175,1.2  ,1.225,1.25 ,1.275,1.3  ,1.325,1.35 ,1.375,1.4  ,1.425,1.45 ,1.475,1.5  
