period:1
ue_log_freq:1000
mac_log_freq:1000
mimo_layers:2
frequency:2412000000.0
bandwidth:50000000
ue_speed:5.555555555555555
max_distance:1000
shannon_cfg_bandwidth_mhz:50.0
shannon_cfg_mimo_layers:2
shannon_cfg_bw_efficiency:0.67
shannon_cfg_sinr_offset_db:0
shannon_cfg_ul_divisor:2
shannon_cfg_sinr_sample_rate:1000
n_ue:3
sinr_period:9.463597741343282
sinr_rate:105.66805852612856
ul_fairness:0.9991412474426905
dl_fairness:0.994036065722548
ul_agg_throughput:1.6157922741733217
dl_agg_throughput:1.4187861120504341
ul_ave_throughput:0.5385974247244406
dl_ave_throughput:0.47292870401681136
ul_se:0.032315845483466436
dl_se:0.02837572224100868
ul_ase:1.0286453097775166e-08
dl_ase:9.032272916918332e-09
ul_gr:0.09999893009610904, 0.09999893009610904, 0.1927979294881551
dl_gr:0.09999893009610904, 0.09999893009610904, 0.19999785948655513
ul_tr:0.040474530944350565, 0.04213749667142329, 0.08799923666743335
dl_tr:0.08615809895318048, 0.0904570586591034, 0.19011801202107984
ul_er:0.0, 0.0, 0.007197930018399816
dl_er:0.0, 0.0, 0.0
ul_er_ratio:0.0, 0.0, 0.07561075890161952
dl_er_ratio:0.0, 0.0, 0.0
ul_er_perc:0.0, 0.0, 7.561075890161952
dl_er_perc:0.0, 0.0, 0.0
ul_l:0.0027680708615613844, 0.002876829271512285, 0.002959301076764232
dl_l:0.006065579528594715, 0.00635687154691453, 0.006763126055714442
ul_il:0.003948336373201268, 0.004190183897811022, 0.011677763461890379
dl_il:0.012957081776517236, 0.013653677605648945, 0.020564991237862623
sinr_ul:0.00342814,0.00688252,0.04484134,0.03195349,0.01854082,0.02483668,0.03466751,0.02335596,0.02232321,0.02963682,0.03738528,0.04149005,0.04751601,0.02068317,0.01195632,0.00622651,0.00441591,0.00424722,0.00465207,0.00447589,0.00120332,0.00120332,0.00217609,0.01986409,0.01458037,0.02033267,0.01649406,0.00850194,0.00907361,0.00940911,0.00851881,0.00408603,0.00559298,0.00285647,0.00197554,0.00298955,0.00425097,0.00187995,0.00199053,0.00180872
sinr_ul_bin_edges:-20.819733  ,-19.04133248,-17.26293195,-15.48453143,-13.7061309 ,-11.92773037,-10.14932985, -8.37092933, -6.5925288 , -4.81412828, -3.03572775, -1.25732723,  0.5210733 ,  2.29947382,  4.07787435,  5.85627488,  7.6346754 ,  9.41307592, 11.19147645, 12.96987697, 14.7482775 , 16.52667802, 18.30507855, 20.08347907, 21.8618796 , 23.64028012, 25.41868065, 27.19708118, 28.9754817 , 30.75388222, 32.53228275, 34.31068327, 36.0890838 , 37.86748432, 39.64588485, 41.42428537, 43.2026859 , 44.98108643, 46.75948695, 48.53788747, 50.316288  
sinr_dl:0.00341337,0.00684923,0.04471106,0.0319999 ,0.01854312,0.02477787,0.03470887,0.02333158,0.02230308,0.02966749,0.03736913,0.04145319,0.0473938 ,0.02081371,0.01197116,0.006231  ,0.00440816,0.00425267,0.0046517 ,0.00446249,0.00120836,0.00120086,0.00220314,0.01988074,0.0144703 ,0.02048961,0.01642053,0.00847723,0.0091067 ,0.00943642,0.00843039,0.00411216,0.00556781,0.00284573,0.00197459,0.00322603,0.00401474,0.00187717,0.00199519,0.00178162
sinr_dl_bin_edges:-8.760656 ,-6.9813976,-5.2021392,-3.4228808,-1.6436224, 0.135636 , 1.9148944, 3.6941528, 5.4734112, 7.2526696, 9.031928 ,10.8111864,12.5904448,14.3697032,16.1489616,17.92822  ,19.7074784,21.4867368,23.2659952,25.0452536,26.824512 ,28.6037704,30.3830288,32.1622872,33.9415456,35.720804 ,37.5000624,39.2793208,41.0585792,42.8378376,44.617096 ,46.3963544,48.1756128,49.9548712,51.7341296,53.513388 ,55.2926464,57.0719048,58.8511632,60.6304216,62.40968  
rsrp_ul:0.00338231,0.00678333,0.04455584,0.03201866,0.0185119 ,0.0247131 ,0.03476643,0.02326248,0.02231723,0.02980809,0.03732515,0.04129146,0.0471782 ,0.02105003,0.01200185,0.00622367,0.00440991,0.00424707,0.00465886,0.00442489,0.00122414,0.00119981,0.00260365,0.01956571,0.01423675,0.02079921,0.01629571,0.00843424,0.00916798,0.00948618,0.00826391,0.00415722,0.00552175,0.00282826,0.00197847,0.00365371,0.00358071,0.00187927,0.00199532,0.00173701
rsrp_ul_bin_edges:-136.67677   ,-134.89595125,-133.1151325 ,-131.33431375,-129.553495  ,-127.77267625,-125.9918575 ,-124.21103875,-122.43022   ,-120.64940125,-118.8685825 ,-117.08776375,-115.306945  ,-113.52612625,-111.7453075 ,-109.96448875,-108.18367   ,-106.40285125,-104.6220325 ,-102.84121375,-101.060395  , -99.27957625, -97.4987575 , -95.71793875, -93.93712   , -92.15630125, -90.3754825 , -88.59466375, -86.813845  , -85.03302625, -83.2522075 , -81.47138875, -79.69057   , -77.90975125, -76.1289325 , -74.34811375, -72.567295  , -70.78647625, -69.0056575 , -67.22483875, -65.44402   
rsrp_dl:0.00338231,0.00678333,0.04455584,0.03201866,0.0185119 ,0.02471311,0.03476643,0.02326248,0.02231723,0.02980809,0.03732516,0.04129146,0.0471782 ,0.02105003,0.01200185,0.00622367,0.00440991,0.00424707,0.00465886,0.00442489,0.00122414,0.00119981,0.00260365,0.01956571,0.01423676,0.02079921,0.01629571,0.00843424,0.00916798,0.00948618,0.00826391,0.00415722,0.00552175,0.00282826,0.00197847,0.00365371,0.00358071,0.00187927,0.00199532,0.00173701
rsrp_dl_bin_edges:-129.68707   ,-127.90625132,-126.12543265,-124.34461398,-122.5637953 ,-120.78297663,-119.00215795,-117.22133928,-115.4405206 ,-113.65970193,-111.87888325,-110.09806458,-108.3172459 ,-106.53642723,-104.75560855,-102.97478987,-101.1939712 , -99.41315253, -97.63233385, -95.85151518, -94.0706965 , -92.28987783, -90.50905915, -88.72824048, -86.9474218 , -85.16660312, -83.38578445, -81.60496578, -79.8241471 , -78.04332842, -76.26250975, -74.48169108, -72.7008724 , -70.92005373, -69.13923505, -67.35841638, -65.5775977 , -63.79677903, -62.01596035, -60.23514167, -58.454323  
cqi_ul:1.7814933 ,0.        ,0.13721641,0.        ,0.        ,0.05291503,0.        ,0.        ,0.03780407,0.        ,0.00613327,0.        ,0.        ,0.00613327,0.        ,0.        ,0.00768881,0.        ,0.10218564,0.        ,0.        ,0.07217706,0.        ,0.        ,0.12917204,0.        ,0.05031061,0.        ,0.        ,0.02807083,0.        ,0.        ,0.05718165,0.        ,0.0607905 ,0.        ,0.        ,0.01088878,0.        ,0.1265054 
cqi_ul_bin_edges: 0.   , 0.375, 0.75 , 1.125, 1.5  , 1.875, 2.25 , 2.625, 3.   , 3.375, 3.75 , 4.125, 4.5  , 4.875, 5.25 , 5.625, 6.   , 6.375, 6.75 , 7.125, 7.5  , 7.875, 8.25 , 8.625, 9.   , 9.375, 9.75 ,10.125,10.5  ,10.875,11.25 ,11.625,12.   ,12.375,12.75 ,13.125,13.5  ,13.875,14.25 ,14.625,15.   
cqi_dl:0.72986826,0.        ,0.27186395,0.        ,0.        ,0.40641371,0.        ,0.        ,0.37180962,0.        ,0.08719024,0.        ,0.        ,0.04408845,0.        ,0.        ,0.0174576 ,0.        ,0.02303977,0.        ,0.        ,0.02175978,0.        ,0.        ,0.0256353 ,0.        ,0.01249765,0.        ,0.        ,0.0043644 ,0.        ,0.        ,0.00659549,0.        ,0.08004364,0.        ,0.        ,0.05095949,0.        ,0.51307931
cqi_dl_bin_edges: 0.   , 0.375, 0.75 , 1.125, 1.5  , 1.875, 2.25 , 2.625, 3.   , 3.375, 3.75 , 4.125, 4.5  , 4.875, 5.25 , 5.625, 6.   , 6.375, 6.75 , 7.125, 7.5  , 7.875, 8.25 , 8.625, 9.   , 9.375, 9.75 ,10.125,10.5  ,10.875,11.25 ,11.625,12.   ,12.375,12.75 ,13.125,13.5  ,13.875,14.25 ,14.625,15.   
mcs_ul:1.0278802 ,0.01566175,0.01268559,0.        ,0.01228083,0.00797135,0.        ,0.00169998,0.0015857 ,0.        ,0.00168094,0.00160475,0.00102856,0.        ,0.00309045,0.03542346,0.        ,0.01931885,0.01537127,0.        ,0.02329501,0.02078074,0.04841856,0.        ,0.01458081,0.0123713 ,0.        ,0.00892372,0.00611422,0.        ,0.01291892,0.01771411,0.01160941,0.        ,0.02095693,0.00291902,0.        ,0.00291426,0.        ,0.06777075
mcs_ul_bin_edges: 0. , 0.7, 1.4, 2.1, 2.8, 3.5, 4.2, 4.9, 5.6, 6.3, 7. , 7.7, 8.4, 9.1, 9.8,10.5,11.2,11.9,12.6,13.3,14. ,14.7,15.4,16.1,16.8,17.5,18.2,18.9,19.6,20.3,21. ,21.7,22.4,23.1,23.8,24.5,25.2,25.9,26.6,27.3,28. 
mcs_dl:0.53664225,0.13020822,0.08751341,0.        ,0.12543684,0.07374688,0.        ,0.028214  ,0.01849505,0.        ,0.01479985,0.00881896,0.00494281,0.        ,0.00440948,0.00632851,0.        ,0.00601423,0.00577613,0.        ,0.00588089,0.00689993,0.00683327,0.        ,0.00509519,0.00159998,0.        ,0.00115713,0.00118094,0.        ,0.00176665,0.00176665,0.00829992,0.        ,0.03458061,0.01387605,0.        ,0.01342368,0.        ,0.27486392
mcs_dl_bin_edges: 0. , 0.7, 1.4, 2.1, 2.8, 3.5, 4.2, 4.9, 5.6, 6.3, 7. , 7.7, 8.4, 9.1, 9.8,10.5,11.2,11.9,12.6,13.3,14. ,14.7,15.4,16.1,16.8,17.5,18.2,18.9,19.6,20.3,21. ,21.7,22.4,23.1,23.8,24.5,25.2,25.9,26.6,27.3,28. 
eff_ul:3.60806284,0.27790473,0.05921025,0.04795868,0.04642847,0.        ,0.0301362 ,0.0064269 ,0.        ,0.00599484,0.00635489,0.00606685,0.00388854,0.01168363,0.13392066,0.        ,0.07303618,0.0581121 ,0.        ,0.08806827,0.        ,0.07856295,0.18304951,0.        ,0.05512368,0.        ,0.04677052,0.0337367 ,0.02311522,0.04884081,0.        ,0.06696933,0.        ,0.04389012,0.        ,0.07922904,0.        ,0.01103554,0.01101754,0.25621171
eff_ul_bin_edges:0.        ,0.18515752,0.37031505,0.55547258,0.7406301 ,0.92578762,1.11094515,1.29610267,1.4812602 ,1.66641772,1.85157525,2.03673277,2.2218903 ,2.40704782,2.59220535,2.77736287,2.9625204 ,3.14767792,3.33283545,3.51799297,3.7031505 ,3.88830802,4.07346555,4.25862308,4.4437806 ,4.62893812,4.81409565,4.99925317,5.1844107 ,5.36956823,5.55472575,5.73988327,5.9250408 ,6.11019832,6.29535585,6.48051337,6.6656709 ,6.85082842,7.03598595,7.22114347,7.406301  
eff_dl:1.47820401,0.55060674,0.4922606 ,0.33085011,0.47422209,0.        ,0.27880486,0.10666487,0.        ,0.06992174,0.0559518 ,0.03334065,0.0186866 ,0.01667032,0.02392533,0.        ,0.02273717,0.02183704,0.        ,0.0222331 ,0.        ,0.02608564,0.0258336 ,0.        ,0.01926268,0.        ,0.00604884,0.00437461,0.00446462,0.00667893,0.        ,0.00667893,0.        ,0.03137837,0.        ,0.13073422,0.        ,0.05245931,0.05074907,1.03914082
eff_dl_bin_edges:0.        ,0.18515752,0.37031505,0.55547258,0.7406301 ,0.92578762,1.11094515,1.29610267,1.4812602 ,1.66641772,1.85157525,2.03673277,2.2218903 ,2.40704782,2.59220535,2.77736287,2.9625204 ,3.14767792,3.33283545,3.51799297,3.7031505 ,3.88830802,4.07346555,4.25862308,4.4437806 ,4.62893812,4.81409565,4.99925317,5.1844107 ,5.36956823,5.55472575,5.73988327,5.9250408 ,6.11019832,6.29535585,6.48051337,6.6656709 ,6.85082842,7.03598595,7.22114347,7.406301  
rul:3.37990869e+00,6.36342858e-02,0.00000000e+00,1.15008649e-05,1.15008649e-05,1.15008649e-05,0.00000000e+00,1.15008649e-05,1.15008649e-05,0.00000000e+00,1.15008649e-05,1.15008649e-05,2.30017299e-05,0.00000000e+00,0.00000000e+00,1.15008649e-05,2.30017299e-05,0.00000000e+00,0.00000000e+00,3.09373267e-03,2.59919548e-03,0.00000000e+00,0.00000000e+00,1.15008649e-05,0.00000000e+00,0.00000000e+00,0.00000000e+00,0.00000000e+00,0.00000000e+00,1.15008649e-05,0.00000000e+00,0.00000000e+00,0.00000000e+00,0.00000000e+00,0.00000000e+00,0.00000000e+00,0.00000000e+00,0.00000000e+00,0.00000000e+00,8.97067466e-04
rul_bin_edges: 0.        , 0.28983038, 0.57966075, 0.86949113, 1.1593215 , 1.44915188, 1.73898225, 2.02881263, 2.318643  , 2.60847338, 2.89830375, 3.18813413, 3.4779645 , 3.76779488, 4.05762525, 4.34745563, 4.637286  , 4.92711638, 5.21694675, 5.50677713, 5.7966075 , 6.08643788, 6.37626825, 6.66609863, 6.955929  , 7.24575938, 7.53558975, 7.82542013, 8.1152505 , 8.40508088, 8.69491125, 8.98474163, 9.274572  , 9.56440238, 9.85423275,10.14406313,10.4338935 ,10.72372388,11.01355425,11.30338463,11.593215  
rdl:3.54063936e+00,1.35113737e-01,0.00000000e+00,0.00000000e+00,0.00000000e+00,4.92127981e-05,3.32186387e-04,0.00000000e+00,1.23031995e-05,0.00000000e+00,1.23031995e-05,0.00000000e+00,3.56792786e-04,9.84255961e-05,2.46063990e-05,0.00000000e+00,0.00000000e+00,1.23031995e-05,2.46063990e-05,1.19956195e-02,0.00000000e+00,0.00000000e+00,1.23031995e-05,0.00000000e+00,0.00000000e+00,9.84255961e-05,1.23031995e-05,0.00000000e+00,0.00000000e+00,0.00000000e+00,1.23031995e-05,0.00000000e+00,1.23031995e-05,0.00000000e+00,0.00000000e+00,2.46063990e-05,0.00000000e+00,0.00000000e+00,5.65947178e-04,1.58711274e-03
rdl_bin_edges: 0.        , 0.27092953, 0.54185905, 0.81278858, 1.0837181 , 1.35464763, 1.62557715, 1.89650667, 2.1674362 , 2.43836573, 2.70929525, 2.98022477, 3.2511543 , 3.52208383, 3.79301335, 4.06394288, 4.3348724 , 4.60580192, 4.87673145, 5.14766097, 5.4185905 , 5.68952003, 5.96044955, 6.23137908, 6.5023086 , 6.77323812, 7.04416765, 7.31509718, 7.5860267 , 7.85695623, 8.12788575, 8.39881528, 8.6697448 , 8.94067432, 9.21160385, 9.48253338, 9.7534629 ,10.02439243,10.29532195,10.56625147,10.837181  
lul:2.62596592e+03,0.00000000e+00,0.00000000e+00,0.00000000e+00,0.00000000e+00,0.00000000e+00,0.00000000e+00,0.00000000e+00,0.00000000e+00,0.00000000e+00,0.00000000e+00,0.00000000e+00,0.00000000e+00,0.00000000e+00,0.00000000e+00,0.00000000e+00,0.00000000e+00,0.00000000e+00,0.00000000e+00,0.00000000e+00,0.00000000e+00,0.00000000e+00,0.00000000e+00,0.00000000e+00,0.00000000e+00,0.00000000e+00,0.00000000e+00,0.00000000e+00,0.00000000e+00,0.00000000e+00,0.00000000e+00,0.00000000e+00,0.00000000e+00,0.00000000e+00,0.00000000e+00,0.00000000e+00,5.50736004e+02,3.63202464e-02,1.99422366e+02,2.55900350e+02
lul_bin_edges:0.        ,0.00027533,0.00055065,0.00082598,0.0011013 ,0.00137663,0.00165195,0.00192728,0.00220261,0.00247793,0.00275326,0.00302858,0.00330391,0.00357924,0.00385456,0.00412989,0.00440521,0.00468054,0.00495586,0.00523119,0.00550652,0.00578184,0.00605717,0.00633249,0.00660782,0.00688314,0.00715847,0.0074338 ,0.00770912,0.00798445,0.00825977,0.0085351 ,0.00881042,0.00908575,0.00936108,0.0096364 ,0.00991173,0.01018705,0.01046238,0.01073771,0.01101303
ldl:1359.6135521 ,   0.        ,   0.        ,   0.        ,   0.        ,   0.        ,   0.        ,   0.        ,   0.        ,   0.        ,   0.        ,   0.        ,   0.        ,   0.        ,   0.        ,   0.        ,   0.        ,   0.        ,   0.        ,   0.        ,   0.        ,   0.        ,   0.        ,   0.        ,   0.        ,   0.        ,   0.        ,   0.        ,   0.        ,   0.        ,   0.        ,   0.        ,   0.        ,   0.        ,   0.        ,1367.23164262,  37.5993493 , 375.51436778,   1.42539744, 452.0905513 
ldl_bin_edges:0.        ,0.00027828,0.00055656,0.00083485,0.00111313,0.00139141,0.00166969,0.00194798,0.00222626,0.00250454,0.00278282,0.0030611 ,0.00333939,0.00361767,0.00389595,0.00417423,0.00445251,0.0047308 ,0.00500908,0.00528736,0.00556564,0.00584393,0.00612221,0.00640049,0.00667877,0.00695705,0.00723534,0.00751362,0.0077919 ,0.00807018,0.00834847,0.00862675,0.00890503,0.00918331,0.00946159,0.00973988,0.01001816,0.01029644,0.01057472,0.010853  ,0.01113129
ilul:2.58701575e+00,1.03638506e-03,8.63654215e-04,8.11834962e-04,6.30467577e-04,2.67732807e-04,0.00000000e+00,0.00000000e+00,0.00000000e+00,0.00000000e+00,0.00000000e+00,0.00000000e+00,0.00000000e+00,0.00000000e+00,0.00000000e+00,0.00000000e+00,0.00000000e+00,0.00000000e+00,0.00000000e+00,0.00000000e+00,0.00000000e+00,0.00000000e+00,0.00000000e+00,0.00000000e+00,0.00000000e+00,0.00000000e+00,0.00000000e+00,0.00000000e+00,0.00000000e+00,0.00000000e+00,0.00000000e+00,0.00000000e+00,0.00000000e+00,0.00000000e+00,0.00000000e+00,0.00000000e+00,6.04557951e-05,9.50019637e-05,1.03638506e-04,1.03638506e-04
ilul_bin_edges: 0.        , 0.38595307, 0.77190615, 1.15785922, 1.5438123 , 1.92976537, 2.31571845, 2.70167153, 3.0876246 , 3.47357767, 3.85953075, 4.24548382, 4.6314369 , 5.01738997, 5.40334305, 5.78929612, 6.1752492 , 6.56120227, 6.94715535, 7.33310842, 7.7190615 , 8.10501458, 8.49096765, 8.87692072, 9.2628738 , 9.64882687,10.03477995,10.42073302,10.8066861 ,11.19263918,11.57859225,11.96454532,12.3504984 ,12.73645147,13.12240455,13.50835762,13.8943107 ,14.28026377,14.66621685,15.05216992,15.438123  
ildl:5.63191130e+00,1.41341003e-03,1.52648283e-03,1.50763737e-03,1.22495536e-03,1.11188256e-03,1.11188256e-03,8.85736953e-04,9.04582420e-04,6.78436815e-04,6.78436815e-04,7.53818683e-04,6.21900414e-04,6.59591348e-04,4.71136677e-04,4.14600276e-04,4.71136677e-04,3.76909342e-04,4.71136677e-04,4.14600276e-04,4.71136677e-04,4.33445743e-04,3.76909342e-04,4.33445743e-04,4.52291210e-04,3.95754809e-04,3.39218408e-04,3.01527473e-04,3.58063875e-04,2.82682006e-04,3.76909342e-04,3.01527473e-04,2.82682006e-04,2.07300138e-04,2.44991072e-04,2.26145605e-04,1.88454671e-04,1.69609204e-04,1.31918270e-04,1.13072803e-04
ildl_bin_edges:0.        ,0.17687543,0.35375085,0.53062628,0.7075017 ,0.88437712,1.06125255,1.23812798,1.4150034 ,1.59187882,1.76875425,1.94562967,2.1225051 ,2.29938053,2.47625595,2.65313138,2.8300068 ,3.00688223,3.18375765,3.36063307,3.5375085 ,3.71438392,3.89125935,4.06813477,4.2450102 ,4.42188562,4.59876105,4.77563647,4.9525119 ,5.12938732,5.30626275,5.48313817,5.6600136 ,5.83688903,6.01376445,6.19063988,6.3675153 ,6.54439073,6.72126615,6.89814158,7.075017  
eul:1.80953022e+02,0.00000000e+00,0.00000000e+00,0.00000000e+00,0.00000000e+00,0.00000000e+00,0.00000000e+00,0.00000000e+00,0.00000000e+00,0.00000000e+00,0.00000000e+00,0.00000000e+00,0.00000000e+00,0.00000000e+00,0.00000000e+00,0.00000000e+00,0.00000000e+00,0.00000000e+00,0.00000000e+00,0.00000000e+00,0.00000000e+00,0.00000000e+00,0.00000000e+00,0.00000000e+00,0.00000000e+00,0.00000000e+00,0.00000000e+00,0.00000000e+00,0.00000000e+00,0.00000000e+00,0.00000000e+00,0.00000000e+00,0.00000000e+00,6.10494534e-04,0.00000000e+00,3.05247267e-02,2.11780554e+00,4.70080791e-02,6.10494534e-04,6.10494534e-04
eul_bin_edges:0.        ,0.00546   ,0.01092   ,0.01638   ,0.02184   ,0.0273    ,0.03276   ,0.03822   ,0.04368   ,0.04914   ,0.0546    ,0.06006   ,0.06552   ,0.07098   ,0.07644   ,0.0819    ,0.08736   ,0.09282   ,0.09828   ,0.10374   ,0.10919999,0.11465999,0.12011999,0.12557999,0.13103999,0.13649999,0.14195999,0.14741999,0.15287999,0.15833999,0.16379999,0.16925999,0.17471999,0.18017999,0.18563999,0.19109999,0.19655999,0.20201999,0.20747999,0.21293999,0.21839999
edl: 0., 0., 0., 0., 0., 0., 0., 0., 0., 0., 0., 0., 0., 0., 0., 0., 0., 0., 0., 0.,40., 0., 0., 0., 0., 0., 0., 0., 0., 0., 0., 0., 0., 0., 0., 0., 0., 0., 0., 0.
edl_bin_edges:-0.5  ,-0.475,-0.45 ,-0.425,-0.4  ,-0.375,-0.35 ,-0.325,-0.3  ,-0.275,-0.25 ,-0.225,-0.2  ,-0.175,-0.15 ,-0.125,-0.1  ,-0.075,-0.05 ,-0.025, 0.   , 0.025, 0.05 , 0.075, 0.1  , 0.125, 0.15 , 0.175, 0.2  , 0.225, 0.25 , 0.275, 0.3  , 0.325, 0.35 , 0.375, 0.4  , 0.425, 0.45 , 0.475, 0.5  
gul:1.46730359e+00,0.00000000e+00,0.00000000e+00,0.00000000e+00,5.70142944e-03,5.70142944e-03,2.44346976e-03,8.95938913e-03,4.47969456e-03,4.88693952e-03,1.42535736e-02,1.61106106e+00,7.97300111e+01,3.66520464e-02,5.70142944e-03,6.10867441e-03,9.36663409e-03,4.47969456e-03,4.47969456e-03,8.55214417e-03,2.85071472e-03,4.07244960e-03,1.30318387e-02,7.71321955e-01,3.81507079e+01,2.69188919e-01,1.34390837e-02,4.07244960e-03,1.22173488e-03,8.14489921e-04,8.14489921e-04,8.14489921e-04,1.22173488e-03,2.85071472e-03,2.03622480e-03,0.00000000e+00,8.14489921e-04,8.14489921e-04,2.03622480e-03,2.44346976e-03
gul_bin_edges:0.      ,0.008185,0.01637 ,0.024555,0.03274 ,0.040925,0.04911 ,0.057295,0.06548 ,0.073665,0.08185 ,0.090035,0.09822 ,0.106405,0.11459 ,0.122775,0.13096 ,0.139145,0.14733 ,0.155515,0.1637  ,0.171885,0.18007 ,0.188255,0.19644 ,0.204625,0.21281 ,0.220995,0.22918 ,0.237365,0.24555 ,0.253735,0.26192 ,0.270105,0.27829 ,0.286475,0.29466 ,0.302845,0.31103 ,0.319215,0.3274  
gdl:1.22173488e-03,0.00000000e+00,0.00000000e+00,0.00000000e+00,5.70142944e-03,5.70142944e-03,2.44346976e-03,8.95938913e-03,4.47969456e-03,4.88693952e-03,1.42535736e-02,1.61106106e+00,7.97300111e+01,3.66520464e-02,5.70142944e-03,6.10867441e-03,9.36663409e-03,4.47969456e-03,4.47969456e-03,8.55214417e-03,2.85071472e-03,4.07244960e-03,1.34390837e-02,7.91684203e-01,3.95895043e+01,2.75297593e-01,1.38463287e-02,4.07244960e-03,1.22173488e-03,8.14489921e-04,8.14489921e-04,8.14489921e-04,1.22173488e-03,2.85071472e-03,2.03622480e-03,0.00000000e+00,8.14489921e-04,8.14489921e-04,2.03622480e-03,2.44346976e-03
gdl_bin_edges:0.      ,0.008185,0.01637 ,0.024555,0.03274 ,0.040925,0.04911 ,0.057295,0.06548 ,0.073665,0.08185 ,0.090035,0.09822 ,0.106405,0.11459 ,0.122775,0.13096 ,0.139145,0.14733 ,0.155515,0.1637  ,0.171885,0.18007 ,0.188255,0.19644 ,0.204625,0.21281 ,0.220995,0.22918 ,0.237365,0.24555 ,0.253735,0.26192 ,0.270105,0.27829 ,0.286475,0.29466 ,0.302845,0.31103 ,0.319215,0.3274  
ri: 0., 0., 0., 0., 0., 0., 0., 0., 0., 0., 0., 0., 0., 0., 0., 0., 0., 0., 0., 0.,40., 0., 0., 0., 0., 0., 0., 0., 0., 0., 0., 0., 0., 0., 0., 0., 0., 0., 0., 0.
ri_bin_edges:0.5  ,0.525,0.55 ,0.575,0.6  ,0.625,0.65 ,0.675,0.7  ,0.725,0.75 ,0.775,0.8  ,0.825,0.85 ,0.875,0.9  ,0.925,0.95 ,0.975,1.   ,1.025,1.05 ,1.075,1.1  ,1.125,1.15 ,1.175,1.2  ,1.225,1.25 ,1.275,1.3  ,1.325,1.35 ,1.375,1.4  ,1.425,1.45 ,1.475,1.5  
