period:1
ue_log_freq:1000
mac_log_freq:1000
mimo_layers:2
frequency:2412000000.0
bandwidth:50000000
ue_speed:5.555555555555555
max_distance:1000
shannon_cfg_bandwidth_mhz:50.0
shannon_cfg_mimo_layers:2
shannon_cfg_bw_efficiency:0.67
shannon_cfg_sinr_offset_db:0
shannon_cfg_ul_divisor:2
shannon_cfg_sinr_sample_rate:1000
n_ue:4
sinr_period:9.463597741343282
sinr_rate:105.66805852612856
ul_fairness:nan
dl_fairness:0.9999801558881218
ul_agg_throughput:0
dl_agg_throughput:40.02673170451827
ul_ave_throughput:0.0
dl_ave_throughput:10.006682926129567
ul_se:0.0
dl_se:0.8005346340903653
ul_ase:0.0
dl_ase:2.548180882634867e-07
ul_gr:0.0, 0.0, 0.0, 0.0
dl_gr:10.144770552294476, 10.139524604753952, 10.144401555984441, 10.141117588824113
ul_tr:0.0, 0.0, 0.0, 0.0
dl_tr:10.033112386676132, 10.027896009839901, 10.03351365616344, 10.03030356396436
ul_er:0.0, 0.0, 0.0, 0.0
dl_er:89.8530014699853, 89.85824741752585, 89.85337046629532, 89.85665443345566
ul_er_ratio:0.0, 0.0, 0.0, 0.0
dl_er_ratio:0.8995544826073236, 0.8996067355715671, 0.8995512399419466, 0.8995834514829911
ul_er_perc:0.0, 0.0, 0.0, 0.0
dl_er_perc:89.95544826073237, 89.96067355715671, 89.95512399419466, 89.95834514829912
ul_l:0.0, 0.0, 0.0, 0.0
dl_l:0.0007219427876031239, 0.0007197809109878902, 0.0007188514678253217, 0.0007217689968890311
ul_il:0.0, 0.0, 0.0, 0.0
dl_il:0.251704886199038, 0.25077318991795083, 0.2507211571822442, 0.2516581391881381
sinr_ul:0.01044885,0.01611181,0.01704803,0.03154088,0.05946361,0.01995471,0.03453037,0.09049244,0.07157366,0.06233819,0.04635651,0.0766688 ,0.02386521,0.01759388,0.03278298,0.01621151,0.01440497,0.00638963,0.00772468,0.00668368,0.00382769,0.00155643,0.00058641,0.0005543 ,0.00053064,0.00051036,0.00049684,0.00048163,0.00046642,0.00045966,0.00050022,0.00024842,0.00023659,0.00023659,0.00023321,0.0002349 ,0.0002349 ,0.00030757,0.00045628,0.00163585
sinr_ul_bin_edges:18.031134  ,19.51046925,20.9898045 ,22.46913975,23.948475  ,25.42781025,26.9071455 ,28.38648075,29.865816  ,31.34515125,32.8244865 ,34.30382175,35.783157  ,37.26249225,38.7418275 ,40.22116275,41.700498  ,43.17983325,44.6591685 ,46.13850375,47.617839  ,49.09717425,50.5765095 ,52.05584475,53.53518   ,55.01451525,56.4938505 ,57.97318575,59.452521  ,60.93185625,62.4111915 ,63.89052675,65.369862  ,66.84919725,68.3285325 ,69.80786775,71.287203  ,72.76653825,74.2458735 ,75.72520875,77.204544  
sinr_dl:0.01044902,0.01611207,0.01704662,0.03153971,0.05946629,0.01995166,0.03456474,0.09051591,0.07152922,0.06234091,0.04634883,0.07667008,0.0238673 ,0.01759924,0.03277169,0.01621685,0.0144069 ,0.00638974,0.00772142,0.00668717,0.00382776,0.00155645,0.00058642,0.00055431,0.00053065,0.00051206,0.00049516,0.00048164,0.00046643,0.00045967,0.00050023,0.00024842,0.00023659,0.00023659,0.00023321,0.0002349 ,0.0002349 ,0.00030757,0.00045629,0.00163588
sinr_dl_bin_edges:27.774326 ,29.2536367,30.7329474,32.2122581,33.6915688,35.1708795,36.6501902,38.1295009,39.6088116,41.0881223,42.567433 ,44.0467437,45.5260544,47.0053651,48.4846758,49.9639865,51.4432972,52.9226079,54.4019186,55.8812293,57.36054  ,58.8398507,60.3191614,61.7984721,63.2777828,64.7570935,66.2364042,67.7157149,69.1950256,70.6743363,72.153647 ,73.6329577,75.1122684,76.5915791,78.0708898,79.5502005,81.0295112,82.5088219,83.9881326,85.4674433,86.946754 
rsrp_ul:0.01042844,0.01613546,0.01702792,0.03093984,0.06025055,0.01989667,0.03896015,0.09087032,0.06839618,0.06237079,0.04568834,0.07641819,0.02449954,0.01743605,0.03200334,0.01662826,0.01479253,0.00652328,0.00772057,0.00664859,0.00363082,0.00169178,0.00058425,0.00055546,0.00053345,0.00051143,0.00049619,0.00048095,0.00047079,0.00045555,0.00049111,0.00028112,0.00023709,0.00023539,0.00023539,0.0002337 ,0.0002337 ,0.00030991,0.00045555,0.00163929
rsrp_ul_bin_edges:-92.57676   ,-91.10052275,-89.6242855 ,-88.14804825,-86.671811  ,-85.19557375,-83.7193365 ,-82.24309925,-80.766862  ,-79.29062475,-77.8143875 ,-76.33815025,-74.861913  ,-73.38567575,-71.9094385 ,-70.43320125,-68.956964  ,-67.48072675,-66.0044895 ,-64.52825225,-63.052015  ,-61.57577775,-60.0995405 ,-58.62330325,-57.147066  ,-55.67082875,-54.1945915 ,-52.71835425,-51.242117  ,-49.76587975,-48.2896425 ,-46.81340525,-45.337168  ,-43.86093075,-42.3846935 ,-40.90845625,-39.432219  ,-37.95598175,-36.4797445 ,-35.00350725,-33.52727   
rsrp_dl:0.01042844,0.01613546,0.01702792,0.03093984,0.06025055,0.01989667,0.03896015,0.09087033,0.06839618,0.06237079,0.04568834,0.07641819,0.02449954,0.01743605,0.03200334,0.01662826,0.01479253,0.00652328,0.00772057,0.00664859,0.00363082,0.00169178,0.00058425,0.00055546,0.00053345,0.00051143,0.00049619,0.00048095,0.00047079,0.00045555,0.00049111,0.00028112,0.00023709,0.00023539,0.00023539,0.0002337 ,0.0002337 ,0.00030991,0.00045555,0.00163929
rsrp_dl_bin_edges:-89.56646  ,-88.0902228,-86.6139856,-85.1377484,-83.6615112,-82.185274 ,-80.7090368,-79.2327996,-77.7565624,-76.2803252,-74.804088 ,-73.3278508,-71.8516136,-70.3753764,-68.8991392,-67.422902 ,-65.9466648,-64.4704276,-62.9941904,-61.5179532,-60.041716 ,-58.5654788,-57.0892416,-55.6130044,-54.1367672,-52.66053  ,-51.1842928,-49.7080556,-48.2318184,-46.7555812,-45.279344 ,-43.8031068,-42.3268696,-40.8506324,-39.3743952,-37.898158 ,-36.4219208,-34.9456836,-33.4694464,-31.9932092,-30.516972 
cqi_ul: 0., 0., 0., 0., 0., 0., 0., 0., 0., 0., 0., 0., 0., 0., 0., 0., 0., 0., 0., 0.,40., 0., 0., 0., 0., 0., 0., 0., 0., 0., 0., 0., 0., 0., 0., 0., 0., 0., 0., 0.
cqi_ul_bin_edges:14.5  ,14.525,14.55 ,14.575,14.6  ,14.625,14.65 ,14.675,14.7  ,14.725,14.75 ,14.775,14.8  ,14.825,14.85 ,14.875,14.9  ,14.925,14.95 ,14.975,15.   ,15.025,15.05 ,15.075,15.1  ,15.125,15.15 ,15.175,15.2  ,15.225,15.25 ,15.275,15.3  ,15.325,15.35 ,15.375,15.4  ,15.425,15.45 ,15.475,15.5  
cqi_dl: 0., 0., 0., 0., 0., 0., 0., 0., 0., 0., 0., 0., 0., 0., 0., 0., 0., 0., 0., 0.,40., 0., 0., 0., 0., 0., 0., 0., 0., 0., 0., 0., 0., 0., 0., 0., 0., 0., 0., 0.
cqi_dl_bin_edges:14.5  ,14.525,14.55 ,14.575,14.6  ,14.625,14.65 ,14.675,14.7  ,14.725,14.75 ,14.775,14.8  ,14.825,14.85 ,14.875,14.9  ,14.925,14.95 ,14.975,15.   ,15.025,15.05 ,15.075,15.1  ,15.125,15.15 ,15.175,15.2  ,15.225,15.25 ,15.275,15.3  ,15.325,15.35 ,15.375,15.4  ,15.425,15.45 ,15.475,15.5  
mcs_ul: 0., 0., 0., 0., 0., 0., 0., 0., 0., 0., 0., 0., 0., 0., 0., 0., 0., 0., 0., 0.,40., 0., 0., 0., 0., 0., 0., 0., 0., 0., 0., 0., 0., 0., 0., 0., 0., 0., 0., 0.
mcs_ul_bin_edges:27.5  ,27.525,27.55 ,27.575,27.6  ,27.625,27.65 ,27.675,27.7  ,27.725,27.75 ,27.775,27.8  ,27.825,27.85 ,27.875,27.9  ,27.925,27.95 ,27.975,28.   ,28.025,28.05 ,28.075,28.1  ,28.125,28.15 ,28.175,28.2  ,28.225,28.25 ,28.275,28.3  ,28.325,28.35 ,28.375,28.4  ,28.425,28.45 ,28.475,28.5  
mcs_dl: 0., 0., 0., 0., 0., 0., 0., 0., 0., 0., 0., 0., 0., 0., 0., 0., 0., 0., 0., 0.,40., 0., 0., 0., 0., 0., 0., 0., 0., 0., 0., 0., 0., 0., 0., 0., 0., 0., 0., 0.
mcs_dl_bin_edges:27.5  ,27.525,27.55 ,27.575,27.6  ,27.625,27.65 ,27.675,27.7  ,27.725,27.75 ,27.775,27.8  ,27.825,27.85 ,27.875,27.9  ,27.925,27.95 ,27.975,28.   ,28.025,28.05 ,28.075,28.1  ,28.125,28.15 ,28.175,28.2  ,28.225,28.25 ,28.275,28.3  ,28.325,28.35 ,28.375,28.4  ,28.425,28.45 ,28.475,28.5  
eff_ul: 0., 0., 0., 0., 0., 0., 0., 0., 0., 0., 0., 0., 0., 0., 0., 0., 0., 0., 0., 0.,40., 0., 0., 0., 0., 0., 0., 0., 0., 0., 0., 0., 0., 0., 0., 0., 0., 0., 0., 0.
eff_ul_bin_edges:5.0545974,5.0795974,5.1045974,5.1295974,5.1545974,5.1795974,5.2045974,5.2295974,5.2545974,5.2795974,5.3045974,5.3295974,5.3545974,5.3795974,5.4045974,5.4295974,5.4545974,5.4795974,5.5045974,5.5295974,5.5545974,5.5795974,5.6045974,5.6295974,5.6545974,5.6795974,5.7045974,5.7295974,5.7545974,5.7795974,5.8045974,5.8295974,5.8545974,5.8795974,5.9045974,5.9295974,5.9545974,5.9795974,6.0045974,6.0295974,6.0545974
eff_dl: 0., 0., 0., 0., 0., 0., 0., 0., 0., 0., 0., 0., 0., 0., 0., 0., 0., 0., 0., 0.,40., 0., 0., 0., 0., 0., 0., 0., 0., 0., 0., 0., 0., 0., 0., 0., 0., 0., 0., 0.
eff_dl_bin_edges:5.0545974,5.0795974,5.1045974,5.1295974,5.1545974,5.1795974,5.2045974,5.2295974,5.2545974,5.2795974,5.3045974,5.3295974,5.3545974,5.3795974,5.4045974,5.4295974,5.4545974,5.4795974,5.5045974,5.5295974,5.5545974,5.5795974,5.6045974,5.6295974,5.6545974,5.6795974,5.7045974,5.7295974,5.7545974,5.7795974,5.8045974,5.8295974,5.8545974,5.8795974,5.9045974,5.9295974,5.9545974,5.9795974,6.0045974,6.0295974,6.0545974
rul: 0., 0., 0., 0., 0., 0., 0., 0., 0., 0., 0., 0., 0., 0., 0., 0., 0., 0., 0., 0.,40., 0., 0., 0., 0., 0., 0., 0., 0., 0., 0., 0., 0., 0., 0., 0., 0., 0., 0., 0.
rul_bin_edges:-0.5  ,-0.475,-0.45 ,-0.425,-0.4  ,-0.375,-0.35 ,-0.325,-0.3  ,-0.275,-0.25 ,-0.225,-0.2  ,-0.175,-0.15 ,-0.125,-0.1  ,-0.075,-0.05 ,-0.025, 0.   , 0.025, 0.05 , 0.075, 0.1  , 0.125, 0.15 , 0.175, 0.2  , 0.225, 0.25 , 0.275, 0.3  , 0.325, 0.35 , 0.375, 0.4  , 0.425, 0.45 , 0.475, 0.5  
rdl:0.3820199 ,0.        ,0.        ,0.        ,0.        ,0.        ,0.        ,0.        ,0.        ,0.        ,0.        ,0.        ,0.        ,0.        ,0.        ,0.        ,0.        ,0.        ,0.        ,0.10820813,0.        ,0.        ,0.        ,0.        ,0.        ,0.        ,0.        ,0.        ,0.        ,0.        ,0.        ,0.        ,0.        ,0.        ,0.        ,0.        ,0.        ,0.        ,0.        ,0.00819651
rdl_bin_edges: 0.        , 2.00632175, 4.0126435 , 6.01896525, 8.025287  ,10.03160875,12.0379305 ,14.04425225,16.050574  ,18.05689575,20.0632175 ,22.06953925,24.075861  ,26.08218275,28.0885045 ,30.09482625,32.101148  ,34.10746975,36.1137915 ,38.12011325,40.126435  ,42.13275675,44.1390785 ,46.14540025,48.151722  ,50.15804375,52.1643655 ,54.17068725,56.177009  ,58.18333075,60.1896525 ,62.19597425,64.202296  ,66.20861775,68.2149395 ,70.22126125,72.227583  ,74.23390475,76.2402265 ,78.24654825,80.25287   
lul: 0., 0., 0., 0., 0., 0., 0., 0., 0., 0., 0., 0., 0., 0., 0., 0., 0., 0., 0., 0.,40., 0., 0., 0., 0., 0., 0., 0., 0., 0., 0., 0., 0., 0., 0., 0., 0., 0., 0., 0.
lul_bin_edges:-0.5  ,-0.475,-0.45 ,-0.425,-0.4  ,-0.375,-0.35 ,-0.325,-0.3  ,-0.275,-0.25 ,-0.225,-0.2  ,-0.175,-0.15 ,-0.125,-0.1  ,-0.075,-0.05 ,-0.025, 0.   , 0.025, 0.05 , 0.075, 0.1  , 0.125, 0.15 , 0.175, 0.2  , 0.225, 0.25 , 0.275, 0.3  , 0.325, 0.35 , 0.375, 0.4  , 0.425, 0.45 , 0.475, 0.5  
ldl:7.58194496e+03,0.00000000e+00,0.00000000e+00,0.00000000e+00,0.00000000e+00,0.00000000e+00,0.00000000e+00,0.00000000e+00,0.00000000e+00,0.00000000e+00,0.00000000e+00,0.00000000e+00,0.00000000e+00,0.00000000e+00,0.00000000e+00,0.00000000e+00,0.00000000e+00,0.00000000e+00,0.00000000e+00,0.00000000e+00,0.00000000e+00,0.00000000e+00,0.00000000e+00,0.00000000e+00,0.00000000e+00,0.00000000e+00,0.00000000e+00,0.00000000e+00,0.00000000e+00,2.03030976e+03,1.65693140e+00,4.94606387e-02,0.00000000e+00,4.94606387e-02,1.62502928e+02,9.89212774e-02,2.47303194e-02,2.47303194e-02,2.47303194e-02,1.15540052e+02
ldl_bin_edges:0.        ,0.00010109,0.00020218,0.00030327,0.00040436,0.00050545,0.00060654,0.00070763,0.00080872,0.00090981,0.00101089,0.00111198,0.00121307,0.00131416,0.00141525,0.00151634,0.00161743,0.00171852,0.00181961,0.0019207 ,0.00202179,0.00212288,0.00222397,0.00232506,0.00242615,0.00252724,0.00262833,0.00272942,0.00283051,0.00293159,0.00303268,0.00313377,0.00323486,0.00333595,0.00343704,0.00353813,0.00363922,0.00374031,0.0038414 ,0.00394249,0.00404358
ilul: 0., 0., 0., 0., 0., 0., 0., 0., 0., 0., 0., 0., 0., 0., 0., 0., 0., 0., 0., 0.,40., 0., 0., 0., 0., 0., 0., 0., 0., 0., 0., 0., 0., 0., 0., 0., 0., 0., 0., 0.
ilul_bin_edges:-0.5  ,-0.475,-0.45 ,-0.425,-0.4  ,-0.375,-0.35 ,-0.325,-0.3  ,-0.275,-0.25 ,-0.225,-0.2  ,-0.175,-0.15 ,-0.125,-0.1  ,-0.075,-0.05 ,-0.025, 0.   , 0.025, 0.05 , 0.075, 0.1  , 0.125, 0.15 , 0.175, 0.2  , 0.225, 0.25 , 0.275, 0.3  , 0.325, 0.35 , 0.375, 0.4  , 0.425, 0.45 , 0.475, 0.5  
ildl:2.75142597e+01,2.51267681e-03,2.51267681e-03,2.60241526e-03,2.51267681e-03,2.60241526e-03,2.51267681e-03,2.24346143e-03,2.42293835e-03,2.42293835e-03,2.60241526e-03,2.51267681e-03,2.69215372e-03,2.51267681e-03,2.51267681e-03,2.24346143e-03,2.24346143e-03,2.06398452e-03,2.51267681e-03,2.78189218e-03,2.60241526e-03,2.60241526e-03,2.15372298e-03,2.60241526e-03,2.15372298e-03,2.06398452e-03,2.33319989e-03,2.33319989e-03,2.33319989e-03,2.51267681e-03,2.51267681e-03,2.33319989e-03,2.69215372e-03,2.33319989e-03,2.51267681e-03,2.24346143e-03,2.51267681e-03,9.34446556e-01,3.73249166e+00,3.62669002e+00
ildl_bin_edges:0.        ,0.02785846,0.05571691,0.08357537,0.11143383,0.13929229,0.16715074,0.1950092 ,0.22286766,0.25072612,0.27858458,0.30644303,0.33430149,0.36215995,0.39001841,0.41787686,0.44573532,0.47359378,0.50145224,0.52931069,0.55716915,0.58502761,0.61288606,0.64074452,0.66860298,0.69646144,0.72431989,0.75217835,0.78003681,0.80789527,0.83575373,0.86361218,0.89147064,0.9193291 ,0.94718755,0.97504601,1.00290447,1.03076293,1.05862138,1.08647984,1.1143383 
eul: 0., 0., 0., 0., 0., 0., 0., 0., 0., 0., 0., 0., 0., 0., 0., 0., 0., 0., 0., 0.,40., 0., 0., 0., 0., 0., 0., 0., 0., 0., 0., 0., 0., 0., 0., 0., 0., 0., 0., 0.
eul_bin_edges:-0.5  ,-0.475,-0.45 ,-0.425,-0.4  ,-0.375,-0.35 ,-0.325,-0.3  ,-0.275,-0.25 ,-0.225,-0.2  ,-0.175,-0.15 ,-0.125,-0.1  ,-0.075,-0.05 ,-0.025, 0.   , 0.025, 0.05 , 0.075, 0.1  , 0.125, 0.15 , 0.175, 0.2  , 0.225, 0.25 , 0.275, 0.3  , 0.325, 0.35 , 0.375, 0.4  , 0.425, 0.45 , 0.475, 0.5  
edl:3.43595209e-02,0.00000000e+00,0.00000000e+00,0.00000000e+00,0.00000000e+00,0.00000000e+00,0.00000000e+00,0.00000000e+00,0.00000000e+00,0.00000000e+00,0.00000000e+00,0.00000000e+00,0.00000000e+00,0.00000000e+00,0.00000000e+00,0.00000000e+00,0.00000000e+00,0.00000000e+00,0.00000000e+00,0.00000000e+00,0.00000000e+00,0.00000000e+00,0.00000000e+00,0.00000000e+00,0.00000000e+00,0.00000000e+00,0.00000000e+00,2.54019475e-06,0.00000000e+00,5.92712108e-06,1.27009738e-05,4.31833108e-05,2.83655080e-04,2.96218037e-01,7.55707938e-03,1.61725732e-04,3.04823370e-05,1.18542422e-05,5.92712108e-06,3.38692633e-06
edl_bin_edges:  0.    ,  2.9525,  5.905 ,  8.8575, 11.81  , 14.7625, 17.715 , 20.6675, 23.62  , 26.5725, 29.525 , 32.4775, 35.43  , 38.3825, 41.335 , 44.2875, 47.24  , 50.1925, 53.145 , 56.0975, 59.05  , 62.0025, 64.955 , 67.9075, 70.86  , 73.8125, 76.765 , 79.7175, 82.67  , 85.6225, 88.575 , 91.5275, 94.48  , 97.4325,100.385 ,103.3375,106.29  ,109.2425,112.195 ,115.1475,118.1   
gul: 0., 0., 0., 0., 0., 0., 0., 0., 0., 0., 0., 0., 0., 0., 0., 0., 0., 0., 0., 0.,40., 0., 0., 0., 0., 0., 0., 0., 0., 0., 0., 0., 0., 0., 0., 0., 0., 0., 0., 0.
gul_bin_edges:-0.5  ,-0.475,-0.45 ,-0.425,-0.4  ,-0.375,-0.35 ,-0.325,-0.3  ,-0.275,-0.25 ,-0.225,-0.2  ,-0.175,-0.15 ,-0.125,-0.1  ,-0.075,-0.05 ,-0.025, 0.   , 0.025, 0.05 , 0.075, 0.1  , 0.125, 0.15 , 0.175, 0.2  , 0.225, 0.25 , 0.275, 0.3  , 0.325, 0.35 , 0.375, 0.4  , 0.425, 0.45 , 0.475, 0.5  
gdl:3.14186543e-01,0.00000000e+00,0.00000000e+00,0.00000000e+00,0.00000000e+00,0.00000000e+00,0.00000000e+00,0.00000000e+00,0.00000000e+00,0.00000000e+00,0.00000000e+00,0.00000000e+00,0.00000000e+00,0.00000000e+00,0.00000000e+00,0.00000000e+00,0.00000000e+00,0.00000000e+00,0.00000000e+00,0.00000000e+00,0.00000000e+00,0.00000000e+00,0.00000000e+00,0.00000000e+00,0.00000000e+00,0.00000000e+00,0.00000000e+00,3.49646853e-06,8.74117133e-07,8.74117133e-07,0.00000000e+00,8.74117133e-07,7.86705420e-06,3.14682168e-05,3.31089346e-02,2.28843865e-03,1.83564598e-05,0.00000000e+00,1.74823427e-06,8.74117133e-07
gdl_bin_edges:  0.  ,  2.86,  5.72,  8.58, 11.44, 14.3 , 17.16, 20.02, 22.88, 25.74, 28.6 , 31.46, 34.32, 37.18, 40.04, 42.9 , 45.76, 48.62, 51.48, 54.34, 57.2 , 60.06, 62.92, 65.78, 68.64, 71.5 , 74.36, 77.22, 80.08, 82.94, 85.8 , 88.66, 91.52, 94.38, 97.24,100.1 ,102.96,105.82,108.68,111.54,114.4 
ri: 0., 0., 0., 0., 0., 0., 0., 0., 0., 0., 0., 0., 0., 0., 0., 0., 0., 0., 0., 0.,40., 0., 0., 0., 0., 0., 0., 0., 0., 0., 0., 0., 0., 0., 0., 0., 0., 0., 0., 0.
ri_bin_edges:0.5  ,0.525,0.55 ,0.575,0.6  ,0.625,0.65 ,0.675,0.7  ,0.725,0.75 ,0.775,0.8  ,0.825,0.85 ,0.875,0.9  ,0.925,0.95 ,0.975,1.   ,1.025,1.05 ,1.075,1.1  ,1.125,1.15 ,1.175,1.2  ,1.225,1.25 ,1.275,1.3  ,1.325,1.35 ,1.375,1.4  ,1.425,1.45 ,1.475,1.5  
