period:1
ue_log_freq:1000
mac_log_freq:1000
mimo_layers:2
frequency:2412000000.0
bandwidth:50000000
ue_speed:5.555555555555555
max_distance:1000
shannon_cfg_bandwidth_mhz:50.0
shannon_cfg_mimo_layers:2
shannon_cfg_bw_efficiency:0.67
shannon_cfg_sinr_offset_db:0
shannon_cfg_ul_divisor:2
shannon_cfg_sinr_sample_rate:1000
n_ue:2
sinr_period:9.463597741343282
sinr_rate:105.66805852612856
ul_fairness:nan
dl_fairness:0.9999755463385486
ul_agg_throughput:0
dl_agg_throughput:39.92737707963517
ul_ave_throughput:0.0
dl_ave_throughput:19.963688539817586
ul_se:0.0
dl_se:0.7985475415927035
ul_ase:0.0
dl_ase:2.541855770767193e-07
ul_gr:0.0, 0.0
dl_gr:20.18091019089809, 20.179557204427958
ul_tr:0.0, 0.0
dl_tr:20.06261368786312, 20.06221242687573
ul_er:0.0, 0.0
dl_er:79.8180368196318, 79.81839081609185
ul_er_ratio:0.0, 0.0
dl_er_ratio:0.7991341307257741, 0.7991380530805087
ul_er_perc:0.0, 0.0
dl_er_perc:79.91341307257741, 79.91380530805087
ul_l:0.0, 0.0
dl_l:0.0014171639614933848, 0.0014186025204077958
ul_il:0.0, 0.0
dl_il:0.2455149678611664, 0.24554668811064087
sinr_ul:0.01079567,0.03193085,0.03907067,0.02422249,0.02307219,0.04614437,0.05106953,0.09034513,0.17574528,0.03901778,0.04648814,0.03548754,0.01948245,0.04886147,0.16992104,0.08846101,0.03686922,0.06141565,0.0531057 ,0.03610896,0.01418708,0.02428199,0.01976011,0.01086178,0.00246588,0.00280304,0.01086839,0.01262029,0.00967181,0.00938754,0.00737781,0.00758936,0.0149209 ,0.00458138,0.00524248,0.00736459,0.00832979,0.00686216,0.00739103,0.00801907
sinr_ul_bin_edges:17.567255  ,18.32356933,19.07988365,19.83619798,20.5925123 ,21.34882663,22.10514095,22.86145528,23.6177696 ,24.37408393,25.13039825,25.88671258,26.6430269 ,27.39934123,28.15565555,28.91196988,29.6682842 ,30.42459853,31.18091285,31.93722718,32.6935415 ,33.44985583,34.20617015,34.96248447,35.7187988 ,36.47511313,37.23142745,37.98774178,38.7440561 ,39.50037042,40.25668475,41.01299907,41.7693134 ,42.52562773,43.28194205,44.03825638,44.7945707 ,45.55088502,46.30719935,47.06351368,47.819828  
sinr_dl:0.01079595,0.03193169,0.03906509,0.02422974,0.02306619,0.04615221,0.05105104,0.09030786,0.17576315,0.03905848,0.04648276,0.03549509,0.01950279,0.0488826 ,0.16995198,0.0884303 ,0.03684375,0.06145033,0.05312694,0.03605703,0.01418746,0.02428924,0.01976063,0.01085545,0.00246595,0.00280972,0.01086207,0.01262062,0.00967868,0.00938779,0.0073714 ,0.00759617,0.01491468,0.0045815 ,0.00524923,0.00735817,0.00833001,0.00686234,0.00739123,0.00801928
sinr_dl_bin_edges:27.310553 ,28.0668473,28.8231416,29.5794359,30.3357302,31.0920245,31.8483188,32.6046131,33.3609074,34.1172017,34.873496 ,35.6297903,36.3860846,37.1423789,37.8986732,38.6549675,39.4112618,40.1675561,40.9238504,41.6801447,42.436439 ,43.1927333,43.9490276,44.7053219,45.4616162,46.2179105,46.9742048,47.7304991,48.4867934,49.2430877,49.999382 ,50.7556763,51.5119706,52.2682649,53.0245592,53.7808535,54.5371478,55.2934421,56.0497364,56.8060307,57.562325 
rsrp_ul:0.01072588,0.03184599,0.03916241,0.02432394,0.0229973 ,0.04608084,0.05097614,0.08865271,0.17550783,0.04220042,0.04593491,0.03572641,0.02297077,0.05216348,0.18088735,0.07638129,0.03501003,0.06436857,0.05520812,0.0315077 ,0.01384349,0.024775  ,0.01957457,0.01004266,0.00246755,0.00309107,0.01105091,0.01251021,0.00966457,0.00931301,0.00736948,0.00762155,0.0148451 ,0.00459017,0.00528003,0.00741592,0.00827823,0.00687199,0.00738938,0.00802617
rsrp_ul_bin_edges:-93.02478  ,-92.2710035,-91.517227 ,-90.7634505,-90.009674 ,-89.2558975,-88.502121 ,-87.7483445,-86.994568 ,-86.2407915,-85.487015 ,-84.7332385,-83.979462 ,-83.2256855,-82.471909 ,-81.7181325,-80.964356 ,-80.2105795,-79.456803 ,-78.7030265,-77.94925  ,-77.1954735,-76.441697 ,-75.6879205,-74.934144 ,-74.1803675,-73.426591 ,-72.6728145,-71.919038 ,-71.1652615,-70.411485 ,-69.6577085,-68.903932 ,-68.1501555,-67.396379 ,-66.6426025,-65.888826 ,-65.1350495,-64.381273 ,-63.6274965,-62.87372  
rsrp_dl:0.01072588,0.03184599,0.03916241,0.02432394,0.0229973 ,0.04608084,0.05097614,0.08865271,0.17550783,0.04220042,0.04593491,0.03572641,0.02297077,0.05216348,0.18088735,0.07638129,0.03501003,0.06436857,0.05520812,0.0315077 ,0.01384349,0.024775  ,0.01957457,0.01004266,0.00246755,0.00309107,0.01105091,0.01251021,0.00966457,0.00931301,0.00736948,0.00762155,0.0148451 ,0.00459017,0.00528003,0.00741592,0.00827823,0.00687199,0.00738938,0.00802617
rsrp_dl_bin_edges:-90.01448  ,-89.2607035,-88.506927 ,-87.7531505,-86.999374 ,-86.2455975,-85.491821 ,-84.7380445,-83.984268 ,-83.2304915,-82.476715 ,-81.7229385,-80.969162 ,-80.2153855,-79.461609 ,-78.7078325,-77.954056 ,-77.2002795,-76.446503 ,-75.6927265,-74.93895  ,-74.1851735,-73.431397 ,-72.6776205,-71.923844 ,-71.1700675,-70.416291 ,-69.6625145,-68.908738 ,-68.1549615,-67.401185 ,-66.6474085,-65.893632 ,-65.1398555,-64.386079 ,-63.6323025,-62.878526 ,-62.1247495,-61.370973 ,-60.6171965,-59.86342  
cqi_ul: 0., 0., 0., 0., 0., 0., 0., 0., 0., 0., 0., 0., 0., 0., 0., 0., 0., 0., 0., 0.,40., 0., 0., 0., 0., 0., 0., 0., 0., 0., 0., 0., 0., 0., 0., 0., 0., 0., 0., 0.
cqi_ul_bin_edges:14.5  ,14.525,14.55 ,14.575,14.6  ,14.625,14.65 ,14.675,14.7  ,14.725,14.75 ,14.775,14.8  ,14.825,14.85 ,14.875,14.9  ,14.925,14.95 ,14.975,15.   ,15.025,15.05 ,15.075,15.1  ,15.125,15.15 ,15.175,15.2  ,15.225,15.25 ,15.275,15.3  ,15.325,15.35 ,15.375,15.4  ,15.425,15.45 ,15.475,15.5  
cqi_dl: 0., 0., 0., 0., 0., 0., 0., 0., 0., 0., 0., 0., 0., 0., 0., 0., 0., 0., 0., 0.,40., 0., 0., 0., 0., 0., 0., 0., 0., 0., 0., 0., 0., 0., 0., 0., 0., 0., 0., 0.
cqi_dl_bin_edges:14.5  ,14.525,14.55 ,14.575,14.6  ,14.625,14.65 ,14.675,14.7  ,14.725,14.75 ,14.775,14.8  ,14.825,14.85 ,14.875,14.9  ,14.925,14.95 ,14.975,15.   ,15.025,15.05 ,15.075,15.1  ,15.125,15.15 ,15.175,15.2  ,15.225,15.25 ,15.275,15.3  ,15.325,15.35 ,15.375,15.4  ,15.425,15.45 ,15.475,15.5  
mcs_ul: 0., 0., 0., 0., 0., 0., 0., 0., 0., 0., 0., 0., 0., 0., 0., 0., 0., 0., 0., 0.,40., 0., 0., 0., 0., 0., 0., 0., 0., 0., 0., 0., 0., 0., 0., 0., 0., 0., 0., 0.
mcs_ul_bin_edges:27.5  ,27.525,27.55 ,27.575,27.6  ,27.625,27.65 ,27.675,27.7  ,27.725,27.75 ,27.775,27.8  ,27.825,27.85 ,27.875,27.9  ,27.925,27.95 ,27.975,28.   ,28.025,28.05 ,28.075,28.1  ,28.125,28.15 ,28.175,28.2  ,28.225,28.25 ,28.275,28.3  ,28.325,28.35 ,28.375,28.4  ,28.425,28.45 ,28.475,28.5  
mcs_dl: 0., 0., 0., 0., 0., 0., 0., 0., 0., 0., 0., 0., 0., 0., 0., 0., 0., 0., 0., 0.,40., 0., 0., 0., 0., 0., 0., 0., 0., 0., 0., 0., 0., 0., 0., 0., 0., 0., 0., 0.
mcs_dl_bin_edges:27.5  ,27.525,27.55 ,27.575,27.6  ,27.625,27.65 ,27.675,27.7  ,27.725,27.75 ,27.775,27.8  ,27.825,27.85 ,27.875,27.9  ,27.925,27.95 ,27.975,28.   ,28.025,28.05 ,28.075,28.1  ,28.125,28.15 ,28.175,28.2  ,28.225,28.25 ,28.275,28.3  ,28.325,28.35 ,28.375,28.4  ,28.425,28.45 ,28.475,28.5  
eff_ul: 0., 0., 0., 0., 0., 0., 0., 0., 0., 0., 0., 0., 0., 0., 0., 0., 0., 0., 0., 0.,40., 0., 0., 0., 0., 0., 0., 0., 0., 0., 0., 0., 0., 0., 0., 0., 0., 0., 0., 0.
eff_ul_bin_edges:5.0545974,5.0795974,5.1045974,5.1295974,5.1545974,5.1795974,5.2045974,5.2295974,5.2545974,5.2795974,5.3045974,5.3295974,5.3545974,5.3795974,5.4045974,5.4295974,5.4545974,5.4795974,5.5045974,5.5295974,5.5545974,5.5795974,5.6045974,5.6295974,5.6545974,5.6795974,5.7045974,5.7295974,5.7545974,5.7795974,5.8045974,5.8295974,5.8545974,5.8795974,5.9045974,5.9295974,5.9545974,5.9795974,6.0045974,6.0295974,6.0545974
eff_dl: 0., 0., 0., 0., 0., 0., 0., 0., 0., 0., 0., 0., 0., 0., 0., 0., 0., 0., 0., 0.,40., 0., 0., 0., 0., 0., 0., 0., 0., 0., 0., 0., 0., 0., 0., 0., 0., 0., 0., 0.
eff_dl_bin_edges:5.0545974,5.0795974,5.1045974,5.1295974,5.1545974,5.1795974,5.2045974,5.2295974,5.2545974,5.2795974,5.3045974,5.3295974,5.3545974,5.3795974,5.4045974,5.4295974,5.4545974,5.4795974,5.5045974,5.5295974,5.5545974,5.5795974,5.6045974,5.6295974,5.6545974,5.6795974,5.7045974,5.7295974,5.7545974,5.7795974,5.8045974,5.8295974,5.8545974,5.8795974,5.9045974,5.9295974,5.9545974,5.9795974,6.0045974,6.0295974,6.0545974
rul: 0., 0., 0., 0., 0., 0., 0., 0., 0., 0., 0., 0., 0., 0., 0., 0., 0., 0., 0., 0.,40., 0., 0., 0., 0., 0., 0., 0., 0., 0., 0., 0., 0., 0., 0., 0., 0., 0., 0., 0.
rul_bin_edges:-0.5  ,-0.475,-0.45 ,-0.425,-0.4  ,-0.375,-0.35 ,-0.325,-0.3  ,-0.275,-0.25 ,-0.225,-0.2  ,-0.175,-0.15 ,-0.125,-0.1  ,-0.075,-0.05 ,-0.025, 0.   , 0.025, 0.05 , 0.075, 0.1  , 0.125, 0.15 , 0.175, 0.2  , 0.225, 0.25 , 0.275, 0.3  , 0.325, 0.35 , 0.375, 0.4  , 0.425, 0.45 , 0.475, 0.5  
rdl:0.2780284 ,0.        ,0.        ,0.        ,0.        ,0.        ,0.        ,0.        ,0.        ,0.        ,0.        ,0.        ,0.        ,0.        ,0.        ,0.        ,0.        ,0.        ,0.        ,0.19158999,0.        ,0.        ,0.        ,0.        ,0.        ,0.        ,0.        ,0.        ,0.        ,0.        ,0.        ,0.        ,0.        ,0.        ,0.        ,0.        ,0.        ,0.        ,0.        ,0.02880616
rdl_bin_edges: 0.        , 2.00632175, 4.0126435 , 6.01896525, 8.025287  ,10.03160875,12.0379305 ,14.04425225,16.050574  ,18.05689575,20.0632175 ,22.06953925,24.075861  ,26.08218275,28.0885045 ,30.09482625,32.101148  ,34.10746975,36.1137915 ,38.12011325,40.126435  ,42.13275675,44.1390785 ,46.14540025,48.151722  ,50.15804375,52.1643655 ,54.17068725,56.177009  ,58.18333075,60.1896525 ,62.19597425,64.202296  ,66.20861775,68.2149395 ,70.22126125,72.227583  ,74.23390475,76.2402265 ,78.24654825,80.25287   
lul: 0., 0., 0., 0., 0., 0., 0., 0., 0., 0., 0., 0., 0., 0., 0., 0., 0., 0., 0., 0.,40., 0., 0., 0., 0., 0., 0., 0., 0., 0., 0., 0., 0., 0., 0., 0., 0., 0., 0., 0.
lul_bin_edges:-0.5  ,-0.475,-0.45 ,-0.425,-0.4  ,-0.375,-0.35 ,-0.325,-0.3  ,-0.275,-0.25 ,-0.225,-0.2  ,-0.175,-0.15 ,-0.125,-0.1  ,-0.075,-0.05 ,-0.025, 0.   , 0.025, 0.05 , 0.075, 0.1  , 0.125, 0.15 , 0.175, 0.2  , 0.225, 0.25 , 0.275, 0.3  , 0.325, 0.35 , 0.375, 0.4  , 0.425, 0.45 , 0.475, 0.5  
ldl:5.39585601e+03,0.00000000e+00,0.00000000e+00,0.00000000e+00,0.00000000e+00,0.00000000e+00,0.00000000e+00,0.00000000e+00,0.00000000e+00,0.00000000e+00,0.00000000e+00,0.00000000e+00,0.00000000e+00,0.00000000e+00,0.00000000e+00,0.00000000e+00,0.00000000e+00,0.00000000e+00,0.00000000e+00,0.00000000e+00,0.00000000e+00,0.00000000e+00,0.00000000e+00,0.00000000e+00,0.00000000e+00,0.00000000e+00,0.00000000e+00,0.00000000e+00,0.00000000e+00,3.11546794e+03,1.98298821e+00,4.83655661e-02,1.45096698e-01,5.47208015e+02,1.17044670e+01,1.45096698e-01,0.00000000e+00,6.86791038e+00,5.93300399e+02,4.83655661e-01
ldl_bin_edges:0.        ,0.00010338,0.00020676,0.00031013,0.00041351,0.00051689,0.00062027,0.00072365,0.00082703,0.0009304 ,0.00103378,0.00113716,0.00124054,0.00134392,0.0014473 ,0.00155067,0.00165405,0.00175743,0.00186081,0.00196419,0.00206757,0.00217094,0.00227432,0.0023777 ,0.00248108,0.00258446,0.00268784,0.00279121,0.00289459,0.00299797,0.00310135,0.00320473,0.00330811,0.00341148,0.00351486,0.00361824,0.00372162,0.003825  ,0.00392838,0.00403175,0.00413513
ilul: 0., 0., 0., 0., 0., 0., 0., 0., 0., 0., 0., 0., 0., 0., 0., 0., 0., 0., 0., 0.,40., 0., 0., 0., 0., 0., 0., 0., 0., 0., 0., 0., 0., 0., 0., 0., 0., 0., 0., 0.
ilul_bin_edges:-0.5  ,-0.475,-0.45 ,-0.425,-0.4  ,-0.375,-0.35 ,-0.325,-0.3  ,-0.275,-0.25 ,-0.225,-0.2  ,-0.175,-0.15 ,-0.125,-0.1  ,-0.075,-0.05 ,-0.025, 0.   , 0.025, 0.05 , 0.075, 0.1  , 0.125, 0.15 , 0.175, 0.2  , 0.225, 0.25 , 0.275, 0.3  , 0.325, 0.35 , 0.375, 0.4  , 0.425, 0.45 , 0.475, 0.5  
ildl:3.76925775e+01,4.72947664e-03,4.72947664e-03,4.72947664e-03,5.06729640e-03,5.40511616e-03,5.06729640e-03,5.06729640e-03,5.06729640e-03,5.06729640e-03,5.06729640e-03,4.72947664e-03,5.40511616e-03,4.39165688e-03,6.08075568e-03,4.05383712e-03,5.06729640e-03,5.40511616e-03,5.06729640e-03,4.72947664e-03,5.06729640e-03,5.74293592e-03,4.72947664e-03,5.40511616e-03,5.06729640e-03,5.40511616e-03,5.06729640e-03,5.40511616e-03,4.72947664e-03,5.74293592e-03,4.72947664e-03,5.06729640e-03,5.74293592e-03,4.72947664e-03,4.72947664e-03,2.59479357e+00,7.17765644e+00,7.72999174e+00,7.96376302e+00,4.23355723e+00
ildl_bin_edges:0.        ,0.01480064,0.02960129,0.04440193,0.05920258,0.07400322,0.08880386,0.10360451,0.11840515,0.1332058 ,0.14800644,0.16280708,0.17760773,0.19240837,0.20720902,0.22200966,0.2368103 ,0.25161095,0.26641159,0.28121224,0.29601288,0.31081352,0.32561417,0.34041481,0.35521546,0.3700161 ,0.38481674,0.39961739,0.41441803,0.42921868,0.44401932,0.45881996,0.47362061,0.48842125,0.5032219 ,0.51802254,0.53282318,0.54762383,0.56242447,0.57722512,0.59202576
eul: 0., 0., 0., 0., 0., 0., 0., 0., 0., 0., 0., 0., 0., 0., 0., 0., 0., 0., 0., 0.,40., 0., 0., 0., 0., 0., 0., 0., 0., 0., 0., 0., 0., 0., 0., 0., 0., 0., 0., 0.
eul_bin_edges:-0.5  ,-0.475,-0.45 ,-0.425,-0.4  ,-0.375,-0.35 ,-0.325,-0.3  ,-0.275,-0.25 ,-0.225,-0.2  ,-0.175,-0.15 ,-0.125,-0.1  ,-0.075,-0.05 ,-0.025, 0.   , 0.025, 0.05 , 0.075, 0.1  , 0.125, 0.15 , 0.175, 0.2  , 0.225, 0.25 , 0.275, 0.3  , 0.325, 0.35 , 0.375, 0.4  , 0.425, 0.45 , 0.475, 0.5  
edl:6.13895002e-02,0.00000000e+00,0.00000000e+00,0.00000000e+00,0.00000000e+00,0.00000000e+00,0.00000000e+00,0.00000000e+00,0.00000000e+00,0.00000000e+00,0.00000000e+00,0.00000000e+00,0.00000000e+00,0.00000000e+00,0.00000000e+00,0.00000000e+00,1.52089734e-06,0.00000000e+00,0.00000000e+00,0.00000000e+00,3.04179468e-06,0.00000000e+00,0.00000000e+00,4.56269202e-06,0.00000000e+00,6.08358935e-06,9.12538403e-06,2.66157034e-04,5.77940989e-05,6.89118584e-03,2.29939906e-01,5.25013761e-03,1.03421019e-04,2.29655498e-04,1.21671787e-05,7.60448669e-06,1.52089734e-06,3.04179468e-06,0.00000000e+00,6.08358935e-06
edl_bin_edges:  0.    ,  3.2875,  6.575 ,  9.8625, 13.15  , 16.4375, 19.725 , 23.0125, 26.3   , 29.5875, 32.875 , 36.1625, 39.45  , 42.7375, 46.025 , 49.3125, 52.6   , 55.8875, 59.175 , 62.4625, 65.75  , 69.0375, 72.325 , 75.6125, 78.9   , 82.1875, 85.475 , 88.7625, 92.05  , 95.3375, 98.625 ,101.9125,105.2   ,108.4875,111.775 ,115.0625,118.35  ,121.6375,124.925 ,128.2125,131.5   
gul: 0., 0., 0., 0., 0., 0., 0., 0., 0., 0., 0., 0., 0., 0., 0., 0., 0., 0., 0., 0.,40., 0., 0., 0., 0., 0., 0., 0., 0., 0., 0., 0., 0., 0., 0., 0., 0., 0., 0., 0.
gul_bin_edges:-0.5  ,-0.475,-0.45 ,-0.425,-0.4  ,-0.375,-0.35 ,-0.325,-0.3  ,-0.275,-0.25 ,-0.225,-0.2  ,-0.175,-0.15 ,-0.125,-0.1  ,-0.075,-0.05 ,-0.025, 0.   , 0.025, 0.05 , 0.075, 0.1  , 0.125, 0.15 , 0.175, 0.2  , 0.225, 0.25 , 0.275, 0.3  , 0.325, 0.35 , 0.375, 0.4  , 0.425, 0.45 , 0.475, 0.5  
gdl:2.63214186e-01,0.00000000e+00,0.00000000e+00,0.00000000e+00,0.00000000e+00,0.00000000e+00,0.00000000e+00,0.00000000e+00,0.00000000e+00,0.00000000e+00,0.00000000e+00,0.00000000e+00,0.00000000e+00,0.00000000e+00,0.00000000e+00,0.00000000e+00,0.00000000e+00,0.00000000e+00,1.64878813e-06,0.00000000e+00,0.00000000e+00,0.00000000e+00,0.00000000e+00,0.00000000e+00,0.00000000e+00,1.64878813e-06,0.00000000e+00,0.00000000e+00,3.29757626e-06,5.11124320e-05,5.27612201e-05,1.05522440e-04,4.25205971e-02,2.35479921e-02,1.74771542e-04,4.45172795e-05,3.79221270e-05,1.64878813e-06,1.64878813e-06,1.64878813e-06
gdl_bin_edges:  0.    ,  3.0325,  6.065 ,  9.0975, 12.13  , 15.1625, 18.195 , 21.2275, 24.26  , 27.2925, 30.325 , 33.3575, 36.39  , 39.4225, 42.455 , 45.4875, 48.52  , 51.5525, 54.585 , 57.6175, 60.65  , 63.6825, 66.715 , 69.7475, 72.78  , 75.8125, 78.845 , 81.8775, 84.91  , 87.9425, 90.975 , 94.0075, 97.04  ,100.0725,103.105 ,106.1375,109.17  ,112.2025,115.235 ,118.2675,121.3   
ri: 0., 0., 0., 0., 0., 0., 0., 0., 0., 0., 0., 0., 0., 0., 0., 0., 0., 0., 0., 0.,40., 0., 0., 0., 0., 0., 0., 0., 0., 0., 0., 0., 0., 0., 0., 0., 0., 0., 0., 0.
ri_bin_edges:0.5  ,0.525,0.55 ,0.575,0.6  ,0.625,0.65 ,0.675,0.7  ,0.725,0.75 ,0.775,0.8  ,0.825,0.85 ,0.875,0.9  ,0.925,0.95 ,0.975,1.   ,1.025,1.05 ,1.075,1.1  ,1.125,1.15 ,1.175,1.2  ,1.225,1.25 ,1.275,1.3  ,1.325,1.35 ,1.375,1.4  ,1.425,1.45 ,1.475,1.5  
