period:1
ue_log_freq:1000
mac_log_freq:1000
mimo_layers:2
frequency:2412000000.0
bandwidth:50000000
ue_speed:5.555555555555555
max_distance:1000
shannon_cfg_bandwidth_mhz:50.0
shannon_cfg_mimo_layers:2
shannon_cfg_bw_efficiency:0.67
shannon_cfg_sinr_offset_db:0
shannon_cfg_ul_divisor:2
shannon_cfg_sinr_sample_rate:1000
n_ue:20
sinr_period:9.463597741343282
sinr_rate:105.66805852612856
ul_fairness:0.8634049768365047
dl_fairness:0.9418660313233326
ul_agg_throughput:0.06872329113756437
dl_agg_throughput:0.04304368219543954
ul_ave_throughput:0.0034361645568782182
dl_ave_throughput:0.002152184109771977
ul_se:0.0013744658227512875
dl_se:0.0008608736439087908
ul_ase:4.375060596034725e-10
dl_ase:2.7402459161123236e-10
ul_gr:0.005978512272707072, 0.005978512272707072, 0.005978512272707072, 0.005978512272707072, 0.005978512272707072, 0.005978512272707072, 0.005978512272707072, 0.005978512272707072, 0.005978512272707072, 0.005978512272707072, 0.005978512272707072, 0.005978512272707072, 0.005978512272707072, 0.005978512272707072, 0.005978512272707072, 0.005978512272707072, 0.005978512272707072, 0.005978512272707072, 0.005978512272707072, 0.005978512272707072
dl_gr:0.0027173157119048945, 0.0027173157119048945, 0.0027173157119048945, 0.0027173157119048945, 0.0027173157119048945, 0.0027173157119048945, 0.0027173157119048945, 0.0027173157119048945, 0.0027173157119048945, 0.0027173157119048945, 0.0027173157119048945, 0.0027173157119048945, 0.0027173157119048945, 0.0027173157119048945, 0.0027173157119048945, 0.0027173157119048945, 0.0027173157119048945, 0.0027173157119048945, 0.0027173157119048945, 0.0027173157119048945
ul_tr:0.005450541671962668, 0.005450541671962668, 0.005450541407477362, 0.005450541890339425, 0.005450541484417533, 0.0054505418143992, 0.005450541736236877, 0.005450541384200877, 0.0054505415466362984, 0.005450541860507751, 0.005450541581634354, 0.0, 0.005450541671962668, 0.005450541671962668, 0.0, 0.00545054177184601, 0.005450541385756346, 0.005450537907505138, 0.00545054177184601, 0.005450536509916115
dl_tr:0.0026481193807010722, 0.0026481193807010722, 0.0026481198702294315, 0.0026481193807010722, 0.002648119559024499, 0.0026481193807010722, 0.0026481193807010722, 0.0026481195245819677, 0.002648119559024499, 0.0026481193807010722, 0.0026481193807010722, 0.002648123046391867, 0.0026481193807010722, 0.0026481193807010722, 0.0, 0.002648119803344259, 0.0026481196771290486, 0.002648119291872674, 0.002648119803344259, 0.002648119369590578
ul_er:0.0, 0.0, 0.0, 0.0, 0.0, 0.0, 0.0, 0.0, 0.0, 0.0, 0.0, 0.0, 0.0, 0.0, 0.0, 0.0, 0.0, 0.0, 0.0, 0.0
dl_er:0.0, 0.0, 0.0, 0.0, 0.0, 0.0, 0.0, 0.0, 0.0, 0.0, 0.0, 0.0, 0.0, 0.0, 0.0, 0.0, 0.0, 0.0, 0.0, 0.0
ul_er_ratio:0.0, 0.0, 0.0, 0.0, 0.0, 0.0, 0.0, 0.0, 0.0, 0.0, 0.0, 0.0, 0.0, 0.0, 0.0, 0.0, 0.0, 0.0, 0.0, 0.0
dl_er_ratio:0.0, 0.0, 0.0, 0.0, 0.0, 0.0, 0.0, 0.0, 0.0, 0.0, 0.0, 0.0, 0.0, 0.0, 0.0, 0.0, 0.0, 0.0, 0.0, 0.0
ul_er_perc:0.0, 0.0, 0.0, 0.0, 0.0, 0.0, 0.0, 0.0, 0.0, 0.0, 0.0, 0.0, 0.0, 0.0, 0.0, 0.0, 0.0, 0.0, 0.0, 0.0
dl_er_perc:0.0, 0.0, 0.0, 0.0, 0.0, 0.0, 0.0, 0.0, 0.0, 0.0, 0.0, 0.0, 0.0, 0.0, 0.0, 0.0, 0.0, 0.0, 0.0, 0.0
ul_l:3.505212838175657e-05, 3.505212838175657e-05, 3.6384078728959505e-05, 3.542533552024888e-05, 3.497743287039609e-05, 3.478444596966835e-05, 3.4462519826676295e-05, 3.385140813288151e-05, 3.298548177879007e-05, 2.989584843619799e-05, 2.9372285500805512e-05, 0.0, 3.505212838175657e-05, 3.505212838175657e-05, 0.0, 3.9587721004388645e-05, 5.0988057041275485e-05, 4.97492437142381e-05, 3.9587721004388645e-05, 4.3246216360202214e-05
dl_l:3.1738677106827394e-05, 3.1738677106827394e-05, 3.193059430587189e-05, 3.1738677106827394e-05, 3.1737944219765565e-05, 3.1738677106827394e-05, 3.1738677106827394e-05, 3.1745333903672014e-05, 3.1737944219765565e-05, 3.1738677106827394e-05, 3.1738677106827394e-05, 3.363047856230209e-05, 3.1738677106827394e-05, 3.1738677106827394e-05, 0.0, 3.172034465307483e-05, 3.469071008277318e-05, 3.458539759457808e-05, 3.172034465307483e-05, 3.43111216376868e-05
ul_il:8.321297031831565e-05, 8.321297031831565e-05, 9.05800528415088e-05, 8.482049349480584e-05, 8.333885183045388e-05, 8.181190223876451e-05, 7.942416959613355e-05, 7.718607157935672e-05, 7.135342116549081e-05, 5.682933290372758e-05, 5.296043762013222e-05, 0.0, 8.321297031831565e-05, 8.321297031831565e-05, 0.0, 0.0001294978305760791, 0.0003535494659963336, 0.00029816271590467195, 0.0001294978305760791, 0.0001764355254985834
dl_il:4.1473920832175994e-05, 4.1473920832175994e-05, 4.3178462663185384e-05, 4.1473920832175994e-05, 4.1550359502249876e-05, 4.1473920832175994e-05, 4.1473920832175994e-05, 4.175942574856953e-05, 4.1550359502249876e-05, 4.1473920832175994e-05, 4.1473920832175994e-05, 5.129700245541915e-05, 4.1473920832175994e-05, 4.1473920832175994e-05, 0.0, 4.202688531192711e-05, 5.7131123882006554e-05, 5.862194453085939e-05, 4.202688531192711e-05, 5.5394511293817016e-05
sinr_ul:0.03142578,0.        ,0.        ,0.        ,0.        ,0.        ,0.03142578,0.        ,0.        ,0.        ,0.03142578,0.03142578,0.        ,0.03142578,0.        ,0.        ,0.        ,0.        ,0.        ,0.        ,0.03142578,0.03142578,0.06285156,0.06285156,0.06285156,0.        ,0.03142578,0.03142578,0.03142578,0.03142578,0.        ,0.        ,0.03142578,0.03142578,0.        ,0.        ,0.        ,0.        ,0.        ,0.03142578
sinr_ul_bin_edges:-9.361572  ,-7.77052158,-6.17947115,-4.58842073,-2.9973703 ,-1.40631987, 0.18473055, 1.77578097, 3.3668314 , 4.95788183, 6.54893225, 8.13998268, 9.7310331 ,11.32208353,12.91313395,14.50418438,16.0952348 ,17.68628522,19.27733565,20.86838608,22.4594365 ,24.05048693,25.64153735,27.23258777,28.8236382 ,30.41468863,32.00573905,33.59678948,35.1878399 ,36.77889032,38.36994075,39.96099118,41.5520416 ,43.14309203,44.73414245,46.32519288,47.9162433 ,49.50729373,51.09834415,52.68939458,54.280445  
sinr_dl:0.03143537,0.        ,0.        ,0.        ,0.        ,0.        ,0.03143537,0.        ,0.        ,0.        ,0.03143537,0.03143537,0.        ,0.        ,0.        ,0.03143537,0.        ,0.        ,0.        ,0.        ,0.03143537,0.03143537,0.06287075,0.06287075,0.06287075,0.        ,0.03143537,0.03143537,0.03143537,0.03143537,0.        ,0.        ,0.03143537,0.03143537,0.        ,0.        ,0.        ,0.        ,0.        ,0.03143537
sinr_dl_bin_edges:-3.3880951 ,-1.79753022,-0.20696535, 1.38359953, 2.97416441, 4.56472929, 6.15529416, 7.74585904, 9.33642392,10.9269888 ,12.51755367,14.10811855,15.69868343,17.28924831,18.87981318,20.47037806,22.06094294,23.65150782,25.24207269,26.83263757,28.42320245,30.01376733,31.6043322 ,33.19489708,34.78546196,36.37602684,37.96659171,39.55715659,41.14772147,42.73828635,44.32885122,45.9194161 ,47.50998098,49.10054586,50.69111073,52.28167561,53.87224049,55.46280537,57.05337024,58.64393512,60.2345    
rsrp_ul:0.03147146,0.        ,0.        ,0.        ,0.        ,0.        ,0.03147146,0.        ,0.        ,0.        ,0.03147146,0.03147146,0.        ,0.03147146,0.        ,0.        ,0.        ,0.        ,0.        ,0.        ,0.03147146,0.03147146,0.06294291,0.06294291,0.06294291,0.        ,0.03147146,0.03147146,0.03147146,0.03147146,0.        ,0.        ,0.03147146,0.03147146,0.        ,0.        ,0.        ,0.        ,0.        ,0.03147146
rsrp_ul_bin_edges:-137.99791   ,-136.40916875,-134.8204275 ,-133.23168625,-131.642945  ,-130.05420375,-128.4654625 ,-126.87672125,-125.28798   ,-123.69923875,-122.1104975 ,-120.52175625,-118.933015  ,-117.34427375,-115.7555325 ,-114.16679125,-112.57805   ,-110.98930875,-109.4005675 ,-107.81182625,-106.223085  ,-104.63434375,-103.0456025 ,-101.45686125, -99.86812   , -98.27937875, -96.6906375 , -95.10189625, -93.513155  , -91.92441375, -90.3356725 , -88.74693125, -87.15819   , -85.56944875, -83.9807075 , -82.39196625, -80.803225  , -79.21448375, -77.6257425 , -76.03700125, -74.44826   
rsrp_dl:0.03147146,0.        ,0.        ,0.        ,0.        ,0.        ,0.03147146,0.        ,0.        ,0.        ,0.03147146,0.03147146,0.        ,0.        ,0.        ,0.03147146,0.        ,0.        ,0.        ,0.        ,0.03147146,0.03147146,0.06294291,0.06294291,0.06294291,0.        ,0.03147146,0.03147146,0.03147146,0.03147146,0.        ,0.        ,0.03147146,0.03147146,0.        ,0.        ,0.        ,0.        ,0.        ,0.03147146
rsrp_dl_bin_edges:-137.99791   ,-136.40916875,-134.8204275 ,-133.23168625,-131.642945  ,-130.05420375,-128.4654625 ,-126.87672125,-125.28798   ,-123.69923875,-122.1104975 ,-120.52175625,-118.933015  ,-117.34427375,-115.7555325 ,-114.16679125,-112.57805   ,-110.98930875,-109.4005675 ,-107.81182625,-106.223085  ,-104.63434375,-103.0456025 ,-101.45686125, -99.86812   , -98.27937875, -96.6906375 , -95.10189625, -93.513155  , -91.92441375, -90.3356725 , -88.74693125, -87.15819   , -85.56944875, -83.9807075 , -82.39196625, -80.803225  , -79.21448375, -77.6257425 , -76.03700125, -74.44826   
cqi_ul:0.26666667,0.        ,0.        ,0.        ,0.        ,0.26666667,0.        ,0.        ,0.13333333,0.        ,0.        ,0.        ,0.        ,0.        ,0.        ,0.        ,0.        ,0.        ,0.        ,0.        ,0.        ,0.13333333,0.        ,0.        ,0.26666667,0.        ,0.26666667,0.        ,0.        ,0.13333333,0.        ,0.        ,0.26666667,0.        ,0.13333333,0.        ,0.        ,0.13333333,0.        ,0.66666667
cqi_ul_bin_edges: 0.   , 0.375, 0.75 , 1.125, 1.5  , 1.875, 2.25 , 2.625, 3.   , 3.375, 3.75 , 4.125, 4.5  , 4.875, 5.25 , 5.625, 6.   , 6.375, 6.75 , 7.125, 7.5  , 7.875, 8.25 , 8.625, 9.   , 9.375, 9.75 ,10.125,10.5  ,10.875,11.25 ,11.625,12.   ,12.375,12.75 ,13.125,13.5  ,13.875,14.25 ,14.625,15.   
cqi_dl:0.13333333,0.        ,0.        ,0.        ,0.        ,0.13333333,0.        ,0.        ,0.13333333,0.        ,0.13333333,0.        ,0.        ,0.        ,0.        ,0.        ,0.        ,0.        ,0.13333333,0.        ,0.        ,0.        ,0.        ,0.        ,0.        ,0.        ,0.        ,0.        ,0.        ,0.        ,0.        ,0.        ,0.13333333,0.        ,0.4       ,0.        ,0.        ,0.26666667,0.        ,1.2       
cqi_dl_bin_edges: 0.   , 0.375, 0.75 , 1.125, 1.5  , 1.875, 2.25 , 2.625, 3.   , 3.375, 3.75 , 4.125, 4.5  , 4.875, 5.25 , 5.625, 6.   , 6.375, 6.75 , 7.125, 7.5  , 7.875, 8.25 , 8.625, 9.   , 9.375, 9.75 ,10.125,10.5  ,10.875,11.25 ,11.625,12.   ,12.375,12.75 ,13.125,13.5  ,13.875,14.25 ,14.625,15.   
mcs_ul:0.14285714,0.14285714,0.        ,0.        ,0.07142857,0.        ,0.        ,0.        ,0.        ,0.        ,0.        ,0.        ,0.        ,0.        ,0.        ,0.        ,0.        ,0.        ,0.        ,0.        ,0.07142857,0.        ,0.14285714,0.        ,0.        ,0.14285714,0.        ,0.07142857,0.        ,0.        ,0.14285714,0.        ,0.07142857,0.        ,0.        ,0.        ,0.        ,0.07142857,0.        ,0.35714286
mcs_ul_bin_edges: 0. , 0.7, 1.4, 2.1, 2.8, 3.5, 4.2, 4.9, 5.6, 6.3, 7. , 7.7, 8.4, 9.1, 9.8,10.5,11.2,11.9,12.6,13.3,14. ,14.7,15.4,16.1,16.8,17.5,18.2,18.9,19.6,20.3,21. ,21.7,22.4,23.1,23.8,24.5,25.2,25.9,26.6,27.3,28. 
mcs_dl:0.07142857,0.07142857,0.        ,0.        ,0.07142857,0.        ,0.        ,0.07142857,0.        ,0.        ,0.        ,0.        ,0.        ,0.        ,0.        ,0.07142857,0.        ,0.        ,0.        ,0.        ,0.        ,0.        ,0.        ,0.        ,0.        ,0.        ,0.        ,0.        ,0.        ,0.        ,0.07142857,0.        ,0.14285714,0.        ,0.07142857,0.14285714,0.        ,0.        ,0.        ,0.64285714
mcs_dl_bin_edges: 0. , 0.7, 1.4, 2.1, 2.8, 3.5, 4.2, 4.9, 5.6, 6.3, 7. , 7.7, 8.4, 9.1, 9.8,10.5,11.2,11.9,12.6,13.3,14. ,14.7,15.4,16.1,16.8,17.5,18.2,18.9,19.6,20.3,21. ,21.7,22.4,23.1,23.8,24.5,25.2,25.9,26.6,27.3,28. 
eff_ul:0.54008025,0.        ,0.54008025,0.        ,0.27004013,0.        ,0.        ,0.        ,0.        ,0.        ,0.        ,0.        ,0.        ,0.        ,0.        ,0.        ,0.        ,0.        ,0.        ,0.27004013,0.        ,0.        ,0.54008025,0.        ,0.        ,0.        ,0.54008025,0.27004013,0.        ,0.54008025,0.        ,0.        ,0.        ,0.27004013,0.        ,0.        ,0.        ,0.        ,0.27004013,1.35020063
eff_ul_bin_edges:0.        ,0.18515767,0.37031534,0.555473  ,0.74063067,0.92578834,1.11094601,1.29610367,1.48126134,1.66641901,1.85157668,2.03673434,2.22189201,2.40704968,2.59220735,2.77736501,2.96252268,3.14768035,3.33283802,3.51799568,3.70315335,3.88831102,4.07346868,4.25862635,4.44378402,4.62894169,4.81409936,4.99925702,5.18441469,5.36957236,5.55473003,5.73988769,5.92504536,6.11020303,6.2953607 ,6.48051836,6.66567603,6.8508337 ,7.03599137,7.22114903,7.4063067 
eff_dl:0.27004013,0.        ,0.27004013,0.        ,0.27004013,0.        ,0.        ,0.27004013,0.        ,0.        ,0.        ,0.        ,0.        ,0.        ,0.27004013,0.        ,0.        ,0.        ,0.        ,0.        ,0.        ,0.        ,0.        ,0.        ,0.        ,0.        ,0.        ,0.        ,0.        ,0.27004013,0.        ,0.        ,0.        ,0.54008025,0.        ,0.27004013,0.        ,0.54008025,0.        ,2.43036114
eff_dl_bin_edges:0.        ,0.18515767,0.37031534,0.555473  ,0.74063067,0.92578834,1.11094601,1.29610367,1.48126134,1.66641901,1.85157668,2.03673434,2.22189201,2.40704968,2.59220735,2.77736501,2.96252268,3.14768035,3.33283802,3.51799568,3.70315335,3.88831102,4.07346868,4.25862635,4.44378402,4.62894169,4.81409936,4.99925702,5.18441469,5.36957236,5.55473003,5.73988769,5.92504536,6.11020303,6.2953607 ,6.48051836,6.66567603,6.8508337 ,7.03599137,7.22114903,7.4063067 
rul:7.54041610e+00,3.91273904e-03,2.20880429e-03,1.49357243e-03,2.01947821e-03,3.97584773e-03,1.87222459e-03,2.86092747e-03,2.08258691e-03,2.50331153e-03,8.83521718e-04,1.09388403e-03,1.09388403e-03,1.59875358e-03,2.16673183e-03,9.88702875e-04,1.24113765e-03,1.68289851e-04,1.68289851e-04,4.20724628e-05,1.26217388e-04,1.47253620e-04,6.31086941e-05,8.41449255e-05,8.41449255e-05,2.10362314e-05,4.20724628e-05,0.00000000e+00,4.20724628e-05,4.20724628e-05,0.00000000e+00,0.00000000e+00,0.00000000e+00,0.00000000e+00,0.00000000e+00,0.00000000e+00,0.00000000e+00,0.00000000e+00,0.00000000e+00,2.10362314e-05
rul_bin_edges:0.        ,0.13203998,0.26407995,0.39611993,0.5281599 ,0.66019987,0.79223985,0.92427983,1.0563198 ,1.18835978,1.32039975,1.45243973,1.5844797 ,1.71651968,1.84855965,1.98059962,2.1126396 ,2.24467958,2.37671955,2.50875952,2.6407995 ,2.77283948,2.90487945,3.03691943,3.1689594 ,3.30099937,3.43303935,3.56507933,3.6971193 ,3.82915928,3.96119925,4.09323923,4.2252792 ,4.35731917,4.48935915,4.62139912,4.7534391 ,4.88547908,5.01751905,5.14955903,5.281599  
rdl:1.28484032e+01,3.33016036e-03,1.28909433e-03,7.51971694e-04,5.72930815e-04,9.91886473e-03,4.83410375e-03,3.00788678e-03,3.79566665e-03,4.11794023e-03,1.32490251e-03,4.29698111e-04,1.28909433e-03,1.11005345e-03,7.51971694e-04,3.58081759e-04,3.00788678e-03,6.80355342e-04,1.07424528e-04,5.01314463e-04,2.50657231e-04,0.00000000e+00,3.58081759e-05,7.16163518e-05,3.58081759e-04,1.43232704e-04,6.08738991e-04,3.58081759e-04,0.00000000e+00,7.16163518e-05,3.58081759e-05,7.16163518e-05,0.00000000e+00,0.00000000e+00,3.58081759e-05,0.00000000e+00,0.00000000e+00,0.00000000e+00,0.00000000e+00,3.58081759e-05
rdl_bin_edges:0.        ,0.07756953,0.15513907,0.2327086 ,0.31027813,0.38784766,0.4654172 ,0.54298673,0.62055626,0.69812579,0.77569533,0.85326486,0.93083439,1.00840392,1.08597346,1.16354299,1.24111252,1.31868205,1.39625159,1.47382112,1.55139065,1.62896018,1.70652972,1.78409925,1.86166878,1.93923831,2.01680785,2.09437738,2.17194691,2.24951644,2.32708598,2.40465551,2.48222504,2.55979457,2.63736411,2.71493364,2.79250317,2.8700727 ,2.94764224,3.02521177,3.1027813 
lul:9.86709140e+03,0.00000000e+00,0.00000000e+00,0.00000000e+00,0.00000000e+00,0.00000000e+00,0.00000000e+00,0.00000000e+00,0.00000000e+00,0.00000000e+00,0.00000000e+00,0.00000000e+00,0.00000000e+00,0.00000000e+00,0.00000000e+00,0.00000000e+00,0.00000000e+00,0.00000000e+00,0.00000000e+00,0.00000000e+00,0.00000000e+00,0.00000000e+00,0.00000000e+00,0.00000000e+00,0.00000000e+00,0.00000000e+00,0.00000000e+00,0.00000000e+00,0.00000000e+00,4.58200487e+01,1.12404470e+01,4.06981702e+00,4.15287451e+00,1.32891984e+00,7.00451500e+00,2.13180891e+00,1.24586235e+00,2.07643725e+00,6.92145751e-01,2.05982575e+01
lul_bin_edges:0.        ,0.00010033,0.00020065,0.00030098,0.00040131,0.00050163,0.00060196,0.00070229,0.00080261,0.00090294,0.00100327,0.00110359,0.00120392,0.00130424,0.00140457,0.0015049 ,0.00160522,0.00170555,0.00180588,0.0019062 ,0.00200653,0.00210686,0.00220718,0.00230751,0.00240784,0.00250816,0.00260849,0.00270882,0.00280914,0.00290947,0.0030098 ,0.00311012,0.00321045,0.00331078,0.0034111 ,0.00351143,0.00361176,0.00371208,0.00381241,0.00391273,0.00401306
ldl:6.59191219e+03,0.00000000e+00,0.00000000e+00,0.00000000e+00,0.00000000e+00,0.00000000e+00,0.00000000e+00,0.00000000e+00,0.00000000e+00,0.00000000e+00,0.00000000e+00,0.00000000e+00,0.00000000e+00,0.00000000e+00,0.00000000e+00,0.00000000e+00,0.00000000e+00,0.00000000e+00,0.00000000e+00,3.07146387e+01,8.70432902e+00,1.10883172e+00,9.97948550e-01,2.62423508e+00,1.57084494e+00,4.80493747e-01,1.45441761e+01,0.00000000e+00,0.00000000e+00,0.00000000e+00,3.51130046e-01,0.00000000e+00,0.00000000e+00,0.00000000e+00,0.00000000e+00,0.00000000e+00,0.00000000e+00,0.00000000e+00,0.00000000e+00,3.51130046e-01
ldl_bin_edges:0.       ,0.0001503,0.0003006,0.0004509,0.0006012,0.0007515,0.0009018,0.0010521,0.0012024,0.0013527,0.001503 ,0.0016533,0.0018036,0.0019539,0.0021042,0.0022545,0.0024048,0.0025551,0.0027054,0.0028557,0.003006 ,0.0031563,0.0033066,0.0034569,0.0036072,0.0037575,0.0039078,0.0040581,0.0042084,0.0043587,0.004509 ,0.0046593,0.0048096,0.0049599,0.0051102,0.0052605,0.0054108,0.0055611,0.0057114,0.0058617,0.006012 
ilul:3.64387317e+02,1.36596040e+00,8.19985208e-01,5.06100596e-01,2.81166998e-01,1.58475944e-01,1.17578926e-01,5.82782504e-02,1.01220119e-01,5.00988469e-02,5.21436978e-02,2.35157853e-02,3.68073161e-02,1.94260835e-02,1.43139562e-02,1.12466799e-02,1.32915308e-02,1.12466799e-02,8.17940357e-03,7.15697812e-03,1.32915308e-02,7.15697812e-03,7.15697812e-03,2.04485089e-03,4.08970178e-03,0.00000000e+00,3.06727634e-03,2.04485089e-03,1.02242545e-03,1.02242545e-03,5.11212723e-03,0.00000000e+00,0.00000000e+00,1.02242545e-03,1.02242545e-03,0.00000000e+00,0.00000000e+00,1.02242545e-03,0.00000000e+00,1.02242545e-03
ilul_bin_edges:0.        ,0.0027167 ,0.0054334 ,0.0081501 ,0.0108668 ,0.0135835 ,0.0163002 ,0.0190169 ,0.0217336 ,0.0244503 ,0.027167  ,0.0298837 ,0.0326004 ,0.0353171 ,0.0380338 ,0.0407505 ,0.0434672 ,0.0461839 ,0.0489006 ,0.0516173 ,0.054334  ,0.05705071,0.05976741,0.06248411,0.06520081,0.06791751,0.07063421,0.07335091,0.07606761,0.07878431,0.08150101,0.08421771,0.08693441,0.08965111,0.09236781,0.09508451,0.09780121,0.10051791,0.10323461,0.10595131,0.10866801
ildl:1.34919053e+03,0.00000000e+00,0.00000000e+00,0.00000000e+00,5.20468794e+00,2.53047691e+00,1.43355867e+00,1.89123835e-01,1.67563718e+00,5.93848842e-01,3.55552810e-01,1.89123835e-01,6.43021039e-02,8.69969640e-02,9.07794407e-02,1.13474301e-02,4.91721971e-02,2.64773369e-02,7.56495340e-03,0.00000000e+00,3.78247670e-03,0.00000000e+00,7.56495340e-03,1.51299068e-02,0.00000000e+00,0.00000000e+00,0.00000000e+00,1.13474301e-02,0.00000000e+00,1.89123835e-02,3.78247670e-03,0.00000000e+00,0.00000000e+00,0.00000000e+00,0.00000000e+00,0.00000000e+00,0.00000000e+00,0.00000000e+00,0.00000000e+00,7.56495340e-03
ildl_bin_edges:0.        ,0.00073434,0.00146868,0.00220302,0.00293736,0.0036717 ,0.00440604,0.00514038,0.00587472,0.00660906,0.0073434 ,0.00807774,0.00881208,0.00954642,0.01028076,0.0110151 ,0.01174944,0.01248378,0.01321812,0.01395246,0.0146868 ,0.01542114,0.01615548,0.01688982,0.01762416,0.0183585 ,0.01909284,0.01982718,0.02056152,0.02129586,0.0220302 ,0.02276454,0.02349888,0.02423322,0.02496756,0.0257019 ,0.02643624,0.02717058,0.02790492,0.02863926,0.02937359
eul: 0., 0., 0., 0., 0., 0., 0., 0., 0., 0., 0., 0., 0., 0., 0., 0., 0., 0., 0., 0.,40., 0., 0., 0., 0., 0., 0., 0., 0., 0., 0., 0., 0., 0., 0., 0., 0., 0., 0., 0.
eul_bin_edges:-0.5  ,-0.475,-0.45 ,-0.425,-0.4  ,-0.375,-0.35 ,-0.325,-0.3  ,-0.275,-0.25 ,-0.225,-0.2  ,-0.175,-0.15 ,-0.125,-0.1  ,-0.075,-0.05 ,-0.025, 0.   , 0.025, 0.05 , 0.075, 0.1  , 0.125, 0.15 , 0.175, 0.2  , 0.225, 0.25 , 0.275, 0.3  , 0.325, 0.35 , 0.375, 0.4  , 0.425, 0.45 , 0.475, 0.5  
edl: 0., 0., 0., 0., 0., 0., 0., 0., 0., 0., 0., 0., 0., 0., 0., 0., 0., 0., 0., 0.,40., 0., 0., 0., 0., 0., 0., 0., 0., 0., 0., 0., 0., 0., 0., 0., 0., 0., 0., 0.
edl_bin_edges:-0.5  ,-0.475,-0.45 ,-0.425,-0.4  ,-0.375,-0.35 ,-0.325,-0.3  ,-0.275,-0.25 ,-0.225,-0.2  ,-0.175,-0.15 ,-0.125,-0.1  ,-0.075,-0.05 ,-0.025, 0.   , 0.025, 0.05 , 0.075, 0.1  , 0.125, 0.15 , 0.175, 0.2  , 0.225, 0.25 , 0.275, 0.3  , 0.325, 0.35 , 0.375, 0.4  , 0.425, 0.45 , 0.475, 0.5  
gul:3.77840962e+00,2.10426020e-04,1.47298214e-03,6.31278060e-04,0.00000000e+00,0.00000000e+00,0.00000000e+00,3.78766836e-03,0.00000000e+00,0.00000000e+00,2.10426020e-04,1.05213010e-03,1.26255612e-03,2.10426020e-04,2.10426020e-04,0.00000000e+00,0.00000000e+00,0.00000000e+00,0.00000000e+00,0.00000000e+00,2.10426020e-04,0.00000000e+00,0.00000000e+00,0.00000000e+00,0.00000000e+00,0.00000000e+00,0.00000000e+00,0.00000000e+00,0.00000000e+00,0.00000000e+00,0.00000000e+00,0.00000000e+00,0.00000000e+00,0.00000000e+00,0.00000000e+00,0.00000000e+00,0.00000000e+00,0.00000000e+00,0.00000000e+00,2.10426020e-04
gul_bin_edges: 0.   , 0.264, 0.528, 0.792, 1.056, 1.32 , 1.584, 1.848, 2.112, 2.376, 2.64 , 2.904, 3.168, 3.432, 3.696, 3.96 , 4.224, 4.488, 4.752, 5.016, 5.28 , 5.544, 5.808, 6.072, 6.336, 6.6  , 6.864, 7.128, 7.392, 7.656, 7.92 , 8.184, 8.448, 8.712, 8.976, 9.24 , 9.504, 9.768,10.032,10.296,10.56 
gdl:9.84344998e+00,3.29102306e-03,0.00000000e+00,0.00000000e+00,9.32456535e-03,0.00000000e+00,4.38803075e-03,2.74251922e-03,5.48503844e-04,0.00000000e+00,1.64551153e-03,0.00000000e+00,4.38803075e-03,1.64551153e-03,0.00000000e+00,0.00000000e+00,0.00000000e+00,0.00000000e+00,0.00000000e+00,5.48503844e-04,1.09700769e-03,0.00000000e+00,0.00000000e+00,0.00000000e+00,0.00000000e+00,0.00000000e+00,0.00000000e+00,0.00000000e+00,0.00000000e+00,0.00000000e+00,0.00000000e+00,0.00000000e+00,0.00000000e+00,0.00000000e+00,0.00000000e+00,0.00000000e+00,0.00000000e+00,0.00000000e+00,0.00000000e+00,5.48503844e-04
gdl_bin_edges:0.     ,0.10128,0.20256,0.30384,0.40512,0.5064 ,0.60768,0.70896,0.81024,0.91152,1.0128 ,1.11408,1.21536,1.31664,1.41792,1.5192 ,1.62048,1.72176,1.82304,1.92432,2.0256 ,2.12688,2.22816,2.32944,2.43072,2.532  ,2.63328,2.73456,2.83584,2.93712,3.0384 ,3.13968,3.24096,3.34224,3.44352,3.5448 ,3.64608,3.74736,3.84864,3.94992,4.0512 
ri: 0., 0., 0., 0., 0., 0., 0., 0., 0., 0., 0., 0., 0., 0., 0., 0., 0., 0., 0., 0.,40., 0., 0., 0., 0., 0., 0., 0., 0., 0., 0., 0., 0., 0., 0., 0., 0., 0., 0., 0.
ri_bin_edges:0.5  ,0.525,0.55 ,0.575,0.6  ,0.625,0.65 ,0.675,0.7  ,0.725,0.75 ,0.775,0.8  ,0.825,0.85 ,0.875,0.9  ,0.925,0.95 ,0.975,1.   ,1.025,1.05 ,1.075,1.1  ,1.125,1.15 ,1.175,1.2  ,1.225,1.25 ,1.275,1.3  ,1.325,1.35 ,1.375,1.4  ,1.425,1.45 ,1.475,1.5  
