period:1
ue_log_freq:1000
mac_log_freq:1000
mimo_layers:2
frequency:2412000000.0
bandwidth:50000000
ue_speed:5.555555555555555
max_distance:1000
shannon_cfg_bandwidth_mhz:50.0
shannon_cfg_mimo_layers:2
shannon_cfg_bw_efficiency:0.67
shannon_cfg_sinr_offset_db:0
shannon_cfg_ul_divisor:2
shannon_cfg_sinr_sample_rate:1000
n_ue:1
sinr_period:9.463597741343282
sinr_rate:105.66805852612856
ul_fairness:nan
dl_fairness:1.0
ul_agg_throughput:0
dl_agg_throughput:282.6931315542227
ul_ave_throughput:0.0
dl_ave_throughput:282.6931315542227
ul_se:0.0
dl_se:5.653862631084454
ul_ase:0.0
dl_ase:1.7996803705992799e-06
ul_gr:0.3590080330655645
dl_gr:292.4392420252658
ul_tr:0.0
dl_tr:292.01888967834407
ul_er:299.6194126862438
dl_er:7.549178360721309
ul_er_ratio:1.0
dl_er_ratio:0.0252002104567996
ul_er_perc:100.0
dl_er_perc:2.52002104567996
ul_l:0.0
dl_l:0.006314892571497616
ul_il:0.0
dl_il:0.02650610223147562
sinr_dl: 0., 0., 0., 0., 0., 0., 0., 0., 0., 0., 0., 0., 0., 0., 0., 0., 0., 0., 0., 0.,40., 0., 0., 0., 0., 0., 0., 0., 0., 0., 0., 0., 0., 0., 0., 0., 0., 0., 0., 0.
sinr_dl_bin_edges:42.864174,42.889174,42.914174,42.939174,42.964174,42.989174,43.014174,43.039174,43.064174,43.089174,43.114174,43.139174,43.164174,43.189174,43.214174,43.239174,43.264174,43.289174,43.314174,43.339174,43.364174,43.389174,43.414174,43.439174,43.464174,43.489174,43.514174,43.539174,43.564174,43.589174,43.614174,43.639174,43.664174,43.689174,43.714174,43.739174,43.764174,43.789174,43.814174,43.839174,43.864174
rsrp_dl: 0., 0., 0., 0., 0., 0., 0., 0., 0., 0., 0., 0., 0., 0., 0., 0., 0., 0., 0., 0.,40., 0., 0., 0., 0., 0., 0., 0., 0., 0., 0., 0., 0., 0., 0., 0., 0., 0., 0., 0.
rsrp_dl_bin_edges:-94.813545,-94.788545,-94.763545,-94.738545,-94.713545,-94.688545,-94.663545,-94.638545,-94.613545,-94.588545,-94.563545,-94.538545,-94.513545,-94.488545,-94.463545,-94.438545,-94.413545,-94.388545,-94.363545,-94.338545,-94.313545,-94.288545,-94.263545,-94.238545,-94.213545,-94.188545,-94.163545,-94.138545,-94.113545,-94.088545,-94.063545,-94.038545,-94.013545,-93.988545,-93.963545,-93.938545,-93.913545,-93.888545,-93.863545,-93.838545,-93.813545
cqi_ul: 0., 0., 0., 0., 0., 0., 0., 0., 0., 0., 0., 0., 0., 0., 0., 0., 0., 0., 0., 0.,40., 0., 0., 0., 0., 0., 0., 0., 0., 0., 0., 0., 0., 0., 0., 0., 0., 0., 0., 0.
cqi_ul_bin_edges:-0.5  ,-0.475,-0.45 ,-0.425,-0.4  ,-0.375,-0.35 ,-0.325,-0.3  ,-0.275,-0.25 ,-0.225,-0.2  ,-0.175,-0.15 ,-0.125,-0.1  ,-0.075,-0.05 ,-0.025, 0.   , 0.025, 0.05 , 0.075, 0.1  , 0.125, 0.15 , 0.175, 0.2  , 0.225, 0.25 , 0.275, 0.3  , 0.325, 0.35 , 0.375, 0.4  , 0.425, 0.45 , 0.475, 0.5  
cqi_dl: 0., 0., 0., 0., 0., 0., 0., 0., 0., 0., 0., 0., 0., 0., 0., 0., 0., 0., 0., 0.,40., 0., 0., 0., 0., 0., 0., 0., 0., 0., 0., 0., 0., 0., 0., 0., 0., 0., 0., 0.
cqi_dl_bin_edges:14.5  ,14.525,14.55 ,14.575,14.6  ,14.625,14.65 ,14.675,14.7  ,14.725,14.75 ,14.775,14.8  ,14.825,14.85 ,14.875,14.9  ,14.925,14.95 ,14.975,15.   ,15.025,15.05 ,15.075,15.1  ,15.125,15.15 ,15.175,15.2  ,15.225,15.25 ,15.275,15.3  ,15.325,15.35 ,15.375,15.4  ,15.425,15.45 ,15.475,15.5  
mcs_ul: 0., 0., 0., 0., 0., 0., 0., 0., 0., 0., 0., 0., 0., 0., 0., 0., 0., 0., 0., 0.,40., 0., 0., 0., 0., 0., 0., 0., 0., 0., 0., 0., 0., 0., 0., 0., 0., 0., 0., 0.
mcs_ul_bin_edges:-0.5  ,-0.475,-0.45 ,-0.425,-0.4  ,-0.375,-0.35 ,-0.325,-0.3  ,-0.275,-0.25 ,-0.225,-0.2  ,-0.175,-0.15 ,-0.125,-0.1  ,-0.075,-0.05 ,-0.025, 0.   , 0.025, 0.05 , 0.075, 0.1  , 0.125, 0.15 , 0.175, 0.2  , 0.225, 0.25 , 0.275, 0.3  , 0.325, 0.35 , 0.375, 0.4  , 0.425, 0.45 , 0.475, 0.5  
mcs_dl: 0., 0., 0., 0., 0., 0., 0., 0., 0., 0., 0., 0., 0., 0., 0., 0., 0., 0., 0., 0.,40., 0., 0., 0., 0., 0., 0., 0., 0., 0., 0., 0., 0., 0., 0., 0., 0., 0., 0., 0.
mcs_dl_bin_edges:27.5  ,27.525,27.55 ,27.575,27.6  ,27.625,27.65 ,27.675,27.7  ,27.725,27.75 ,27.775,27.8  ,27.825,27.85 ,27.875,27.9  ,27.925,27.95 ,27.975,28.   ,28.025,28.05 ,28.075,28.1  ,28.125,28.15 ,28.175,28.2  ,28.225,28.25 ,28.275,28.3  ,28.325,28.35 ,28.375,28.4  ,28.425,28.45 ,28.475,28.5  
eff_ul: 0., 0., 0., 0., 0., 0., 0., 0., 0., 0., 0., 0., 0., 0., 0., 0., 0., 0., 0., 0.,40., 0., 0., 0., 0., 0., 0., 0., 0., 0., 0., 0., 0., 0., 0., 0., 0., 0., 0., 0.
eff_ul_bin_edges:-0.5  ,-0.475,-0.45 ,-0.425,-0.4  ,-0.375,-0.35 ,-0.325,-0.3  ,-0.275,-0.25 ,-0.225,-0.2  ,-0.175,-0.15 ,-0.125,-0.1  ,-0.075,-0.05 ,-0.025, 0.   , 0.025, 0.05 , 0.075, 0.1  , 0.125, 0.15 , 0.175, 0.2  , 0.225, 0.25 , 0.275, 0.3  , 0.325, 0.35 , 0.375, 0.4  , 0.425, 0.45 , 0.475, 0.5  
eff_dl: 0., 0., 0., 0., 0., 0., 0., 0., 0., 0., 0., 0., 0., 0., 0., 0., 0., 0., 0., 0.,40., 0., 0., 0., 0., 0., 0., 0., 0., 0., 0., 0., 0., 0., 0., 0., 0., 0., 0., 0.
eff_dl_bin_edges:6.9062796,6.9312796,6.9562796,6.9812796,7.0062796,7.0312796,7.0562796,7.0812796,7.1062796,7.1312796,7.1562796,7.1812796,7.2062796,7.2312796,7.2562796,7.2812796,7.3062796,7.3312796,7.3562796,7.3812796,7.4062796,7.4312796,7.4562796,7.4812796,7.5062796,7.5312796,7.5562796,7.5812796,7.6062796,7.6312796,7.6562796,7.6812796,7.7062796,7.7312796,7.7562796,7.7812796,7.8062796,7.8312796,7.8562796,7.8812796,7.9062796
rul: 0., 0., 0., 0., 0., 0., 0., 0., 0., 0., 0., 0., 0., 0., 0., 0., 0., 0., 0., 0.,40., 0., 0., 0., 0., 0., 0., 0., 0., 0., 0., 0., 0., 0., 0., 0., 0., 0., 0., 0.
rul_bin_edges:-0.5  ,-0.475,-0.45 ,-0.425,-0.4  ,-0.375,-0.35 ,-0.325,-0.3  ,-0.275,-0.25 ,-0.225,-0.2  ,-0.175,-0.15 ,-0.125,-0.1  ,-0.075,-0.05 ,-0.025, 0.   , 0.025, 0.05 , 0.075, 0.1  , 0.125, 0.15 , 0.175, 0.2  , 0.225, 0.25 , 0.275, 0.3  , 0.325, 0.35 , 0.375, 0.4  , 0.425, 0.45 , 0.475, 0.5  
rdl:1.77435916e-02,0.00000000e+00,0.00000000e+00,0.00000000e+00,0.00000000e+00,0.00000000e+00,0.00000000e+00,0.00000000e+00,0.00000000e+00,0.00000000e+00,0.00000000e+00,0.00000000e+00,0.00000000e+00,1.26896423e-02,0.00000000e+00,0.00000000e+00,0.00000000e+00,0.00000000e+00,0.00000000e+00,0.00000000e+00,0.00000000e+00,0.00000000e+00,0.00000000e+00,0.00000000e+00,0.00000000e+00,1.52135742e-06,1.26896423e-02,0.00000000e+00,0.00000000e+00,0.00000000e+00,0.00000000e+00,0.00000000e+00,0.00000000e+00,0.00000000e+00,0.00000000e+00,0.00000000e+00,0.00000000e+00,0.00000000e+00,0.00000000e+00,2.51784653e-03
rdl_bin_edges:  0.       , 21.9095275, 43.819055 , 65.7285825, 87.63811  ,109.5476375,131.457165 ,153.3666925,175.27622  ,197.1857475,219.095275 ,241.0048025,262.91433  ,284.8238575,306.733385 ,328.6429125,350.55244  ,372.4619675,394.371495 ,416.2810225,438.19055  ,460.1000775,482.009605 ,503.9191325,525.82866  ,547.7381875,569.647715 ,591.5572425,613.46677  ,635.3762975,657.285825 ,679.1953525,701.10488  ,723.0144075,744.923935 ,766.8334625,788.74299  ,810.6525175,832.562045 ,854.4715725,876.3811   
lul: 0., 0., 0., 0., 0., 0., 0., 0., 0., 0., 0., 0., 0., 0., 0., 0., 0., 0., 0., 0.,40., 0., 0., 0., 0., 0., 0., 0., 0., 0., 0., 0., 0., 0., 0., 0., 0., 0., 0., 0.
lul_bin_edges:-0.5  ,-0.475,-0.45 ,-0.425,-0.4  ,-0.375,-0.35 ,-0.325,-0.3  ,-0.275,-0.25 ,-0.225,-0.2  ,-0.175,-0.15 ,-0.125,-0.1  ,-0.075,-0.05 ,-0.025, 0.   , 0.025, 0.05 , 0.075, 0.1  , 0.125, 0.15 , 0.175, 0.2  , 0.225, 0.25 , 0.275, 0.3  , 0.325, 0.35 , 0.375, 0.4  , 0.425, 0.45 , 0.475, 0.5  
ldl:1410.63352883,   0.        ,   0.        ,   0.        ,   0.        ,   0.        ,   0.        ,   0.        ,   0.        ,   0.        ,   0.        ,   0.        ,   0.        ,   0.        ,   0.        ,   0.        ,   0.        ,   0.        ,   0.        ,   0.        ,   0.        ,   0.        ,   0.        ,   0.        ,   0.        ,   0.        ,   0.        ,   0.        ,   0.        ,   0.        ,   0.        ,   0.        ,   0.        ,   0.        ,   0.        ,   0.        ,1418.85809198,   0.        , 200.17135302, 598.94171609
ldl_bin_edges:0.        ,0.00027559,0.00055118,0.00082676,0.00110235,0.00137794,0.00165353,0.00192912,0.0022047 ,0.00248029,0.00275588,0.00303147,0.00330706,0.00358264,0.00385823,0.00413382,0.00440941,0.004685  ,0.00496058,0.00523617,0.00551176,0.00578735,0.00606294,0.00633852,0.00661411,0.0068897 ,0.00716529,0.00744088,0.00771646,0.00799205,0.00826764,0.00854323,0.00881882,0.0090944 ,0.00936999,0.00964558,0.00992117,0.01019676,0.01047234,0.01074793,0.01102352
ilul: 0., 0., 0., 0., 0., 0., 0., 0., 0., 0., 0., 0., 0., 0., 0., 0., 0., 0., 0., 0.,40., 0., 0., 0., 0., 0., 0., 0., 0., 0., 0., 0., 0., 0., 0., 0., 0., 0., 0., 0.
ilul_bin_edges:-0.5  ,-0.475,-0.45 ,-0.425,-0.4  ,-0.375,-0.35 ,-0.325,-0.3  ,-0.275,-0.25 ,-0.225,-0.2  ,-0.175,-0.15 ,-0.125,-0.1  ,-0.075,-0.05 ,-0.025, 0.   , 0.025, 0.05 , 0.075, 0.1  , 0.125, 0.15 , 0.175, 0.2  , 0.225, 0.25 , 0.275, 0.3  , 0.325, 0.35 , 0.375, 0.4  , 0.425, 0.45 , 0.475, 0.5  
ildl:3.36245741e+02,0.00000000e+00,0.00000000e+00,0.00000000e+00,0.00000000e+00,0.00000000e+00,0.00000000e+00,0.00000000e+00,5.76602489e-02,4.61281991e-01,8.36073609e-01,9.22563982e-01,6.63092862e-01,7.49583235e-01,8.93733858e-01,9.51394107e-01,7.20753111e-01,7.78413360e-01,6.63092862e-01,9.51394107e-01,8.07243484e-01,7.49583235e-01,6.34262738e-01,1.15320498e+00,8.07243484e-01,7.49583235e-01,7.78413360e-01,7.78413360e-01,8.07243484e-01,8.07243484e-01,6.91922987e-01,8.93733858e-01,8.07243484e-01,7.49583235e-01,8.36073609e-01,8.93733858e-01,1.84224495e+01,1.98322426e+02,2.37560225e+02,5.27879579e+01
ildl_bin_edges:0.        ,0.00115616,0.00231232,0.00346848,0.00462464,0.0057808 ,0.00693696,0.00809312,0.00924928,0.01040544,0.01156159,0.01271775,0.01387391,0.01503007,0.01618623,0.01734239,0.01849855,0.01965471,0.02081087,0.02196703,0.02312319,0.02427935,0.02543551,0.02659167,0.02774783,0.02890399,0.03006015,0.03121631,0.03237247,0.03352863,0.03468478,0.03584094,0.0369971 ,0.03815326,0.03930942,0.04046558,0.04162174,0.0427779 ,0.04393406,0.04509022,0.04624638
eul:1.46345979e-04,0.00000000e+00,0.00000000e+00,0.00000000e+00,0.00000000e+00,0.00000000e+00,0.00000000e+00,0.00000000e+00,0.00000000e+00,0.00000000e+00,0.00000000e+00,0.00000000e+00,0.00000000e+00,0.00000000e+00,0.00000000e+00,0.00000000e+00,0.00000000e+00,0.00000000e+00,0.00000000e+00,0.00000000e+00,0.00000000e+00,0.00000000e+00,0.00000000e+00,0.00000000e+00,0.00000000e+00,0.00000000e+00,0.00000000e+00,0.00000000e+00,0.00000000e+00,7.70241993e-06,0.00000000e+00,0.00000000e+00,1.15536299e-05,2.32613082e-03,1.09539965e-01,3.48149381e-03,1.54048399e-05,3.85120997e-06,0.00000000e+00,7.70241993e-06
eul_bin_edges:  0.   ,  8.655, 17.31 , 25.965, 34.62 , 43.275, 51.93 , 60.585, 69.24 , 77.895, 86.55 , 95.205,103.86 ,112.515,121.17 ,129.825,138.48 ,147.135,155.79 ,164.445,173.1  ,181.755,190.41 ,199.065,207.72 ,216.375,225.03 ,233.685,242.34 ,250.995,259.65 ,268.305,276.96 ,285.615,294.27 ,302.925,311.58 ,320.235,328.89 ,337.545,346.2  
edl:0.12692719,0.        ,0.        ,0.        ,0.        ,0.        ,0.        ,0.        ,0.        ,0.        ,0.        ,0.        ,0.        ,0.        ,0.        ,0.        ,0.        ,0.        ,0.        ,0.        ,0.        ,0.        ,0.        ,0.        ,0.        ,0.        ,0.        ,0.        ,0.        ,0.        ,0.        ,0.        ,0.        ,0.        ,0.        ,0.        ,0.        ,0.        ,0.00039061,0.00289053
edl_bin_edges:  0.  ,  7.68, 15.36, 23.04, 30.72, 38.4 , 46.08, 53.76, 61.44, 69.12, 76.8 , 84.48, 92.16, 99.84,107.52,115.2 ,122.88,130.56,138.24,145.92,153.6 ,161.28,168.96,176.64,184.32,192.  ,199.68,207.36,215.04,222.72,230.4 ,238.08,245.76,253.44,261.12,268.8 ,276.48,284.16,291.84,299.52,307.2 
gul:1.25991806e-01,0.00000000e+00,0.00000000e+00,0.00000000e+00,0.00000000e+00,0.00000000e+00,0.00000000e+00,0.00000000e+00,0.00000000e+00,0.00000000e+00,0.00000000e+00,0.00000000e+00,0.00000000e+00,0.00000000e+00,0.00000000e+00,0.00000000e+00,0.00000000e+00,0.00000000e+00,0.00000000e+00,0.00000000e+00,0.00000000e+00,0.00000000e+00,0.00000000e+00,0.00000000e+00,0.00000000e+00,0.00000000e+00,0.00000000e+00,0.00000000e+00,0.00000000e+00,0.00000000e+00,0.00000000e+00,4.20463226e-06,0.00000000e+00,0.00000000e+00,0.00000000e+00,0.00000000e+00,0.00000000e+00,1.34548232e-04,8.40926452e-06,4.20463226e-06
gul_bin_edges:  0.    ,  7.9275, 15.855 , 23.7825, 31.71  , 39.6375, 47.565 , 55.4925, 63.42  , 71.3475, 79.275 , 87.2025, 95.13  ,103.0575,110.985 ,118.9125,126.84  ,134.7675,142.695 ,150.6225,158.55  ,166.4775,174.405 ,182.3325,190.26  ,198.1875,206.115 ,214.0425,221.97  ,229.8975,237.825 ,245.7525,253.68  ,261.6075,269.535 ,277.4625,285.39  ,293.3175,301.245 ,309.1725,317.1   
gdl:2.91536594e-03,0.00000000e+00,0.00000000e+00,0.00000000e+00,0.00000000e+00,0.00000000e+00,0.00000000e+00,0.00000000e+00,0.00000000e+00,0.00000000e+00,0.00000000e+00,0.00000000e+00,0.00000000e+00,0.00000000e+00,0.00000000e+00,0.00000000e+00,0.00000000e+00,0.00000000e+00,0.00000000e+00,0.00000000e+00,0.00000000e+00,0.00000000e+00,0.00000000e+00,0.00000000e+00,0.00000000e+00,0.00000000e+00,0.00000000e+00,0.00000000e+00,0.00000000e+00,1.15536299e-05,0.00000000e+00,0.00000000e+00,1.15536299e-05,2.14512395e-03,1.06975059e-01,3.45068413e-03,1.92560498e-05,3.85120997e-06,0.00000000e+00,7.70241993e-06
gdl_bin_edges:  0.   ,  8.655, 17.31 , 25.965, 34.62 , 43.275, 51.93 , 60.585, 69.24 , 77.895, 86.55 , 95.205,103.86 ,112.515,121.17 ,129.825,138.48 ,147.135,155.79 ,164.445,173.1  ,181.755,190.41 ,199.065,207.72 ,216.375,225.03 ,233.685,242.34 ,250.995,259.65 ,268.305,276.96 ,285.615,294.27 ,302.925,311.58 ,320.235,328.89 ,337.545,346.2  
ri: 0., 0., 0., 0., 0., 0., 0., 0., 0., 0., 0., 0., 0., 0., 0., 0., 0., 0., 0., 0.,40., 0., 0., 0., 0., 0., 0., 0., 0., 0., 0., 0., 0., 0., 0., 0., 0., 0., 0., 0.
ri_bin_edges:0.5  ,0.525,0.55 ,0.575,0.6  ,0.625,0.65 ,0.675,0.7  ,0.725,0.75 ,0.775,0.8  ,0.825,0.85 ,0.875,0.9  ,0.925,0.95 ,0.975,1.   ,1.025,1.05 ,1.075,1.1  ,1.125,1.15 ,1.175,1.2  ,1.225,1.25 ,1.275,1.3  ,1.325,1.35 ,1.375,1.4  ,1.425,1.45 ,1.475,1.5  
