period:1
ue_log_freq:1000
mac_log_freq:1000
mimo_layers:2
frequency:2412000000.0
bandwidth:50000000
ue_speed:5.555555555555555
max_distance:1000
shannon_cfg_bandwidth_mhz:50.0
shannon_cfg_mimo_layers:2
shannon_cfg_bw_efficiency:0.67
shannon_cfg_sinr_offset_db:0
shannon_cfg_ul_divisor:2
shannon_cfg_sinr_sample_rate:1000
n_ue:5
sinr_period:9.463597741343282
sinr_rate:105.66805852612856
ul_fairness:0.8
dl_fairness:0.7994256327044071
ul_agg_throughput:0.006390292923076923
dl_agg_throughput:0.010418408723076922
ul_ave_throughput:0.0012780585846153846
dl_ave_throughput:0.0020836817446153845
ul_se:0.00012780585846153844
dl_se:0.00020836817446153843
ul_ase:4.068186826051396e-11
dl_ase:6.632564989717654e-11
ul_gr:0.005978512272707072, 0.005978512272707072, 0.005978512272707072, 0.005978512272707072, 0.005978512272707072
dl_gr:0.0027173157119048945, 0.0027173157119048945, 0.0027173157119048945, 0.0027173157119048945, 0.0027173157119048945
ul_tr:0.005450541804399757, 0.005450541848841732, 0.005450541965501917, 0.005450542476584635, 0.0
dl_tr:0.002648119462807622, 0.002648119459474474, 0.002648119452252653, 0.0026481194615299154, 0.0
ul_er:0.0, 0.0, 0.0, 0.0, 0.0
dl_er:0.0, 0.0, 0.0, 0.0, 0.0
ul_er_ratio:0.0, 0.0, 0.0, 0.0, 0.0
dl_er_ratio:0.0, 0.0, 0.0, 0.0, 0.0
ul_er_perc:0.0, 0.0, 0.0, 0.0, 0.0
dl_er_perc:0.0, 0.0, 0.0, 0.0, 0.0
ul_l:2.846109692794845e-05, 2.8467753197044607e-05, 2.815349592244875e-05, 2.797965480806622e-05, 0.0
dl_l:3.0147478851174934e-05, 3.0147478851174934e-05, 3.0147478851174934e-05, 3.014795564690851e-05, 0.0
ul_il:5.0569877301261046e-05, 5.0569877301261046e-05, 4.930878477306817e-05, 4.888154243097606e-05, 0.0
dl_il:3.6938933203710905e-05, 3.6897185773012604e-05, 3.6855438342314315e-05, 3.6486258352313754e-05, 0.0
sinr_ul:0.14120559,0.        ,0.        ,0.        ,0.        ,0.        ,0.        ,0.        ,0.        ,0.        ,0.        ,0.        ,0.        ,0.        ,0.        ,0.        ,0.        ,0.        ,0.        ,0.        ,0.        ,0.        ,0.        ,0.        ,0.        ,0.        ,0.        ,0.        ,0.        ,0.        ,0.        ,0.        ,0.        ,0.14120559,0.14120559,0.14120559,0.        ,0.        ,0.        ,0.14120559
sinr_ul_bin_edges:-10.952339  , -9.53596453, -8.11959005, -6.70321557, -5.2868411 , -3.87046663, -2.45409215, -1.03771767,  0.3786568 ,  1.79503127,  3.21140575,  4.62778023,  6.0441547 ,  7.46052917,  8.87690365, 10.29327812, 11.7096526 , 13.12602708, 14.54240155, 15.95877603, 17.3751505 , 18.79152498, 20.20789945, 21.62427392, 23.0406484 , 24.45702287, 25.87339735, 27.28977182, 28.7061463 , 30.12252077, 31.53889525, 32.95526973, 34.3716442 , 35.78801867, 37.20439315, 38.62076762, 40.0371421 , 41.45351658, 42.86989105, 44.28626552, 45.70264   
sinr_dl:0.14120658,0.        ,0.        ,0.        ,0.        ,0.        ,0.        ,0.        ,0.        ,0.        ,0.        ,0.        ,0.        ,0.        ,0.        ,0.        ,0.        ,0.        ,0.        ,0.        ,0.        ,0.        ,0.        ,0.        ,0.        ,0.        ,0.        ,0.        ,0.        ,0.        ,0.        ,0.        ,0.        ,0.14120658,0.14120658,0.14120658,0.        ,0.        ,0.        ,0.14120658
sinr_dl_bin_edges:-5.0120525 ,-3.59568794,-2.17932338,-0.76295881, 0.65340575, 2.06977031, 3.48613488, 4.90249944, 6.318864  , 7.73522856, 9.15159313,10.56795769,11.98432225,13.40068681,14.81705138,16.23341594,17.6497805 ,19.06614506,20.48250963,21.89887419,23.31523875,24.73160331,26.14796788,27.56433244,28.980697  ,30.39706156,31.81342613,33.22979069,34.64615525,36.06251981,37.47888437,38.89524894,40.3116135 ,41.72797806,43.14434263,44.56070719,45.97707175,47.39343631,48.80980088,50.22616544,51.64253   
rsrp_ul:0.14121123,0.        ,0.        ,0.        ,0.        ,0.        ,0.        ,0.        ,0.        ,0.        ,0.        ,0.        ,0.        ,0.        ,0.        ,0.        ,0.        ,0.        ,0.        ,0.        ,0.        ,0.        ,0.        ,0.        ,0.        ,0.        ,0.        ,0.        ,0.        ,0.        ,0.        ,0.        ,0.        ,0.14121123,0.14121123,0.14121123,0.        ,0.        ,0.        ,0.14121123
rsrp_ul_bin_edges:-139.74542 ,-138.329102,-136.912784,-135.496466,-134.080148,-132.66383 ,-131.247512,-129.831194,-128.414876,-126.998558,-125.58224 ,-124.165922,-122.749604,-121.333286,-119.916968,-118.50065 ,-117.084332,-115.668014,-114.251696,-112.835378,-111.41906 ,-110.002742,-108.586424,-107.170106,-105.753788,-104.33747 ,-102.921152,-101.504834,-100.088516, -98.672198, -97.25588 , -95.839562, -94.423244, -93.006926, -91.590608, -90.17429 , -88.757972, -87.341654, -85.925336, -84.509018, -83.0927  
rsrp_dl:0.14121123,0.        ,0.        ,0.        ,0.        ,0.        ,0.        ,0.        ,0.        ,0.        ,0.        ,0.        ,0.        ,0.        ,0.        ,0.        ,0.        ,0.        ,0.        ,0.        ,0.        ,0.        ,0.        ,0.        ,0.        ,0.        ,0.        ,0.        ,0.        ,0.        ,0.        ,0.        ,0.        ,0.14121123,0.14121123,0.14121123,0.        ,0.        ,0.        ,0.14121123
rsrp_dl_bin_edges:-139.74542 ,-138.329102,-136.912784,-135.496466,-134.080148,-132.66383 ,-131.247512,-129.831194,-128.414876,-126.998558,-125.58224 ,-124.165922,-122.749604,-121.333286,-119.916968,-118.50065 ,-117.084332,-115.668014,-114.251696,-112.835378,-111.41906 ,-110.002742,-108.586424,-107.170106,-105.753788,-104.33747 ,-102.921152,-101.504834,-100.088516, -98.672198, -97.25588 , -95.839562, -94.423244, -93.006926, -91.590608, -90.17429 , -88.757972, -87.341654, -85.925336, -84.509018, -83.0927  
cqi_ul:0.53333333,0.        ,0.        ,0.        ,0.        ,0.        ,0.        ,0.        ,0.        ,0.        ,0.        ,0.        ,0.        ,0.        ,0.        ,0.        ,0.        ,0.        ,0.        ,0.        ,0.        ,0.        ,0.        ,0.        ,0.        ,0.        ,0.        ,0.        ,0.        ,0.        ,0.        ,0.        ,0.        ,0.        ,0.        ,0.        ,0.        ,0.        ,0.        ,2.13333333
cqi_ul_bin_edges: 0.   , 0.375, 0.75 , 1.125, 1.5  , 1.875, 2.25 , 2.625, 3.   , 3.375, 3.75 , 4.125, 4.5  , 4.875, 5.25 , 5.625, 6.   , 6.375, 6.75 , 7.125, 7.5  , 7.875, 8.25 , 8.625, 9.   , 9.375, 9.75 ,10.125,10.5  ,10.875,11.25 ,11.625,12.   ,12.375,12.75 ,13.125,13.5  ,13.875,14.25 ,14.625,15.   
cqi_dl:0.53333333,0.        ,0.        ,0.        ,0.        ,0.        ,0.        ,0.        ,0.        ,0.        ,0.        ,0.        ,0.        ,0.        ,0.        ,0.        ,0.        ,0.        ,0.        ,0.        ,0.        ,0.        ,0.        ,0.        ,0.        ,0.        ,0.        ,0.        ,0.        ,0.        ,0.        ,0.        ,0.        ,0.        ,0.        ,0.        ,0.        ,0.        ,0.        ,2.13333333
cqi_dl_bin_edges: 0.   , 0.375, 0.75 , 1.125, 1.5  , 1.875, 2.25 , 2.625, 3.   , 3.375, 3.75 , 4.125, 4.5  , 4.875, 5.25 , 5.625, 6.   , 6.375, 6.75 , 7.125, 7.5  , 7.875, 8.25 , 8.625, 9.   , 9.375, 9.75 ,10.125,10.5  ,10.875,11.25 ,11.625,12.   ,12.375,12.75 ,13.125,13.5  ,13.875,14.25 ,14.625,15.   
mcs_ul:0.28571429,0.        ,0.        ,0.        ,0.        ,0.        ,0.        ,0.        ,0.        ,0.        ,0.        ,0.        ,0.        ,0.        ,0.        ,0.        ,0.        ,0.        ,0.        ,0.        ,0.        ,0.        ,0.        ,0.        ,0.        ,0.        ,0.        ,0.        ,0.        ,0.        ,0.        ,0.        ,0.        ,0.        ,0.        ,0.        ,0.        ,0.        ,0.        ,1.14285714
mcs_ul_bin_edges: 0. , 0.7, 1.4, 2.1, 2.8, 3.5, 4.2, 4.9, 5.6, 6.3, 7. , 7.7, 8.4, 9.1, 9.8,10.5,11.2,11.9,12.6,13.3,14. ,14.7,15.4,16.1,16.8,17.5,18.2,18.9,19.6,20.3,21. ,21.7,22.4,23.1,23.8,24.5,25.2,25.9,26.6,27.3,28. 
mcs_dl:0.28571429,0.        ,0.        ,0.        ,0.        ,0.        ,0.        ,0.        ,0.        ,0.        ,0.        ,0.        ,0.        ,0.        ,0.        ,0.        ,0.        ,0.        ,0.        ,0.        ,0.        ,0.        ,0.        ,0.        ,0.        ,0.        ,0.        ,0.        ,0.        ,0.        ,0.        ,0.        ,0.        ,0.        ,0.        ,0.        ,0.        ,0.        ,0.        ,1.14285714
mcs_dl_bin_edges: 0. , 0.7, 1.4, 2.1, 2.8, 3.5, 4.2, 4.9, 5.6, 6.3, 7. , 7.7, 8.4, 9.1, 9.8,10.5,11.2,11.9,12.6,13.3,14. ,14.7,15.4,16.1,16.8,17.5,18.2,18.9,19.6,20.3,21. ,21.7,22.4,23.1,23.8,24.5,25.2,25.9,26.6,27.3,28. 
eff_ul:1.08016051,0.        ,0.        ,0.        ,0.        ,0.        ,0.        ,0.        ,0.        ,0.        ,0.        ,0.        ,0.        ,0.        ,0.        ,0.        ,0.        ,0.        ,0.        ,0.        ,0.        ,0.        ,0.        ,0.        ,0.        ,0.        ,0.        ,0.        ,0.        ,0.        ,0.        ,0.        ,0.        ,0.        ,0.        ,0.        ,0.        ,0.        ,0.        ,4.32064203
eff_ul_bin_edges:0.        ,0.18515767,0.37031534,0.555473  ,0.74063067,0.92578834,1.11094601,1.29610367,1.48126134,1.66641901,1.85157668,2.03673434,2.22189201,2.40704968,2.59220735,2.77736501,2.96252268,3.14768035,3.33283802,3.51799568,3.70315335,3.88831102,4.07346868,4.25862635,4.44378402,4.62894169,4.81409936,4.99925702,5.18441469,5.36957236,5.55473003,5.73988769,5.92504536,6.11020303,6.2953607 ,6.48051836,6.66567603,6.8508337 ,7.03599137,7.22114903,7.4063067 
eff_dl:1.08016051,0.        ,0.        ,0.        ,0.        ,0.        ,0.        ,0.        ,0.        ,0.        ,0.        ,0.        ,0.        ,0.        ,0.        ,0.        ,0.        ,0.        ,0.        ,0.        ,0.        ,0.        ,0.        ,0.        ,0.        ,0.        ,0.        ,0.        ,0.        ,0.        ,0.        ,0.        ,0.        ,0.        ,0.        ,0.        ,0.        ,0.        ,0.        ,4.32064203
eff_dl_bin_edges:0.        ,0.18515767,0.37031534,0.555473  ,0.74063067,0.92578834,1.11094601,1.29610367,1.48126134,1.66641901,1.85157668,2.03673434,2.22189201,2.40704968,2.59220735,2.77736501,2.96252268,3.14768035,3.33283802,3.51799568,3.70315335,3.88831102,4.07346868,4.25862635,4.44378402,4.62894169,4.81409936,4.99925702,5.18441469,5.36957236,5.55473003,5.73988769,5.92504536,6.11020303,6.2953607 ,6.48051836,6.66567603,6.8508337 ,7.03599137,7.22114903,7.4063067 
rul:7.55772549e+00,0.00000000e+00,3.36579549e-04,0.00000000e+00,0.00000000e+00,2.77678128e-03,3.36579549e-04,9.25593760e-04,0.00000000e+00,8.41448873e-05,1.68289775e-04,0.00000000e+00,1.68289775e-04,4.20724436e-04,4.37553414e-03,1.34631820e-03,0.00000000e+00,2.52434662e-04,0.00000000e+00,8.41448873e-05,0.00000000e+00,3.36579549e-04,3.36579549e-04,1.09388353e-03,5.04869324e-04,1.17802842e-03,3.36579549e-04,0.00000000e+00,0.00000000e+00,3.36579549e-04,0.00000000e+00,0.00000000e+00,0.00000000e+00,0.00000000e+00,0.00000000e+00,0.00000000e+00,0.00000000e+00,0.00000000e+00,0.00000000e+00,3.36579549e-04
rul_bin_edges:0.        ,0.13204004,0.26408007,0.39612011,0.52816014,0.66020017,0.79224021,0.92428025,1.05632028,1.18836031,1.32040035,1.45244039,1.58448042,1.71652045,1.84856049,1.98060053,2.11264056,2.2446806 ,2.37672063,2.50876067,2.6408007 ,2.77284073,2.90488077,3.0369208 ,3.16896084,3.30100088,3.43304091,3.56508095,3.69712098,3.82916101,3.96120105,4.09324108,4.22528112,4.35732116,4.48936119,4.62140122,4.75344126,4.88548129,5.01752133,5.14956137,5.2816014 
rdl:9.84882532e+00,2.63281845e-03,0.00000000e+00,1.64551153e-03,7.56935305e-03,0.00000000e+00,2.96192076e-03,2.52311768e-03,4.38803075e-04,0.00000000e+00,4.38803075e-04,4.38803075e-04,3.51042460e-03,8.77606150e-04,0.00000000e+00,0.00000000e+00,0.00000000e+00,0.00000000e+00,0.00000000e+00,4.38803075e-04,8.77606150e-04,0.00000000e+00,0.00000000e+00,0.00000000e+00,0.00000000e+00,0.00000000e+00,0.00000000e+00,0.00000000e+00,0.00000000e+00,0.00000000e+00,0.00000000e+00,0.00000000e+00,0.00000000e+00,0.00000000e+00,0.00000000e+00,0.00000000e+00,0.00000000e+00,0.00000000e+00,0.00000000e+00,4.38803075e-04
rdl_bin_edges:0.     ,0.10128,0.20256,0.30384,0.40512,0.5064 ,0.60768,0.70896,0.81024,0.91152,1.0128 ,1.11408,1.21536,1.31664,1.41792,1.5192 ,1.62048,1.72176,1.82304,1.92432,2.0256 ,2.12688,2.22816,2.32944,2.43072,2.532  ,2.63328,2.73456,2.83584,2.93712,3.0384 ,3.13968,3.24096,3.34224,3.44352,3.5448 ,3.64608,3.74736,3.84864,3.94992,4.0512 
lul:9.78682236e+03,0.00000000e+00,0.00000000e+00,0.00000000e+00,0.00000000e+00,0.00000000e+00,0.00000000e+00,0.00000000e+00,0.00000000e+00,0.00000000e+00,0.00000000e+00,0.00000000e+00,0.00000000e+00,0.00000000e+00,0.00000000e+00,0.00000000e+00,0.00000000e+00,0.00000000e+00,0.00000000e+00,0.00000000e+00,0.00000000e+00,0.00000000e+00,0.00000000e+00,0.00000000e+00,0.00000000e+00,0.00000000e+00,0.00000000e+00,0.00000000e+00,0.00000000e+00,4.77395286e+01,1.31393198e+00,0.00000000e+00,0.00000000e+00,0.00000000e+00,1.64241498e+00,3.28482995e-01,2.18988663e-01,0.00000000e+00,9.85448986e-01,1.59861724e+01
lul_bin_edges:0.        ,0.00010147,0.00020294,0.00030441,0.00040588,0.00050735,0.00060883,0.0007103 ,0.00081177,0.00091324,0.00101471,0.00111618,0.00121765,0.00131912,0.00142059,0.00152206,0.00162354,0.00172501,0.00182648,0.00192795,0.00202942,0.00213089,0.00223236,0.00233383,0.0024353 ,0.00253677,0.00263824,0.00273972,0.00284119,0.00294266,0.00304413,0.0031456 ,0.00324707,0.00334854,0.00345001,0.00355148,0.00365295,0.00375443,0.0038559 ,0.00395737,0.00405884
ldl:9.85688327e+03,0.00000000e+00,0.00000000e+00,0.00000000e+00,0.00000000e+00,0.00000000e+00,0.00000000e+00,0.00000000e+00,0.00000000e+00,0.00000000e+00,0.00000000e+00,0.00000000e+00,0.00000000e+00,0.00000000e+00,0.00000000e+00,0.00000000e+00,0.00000000e+00,0.00000000e+00,0.00000000e+00,0.00000000e+00,0.00000000e+00,0.00000000e+00,0.00000000e+00,0.00000000e+00,0.00000000e+00,0.00000000e+00,0.00000000e+00,0.00000000e+00,0.00000000e+00,4.98663746e+01,1.76518140e+00,0.00000000e+00,0.00000000e+00,0.00000000e+00,4.41295350e-01,0.00000000e+00,0.00000000e+00,0.00000000e+00,4.41295350e-01,2.02995861e+01
ldl_bin_edges:0.        ,0.00010071,0.00020142,0.00030212,0.00040283,0.00050354,0.00060425,0.00070496,0.00080566,0.00090637,0.00100708,0.00110779,0.0012085 ,0.0013092 ,0.00140991,0.00151062,0.00161133,0.00171204,0.00181274,0.00191345,0.00201416,0.00211487,0.00221558,0.00231628,0.00241699,0.0025177 ,0.00261841,0.00271912,0.00281982,0.00292053,0.00302124,0.00312195,0.00322266,0.00332336,0.00342407,0.00352478,0.00362549,0.0037262 ,0.0038269 ,0.00392761,0.00402832
ilul:3.46701498e+03,0.00000000e+00,0.00000000e+00,0.00000000e+00,0.00000000e+00,0.00000000e+00,0.00000000e+00,0.00000000e+00,0.00000000e+00,0.00000000e+00,6.82681788e+00,0.00000000e+00,1.55154952e-01,3.87887380e+00,1.93943690e-01,0.00000000e+00,3.87887380e-02,2.05580311e+00,0.00000000e+00,0.00000000e+00,1.55154952e+00,1.55154952e-01,2.32732428e-01,0.00000000e+00,1.35760583e+00,0.00000000e+00,1.16366214e-01,2.21095806e+00,1.55154952e-01,1.16366214e-01,0.00000000e+00,2.63763418e+00,0.00000000e+00,0.00000000e+00,1.59033826e+00,1.55154952e-01,1.16366214e-01,0.00000000e+00,5.04253594e-01,1.16366214e-01
ilul_bin_edges:0.        ,0.00028644,0.00057287,0.00085931,0.00114574,0.00143218,0.00171862,0.00200505,0.00229149,0.00257792,0.00286436,0.0031508 ,0.00343723,0.00372367,0.00401011,0.00429654,0.00458298,0.00486941,0.00515585,0.00544229,0.00572872,0.00601516,0.00630159,0.00658803,0.00687447,0.0071609 ,0.00744734,0.00773377,0.00802021,0.00830665,0.00859308,0.00887952,0.00916595,0.00945239,0.00973883,0.01002526,0.0103117 ,0.01059813,0.01088457,0.01117101,0.01145744
ildl:4.96487883e+03,0.00000000e+00,0.00000000e+00,0.00000000e+00,0.00000000e+00,0.00000000e+00,0.00000000e+00,0.00000000e+00,0.00000000e+00,0.00000000e+00,0.00000000e+00,0.00000000e+00,0.00000000e+00,0.00000000e+00,6.66836935e+00,1.04471120e+01,0.00000000e+00,2.77848723e-01,0.00000000e+00,5.33469548e+00,3.77874263e+00,5.55697446e-02,0.00000000e+00,0.00000000e+00,2.22278978e+00,2.11165029e+00,0.00000000e+00,0.00000000e+00,0.00000000e+00,1.55595285e+00,2.66734774e+00,0.00000000e+00,0.00000000e+00,0.00000000e+00,4.44557956e-01,8.89115913e-01,0.00000000e+00,0.00000000e+00,0.00000000e+00,2.22278978e-01
ildl_bin_edges:0.        ,0.00019994,0.00039988,0.00059981,0.00079975,0.00099969,0.00119963,0.00139956,0.0015995 ,0.00179944,0.00199938,0.00219932,0.00239925,0.00259919,0.00279913,0.00299907,0.00319901,0.00339894,0.00359888,0.00379882,0.00399876,0.00419869,0.00439863,0.00459857,0.00479851,0.00499845,0.00519838,0.00539832,0.00559826,0.0057982 ,0.00599813,0.00619807,0.00639801,0.00659795,0.00679789,0.00699782,0.00719776,0.0073977 ,0.00759764,0.00779758,0.00799751
eul: 0., 0., 0., 0., 0., 0., 0., 0., 0., 0., 0., 0., 0., 0., 0., 0., 0., 0., 0., 0.,40., 0., 0., 0., 0., 0., 0., 0., 0., 0., 0., 0., 0., 0., 0., 0., 0., 0., 0., 0.
eul_bin_edges:-0.5  ,-0.475,-0.45 ,-0.425,-0.4  ,-0.375,-0.35 ,-0.325,-0.3  ,-0.275,-0.25 ,-0.225,-0.2  ,-0.175,-0.15 ,-0.125,-0.1  ,-0.075,-0.05 ,-0.025, 0.   , 0.025, 0.05 , 0.075, 0.1  , 0.125, 0.15 , 0.175, 0.2  , 0.225, 0.25 , 0.275, 0.3  , 0.325, 0.35 , 0.375, 0.4  , 0.425, 0.45 , 0.475, 0.5  
edl: 0., 0., 0., 0., 0., 0., 0., 0., 0., 0., 0., 0., 0., 0., 0., 0., 0., 0., 0., 0.,40., 0., 0., 0., 0., 0., 0., 0., 0., 0., 0., 0., 0., 0., 0., 0., 0., 0., 0., 0.
edl_bin_edges:-0.5  ,-0.475,-0.45 ,-0.425,-0.4  ,-0.375,-0.35 ,-0.325,-0.3  ,-0.275,-0.25 ,-0.225,-0.2  ,-0.175,-0.15 ,-0.125,-0.1  ,-0.075,-0.05 ,-0.025, 0.   , 0.025, 0.05 , 0.075, 0.1  , 0.125, 0.15 , 0.175, 0.2  , 0.225, 0.25 , 0.275, 0.3  , 0.325, 0.35 , 0.375, 0.4  , 0.425, 0.45 , 0.475, 0.5  
gul:3.77840962e+00,2.10426020e-04,1.47298214e-03,6.31278060e-04,0.00000000e+00,0.00000000e+00,0.00000000e+00,3.78766836e-03,0.00000000e+00,0.00000000e+00,2.10426020e-04,1.05213010e-03,1.26255612e-03,2.10426020e-04,2.10426020e-04,0.00000000e+00,0.00000000e+00,0.00000000e+00,0.00000000e+00,0.00000000e+00,2.10426020e-04,0.00000000e+00,0.00000000e+00,0.00000000e+00,0.00000000e+00,0.00000000e+00,0.00000000e+00,0.00000000e+00,0.00000000e+00,0.00000000e+00,0.00000000e+00,0.00000000e+00,0.00000000e+00,0.00000000e+00,0.00000000e+00,0.00000000e+00,0.00000000e+00,0.00000000e+00,0.00000000e+00,2.10426020e-04
gul_bin_edges: 0.   , 0.264, 0.528, 0.792, 1.056, 1.32 , 1.584, 1.848, 2.112, 2.376, 2.64 , 2.904, 3.168, 3.432, 3.696, 3.96 , 4.224, 4.488, 4.752, 5.016, 5.28 , 5.544, 5.808, 6.072, 6.336, 6.6  , 6.864, 7.128, 7.392, 7.656, 7.92 , 8.184, 8.448, 8.712, 8.976, 9.24 , 9.504, 9.768,10.032,10.296,10.56 
gdl:9.84344998e+00,3.29102306e-03,0.00000000e+00,0.00000000e+00,9.32456535e-03,0.00000000e+00,4.38803075e-03,2.74251922e-03,5.48503844e-04,0.00000000e+00,1.64551153e-03,0.00000000e+00,4.38803075e-03,1.64551153e-03,0.00000000e+00,0.00000000e+00,0.00000000e+00,0.00000000e+00,0.00000000e+00,5.48503844e-04,1.09700769e-03,0.00000000e+00,0.00000000e+00,0.00000000e+00,0.00000000e+00,0.00000000e+00,0.00000000e+00,0.00000000e+00,0.00000000e+00,0.00000000e+00,0.00000000e+00,0.00000000e+00,0.00000000e+00,0.00000000e+00,0.00000000e+00,0.00000000e+00,0.00000000e+00,0.00000000e+00,0.00000000e+00,5.48503844e-04
gdl_bin_edges:0.     ,0.10128,0.20256,0.30384,0.40512,0.5064 ,0.60768,0.70896,0.81024,0.91152,1.0128 ,1.11408,1.21536,1.31664,1.41792,1.5192 ,1.62048,1.72176,1.82304,1.92432,2.0256 ,2.12688,2.22816,2.32944,2.43072,2.532  ,2.63328,2.73456,2.83584,2.93712,3.0384 ,3.13968,3.24096,3.34224,3.44352,3.5448 ,3.64608,3.74736,3.84864,3.94992,4.0512 
ri: 0., 0., 0., 0., 0., 0., 0., 0., 0., 0., 0., 0., 0., 0., 0., 0., 0., 0., 0., 0.,40., 0., 0., 0., 0., 0., 0., 0., 0., 0., 0., 0., 0., 0., 0., 0., 0., 0., 0., 0.
ri_bin_edges:0.5  ,0.525,0.55 ,0.575,0.6  ,0.625,0.65 ,0.675,0.7  ,0.725,0.75 ,0.775,0.8  ,0.825,0.85 ,0.875,0.9  ,0.925,0.95 ,0.975,1.   ,1.025,1.05 ,1.075,1.1  ,1.125,1.15 ,1.175,1.2  ,1.225,1.25 ,1.275,1.3  ,1.325,1.35 ,1.375,1.4  ,1.425,1.45 ,1.475,1.5  
