period:1
ue_log_freq:1000
mac_log_freq:1000
mimo_layers:2
frequency:2412000000.0
bandwidth:50000000
ue_speed:5.555555555555555
max_distance:1000
shannon_cfg_bandwidth_mhz:50.0
shannon_cfg_mimo_layers:2
shannon_cfg_bw_efficiency:0.67
shannon_cfg_sinr_offset_db:0
shannon_cfg_ul_divisor:2
shannon_cfg_sinr_sample_rate:1000
n_ue:1
sinr_period:9.463597741343282
sinr_rate:105.66805852612856
ul_fairness:1.0
dl_fairness:1.0
ul_agg_throughput:1.9141271305355512
dl_agg_throughput:29.233630182128085
ul_ave_throughput:1.9141271305355512
dl_ave_throughput:29.233630182128085
ul_se:0.03828254261071102
dl_se:0.5846726036425617
ul_ase:1.2185711781241542e-08
dl_ase:1.8610706992024439e-07
ul_gr:0.45478371013574875
dl_gr:29.572601061657824
ul_tr:0.36687130665911116
dl_tr:29.47437582153482
ul_er:299.5399013341555
dl_er:270.4220839826335
ul_er_ratio:0.9987767154991911
dl_er_ratio:0.9017181601917492
ul_er_perc:99.87767154991911
dl_er_perc:90.17181601917493
ul_l:0.00043239667759852003
dl_l:0.004632913562624478
ul_il:0.6009962435804702
dl_il:0.2951100208759093
sinr_ul:0.00744067,0.02424828,0.02424828,0.02094971,0.02254864,0.03523933,0.04848398,0.04913866,0.03494976,0.03517638,0.03093356,0.05894624,0.09225931,0.11406514,0.12187092,0.09510464,0.04713685,0.05072499,0.03139939,0.02755945,0.02873031,0.04878614,0.03957028,0.02444972,0.03894078,0.06268546,0.05145521,0.03837423,0.02704326,0.03002708,0.02812599,0.02369433,0.01879683,0.01423926,0.01213673,0.01337055,0.02048388,0.00487232,0.00774283,0.00485973
sinr_ul_bin_edges:-17.089535,-16.427638,-15.765741,-15.103844,-14.441947,-13.78005 ,-13.118153,-12.456256,-11.794359,-11.132462,-10.470565, -9.808668, -9.146771, -8.484874, -7.822977, -7.16108 , -6.499183, -5.837286, -5.175389, -4.513492, -3.851595, -3.189698, -2.527801, -1.865904, -1.204007, -0.54211 ,  0.119787,  0.781684,  1.443581,  2.105478,  2.767375,  3.429272,  4.091169,  4.753066,  5.414963,  6.07686 ,  6.738757,  7.400654,  8.062551,  8.724448,  9.386345
sinr_dl:0.00404737,0.01365703,0.01063847,0.00951922,0.00937225,0.01978461,0.01999941,0.01549983,0.02318756,0.04292695,0.04744915,0.03635846,0.03496788,0.03131621,0.06284722,0.1000649 ,0.10309477,0.11789366,0.05813284,0.04782223,0.03572535,0.02794717,0.02906642,0.04809356,0.03633585,0.03015174,0.04521066,0.06575274,0.0372742 ,0.02934905,0.02946211,0.02792456,0.02281448,0.01918542,0.01101155,0.01347615,0.01756873,0.00934964,0.00724682,0.005144  
sinr_dl_bin_edges: 2.048248 , 2.7853468, 3.5224456, 4.2595444, 4.9966432, 5.733742 , 6.4708408, 7.2079396, 7.9450384, 8.6821372, 9.419236 ,10.1563348,10.8934336,11.6305324,12.3676312,13.10473  ,13.8418288,14.5789276,15.3160264,16.0531252,16.790224 ,17.5273228,18.2644216,19.0015204,19.7386192,20.475718 ,21.2128168,21.9499156,22.6870144,23.4241132,24.161212 ,24.8983108,25.6354096,26.3725084,27.1096072,27.846706 ,28.5838048,29.3209036,30.0580024,30.7951012,31.5322   
rsrp_ul:0.00744068,0.02426091,0.02423573,0.02094974,0.02256126,0.03522679,0.04848405,0.04913873,0.03494981,0.03517643,0.0309336 ,0.05897151,0.09224686,0.11405272,0.1218711 ,0.09510478,0.04714951,0.05071248,0.03139943,0.02755949,0.02873036,0.04878621,0.03957034,0.02444976,0.03894084,0.06268556,0.05145529,0.03837429,0.0270433 ,0.03002713,0.02812604,0.02369436,0.01879685,0.01423928,0.01213675,0.01337057,0.02048391,0.00487233,0.00774284,0.00485974
rsrp_ul_bin_edges:-136.18277 ,-135.520874,-134.858978,-134.197082,-133.535186,-132.87329 ,-132.211394,-131.549498,-130.887602,-130.225706,-129.56381 ,-128.901914,-128.240018,-127.578122,-126.916226,-126.25433 ,-125.592434,-124.930538,-124.268642,-123.606746,-122.94485 ,-122.282954,-121.621058,-120.959162,-120.297266,-119.63537 ,-118.973474,-118.311578,-117.649682,-116.987786,-116.32589 ,-115.663994,-115.002098,-114.340202,-113.678306,-113.01641 ,-112.354514,-111.692618,-111.030722,-110.368826,-109.70693 
rsrp_dl:0.00404737,0.01365705,0.01063848,0.00951923,0.00937226,0.01978463,0.01999944,0.01549985,0.02318759,0.04291569,0.0474605 ,0.0363585 ,0.03496792,0.03131624,0.06284729,0.1000537 ,0.10310619,0.11788248,0.0581442 ,0.04782228,0.03572539,0.0279472 ,0.02905514,0.04810492,0.03633589,0.03015178,0.04521071,0.0657415 ,0.03728555,0.02934909,0.02946214,0.02792459,0.02281451,0.01918544,0.01101156,0.01347616,0.01756875,0.00934965,0.00724683,0.005144  
rsrp_dl_bin_edges:-142.45421 ,-141.717112,-140.980014,-140.242916,-139.505818,-138.76872 ,-138.031622,-137.294524,-136.557426,-135.820328,-135.08323 ,-134.346132,-133.609034,-132.871936,-132.134838,-131.39774 ,-130.660642,-129.923544,-129.186446,-128.449348,-127.71225 ,-126.975152,-126.238054,-125.500956,-124.763858,-124.02676 ,-123.289662,-122.552564,-121.815466,-121.078368,-120.34127 ,-119.604172,-118.867074,-118.129976,-117.392878,-116.65578 ,-115.918682,-115.181584,-114.444486,-113.707388,-112.97029 
cqi_ul:18.16068199, 0.        , 0.        , 0.        , 0.        , 0.        , 0.        , 0.        , 0.        , 0.        , 0.        , 0.        , 0.        , 0.        , 0.        , 0.        , 0.        , 0.        , 0.        , 0.        , 1.56515362, 0.        , 0.        , 0.        , 0.        , 0.        , 0.        , 0.        , 0.        , 0.        , 0.        , 0.        , 0.        , 0.        , 0.        , 0.        , 0.        , 0.        , 0.        , 0.27416438
cqi_ul_bin_edges:0.  ,0.05,0.1 ,0.15,0.2 ,0.25,0.3 ,0.35,0.4 ,0.45,0.5 ,0.55,0.6 ,0.65,0.7 ,0.75,0.8 ,0.85,0.9 ,0.95,1.  ,1.05,1.1 ,1.15,1.2 ,1.25,1.3 ,1.35,1.4 ,1.45,1.5 ,1.55,1.6 ,1.65,1.7 ,1.75,1.8 ,1.85,1.9 ,1.95,2.  
cqi_dl:0.01825626,0.        ,0.        ,0.18248566,0.        ,0.        ,0.46268845,0.        ,0.        ,0.85301853,0.        ,0.        ,0.34243304,0.        ,0.        ,0.16971653,0.        ,0.        ,0.15953713,0.        ,0.        ,0.24297233,0.        ,0.        ,0.26104911,0.        ,0.        ,0.16984474,0.        ,0.        ,0.09369153,0.        ,0.        ,0.05505082,0.        ,0.        ,0.06261486,0.        ,0.        ,0.00356407
cqi_dl_bin_edges: 0.   , 0.325, 0.65 , 0.975, 1.3  , 1.625, 1.95 , 2.275, 2.6  , 2.925, 3.25 , 3.575, 3.9  , 4.225, 4.55 , 4.875, 5.2  , 5.525, 5.85 , 6.175, 6.5  , 6.825, 7.15 , 7.475, 7.8  , 8.125, 8.45 , 8.775, 9.1  , 9.425, 9.75 ,10.075,10.4  ,10.725,11.05 ,11.375,11.7  ,12.025,12.35 ,12.675,13.   
mcs_ul:39.45167124, 0.        , 0.        , 0.        , 0.        , 0.        , 0.        , 0.        , 0.        , 0.        , 0.        , 0.        , 0.        , 0.        , 0.        , 0.        , 0.        , 0.        , 0.        , 0.        , 0.        , 0.        , 0.        , 0.        , 0.        , 0.        , 0.        , 0.        , 0.        , 0.        , 0.        , 0.        , 0.        , 0.        , 0.        , 0.        , 0.        , 0.        , 0.        , 0.54832876
mcs_ul_bin_edges:0.   ,0.025,0.05 ,0.075,0.1  ,0.125,0.15 ,0.175,0.2  ,0.225,0.25 ,0.275,0.3  ,0.325,0.35 ,0.375,0.4  ,0.425,0.45 ,0.475,0.5  ,0.525,0.55 ,0.575,0.6  ,0.625,0.65 ,0.675,0.7  ,0.725,0.75 ,0.775,0.8  ,0.825,0.85 ,0.875,0.9  ,0.925,0.95 ,0.975,1.   
mcs_dl:0.11346282,0.12141928,0.        ,0.14010028,0.        ,0.18424484,0.29789607,0.        ,0.11639033,0.        ,0.07715878,0.        ,0.05149232,0.04443441,0.        ,0.04940539,0.        ,0.04076778,0.        ,0.05737633,0.07995586,0.        ,0.08934708,0.        ,0.05820241,0.        ,0.04930394,0.04669526,0.        ,0.0310867 ,0.        ,0.02186938,0.        ,0.01537668,0.015739  ,0.        ,0.02273894,0.        ,0.01265207,0.00201448
mcs_dl_bin_edges: 0.   , 0.575, 1.15 , 1.725, 2.3  , 2.875, 3.45 , 4.025, 4.6  , 5.175, 5.75 , 6.325, 6.9  , 7.475, 8.05 , 8.625, 9.2  , 9.775,10.35 ,10.925,11.5  ,12.075,12.65 ,13.225,13.8  ,14.375,14.95 ,15.525,16.1  ,16.675,17.25 ,17.825,18.4  ,18.975,19.55 ,20.125,20.7  ,21.275,21.85 ,22.425,23.   
eff_ul:96.343276  , 0.        , 0.        , 0.        , 0.        , 0.        , 0.        , 0.        , 0.        , 0.        , 0.        , 0.        , 0.        , 0.        , 0.        , 0.        , 0.        , 0.        , 0.        , 0.        , 0.        , 0.        , 0.        , 0.        , 8.30321392, 0.        , 0.        , 0.        , 0.        , 0.        , 0.        , 0.        , 0.        , 0.        , 0.        , 0.        , 0.        , 0.        , 0.        , 1.454455  
eff_ul_bin_edges:0.        ,0.00942499,0.01884997,0.02827496,0.03769995,0.04712493,0.05654992,0.06597491,0.07539989,0.08482488,0.09424987,0.10367485,0.11309984,0.12252483,0.13194981,0.1413748 ,0.15079979,0.16022477,0.16964976,0.17907475,0.18849974,0.19792472,0.20734971,0.2167747 ,0.22619968,0.23562467,0.24504966,0.25447464,0.26389963,0.27332462,0.2827496 ,0.29217459,0.30159958,0.31102456,0.32044955,0.32987454,0.33929952,0.34872451,0.3581495 ,0.36757448,0.37699947
eff_dl:0.03811573,0.3809967 ,0.44850223,0.51750669,0.        ,0.68056921,0.        ,1.10037757,0.        ,0.42992616,0.28501144,0.        ,0.19020392,0.16413319,0.        ,0.18249512,0.15058925,0.21193845,0.        ,0.29534338,0.        ,0.33003297,0.        ,0.21498985,0.        ,0.18212038,0.        ,0.17248439,0.        ,0.11482899,0.08078179,0.        ,0.05679886,0.        ,0.0581372 ,0.08399379,0.        ,0.0467346 ,0.        ,0.00744113
eff_dl_bin_edges:0.        ,0.15566497,0.31132994,0.4669949 ,0.62265987,0.77832484,0.9339898 ,1.08965477,1.24531974,1.40098471,1.55664968,1.71231464,1.86797961,2.02364458,2.17930955,2.33497451,2.49063948,2.64630445,2.80196941,2.95763438,3.11329935,3.26896432,3.42462928,3.58029425,3.73595922,3.89162419,4.04728915,4.20295412,4.35861909,4.51428406,4.66994903,4.82561399,4.98127896,5.13694393,5.29260889,5.44827386,5.60393883,5.7596038 ,5.91526877,6.07093373,6.2265987 
rul:1.55066302e+00,0.00000000e+00,0.00000000e+00,0.00000000e+00,0.00000000e+00,0.00000000e+00,0.00000000e+00,0.00000000e+00,0.00000000e+00,0.00000000e+00,1.85376912e-02,0.00000000e+00,3.41611601e-02,0.00000000e+00,0.00000000e+00,0.00000000e+00,0.00000000e+00,3.37294235e-03,0.00000000e+00,6.19272216e-03,0.00000000e+00,0.00000000e+00,0.00000000e+00,2.59041973e-03,2.75232096e-03,0.00000000e+00,0.00000000e+00,0.00000000e+00,0.00000000e+00,0.00000000e+00,0.00000000e+00,0.00000000e+00,0.00000000e+00,0.00000000e+00,0.00000000e+00,0.00000000e+00,0.00000000e+00,3.10310696e-04,0.00000000e+00,4.45228390e-04
rul_bin_edges: 0.        , 0.61765538, 1.23531075, 1.85296613, 2.4706215 , 3.08827688, 3.70593225, 4.32358763, 4.941243  , 5.55889838, 6.17655375, 6.79420913, 7.4118645 , 8.02951988, 8.64717525, 9.26483063, 9.882486  ,10.50014138,11.11779675,11.73545213,12.3531075 ,12.97076288,13.58841825,14.20607363,14.823729  ,15.44138438,16.05903975,16.67669513,17.2943505 ,17.91200587,18.52966125,19.14731663,19.764972  ,20.38262737,21.00028275,21.61793813,22.2355935 ,22.85324887,23.47090425,24.08855963,24.706215  
rdl:5.83275948e-02,7.27587502e-03,5.16109992e-03,7.95487513e-03,2.93097344e-03,2.59453194e-03,2.41276615e-03,2.25109945e-03,2.45908147e-03,2.37082019e-03,2.46869408e-03,1.48995519e-03,1.37547769e-03,1.25051371e-03,7.60270390e-04,6.48414517e-04,4.63153226e-04,1.15875694e-03,3.31198251e-04,2.27207243e-04,1.74774802e-06,2.32450487e-04,0.00000000e+00,1.63414440e-04,8.73874012e-07,1.14477496e-04,8.73874012e-07,1.36324346e-04,8.73874012e-07,9.08828973e-05,5.68018108e-05,8.73874012e-07,4.54414486e-05,0.00000000e+00,4.10720786e-05,3.84504565e-05,0.00000000e+00,2.62162204e-05,0.00000000e+00,2.62162204e-06
rdl_bin_edges:  0.       ,  9.5360015, 19.072003 , 28.6080045, 38.144006 , 47.6800075, 57.216009 , 66.7520105, 76.288012 , 85.8240135, 95.360015 ,104.8960165,114.432018 ,123.9680195,133.504021 ,143.0400225,152.576024 ,162.1120255,171.648027 ,181.1840285,190.72003  ,200.2560315,209.792033 ,219.3280345,228.864036 ,238.4000375,247.936039 ,257.4720405,267.008042 ,276.5440435,286.080045 ,295.6160465,305.152048 ,314.6880495,324.224051 ,333.7600525,343.296054 ,352.8320555,362.368057 ,371.9040585,381.44006  
lul:3454.7651976 ,   0.        ,   0.        ,   0.        ,   0.        ,   0.        ,   0.        ,   0.        ,   0.        ,   0.        ,   0.        ,   0.        ,   0.        ,   0.        ,   0.        ,   0.        ,   0.        ,   0.        ,   0.        ,   0.        ,   0.        ,   0.        ,   0.        ,   0.        ,   0.        ,   0.        ,   0.        ,   0.        ,   0.        ,   0.        ,   0.        ,   0.        ,   0.        ,   0.        ,   0.        ,   0.        , 108.96274245,  13.58652678,   0.        ,  29.7581007 
lul_bin_edges:0.        ,0.00027723,0.00055447,0.0008317 ,0.00110893,0.00138617,0.0016634 ,0.00194063,0.00221787,0.0024951 ,0.00277233,0.00304956,0.0033268 ,0.00360403,0.00388126,0.0041585 ,0.00443573,0.00471296,0.0049902 ,0.00526743,0.00554466,0.0058219 ,0.00609913,0.00637636,0.0066536 ,0.00693083,0.00720806,0.00748529,0.00776253,0.00803976,0.00831699,0.00859423,0.00887146,0.00914869,0.00942593,0.00970316,0.00998039,0.01025763,0.01053486,0.01081209,0.01108933
ldl:1.78188426e+03,0.00000000e+00,0.00000000e+00,0.00000000e+00,0.00000000e+00,0.00000000e+00,0.00000000e+00,0.00000000e+00,0.00000000e+00,0.00000000e+00,0.00000000e+00,0.00000000e+00,0.00000000e+00,0.00000000e+00,0.00000000e+00,0.00000000e+00,0.00000000e+00,0.00000000e+00,0.00000000e+00,0.00000000e+00,0.00000000e+00,0.00000000e+00,0.00000000e+00,0.00000000e+00,0.00000000e+00,0.00000000e+00,0.00000000e+00,0.00000000e+00,0.00000000e+00,0.00000000e+00,0.00000000e+00,0.00000000e+00,9.44131498e+02,4.60110960e+01,1.03842051e+02,3.62421712e+02,0.00000000e+00,2.69859800e-02,0.00000000e+00,2.69859800e-02
ldl_bin_edges:0.        ,0.0003088 ,0.0006176 ,0.0009264 ,0.0012352 ,0.001544  ,0.0018528 ,0.0021616 ,0.0024704 ,0.0027792 ,0.003088  ,0.0033968 ,0.0037056 ,0.0040144 ,0.0043232 ,0.004632  ,0.0049408 ,0.0052496 ,0.0055584 ,0.0058672 ,0.006176  ,0.00648479,0.00679359,0.00710239,0.00741119,0.00771999,0.00802879,0.00833759,0.00864639,0.00895519,0.00926399,0.00957279,0.00988159,0.01019039,0.01049919,0.01080799,0.01111679,0.01142559,0.01173439,0.01204319,0.01235199
ilul:1.39622619e+00,0.00000000e+00,1.85865459e-03,7.28884153e-05,0.00000000e+00,0.00000000e+00,0.00000000e+00,2.07731984e-03,0.00000000e+00,0.00000000e+00,4.73774700e-04,1.05931164e-02,9.76704766e-03,3.72945725e-03,6.43847669e-04,1.21480692e-05,1.19051078e-03,0.00000000e+00,2.27168894e-03,0.00000000e+00,1.46991638e-03,0.00000000e+00,1.21480692e-05,1.21480692e-05,0.00000000e+00,0.00000000e+00,6.55995738e-03,1.65213741e-03,0.00000000e+00,8.26068707e-04,3.87523408e-03,7.37387802e-03,1.21480692e-05,0.00000000e+00,0.00000000e+00,6.07403461e-04,3.53508814e-03,1.73717390e-03,0.00000000e+00,1.19051078e-03
ilul_bin_edges: 0.        , 0.68597435, 1.3719487 , 2.05792305, 2.7438974 , 3.42987175, 4.1158461 , 4.80182045, 5.4877948 , 6.17376915, 6.8597435 , 7.54571785, 8.2316922 , 8.91766655, 9.6036409 ,10.28961525,10.9755896 ,11.66156395,12.3475383 ,13.03351265,13.719487  ,14.40546135,15.0914357 ,15.77741005,16.4633844 ,17.14935875,17.8353331 ,18.52130745,19.2072818 ,19.89325615,20.5792305 ,21.26520485,21.9511792 ,22.63715355,23.3231279 ,24.00910225,24.6950766 ,25.38105095,26.0670253 ,26.75299965,27.438974  
ildl:8.89260655e+00,3.50023118e-03,7.07854443e-01,1.00645109e+00,6.87526178e-01,3.35079823e-01,3.18521037e-01,3.33060459e-01,4.13565776e-01,3.35483696e-01,8.80577390e-01,1.24662080e-01,1.25065952e-01,4.59741903e-01,1.26816068e-01,9.39677447e-02,8.75057794e-02,7.25624848e-02,7.70050859e-02,6.24656641e-02,9.15445077e-02,6.07155485e-02,7.14854906e-02,8.77750280e-02,9.96219643e-02,7.87552015e-02,3.59446817e-02,2.98865893e-02,4.02526585e-02,3.29829476e-02,8.64287852e-02,6.12540456e-02,2.78672251e-02,5.78884387e-03,4.84647394e-03,5.25034677e-03,1.22508091e-02,1.09045664e-01,4.37528897e-02,2.55786124e-02
ildl_bin_edges:0.        ,0.06190016,0.12380031,0.18570047,0.24760063,0.30950079,0.37140094,0.4333011 ,0.49520126,0.55710142,0.61900157,0.68090173,0.74280189,0.80470205,0.8666022 ,0.92850236,0.99040252,1.05230268,1.11420283,1.17610299,1.23800315,1.29990331,1.36180346,1.42370362,1.48560378,1.54750394,1.60940409,1.67130425,1.73320441,1.79510457,1.85700472,1.91890488,1.98080504,2.0427052 ,2.10460535,2.16650551,2.22840567,2.29030583,2.35220598,2.41410614,2.4760063 
eul:8.49014704e-05,0.00000000e+00,0.00000000e+00,4.61421035e-07,4.61421035e-07,4.61421035e-07,4.61421035e-07,0.00000000e+00,4.61421035e-07,0.00000000e+00,0.00000000e+00,0.00000000e+00,4.61421035e-07,2.30710517e-06,1.43040521e-05,1.11202469e-04,5.49427869e-02,1.27352206e-04,8.02872601e-05,2.30710517e-06,1.38426310e-06,0.00000000e+00,0.00000000e+00,0.00000000e+00,4.61421035e-07,0.00000000e+00,0.00000000e+00,0.00000000e+00,0.00000000e+00,0.00000000e+00,0.00000000e+00,0.00000000e+00,0.00000000e+00,0.00000000e+00,0.00000000e+00,0.00000000e+00,0.00000000e+00,0.00000000e+00,0.00000000e+00,9.22842070e-07
eul_bin_edges:  0.  , 18.06, 36.12, 54.18, 72.24, 90.3 ,108.36,126.42,144.48,162.54,180.6 ,198.66,216.72,234.78,252.84,270.9 ,288.96,307.02,325.08,343.14,361.2 ,379.26,397.32,415.38,433.44,451.5 ,469.56,487.62,505.68,523.74,541.8 ,559.86,577.92,595.98,614.04,632.1 ,650.16,668.22,686.28,704.34,722.4 
edl:5.45861084e-03,0.00000000e+00,0.00000000e+00,4.61421035e-07,4.61421035e-07,4.61421035e-07,4.61421035e-07,0.00000000e+00,4.61421035e-07,0.00000000e+00,0.00000000e+00,0.00000000e+00,4.61421035e-07,1.84568414e-06,1.33812100e-05,1.05203996e-04,4.95976856e-02,1.14432417e-04,7.19816814e-05,2.30710517e-06,1.38426310e-06,0.00000000e+00,0.00000000e+00,0.00000000e+00,4.61421035e-07,0.00000000e+00,0.00000000e+00,0.00000000e+00,0.00000000e+00,0.00000000e+00,0.00000000e+00,0.00000000e+00,0.00000000e+00,0.00000000e+00,0.00000000e+00,0.00000000e+00,0.00000000e+00,0.00000000e+00,0.00000000e+00,9.22842070e-07
edl_bin_edges:  0.  , 18.06, 36.12, 54.18, 72.24, 90.3 ,108.36,126.42,144.48,162.54,180.6 ,198.66,216.72,234.78,252.84,270.9 ,288.96,307.02,325.08,343.14,361.2 ,379.26,397.32,415.38,433.44,451.5 ,469.56,487.62,505.68,523.74,541.8 ,559.86,577.92,595.98,614.04,632.1 ,650.16,668.22,686.28,704.34,722.4 
gul:1.30392863e-01,0.00000000e+00,0.00000000e+00,0.00000000e+00,0.00000000e+00,0.00000000e+00,0.00000000e+00,0.00000000e+00,0.00000000e+00,0.00000000e+00,0.00000000e+00,0.00000000e+00,0.00000000e+00,0.00000000e+00,0.00000000e+00,0.00000000e+00,0.00000000e+00,0.00000000e+00,0.00000000e+00,0.00000000e+00,0.00000000e+00,0.00000000e+00,0.00000000e+00,0.00000000e+00,0.00000000e+00,0.00000000e+00,0.00000000e+00,0.00000000e+00,0.00000000e+00,0.00000000e+00,0.00000000e+00,0.00000000e+00,0.00000000e+00,0.00000000e+00,1.08824863e-06,0.00000000e+00,0.00000000e+00,1.08824863e-06,9.79423768e-06,1.86090516e-04
gul_bin_edges:  0.    ,  7.6575, 15.315 , 22.9725, 30.63  , 38.2875, 45.945 , 53.6025, 61.26  , 68.9175, 76.575 , 84.2325, 91.89  , 99.5475,107.205 ,114.8625,122.52  ,130.1775,137.835 ,145.4925,153.15  ,160.8075,168.465 ,176.1225,183.78  ,191.4375,199.095 ,206.7525,214.41  ,222.0675,229.725 ,237.3825,245.04  ,252.6975,260.355 ,268.0125,275.67  ,283.3275,290.985 ,298.6425,306.3   
gdl:1.09066443e-01,0.00000000e+00,0.00000000e+00,0.00000000e+00,0.00000000e+00,0.00000000e+00,0.00000000e+00,0.00000000e+00,0.00000000e+00,0.00000000e+00,0.00000000e+00,0.00000000e+00,0.00000000e+00,0.00000000e+00,0.00000000e+00,0.00000000e+00,0.00000000e+00,0.00000000e+00,0.00000000e+00,0.00000000e+00,0.00000000e+00,0.00000000e+00,0.00000000e+00,0.00000000e+00,0.00000000e+00,0.00000000e+00,0.00000000e+00,0.00000000e+00,0.00000000e+00,1.00825939e-06,0.00000000e+00,1.00825939e-06,4.03303758e-06,1.10908533e-05,0.00000000e+00,1.61321503e-04,1.16564869e-02,6.15038230e-05,2.01651879e-06,2.72230036e-05
gdl_bin_edges:  0.   ,  8.265, 16.53 , 24.795, 33.06 , 41.325, 49.59 , 57.855, 66.12 , 74.385, 82.65 , 90.915, 99.18 ,107.445,115.71 ,123.975,132.24 ,140.505,148.77 ,157.035,165.3  ,173.565,181.83 ,190.095,198.36 ,206.625,214.89 ,223.155,231.42 ,239.685,247.95 ,256.215,264.48 ,272.745,281.01 ,289.275,297.54 ,305.805,314.07 ,322.335,330.6  
ri:38.58501179, 0.        , 0.        , 0.        , 0.        , 0.        , 0.        , 0.        , 0.        , 0.        , 0.        , 0.        , 0.        , 0.        , 0.        , 0.        , 0.        , 0.        , 0.        , 0.        , 0.        , 0.        , 0.        , 0.        , 0.        , 0.        , 0.        , 0.        , 0.        , 0.        , 0.        , 0.        , 0.        , 0.        , 0.        , 0.        , 0.        , 0.        , 0.        , 1.41498821
ri_bin_edges:1.   ,1.025,1.05 ,1.075,1.1  ,1.125,1.15 ,1.175,1.2  ,1.225,1.25 ,1.275,1.3  ,1.325,1.35 ,1.375,1.4  ,1.425,1.45 ,1.475,1.5  ,1.525,1.55 ,1.575,1.6  ,1.625,1.65 ,1.675,1.7  ,1.725,1.75 ,1.775,1.8  ,1.825,1.85 ,1.875,1.9  ,1.925,1.95 ,1.975,2.   
