period:1
ue_log_freq:1000
mac_log_freq:1000
mimo_layers:2
frequency:2412000000.0
bandwidth:50000000
ue_speed:5.555555555555555
max_distance:1000
shannon_cfg_bandwidth_mhz:50.0
shannon_cfg_mimo_layers:2
shannon_cfg_bw_efficiency:0.67
shannon_cfg_sinr_offset_db:0
shannon_cfg_ul_divisor:2
shannon_cfg_sinr_sample_rate:1000
n_ue:1
sinr_period:9.463597741343282
sinr_rate:105.66805852612856
ul_fairness:1.0
dl_fairness:1.0
ul_agg_throughput:0.2565140004013356
dl_agg_throughput:20.6265676483597
ul_ave_throughput:0.2565140004013356
dl_ave_throughput:20.6265676483597
ul_se:0.005130280008026712
dl_se:0.412531352967194
ul_ase:1.6330188454459595e-09
dl_ase:1.313128080102327e-07
ul_gr:0.12153342466575334
dl_gr:15.468248917510826
ul_tr:0.12153342713672864
dl_tr:15.468250276823234
ul_er:0.0
dl_er:16.36021055789442
ul_er_ratio:0.0
dl_er_ratio:0.5140119920611784
ul_er_perc:0.0
dl_er_perc:51.401199206117845
ul_l:0.0005301082785162149
dl_l:0.0010434637257427427
ul_il:0.000530254576794232
dl_il:0.08444735687072827
sinr_ul:0.1649678 ,0.17568383,0.43837392,0.61975986,0.16211675,0.15690621,0.15484165,0.1576927 ,0.30329301,0.30014702,0.29867234,0.29768922,0.29768922,0.14599356,0.11669653,0.1148286 ,0.1156151 ,0.11433704,0.25443187,0.29473986,0.29100399,0.31155123,0.38381067,0.29631285,0.20389942,0.1964277 ,0.1956412 ,0.23781711,0.2409631 ,0.24882808,0.26996519,0.28707151,0.22385679,0.22936227,0.23162345,0.23388463,0.23614581,0.14766486,0.15572646,0.52528187
sinr_ul_bin_edges:17.425676 ,17.5273918,17.6291076,17.7308234,17.8325392,17.934255 ,18.0359708,18.1376866,18.2394024,18.3411182,18.442834 ,18.5445498,18.6462656,18.7479814,18.8496972,18.951413 ,19.0531288,19.1548446,19.2565604,19.3582762,19.459992 ,19.5617078,19.6634236,19.7651394,19.8668552,19.968571 ,20.0702868,20.1720026,20.2737184,20.3754342,20.47715  ,20.5788658,20.6805816,20.7822974,20.8840132,20.985729 ,21.0874448,21.1891606,21.2908764,21.3925922,21.494308 
sinr_dl:0.16496817,0.17548759,0.4384732 ,0.61985954,0.16221542,0.15670993,0.15494031,0.15769305,0.303392  ,0.29995106,0.298673  ,0.29778819,0.29778819,0.14589557,0.11659848,0.11492717,0.11561536,0.11423898,0.25453075,0.29474051,0.29100464,0.31155192,0.38381152,0.29631351,0.20389987,0.19642813,0.19564163,0.23781764,0.24086532,0.24882863,0.2700641 ,0.28707214,0.22385728,0.22936278,0.23162396,0.23388515,0.23604802,0.1477635 ,0.15562849,0.52538135
sinr_dl_bin_edges:27.186167  ,27.28788258,27.38959815,27.49131373,27.5930293 ,27.69474488,27.79646045,27.89817603,27.9998916 ,28.10160718,28.20332275,28.30503833,28.4067539 ,28.50846948,28.61018505,28.71190063,28.8136162 ,28.91533178,29.01704735,29.11876293,29.2204785 ,29.32219407,29.42390965,29.52562522,29.6273408 ,29.72905637,29.83077195,29.93248752,30.0342031 ,30.13591867,30.23763425,30.33934982,30.4410654 ,30.54278097,30.64449655,30.74621212,30.8479277 ,30.94964327,31.05135885,31.15307442,31.25479   
rsrp_ul:0.16496829,0.17568435,0.43837521,0.61976168,0.16221554,0.15680836,0.15494042,0.15759486,0.30329391,0.30014791,0.29867322,0.2976901 ,0.2976901 ,0.14599399,0.11669688,0.11482894,0.11561544,0.11433738,0.25443262,0.29474072,0.29100485,0.31155215,0.3838118 ,0.29631372,0.20380171,0.1966249 ,0.19554346,0.23781782,0.24076719,0.24902544,0.26996599,0.28707235,0.22385745,0.22946126,0.23152582,0.23388532,0.23604819,0.14776361,0.15562861,0.52538173
rsrp_ul_bin_edges:-90.09061  ,-89.9888945,-89.887179 ,-89.7854635,-89.683748 ,-89.5820325,-89.480317 ,-89.3786015,-89.276886 ,-89.1751705,-89.073455 ,-88.9717395,-88.870024 ,-88.7683085,-88.666593 ,-88.5648775,-88.463162 ,-88.3614465,-88.259731 ,-88.1580155,-88.0563   ,-87.9545845,-87.852869 ,-87.7511535,-87.649438 ,-87.5477225,-87.446007 ,-87.3442915,-87.242576 ,-87.1408605,-87.039145 ,-86.9374295,-86.835714 ,-86.7339985,-86.632283 ,-86.5305675,-86.428852 ,-86.3271365,-86.225421 ,-86.1237055,-86.02199  
rsrp_dl:0.16496829,0.17568435,0.43837521,0.61976168,0.16221554,0.15680836,0.15494042,0.15759486,0.30329391,0.30014791,0.29867322,0.2976901 ,0.2976901 ,0.14599399,0.11669688,0.11482894,0.11561544,0.11433738,0.25443262,0.29474072,0.29100485,0.31155215,0.3838118 ,0.29631372,0.20380171,0.1966249 ,0.19554346,0.23781782,0.24076719,0.24902544,0.26996599,0.28707235,0.22385745,0.22946126,0.23152582,0.23388532,0.23604819,0.14776361,0.15562861,0.52538173
rsrp_dl_bin_edges:-87.08031  ,-86.9785945,-86.876879 ,-86.7751635,-86.673448 ,-86.5717325,-86.470017 ,-86.3683015,-86.266586 ,-86.1648705,-86.063155 ,-85.9614395,-85.859724 ,-85.7580085,-85.656293 ,-85.5545775,-85.452862 ,-85.3511465,-85.249431 ,-85.1477155,-85.046    ,-84.9442845,-84.842569 ,-84.7408535,-84.639138 ,-84.5374225,-84.435707 ,-84.3339915,-84.232276 ,-84.1305605,-84.028845 ,-83.9271295,-83.825414 ,-83.7236985,-83.621983 ,-83.5202675,-83.418552 ,-83.3168365,-83.215121 ,-83.1134055,-83.01169  
cqi_ul: 0., 0., 0., 0., 0., 0., 0., 0., 0., 0., 0., 0., 0., 0., 0., 0., 0., 0., 0., 0.,40., 0., 0., 0., 0., 0., 0., 0., 0., 0., 0., 0., 0., 0., 0., 0., 0., 0., 0., 0.
cqi_ul_bin_edges:14.5  ,14.525,14.55 ,14.575,14.6  ,14.625,14.65 ,14.675,14.7  ,14.725,14.75 ,14.775,14.8  ,14.825,14.85 ,14.875,14.9  ,14.925,14.95 ,14.975,15.   ,15.025,15.05 ,15.075,15.1  ,15.125,15.15 ,15.175,15.2  ,15.225,15.25 ,15.275,15.3  ,15.325,15.35 ,15.375,15.4  ,15.425,15.45 ,15.475,15.5  
cqi_dl: 0., 0., 0., 0., 0., 0., 0., 0., 0., 0., 0., 0., 0., 0., 0., 0., 0., 0., 0., 0.,40., 0., 0., 0., 0., 0., 0., 0., 0., 0., 0., 0., 0., 0., 0., 0., 0., 0., 0., 0.
cqi_dl_bin_edges:14.5  ,14.525,14.55 ,14.575,14.6  ,14.625,14.65 ,14.675,14.7  ,14.725,14.75 ,14.775,14.8  ,14.825,14.85 ,14.875,14.9  ,14.925,14.95 ,14.975,15.   ,15.025,15.05 ,15.075,15.1  ,15.125,15.15 ,15.175,15.2  ,15.225,15.25 ,15.275,15.3  ,15.325,15.35 ,15.375,15.4  ,15.425,15.45 ,15.475,15.5  
mcs_ul: 0., 0., 0., 0., 0., 0., 0., 0., 0., 0., 0., 0., 0., 0., 0., 0., 0., 0., 0., 0.,40., 0., 0., 0., 0., 0., 0., 0., 0., 0., 0., 0., 0., 0., 0., 0., 0., 0., 0., 0.
mcs_ul_bin_edges:27.5  ,27.525,27.55 ,27.575,27.6  ,27.625,27.65 ,27.675,27.7  ,27.725,27.75 ,27.775,27.8  ,27.825,27.85 ,27.875,27.9  ,27.925,27.95 ,27.975,28.   ,28.025,28.05 ,28.075,28.1  ,28.125,28.15 ,28.175,28.2  ,28.225,28.25 ,28.275,28.3  ,28.325,28.35 ,28.375,28.4  ,28.425,28.45 ,28.475,28.5  
mcs_dl: 0., 0., 0., 0., 0., 0., 0., 0., 0., 0., 0., 0., 0., 0., 0., 0., 0., 0., 0., 0.,40., 0., 0., 0., 0., 0., 0., 0., 0., 0., 0., 0., 0., 0., 0., 0., 0., 0., 0., 0.
mcs_dl_bin_edges:27.5  ,27.525,27.55 ,27.575,27.6  ,27.625,27.65 ,27.675,27.7  ,27.725,27.75 ,27.775,27.8  ,27.825,27.85 ,27.875,27.9  ,27.925,27.95 ,27.975,28.   ,28.025,28.05 ,28.075,28.1  ,28.125,28.15 ,28.175,28.2  ,28.225,28.25 ,28.275,28.3  ,28.325,28.35 ,28.375,28.4  ,28.425,28.45 ,28.475,28.5  
eff_ul: 0., 0., 0., 0., 0., 0., 0., 0., 0., 0., 0., 0., 0., 0., 0., 0., 0., 0., 0., 0.,40., 0., 0., 0., 0., 0., 0., 0., 0., 0., 0., 0., 0., 0., 0., 0., 0., 0., 0., 0.
eff_ul_bin_edges:5.0545974,5.0795974,5.1045974,5.1295974,5.1545974,5.1795974,5.2045974,5.2295974,5.2545974,5.2795974,5.3045974,5.3295974,5.3545974,5.3795974,5.4045974,5.4295974,5.4545974,5.4795974,5.5045974,5.5295974,5.5545974,5.5795974,5.6045974,5.6295974,5.6545974,5.6795974,5.7045974,5.7295974,5.7545974,5.7795974,5.8045974,5.8295974,5.8545974,5.8795974,5.9045974,5.9295974,5.9545974,5.9795974,6.0045974,6.0295974,6.0545974
eff_dl: 0., 0., 0., 0., 0., 0., 0., 0., 0., 0., 0., 0., 0., 0., 0., 0., 0., 0., 0., 0.,40., 0., 0., 0., 0., 0., 0., 0., 0., 0., 0., 0., 0., 0., 0., 0., 0., 0., 0., 0.
eff_dl_bin_edges:5.0545974,5.0795974,5.1045974,5.1295974,5.1545974,5.1795974,5.2045974,5.2295974,5.2545974,5.2795974,5.3045974,5.3295974,5.3545974,5.3795974,5.4045974,5.4295974,5.4545974,5.4795974,5.5045974,5.5295974,5.5545974,5.5795974,5.6045974,5.6295974,5.6545974,5.6795974,5.7045974,5.7295974,5.7545974,5.7795974,5.8045974,5.8295974,5.8545974,5.8795974,5.9045974,5.9295974,5.9545974,5.9795974,6.0045974,6.0295974,6.0545974
rul:4.65299267e-01,5.12505701e-05,9.31828547e-06,6.52279983e-05,9.31828547e-05,1.86365709e-05,9.31828547e-06,1.39774282e-05,2.32957137e-05,7.45462838e-05,1.39774282e-05,2.32957137e-05,6.05688556e-05,2.79548564e-05,1.39774282e-05,1.86365709e-05,4.65914274e-06,0.00000000e+00,1.86365709e-05,4.65914274e-06,4.65914274e-05,4.65914274e-06,0.00000000e+00,0.00000000e+00,0.00000000e+00,0.00000000e+00,0.00000000e+00,0.00000000e+00,4.65914274e-06,0.00000000e+00,4.65914274e-06,0.00000000e+00,0.00000000e+00,0.00000000e+00,0.00000000e+00,4.65914274e-06,0.00000000e+00,0.00000000e+00,0.00000000e+00,9.31828547e-06
rul_bin_edges: 0.        , 2.14629613, 4.29259225, 6.43888838, 8.5851845 ,10.73148062,12.87777675,15.02407288,17.170369  ,19.31666513,21.46296125,23.60925738,25.7555535 ,27.90184963,30.04814575,32.19444188,34.340738  ,36.48703413,38.63333025,40.77962637,42.9259225 ,45.07221863,47.21851475,49.36481088,51.511107  ,53.65740313,55.80369925,57.94999538,60.0962915 ,62.24258763,64.38888375,66.53517987,68.681476  ,70.82777213,72.97406825,75.12036438,77.2666605 ,79.41295663,81.55925275,83.70554888,85.851845  
rdl:2.26049649e-01,6.31330785e-05,7.64242529e-05,9.96838081e-05,1.32911744e-05,6.64558721e-06,3.32279360e-05,3.32279360e-06,0.00000000e+00,3.32279360e-05,3.32279360e-06,1.99367616e-05,1.32911744e-05,8.38041775e-02,0.00000000e+00,0.00000000e+00,0.00000000e+00,0.00000000e+00,0.00000000e+00,0.00000000e+00,0.00000000e+00,0.00000000e+00,0.00000000e+00,3.32279360e-06,0.00000000e+00,0.00000000e+00,2.20334444e-02,0.00000000e+00,0.00000000e+00,0.00000000e+00,0.00000000e+00,0.00000000e+00,0.00000000e+00,0.00000000e+00,0.00000000e+00,0.00000000e+00,0.00000000e+00,0.00000000e+00,0.00000000e+00,2.65823488e-05
rdl_bin_edges:  0.        ,  3.00948575,  6.0189715 ,  9.02845725, 12.037943  , 15.04742875, 18.0569145 , 21.06640025, 24.075886  , 27.08537175, 30.0948575 , 33.10434325, 36.113829  , 39.12331475, 42.1328005 , 45.14228625, 48.151772  , 51.16125775, 54.1707435 , 57.18022925, 60.189715  , 63.19920075, 66.2086865 , 69.21817225, 72.227658  , 75.23714375, 78.2466295 , 81.25611525, 84.265601  , 87.27508675, 90.2845725 , 93.29405825, 96.303544  , 99.31302975,102.3225155 ,105.33200125,108.341487  ,111.35097275,114.3604585 ,117.36994425,120.37943   
lul:7.47988630e+03,0.00000000e+00,0.00000000e+00,0.00000000e+00,0.00000000e+00,0.00000000e+00,0.00000000e+00,0.00000000e+00,0.00000000e+00,0.00000000e+00,0.00000000e+00,0.00000000e+00,0.00000000e+00,0.00000000e+00,0.00000000e+00,0.00000000e+00,0.00000000e+00,0.00000000e+00,0.00000000e+00,0.00000000e+00,0.00000000e+00,0.00000000e+00,0.00000000e+00,0.00000000e+00,0.00000000e+00,0.00000000e+00,9.45761471e+02,5.60424801e+01,1.78479236e-01,2.23099045e+00,2.05251121e+00,7.99586977e+01,1.44568181e+01,8.92396180e-02,4.10502243e+00,3.37414996e+02,1.42783389e+00,2.67718854e-01,0.00000000e+00,1.78479236e-01
lul_bin_edges:0.        ,0.00011206,0.00022411,0.00033617,0.00044823,0.00056028,0.00067234,0.0007844 ,0.00089645,0.00100851,0.00112057,0.00123262,0.00134468,0.00145674,0.00156879,0.00168085,0.00179291,0.00190496,0.00201702,0.00212908,0.00224113,0.00235319,0.00246525,0.0025773 ,0.00268936,0.00280142,0.00291348,0.00302553,0.00313759,0.00324965,0.0033617 ,0.00347376,0.00358582,0.00369787,0.00380993,0.00392199,0.00403404,0.0041461 ,0.00425816,0.00437021,0.00448227
ldl:5.95330779e+03,0.00000000e+00,0.00000000e+00,0.00000000e+00,0.00000000e+00,0.00000000e+00,0.00000000e+00,0.00000000e+00,0.00000000e+00,0.00000000e+00,0.00000000e+00,0.00000000e+00,0.00000000e+00,0.00000000e+00,0.00000000e+00,0.00000000e+00,0.00000000e+00,0.00000000e+00,0.00000000e+00,0.00000000e+00,0.00000000e+00,0.00000000e+00,0.00000000e+00,0.00000000e+00,0.00000000e+00,0.00000000e+00,1.83757825e+03,7.19517795e+00,1.05295287e+00,4.38730363e-01,5.77281412e+02,4.12406541e+00,3.50984290e-01,2.63238218e-01,3.28082566e+02,6.49320937e+01,0.00000000e+00,0.00000000e+00,0.00000000e+00,8.77460726e-02
ldl_bin_edges:0.        ,0.00011396,0.00022793,0.00034189,0.00045586,0.00056982,0.00068378,0.00079775,0.00091171,0.00102568,0.00113964,0.0012536 ,0.00136757,0.00148153,0.0015955 ,0.00170946,0.00182343,0.00193739,0.00205135,0.00216532,0.00227928,0.00239325,0.00250721,0.00262117,0.00273514,0.0028491 ,0.00296307,0.00307703,0.00319099,0.00330496,0.00341892,0.00353289,0.00364685,0.00376081,0.00387478,0.00398874,0.00410271,0.00421667,0.00433063,0.0044446 ,0.00455856
ilul:6.68100824e+03,0.00000000e+00,0.00000000e+00,0.00000000e+00,0.00000000e+00,0.00000000e+00,0.00000000e+00,0.00000000e+00,0.00000000e+00,0.00000000e+00,0.00000000e+00,0.00000000e+00,0.00000000e+00,0.00000000e+00,0.00000000e+00,0.00000000e+00,0.00000000e+00,0.00000000e+00,0.00000000e+00,0.00000000e+00,0.00000000e+00,0.00000000e+00,0.00000000e+00,5.89364754e+02,3.04964775e+02,1.59417028e-01,2.15212988e+00,6.37668114e+01,9.80414725e+00,1.21156942e+01,3.98542571e-01,3.02573520e+02,3.58688314e+00,2.39125543e-01,0.00000000e+00,1.59417028e-01,7.97085142e-02,1.59417028e-01,7.97085142e-02,3.18834057e-01
ilul_bin_edges:0.        ,0.00012546,0.00025091,0.00037637,0.00050182,0.00062728,0.00075274,0.00087819,0.00100365,0.0011291 ,0.00125456,0.00138001,0.00150547,0.00163093,0.00175638,0.00188184,0.00200729,0.00213275,0.00225821,0.00238366,0.00250912,0.00263457,0.00276003,0.00288548,0.00301094,0.0031364 ,0.00326185,0.00338731,0.00351276,0.00363822,0.00376368,0.00388913,0.00401459,0.00414004,0.0042655 ,0.00439096,0.00451641,0.00464187,0.00476732,0.00489278,0.00501823
ildl:9.38561486e+01,3.60242365e-01,5.47897133e-02,2.71209081e-01,1.50671711e-02,1.78066568e-02,1.91763996e-02,2.60251138e-02,3.01343423e-02,5.20502276e-02,4.52015134e-02,4.65712563e-02,4.93107419e-02,4.65712563e-02,3.69830565e-02,5.20502276e-02,5.47897133e-02,4.10922850e-02,4.65712563e-02,4.65712563e-02,5.20502276e-02,3.83527993e-02,4.38317706e-02,5.20502276e-02,4.24620278e-02,3.97225421e-02,5.61594561e-02,4.93107419e-02,4.10922850e-02,4.93107419e-02,4.24620278e-02,3.97225421e-02,5.06804848e-02,8.49240556e-02,1.17797884e-01,3.43805451e-01,9.05400012e+00,1.36029161e+01,1.31015902e+01,4.90504908e+00
ildl_bin_edges:0.        ,0.00730057,0.01460114,0.0219017 ,0.02920227,0.03650284,0.04380341,0.05110397,0.05840454,0.06570511,0.07300568,0.08030624,0.08760681,0.09490738,0.10220795,0.10950851,0.11680908,0.12410965,0.13141021,0.13871078,0.14601135,0.15331192,0.16061249,0.16791305,0.17521362,0.18251419,0.18981476,0.19711532,0.20441589,0.21171646,0.21901703,0.22631759,0.23361816,0.24091873,0.2482193 ,0.25551986,0.26282043,0.270121  ,0.27742157,0.28472213,0.2920227 
eul: 0., 0., 0., 0., 0., 0., 0., 0., 0., 0., 0., 0., 0., 0., 0., 0., 0., 0., 0., 0.,40., 0., 0., 0., 0., 0., 0., 0., 0., 0., 0., 0., 0., 0., 0., 0., 0., 0., 0., 0.
eul_bin_edges:-0.5  ,-0.475,-0.45 ,-0.425,-0.4  ,-0.375,-0.35 ,-0.325,-0.3  ,-0.275,-0.25 ,-0.225,-0.2  ,-0.175,-0.15 ,-0.125,-0.1  ,-0.075,-0.05 ,-0.025, 0.   , 0.025, 0.05 , 0.075, 0.1  , 0.125, 0.15 , 0.175, 0.2  , 0.225, 0.25 , 0.275, 0.3  , 0.325, 0.35 , 0.375, 0.4  , 0.425, 0.45 , 0.475, 0.5  
edl:8.29118982e-02,1.81816364e-05,2.18179636e-05,6.72720546e-05,8.18173636e-05,5.90903182e-05,7.36356273e-05,2.89997100e-04,4.09086818e-05,1.57271155e-04,1.60998390e-03,1.53907552e-03,5.52721746e-04,1.49998500e-04,1.71816464e-04,4.18177636e-05,5.18176636e-05,4.99995000e-05,5.18176636e-05,6.18175636e-05,1.22726045e-04,1.39998600e-04,2.90906182e-05,4.72722546e-05,5.63630727e-05,1.92725345e-04,4.09995900e-04,9.61808564e-04,6.89084018e-04,1.87270855e-04,1.45453091e-05,8.18173636e-06,4.54540909e-06,4.54540909e-06,5.45449091e-06,9.09081818e-06,4.54540909e-06,7.27265455e-06,3.63632727e-06,8.18173636e-06
edl_bin_edges:  0., 11., 22., 33., 44., 55., 66., 77., 88., 99.,110.,121.,132.,143.,154.,165.,176.,187.,198.,209.,220.,231.,242.,253.,264.,275.,286.,297.,308.,319.,330.,341.,352.,363.,374.,385.,396.,407.,418.,429.,440.
gul:2.85471335e-01,2.85825759e-05,8.57477277e-05,2.00078031e-05,8.57477277e-06,7.14564397e-05,1.42912879e-05,4.28738638e-05,1.71495455e-05,1.71495455e-05,2.85825759e-06,2.28660607e-05,0.00000000e+00,2.85825759e-06,2.85825759e-06,0.00000000e+00,2.85825759e-06,2.85825759e-06,0.00000000e+00,0.00000000e+00,2.85825759e-06,0.00000000e+00,2.85825759e-06,0.00000000e+00,0.00000000e+00,0.00000000e+00,0.00000000e+00,0.00000000e+00,2.85825759e-06,0.00000000e+00,0.00000000e+00,0.00000000e+00,0.00000000e+00,0.00000000e+00,2.85825759e-06,0.00000000e+00,0.00000000e+00,0.00000000e+00,0.00000000e+00,2.85825759e-06
gul_bin_edges:  0.    ,  3.4986,  6.9972, 10.4958, 13.9944, 17.493 , 20.9916, 24.4902, 27.9888, 31.4874, 34.986 , 38.4846, 41.9832, 45.4818, 48.9804, 52.479 , 55.9776, 59.4762, 62.9748, 66.4734, 69.972 , 73.4706, 76.9692, 80.4678, 83.9664, 87.465 , 90.9636, 94.4622, 97.9608,101.4594,104.958 ,108.4566,111.9552,115.4538,118.9524,122.451 ,125.9496,129.4482,132.9468,136.4454,139.944 
gdl:6.70500241e-02,2.30558534e-05,7.27700372e-05,3.89067526e-05,3.17017984e-05,3.42235323e-04,1.72918900e-05,1.43378588e-04,4.52471122e-04,5.19477196e-04,2.01738717e-04,1.31130166e-04,5.90806242e-05,2.80993213e-05,6.48445876e-05,7.56520189e-05,7.78135051e-05,1.10235799e-04,7.06085509e-05,8.28569730e-05,4.06359416e-04,7.16172445e-04,9.71948318e-04,1.90210790e-04,2.16148625e-05,2.59378350e-05,1.51304038e-05,2.37763488e-05,1.65713946e-05,1.65713946e-05,2.95403121e-05,2.23353579e-05,0.00000000e+00,0.00000000e+00,0.00000000e+00,0.00000000e+00,0.00000000e+00,0.00000000e+00,0.00000000e+00,7.20495418e-07
gdl_bin_edges:  0.    , 13.8792, 27.7584, 41.6376, 55.5168, 69.396 , 83.2752, 97.1544,111.0336,124.9128,138.792 ,152.6712,166.5504,180.4296,194.3088,208.188 ,222.0672,235.9464,249.8256,263.7048,277.584 ,291.4632,305.3424,319.2216,333.1008,346.98  ,360.8592,374.7384,388.6176,402.4968,416.376 ,430.2552,444.1344,458.0136,471.8928,485.772 ,499.6512,513.5304,527.4096,541.2888,555.168 
ri: 0., 0., 0., 0., 0., 0., 0., 0., 0., 0., 0., 0., 0., 0., 0., 0., 0., 0., 0., 0.,40., 0., 0., 0., 0., 0., 0., 0., 0., 0., 0., 0., 0., 0., 0., 0., 0., 0., 0., 0.
ri_bin_edges:0.5  ,0.525,0.55 ,0.575,0.6  ,0.625,0.65 ,0.675,0.7  ,0.725,0.75 ,0.775,0.8  ,0.825,0.85 ,0.875,0.9  ,0.925,0.95 ,0.975,1.   ,1.025,1.05 ,1.075,1.1  ,1.125,1.15 ,1.175,1.2  ,1.225,1.25 ,1.275,1.3  ,1.325,1.35 ,1.375,1.4  ,1.425,1.45 ,1.475,1.5  
