period:1
ue_log_freq:1000
mac_log_freq:1000
mimo_layers:2
frequency:2412000000.0
bandwidth:50000000
ue_speed:5.555555555555555
max_distance:1000
shannon_cfg_bandwidth_mhz:50.0
shannon_cfg_mimo_layers:2
shannon_cfg_bw_efficiency:0.67
shannon_cfg_sinr_offset_db:0
shannon_cfg_ul_divisor:2
shannon_cfg_sinr_sample_rate:1000
n_ue:1
sinr_period:9.463597741343282
sinr_rate:105.66805852612856
ul_fairness:1.0
dl_fairness:1.0
ul_agg_throughput:0.25651400040133565
dl_agg_throughput:20.625604614087703
ul_ave_throughput:0.25651400040133565
dl_ave_throughput:20.625604614087703
ul_se:0.005130280008026713
dl_se:0.412512092281754
ul_ase:1.6330188454459597e-09
dl_ase:1.3130667714364249e-07
ul_gr:0.12153342466575334
dl_gr:15.467536284637156
ul_tr:0.12153342746672534
dl_tr:15.467537062781375
ul_er:0.0
dl_er:16.36092319076809
ul_er_ratio:0.0
dl_er_ratio:0.5140343912471714
ul_er_perc:0.0
dl_er_perc:51.403439124717146
ul_l:0.0005189740201577985
dl_l:0.0011437748256517436
ul_il:0.0005191030839621604
dl_il:0.09972984994766351
sinr_ul:0.03577208,0.0911034 ,0.25332785,0.35791309,0.13291442,0.06802464,0.05773536,0.12008648,0.09252659,0.10810476,0.04284956,0.02854073,0.04727299,0.04027244,0.04136868,0.03679139,0.00490424,0.00492347,0.00496193,0.01040467,0.02296337,0.02750219,0.02040547,0.01927076,0.01896305,0.01642438,0.01471271,0.0149435 ,0.01713598,0.03357959,0.0092315 ,0.00955845,0.01186633,0.01436653,0.02002082,0.0124433 ,0.01392418,0.01455885,0.01530891,0.01627053
sinr_ul_bin_edges:26.876013  ,27.39596643,27.91591985,28.43587327,28.9558267 ,29.47578012,29.99573355,30.51568698,31.0356404 ,31.55559382,32.07554725,32.59550067,33.1154541 ,33.63540752,34.15536095,34.67531437,35.1952678 ,35.71522123,36.23517465,36.75512808,37.2750815 ,37.79503492,38.31498835,38.83494177,39.3548952 ,39.87484862,40.39480205,40.91475547,41.4347089 ,41.95466233,42.47461575,42.99456917,43.5145226 ,44.03447603,44.55442945,45.07438287,45.5943363 ,46.11428972,46.63424315,47.15419658,47.67415   
sinr_dl:0.03577207,0.09110339,0.25344321,0.35779765,0.1329144 ,0.06802463,0.05773535,0.12008646,0.09252658,0.10812397,0.04283032,0.02854073,0.04727299,0.04027243,0.04136867,0.03679138,0.00490424,0.00492347,0.00496193,0.01040467,0.02296336,0.02750218,0.02040547,0.01927076,0.01896304,0.01644361,0.01471271,0.01492426,0.01713598,0.03357959,0.0092315 ,0.00955845,0.01186633,0.01436653,0.02002082,0.0124433 ,0.01392418,0.01455885,0.01530891,0.01627052
sinr_dl_bin_edges:36.61828  ,37.1382335,37.658187 ,38.1781405,38.698094 ,39.2180475,39.738001 ,40.2579545,40.777908 ,41.2978615,41.817815 ,42.3377685,42.857722 ,43.3776755,43.897629 ,44.4175825,44.937536 ,45.4574895,45.977443 ,46.4973965,47.01735  ,47.5373035,48.057257 ,48.5772105,49.097164 ,49.6171175,50.137071 ,50.6570245,51.176978 ,51.6969315,52.216885 ,52.7368385,53.256792 ,53.7767455,54.296699 ,54.8166525,55.336606 ,55.8565595,56.376513 ,56.8964665,57.41642  
rsrp_ul:0.0357721 ,0.09110345,0.25332798,0.35791328,0.13291449,0.06802468,0.05773539,0.12008654,0.09252664,0.10810481,0.04284959,0.02854075,0.04727302,0.04027246,0.0413687 ,0.03679141,0.00490424,0.00492347,0.00496194,0.01040468,0.02296338,0.0275022 ,0.02040548,0.01927077,0.01896306,0.01642439,0.01471272,0.0149435 ,0.01713599,0.03357961,0.00923151,0.00955846,0.01186634,0.01436654,0.02002083,0.0124433 ,0.01392419,0.01455886,0.01530892,0.01627053
rsrp_ul_bin_edges:-83.851746  ,-83.33179285,-82.8118397 ,-82.29188655,-81.7719334 ,-81.25198025,-80.7320271 ,-80.21207395,-79.6921208 ,-79.17216765,-78.6522145 ,-78.13226135,-77.6123082 ,-77.09235505,-76.5724019 ,-76.05244875,-75.5324956 ,-75.01254245,-74.4925893 ,-73.97263615,-73.452683  ,-72.93272985,-72.4127767 ,-71.89282355,-71.3728704 ,-70.85291725,-70.3329641 ,-69.81301095,-69.2930578 ,-68.77310465,-68.2531515 ,-67.73319835,-67.2132452 ,-66.69329205,-66.1733389 ,-65.65338575,-65.1334326 ,-64.61347945,-64.0935263 ,-63.57357315,-63.05362   
rsrp_dl:0.0357721 ,0.09110345,0.25332798,0.35791328,0.13291449,0.06802468,0.05773539,0.12008654,0.09252664,0.10810481,0.04284959,0.02854075,0.04727302,0.04027246,0.0413687 ,0.03679141,0.00490424,0.00492347,0.00496194,0.01040468,0.02296338,0.0275022 ,0.02040548,0.01927077,0.01896306,0.01642439,0.01471272,0.0149435 ,0.01713599,0.03357961,0.00923151,0.00955846,0.01186634,0.01436654,0.02002083,0.0124433 ,0.01392419,0.01455886,0.01530892,0.01627053
rsrp_dl_bin_edges:-80.841446  ,-80.32149285,-79.8015397 ,-79.28158655,-78.7616334 ,-78.24168025,-77.7217271 ,-77.20177395,-76.6818208 ,-76.16186765,-75.6419145 ,-75.12196135,-74.6020082 ,-74.08205505,-73.5621019 ,-73.04214875,-72.5221956 ,-72.00224245,-71.4822893 ,-70.96233615,-70.442383  ,-69.92242985,-69.4024767 ,-68.88252355,-68.3625704 ,-67.84261725,-67.3226641 ,-66.80271095,-66.2827578 ,-65.76280465,-65.2428515 ,-64.72289835,-64.2029452 ,-63.68299205,-63.1630389 ,-62.64308575,-62.1231326 ,-61.60317945,-61.0832263 ,-60.56327315,-60.04332   
cqi_ul: 0., 0., 0., 0., 0., 0., 0., 0., 0., 0., 0., 0., 0., 0., 0., 0., 0., 0., 0., 0.,40., 0., 0., 0., 0., 0., 0., 0., 0., 0., 0., 0., 0., 0., 0., 0., 0., 0., 0., 0.
cqi_ul_bin_edges:14.5  ,14.525,14.55 ,14.575,14.6  ,14.625,14.65 ,14.675,14.7  ,14.725,14.75 ,14.775,14.8  ,14.825,14.85 ,14.875,14.9  ,14.925,14.95 ,14.975,15.   ,15.025,15.05 ,15.075,15.1  ,15.125,15.15 ,15.175,15.2  ,15.225,15.25 ,15.275,15.3  ,15.325,15.35 ,15.375,15.4  ,15.425,15.45 ,15.475,15.5  
cqi_dl: 0., 0., 0., 0., 0., 0., 0., 0., 0., 0., 0., 0., 0., 0., 0., 0., 0., 0., 0., 0.,40., 0., 0., 0., 0., 0., 0., 0., 0., 0., 0., 0., 0., 0., 0., 0., 0., 0., 0., 0.
cqi_dl_bin_edges:14.5  ,14.525,14.55 ,14.575,14.6  ,14.625,14.65 ,14.675,14.7  ,14.725,14.75 ,14.775,14.8  ,14.825,14.85 ,14.875,14.9  ,14.925,14.95 ,14.975,15.   ,15.025,15.05 ,15.075,15.1  ,15.125,15.15 ,15.175,15.2  ,15.225,15.25 ,15.275,15.3  ,15.325,15.35 ,15.375,15.4  ,15.425,15.45 ,15.475,15.5  
mcs_ul: 0., 0., 0., 0., 0., 0., 0., 0., 0., 0., 0., 0., 0., 0., 0., 0., 0., 0., 0., 0.,40., 0., 0., 0., 0., 0., 0., 0., 0., 0., 0., 0., 0., 0., 0., 0., 0., 0., 0., 0.
mcs_ul_bin_edges:27.5  ,27.525,27.55 ,27.575,27.6  ,27.625,27.65 ,27.675,27.7  ,27.725,27.75 ,27.775,27.8  ,27.825,27.85 ,27.875,27.9  ,27.925,27.95 ,27.975,28.   ,28.025,28.05 ,28.075,28.1  ,28.125,28.15 ,28.175,28.2  ,28.225,28.25 ,28.275,28.3  ,28.325,28.35 ,28.375,28.4  ,28.425,28.45 ,28.475,28.5  
mcs_dl: 0., 0., 0., 0., 0., 0., 0., 0., 0., 0., 0., 0., 0., 0., 0., 0., 0., 0., 0., 0.,40., 0., 0., 0., 0., 0., 0., 0., 0., 0., 0., 0., 0., 0., 0., 0., 0., 0., 0., 0.
mcs_dl_bin_edges:27.5  ,27.525,27.55 ,27.575,27.6  ,27.625,27.65 ,27.675,27.7  ,27.725,27.75 ,27.775,27.8  ,27.825,27.85 ,27.875,27.9  ,27.925,27.95 ,27.975,28.   ,28.025,28.05 ,28.075,28.1  ,28.125,28.15 ,28.175,28.2  ,28.225,28.25 ,28.275,28.3  ,28.325,28.35 ,28.375,28.4  ,28.425,28.45 ,28.475,28.5  
eff_ul: 0., 0., 0., 0., 0., 0., 0., 0., 0., 0., 0., 0., 0., 0., 0., 0., 0., 0., 0., 0.,40., 0., 0., 0., 0., 0., 0., 0., 0., 0., 0., 0., 0., 0., 0., 0., 0., 0., 0., 0.
eff_ul_bin_edges:5.0545974,5.0795974,5.1045974,5.1295974,5.1545974,5.1795974,5.2045974,5.2295974,5.2545974,5.2795974,5.3045974,5.3295974,5.3545974,5.3795974,5.4045974,5.4295974,5.4545974,5.4795974,5.5045974,5.5295974,5.5545974,5.5795974,5.6045974,5.6295974,5.6545974,5.6795974,5.7045974,5.7295974,5.7545974,5.7795974,5.8045974,5.8295974,5.8545974,5.8795974,5.9045974,5.9295974,5.9545974,5.9795974,6.0045974,6.0295974,6.0545974
eff_dl: 0., 0., 0., 0., 0., 0., 0., 0., 0., 0., 0., 0., 0., 0., 0., 0., 0., 0., 0., 0.,40., 0., 0., 0., 0., 0., 0., 0., 0., 0., 0., 0., 0., 0., 0., 0., 0., 0., 0., 0.
eff_dl_bin_edges:5.0545974,5.0795974,5.1045974,5.1295974,5.1545974,5.1795974,5.2045974,5.2295974,5.2545974,5.2795974,5.3045974,5.3295974,5.3545974,5.3795974,5.4045974,5.4295974,5.4545974,5.4795974,5.5045974,5.5295974,5.5545974,5.5795974,5.6045974,5.6295974,5.6545974,5.6795974,5.7045974,5.7295974,5.7545974,5.7795974,5.8045974,5.8295974,5.8545974,5.8795974,5.9045974,5.9295974,5.9545974,5.9795974,6.0045974,6.0295974,6.0545974
rul:4.65294608e-01,5.12505701e-05,9.31828547e-06,6.05688556e-05,9.31828547e-05,1.86365709e-05,9.31828547e-06,1.39774282e-05,2.32957137e-05,7.92054265e-05,1.39774282e-05,2.32957137e-05,6.05688556e-05,2.79548564e-05,1.39774282e-05,1.86365709e-05,4.65914274e-06,4.65914274e-06,2.32957137e-05,4.65914274e-06,4.65914274e-05,4.65914274e-06,0.00000000e+00,4.65914274e-06,0.00000000e+00,0.00000000e+00,0.00000000e+00,0.00000000e+00,4.65914274e-06,0.00000000e+00,0.00000000e+00,0.00000000e+00,0.00000000e+00,0.00000000e+00,0.00000000e+00,0.00000000e+00,0.00000000e+00,0.00000000e+00,0.00000000e+00,9.31828547e-06
rul_bin_edges: 0.        , 2.14629613, 4.29259225, 6.43888838, 8.5851845 ,10.73148062,12.87777675,15.02407288,17.170369  ,19.31666513,21.46296125,23.60925738,25.7555535 ,27.90184963,30.04814575,32.19444188,34.340738  ,36.48703413,38.63333025,40.77962637,42.9259225 ,45.07221863,47.21851475,49.36481088,51.511107  ,53.65740313,55.80369925,57.94999538,60.0962915 ,62.24258763,64.38888375,66.53517987,68.681476  ,70.82777213,72.97406825,75.12036438,77.2666605 ,79.41295663,81.55925275,83.70554888,85.851845  
rdl:3.10550274e-01,2.99051735e-05,6.97787381e-05,9.46997160e-05,1.34573281e-04,2.99051735e-05,1.99367823e-05,0.00000000e+00,9.96839116e-06,4.48577602e-05,1.49525867e-05,4.98419558e-06,0.00000000e+00,4.98419558e-06,4.98419558e-05,0.00000000e+00,1.49525867e-05,1.49525867e-05,1.49525867e-05,1.82705657e-01,0.00000000e+00,4.98419558e-06,0.00000000e+00,0.00000000e+00,0.00000000e+00,0.00000000e+00,0.00000000e+00,0.00000000e+00,0.00000000e+00,0.00000000e+00,0.00000000e+00,0.00000000e+00,0.00000000e+00,0.00000000e+00,0.00000000e+00,0.00000000e+00,0.00000000e+00,4.98419558e-06,0.00000000e+00,4.60539672e-03
rdl_bin_edges: 0.        , 2.00632175, 4.0126435 , 6.01896525, 8.025287  ,10.03160875,12.0379305 ,14.04425225,16.050574  ,18.05689575,20.0632175 ,22.06953925,24.075861  ,26.08218275,28.0885045 ,30.09482625,32.101148  ,34.10746975,36.1137915 ,38.12011325,40.126435  ,42.13275675,44.1390785 ,46.14540025,48.151722  ,50.15804375,52.1643655 ,54.17068725,56.177009  ,58.18333075,60.1896525 ,62.19597425,64.202296  ,66.20861775,68.2149395 ,70.22126125,72.227583  ,74.23390475,76.2402265 ,78.24654825,80.25287   
lul:6.86938898e+03,0.00000000e+00,0.00000000e+00,0.00000000e+00,0.00000000e+00,0.00000000e+00,0.00000000e+00,0.00000000e+00,0.00000000e+00,0.00000000e+00,0.00000000e+00,0.00000000e+00,0.00000000e+00,0.00000000e+00,0.00000000e+00,0.00000000e+00,0.00000000e+00,0.00000000e+00,0.00000000e+00,0.00000000e+00,0.00000000e+00,0.00000000e+00,0.00000000e+00,0.00000000e+00,1.36446143e+03,5.88522942e+00,6.63124442e-01,4.97343331e-01,7.46014997e+00,4.47608998e+00,8.28905552e-01,2.48671666e-01,5.30499553e+00,2.95919282e+01,0.00000000e+00,8.28905552e-02,0.00000000e+00,0.00000000e+00,0.00000000e+00,2.48671666e-01
lul_bin_edges:0.        ,0.00012064,0.00024128,0.00036192,0.00048256,0.0006032 ,0.00072384,0.00084448,0.00096512,0.00108576,0.0012064 ,0.00132704,0.00144768,0.00156832,0.00168896,0.0018096 ,0.00193024,0.00205088,0.00217152,0.00229216,0.0024128 ,0.00253344,0.00265408,0.00277472,0.00289536,0.003016  ,0.00313663,0.00325727,0.00337791,0.00349855,0.00361919,0.00373983,0.00386047,0.00398111,0.00410175,0.00422239,0.00434303,0.00446367,0.00458431,0.00470495,0.00482559
ldl:5.65497214e+03,0.00000000e+00,0.00000000e+00,0.00000000e+00,0.00000000e+00,0.00000000e+00,0.00000000e+00,0.00000000e+00,0.00000000e+00,0.00000000e+00,0.00000000e+00,0.00000000e+00,0.00000000e+00,0.00000000e+00,0.00000000e+00,0.00000000e+00,0.00000000e+00,0.00000000e+00,0.00000000e+00,0.00000000e+00,0.00000000e+00,0.00000000e+00,0.00000000e+00,0.00000000e+00,0.00000000e+00,0.00000000e+00,0.00000000e+00,3.33174414e+03,5.27923616e+00,1.82042626e-01,1.82042626e-01,8.21012244e+01,1.36531970e+00,9.10213130e-02,2.73063939e-01,7.28170504e-01,2.47577971e+01,0.00000000e+00,9.10213130e-02,4.55106565e-01
ldl_bin_edges:0.        ,0.00010986,0.00021973,0.00032959,0.00043945,0.00054932,0.00065918,0.00076904,0.00087891,0.00098877,0.00109863,0.0012085 ,0.00131836,0.00142822,0.00153809,0.00164795,0.00175781,0.00186768,0.00197754,0.0020874 ,0.00219727,0.00230713,0.00241699,0.00252686,0.00263672,0.00274658,0.00285645,0.00296631,0.00307617,0.00318604,0.0032959 ,0.00340576,0.00351562,0.00362549,0.00373535,0.00384521,0.00395508,0.00406494,0.0041748 ,0.00428467,0.00439453
ilul:5.96121144e+03,0.00000000e+00,0.00000000e+00,0.00000000e+00,0.00000000e+00,0.00000000e+00,0.00000000e+00,0.00000000e+00,0.00000000e+00,0.00000000e+00,0.00000000e+00,0.00000000e+00,0.00000000e+00,0.00000000e+00,0.00000000e+00,0.00000000e+00,0.00000000e+00,0.00000000e+00,0.00000000e+00,0.00000000e+00,0.00000000e+00,1.18759549e+03,1.58250156e+00,5.03523223e-01,8.63182668e-01,9.42307746e+00,7.91250779e-01,2.87727556e-01,2.97798021e+01,5.03523223e-01,7.19318890e-02,7.19318890e-02,0.00000000e+00,0.00000000e+00,2.87727556e-01,2.15795667e-01,0.00000000e+00,0.00000000e+00,0.00000000e+00,7.19318890e-02
ilul_bin_edges:0.        ,0.00013902,0.00027804,0.00041706,0.00055608,0.0006951 ,0.00083411,0.00097313,0.00111215,0.00125117,0.00139019,0.00152921,0.00166823,0.00180725,0.00194627,0.00208529,0.0022243 ,0.00236332,0.00250234,0.00264136,0.00278038,0.0029194 ,0.00305842,0.00319744,0.00333646,0.00347548,0.00361449,0.00375351,0.00389253,0.00403155,0.00417057,0.00430959,0.00444861,0.00458763,0.00472665,0.00486567,0.00500468,0.0051437 ,0.00528272,0.00542174,0.00556076
ildl:8.57959428e+01,3.67232738e-01,5.87026309e-02,3.15355994e-01,2.18428394e-02,2.32080169e-02,1.77473070e-02,3.00339042e-02,3.82249690e-02,6.27981633e-02,4.77812112e-02,5.46070985e-02,5.73374534e-02,4.91463887e-02,4.64160337e-02,6.00678084e-02,5.59722760e-02,4.50508563e-02,6.00678084e-02,5.18767436e-02,7.09892281e-02,6.00678084e-02,5.32419211e-02,5.18767436e-02,4.50508563e-02,5.73374534e-02,6.14329858e-02,6.68936957e-02,5.32419211e-02,5.18767436e-02,5.46070985e-02,5.87026309e-02,5.59722760e-02,9.96579548e-02,1.70647183e-01,6.96240506e-01,1.29623600e+01,1.59753067e+01,1.49486932e+01,3.66550149e+00
ildl_bin_edges:0.        ,0.00732498,0.01464996,0.02197495,0.02929993,0.03662491,0.04394989,0.05127487,0.05859985,0.06592484,0.07324982,0.0805748 ,0.08789978,0.09522476,0.10254974,0.10987473,0.11719971,0.12452469,0.13184967,0.13917465,0.14649963,0.15382462,0.1611496 ,0.16847458,0.17579956,0.18312454,0.19044953,0.19777451,0.20509949,0.21242447,0.21974945,0.22707443,0.23439942,0.2417244 ,0.24904938,0.25637436,0.26369934,0.27102432,0.27834931,0.28567429,0.29299927
eul: 0., 0., 0., 0., 0., 0., 0., 0., 0., 0., 0., 0., 0., 0., 0., 0., 0., 0., 0., 0.,40., 0., 0., 0., 0., 0., 0., 0., 0., 0., 0., 0., 0., 0., 0., 0., 0., 0., 0., 0.
eul_bin_edges:-0.5  ,-0.475,-0.45 ,-0.425,-0.4  ,-0.375,-0.35 ,-0.325,-0.3  ,-0.275,-0.25 ,-0.225,-0.2  ,-0.175,-0.15 ,-0.125,-0.1  ,-0.075,-0.05 ,-0.025, 0.   , 0.025, 0.05 , 0.075, 0.1  , 0.125, 0.15 , 0.175, 0.2  , 0.225, 0.25 , 0.275, 0.3  , 0.325, 0.35 , 0.375, 0.4  , 0.425, 0.45 , 0.475, 0.5  
edl:8.28918984e-02,1.63634727e-05,2.09088818e-05,7.27265455e-05,8.27264455e-05,5.63630727e-05,7.45447091e-05,2.91815264e-04,3.99996000e-05,1.66361973e-04,1.62998370e-03,1.54907542e-03,5.51812664e-04,1.49089418e-04,1.69089218e-04,3.81814364e-05,4.45450091e-05,4.54540909e-05,4.72722546e-05,6.09084818e-05,1.31816864e-04,1.42725845e-04,2.45452091e-05,4.72722546e-05,5.99994000e-05,1.85452691e-04,4.05450491e-04,9.84535609e-04,6.70902382e-04,1.90907182e-04,1.72725545e-05,6.36357273e-06,4.54540909e-06,4.54540909e-06,3.63632727e-06,9.09081818e-06,1.81816364e-06,7.27265455e-06,3.63632727e-06,8.18173636e-06
edl_bin_edges:  0., 11., 22., 33., 44., 55., 66., 77., 88., 99.,110.,121.,132.,143.,154.,165.,176.,187.,198.,209.,220.,231.,242.,253.,264.,275.,286.,297.,308.,319.,330.,341.,352.,363.,374.,385.,396.,407.,418.,429.,440.
gul:2.85471335e-01,2.85825759e-05,8.28894701e-05,2.00078031e-05,8.57477277e-06,7.14564397e-05,1.42912879e-05,4.28738638e-05,2.28660607e-05,1.71495455e-05,2.85825759e-06,2.28660607e-05,0.00000000e+00,2.85825759e-06,0.00000000e+00,0.00000000e+00,2.85825759e-06,2.85825759e-06,0.00000000e+00,0.00000000e+00,2.85825759e-06,0.00000000e+00,2.85825759e-06,0.00000000e+00,0.00000000e+00,0.00000000e+00,0.00000000e+00,0.00000000e+00,2.85825759e-06,0.00000000e+00,0.00000000e+00,0.00000000e+00,0.00000000e+00,0.00000000e+00,2.85825759e-06,0.00000000e+00,0.00000000e+00,0.00000000e+00,0.00000000e+00,2.85825759e-06
gul_bin_edges:  0.    ,  3.4986,  6.9972, 10.4958, 13.9944, 17.493 , 20.9916, 24.4902, 27.9888, 31.4874, 34.986 , 38.4846, 41.9832, 45.4818, 48.9804, 52.479 , 55.9776, 59.4762, 62.9748, 66.4734, 69.972 , 73.4706, 76.9692, 80.4678, 83.9664, 87.465 , 90.9636, 94.4622, 97.9608,101.4594,104.958 ,108.4566,111.9552,115.4538,118.9524,122.451 ,125.9496,129.4482,132.9468,136.4454,139.944 
gdl:6.70601110e-02,2.44968442e-05,6.98880555e-05,3.89067526e-05,3.38632846e-05,3.43676314e-04,1.80123854e-05,1.31130166e-04,4.37340719e-04,5.08669765e-04,2.10384662e-04,1.36894129e-04,6.77265693e-05,2.88198167e-05,6.91675601e-05,7.27700372e-05,7.49315234e-05,1.10956294e-04,7.34905326e-05,8.21364776e-05,4.12843874e-04,7.00321546e-04,9.83476245e-04,1.84446827e-04,2.16148625e-05,2.66583305e-05,1.51304038e-05,2.44968442e-05,1.87328809e-05,1.65713946e-05,3.02608075e-05,2.16148625e-05,0.00000000e+00,0.00000000e+00,0.00000000e+00,0.00000000e+00,0.00000000e+00,0.00000000e+00,0.00000000e+00,7.20495418e-07
gdl_bin_edges:  0.    , 13.8792, 27.7584, 41.6376, 55.5168, 69.396 , 83.2752, 97.1544,111.0336,124.9128,138.792 ,152.6712,166.5504,180.4296,194.3088,208.188 ,222.0672,235.9464,249.8256,263.7048,277.584 ,291.4632,305.3424,319.2216,333.1008,346.98  ,360.8592,374.7384,388.6176,402.4968,416.376 ,430.2552,444.1344,458.0136,471.8928,485.772 ,499.6512,513.5304,527.4096,541.2888,555.168 
ri: 0., 0., 0., 0., 0., 0., 0., 0., 0., 0., 0., 0., 0., 0., 0., 0., 0., 0., 0., 0.,40., 0., 0., 0., 0., 0., 0., 0., 0., 0., 0., 0., 0., 0., 0., 0., 0., 0., 0., 0.
ri_bin_edges:0.5  ,0.525,0.55 ,0.575,0.6  ,0.625,0.65 ,0.675,0.7  ,0.725,0.75 ,0.775,0.8  ,0.825,0.85 ,0.875,0.9  ,0.925,0.95 ,0.975,1.   ,1.025,1.05 ,1.075,1.1  ,1.125,1.15 ,1.175,1.2  ,1.225,1.25 ,1.275,1.3  ,1.325,1.35 ,1.375,1.4  ,1.425,1.45 ,1.475,1.5  
