period:1
ue_log_freq:1000
mac_log_freq:1000
mimo_layers:2
frequency:2412000000.0
bandwidth:50000000
ue_speed:5.555555555555555
max_distance:1000
shannon_cfg_bandwidth_mhz:50.0
shannon_cfg_mimo_layers:2
shannon_cfg_bw_efficiency:0.67
shannon_cfg_sinr_offset_db:0
shannon_cfg_ul_divisor:2
shannon_cfg_sinr_sample_rate:1000
n_ue:2
sinr_period:9.463597741343282
sinr_rate:105.66805852612856
ul_fairness:0.670095466133162
dl_fairness:0.9999989534281108
ul_agg_throughput:1.6966555951146987
dl_agg_throughput:21.31663520614858
ul_ave_throughput:0.8483277975573493
dl_ave_throughput:10.65831760307429
ul_se:0.03393311190229397
dl_se:0.4263327041229716
ul_ase:1.0801244987481027e-08
dl_ase:1.357059145258108e-07
ul_gr:0.12153342466575334, 0.12153342466575334
dl_gr:7.984287357126428, 8.00059815401846
ul_tr:0.1215334282317177, 0.0895074914485555
dl_tr:7.984287953266068, 8.00059874597254
ul_er:0.0, 0.03200971990280097
dl_er:23.844172118278816, 23.827861321386784
ul_er_ratio:0.0, 0.26341716985462776
dl_er_ratio:0.7491462692408377, 0.7486338098343218
ul_er_perc:0.0, 26.341716985462778
dl_er_perc:74.91462692408378, 74.86338098343218
ul_l:0.0005120069445545544, 0.003925206188318117
dl_l:0.0005670368198828011, 0.000568588340202598
ul_il:0.0005270557870741293, 0.003940033634903651
dl_il:0.08967359326921533, 0.09022339176790731
sinr_ul:0.12034296,0.12103386,0.13133462,0.12370327,0.12822555,0.14722541,0.23230085,0.29306902,0.49135854,0.78263749,0.5692737 ,0.        ,0.        ,0.        ,0.04597654,0.10743561,0.2936029 ,0.08027051,0.07775813,0.11142401,0.15008325,0.14901548,0.13500897,0.05878967,0.05759629,0.05728224,0.1398453 ,0.14559237,0.1756467 ,0.14487006,0.09857947,0.10416952,0.12009172,0.12841398,0.13563707,0.1153182 ,0.11582068,0.11751653,0.07577963,0.19898042
sinr_ul_bin_edges:15.238221  ,15.39743105,15.5566411 ,15.71585115,15.8750612 ,16.03427125,16.1934813 ,16.35269135,16.5119014 ,16.67111145,16.8303215 ,16.98953155,17.1487416 ,17.30795165,17.4671617 ,17.62637175,17.7855818 ,17.94479185,18.1040019 ,18.26321195,18.422422  ,18.58163205,18.7408421 ,18.90005215,19.0592622 ,19.21847225,19.3776823 ,19.53689235,19.6961024 ,19.85531245,20.0145225 ,20.17373255,20.3329426 ,20.49215265,20.6513627 ,20.81057275,20.9697828 ,21.12899285,21.2882029 ,21.44741295,21.606623  
sinr_dl:0.12035184,0.1210428 ,0.1313129 ,0.1237124 ,0.1282036 ,0.14720487,0.232318  ,0.29283939,0.49142621,0.78184726,0.57047777,0.        ,0.        ,0.        ,0.04610556,0.1077262 ,0.2933105 ,0.08030784,0.07770106,0.11155786,0.15012573,0.14902648,0.1348619 ,0.0587626 ,0.05760054,0.05731788,0.13991844,0.14557171,0.17572248,0.14475512,0.09861816,0.10417721,0.12006918,0.12848627,0.13555286,0.11535812,0.11579782,0.11752521,0.07578523,0.19899511
sinr_dl_bin_edges:24.998411 ,25.1576093,25.3168076,25.4760059,25.6352042,25.7944025,25.9536008,26.1127991,26.2719974,26.4311957,26.590394 ,26.7495923,26.9087906,27.0679889,27.2271872,27.3863855,27.5455838,27.7047821,27.8639804,28.0231787,28.182377 ,28.3415753,28.5007736,28.6599719,28.8191702,28.9783685,29.1375668,29.2967651,29.4559634,29.6151617,29.77436  ,29.9335583,30.0927566,30.2519549,30.4111532,30.5703515,30.7295498,30.8887481,31.0479464,31.2071447,31.366343 
rsrp_ul:1.20355584e-01,1.20036000e-01,1.32851345e-01,1.22752469e-01,1.28217367e-01,1.40297667e-01,2.29110245e-01,2.39560664e-01,5.03218011e-01,6.60389749e-01,7.99089493e-01,0.00000000e+00,0.00000000e+00,6.71127794e-04,8.24528432e-02,1.90696169e-01,2.14121725e-01,7.87137027e-02,7.82343257e-02,1.37325530e-01,1.49661498e-01,1.48862536e-01,1.07955699e-01,5.81963673e-02,5.76211149e-02,7.11395461e-02,1.47839865e-01,1.45059479e-01,1.85295188e-01,1.27865824e-01,9.84001179e-02,1.07252613e-01,1.20387543e-01,1.30102917e-01,1.34832770e-01,1.14219559e-01,1.15945316e-01,1.17607156e-01,7.41116835e-02,2.01306380e-01
rsrp_ul_bin_edges:-92.35969  ,-92.2032385,-92.046787 ,-91.8903355,-91.733884 ,-91.5774325,-91.420981 ,-91.2645295,-91.108078 ,-90.9516265,-90.795175 ,-90.6387235,-90.482272 ,-90.3258205,-90.169369 ,-90.0129175,-89.856466 ,-89.7000145,-89.543563 ,-89.3871115,-89.23066  ,-89.0742085,-88.917757 ,-88.7613055,-88.604854 ,-88.4484025,-88.291951 ,-88.1354995,-87.979048 ,-87.8225965,-87.666145 ,-87.5096935,-87.353242 ,-87.1967905,-87.040339 ,-86.8838875,-86.727436 ,-86.5709845,-86.414533 ,-86.2580815,-86.10163  
rsrp_dl:1.20355584e-01,1.20036000e-01,1.32851345e-01,1.22752469e-01,1.28217367e-01,1.40297667e-01,2.29110245e-01,2.39560664e-01,5.03218011e-01,6.60389749e-01,7.99089493e-01,0.00000000e+00,0.00000000e+00,6.71127794e-04,8.24528432e-02,1.90696169e-01,2.14121725e-01,7.87137027e-02,7.82343257e-02,1.37325530e-01,1.49661498e-01,1.48862536e-01,1.07955699e-01,5.81963673e-02,5.76211149e-02,7.11395461e-02,1.47839865e-01,1.45059479e-01,1.85295188e-01,1.27865824e-01,9.84001179e-02,1.07252613e-01,1.20387543e-01,1.30102917e-01,1.34832770e-01,1.14219559e-01,1.15945316e-01,1.17607156e-01,7.41116835e-02,2.01306380e-01
rsrp_dl_bin_edges:-89.34939  ,-89.1929385,-89.036487 ,-88.8800355,-88.723584 ,-88.5671325,-88.410681 ,-88.2542295,-88.097778 ,-87.9413265,-87.784875 ,-87.6284235,-87.471972 ,-87.3155205,-87.159069 ,-87.0026175,-86.846166 ,-86.6897145,-86.533263 ,-86.3768115,-86.22036  ,-86.0639085,-85.907457 ,-85.7510055,-85.594554 ,-85.4381025,-85.281651 ,-85.1251995,-84.968748 ,-84.8122965,-84.655845 ,-84.4993935,-84.342942 ,-84.1864905,-84.030039 ,-83.8735875,-83.717136 ,-83.5606845,-83.404233 ,-83.2477815,-83.09133  
cqi_ul: 1.10398896, 0.        , 0.        , 0.        , 0.        , 0.        , 0.        , 0.        , 0.        , 0.        , 0.        , 0.        , 0.        , 0.        , 0.        , 0.        , 0.        , 0.        , 0.        , 0.        , 8.89601104, 0.        , 0.        , 0.        , 0.        , 0.        , 0.        , 0.        , 0.        , 0.        , 0.        , 0.        , 0.        , 0.        , 0.        , 0.        , 0.        , 0.        , 0.        ,10.        
cqi_ul_bin_edges:13.  ,13.05,13.1 ,13.15,13.2 ,13.25,13.3 ,13.35,13.4 ,13.45,13.5 ,13.55,13.6 ,13.65,13.7 ,13.75,13.8 ,13.85,13.9 ,13.95,14.  ,14.05,14.1 ,14.15,14.2 ,14.25,14.3 ,14.35,14.4 ,14.45,14.5 ,14.55,14.6 ,14.65,14.7 ,14.75,14.8 ,14.85,14.9 ,14.95,15.  
cqi_dl: 0., 0., 0., 0., 0., 0., 0., 0., 0., 0., 0., 0., 0., 0., 0., 0., 0., 0., 0., 0.,40., 0., 0., 0., 0., 0., 0., 0., 0., 0., 0., 0., 0., 0., 0., 0., 0., 0., 0., 0.
cqi_dl_bin_edges:14.5  ,14.525,14.55 ,14.575,14.6  ,14.625,14.65 ,14.675,14.7  ,14.725,14.75 ,14.775,14.8  ,14.825,14.85 ,14.875,14.9  ,14.925,14.95 ,14.975,15.   ,15.025,15.05 ,15.075,15.1  ,15.125,15.15 ,15.175,15.2  ,15.225,15.25 ,15.275,15.3  ,15.325,15.35 ,15.375,15.4  ,15.425,15.45 ,15.475,15.5  
mcs_ul:0.73599264,0.        ,0.        ,0.        ,0.        ,0.        ,0.        ,0.        ,0.        ,0.        ,0.        ,0.        ,0.        ,1.38798612,0.        ,0.        ,0.        ,0.        ,0.        ,0.        ,0.        ,0.        ,0.        ,0.        ,0.        ,0.        ,4.54268791,0.        ,0.        ,0.        ,0.        ,0.        ,0.        ,0.        ,0.        ,0.        ,0.        ,0.        ,0.        ,6.66666667
mcs_ul_bin_edges:25.   ,25.075,25.15 ,25.225,25.3  ,25.375,25.45 ,25.525,25.6  ,25.675,25.75 ,25.825,25.9  ,25.975,26.05 ,26.125,26.2  ,26.275,26.35 ,26.425,26.5  ,26.575,26.65 ,26.725,26.8  ,26.875,26.95 ,27.025,27.1  ,27.175,27.25 ,27.325,27.4  ,27.475,27.55 ,27.625,27.7  ,27.775,27.85 ,27.925,28.   
mcs_dl: 0., 0., 0., 0., 0., 0., 0., 0., 0., 0., 0., 0., 0., 0., 0., 0., 0., 0., 0., 0.,40., 0., 0., 0., 0., 0., 0., 0., 0., 0., 0., 0., 0., 0., 0., 0., 0., 0., 0., 0.
mcs_dl_bin_edges:27.5  ,27.525,27.55 ,27.575,27.6  ,27.625,27.65 ,27.675,27.7  ,27.725,27.75 ,27.775,27.8  ,27.825,27.85 ,27.875,27.9  ,27.925,27.95 ,27.975,28.   ,28.025,28.05 ,28.075,28.1  ,28.125,28.15 ,28.175,28.2  ,28.225,28.25 ,28.275,28.3  ,28.325,28.35 ,28.375,28.4  ,28.425,28.45 ,28.475,28.5  
eff_ul: 2.99104968, 0.        , 0.        , 0.        , 0.        , 0.        , 0.        , 0.        , 0.        , 0.        , 0.        , 0.        , 0.        , 0.        , 0.        , 0.        , 5.64072956, 0.        , 0.        , 0.        , 0.        , 0.        , 0.        , 0.        , 0.        , 0.        , 0.        ,18.46133301, 0.        , 0.        , 0.        , 0.        , 0.        , 0.        , 0.        , 0.        , 0.        , 0.        , 0.        ,27.09311225
eff_ul_bin_edges:4.8164024 ,4.83485728,4.85331215,4.87176703,4.8902219 ,4.90867677,4.92713165,4.94558653,4.9640414 ,4.98249627,5.00095115,5.01940603,5.0378609 ,5.05631577,5.07477065,5.09322553,5.1116804 ,5.13013527,5.14859015,5.16704503,5.1854999 ,5.20395477,5.22240965,5.24086453,5.2593194 ,5.27777427,5.29622915,5.31468403,5.3331389 ,5.35159377,5.37004865,5.38850352,5.4069584 ,5.42541327,5.44386815,5.46232302,5.4807779 ,5.49923277,5.51768765,5.53614252,5.5545974 
eff_dl: 0., 0., 0., 0., 0., 0., 0., 0., 0., 0., 0., 0., 0., 0., 0., 0., 0., 0., 0., 0.,40., 0., 0., 0., 0., 0., 0., 0., 0., 0., 0., 0., 0., 0., 0., 0., 0., 0., 0., 0.
eff_dl_bin_edges:5.0545974,5.0795974,5.1045974,5.1295974,5.1545974,5.1795974,5.2045974,5.2295974,5.2545974,5.2795974,5.3045974,5.3295974,5.3545974,5.3795974,5.4045974,5.4295974,5.4545974,5.4795974,5.5045974,5.5295974,5.5545974,5.5795974,5.6045974,5.6295974,5.6545974,5.6795974,5.7045974,5.7295974,5.7545974,5.7795974,5.8045974,5.8295974,5.8545974,5.8795974,5.9045974,5.9295974,5.9545974,5.9795974,6.0045974,6.0295974,6.0545974
rul:9.20301024e-01,4.74766230e-03,7.59439603e-04,8.66599792e-04,7.68757880e-04,6.98870800e-04,7.26825632e-04,6.15006304e-04,5.35800947e-04,4.79891283e-04,3.16821429e-04,2.98184875e-04,1.02501051e-04,1.02501051e-04,8.85236347e-05,3.72731093e-05,3.72731093e-05,2.79548320e-05,7.92053573e-05,2.32956933e-05,2.32956933e-05,4.65913867e-06,4.65913867e-06,2.32956933e-05,9.31827733e-06,0.00000000e+00,0.00000000e+00,4.65913867e-06,0.00000000e+00,1.39774160e-05,4.65913867e-06,0.00000000e+00,4.65913867e-06,0.00000000e+00,0.00000000e+00,0.00000000e+00,4.65913867e-06,0.00000000e+00,0.00000000e+00,1.25796744e-04
rul_bin_edges: 0.      , 1.073149, 2.146298, 3.219447, 4.292596, 5.365745, 6.438894, 7.512043, 8.585192, 9.658341,10.73149 ,11.804639,12.877788,13.950937,15.024086,16.097235,17.170384,18.243533,19.316682,20.389831,21.46298 ,22.536129,23.609278,24.682427,25.755576,26.828725,27.901874,28.975023,30.048172,31.121321,32.19447 ,33.267619,34.340768,35.413917,36.487066,37.560215,38.633364,39.706513,40.779662,41.852811,42.92596 
rdl:2.05247621e-01,8.59772452e-05,7.22707279e-05,1.24604703e-05,1.49525644e-05,1.24604703e-05,1.24604703e-06,7.47628219e-06,4.98418813e-06,3.79433782e-02,0.00000000e+00,0.00000000e+00,0.00000000e+00,0.00000000e+00,0.00000000e+00,0.00000000e+00,0.00000000e+00,0.00000000e+00,0.00000000e+00,5.79785684e-03,0.00000000e+00,0.00000000e+00,0.00000000e+00,0.00000000e+00,0.00000000e+00,0.00000000e+00,0.00000000e+00,0.00000000e+00,0.00000000e+00,8.72232922e-06,0.00000000e+00,0.00000000e+00,0.00000000e+00,0.00000000e+00,0.00000000e+00,0.00000000e+00,0.00000000e+00,0.00000000e+00,0.00000000e+00,2.49209406e-06
rdl_bin_edges:  0.       ,  4.0126495,  8.025299 , 12.0379485, 16.050598 , 20.0632475, 24.075897 , 28.0885465, 32.101196 , 36.1138455, 40.126495 , 44.1391445, 48.151794 , 52.1644435, 56.177093 , 60.1897425, 64.202392 , 68.2150415, 72.227691 , 76.2403405, 80.25299  , 84.2656395, 88.278289 , 92.2909385, 96.303588 ,100.3162375,104.328887 ,108.3415365,112.354186 ,116.3668355,120.379485 ,124.3921345,128.404784 ,132.4174335,136.430083 ,140.4427325,144.455382 ,148.4680315,152.480681 ,156.4933305,160.50598  
lul:2.12574392e+01,1.87061360e-02,1.46442322e-02,1.38959868e-02,1.17581426e-02,9.62029852e-03,7.91002323e-03,9.29962190e-03,5.13082588e-03,4.59636485e-03,3.84811941e-03,2.77919735e-03,2.45852073e-03,1.81716750e-03,8.55137646e-04,1.71027529e-03,1.17581426e-03,1.17581426e-03,1.06892206e-03,5.34461029e-04,1.17581426e-03,5.34461029e-04,1.06892206e-03,9.62029852e-04,4.27568823e-04,6.41353235e-04,1.06892206e-04,4.27568823e-04,2.13784412e-04,2.13784412e-04,3.20676617e-04,2.13784412e-04,5.34461029e-04,3.20676617e-04,1.06892206e-04,2.13784412e-04,1.06892206e-04,2.13784412e-04,2.13784412e-04,2.13784412e-04
lul_bin_edges:0.        ,0.04677563,0.09355125,0.14032688,0.18710251,0.23387814,0.28065376,0.32742939,0.37420502,0.42098065,0.46775627,0.5145319 ,0.56130753,0.60808316,0.65485879,0.70163441,0.74841004,0.79518567,0.84196129,0.88873692,0.93551255,0.98228818,1.02906381,1.07583943,1.12261506,1.16939069,1.21616631,1.26294194,1.30971757,1.3564932 ,1.40326883,1.45004445,1.49682008,1.54359571,1.59037133,1.63714696,1.68392259,1.73069822,1.77747385,1.82424947,1.8710251 
ldl:7.62687566e+03,0.00000000e+00,0.00000000e+00,0.00000000e+00,0.00000000e+00,0.00000000e+00,0.00000000e+00,0.00000000e+00,0.00000000e+00,0.00000000e+00,0.00000000e+00,0.00000000e+00,0.00000000e+00,0.00000000e+00,0.00000000e+00,0.00000000e+00,0.00000000e+00,0.00000000e+00,0.00000000e+00,0.00000000e+00,0.00000000e+00,0.00000000e+00,0.00000000e+00,0.00000000e+00,0.00000000e+00,0.00000000e+00,0.00000000e+00,1.01826845e+03,2.17414951e+02,9.27934064e-02,4.17570329e-01,1.02072747e+00,2.11661760e+02,3.01578571e+00,9.27934064e-02,8.81537361e-01,1.46520789e+02,5.28458450e+01,9.27934064e-02,2.31983516e-01
ldl_bin_edges:0.        ,0.00010777,0.00021553,0.0003233 ,0.00043106,0.00053883,0.00064659,0.00075436,0.00086212,0.00096989,0.00107765,0.00118542,0.00129318,0.00140095,0.00150871,0.00161648,0.00172424,0.00183201,0.00193977,0.00204754,0.0021553 ,0.00226307,0.00237083,0.0024786 ,0.00258636,0.00269413,0.0028019 ,0.00290966,0.00301743,0.00312519,0.00323296,0.00334072,0.00344849,0.00355625,0.00366402,0.00377178,0.00387955,0.00398731,0.00409508,0.00420284,0.00431061
ilul:2.11088439e+01,2.07001487e-02,1.41185629e-02,1.42247175e-02,1.14646977e-02,9.55391477e-03,8.59852329e-03,8.49236868e-03,5.41388503e-03,4.56464817e-03,3.92772052e-03,2.44155600e-03,2.65386521e-03,1.59231913e-03,9.55391477e-04,1.69847374e-03,1.27385530e-03,8.49236868e-04,1.06154609e-03,8.49236868e-04,1.06154609e-03,6.36927651e-04,7.43082260e-04,8.49236868e-04,5.30773043e-04,6.36927651e-04,1.06154609e-04,4.24618434e-04,3.18463826e-04,2.12309217e-04,3.18463826e-04,1.06154609e-04,5.30773043e-04,3.18463826e-04,2.12309217e-04,1.06154609e-04,2.12309217e-04,1.06154609e-04,2.12309217e-04,2.12309217e-04
ilul_bin_edges:0.        ,0.04710064,0.09420128,0.14130192,0.18840256,0.2355032 ,0.28260384,0.32970448,0.37680512,0.42390576,0.4710064 ,0.51810704,0.56520768,0.61230832,0.65940896,0.7065096 ,0.75361024,0.80071088,0.84781152,0.89491216,0.9420128 ,0.98911344,1.03621408,1.08331472,1.13041536,1.177516  ,1.22461664,1.27171728,1.31881792,1.36591856,1.4130192 ,1.46011984,1.50722048,1.55432112,1.60142176,1.6485224 ,1.69562304,1.74272368,1.78982432,1.83692496,1.8840256 
ildl:5.88491921e+01,6.95174464e-02,6.23874519e-02,4.31364668e-02,4.27799670e-02,4.95534618e-02,3.99279692e-02,4.56319648e-02,3.99279692e-02,4.20669676e-02,3.63629720e-02,3.31544744e-02,2.42419813e-02,2.13899835e-02,1.56859879e-02,1.60424876e-02,1.53294882e-02,1.60424876e-02,1.39034893e-02,1.42599890e-02,1.60424876e-02,1.46164887e-02,1.46164887e-02,1.88944854e-02,2.70939791e-02,2.85199780e-02,2.35289819e-02,1.74684865e-02,1.85379857e-02,1.85379857e-02,1.85379857e-02,2.10334838e-02,1.81814860e-02,1.96074849e-02,2.06769841e-02,2.60244799e-02,8.55599341e-02,1.55184330e+00,7.00094160e+00,2.84985880e+00
ildl_bin_edges:0.        ,0.01402512,0.02805023,0.04207535,0.05610046,0.07012558,0.0841507 ,0.09817581,0.11220093,0.12622604,0.14025116,0.15427628,0.16830139,0.18232651,0.19635162,0.21037674,0.22440186,0.23842697,0.25245209,0.2664772 ,0.28050232,0.29452744,0.30855255,0.32257767,0.33660278,0.3506279 ,0.36465302,0.37867813,0.39270325,0.40672836,0.42075348,0.4347786 ,0.44880371,0.46282883,0.47685394,0.49087906,0.50490418,0.51892929,0.53295441,0.54697952,0.56100464
eul:1.61454696e+00,2.75078155e-04,2.10353884e-04,1.45629612e-04,1.37539078e-04,2.10353884e-04,1.53720146e-04,1.86082282e-04,2.02263350e-04,1.29448544e-04,1.13267476e-04,8.89958738e-05,1.45629612e-04,2.02263350e-04,2.10353884e-04,1.53720146e-04,2.18444417e-04,1.29448544e-04,1.61810680e-04,1.21358010e-04,8.09053398e-05,6.47242719e-05,2.42716019e-05,3.23621359e-05,8.09053398e-06,3.23621359e-05,1.61810680e-05,8.09053398e-06,1.61810680e-05,8.09053398e-06,3.23621359e-05,0.00000000e+00,0.00000000e+00,1.61810680e-05,8.09053398e-06,0.00000000e+00,0.00000000e+00,1.61810680e-05,0.00000000e+00,1.61810680e-05
eul_bin_edges: 0.   , 0.618, 1.236, 1.854, 2.472, 3.09 , 3.708, 4.326, 4.944, 5.562, 6.18 , 6.798, 7.416, 8.034, 8.652, 9.27 , 9.888,10.506,11.124,11.742,12.36 ,12.978,13.596,14.214,14.832,15.45 ,16.068,16.686,17.304,17.922,18.54 ,19.158,19.776,20.394,21.012,21.63 ,22.248,22.866,23.484,24.102,24.72 
edl:6.33027274e-02,2.62980827e-05,8.57389547e-05,7.99749914e-05,7.56520189e-05,4.06359416e-04,4.14284865e-05,3.62409195e-04,1.35993510e-03,1.60490354e-03,5.16595214e-04,2.30918781e-04,8.79004410e-05,4.25092296e-05,8.42979639e-05,1.26446946e-04,1.22484221e-04,1.71117662e-04,7.96147437e-05,1.12037037e-04,5.60545435e-04,9.43128502e-04,1.25690426e-03,2.43887699e-04,1.83726332e-05,1.90931286e-05,1.15279267e-05,1.47701561e-05,1.51304038e-05,1.44099084e-05,1.80123854e-05,1.47701561e-05,0.00000000e+00,0.00000000e+00,0.00000000e+00,0.00000000e+00,0.00000000e+00,0.00000000e+00,0.00000000e+00,3.60247709e-07
edl_bin_edges:  0.    , 13.8792, 27.7584, 41.6376, 55.5168, 69.396 , 83.2752, 97.1544,111.0336,124.9128,138.792 ,152.6712,166.5504,180.4296,194.3088,208.188 ,222.0672,235.9464,249.8256,263.7048,277.584 ,291.4632,305.3424,319.2216,333.1008,346.98  ,360.8592,374.7384,388.6176,402.4968,416.376 ,430.2552,444.1344,458.0136,471.8928,485.772 ,499.6512,513.5304,527.4096,541.2888,555.168 
gul:2.85471335e-01,3.14408335e-05,8.86059853e-05,1.71495455e-05,5.71651518e-06,7.14564397e-05,1.42912879e-05,4.57321214e-05,1.42912879e-05,1.42912879e-05,2.85825759e-06,2.57243183e-05,0.00000000e+00,2.85825759e-06,0.00000000e+00,0.00000000e+00,2.85825759e-06,5.71651518e-06,0.00000000e+00,0.00000000e+00,2.85825759e-06,0.00000000e+00,2.85825759e-06,0.00000000e+00,0.00000000e+00,0.00000000e+00,0.00000000e+00,0.00000000e+00,2.85825759e-06,0.00000000e+00,0.00000000e+00,0.00000000e+00,0.00000000e+00,0.00000000e+00,2.85825759e-06,0.00000000e+00,0.00000000e+00,0.00000000e+00,0.00000000e+00,2.85825759e-06
gul_bin_edges:  0.    ,  3.4986,  6.9972, 10.4958, 13.9944, 17.493 , 20.9916, 24.4902, 27.9888, 31.4874, 34.986 , 38.4846, 41.9832, 45.4818, 48.9804, 52.479 , 55.9776, 59.4762, 62.9748, 66.4734, 69.972 , 73.4706, 76.9692, 80.4678, 83.9664, 87.465 , 90.9636, 94.4622, 97.9608,101.4594,104.958 ,108.4566,111.9552,115.4538,118.9524,122.451 ,125.9496,129.4482,132.9468,136.4454,139.944 
gdl:6.93527274e-02,1.76521377e-05,6.41240922e-05,2.80993213e-05,2.95403121e-05,2.91800644e-04,1.18881744e-05,6.05216151e-05,2.39564726e-04,2.51813148e-04,1.00869358e-04,6.16023582e-05,3.53042755e-05,1.58508992e-05,3.81862571e-05,3.92670003e-05,3.53042755e-05,5.87203765e-05,3.85465048e-05,3.71055140e-05,2.07502680e-04,3.51601764e-04,5.01104563e-04,8.82606887e-05,1.11676790e-05,1.33291652e-05,7.20495418e-06,1.18881744e-05,1.29689175e-05,7.20495418e-06,1.72918900e-05,1.18881744e-05,0.00000000e+00,0.00000000e+00,0.00000000e+00,0.00000000e+00,0.00000000e+00,0.00000000e+00,0.00000000e+00,3.60247709e-07
gdl_bin_edges:  0.    , 13.8792, 27.7584, 41.6376, 55.5168, 69.396 , 83.2752, 97.1544,111.0336,124.9128,138.792 ,152.6712,166.5504,180.4296,194.3088,208.188 ,222.0672,235.9464,249.8256,263.7048,277.584 ,291.4632,305.3424,319.2216,333.1008,346.98  ,360.8592,374.7384,388.6176,402.4968,416.376 ,430.2552,444.1344,458.0136,471.8928,485.772 ,499.6512,513.5304,527.4096,541.2888,555.168 
ri: 0., 0., 0., 0., 0., 0., 0., 0., 0., 0., 0., 0., 0., 0., 0., 0., 0., 0., 0., 0.,40., 0., 0., 0., 0., 0., 0., 0., 0., 0., 0., 0., 0., 0., 0., 0., 0., 0., 0., 0.
ri_bin_edges:0.5  ,0.525,0.55 ,0.575,0.6  ,0.625,0.65 ,0.675,0.7  ,0.725,0.75 ,0.775,0.8  ,0.825,0.85 ,0.875,0.9  ,0.925,0.95 ,0.975,1.   ,1.025,1.05 ,1.075,1.1  ,1.125,1.15 ,1.175,1.2  ,1.225,1.25 ,1.275,1.3  ,1.325,1.35 ,1.375,1.4  ,1.425,1.45 ,1.475,1.5  
