period:1.0
ue_log_freq:1000
mac_log_freq:1000
mimo_layers:1
frequency:28000000000.0
bandwidth:300000000.0
ue_speed:0.27778
max_distance:10.0
shannon_cfg_bandwidth_mhz:300.0
shannon_cfg_mimo_layers:1
shannon_cfg_bw_efficiency:0.67
shannon_cfg_sinr_offset_db:0.0
shannon_cfg_ul_divisor:2.0
shannon_cfg_sinr_sample_rate:1000
n_ue:1
sinr_period:16.304296531427745
sinr_rate:61.33352629304954
ul_fairness:1.0
dl_fairness:1.0
ul_agg_throughput:148.8955678856512
dl_agg_throughput:148.85872625028642
ul_ave_throughput:148.8955678856512
dl_ave_throughput:148.85872625028642
ul_se:0.49631855961883736
dl_se:0.49619575416762146
ul_ase:0.0015798310422317503
dl_ase:0.0015794401403397575
ul_gr:149.99846401535984
dl_gr:149.99846401535984
ul_tr:149.99371075151248
dl_tr:149.99424585991142
ul_er:0.0
dl_er:0.0
ul_er_ratio:0.0
dl_er_ratio:0.0
ul_er_perc:0.0
dl_er_perc:0.0
ul_l:0.0027409971429315705
dl_l:0.0027410120900371
ul_il:0.0027409978654733456
dl_il:0.0027410120900371
sinr_ul:0.11062975,0.08523154,0.07128418,0.06313447,0.05902867,0.05550057,0.05432453,0.05471654,0.05426263,0.08878027,0.18614353,0.21141795,0.06957171,0.06711648,0.04638114,0.01828011,0.0184039 ,0.01844517,0.01865149,0.01879592,0.01941488,0.01980689,0.01999258,0.0203227 ,0.02081787,0.02172569,0.02240655,0.02292235,0.02389206,0.02446977,0.02529505,0.02640919,0.02690436,0.02828672,0.03055626,0.03457953,0.03934557,0.04794919,0.06309321,0.15494768
sinr_ul_bin_edges:50.804684 ,51.2893589,51.7740338,52.2587087,52.7433836,53.2280585,53.7127334,54.1974083,54.6820832,55.1667581,55.651433 ,56.1361079,56.6207828,57.1054577,57.5901326,58.0748075,58.5594824,59.0441573,59.5288322,60.0135071,60.498182 ,60.9828569,61.4675318,61.9522067,62.4368816,62.9215565,63.4062314,63.8909063,64.3755812,64.8602561,65.344931 ,65.8296059,66.3142808,66.7989557,67.2836306,67.7683055,68.2529804,68.7376553,69.2223302,69.7070051,70.19168  
sinr_dl:0.11058991,0.08529453,0.07126447,0.06305276,0.05907069,0.05556318,0.0543046 ,0.05473788,0.05432523,0.08884331,0.18604277,0.21144131,0.06946945,0.06711735,0.046423  ,0.01828035,0.01834224,0.0185073 ,0.01865173,0.01881679,0.01941513,0.01978652,0.01999284,0.02032296,0.02081814,0.02172597,0.02236557,0.02298455,0.02385111,0.02447008,0.02533664,0.0263889 ,0.02692534,0.02826645,0.03055665,0.03457998,0.03934608,0.04790854,0.06303212,0.15505284
sinr_dl_bin_edges:36.08982   ,36.57448865,37.0591573 ,37.54382595,38.0284946 ,38.51316325,38.9978319 ,39.48250055,39.9671692 ,40.45183785,40.9365065 ,41.42117515,41.9058438 ,42.39051245,42.8751811 ,43.35984975,43.8445184 ,44.32918705,44.8138557 ,45.29852435,45.783193  ,46.26786165,46.7525303 ,47.23719895,47.7218676 ,48.20653625,48.6912049 ,49.17587355,49.6605422 ,50.14521085,50.6298795 ,51.11454815,51.5992168 ,52.08388545,52.5685541 ,53.05322275,53.5378914 ,54.02256005,54.5072287 ,54.99189735,55.476566  
rsrp_ul:0.11050628,0.08529368,0.07132565,0.06307276,0.05904947,0.05554199,0.05434532,0.05475797,0.05430406,0.08880116,0.1861647 ,0.21160425,0.06926243,0.06703415,0.0464638 ,0.01828016,0.01834206,0.01848649,0.01865155,0.01883724,0.01941494,0.01980695,0.01997201,0.02032276,0.02085919,0.02170512,0.02234472,0.02296368,0.02385087,0.02449047,0.02529513,0.02640927,0.02692507,0.0282868 ,0.03061824,0.034559  ,0.03932505,0.04792869,0.06307276,0.15496876
rsrp_ul_bin_edges:-105.02258  ,-104.5379065,-104.053233 ,-103.5685595,-103.083886 ,-102.5992125,-102.114539 ,-101.6298655,-101.145192 ,-100.6605185,-100.175845 , -99.6911715, -99.206498 , -98.7218245, -98.237151 , -97.7524775, -97.267804 , -96.7831305, -96.298457 , -95.8137835, -95.32911  , -94.8444365, -94.359763 , -93.8750895, -93.390416 , -92.9057425, -92.421069 , -91.9363955, -91.451722 , -90.9670485, -90.482375 , -89.9977015, -89.513028 , -89.0283545, -88.543681 , -88.0590075, -87.574334 , -87.0896605, -86.604987 , -86.1203135, -85.63564  
rsrp_dl:0.11050633,0.08529372,0.07132569,0.06307279,0.0590495 ,0.05554202,0.05434535,0.05475799,0.05430408,0.08880121,0.1861648 ,0.2115631 ,0.06930373,0.06703418,0.04646383,0.01828017,0.01834207,0.0184865 ,0.01865155,0.01883724,0.01941495,0.01980696,0.01997202,0.02032277,0.02085921,0.02170513,0.02234473,0.0229637 ,0.02385088,0.02449048,0.02529514,0.02640928,0.02692509,0.02828682,0.03061826,0.03455902,0.03932507,0.04792872,0.06307279,0.15496883
rsrp_dl_bin_edges:-115.02258   ,-114.53790675,-114.0532335 ,-113.56856025,-113.083887  ,-112.59921375,-112.1145405 ,-111.62986725,-111.145194  ,-110.66052075,-110.1758475 ,-109.69117425,-109.206501  ,-108.72182775,-108.2371545 ,-107.75248125,-107.267808  ,-106.78313475,-106.2984615 ,-105.81378825,-105.329115  ,-104.84444175,-104.3597685 ,-103.87509525,-103.390422  ,-102.90574875,-102.4210755 ,-101.93640225,-101.451729  ,-100.96705575,-100.4823825 , -99.99770925, -99.513036  , -99.02836275, -98.5436895 , -98.05901625, -97.574343  , -97.08966975, -96.6049965 , -96.12032325, -95.63565   
cqi_ul: 0., 0., 0., 0., 0., 0., 0., 0., 0., 0., 0., 0., 0., 0., 0., 0., 0., 0., 0., 0.,40., 0., 0., 0., 0., 0., 0., 0., 0., 0., 0., 0., 0., 0., 0., 0., 0., 0., 0., 0.
cqi_ul_bin_edges:14.5  ,14.525,14.55 ,14.575,14.6  ,14.625,14.65 ,14.675,14.7  ,14.725,14.75 ,14.775,14.8  ,14.825,14.85 ,14.875,14.9  ,14.925,14.95 ,14.975,15.   ,15.025,15.05 ,15.075,15.1  ,15.125,15.15 ,15.175,15.2  ,15.225,15.25 ,15.275,15.3  ,15.325,15.35 ,15.375,15.4  ,15.425,15.45 ,15.475,15.5  
cqi_dl: 0., 0., 0., 0., 0., 0., 0., 0., 0., 0., 0., 0., 0., 0., 0., 0., 0., 0., 0., 0.,40., 0., 0., 0., 0., 0., 0., 0., 0., 0., 0., 0., 0., 0., 0., 0., 0., 0., 0., 0.
cqi_dl_bin_edges:14.5  ,14.525,14.55 ,14.575,14.6  ,14.625,14.65 ,14.675,14.7  ,14.725,14.75 ,14.775,14.8  ,14.825,14.85 ,14.875,14.9  ,14.925,14.95 ,14.975,15.   ,15.025,15.05 ,15.075,15.1  ,15.125,15.15 ,15.175,15.2  ,15.225,15.25 ,15.275,15.3  ,15.325,15.35 ,15.375,15.4  ,15.425,15.45 ,15.475,15.5  
mcs_ul: 0., 0., 0., 0., 0., 0., 0., 0., 0., 0., 0., 0., 0., 0., 0., 0., 0., 0., 0., 0.,40., 0., 0., 0., 0., 0., 0., 0., 0., 0., 0., 0., 0., 0., 0., 0., 0., 0., 0., 0.
mcs_ul_bin_edges:27.5  ,27.525,27.55 ,27.575,27.6  ,27.625,27.65 ,27.675,27.7  ,27.725,27.75 ,27.775,27.8  ,27.825,27.85 ,27.875,27.9  ,27.925,27.95 ,27.975,28.   ,28.025,28.05 ,28.075,28.1  ,28.125,28.15 ,28.175,28.2  ,28.225,28.25 ,28.275,28.3  ,28.325,28.35 ,28.375,28.4  ,28.425,28.45 ,28.475,28.5  
mcs_dl: 0., 0., 0., 0., 0., 0., 0., 0., 0., 0., 0., 0., 0., 0., 0., 0., 0., 0., 0., 0.,40., 0., 0., 0., 0., 0., 0., 0., 0., 0., 0., 0., 0., 0., 0., 0., 0., 0., 0., 0.
mcs_dl_bin_edges:27.5  ,27.525,27.55 ,27.575,27.6  ,27.625,27.65 ,27.675,27.7  ,27.725,27.75 ,27.775,27.8  ,27.825,27.85 ,27.875,27.9  ,27.925,27.95 ,27.975,28.   ,28.025,28.05 ,28.075,28.1  ,28.125,28.15 ,28.175,28.2  ,28.225,28.25 ,28.275,28.3  ,28.325,28.35 ,28.375,28.4  ,28.425,28.45 ,28.475,28.5  
eff_ul: 0., 0., 0., 0., 0., 0., 0., 0., 0., 0., 0., 0., 0., 0., 0., 0., 0., 0., 0., 0.,40., 0., 0., 0., 0., 0., 0., 0., 0., 0., 0., 0., 0., 0., 0., 0., 0., 0., 0., 0.
eff_ul_bin_edges:5.054651,5.079651,5.104651,5.129651,5.154651,5.179651,5.204651,5.229651,5.254651,5.279651,5.304651,5.329651,5.354651,5.379651,5.404651,5.429651,5.454651,5.479651,5.504651,5.529651,5.554651,5.579651,5.604651,5.629651,5.654651,5.679651,5.704651,5.729651,5.754651,5.779651,5.804651,5.829651,5.854651,5.879651,5.904651,5.929651,5.954651,5.979651,6.004651,6.029651,6.054651
eff_dl: 0., 0., 0., 0., 0., 0., 0., 0., 0., 0., 0., 0., 0., 0., 0., 0., 0., 0., 0., 0.,40., 0., 0., 0., 0., 0., 0., 0., 0., 0., 0., 0., 0., 0., 0., 0., 0., 0., 0., 0.
eff_dl_bin_edges:5.054651,5.079651,5.104651,5.129651,5.154651,5.179651,5.204651,5.229651,5.254651,5.279651,5.304651,5.329651,5.354651,5.379651,5.404651,5.429651,5.454651,5.479651,5.504651,5.529651,5.554651,5.579651,5.604651,5.629651,5.654651,5.679651,5.704651,5.729651,5.754651,5.779651,5.804651,5.829651,5.854651,5.879651,5.904651,5.929651,5.954651,5.979651,6.004651,6.029651,6.054651
rul:1.32414023e-02,0.00000000e+00,0.00000000e+00,8.82113270e-07,8.82113270e-07,8.82113270e-07,8.82113270e-07,1.76422654e-06,1.76422654e-06,2.64633981e-06,6.17479289e-06,2.64633981e-05,4.23767215e-03,5.73453016e-02,6.35121554e-05,2.02886052e-05,1.14674725e-05,7.93901943e-06,0.00000000e+00,3.52845308e-06,4.41056635e-06,1.76422654e-06,7.93901943e-06,8.82113270e-06,2.55812848e-05,3.44024175e-05,1.31478983e-02,3.52845308e-06,0.00000000e+00,0.00000000e+00,0.00000000e+00,0.00000000e+00,0.00000000e+00,0.00000000e+00,0.00000000e+00,0.00000000e+00,1.76422654e-06,8.82113270e-07,0.00000000e+00,1.76422654e-06
rul_bin_edges:  0.        , 11.33629925, 22.6725985 , 34.00889775, 45.345197  , 56.68149625, 68.0177955 , 79.35409475, 90.690394  ,102.02669325,113.3629925 ,124.69929175,136.035591  ,147.37189025,158.7081895 ,170.04448875,181.380788  ,192.71708725,204.0533865 ,215.38968575,226.725985  ,238.06228425,249.3985835 ,260.73488275,272.071182  ,283.40748125,294.7437805 ,306.08007975,317.416379  ,328.75267825,340.0889775 ,351.42527675,362.761576  ,374.09787525,385.4341745 ,396.77047375,408.106773  ,419.44307225,430.7793715 ,442.11567075,453.45197   
rdl:1.32414204e-02,0.00000000e+00,0.00000000e+00,8.82114476e-07,8.82114476e-07,8.82114476e-07,8.82114476e-07,1.76422895e-06,1.76422895e-06,3.52845790e-06,5.29268686e-06,2.64634343e-05,4.23767794e-03,5.73453800e-02,6.35122423e-05,2.02886330e-05,1.14674882e-05,7.93903028e-06,0.00000000e+00,3.52845790e-06,4.41057238e-06,1.76422895e-06,7.93903028e-06,8.82114476e-06,2.55813198e-05,3.44024646e-05,1.31479163e-02,3.52845790e-06,0.00000000e+00,0.00000000e+00,0.00000000e+00,0.00000000e+00,0.00000000e+00,0.00000000e+00,0.00000000e+00,0.00000000e+00,1.76422895e-06,0.00000000e+00,8.82114476e-07,1.76422895e-06
rdl_bin_edges:  0.        , 11.33628375, 22.6725675 , 34.00885125, 45.345135  , 56.68141875, 68.0177025 , 79.35398625, 90.69027   ,102.02655375,113.3628375 ,124.69912125,136.035405  ,147.37168875,158.7079725 ,170.04425625,181.38054   ,192.71682375,204.0531075 ,215.38939125,226.725675  ,238.06195875,249.3982425 ,260.73452625,272.07081   ,283.40709375,294.7433775 ,306.07966125,317.415945  ,328.75222875,340.0885125 ,351.42479625,362.76108   ,374.09736375,385.4336475 ,396.76993125,408.106215  ,419.44249875,430.7787825 ,442.11506625,453.45135   
lul:1.34760419e+03,0.00000000e+00,0.00000000e+00,0.00000000e+00,0.00000000e+00,0.00000000e+00,0.00000000e+00,0.00000000e+00,0.00000000e+00,0.00000000e+00,0.00000000e+00,0.00000000e+00,0.00000000e+00,0.00000000e+00,0.00000000e+00,0.00000000e+00,0.00000000e+00,0.00000000e+00,0.00000000e+00,0.00000000e+00,0.00000000e+00,0.00000000e+00,0.00000000e+00,0.00000000e+00,0.00000000e+00,0.00000000e+00,4.38664870e+03,8.55191362e+02,7.90015115e+00,3.68075224e+00,7.63082781e+00,1.33333005e+03,5.65579003e+00,3.50120335e+00,6.46376003e+00,1.01319438e+03,6.46376003e+00,0.00000000e+00,1.79548890e-01,8.97744448e-02
lul_bin_edges:0.        ,0.00011139,0.00022278,0.00033417,0.00044556,0.00055695,0.00066833,0.00077972,0.00089111,0.0010025 ,0.00111389,0.00122528,0.00133667,0.00144806,0.00155945,0.00167084,0.00178223,0.00189362,0.002005  ,0.00211639,0.00222778,0.00233917,0.00245056,0.00256195,0.00267334,0.00278473,0.00289612,0.00300751,0.0031189 ,0.00323029,0.00334167,0.00345306,0.00356445,0.00367584,0.00378723,0.00389862,0.00401001,0.0041214 ,0.00423279,0.00434418,0.00445557
ldl:1.34760419e+03,0.00000000e+00,0.00000000e+00,0.00000000e+00,0.00000000e+00,0.00000000e+00,0.00000000e+00,0.00000000e+00,0.00000000e+00,0.00000000e+00,0.00000000e+00,0.00000000e+00,0.00000000e+00,0.00000000e+00,0.00000000e+00,0.00000000e+00,0.00000000e+00,0.00000000e+00,0.00000000e+00,0.00000000e+00,0.00000000e+00,0.00000000e+00,0.00000000e+00,0.00000000e+00,0.00000000e+00,0.00000000e+00,4.38664870e+03,8.55191362e+02,7.90015115e+00,3.77052668e+00,7.45127892e+00,1.33341983e+03,5.65579003e+00,3.50120335e+00,6.46376003e+00,1.01319438e+03,6.46376003e+00,0.00000000e+00,1.79548890e-01,8.97744448e-02
ldl_bin_edges:0.        ,0.00011139,0.00022278,0.00033417,0.00044556,0.00055695,0.00066833,0.00077972,0.00089111,0.0010025 ,0.00111389,0.00122528,0.00133667,0.00144806,0.00155945,0.00167084,0.00178223,0.00189362,0.002005  ,0.00211639,0.00222778,0.00233917,0.00245056,0.00256195,0.00267334,0.00278473,0.00289612,0.00300751,0.0031189 ,0.00323029,0.00334167,0.00345306,0.00356445,0.00367584,0.00378723,0.00389862,0.00401001,0.0041214 ,0.00423279,0.00434418,0.00445557
ilul:1.34760419e+03,0.00000000e+00,0.00000000e+00,0.00000000e+00,0.00000000e+00,0.00000000e+00,0.00000000e+00,0.00000000e+00,0.00000000e+00,0.00000000e+00,0.00000000e+00,0.00000000e+00,0.00000000e+00,0.00000000e+00,0.00000000e+00,0.00000000e+00,0.00000000e+00,0.00000000e+00,0.00000000e+00,0.00000000e+00,0.00000000e+00,0.00000000e+00,0.00000000e+00,0.00000000e+00,0.00000000e+00,0.00000000e+00,4.38664870e+03,8.55191362e+02,7.90015115e+00,3.68075224e+00,7.63082781e+00,1.33333005e+03,5.65579003e+00,3.50120335e+00,6.46376003e+00,1.01319438e+03,6.46376003e+00,0.00000000e+00,1.79548890e-01,8.97744448e-02
ilul_bin_edges:0.        ,0.00011139,0.00022278,0.00033417,0.00044556,0.00055695,0.00066833,0.00077972,0.00089111,0.0010025 ,0.00111389,0.00122528,0.00133667,0.00144806,0.00155945,0.00167084,0.00178223,0.00189362,0.002005  ,0.00211639,0.00222778,0.00233917,0.00245056,0.00256195,0.00267334,0.00278473,0.00289612,0.00300751,0.0031189 ,0.00323029,0.00334167,0.00345306,0.00356445,0.00367584,0.00378723,0.00389862,0.00401001,0.0041214 ,0.00423279,0.00434418,0.00445557
ildl:1.34760419e+03,0.00000000e+00,0.00000000e+00,0.00000000e+00,0.00000000e+00,0.00000000e+00,0.00000000e+00,0.00000000e+00,0.00000000e+00,0.00000000e+00,0.00000000e+00,0.00000000e+00,0.00000000e+00,0.00000000e+00,0.00000000e+00,0.00000000e+00,0.00000000e+00,0.00000000e+00,0.00000000e+00,0.00000000e+00,0.00000000e+00,0.00000000e+00,0.00000000e+00,0.00000000e+00,0.00000000e+00,0.00000000e+00,4.38664870e+03,8.55191362e+02,7.90015115e+00,3.77052668e+00,7.45127892e+00,1.33341983e+03,5.65579003e+00,3.50120335e+00,6.46376003e+00,1.01319438e+03,6.46376003e+00,0.00000000e+00,1.79548890e-01,8.97744448e-02
ildl_bin_edges:0.        ,0.00011139,0.00022278,0.00033417,0.00044556,0.00055695,0.00066833,0.00077972,0.00089111,0.0010025 ,0.00111389,0.00122528,0.00133667,0.00144806,0.00155945,0.00167084,0.00178223,0.00189362,0.002005  ,0.00211639,0.00222778,0.00233917,0.00245056,0.00256195,0.00267334,0.00278473,0.00289612,0.00300751,0.0031189 ,0.00323029,0.00334167,0.00345306,0.00356445,0.00367584,0.00378723,0.00389862,0.00401001,0.0041214 ,0.00423279,0.00434418,0.00445557
eul: 0., 0., 0., 0., 0., 0., 0., 0., 0., 0., 0., 0., 0., 0., 0., 0., 0., 0., 0., 0.,40., 0., 0., 0., 0., 0., 0., 0., 0., 0., 0., 0., 0., 0., 0., 0., 0., 0., 0., 0.
eul_bin_edges:-0.5  ,-0.475,-0.45 ,-0.425,-0.4  ,-0.375,-0.35 ,-0.325,-0.3  ,-0.275,-0.25 ,-0.225,-0.2  ,-0.175,-0.15 ,-0.125,-0.1  ,-0.075,-0.05 ,-0.025, 0.   , 0.025, 0.05 , 0.075, 0.1  , 0.125, 0.15 , 0.175, 0.2  , 0.225, 0.25 , 0.275, 0.3  , 0.325, 0.35 , 0.375, 0.4  , 0.425, 0.45 , 0.475, 0.5  
edl: 0., 0., 0., 0., 0., 0., 0., 0., 0., 0., 0., 0., 0., 0., 0., 0., 0., 0., 0., 0.,40., 0., 0., 0., 0., 0., 0., 0., 0., 0., 0., 0., 0., 0., 0., 0., 0., 0., 0., 0.
edl_bin_edges:-0.5  ,-0.475,-0.45 ,-0.425,-0.4  ,-0.375,-0.35 ,-0.325,-0.3  ,-0.275,-0.25 ,-0.225,-0.2  ,-0.175,-0.15 ,-0.125,-0.1  ,-0.075,-0.05 ,-0.025, 0.   , 0.025, 0.05 , 0.075, 0.1  , 0.125, 0.15 , 0.175, 0.2  , 0.225, 0.25 , 0.275, 0.3  , 0.325, 0.35 , 0.375, 0.4  , 0.425, 0.45 , 0.475, 0.5  
gul:9.08875256e-07,0.00000000e+00,0.00000000e+00,9.08875256e-07,9.08875256e-07,9.99762781e-06,9.08875256e-06,2.36307566e-05,1.36331288e-05,2.72662577e-05,3.27195092e-05,7.99810225e-05,1.49964417e-04,8.94951287e-02,8.07081227e-04,1.13609407e-04,3.99905113e-05,2.72662577e-05,1.45420041e-05,1.54508793e-05,1.18153783e-05,7.27100205e-06,9.08875256e-07,1.81775051e-06,0.00000000e+00,1.81775051e-06,0.00000000e+00,0.00000000e+00,9.08875256e-07,0.00000000e+00,9.08875256e-07,0.00000000e+00,0.00000000e+00,0.00000000e+00,0.00000000e+00,0.00000000e+00,0.00000000e+00,0.00000000e+00,0.00000000e+00,9.08875256e-07
gul_bin_edges:  0.    , 11.0025, 22.005 , 33.0075, 44.01  , 55.0125, 66.015 , 77.0175, 88.02  , 99.0225,110.025 ,121.0275,132.03  ,143.0325,154.035 ,165.0375,176.04  ,187.0425,198.045 ,209.0475,220.05  ,231.0525,242.055 ,253.0575,264.06  ,275.0625,286.065 ,297.0675,308.07  ,319.0725,330.075 ,341.0775,352.08  ,363.0825,374.085 ,385.0875,396.09  ,407.0925,418.095 ,429.0975,440.1   
gdl:9.08875256e-07,0.00000000e+00,0.00000000e+00,9.08875256e-07,9.08875256e-07,9.99762781e-06,9.08875256e-06,2.36307566e-05,1.36331288e-05,2.72662577e-05,3.27195092e-05,7.99810225e-05,1.49964417e-04,8.94951287e-02,8.07081227e-04,1.13609407e-04,3.99905113e-05,2.72662577e-05,1.45420041e-05,1.54508793e-05,1.18153783e-05,7.27100205e-06,9.08875256e-07,1.81775051e-06,0.00000000e+00,1.81775051e-06,0.00000000e+00,0.00000000e+00,9.08875256e-07,0.00000000e+00,9.08875256e-07,0.00000000e+00,0.00000000e+00,0.00000000e+00,0.00000000e+00,0.00000000e+00,0.00000000e+00,0.00000000e+00,0.00000000e+00,9.08875256e-07
gdl_bin_edges:  0.    , 11.0025, 22.005 , 33.0075, 44.01  , 55.0125, 66.015 , 77.0175, 88.02  , 99.0225,110.025 ,121.0275,132.03  ,143.0325,154.035 ,165.0375,176.04  ,187.0425,198.045 ,209.0475,220.05  ,231.0525,242.055 ,253.0575,264.06  ,275.0625,286.065 ,297.0675,308.07  ,319.0725,330.075 ,341.0775,352.08  ,363.0825,374.085 ,385.0875,396.09  ,407.0925,418.095 ,429.0975,440.1   
ri: 0., 0., 0., 0., 0., 0., 0., 0., 0., 0., 0., 0., 0., 0., 0., 0., 0., 0., 0., 0.,40., 0., 0., 0., 0., 0., 0., 0., 0., 0., 0., 0., 0., 0., 0., 0., 0., 0., 0., 0.
ri_bin_edges:0.5  ,0.525,0.55 ,0.575,0.6  ,0.625,0.65 ,0.675,0.7  ,0.725,0.75 ,0.775,0.8  ,0.825,0.85 ,0.875,0.9  ,0.925,0.95 ,0.975,1.   ,1.025,1.05 ,1.075,1.1  ,1.125,1.15 ,1.175,1.2  ,1.225,1.25 ,1.275,1.3  ,1.325,1.35 ,1.375,1.4  ,1.425,1.45 ,1.475,1.5  
