period:1.0
ue_log_freq:1000
mac_log_freq:1000
mimo_layers:1
frequency:28000000000.0
bandwidth:300000000.0
ue_speed:0.27778
max_distance:10.0
shannon_cfg_bandwidth_mhz:300.0
shannon_cfg_mimo_layers:1
shannon_cfg_bw_efficiency:0.67
shannon_cfg_sinr_offset_db:0.0
shannon_cfg_ul_divisor:2.0
shannon_cfg_sinr_sample_rate:1000
n_ue:5
sinr_period:16.304296531427745
sinr_rate:61.33352629304954
ul_fairness:0.9999839961012104
dl_fairness:0.9999846785248703
ul_agg_throughput:378.67484600243796
dl_agg_throughput:709.3725499325552
ul_ave_throughput:75.7349692004876
dl_ave_throughput:141.87450998651104
ul_se:1.262249486674793
dl_se:2.364575166441851
ul_ase:0.004017864904390016
dl_ase:0.007526676521031233
ul_gr:85.84604324263294, 85.84863441345829, 85.83814440555493, 85.8421937450604, 85.83979733544089
dl_gr:160.65832392457943, 160.65921135824772, 160.6466026871401, 160.65449983064244, 160.65147171728577
ul_tr:85.67967115693801, 85.68031220088066, 85.66816592226488, 85.68214587128826, 85.67247992006322
dl_tr:160.48654023462188, 160.4880442454885, 160.49954334317104, 160.49177431966422, 160.49565976177374
ul_er:83.51064638139324, 83.51079033532798, 83.52128034323135, 83.51723100372585, 83.5168922885853
dl_er:8.701100824206842, 8.700213390538556, 8.712822061646154, 8.70492491814384, 8.707953031500509
ul_er_ratio:0.49358998550536626, 0.4935885462266304, 0.49365537973431106, 0.4936024738756526, 0.49362966005683967
dl_er_ratio:0.05142870229617633, 0.05142326962935711, 0.051490457218075825, 0.05144855045847532, 0.05146434457129183
ul_er_perc:49.358998550536626, 49.35885462266304, 49.3655379734311, 49.36024738756526, 49.362966005683965
dl_er_perc:5.142870229617634, 5.1423269629357105, 5.149045721807583, 5.144855045847533, 5.146434457129183
ul_l:0.0006697415802517783, 0.0006658968110816304, 0.0006690631354013774, 0.0006717039100790336, 0.0006690859999367732
dl_l:0.000698770099799029, 0.0006973511736524783, 0.0006992834305453315, 0.000699947118523202, 0.0006963002828655301
ul_il:0.03140868251390877, 0.031235347272322456, 0.03139116891885627, 0.03111711828965677, 0.03130210314184148
dl_il:0.013883555404764592, 0.013870590122146326, 0.01376109163692108, 0.01381534652248391, 0.01393947915105679
sinr_ul:0.02270359,0.03308176,0.0432261 ,0.06611675,0.06909713,0.08227286,0.0764184 ,0.07662247,0.07346353,0.09882437,0.10322904,0.07956884,0.0881826 ,0.11495497,0.11554594,0.07648217,0.06338297,0.06703935,0.01663654,0.01497841,0.01530154,0.01545459,0.01551837,0.01593503,0.01621988,0.01645797,0.01757189,0.01807358,0.01869432,0.01899193,0.01953614,0.0212793 ,0.02312449,0.02608361,0.0329117 ,0.04344293,0.05613823,0.06057691,0.02002082,0.02966347
sinr_ul_bin_edges:51.165062  ,51.69617895,52.2272959 ,52.75841285,53.2895298 ,53.82064675,54.3517637 ,54.88288065,55.4139976 ,55.94511455,56.4762315 ,57.00734845,57.5384654 ,58.06958235,58.6006993 ,59.13181625,59.6629332 ,60.19405015,60.7251671 ,61.25628405,61.787401  ,62.31851795,62.8496349 ,63.38075185,63.9118688 ,64.44298575,64.9741027 ,65.50521965,66.0363366 ,66.56745355,67.0985705 ,67.62968745,68.1608044 ,68.69192135,69.2230383 ,69.75415525,70.2852722 ,70.81638915,71.3475061 ,71.87862305,72.40974   
sinr_dl:0.02272126,0.03795565,0.04586985,0.06922356,0.07111237,0.08153927,0.07642838,0.07583439,0.07212942,0.09873512,0.1045383 ,0.08106066,0.08913297,0.12282385,0.1073245 ,0.07494554,0.06277511,0.06578781,0.01469168,0.01494808,0.01532414,0.0154096 ,0.01555917,0.01590103,0.01615743,0.01654631,0.01757618,0.01807616,0.01864023,0.01897355,0.01954618,0.02115295,0.02308876,0.02583651,0.03291741,0.04210078,0.06015557,0.05862144,0.02152473,0.02975515
sinr_dl_bin_edges:36.550774  ,37.07919205,37.6076101 ,38.13602815,38.6644462 ,39.19286425,39.7212823 ,40.24970035,40.7781184 ,41.30653645,41.8349545 ,42.36337255,42.8917906 ,43.42020865,43.9486267 ,44.47704475,45.0054628 ,45.53388085,46.0622989 ,46.59071695,47.119135  ,47.64755305,48.1759711 ,48.70438915,49.2328072 ,49.76122525,50.2896433 ,50.81806135,51.3464794 ,51.87489745,52.4033155 ,52.93173355,53.4601516 ,53.98856965,54.5169877 ,55.04540575,55.5738238 ,56.10224185,56.6306599 ,57.15907795,57.687496  
rsrp_ul:0.02270939,0.03357982,0.04030003,0.06591924,0.06773311,0.08298739,0.07628417,0.07710402,0.07371418,0.09864948,0.10288466,0.07913028,0.08767285,0.11342375,0.11604897,0.07810228,0.06286499,0.06596597,0.02042401,0.01497392,0.01527553,0.01548367,0.01549217,0.01593395,0.01618458,0.01649468,0.01750993,0.01815562,0.01866961,0.0190137 ,0.01952769,0.0212566 ,0.02313418,0.02607799,0.03327822,0.04372386,0.05547361,0.05851087,0.02186405,0.02965899
rsrp_ul_bin_edges:-104.68843   ,-104.15685215,-103.6252743 ,-103.09369645,-102.5621186 ,-102.03054075,-101.4989629 ,-100.96738505,-100.4358072 , -99.90422935, -99.3726515 , -98.84107365, -98.3094958 , -97.77791795, -97.2463401 , -96.71476225, -96.1831844 , -95.65160655, -95.1200287 , -94.58845085, -94.056873  , -93.52529515, -92.9937173 , -92.46213945, -91.9305616 , -91.39898375, -90.8674059 , -90.33582805, -89.8042502 , -89.27267235, -88.7410945 , -88.20951665, -87.6779388 , -87.14636095, -86.6147831 , -86.08320525, -85.5516274 , -85.02004955, -84.4884717 , -83.95689385, -83.425316  
rsrp_dl:0.02270939,0.03357982,0.04030003,0.06591924,0.06773311,0.08298739,0.07628417,0.07710402,0.07371418,0.09864948,0.10288466,0.07913028,0.08767285,0.11342375,0.11604897,0.07810228,0.06286499,0.06596597,0.02042401,0.01497392,0.01527553,0.01548367,0.01549217,0.01593395,0.01618458,0.01649468,0.01750993,0.01815562,0.01866961,0.0190137 ,0.01952769,0.0212566 ,0.02313418,0.02607799,0.03327822,0.04372386,0.05547361,0.05851087,0.02186405,0.02965899
rsrp_dl_bin_edges:-114.68843   ,-114.15685215,-113.6252743 ,-113.09369645,-112.5621186 ,-112.03054075,-111.4989629 ,-110.96738505,-110.4358072 ,-109.90422935,-109.3726515 ,-108.84107365,-108.3094958 ,-107.77791795,-107.2463401 ,-106.71476225,-106.1831844 ,-105.65160655,-105.1200287 ,-104.58845085,-104.056873  ,-103.52529515,-102.9937173 ,-102.46213945,-101.9305616 ,-101.39898375,-100.8674059 ,-100.33582805, -99.8042502 , -99.27267235, -98.7410945 , -98.20951665, -97.6779388 , -97.14636095, -96.6147831 , -96.08320525, -95.5516274 , -95.02004955, -94.4884717 , -93.95689385, -93.425316  
cqi_ul: 0., 0., 0., 0., 0., 0., 0., 0., 0., 0., 0., 0., 0., 0., 0., 0., 0., 0., 0., 0.,40., 0., 0., 0., 0., 0., 0., 0., 0., 0., 0., 0., 0., 0., 0., 0., 0., 0., 0., 0.
cqi_ul_bin_edges:14.5  ,14.525,14.55 ,14.575,14.6  ,14.625,14.65 ,14.675,14.7  ,14.725,14.75 ,14.775,14.8  ,14.825,14.85 ,14.875,14.9  ,14.925,14.95 ,14.975,15.   ,15.025,15.05 ,15.075,15.1  ,15.125,15.15 ,15.175,15.2  ,15.225,15.25 ,15.275,15.3  ,15.325,15.35 ,15.375,15.4  ,15.425,15.45 ,15.475,15.5  
cqi_dl: 0., 0., 0., 0., 0., 0., 0., 0., 0., 0., 0., 0., 0., 0., 0., 0., 0., 0., 0., 0.,40., 0., 0., 0., 0., 0., 0., 0., 0., 0., 0., 0., 0., 0., 0., 0., 0., 0., 0., 0.
cqi_dl_bin_edges:14.5  ,14.525,14.55 ,14.575,14.6  ,14.625,14.65 ,14.675,14.7  ,14.725,14.75 ,14.775,14.8  ,14.825,14.85 ,14.875,14.9  ,14.925,14.95 ,14.975,15.   ,15.025,15.05 ,15.075,15.1  ,15.125,15.15 ,15.175,15.2  ,15.225,15.25 ,15.275,15.3  ,15.325,15.35 ,15.375,15.4  ,15.425,15.45 ,15.475,15.5  
mcs_ul: 0., 0., 0., 0., 0., 0., 0., 0., 0., 0., 0., 0., 0., 0., 0., 0., 0., 0., 0., 0.,40., 0., 0., 0., 0., 0., 0., 0., 0., 0., 0., 0., 0., 0., 0., 0., 0., 0., 0., 0.
mcs_ul_bin_edges:27.5  ,27.525,27.55 ,27.575,27.6  ,27.625,27.65 ,27.675,27.7  ,27.725,27.75 ,27.775,27.8  ,27.825,27.85 ,27.875,27.9  ,27.925,27.95 ,27.975,28.   ,28.025,28.05 ,28.075,28.1  ,28.125,28.15 ,28.175,28.2  ,28.225,28.25 ,28.275,28.3  ,28.325,28.35 ,28.375,28.4  ,28.425,28.45 ,28.475,28.5  
mcs_dl: 0., 0., 0., 0., 0., 0., 0., 0., 0., 0., 0., 0., 0., 0., 0., 0., 0., 0., 0., 0.,40., 0., 0., 0., 0., 0., 0., 0., 0., 0., 0., 0., 0., 0., 0., 0., 0., 0., 0., 0.
mcs_dl_bin_edges:27.5  ,27.525,27.55 ,27.575,27.6  ,27.625,27.65 ,27.675,27.7  ,27.725,27.75 ,27.775,27.8  ,27.825,27.85 ,27.875,27.9  ,27.925,27.95 ,27.975,28.   ,28.025,28.05 ,28.075,28.1  ,28.125,28.15 ,28.175,28.2  ,28.225,28.25 ,28.275,28.3  ,28.325,28.35 ,28.375,28.4  ,28.425,28.45 ,28.475,28.5  
eff_ul: 0., 0., 0., 0., 0., 0., 0., 0., 0., 0., 0., 0., 0., 0., 0., 0., 0., 0., 0., 0.,40., 0., 0., 0., 0., 0., 0., 0., 0., 0., 0., 0., 0., 0., 0., 0., 0., 0., 0., 0.
eff_ul_bin_edges:5.054651,5.079651,5.104651,5.129651,5.154651,5.179651,5.204651,5.229651,5.254651,5.279651,5.304651,5.329651,5.354651,5.379651,5.404651,5.429651,5.454651,5.479651,5.504651,5.529651,5.554651,5.579651,5.604651,5.629651,5.654651,5.679651,5.704651,5.729651,5.754651,5.779651,5.804651,5.829651,5.854651,5.879651,5.904651,5.929651,5.954651,5.979651,6.004651,6.029651,6.054651
eff_dl: 0., 0., 0., 0., 0., 0., 0., 0., 0., 0., 0., 0., 0., 0., 0., 0., 0., 0., 0., 0.,40., 0., 0., 0., 0., 0., 0., 0., 0., 0., 0., 0., 0., 0., 0., 0., 0., 0., 0., 0.
eff_dl_bin_edges:5.054651,5.079651,5.104651,5.129651,5.154651,5.179651,5.204651,5.229651,5.254651,5.279651,5.304651,5.329651,5.354651,5.379651,5.404651,5.429651,5.454651,5.479651,5.504651,5.529651,5.554651,5.579651,5.604651,5.629651,5.654651,5.679651,5.704651,5.729651,5.754651,5.779651,5.804651,5.829651,5.854651,5.879651,5.904651,5.929651,5.954651,5.979651,6.004651,6.029651,6.054651
rul:2.52380939e-02,7.02807373e-08,0.00000000e+00,1.40561475e-07,8.43368847e-07,0.00000000e+00,1.40561475e-07,0.00000000e+00,7.02807373e-08,7.02807373e-08,0.00000000e+00,0.00000000e+00,0.00000000e+00,5.54529073e-03,0.00000000e+00,0.00000000e+00,0.00000000e+00,0.00000000e+00,0.00000000e+00,0.00000000e+00,0.00000000e+00,0.00000000e+00,0.00000000e+00,0.00000000e+00,0.00000000e+00,0.00000000e+00,3.38612592e-04,0.00000000e+00,0.00000000e+00,0.00000000e+00,0.00000000e+00,0.00000000e+00,0.00000000e+00,0.00000000e+00,0.00000000e+00,0.00000000e+00,0.00000000e+00,0.00000000e+00,0.00000000e+00,4.91965161e-07
rul_bin_edges:   0.       ,  32.1297275,  64.259455 ,  96.3891825, 128.51891  , 160.6486375, 192.778365 , 224.9080925, 257.03782  , 289.1675475, 321.297275 , 353.4270025, 385.55673  , 417.6864575, 449.816185 , 481.9459125, 514.07564  , 546.2053675, 578.335095 , 610.4648225, 642.59455  , 674.7242775, 706.854005 , 738.9837325, 771.11346  , 803.2431875, 835.372915 , 867.5026425, 899.63237  , 931.7620975, 963.891825 , 996.0215525,1028.15128  ,1060.2810075,1092.410735 ,1124.5404625,1156.67019  ,1188.7999175,1220.929645 ,1253.0593725,1285.1891   
rdl:1.33424455e-02,8.70404985e-06,5.92025459e-05,2.53618004e-05,1.51945698e-05,1.37313890e-05,1.37689064e-05,1.35062842e-05,1.37313890e-05,1.47443603e-05,3.91682243e-05,1.24557955e-05,6.37796756e-06,2.85406545e-03,1.12552369e-06,1.12552369e-06,9.75453862e-07,1.08800623e-06,1.16304114e-06,1.23807606e-06,8.62901493e-07,1.42566334e-06,1.46318079e-06,9.37936406e-07,1.95090772e-06,6.00279300e-07,1.67928134e-04,0.00000000e+00,0.00000000e+00,0.00000000e+00,0.00000000e+00,0.00000000e+00,0.00000000e+00,0.00000000e+00,0.00000000e+00,0.00000000e+00,0.00000000e+00,0.00000000e+00,0.00000000e+00,2.62622194e-07
rdl_bin_edges:   0.       ,  60.1880075, 120.376015 , 180.5640225, 240.75203  , 300.9400375, 361.128045 , 421.3160525, 481.50406  , 541.6920675, 601.880075 , 662.0680825, 722.25609  , 782.4440975, 842.632105 , 902.8201125, 963.00812  ,1023.1961275,1083.384135 ,1143.5721425,1203.76015  ,1263.9481575,1324.136165 ,1384.3241725,1444.51218  ,1504.7001875,1564.888195 ,1625.0762025,1685.26421  ,1745.4522175,1805.640225 ,1865.8282325,1926.01624  ,1986.2042475,2046.392255 ,2106.5802625,2166.76827  ,2226.9562775,2287.144285 ,2347.3322925,2407.5203   
lul:5.59580797e+03,0.00000000e+00,0.00000000e+00,0.00000000e+00,0.00000000e+00,0.00000000e+00,0.00000000e+00,0.00000000e+00,0.00000000e+00,0.00000000e+00,0.00000000e+00,0.00000000e+00,0.00000000e+00,0.00000000e+00,0.00000000e+00,0.00000000e+00,0.00000000e+00,0.00000000e+00,0.00000000e+00,0.00000000e+00,4.13720542e+01,1.63088482e+02,1.77892042e+02,1.92259286e+02,2.02372455e+02,1.88254534e+02,1.89906299e+02,9.59738161e+01,3.26924933e+01,1.51931272e+01,4.50339874e+00,9.34961677e-01,3.11653892e-01,1.09078862e-01,4.67480838e-02,3.11653892e-02,1.55826946e-02,0.00000000e+00,0.00000000e+00,3.11653892e-02
lul_bin_edges:0.        ,0.00014491,0.00028982,0.00043473,0.00057964,0.00072455,0.00086946,0.00101438,0.00115929,0.0013042 ,0.00144911,0.00159402,0.00173893,0.00188384,0.00202875,0.00217366,0.00231857,0.00246348,0.00260839,0.00275331,0.00289822,0.00304313,0.00318804,0.00333295,0.00347786,0.00362277,0.00376768,0.00391259,0.0040575 ,0.00420241,0.00434732,0.00449224,0.00463715,0.00478206,0.00492697,0.00507188,0.00521679,0.0053617 ,0.00550661,0.00565152,0.00579643
ldl:5.50033061e+03,0.00000000e+00,0.00000000e+00,0.00000000e+00,0.00000000e+00,0.00000000e+00,0.00000000e+00,0.00000000e+00,0.00000000e+00,0.00000000e+00,0.00000000e+00,0.00000000e+00,0.00000000e+00,0.00000000e+00,0.00000000e+00,0.00000000e+00,0.00000000e+00,0.00000000e+00,0.00000000e+00,0.00000000e+00,6.71802484e+01,1.74148661e+02,1.88742297e+02,2.09619089e+02,2.04279954e+02,1.96727786e+02,1.88138742e+02,7.70537795e+01,2.99455841e+01,1.29222547e+01,3.07967506e+00,7.89263458e-01,2.78563573e-01,1.08330279e-01,1.54757541e-02,1.54757541e-02,1.54757541e-02,0.00000000e+00,1.54757541e-02,3.09515082e-02
ldl_bin_edges:0.        ,0.00014591,0.00029182,0.00043774,0.00058365,0.00072956,0.00087547,0.00102139,0.0011673 ,0.00131321,0.00145912,0.00160503,0.00175095,0.00189686,0.00204277,0.00218868,0.00233459,0.00248051,0.00262642,0.00277233,0.00291824,0.00306416,0.00321007,0.00335598,0.00350189,0.0036478 ,0.00379372,0.00393963,0.00408554,0.00423145,0.00437737,0.00452328,0.00466919,0.0048151 ,0.00496101,0.00510693,0.00525284,0.00539875,0.00554466,0.00569057,0.00583649
ilul:1.25667319e+02,4.54906854e-03,2.09957010e-03,3.84921185e-03,4.89899689e-03,3.49928350e-03,4.19914019e-03,3.49928350e-03,4.54906854e-03,3.84921185e-03,4.19914019e-03,4.19914019e-03,4.19914019e-03,4.89899689e-03,4.19914019e-03,4.54906854e-03,1.74964175e-02,9.20311559e-02,3.06537234e-01,9.94496370e-01,1.40741182e+00,1.42525817e+00,1.54248416e+00,2.44949845e+00,3.49298479e+00,3.42824804e+00,3.09581611e+00,3.28582720e+00,3.42194933e+00,2.25073914e+00,1.27898812e+00,6.07825543e-01,9.65802245e-02,8.74820874e-03,5.24892524e-03,5.59885359e-03,1.15476355e-02,8.04835204e-03,2.44949845e-03,1.39971340e-03
ilul_bin_edges:0.        ,0.00645304,0.01290608,0.01935911,0.02581215,0.03226519,0.03871823,0.04517127,0.0516243 ,0.05807734,0.06453038,0.07098342,0.07743646,0.08388949,0.09034253,0.09679557,0.10324861,0.10970165,0.11615468,0.12260772,0.12906076,0.1355138 ,0.14196684,0.14841987,0.15487291,0.16132595,0.16777899,0.17423203,0.18068506,0.1871381 ,0.19359114,0.20004418,0.20649722,0.21295025,0.21940329,0.22585633,0.23230937,0.23876241,0.24521544,0.25166848,0.25812152
ildl:2.20535773e+02,2.10854752e+00,1.31173786e+00,1.15843391e+00,1.00945708e+00,7.65901606e-01,3.95623106e-01,2.80645141e-01,2.93626524e-01,3.38752284e-01,3.75841950e-01,4.00568395e-01,4.04895522e-01,4.13549778e-01,4.49403122e-01,6.27433519e-01,1.03974697e+00,1.79390352e+00,2.69641873e+00,3.69351259e+00,4.48475880e+00,4.88409087e+00,4.86554604e+00,4.53235721e+00,4.25789368e+00,3.69907604e+00,2.98015468e+00,2.09185717e+00,1.20726863e+00,4.69802438e-01,1.00142099e-01,1.54540276e-02,9.27241654e-03,1.17450610e-02,1.29813832e-02,1.05087387e-02,9.27241654e-03,4.94528882e-03,7.41793323e-03,4.32712772e-03
ildl_bin_edges:0.        ,0.00365293,0.00730587,0.0109588 ,0.01461173,0.01826466,0.0219176 ,0.02557053,0.02922346,0.03287639,0.03652933,0.04018226,0.04383519,0.04748813,0.05114106,0.05479399,0.05844692,0.06209986,0.06575279,0.06940572,0.07305866,0.07671159,0.08036452,0.08401745,0.08767039,0.09132332,0.09497625,0.09862918,0.10228212,0.10593505,0.10958798,0.11324092,0.11689385,0.12054678,0.12419971,0.12785265,0.13150558,0.13515851,0.13881144,0.14246438,0.14611731
eul:3.79307013e-02,0.00000000e+00,0.00000000e+00,0.00000000e+00,0.00000000e+00,0.00000000e+00,0.00000000e+00,0.00000000e+00,5.29334598e-05,1.52562997e-03,6.84308259e-03,9.95536774e-03,5.45400072e-03,3.14532641e-03,3.51484916e-03,3.11413950e-03,1.78878007e-03,7.04487034e-04,2.93999853e-04,1.27950624e-04,7.46800086e-05,4.50102986e-05,2.39380614e-05,1.97236140e-05,1.48348550e-05,7.75458329e-06,6.40596011e-06,2.86582426e-06,2.19151267e-06,2.52866846e-06,3.37155795e-07,5.05733693e-07,5.05733693e-07,0.00000000e+00,1.01146739e-06,5.05733693e-07,0.00000000e+00,3.37155795e-07,0.00000000e+00,3.37155795e-07
eul_bin_edges:  0.   , 13.395, 26.79 , 40.185, 53.58 , 66.975, 80.37 , 93.765,107.16 ,120.555,133.95 ,147.345,160.74 ,174.135,187.53 ,200.925,214.32 ,227.715,241.11 ,254.505,267.9  ,281.295,294.69 ,308.085,321.48 ,334.875,348.27 ,361.665,375.06 ,388.455,401.85 ,415.245,428.64 ,442.035,455.43 ,468.825,482.22 ,495.615,509.01 ,522.405,535.8  
edl:7.09025151e-02,0.00000000e+00,0.00000000e+00,0.00000000e+00,0.00000000e+00,0.00000000e+00,0.00000000e+00,0.00000000e+00,1.01146739e-06,9.30549994e-05,5.91371264e-04,1.00573574e-03,6.10926301e-04,3.41875976e-04,3.75760134e-04,3.53507851e-04,2.04653568e-04,8.64804614e-05,3.77614490e-05,1.75321013e-05,9.10320647e-06,7.24884959e-06,5.22591482e-06,3.37155795e-06,2.19151267e-06,2.02293477e-06,1.34862318e-06,3.37155795e-07,3.37155795e-07,5.05733693e-07,0.00000000e+00,0.00000000e+00,1.68577898e-07,0.00000000e+00,3.37155795e-07,1.68577898e-07,0.00000000e+00,0.00000000e+00,0.00000000e+00,1.68577898e-07
edl_bin_edges:  0.   , 13.395, 26.79 , 40.185, 53.58 , 66.975, 80.37 , 93.765,107.16 ,120.555,133.95 ,147.345,160.74 ,174.135,187.53 ,200.925,214.32 ,227.715,241.11 ,254.505,267.9  ,281.295,294.69 ,308.085,321.48 ,334.875,348.27 ,361.665,375.06 ,388.455,401.85 ,415.245,428.64 ,442.035,455.43 ,468.825,482.22 ,495.615,509.01 ,522.405,535.8  
gul:3.67252007e-02,0.00000000e+00,0.00000000e+00,0.00000000e+00,0.00000000e+00,0.00000000e+00,0.00000000e+00,0.00000000e+00,6.25424000e-05,1.73888101e-03,7.30481745e-03,1.03287678e-02,5.54233554e-03,3.16875874e-03,3.54856474e-03,3.12324271e-03,1.82047272e-03,7.09038637e-04,2.94842743e-04,1.16487327e-04,6.60825358e-05,3.84357606e-05,2.07350814e-05,1.48348550e-05,1.04518296e-05,6.57453800e-06,4.55160323e-06,2.19151267e-06,2.02293477e-06,1.68577898e-06,5.05733693e-07,3.37155795e-07,3.37155795e-07,0.00000000e+00,6.74311590e-07,3.37155795e-07,0.00000000e+00,5.05733693e-07,0.00000000e+00,5.05733693e-07
gul_bin_edges:  0.   , 13.395, 26.79 , 40.185, 53.58 , 66.975, 80.37 , 93.765,107.16 ,120.555,133.95 ,147.345,160.74 ,174.135,187.53 ,200.925,214.32 ,227.715,241.11 ,254.505,267.9  ,281.295,294.69 ,308.085,321.48 ,334.875,348.27 ,361.665,375.06 ,388.455,401.85 ,415.245,428.64 ,442.035,455.43 ,468.825,482.22 ,495.615,509.01 ,522.405,535.8  
gdl:3.75304973e-03,0.00000000e+00,0.00000000e+00,0.00000000e+00,0.00000000e+00,0.00000000e+00,0.00000000e+00,0.00000000e+00,1.14464392e-04,3.17145599e-03,1.35565288e-02,1.92783998e-02,1.03854100e-02,5.97220917e-03,6.68765377e-03,5.88387436e-03,3.40459922e-03,1.32704521e-03,5.51418303e-04,2.26905850e-04,1.31659338e-04,7.61972097e-05,3.94472280e-05,3.11869110e-05,2.30951720e-05,1.23061865e-05,9.60894016e-06,4.72018113e-06,3.87729164e-06,3.70871375e-06,8.42889488e-07,8.42889488e-07,6.74311590e-07,0.00000000e+00,1.34862318e-06,6.74311590e-07,0.00000000e+00,8.42889488e-07,0.00000000e+00,6.74311590e-07
gdl_bin_edges:  0.   , 13.395, 26.79 , 40.185, 53.58 , 66.975, 80.37 , 93.765,107.16 ,120.555,133.95 ,147.345,160.74 ,174.135,187.53 ,200.925,214.32 ,227.715,241.11 ,254.505,267.9  ,281.295,294.69 ,308.085,321.48 ,334.875,348.27 ,361.665,375.06 ,388.455,401.85 ,415.245,428.64 ,442.035,455.43 ,468.825,482.22 ,495.615,509.01 ,522.405,535.8  
ri: 0., 0., 0., 0., 0., 0., 0., 0., 0., 0., 0., 0., 0., 0., 0., 0., 0., 0., 0., 0.,40., 0., 0., 0., 0., 0., 0., 0., 0., 0., 0., 0., 0., 0., 0., 0., 0., 0., 0., 0.
ri_bin_edges:0.5  ,0.525,0.55 ,0.575,0.6  ,0.625,0.65 ,0.675,0.7  ,0.725,0.75 ,0.775,0.8  ,0.825,0.85 ,0.875,0.9  ,0.925,0.95 ,0.975,1.   ,1.025,1.05 ,1.075,1.1  ,1.125,1.15 ,1.175,1.2  ,1.225,1.25 ,1.275,1.3  ,1.325,1.35 ,1.375,1.4  ,1.425,1.45 ,1.475,1.5  
