period:1
ue_log_freq:1000
mac_log_freq:1000
mimo_layers:2
frequency:2412000000.0
bandwidth:50000000
ue_speed:5.555555555555555
max_distance:1000
shannon_cfg_bandwidth_mhz:50.0
shannon_cfg_mimo_layers:2
shannon_cfg_bw_efficiency:0.67
shannon_cfg_sinr_offset_db:0
shannon_cfg_ul_divisor:2
shannon_cfg_sinr_sample_rate:1000
n_ue:90
sinr_period:9.463597741343282
sinr_rate:105.66805852612856
ul_fairness:0.7462190861356334
dl_fairness:0.6728389983658334
ul_agg_throughput:24.95465772736462
dl_agg_throughput:57.62230648072359
ul_ave_throughput:0.27727397474849574
dl_ave_throughput:0.6402478497858176
ul_se:0.49909315454729236
dl_se:1.152446129614472
ul_ase:1.588662852190577e-07
dl_ase:3.668349963505326e-07
ul_gr:0.14399862093999216, 0.14399862093999216, 0.14399862093999216, 0.11519545061293655, 0.1282514281949567, 0.14399862093999216, 0.14399862093999216, 0.14399862093999216, 0.13037052413129058, 0.11643893665241956, 0.10950811601666652, 0.14399862093999216, 0.09582172009975748, 0.09761749073386887, 0.14399862093999216, 0.11941322346095448, 0.14399862093999216, 0.13328270665647787, 0.09484753222244814, 0.13048884074494377, 0.14399862093999216, 0.10024739121323988, 0.14399862093999216, 0.11498408197938349, 0.14399862093999216, 0.14399862093999216, 0.14399862093999216, 0.14399862093999216, 0.14399862093999216, 0.14399862093999216, 0.14399862093999216, 0.14399862093999216, 0.14399862093999216, 0.14399862093999216, 0.10613859810776576, 0.14399862093999216, 0.14399862093999216, 0.14399862093999216, 0.14399862093999216, 0.14399862093999216, 0.12764916281370153, 0.14399862093999216, 0.14399862093999216, 0.14399862093999216, 0.14399862093999216, 0.11037305561036992, 0.14399862093999216, 0.14399862093999216, 0.14278087228943925, 0.14399862093999216, 0.14399862093999216, 0.14399862093999216, 0.11813405812328229, 0.14399862093999216, 0.14399862093999216, 0.14399862093999216, 0.13638403640616328, 0.14399862093999216, 0.14399862093999216, 0.14399862093999216, 0.14399862093999216, 0.14399862093999216, 0.14399862093999216, 0.14399862093999216, 0.14399862093999216, 0.14399862093999216, 0.14399862093999216, 0.14399862093999216, 0.14399862093999216, 0.14399862093999216, 0.14399862093999216, 0.14399862093999216, 0.11837127334668043, 0.14399862093999216, 0.14399862093999216, 0.14399862093999216, 0.14399862093999216, 0.14399862093999216, 0.0955354732865476, 0.14399862093999216, 0.14399862093999216, 0.14399862093999216, 0.14399862093999216, 0.14399862093999216, 0.14399862093999216, 0.14399862093999216, 0.14399862093999216, 0.14399862093999216, 0.14399862093999216, 0.09015868290759242
dl_gr:0.14399862093999216, 0.14399862093999216, 0.14399862093999216, 0.14399862093999216, 0.14399862093999216, 0.14399862093999216, 0.14399862093999216, 0.14399862093999216, 0.14399862093999216, 0.14399862093999216, 0.14399862093999216, 0.14399862093999216, 0.14399862093999216, 0.14399862093999216, 0.14399862093999216, 0.14399862093999216, 0.14399862093999216, 0.14399862093999216, 0.14399862093999216, 0.14399862093999216, 0.14399862093999216, 0.14399862093999216, 0.14399862093999216, 0.14399862093999216, 0.14399862093999216, 0.14399862093999216, 0.14399862093999216, 0.14399862093999216, 0.14399862093999216, 0.14399862093999216, 0.14399862093999216, 0.14399862093999216, 0.14399862093999216, 0.14399862093999216, 0.14399862093999216, 0.14399862093999216, 0.14399862093999216, 0.14399862093999216, 0.14399862093999216, 0.14399862093999216, 0.14399862093999216, 0.14399862093999216, 0.14399862093999216, 0.14399862093999216, 0.14399862093999216, 0.14399862093999216, 0.14399862093999216, 0.14399862093999216, 0.14399862093999216, 0.14399862093999216, 0.14399862093999216, 0.14399862093999216, 0.14399862093999216, 0.14399862093999216, 0.14399862093999216, 0.14399862093999216, 0.14399862093999216, 0.14399862093999216, 0.14399862093999216, 0.14399862093999216, 0.14399862093999216, 0.14399862093999216, 0.14399862093999216, 0.14399862093999216, 0.14399862093999216, 0.14399862093999216, 0.14399862093999216, 0.14399862093999216, 0.14399862093999216, 0.14399862093999216, 0.14399862093999216, 0.14399862093999216, 0.14399862093999216, 0.14399862093999216, 0.14399862093999216, 0.14399862093999216, 0.14399862093999216, 0.14399862093999216, 0.14399862093999216, 0.14399862093999216, 0.14399862093999216, 0.14399862093999216, 0.14399862093999216, 0.14399862093999216, 0.14399862093999216, 0.14399862093999216, 0.14399862093999216, 0.14399862093999216, 0.14399862093999216, 0.1263191719012175
ul_tr:0.1369015757723852, 0.09749606960304498, 0.1027610016459863, 0.027875546148348765, 0.04092034299725836, 0.06524431529149756, 0.14398544470932742, 0.061325037759735336, 0.04304991995655036, 0.029124622368638595, 0.022194281454854543, 0.14398544498768343, 0.008503259612986558, 0.010292069387421771, 0.1439854442911559, 0.032088836879826, 0.14398544519296505, 0.04595202578958508, 0.0075217116889775915, 0.0434844920594995, 0.10625306919248173, 0.012916829193306723, 0.13080347242103812, 0.027653184888334265, 0.1439854452113399, 0.11176610178823511, 0.05915045417509854, 0.08574088675411871, 0.14261339031429737, 0.08486835131115575, 0.1102885916485446, 0.14398544501481653, 0.14398544502233313, 0.07139854243497137, 0.018826540330930574, 0.1439854451532404, 0.14398544465076124, 0.09117767977761852, 0.133862185598695, 0.1439842175310372, 0.040326876206214946, 0.06131536461940318, 0.14398421740642162, 0.14398421744204631, 0.08286125665071126, 0.02304193683310139, 0.14398421712302395, 0.12270601688186765, 0.05546408661747819, 0.08766813193352556, 0.14398421751893734, 0.11544144163467805, 0.03080131734348047, 0.1079766225236873, 0.13303421987659267, 0.1048147038354347, 0.04906158560444497, 0.13776120948757925, 0.142879792239748, 0.08827580766659446, 0.1439842159409505, 0.08277016255296206, 0.11326236173451888, 0.14398422268205263, 0.07909771254603712, 0.14398421722271484, 0.10030172035718868, 0.1439854449707669, 0.14398421819571502, 0.11716143014969041, 0.11232090062919475, 0.14398544495609203, 0.031059255158815347, 0.0731547878194015, 0.10567361148837925, 0.13876713694680046, 0.10198946393660052, 0.12223032176678528, 0.008211595783785134, 0.07989615572566061, 0.14398544773654387, 0.13421365674841876, 0.09260445542039648, 0.143067551876351, 0.14376788740098, 0.1298567685031958, 0.1255667732108066, 0.1439854526843443, 0.143985448759452, 0.002830385175156874
dl_tr:0.14398544485520118, 0.1426430496581445, 0.14398544346164613, 0.13575849328022266, 0.0901203066250198, 0.13607115263626968, 0.1439854450728244, 0.10809347585807619, 0.1428267137474188, 0.09991320651770401, 0.11270910112634895, 0.14398544503620803, 0.059730002228331434, 0.07474722341976317, 0.14398544405838287, 0.11337793148839594, 0.14398544471647734, 0.09263946170901075, 0.06779280181850984, 0.14290012974442712, 0.1398411103401555, 0.09930579055271206, 0.1439854445896784, 0.08925218375288539, 0.14398544462890306, 0.14398544531055574, 0.13936191148192095, 0.1439854467446605, 0.1437536150844993, 0.14160568846282112, 0.12334511163085309, 0.14398544509433256, 0.14398544460741997, 0.1286136791283656, 0.10817575109368255, 0.14398544512279066, 0.14398544498791677, 0.14398544751750403, 0.14398544509169922, 0.14398544513658218, 0.14330700842312147, 0.14221788627638102, 0.14398544497530852, 0.14398544513649886, 0.1334174953133807, 0.05959482866177783, 0.14398544513641554, 0.14192977873158558, 0.14398544559524504, 0.13864937552009565, 0.14398544513658218, 0.14398544519423173, 0.114960183160732, 0.1395563609011258, 0.1428250621403905, 0.1431674459209673, 0.11038605876189365, 0.14333837109757416, 0.14398544356302864, 0.14059667756276198, 0.14398544903144972, 0.14398544632328897, 0.14357173839376336, 0.14398544742781313, 0.14176600234088882, 0.14398544504445795, 0.14398544974770208, 0.14398544448026268, 0.14398544290040086, 0.1355687179584837, 0.14398545361967816, 0.14398544523760637, 0.1411759647454938, 0.137439500084016, 0.12196922991545904, 0.1431463201658486, 0.14114739092968395, 0.14314661146186283, 0.06454502404461629, 0.14174888129504756, 0.14398545003085808, 0.14261745029419753, 0.13339007045656287, 0.14398545685334288, 0.14398545116145697, 0.1439854631213073, 0.14398544612409062, 0.1439854586994525, 0.14398544850226247, 0.038985342790035085
ul_er:0.0, 0.0, 0.0, 0.028801989536895525, 0.015747192745035457, 0.0, 0.0, 0.0, 0.013628096808701595, 0.02755850349741252, 0.034489324133165564, 0.0, 0.04817572005007458, 0.0463799494159632, 0.0, 0.024584216688877593, 0.0, 0.010714733493354223, 0.04914990792738395, 0.013509780195048374, 0.0, 0.04375004893659219, 0.0, 0.029013358170448575, 0.0, 0.0, 0.0, 0.0, 0.0, 0.0, 0.0, 0.0, 0.0, 0.0, 0.03785884204206631, 0.0, 0.0, 0.0, 0.0, 0.0, 0.01634827733613053, 0.0, 0.0, 0.0, 0.0, 0.03362438453946217, 0.0, 0.0, 0.0012165678603928301, 0.0, 0.0, 0.0, 0.025863382026549774, 0.0, 0.0, 0.0, 0.007613403743668803, 0.0, 0.0, 0.0, 0.0, 0.0, 0.0, 0.0, 0.0, 0.0, 0.0, 0.0, 0.0, 0.0, 0.0, 0.0, 0.02562616680315164, 0.0, 0.0, 0.0, 0.0, 0.0, 0.04846196686328448, 0.0, 0.0, 0.0, 0.0, 0.0, 0.0, 0.0, 0.0, 0.0, 0.0, 0.05383875724223965
dl_er:0.0, 0.0, 0.0, 0.0, 0.0, 0.0, 0.0, 0.0, 0.0, 0.0, 0.0, 0.0, 0.0, 0.0, 0.0, 0.0, 0.0, 0.0, 0.0, 0.0, 0.0, 0.0, 0.0, 0.0, 0.0, 0.0, 0.0, 0.0, 0.0, 0.0, 0.0, 0.0, 0.0, 0.0, 0.0, 0.0, 0.0, 0.0, 0.0, 0.0, 0.0, 0.0, 0.0, 0.0, 0.0, 0.0, 0.0, 0.0, 0.0, 0.0, 0.0, 0.0, 0.0, 0.0, 0.0, 0.0, 0.0, 0.0, 0.0, 0.0, 0.0, 0.0, 0.0, 0.0, 0.0, 0.0, 0.0, 0.0, 0.0, 0.0, 0.0, 0.0, 0.0, 0.0, 0.0, 0.0, 0.0, 0.0, 0.0, 0.0, 0.0, 0.0, 0.0, 0.0, 0.0, 0.0, 0.0, 0.0, 0.0, 0.017678268248614595
ul_er_ratio:0.0, 0.0, 0.0, 0.5081729328678977, 0.27788737482160425, 0.0, 0.0, 0.0, 0.24044766536461948, 0.48618531664143755, 0.6084532516127515, 0.0, 0.8499750760593119, 0.818392398846271, 0.0, 0.4337902255271043, 0.0, 0.18908322319713305, 0.8672755121541292, 0.23703750676403026, 0.0, 0.7720568060287855, 0.0, 0.5120015551390116, 0.0, 0.0, 0.0, 0.0, 0.0, 0.0, 0.0, 0.0, 0.0, 0.0, 0.667876628104057, 0.0, 0.0, 0.0, 0.0, 0.0, 0.28845581025053124, 0.0, 0.0, 0.0, 0.0, 0.5933751075597837, 0.0, 0.0, 0.021463546453363493, 0.0, 0.0, 0.0, 0.4564284698248805, 0.0, 0.0, 0.0, 0.13433445389649973, 0.0, 0.0, 0.0, 0.0, 0.0, 0.0, 0.0, 0.0, 0.0, 0.0, 0.0, 0.0, 0.0, 0.0, 0.0, 0.45207684650112484, 0.0, 0.0, 0.0, 0.0, 0.0, 0.8551071187297288, 0.0, 0.0, 0.0, 0.0, 0.0, 0.0, 0.0, 0.0, 0.0, 0.0, 0.9500542084383478
dl_er_ratio:0.0, 0.0, 0.0, 0.0, 0.0, 0.0, 0.0, 0.0, 0.0, 0.0, 0.0, 0.0, 0.0, 0.0, 0.0, 0.0, 0.0, 0.0, 0.0, 0.0, 0.0, 0.0, 0.0, 0.0, 0.0, 0.0, 0.0, 0.0, 0.0, 0.0, 0.0, 0.0, 0.0, 0.0, 0.0, 0.0, 0.0, 0.0, 0.0, 0.0, 0.0, 0.0, 0.0, 0.0, 0.0, 0.0, 0.0, 0.0, 0.0, 0.0, 0.0, 0.0, 0.0, 0.0, 0.0, 0.0, 0.0, 0.0, 0.0, 0.0, 0.0, 0.0, 0.0, 0.0, 0.0, 0.0, 0.0, 0.0, 0.0, 0.0, 0.0, 0.0, 0.0, 0.0, 0.0, 0.0, 0.0, 0.0, 0.0, 0.0, 0.0, 0.0, 0.0, 0.0, 0.0, 0.0, 0.0, 0.0, 0.0, 0.31198626286906467
ul_er_perc:0.0, 0.0, 0.0, 50.81729328678976, 27.788737482160425, 0.0, 0.0, 0.0, 24.04476653646195, 48.61853166414375, 60.845325161275156, 0.0, 84.99750760593119, 81.8392398846271, 0.0, 43.37902255271043, 0.0, 18.908322319713307, 86.72755121541293, 23.703750676403025, 0.0, 77.20568060287854, 0.0, 51.20015551390116, 0.0, 0.0, 0.0, 0.0, 0.0, 0.0, 0.0, 0.0, 0.0, 0.0, 66.7876628104057, 0.0, 0.0, 0.0, 0.0, 0.0, 28.845581025053125, 0.0, 0.0, 0.0, 0.0, 59.33751075597837, 0.0, 0.0, 2.1463546453363493, 0.0, 0.0, 0.0, 45.64284698248805, 0.0, 0.0, 0.0, 13.433445389649973, 0.0, 0.0, 0.0, 0.0, 0.0, 0.0, 0.0, 0.0, 0.0, 0.0, 0.0, 0.0, 0.0, 0.0, 0.0, 45.20768465011248, 0.0, 0.0, 0.0, 0.0, 0.0, 85.51071187297288, 0.0, 0.0, 0.0, 0.0, 0.0, 0.0, 0.0, 0.0, 0.0, 0.0, 95.00542084383477
dl_er_perc:0.0, 0.0, 0.0, 0.0, 0.0, 0.0, 0.0, 0.0, 0.0, 0.0, 0.0, 0.0, 0.0, 0.0, 0.0, 0.0, 0.0, 0.0, 0.0, 0.0, 0.0, 0.0, 0.0, 0.0, 0.0, 0.0, 0.0, 0.0, 0.0, 0.0, 0.0, 0.0, 0.0, 0.0, 0.0, 0.0, 0.0, 0.0, 0.0, 0.0, 0.0, 0.0, 0.0, 0.0, 0.0, 0.0, 0.0, 0.0, 0.0, 0.0, 0.0, 0.0, 0.0, 0.0, 0.0, 0.0, 0.0, 0.0, 0.0, 0.0, 0.0, 0.0, 0.0, 0.0, 0.0, 0.0, 0.0, 0.0, 0.0, 0.0, 0.0, 0.0, 0.0, 0.0, 0.0, 0.0, 0.0, 0.0, 0.0, 0.0, 0.0, 0.0, 0.0, 0.0, 0.0, 0.0, 0.0, 0.0, 0.0, 31.198626286906467
ul_l:0.005860481460150333, 0.004599526418509013, 0.0038395341979733503, 0.0021825887952392066, 0.0022497874383421807, 0.0026412656954733706, 0.006101436033078891, 0.003048818936521362, 0.003316138449442088, 0.002498226433717219, 0.0023907784998166686, 0.006101489194106715, 0.0010625460058374513, 0.0008006674976875193, 0.0053910928733552224, 0.0021984959606419947, 0.005632820804018299, 0.002226344061949484, 0.0010710216400071667, 0.0029375792249939584, 0.0033526207941392155, 0.0013843895342288814, 0.004972632047882934, 0.0016924694963958633, 0.005841926716956526, 0.004972698847297106, 0.00351155631400155, 0.004323978498179182, 0.00609985754428713, 0.004233262014766544, 0.004845192895038374, 0.006054099950104581, 0.0057691674003674965, 0.003632017899300839, 0.0019621537389396754, 0.00616962384371797, 0.005876032643877967, 0.00422656341843818, 0.006082258748472929, 0.006199176816639028, 0.002327100940092166, 0.003664871098874176, 0.006100243393513387, 0.006200704983070974, 0.0036537548705344123, 0.0014800790109582422, 0.006200984351288739, 0.005175204116661527, 0.003966260618844843, 0.004029139600403329, 0.006197274290901743, 0.0051871554642502985, 0.001656669557012025, 0.004888144469316923, 0.005585885162548645, 0.0050496531864442805, 0.0026707642722977308, 0.004949450133507221, 0.004918809091195074, 0.00436080552250398, 0.004852511646365447, 0.003657319554295381, 0.004292773981958484, 0.0038344316322280647, 0.003176394447858768, 0.005764380892167565, 0.0034062537122315642, 0.004974871443746302, 0.003856692891267573, 0.002684596530099749, 0.002941899339518004, 0.00613583648912509, 0.0017365799128673926, 0.0018884517050691246, 0.002483730400613328, 0.0058799178786010115, 0.0036142819707627436, 0.0031022701550487077, 0.0010596193966508612, 0.0013958254944875458, 0.004239346495712535, 0.005032137029966416, 0.002632847626261448, 0.003841572144152965, 0.004663015098428347, 0.0022534992785935115, 0.0060564046334488884, 0.0030751833355930364, 0.005268485451767068, 0.00047309043825051456
dl_l:0.00775293222433563, 0.007294108469300256, 0.007068192349672086, 0.006323219826176449, 0.004707991335843035, 0.005560214337801352, 0.007807934752310398, 0.006040726708127431, 0.0072346279773168555, 0.005408721984766793, 0.005760113404313297, 0.007807910477975183, 0.0045252816776318525, 0.004088319838197182, 0.007611692304239131, 0.005817875929392255, 0.007558367641686319, 0.005174150666769443, 0.0035834576330447247, 0.007142133772822726, 0.006567031620836493, 0.004674298327668102, 0.007459470283389304, 0.0048696006629153086, 0.007786974222993974, 0.007267919281926818, 0.006422910074053549, 0.006977543366780277, 0.007806053351163741, 0.006821051490508412, 0.006877444157165357, 0.007807981976716861, 0.007800656126682277, 0.006300346469896085, 0.00561054262966142, 0.007807939416213198, 0.007807938041787151, 0.0066139163102974146, 0.007807925936879693, 0.007807921625136458, 0.005186750175902701, 0.007242660407438272, 0.007807900100686662, 0.007807921625136458, 0.005623333060553661, 0.0036098208463054477, 0.007807921625136458, 0.007698497638761344, 0.006683152534683044, 0.006496588780205998, 0.007807921625136458, 0.007495595065003626, 0.004213867965291956, 0.007112293772606062, 0.007795927929800585, 0.007599464750102083, 0.00603351194070466, 0.007196173653707052, 0.006990018455671203, 0.006940128093915884, 0.007200327379917668, 0.006693840295010042, 0.0074755077079357675, 0.006356781294026717, 0.004959815715202373, 0.007808007410846576, 0.006760511267385272, 0.007651887722873143, 0.005871945340088832, 0.005823470860780327, 0.006627220244252131, 0.007777783869021925, 0.004601965962687811, 0.004160544459292006, 0.005165690157090358, 0.007652468136398864, 0.005755236842555479, 0.005594179584040967, 0.004296872396917525, 0.004341808523403971, 0.0065801095018874845, 0.007095442461271156, 0.005298210425429788, 0.0061372025791118405, 0.006863375721160657, 0.004437079598082516, 0.0077327069441129655, 0.00470681201360822, 0.007111614643190474, 0.002289405093870051
ul_il:0.5061229438816052, 6.254121832859035, 18.35464198904859, 8.643241118307957, 3.4156922030136294, 5.214476179240478, 0.37387143736306777, 3.918401066705286, 14.598708015030528, 6.364201897619032, 8.716503975558242, 0.04845002371525654, 4.907731661486312, 3.648658514034283, 1.125866765760498, 7.90103379484083, 1.4005141016778984, 1.1422334715879616, 2.374611776066087, 14.878551328175153, 6.786961804504212, 3.7626426947094154, 8.14207419441566, 2.8586237417879854, 0.7442552414863542, 2.962962790266044, 6.921135698250719, 2.253153961774401, 0.013773154488137599, 2.158469968593587, 0.2626914468216432, 0.21385617829479753, 0.29965704049693337, 2.7062246944394417, 6.962043583122282, 0.009926514138253014, 1.4576014503108974, 5.08132043479948, 0.6827759629615336, 0.006471034046649611, 5.035676043367498, 4.762704064146758, 0.21330020950847495, 0.03059833269388589, 1.545939702458867, 1.9898816105319665, 1.1578773350203542, 0.8840230993745636, 9.2627072726882, 6.665366152668024, 0.006468563848851259, 1.6942554331536321, 0.47709040993840046, 0.7033667156077156, 0.7324727061214948, 3.8112292019295335, 4.2947040707401145, 1.7446985193531845, 2.407120527007475, 2.485536941506858, 1.7917583548997131, 5.55867934833498, 6.526123663921355, 8.450574584618241, 0.9799568286303446, 0.3152803133370639, 6.373370001446497, 5.375586444475972, 4.2801329594055835, 4.162590979534863, 1.9894572094113383, 0.21229368187880518, 5.3169123997477525, 3.2680653718976838, 2.2463850469090385, 0.3292801253482721, 0.7938306990679037, 1.5624816706005824, 4.736684520265556, 3.4915450283145972, 1.0183064651850902, 0.20755469824949374, 0.44239407543905057, 0.5489858896920317, 0.18128165777506855, 0.6872154043180264, 0.01697075701573737, 1.1664747226965526, 0.14818873819136508, 0.8868916406994525
dl_il:0.03418784946317114, 0.732928865520079, 1.1561904339884128, 1.847651364277935, 7.413079383256961, 3.4881973282369896, 0.00855967213005725, 3.4968048632685815, 1.0042704787542063, 3.0718844182913556, 5.537381534900485, 0.009281953551466238, 17.662635098180655, 12.749041006057212, 0.03544200948012933, 1.3598712857056232, 0.018634164063436973, 2.679187351648257, 4.756321560351193, 0.959231995638203, 0.7001189525789577, 2.3565549625103253, 0.04641439309660336, 2.6276686815618615, 0.03592155645910868, 0.21443477555011625, 0.534256883014179, 0.689833175250402, 0.010602652654223716, 0.23666562175820618, 0.4556685479319006, 0.01825289293016308, 0.018223247677436022, 0.35767570384594294, 4.401019333947975, 0.008141919672561063, 0.03615801505077042, 0.5763062662266523, 0.01690188685242206, 0.007807921625136458, 0.4531894777461188, 0.18445338158544514, 0.01161557668362347, 0.007807928555103707, 0.19480081761323653, 5.19280658575224, 0.0078079331962900315, 0.03807197860163666, 0.21551392981165157, 0.1385318471719069, 0.007807921625136458, 0.04633621058635762, 0.8712471610538288, 0.03207882114970708, 0.020817215175702702, 0.04714239102957476, 5.4262493632112525, 0.09880328650870826, 0.07270115897237522, 0.0547997218755677, 0.046350694171065236, 0.08140860518952342, 0.035449192257018695, 0.0708351067246023, 0.10902594431344739, 0.00978761233543887, 0.06618653619262757, 0.40406824327820606, 0.27391892142577984, 0.07454840777266439, 0.05174607701700402, 0.008424843002179149, 0.1650850957340189, 0.25827013591990067, 0.05976245797329605, 0.015217137213310724, 0.07699127522261481, 0.1926750951713944, 11.440798869843738, 0.1421380708102724, 0.02929698674806876, 0.015903693803889136, 0.14446671828404764, 0.05018804338275931, 0.020675853391188406, 0.06989149089848001, 0.008148925484670961, 0.0896498299052008, 0.01452013264181132, 0.7310733593388055
sinr_ul:8.88954984e-05,3.75472081e-04,1.50612026e-03,4.10861003e-03,9.42172793e-03,1.92709060e-02,2.76404757e-02,3.03444572e-02,2.72262441e-02,2.00753717e-02,1.41256465e-02,1.08058440e-02,1.67099639e-02,2.53832121e-02,2.46688867e-02,1.57021663e-02,9.15655995e-03,5.22073728e-03,3.46182122e-03,1.72740060e-03,8.96074590e-04,4.92049404e-04,1.18070946e-04,6.04917561e-05,5.14304396e-05,4.82938300e-05,3.35816374e-05,3.39052559e-05,1.88445512e-05,1.80479519e-05,1.34177187e-05,5.75045089e-06,5.50151362e-06,6.64662505e-06,1.15755830e-05,5.87491952e-06,5.85002580e-06,1.96660442e-06,1.91681696e-06,4.68002064e-06
sinr_ul_bin_edges:-30.338484 ,-26.6189999,-22.8995158,-19.1800317,-15.4605476,-11.7410635, -8.0215794, -4.3020953, -0.5826112,  3.1368729,  6.856357 , 10.5758411, 14.2953252, 18.0148093, 21.7342934, 25.4537775, 29.1732616, 32.8927457, 36.6122298, 40.3317139, 44.051198 , 47.7706821, 51.4901662, 55.2096503, 58.9291344, 62.6486185, 66.3681026, 70.0875867, 73.8070708, 77.5265549, 81.246039 , 84.9655231, 88.6850072, 92.4044913, 96.1239754, 99.8434595,103.5629436,107.2824277,111.0019118,114.7213959,118.44088  
sinr_dl:8.64959918e-05,3.44764641e-04,1.40504546e-03,3.88022798e-03,8.53411878e-03,1.81843534e-02,2.73414973e-02,3.94819528e-02,2.13285906e-02,2.14526317e-02,1.45632832e-02,1.21597361e-02,1.65277964e-02,2.65652434e-02,2.78682973e-02,1.52014991e-02,8.31263315e-03,5.25181816e-03,2.65124821e-03,1.51102528e-03,9.70685709e-04,3.07270343e-04,1.05141530e-04,5.10593080e-05,5.13133344e-05,4.43530108e-05,3.42935650e-05,3.69100370e-05,1.68927561e-05,1.76548353e-05,1.19646438e-05,5.74099682e-06,5.53777569e-06,5.33455456e-06,9.93243254e-06,1.03388748e-05,5.48697041e-06,1.98140598e-06,1.93060070e-06,4.72489118e-06
sinr_dl_bin_edges:-23.540287  ,-19.89531867,-16.25035035,-12.60538203, -8.9604137 , -5.31544537, -1.67047705,  1.97449127,  5.6194596 ,  9.26442792, 12.90939625, 16.55436458, 20.1993329 , 23.84430122, 27.48926955, 31.13423787, 34.7792062 , 38.42417452, 42.06914285, 45.71411117, 49.3590795 , 53.00404782, 56.64901615, 60.29398447, 63.9389528 , 67.58392112, 71.22888945, 74.87385778, 78.5188261 , 82.16379442, 85.80876275, 89.45373108, 93.0986994 , 96.74366772,100.38863605,104.03360437,107.6785727 ,111.32354102,114.96850935,118.61347767,122.258446  
rsrp_ul:8.49285719e-05,3.57774669e-04,1.47304055e-03,4.07264095e-03,9.22064579e-03,1.90708924e-02,2.75162602e-02,3.04063691e-02,2.73490898e-02,2.02068307e-02,1.41692899e-02,1.08082429e-02,1.66202777e-02,2.53390887e-02,2.47046867e-02,1.57625837e-02,9.18974910e-03,5.23004773e-03,3.51931165e-03,1.72795065e-03,8.98541305e-04,4.94993768e-04,1.18138778e-04,6.03256552e-05,5.08228097e-05,4.90068209e-05,3.37326138e-05,3.36828607e-05,1.89559378e-05,1.80852583e-05,1.33089590e-05,5.74648509e-06,5.52259606e-06,6.61716465e-06,1.16173530e-05,5.87086788e-06,5.84599133e-06,1.96524815e-06,1.91549503e-06,4.67679306e-06
rsrp_ul_bin_edges:-156.59863   ,-152.87657899,-149.15452798,-145.43247696,-141.71042595,-137.98837494,-134.26632392,-130.54427291,-126.8222219 ,-123.10017089,-119.37811988,-115.65606886,-111.93401785,-108.21196684,-104.48991582,-100.76786481, -97.0458138 , -93.32376279, -89.60171177, -85.87966076, -82.15760975, -78.43555874, -74.71350772, -70.99145671, -67.2694057 , -63.54735469, -59.82530368, -56.10325266, -52.38120165, -48.65915064, -44.93709963, -41.21504861, -37.4929976 , -33.77094659, -30.04889557, -26.32684456, -22.60479355, -18.88274254, -15.16069153, -11.43864051,  -7.7165895 
rsrp_dl:8.34820808e-05,3.39615667e-04,1.37900312e-03,3.83403135e-03,8.39500171e-03,1.80679546e-02,2.70680237e-02,3.98261829e-02,2.12458595e-02,2.15507163e-02,1.46126648e-02,1.21377563e-02,1.65259482e-02,2.64847663e-02,2.78816693e-02,1.52752150e-02,8.35465712e-03,5.26942550e-03,2.66708491e-03,1.50907572e-03,9.76191923e-04,3.08792295e-04,1.05063519e-04,5.07544646e-05,5.15669422e-05,4.43815928e-05,3.42002320e-05,3.68661744e-05,1.69096915e-05,1.77475591e-05,1.19078759e-05,5.73812356e-06,5.53500414e-06,5.30649479e-06,9.85129177e-06,1.04352601e-05,5.48422428e-06,1.98041432e-06,1.92963447e-06,4.72252647e-06
rsrp_dl_bin_edges:-155.29095   ,-151.64415652,-147.99736305,-144.35056958,-140.7037761 ,-137.05698263,-133.41018915,-129.76339567,-126.1166022 ,-122.46980873,-118.82301525,-115.17622178,-111.5294283 ,-107.88263482,-104.23584135,-100.58904788, -96.9422544 , -93.29546093, -89.64866745, -86.00187397, -82.3550805 , -78.70828703, -75.06149355, -71.41470007, -67.7679066 , -64.12111312, -60.47431965, -56.82752618, -53.1807327 , -49.53393922, -45.88714575, -42.24035227, -38.5935588 , -34.94676533, -31.29997185, -27.65317837, -24.0063849 , -20.35959142, -16.71279795, -13.06600447,  -9.419211  
cqi_ul:1.01400686,0.        ,0.2759856 ,0.        ,0.        ,0.19859291,0.        ,0.        ,0.09910164,0.        ,0.05743557,0.        ,0.        ,0.07840947,0.        ,0.        ,0.05703335,0.        ,0.13424777,0.        ,0.        ,0.12920633,0.        ,0.        ,0.1328947 ,0.        ,0.11927012,0.        ,0.        ,0.06847128,0.        ,0.        ,0.07871243,0.        ,0.05912914,0.        ,0.        ,0.03311158,0.        ,0.13105792
cqi_ul_bin_edges: 0.   , 0.375, 0.75 , 1.125, 1.5  , 1.875, 2.25 , 2.625, 3.   , 3.375, 3.75 , 4.125, 4.5  , 4.875, 5.25 , 5.625, 6.   , 6.375, 6.75 , 7.125, 7.5  , 7.875, 8.25 , 8.625, 9.   , 9.375, 9.75 ,10.125,10.5  ,10.875,11.25 ,11.625,12.   ,12.375,12.75 ,13.125,13.5  ,13.875,14.25 ,14.625,15.   
cqi_dl:0.47020769,0.        ,0.45989246,0.        ,0.        ,0.24840633,0.        ,0.        ,0.18908287,0.        ,0.0822724 ,0.        ,0.        ,0.06921226,0.        ,0.        ,0.03882215,0.        ,0.06461847,0.        ,0.        ,0.07206335,0.        ,0.        ,0.0925896 ,0.        ,0.1103971 ,0.        ,0.        ,0.10698849,0.        ,0.        ,0.16603516,0.        ,0.14504496,0.        ,0.        ,0.07721985,0.        ,0.27381352
cqi_dl_bin_edges: 0.   , 0.375, 0.75 , 1.125, 1.5  , 1.875, 2.25 , 2.625, 3.   , 3.375, 3.75 , 4.125, 4.5  , 4.875, 5.25 , 5.625, 6.   , 6.375, 6.75 , 7.125, 7.5  , 7.875, 8.25 , 8.625, 9.   , 9.375, 9.75 ,10.125,10.5  ,10.875,11.25 ,11.625,12.   ,12.375,12.75 ,13.125,13.5  ,13.875,14.25 ,14.625,15.   
mcs_ul:0.69106739,0.06292937,0.04345969,0.        ,0.03108135,0.02200881,0.        ,0.01508744,0.01568162,0.        ,0.02073356,0.02127152,0.01436972,0.        ,0.01618386,0.03361427,0.        ,0.03830418,0.03311877,0.        ,0.03609891,0.03713554,0.03405805,0.        ,0.03312195,0.03077276,0.        ,0.01851651,0.01815699,0.        ,0.02455429,0.01762062,0.01516323,0.        ,0.01651309,0.0098683 ,0.        ,0.00787004,0.        ,0.0702096 
mcs_ul_bin_edges: 0. , 0.7, 1.4, 2.1, 2.8, 3.5, 4.2, 4.9, 5.6, 6.3, 7. , 7.7, 8.4, 9.1, 9.8,10.5,11.2,11.9,12.6,13.3,14. ,14.7,15.4,16.1,16.8,17.5,18.2,18.9,19.6,20.3,21. ,21.7,22.4,23.1,23.8,24.5,25.2,25.9,26.6,27.3,28. 
mcs_dl:0.49826794,0.06110518,0.07196964,0.        ,0.0556084 ,0.04568599,0.        ,0.02406819,0.02000631,0.        ,0.01937352,0.01770448,0.01088417,0.        ,0.00991341,0.01724787,0.        ,0.01736917,0.01849641,0.        ,0.02010896,0.02398565,0.02561592,0.        ,0.0269962 ,0.0321451 ,0.        ,0.02831352,0.02898891,0.        ,0.0428052 ,0.04615504,0.04105204,0.        ,0.03665062,0.02314028,0.        ,0.01822749,0.        ,0.14668581
mcs_dl_bin_edges: 0. , 0.7, 1.4, 2.1, 2.8, 3.5, 4.2, 4.9, 5.6, 6.3, 7. , 7.7, 8.4, 9.1, 9.8,10.5,11.2,11.9,12.6,13.3,14. ,14.7,15.4,16.1,16.8,17.5,18.2,18.9,19.6,20.3,21. ,21.7,22.4,23.1,23.8,24.5,25.2,25.9,26.6,27.3,28. 
eff_ul:2.05366944,0.55895401,0.23790841,0.16430208,0.117505  ,0.        ,0.08320569,0.05703901,0.        ,0.05928533,0.07838451,0.08041829,0.05432563,0.06118409,0.12708085,0.        ,0.14481134,0.12520759,0.        ,0.13647417,0.        ,0.14039322,0.12875858,0.        ,0.12521959,0.        ,0.11633834,0.07000283,0.06864364,0.09282904,0.        ,0.06661586,0.        ,0.05732555,0.        ,0.06242877,0.        ,0.03730774,0.02975318,0.26543178
eff_ul_bin_edges:0.        ,0.18515763,0.37031527,0.5554729 ,0.74063053,0.92578816,1.1109458 ,1.29610343,1.48126106,1.66641869,1.85157632,2.03673396,2.22189159,2.40704922,2.59220686,2.77736449,2.96252212,3.14767975,3.33283738,3.51799502,3.70315265,3.88831028,4.07346792,4.25862555,4.44378318,4.62894081,4.81409844,4.99925608,5.18441371,5.36957134,5.55472897,5.73988661,5.92504424,6.11020187,6.29535951,6.48051714,6.66567477,6.8508324 ,7.03599004,7.22114767,7.4063053 
eff_dl:0.95231225,0.93142082,0.23101195,0.27208572,0.21023103,0.        ,0.17271876,0.09099128,0.        ,0.07563512,0.07324279,0.0669329 ,0.04114828,0.03747826,0.06520666,0.        ,0.06566522,0.06992682,0.        ,0.07602318,0.        ,0.09067924,0.0968426 ,0.        ,0.10206083,0.        ,0.12152657,0.10704103,0.10959439,0.16182773,0.        ,0.17449201,0.        ,0.1551998 ,0.        ,0.13855996,0.        ,0.08748329,0.06891018,0.55455489
eff_dl_bin_edges:0.        ,0.18515763,0.37031527,0.5554729 ,0.74063053,0.92578816,1.1109458 ,1.29610343,1.48126106,1.66641869,1.85157632,2.03673396,2.22189159,2.40704922,2.59220686,2.77736449,2.96252212,3.14767975,3.33283738,3.51799502,3.70315265,3.88831028,4.07346792,4.25862555,4.44378318,4.62894081,4.81409844,4.99925608,5.18441371,5.36957134,5.55472897,5.73988661,5.92504424,6.11020187,6.29535951,6.48051714,6.66567477,6.8508324 ,7.03599004,7.22114767,7.4063053 
rul:1.07840870e+00,6.26689518e-03,1.17377193e-03,4.65884777e-04,2.29217726e-04,1.71737128e-04,1.13249865e-04,8.07345702e-05,6.01985948e-05,4.26826157e-05,3.37232930e-05,2.92939650e-05,2.43613042e-05,2.32539722e-05,1.69119798e-05,1.50999820e-05,1.15766528e-05,7.85199062e-06,6.03999278e-06,4.63066114e-06,5.03332732e-06,3.52332912e-06,2.51666366e-06,1.61066474e-06,1.30866510e-06,8.05332371e-07,1.30866510e-06,1.50999820e-06,8.05332371e-07,2.01333093e-07,8.05332371e-07,7.04665825e-07,4.02666186e-07,0.00000000e+00,2.01333093e-07,0.00000000e+00,4.02666186e-07,1.00666546e-07,2.01333093e-07,5.03332732e-07
rul_bin_edges: 0.       , 0.9197874, 1.8395748, 2.7593622, 3.6791496, 4.598937 , 5.5187244, 6.4385118, 7.3582992, 8.2780866, 9.197874 ,10.1176614,11.0374488,11.9572362,12.8770236,13.796811 ,14.7165984,15.6363858,16.5561732,17.4759606,18.395748 ,19.3155354,20.2353228,21.1551102,22.0748976,22.994685 ,23.9144724,24.8342598,25.7540472,26.6738346,27.593622 ,28.5134094,29.4331968,30.3529842,31.2727716,32.192559 ,33.1123464,34.0321338,34.9519212,35.8717086,36.791496 
rdl:1.22078461e+00,5.91330644e-03,3.47027278e-03,1.44743177e-03,1.14076766e-03,3.19912917e-04,1.43680989e-04,9.71959629e-05,5.48226348e-05,3.57489264e-05,1.87310669e-05,1.53046522e-05,1.81599978e-05,1.33630172e-05,9.36553344e-06,6.05333259e-06,2.05584880e-06,2.17006263e-06,1.37056587e-06,2.28427645e-06,2.51270409e-06,2.74113174e-06,2.17006263e-06,2.51270409e-06,1.02792440e-06,2.28427645e-06,1.37056587e-06,1.25635205e-06,1.82742116e-06,2.17006263e-06,1.25635205e-06,3.42641467e-07,1.14213822e-07,3.42641467e-07,0.00000000e+00,0.00000000e+00,2.28427645e-07,2.28427645e-07,3.42641467e-07,2.28427645e-07
rdl_bin_edges: 0.       , 0.8106884, 1.6213768, 2.4320652, 3.2427536, 4.053442 , 4.8641304, 5.6748188, 6.4855072, 7.2961956, 8.106884 , 8.9175724, 9.7282608,10.5389492,11.3496376,12.160326 ,12.9710144,13.7817028,14.5923912,15.4030796,16.213768 ,17.0244564,17.8351448,18.6458332,19.4565216,20.26721  ,21.0778984,21.8885868,22.6992752,23.5099636,24.320652 ,25.1313404,25.9420288,26.7527172,27.5634056,28.374094 ,29.1847824,29.9954708,30.8061592,31.6168476,32.427536 
lul:1.38152234e+03,0.00000000e+00,0.00000000e+00,0.00000000e+00,0.00000000e+00,0.00000000e+00,0.00000000e+00,0.00000000e+00,0.00000000e+00,0.00000000e+00,0.00000000e+00,0.00000000e+00,0.00000000e+00,0.00000000e+00,0.00000000e+00,0.00000000e+00,0.00000000e+00,0.00000000e+00,0.00000000e+00,0.00000000e+00,0.00000000e+00,0.00000000e+00,4.30679423e+02,1.64438246e+02,2.43575084e+02,1.18214769e+00,1.47074230e-01,1.31646863e-02,8.22792897e-04,0.00000000e+00,0.00000000e+00,0.00000000e+00,0.00000000e+00,2.05698224e-04,2.05698224e-04,0.00000000e+00,0.00000000e+00,4.11396448e-04,0.00000000e+00,2.05698224e-04
lul_bin_edges:0.        ,0.00045013,0.00090027,0.0013504 ,0.00180054,0.00225067,0.00270081,0.00315094,0.00360107,0.00405121,0.00450134,0.00495148,0.00540161,0.00585175,0.00630188,0.00675201,0.00720215,0.00765228,0.00810242,0.00855255,0.00900269,0.00945282,0.00990295,0.01035309,0.01080322,0.01125336,0.01170349,0.01215363,0.01260376,0.01305389,0.01350403,0.01395416,0.0144043 ,0.01485443,0.01530457,0.0157547 ,0.01620483,0.01665497,0.0171051 ,0.01755524,0.01800537
ldl:1.17027515e+01,0.00000000e+00,0.00000000e+00,0.00000000e+00,0.00000000e+00,0.00000000e+00,0.00000000e+00,0.00000000e+00,0.00000000e+00,0.00000000e+00,0.00000000e+00,0.00000000e+00,0.00000000e+00,0.00000000e+00,0.00000000e+00,0.00000000e+00,0.00000000e+00,0.00000000e+00,0.00000000e+00,0.00000000e+00,0.00000000e+00,0.00000000e+00,0.00000000e+00,0.00000000e+00,0.00000000e+00,0.00000000e+00,0.00000000e+00,0.00000000e+00,0.00000000e+00,0.00000000e+00,0.00000000e+00,0.00000000e+00,0.00000000e+00,0.00000000e+00,0.00000000e+00,0.00000000e+00,0.00000000e+00,0.00000000e+00,0.00000000e+00,1.08357917e-06
ldl_bin_edges:0.        ,0.08544998,0.17089996,0.25634995,0.34179993,0.42724991,0.51269989,0.59814988,0.68359986,0.76904984,0.85449982,0.93994981,1.02539979,1.11084977,1.19629975,1.28174974,1.36719972,1.4526497 ,1.53809968,1.62354967,1.70899965,1.79444963,1.87989961,1.9653496 ,2.05079958,2.13624956,2.22169954,2.30714953,2.39259951,2.47804949,2.56349947,2.64894946,2.73439944,2.81984942,2.9052994 ,2.99074939,3.07619937,3.16164935,3.24709933,3.33254932,3.4179993 
ilul:3.08723608e-01,8.67440610e-03,5.18655685e-03,3.35005429e-03,2.25080392e-03,2.49405623e-03,1.94051976e-03,1.58055085e-03,1.57027351e-03,1.72688846e-03,1.55197722e-03,1.47987215e-03,1.32626840e-03,1.13708671e-03,1.18392391e-03,1.08792565e-03,1.32643205e-03,9.89734464e-04,6.07672544e-04,4.38423663e-04,3.96299643e-04,4.52530464e-04,7.50180691e-04,5.67479617e-04,5.15896512e-04,3.50215244e-04,3.21805260e-04,1.67023214e-04,2.81743254e-04,3.99539952e-04,1.91472820e-04,1.29546910e-04,1.20382399e-04,4.47097218e-05,1.58742424e-05,2.64788909e-05,3.18794063e-05,3.43996469e-05,2.01291939e-05,4.66080848e-05
ilul_bin_edges:  0.       ,  2.8289245,  5.657849 ,  8.4867735, 11.315698 , 14.1446225, 16.973547 , 19.8024715, 22.631396 , 25.4603205, 28.289245 , 31.1181695, 33.947094 , 36.7760185, 39.604943 , 42.4338675, 45.262792 , 48.0917165, 50.920641 , 53.7495655, 56.57849  , 59.4074145, 62.236339 , 65.0652635, 67.894188 , 70.7231125, 73.552037 , 76.3809615, 79.209886 , 82.0388105, 84.867735 , 87.6966595, 90.525584 , 93.3545085, 96.183433 , 99.0123575,101.841282 ,104.6702065,107.499131 ,110.3280555,113.15698  
ildl:5.48484825e-01,8.30445485e-03,4.34048335e-03,3.88560227e-03,4.21643981e-03,2.85163228e-03,1.32220008e-03,1.51398837e-03,1.12707110e-03,1.25883656e-03,1.40889364e-03,7.77229985e-04,1.03260086e-03,7.26626792e-04,5.51377641e-04,7.64633952e-04,1.08709239e-03,7.87471107e-04,4.75472853e-04,3.12710204e-04,5.28978609e-04,1.19169423e-04,9.82490553e-05,1.53069180e-04,2.91132652e-04,5.04224667e-04,6.13536324e-04,3.50607833e-04,3.36806962e-04,5.95299460e-05,1.95019446e-04,1.69389257e-04,4.06358969e-04,4.18462113e-04,4.15723845e-04,4.41737391e-04,1.26015093e-04,3.83302752e-04,2.78865211e-04,3.50991190e-04
ildl_bin_edges: 0.       , 1.6907005, 3.381401 , 5.0721015, 6.762802 , 8.4535025,10.144203 ,11.8349035,13.525604 ,15.2163045,16.907005 ,18.5977055,20.288406 ,21.9791065,23.669807 ,25.3605075,27.051208 ,28.7419085,30.432609 ,32.1233095,33.81401  ,35.5047105,37.195411 ,38.8861115,40.576812 ,42.2675125,43.958213 ,45.6489135,47.339614 ,49.0303145,50.721015 ,52.4117155,54.102416 ,55.7931165,57.483817 ,59.1745175,60.865218 ,62.5559185,64.246619 ,65.9373195,67.62802  
eul:8.01661500e+01,0.00000000e+00,0.00000000e+00,0.00000000e+00,0.00000000e+00,3.27841551e-04,6.58024828e-03,1.66028328e-02,1.69384802e-02,2.39558505e-02,2.85222150e-02,1.09998646e+00,2.87036987e+00,1.74926885e-02,1.56973657e-02,1.09046345e-02,1.10139150e-02,7.79794547e-03,3.71553758e-03,2.04510682e-03,1.41284097e-03,3.90287561e-04,0.00000000e+00,7.80575122e-05,1.63920776e-04,7.80575122e-05,7.80575122e-05,1.56115024e-04,1.24892020e-04,9.44495898e-04,3.43453054e-04,5.46402586e-05,1.40503522e-04,0.00000000e+00,0.00000000e+00,5.46402586e-05,1.32697771e-04,3.35647303e-04,7.80575122e-05,1.48309273e-04
eul_bin_edges:0.      ,0.011862,0.023724,0.035586,0.047448,0.05931 ,0.071172,0.083034,0.094896,0.106758,0.11862 ,0.130482,0.142344,0.154206,0.166068,0.17793 ,0.189792,0.201654,0.213516,0.225378,0.23724 ,0.249102,0.260964,0.272826,0.284688,0.29655 ,0.308412,0.320274,0.332136,0.343998,0.35586 ,0.367722,0.379584,0.391446,0.403308,0.41517 ,0.427032,0.438894,0.450756,0.462618,0.47448 
edl:8.41878214e+01,0.00000000e+00,0.00000000e+00,0.00000000e+00,0.00000000e+00,0.00000000e+00,2.34172537e-04,4.21510566e-04,3.98093312e-04,4.76150825e-04,5.46402586e-04,3.07078253e-02,8.07036619e-02,3.04424298e-04,3.27841551e-04,2.49784039e-04,2.18561034e-04,1.48309273e-04,7.80575122e-05,3.90287561e-05,2.34172537e-05,7.80575122e-06,0.00000000e+00,0.00000000e+00,7.80575122e-06,0.00000000e+00,0.00000000e+00,7.80575122e-06,0.00000000e+00,4.68345073e-05,1.56115024e-05,0.00000000e+00,7.80575122e-06,0.00000000e+00,0.00000000e+00,0.00000000e+00,7.80575122e-06,7.80575122e-06,0.00000000e+00,7.80575122e-06
edl_bin_edges:0.      ,0.011862,0.023724,0.035586,0.047448,0.05931 ,0.071172,0.083034,0.094896,0.106758,0.11862 ,0.130482,0.142344,0.154206,0.166068,0.17793 ,0.189792,0.201654,0.213516,0.225378,0.23724 ,0.249102,0.260964,0.272826,0.284688,0.29655 ,0.308412,0.320274,0.332136,0.343998,0.35586 ,0.367722,0.379584,0.391446,0.403308,0.41517 ,0.427032,0.438894,0.450756,0.462618,0.47448 
gul:3.09914000e+00,0.00000000e+00,0.00000000e+00,0.00000000e+00,3.17011981e-02,2.47996684e-01,4.15436542e-01,5.87419342e-01,1.62122921e+01,4.15697542e+01,3.00717027e-01,2.40547896e-01,2.14933188e-01,1.09708831e-01,5.84677206e-02,2.09782181e-02,6.12741712e-03,3.09878919e-03,1.45584624e-03,2.51411198e-03,2.51411198e-03,6.47237667e-03,4.15705493e-03,9.00402897e-04,4.20967588e-04,0.00000000e+00,2.06391054e-03,1.85342674e-03,1.42076561e-03,4.15120816e-04,5.26209485e-04,5.26209485e-04,1.05241897e-03,0.00000000e+00,0.00000000e+00,5.26209485e-04,0.00000000e+00,0.00000000e+00,0.00000000e+00,5.26209485e-04
gul_bin_edges:0.       ,0.0158364,0.0316728,0.0475092,0.0633456,0.079182 ,0.0950184,0.1108548,0.1266912,0.1425276,0.158364 ,0.1742004,0.1900368,0.2058732,0.2217096,0.237546 ,0.2533824,0.2692188,0.2850552,0.3008916,0.316728 ,0.3325644,0.3484008,0.3642372,0.3800736,0.39591  ,0.4117464,0.4275828,0.4434192,0.4592556,0.475092 ,0.4909284,0.5067648,0.5226012,0.5384376,0.554274 ,0.5701104,0.5859468,0.6017832,0.6176196,0.633456 
gdl:8.66667022e-02,0.00000000e+00,0.00000000e+00,0.00000000e+00,3.41159149e-02,2.62701315e-01,4.32684519e-01,6.14583445e-01,1.70258762e+01,4.36592151e+01,3.15953715e-01,2.51797085e-01,2.25521692e-01,1.14625966e-01,6.09876793e-02,2.20774113e-02,6.31451382e-03,3.15725691e-03,1.57278168e-03,2.63104743e-03,2.62520065e-03,6.82902976e-03,4.70665151e-03,1.04657220e-03,5.20362713e-04,0.00000000e+00,2.10483794e-03,2.09314440e-03,1.57862846e-03,5.20362713e-04,5.26209485e-04,5.26209485e-04,1.05241897e-03,0.00000000e+00,0.00000000e+00,5.26209485e-04,0.00000000e+00,0.00000000e+00,0.00000000e+00,5.26209485e-04
gdl_bin_edges:0.       ,0.0158364,0.0316728,0.0475092,0.0633456,0.079182 ,0.0950184,0.1108548,0.1266912,0.1425276,0.158364 ,0.1742004,0.1900368,0.2058732,0.2217096,0.237546 ,0.2533824,0.2692188,0.2850552,0.3008916,0.316728 ,0.3325644,0.3484008,0.3642372,0.3800736,0.39591  ,0.4117464,0.4275828,0.4434192,0.4592556,0.475092 ,0.4909284,0.5067648,0.5226012,0.5384376,0.554274 ,0.5701104,0.5859468,0.6017832,0.6176196,0.633456 
ri:34.50193656, 0.        , 0.        , 0.        , 0.        , 0.        , 0.        , 0.        , 0.        , 0.        , 0.        , 0.        , 0.        , 0.        , 0.        , 0.        , 0.        , 0.        , 0.        , 0.        , 0.        , 0.        , 0.        , 0.        , 0.        , 0.        , 0.        , 0.        , 0.        , 0.        , 0.        , 0.        , 0.        , 0.        , 0.        , 0.        , 0.        , 0.        , 0.        , 5.49806344
ri_bin_edges:1.   ,1.025,1.05 ,1.075,1.1  ,1.125,1.15 ,1.175,1.2  ,1.225,1.25 ,1.275,1.3  ,1.325,1.35 ,1.375,1.4  ,1.425,1.45 ,1.475,1.5  ,1.525,1.55 ,1.575,1.6  ,1.625,1.65 ,1.675,1.7  ,1.725,1.75 ,1.775,1.8  ,1.825,1.85 ,1.875,1.9  ,1.925,1.95 ,1.975,2.   
