period:1
ue_log_freq:1000
mac_log_freq:1000
mimo_layers:2
frequency:2412000000.0
bandwidth:50000000
ue_speed:5.555555555555555
max_distance:1000
shannon_cfg_bandwidth_mhz:50.0
shannon_cfg_mimo_layers:2
shannon_cfg_bw_efficiency:0.67
shannon_cfg_sinr_offset_db:0
shannon_cfg_ul_divisor:2
shannon_cfg_sinr_sample_rate:1000
n_ue:1
sinr_period:9.463597741343282
sinr_rate:105.66805852612856
ul_fairness:1.0
dl_fairness:1.0
ul_agg_throughput:0.0040802744227272725
dl_agg_throughput:0.003015630098181817
ul_ave_throughput:0.0040802744227272725
dl_ave_throughput:0.003015630098181817
ul_se:8.160548845454545e-05
dl_se:6.0312601963636335e-05
ul_ase:2.5975833741939006e-11
dl_ase:1.9198097466493352e-11
ul_gr:0.0054505416044108666
dl_gr:0.0026481195555802454
ul_tr:0.0054505411844341985
dl_tr:0.0026481194290317203
ul_er:0.0
dl_er:0.0
ul_er_ratio:0.0
dl_er_ratio:0.0
ul_er_perc:0.0
dl_er_perc:0.0
ul_l:2.8805015160268873e-05
dl_l:2.9569797244597522e-05
ul_il:5.105976707405144e-05
dl_il:3.573363286484084e-05
sinr_ul: 0., 0., 0., 0., 0., 0., 0., 0., 0., 0., 0., 0., 0., 0., 0., 0., 0., 0., 0., 0.,40., 0., 0., 0., 0., 0., 0., 0., 0., 0., 0., 0., 0., 0., 0., 0., 0., 0., 0., 0.
sinr_ul_bin_edges:32.939163,32.964163,32.989163,33.014163,33.039163,33.064163,33.089163,33.114163,33.139163,33.164163,33.189163,33.214163,33.239163,33.264163,33.289163,33.314163,33.339163,33.364163,33.389163,33.414163,33.439163,33.464163,33.489163,33.514163,33.539163,33.564163,33.589163,33.614163,33.639163,33.664163,33.689163,33.714163,33.739163,33.764163,33.789163,33.814163,33.839163,33.864163,33.889163,33.914163,33.939163
sinr_dl: 0., 0., 0., 0., 0., 0., 0., 0., 0., 0., 0., 0., 0., 0., 0., 0., 0., 0., 0., 0.,40., 0., 0., 0., 0., 0., 0., 0., 0., 0., 0., 0., 0., 0., 0., 0., 0., 0., 0., 0.
sinr_dl_bin_edges:45.66945,45.69445,45.71945,45.74445,45.76945,45.79445,45.81945,45.84445,45.86945,45.89445,45.91945,45.94445,45.96945,45.99445,46.01945,46.04445,46.06945,46.09445,46.11945,46.14445,46.16945,46.19445,46.21945,46.24445,46.26945,46.29445,46.31945,46.34445,46.36945,46.39445,46.41945,46.44445,46.46945,46.49445,46.51945,46.54445,46.56945,46.59445,46.61945,46.64445,46.66945
rsrp_ul: 0., 0., 0., 0., 0., 0., 0., 0., 0., 0., 0., 0., 0., 0., 0., 0., 0., 0., 0., 0.,40., 0., 0., 0., 0., 0., 0., 0., 0., 0., 0., 0., 0., 0., 0., 0., 0., 0., 0., 0.
rsrp_ul_bin_edges:-83.70117,-83.67617,-83.65117,-83.62617,-83.60117,-83.57617,-83.55117,-83.52617,-83.50117,-83.47617,-83.45117,-83.42617,-83.40117,-83.37617,-83.35117,-83.32617,-83.30117,-83.27617,-83.25117,-83.22617,-83.20117,-83.17617,-83.15117,-83.12617,-83.10117,-83.07617,-83.05117,-83.02617,-83.00117,-82.97617,-82.95117,-82.92617,-82.90117,-82.87617,-82.85117,-82.82617,-82.80117,-82.77617,-82.75117,-82.72617,-82.70117
rsrp_dl: 0., 0., 0., 0., 0., 0., 0., 0., 0., 0., 0., 0., 0., 0., 0., 0., 0., 0., 0., 0.,40., 0., 0., 0., 0., 0., 0., 0., 0., 0., 0., 0., 0., 0., 0., 0., 0., 0., 0., 0.
rsrp_dl_bin_edges:-77.68057,-77.65557,-77.63057,-77.60557,-77.58057,-77.55557,-77.53057,-77.50557,-77.48057,-77.45557,-77.43057,-77.40557,-77.38057,-77.35557,-77.33057,-77.30557,-77.28057,-77.25557,-77.23057,-77.20557,-77.18057,-77.15557,-77.13057,-77.10557,-77.08057,-77.05557,-77.03057,-77.00557,-76.98057,-76.95557,-76.93057,-76.90557,-76.88057,-76.85557,-76.83057,-76.80557,-76.78057,-76.75557,-76.73057,-76.70557,-76.68057
cqi_ul: 0., 0., 0., 0., 0., 0., 0., 0., 0., 0., 0., 0., 0., 0., 0., 0., 0., 0., 0., 0.,40., 0., 0., 0., 0., 0., 0., 0., 0., 0., 0., 0., 0., 0., 0., 0., 0., 0., 0., 0.
cqi_ul_bin_edges:13.5  ,13.525,13.55 ,13.575,13.6  ,13.625,13.65 ,13.675,13.7  ,13.725,13.75 ,13.775,13.8  ,13.825,13.85 ,13.875,13.9  ,13.925,13.95 ,13.975,14.   ,14.025,14.05 ,14.075,14.1  ,14.125,14.15 ,14.175,14.2  ,14.225,14.25 ,14.275,14.3  ,14.325,14.35 ,14.375,14.4  ,14.425,14.45 ,14.475,14.5  
cqi_dl: 0., 0., 0., 0., 0., 0., 0., 0., 0., 0., 0., 0., 0., 0., 0., 0., 0., 0., 0., 0.,40., 0., 0., 0., 0., 0., 0., 0., 0., 0., 0., 0., 0., 0., 0., 0., 0., 0., 0., 0.
cqi_dl_bin_edges:14.5  ,14.525,14.55 ,14.575,14.6  ,14.625,14.65 ,14.675,14.7  ,14.725,14.75 ,14.775,14.8  ,14.825,14.85 ,14.875,14.9  ,14.925,14.95 ,14.975,15.   ,15.025,15.05 ,15.075,15.1  ,15.125,15.15 ,15.175,15.2  ,15.225,15.25 ,15.275,15.3  ,15.325,15.35 ,15.375,15.4  ,15.425,15.45 ,15.475,15.5  
mcs_ul: 0., 0., 0., 0., 0., 0., 0., 0., 0., 0., 0., 0., 0., 0., 0., 0., 0., 0., 0., 0.,40., 0., 0., 0., 0., 0., 0., 0., 0., 0., 0., 0., 0., 0., 0., 0., 0., 0., 0., 0.
mcs_ul_bin_edges:24.5  ,24.525,24.55 ,24.575,24.6  ,24.625,24.65 ,24.675,24.7  ,24.725,24.75 ,24.775,24.8  ,24.825,24.85 ,24.875,24.9  ,24.925,24.95 ,24.975,25.   ,25.025,25.05 ,25.075,25.1  ,25.125,25.15 ,25.175,25.2  ,25.225,25.25 ,25.275,25.3  ,25.325,25.35 ,25.375,25.4  ,25.425,25.45 ,25.475,25.5  
mcs_dl: 0., 0., 0., 0., 0., 0., 0., 0., 0., 0., 0., 0., 0., 0., 0., 0., 0., 0., 0., 0.,40., 0., 0., 0., 0., 0., 0., 0., 0., 0., 0., 0., 0., 0., 0., 0., 0., 0., 0., 0.
mcs_dl_bin_edges:27.5  ,27.525,27.55 ,27.575,27.6  ,27.625,27.65 ,27.675,27.7  ,27.725,27.75 ,27.775,27.8  ,27.825,27.85 ,27.875,27.9  ,27.925,27.95 ,27.975,28.   ,28.025,28.05 ,28.075,28.1  ,28.125,28.15 ,28.175,28.2  ,28.225,28.25 ,28.275,28.3  ,28.325,28.35 ,28.375,28.4  ,28.425,28.45 ,28.475,28.5  
eff_ul: 0., 0., 0., 0., 0., 0., 0., 0., 0., 0., 0., 0., 0., 0., 0., 0., 0., 0., 0., 0.,40., 0., 0., 0., 0., 0., 0., 0., 0., 0., 0., 0., 0., 0., 0., 0., 0., 0., 0., 0.
eff_ul_bin_edges:6.4140987,6.4390987,6.4640987,6.4890987,6.5140987,6.5390987,6.5640987,6.5890987,6.6140987,6.6390987,6.6640987,6.6890987,6.7140987,6.7390987,6.7640987,6.7890987,6.8140987,6.8390987,6.8640987,6.8890987,6.9140987,6.9390987,6.9640987,6.9890987,7.0140987,7.0390987,7.0640987,7.0890987,7.1140987,7.1390987,7.1640987,7.1890987,7.2140987,7.2390987,7.2640987,7.2890987,7.3140987,7.3390987,7.3640987,7.3890987,7.4140987
eff_dl: 0., 0., 0., 0., 0., 0., 0., 0., 0., 0., 0., 0., 0., 0., 0., 0., 0., 0., 0., 0.,40., 0., 0., 0., 0., 0., 0., 0., 0., 0., 0., 0., 0., 0., 0., 0., 0., 0., 0., 0.
eff_dl_bin_edges:6.9063,6.9313,6.9563,6.9813,7.0063,7.0313,7.0563,7.0813,7.1063,7.1313,7.1563,7.1813,7.2063,7.2313,7.2563,7.2813,7.3063,7.3313,7.3563,7.3813,7.4063,7.4313,7.4563,7.4813,7.5063,7.5313,7.5563,7.5813,7.6063,7.6313,7.6563,7.6813,7.7063,7.7313,7.7563,7.7813,7.8063,7.8313,7.8563,7.8813,7.9063
rul:7.55326924e+00,0.00000000e+00,8.41449255e-04,0.00000000e+00,0.00000000e+00,3.78652165e-03,4.20724628e-04,8.41449255e-04,0.00000000e+00,0.00000000e+00,4.20724628e-04,0.00000000e+00,0.00000000e+00,4.20724628e-04,5.89014479e-03,1.68289851e-03,0.00000000e+00,0.00000000e+00,0.00000000e+00,0.00000000e+00,8.41449255e-04,4.20724628e-04,0.00000000e+00,1.68289851e-03,8.41449255e-04,8.41449255e-04,4.20724628e-04,0.00000000e+00,0.00000000e+00,4.20724628e-04,0.00000000e+00,0.00000000e+00,0.00000000e+00,0.00000000e+00,0.00000000e+00,0.00000000e+00,0.00000000e+00,0.00000000e+00,0.00000000e+00,4.20724628e-04
rul_bin_edges:0.        ,0.13203998,0.26407995,0.39611993,0.5281599 ,0.66019987,0.79223985,0.92427983,1.0563198 ,1.18835978,1.32039975,1.45243973,1.5844797 ,1.71651968,1.84855965,1.98059962,2.1126396 ,2.24467958,2.37671955,2.50875952,2.6407995 ,2.77283948,2.90487945,3.03691943,3.1689594 ,3.30099937,3.43303935,3.56507933,3.6971193 ,3.82915928,3.96119925,4.09323923,4.2252792 ,4.35731917,4.48935915,4.62139912,4.7534391 ,4.88547908,5.01751905,5.14955903,5.281599  
rdl:9.84344998e+00,3.29102306e-03,0.00000000e+00,5.48503844e-04,9.32456535e-03,0.00000000e+00,4.93653459e-03,2.74251922e-03,5.48503844e-04,0.00000000e+00,5.48503844e-04,5.48503844e-04,4.38803075e-03,1.09700769e-03,0.00000000e+00,0.00000000e+00,0.00000000e+00,0.00000000e+00,0.00000000e+00,5.48503844e-04,1.09700769e-03,0.00000000e+00,0.00000000e+00,0.00000000e+00,0.00000000e+00,0.00000000e+00,0.00000000e+00,0.00000000e+00,0.00000000e+00,0.00000000e+00,0.00000000e+00,0.00000000e+00,0.00000000e+00,0.00000000e+00,0.00000000e+00,0.00000000e+00,0.00000000e+00,0.00000000e+00,0.00000000e+00,5.48503844e-04
rdl_bin_edges:0.     ,0.10128,0.20256,0.30384,0.40512,0.5064 ,0.60768,0.70896,0.81024,0.91152,1.0128 ,1.11408,1.21536,1.31664,1.41792,1.5192 ,1.62048,1.72176,1.82304,1.92432,2.0256 ,2.12688,2.22816,2.32944,2.43072,2.532  ,2.63328,2.73456,2.83584,2.93712,3.0384 ,3.13968,3.24096,3.34224,3.44352,3.5448 ,3.64608,3.74736,3.84864,3.94992,4.0512 
lul:9.88521769e+03,0.00000000e+00,0.00000000e+00,0.00000000e+00,0.00000000e+00,0.00000000e+00,0.00000000e+00,0.00000000e+00,0.00000000e+00,0.00000000e+00,0.00000000e+00,0.00000000e+00,0.00000000e+00,0.00000000e+00,0.00000000e+00,0.00000000e+00,0.00000000e+00,0.00000000e+00,0.00000000e+00,0.00000000e+00,0.00000000e+00,0.00000000e+00,0.00000000e+00,0.00000000e+00,0.00000000e+00,0.00000000e+00,0.00000000e+00,0.00000000e+00,0.00000000e+00,5.42900322e+01,3.87785944e+00,0.00000000e+00,0.00000000e+00,0.00000000e+00,3.87785944e+00,5.53979920e-01,5.53979920e-01,5.53979920e-01,0.00000000e+00,2.32671566e+01
lul_bin_edges:0.        ,0.00010028,0.00020056,0.00030084,0.00040112,0.00050139,0.00060167,0.00070195,0.00080223,0.00090251,0.00100279,0.00110307,0.00120335,0.00130363,0.0014039 ,0.00150418,0.00160446,0.00170474,0.00180502,0.0019053 ,0.00200558,0.00210586,0.00220613,0.00230641,0.00240669,0.00250697,0.00260725,0.00270753,0.00280781,0.00290809,0.00300837,0.00310864,0.00320892,0.0033092 ,0.00340948,0.00350976,0.00361004,0.00371032,0.0038106 ,0.00391088,0.00401115
ldl:9.89309962e+03,0.00000000e+00,0.00000000e+00,0.00000000e+00,0.00000000e+00,0.00000000e+00,0.00000000e+00,0.00000000e+00,0.00000000e+00,0.00000000e+00,0.00000000e+00,0.00000000e+00,0.00000000e+00,0.00000000e+00,0.00000000e+00,0.00000000e+00,0.00000000e+00,0.00000000e+00,0.00000000e+00,0.00000000e+00,0.00000000e+00,0.00000000e+00,0.00000000e+00,0.00000000e+00,0.00000000e+00,0.00000000e+00,0.00000000e+00,0.00000000e+00,0.00000000e+00,3.82701056e+01,2.88412390e+01,5.54639212e-01,0.00000000e+00,0.00000000e+00,2.21855685e+00,0.00000000e+00,0.00000000e+00,0.00000000e+00,0.00000000e+00,2.10762900e+01
ldl_bin_edges:0.        ,0.00010016,0.00020032,0.00030048,0.00040064,0.0005008 ,0.00060096,0.00070112,0.00080128,0.00090144,0.0010016 ,0.00110176,0.00120192,0.00130208,0.00140224,0.00150239,0.00160255,0.00170271,0.00180287,0.00190303,0.00200319,0.00210335,0.00220351,0.00230367,0.00240383,0.00250399,0.00260415,0.00270431,0.00280447,0.00290463,0.00300479,0.00310495,0.00320511,0.00330527,0.00340543,0.00350559,0.00360575,0.00370591,0.00380607,0.00390623,0.00400639
ilul:3.31028863e+03,0.00000000e+00,0.00000000e+00,0.00000000e+00,0.00000000e+00,0.00000000e+00,0.00000000e+00,0.00000000e+00,0.00000000e+00,0.00000000e+00,7.23499533e+00,3.71025402e-01,0.00000000e+00,5.00884292e+00,0.00000000e+00,1.85512701e-01,2.96820321e+00,0.00000000e+00,1.85512701e-01,1.85512701e-01,1.85512701e+00,1.85512701e-01,0.00000000e+00,1.85512701e+00,0.00000000e+00,1.85512701e-01,2.04063971e+00,0.00000000e+00,0.00000000e+00,0.00000000e+00,2.96820321e+00,1.85512701e-01,0.00000000e+00,2.78269051e+00,0.00000000e+00,1.85512701e-01,5.56538103e-01,0.00000000e+00,0.00000000e+00,1.85512701e-01
ilul_bin_edges:0.        ,0.00029945,0.00059891,0.00089836,0.00119781,0.00149727,0.00179672,0.00209618,0.00239563,0.00269508,0.00299454,0.00329399,0.00359344,0.0038929 ,0.00419235,0.00449181,0.00479126,0.00509071,0.00539017,0.00568962,0.00598907,0.00628853,0.00658798,0.00688744,0.00718689,0.00748634,0.0077858 ,0.00808525,0.0083847 ,0.00868416,0.00898361,0.00928307,0.00958252,0.00988197,0.01018143,0.01048088,0.01078033,0.01107979,0.01137924,0.0116787 ,0.01197815
ildl:4.96072043e+03,0.00000000e+00,0.00000000e+00,0.00000000e+00,0.00000000e+00,0.00000000e+00,0.00000000e+00,0.00000000e+00,0.00000000e+00,0.00000000e+00,0.00000000e+00,0.00000000e+00,0.00000000e+00,0.00000000e+00,0.00000000e+00,2.22491245e+01,0.00000000e+00,2.78114057e-01,0.00000000e+00,2.78114057e+00,7.50907953e+00,0.00000000e+00,0.00000000e+00,0.00000000e+00,5.56228113e-01,6.67473736e+00,0.00000000e+00,8.34342170e-01,0.00000000e+00,2.78114057e-01,3.89359679e+00,0.00000000e+00,0.00000000e+00,0.00000000e+00,2.78114057e-01,0.00000000e+00,0.00000000e+00,0.00000000e+00,0.00000000e+00,2.78114057e-01
ildl_bin_edges:0.        ,0.00019975,0.00039949,0.00059924,0.00079899,0.00099874,0.00119848,0.00139823,0.00159798,0.00179772,0.00199747,0.00219722,0.00239696,0.00259671,0.00279646,0.00299621,0.00319595,0.0033957 ,0.00359545,0.00379519,0.00399494,0.00419469,0.00439444,0.00459418,0.00479393,0.00499368,0.00519342,0.00539317,0.00559292,0.00579267,0.00599241,0.00619216,0.00639191,0.00659165,0.0067914 ,0.00699115,0.00719089,0.00739064,0.00759039,0.00779014,0.00798988
eul: 0., 0., 0., 0., 0., 0., 0., 0., 0., 0., 0., 0., 0., 0., 0., 0., 0., 0., 0., 0.,40., 0., 0., 0., 0., 0., 0., 0., 0., 0., 0., 0., 0., 0., 0., 0., 0., 0., 0., 0.
eul_bin_edges:-0.5  ,-0.475,-0.45 ,-0.425,-0.4  ,-0.375,-0.35 ,-0.325,-0.3  ,-0.275,-0.25 ,-0.225,-0.2  ,-0.175,-0.15 ,-0.125,-0.1  ,-0.075,-0.05 ,-0.025, 0.   , 0.025, 0.05 , 0.075, 0.1  , 0.125, 0.15 , 0.175, 0.2  , 0.225, 0.25 , 0.275, 0.3  , 0.325, 0.35 , 0.375, 0.4  , 0.425, 0.45 , 0.475, 0.5  
edl: 0., 0., 0., 0., 0., 0., 0., 0., 0., 0., 0., 0., 0., 0., 0., 0., 0., 0., 0., 0.,40., 0., 0., 0., 0., 0., 0., 0., 0., 0., 0., 0., 0., 0., 0., 0., 0., 0., 0., 0.
edl_bin_edges:-0.5  ,-0.475,-0.45 ,-0.425,-0.4  ,-0.375,-0.35 ,-0.325,-0.3  ,-0.275,-0.25 ,-0.225,-0.2  ,-0.175,-0.15 ,-0.125,-0.1  ,-0.075,-0.05 ,-0.025, 0.   , 0.025, 0.05 , 0.075, 0.1  , 0.125, 0.15 , 0.175, 0.2  , 0.225, 0.25 , 0.275, 0.3  , 0.325, 0.35 , 0.375, 0.4  , 0.425, 0.45 , 0.475, 0.5  
gul:7.55452998e+00,0.00000000e+00,4.20724548e-04,0.00000000e+00,0.00000000e+00,3.36579638e-03,4.20724548e-04,8.41449096e-04,0.00000000e+00,0.00000000e+00,0.00000000e+00,0.00000000e+00,0.00000000e+00,4.20724548e-04,5.46941912e-03,1.68289819e-03,0.00000000e+00,0.00000000e+00,0.00000000e+00,0.00000000e+00,0.00000000e+00,4.20724548e-04,4.20724548e-04,1.68289819e-03,8.41449096e-04,1.68289819e-03,4.20724548e-04,0.00000000e+00,0.00000000e+00,4.20724548e-04,0.00000000e+00,0.00000000e+00,0.00000000e+00,0.00000000e+00,0.00000000e+00,0.00000000e+00,0.00000000e+00,0.00000000e+00,0.00000000e+00,4.20724548e-04
gul_bin_edges:0.     ,0.13204,0.26408,0.39612,0.52816,0.6602 ,0.79224,0.92428,1.05632,1.18836,1.3204 ,1.45244,1.58448,1.71652,1.84856,1.9806 ,2.11264,2.24468,2.37672,2.50876,2.6408 ,2.77284,2.90488,3.03692,3.16896,3.301  ,3.43304,3.56508,3.69712,3.82916,3.9612 ,4.09324,4.22528,4.35732,4.48936,4.6214 ,4.75344,4.88548,5.01752,5.14956,5.2816 
gdl:9.84344998e+00,3.83952691e-03,0.00000000e+00,0.00000000e+00,9.32456535e-03,0.00000000e+00,4.38803075e-03,2.74251922e-03,5.48503844e-04,0.00000000e+00,1.64551153e-03,0.00000000e+00,4.38803075e-03,1.09700769e-03,0.00000000e+00,0.00000000e+00,0.00000000e+00,0.00000000e+00,0.00000000e+00,5.48503844e-04,1.09700769e-03,0.00000000e+00,0.00000000e+00,0.00000000e+00,0.00000000e+00,0.00000000e+00,0.00000000e+00,0.00000000e+00,0.00000000e+00,0.00000000e+00,0.00000000e+00,0.00000000e+00,0.00000000e+00,0.00000000e+00,0.00000000e+00,0.00000000e+00,0.00000000e+00,0.00000000e+00,0.00000000e+00,5.48503844e-04
gdl_bin_edges:0.     ,0.10128,0.20256,0.30384,0.40512,0.5064 ,0.60768,0.70896,0.81024,0.91152,1.0128 ,1.11408,1.21536,1.31664,1.41792,1.5192 ,1.62048,1.72176,1.82304,1.92432,2.0256 ,2.12688,2.22816,2.32944,2.43072,2.532  ,2.63328,2.73456,2.83584,2.93712,3.0384 ,3.13968,3.24096,3.34224,3.44352,3.5448 ,3.64608,3.74736,3.84864,3.94992,4.0512 
ri: 0., 0., 0., 0., 0., 0., 0., 0., 0., 0., 0., 0., 0., 0., 0., 0., 0., 0., 0., 0.,40., 0., 0., 0., 0., 0., 0., 0., 0., 0., 0., 0., 0., 0., 0., 0., 0., 0., 0., 0.
ri_bin_edges:0.5  ,0.525,0.55 ,0.575,0.6  ,0.625,0.65 ,0.675,0.7  ,0.725,0.75 ,0.775,0.8  ,0.825,0.85 ,0.875,0.9  ,0.925,0.95 ,0.975,1.   ,1.025,1.05 ,1.075,1.1  ,1.125,1.15 ,1.175,1.2  ,1.225,1.25 ,1.275,1.3  ,1.325,1.35 ,1.375,1.4  ,1.425,1.45 ,1.475,1.5  
