period:1
ue_log_freq:1000
mac_log_freq:1000
mimo_layers:2
frequency:2412000000.0
bandwidth:50000000
ue_speed:5.555555555555555
max_distance:1000
shannon_cfg_bandwidth_mhz:50.0
shannon_cfg_mimo_layers:2
shannon_cfg_bw_efficiency:0.67
shannon_cfg_sinr_offset_db:0
shannon_cfg_ul_divisor:2
shannon_cfg_sinr_sample_rate:1000
n_ue:3
sinr_period:9.463597741343282
sinr_rate:105.66805852612856
ul_fairness:0.9959403011108509
dl_fairness:1.0000000000000002
ul_agg_throughput:3.164652521212557
dl_agg_throughput:3.1783710872583995
ul_ave_throughput:1.054884173737519
dl_ave_throughput:1.0594570290861332
ul_se:0.06329305042425114
dl_se:0.063567421745168
ul_ase:2.0146803676768305e-08
dl_ase:2.0234138780701445e-08
ul_gr:0.09999884283583163, 0.09999884283583163, 0.19999768510196902
dl_gr:0.09999884283583163, 0.09999884283583163, 0.19999768510196902
ul_tr:0.09998881894564056, 0.09998881894564056, 0.19997763747739525
dl_tr:0.09998881894564056, 0.09998881894564056, 0.19997763747739525
ul_er:0.0, 0.0, 0.0
dl_er:0.0, 0.0, 0.0
ul_er_ratio:0.0, 0.0, 0.0
dl_er_ratio:0.0, 0.0, 0.0
ul_er_perc:0.0, 0.0, 0.0
dl_er_perc:0.0, 0.0, 0.0
ul_l:0.008772774300496996, 0.008772774300496996, 0.008772774300496996
dl_l:0.008772774300496996, 0.008772774300496996, 0.008772774300496996
ul_il:0.008772774300496996, 0.008772774300496996, 0.008772774300496996
dl_il:0.008772774300496996, 0.008772774300496996, 0.008772774300496996
sinr_ul:0.05383425,0.03702432,0.0237536 ,0.01853548,0.02140104,0.028894  ,0.02724099,0.02890955,0.05087023,0.05098423,0.07793504,0.01884121,0.08852156,0.07192409,0.03826797,0.05200505,0.10904169,0.09407132,0.06954562,0.06771643,0.03144865,0.02915309,0.03065583,0.02596107,0.02111086,0.02047349,0.02031804,0.01977394,0.04616511,0.09885417,0.01887748,0.01783593,0.01710529,0.01722965,0.01756647,0.01844221,0.01876348,0.0197584 ,0.01982058,0.01593937
sinr_ul_bin_edges:25.90078   ,26.54404438,27.18730875,27.83057313,28.4738375 ,29.11710188,29.76036625,30.40363063,31.046895  ,31.69015938,32.33342375,32.97668813,33.6199525 ,34.26321687,34.90648125,35.54974562,36.19301   ,36.83627438,37.47953875,38.12280313,38.7660675 ,39.40933187,40.05259625,40.69586063,41.339125  ,41.98238937,42.62565375,43.26891812,43.9121825 ,44.55544688,45.19871125,45.84197563,46.48524   ,47.12850438,47.77176875,48.41503313,49.0582975 ,49.70156187,50.34482625,50.98809062,51.631355  
sinr_dl:0.05384153,0.0370793 ,0.02375255,0.018563  ,0.02194659,0.02894209,0.02758243,0.02874489,0.05157889,0.05106512,0.07949864,0.01650794,0.08577799,0.0743039 ,0.03814835,0.05185912,0.10647389,0.09662933,0.07021454,0.06855389,0.03096601,0.02920676,0.03059756,0.02605152,0.02114221,0.02045719,0.02033264,0.01977736,0.03936789,0.10582001,0.01892108,0.01784166,0.01711512,0.01722929,0.01751471,0.01839694,0.01875502,0.01968913,0.01988634,0.01674666
sinr_dl_bin_edges:37.416214  ,38.05852465,38.7008353 ,39.34314595,39.9854566 ,40.62776725,41.2700779 ,41.91238855,42.5546992 ,43.19700985,43.8393205 ,44.48163115,45.1239418 ,45.76625245,46.4085631 ,47.05087375,47.6931844 ,48.33549505,48.9778057 ,49.62011635,50.262427  ,50.90473765,51.5470483 ,52.18935895,52.8316696 ,53.47398025,54.1162909 ,54.75860155,55.4009122 ,56.04322285,56.6855335 ,57.32784415,57.9701548 ,58.61246545,59.2547761 ,59.89708675,60.5393974 ,61.18170805,61.8240187 ,62.46632935,63.10864   
rsrp_ul:0.05385464,0.03724229,0.0237617 ,0.01863417,0.02345947,0.02903513,0.02854009,0.02990014,0.05197351,0.05126482,0.08200392,0.01187043,0.07557888,0.08349423,0.03779986,0.05147847,0.09646937,0.10615643,0.07260345,0.07021165,0.03021279,0.02933215,0.03044207,0.0263463 ,0.02118751,0.02042151,0.02035898,0.01981184,0.02408999,0.12154422,0.01904062,0.01785775,0.01714907,0.01722202,0.01742525,0.01824857,0.01869671,0.01950961,0.02002027,0.01903541
rsrp_ul_bin_edges:-92.17645  ,-91.5367715,-90.897093 ,-90.2574145,-89.617736 ,-88.9780575,-88.338379 ,-87.6987005,-87.059022 ,-86.4193435,-85.779665 ,-85.1399865,-84.500308 ,-83.8606295,-83.220951 ,-82.5812725,-81.941594 ,-81.3019155,-80.662237 ,-80.0225585,-79.38288  ,-78.7432015,-78.103523 ,-77.4638445,-76.824166 ,-76.1844875,-75.544809 ,-74.9051305,-74.265452 ,-73.6257735,-72.986095 ,-72.3464165,-71.706738 ,-71.0670595,-70.427381 ,-69.7877025,-69.148024 ,-68.5083455,-67.868667 ,-67.2289885,-66.58931  
rsrp_dl:0.05385463,0.03724229,0.02376169,0.01863417,0.02345946,0.02903512,0.02854009,0.02990013,0.05197349,0.05126481,0.0820039 ,0.01187042,0.07556323,0.08350985,0.03779985,0.05147846,0.09646935,0.10615641,0.07260344,0.07021164,0.030218  ,0.02932693,0.03044206,0.0263463 ,0.02118751,0.02042151,0.02035898,0.01981183,0.02408998,0.12154419,0.01904062,0.01785775,0.01714906,0.01722202,0.01742524,0.01824856,0.0186967 ,0.0195096 ,0.02002027,0.01903541
rsrp_dl_bin_edges:-86.32619   ,-85.68651135,-85.0468327 ,-84.40715405,-83.7674754 ,-83.12779675,-82.4881181 ,-81.84843945,-81.2087608 ,-80.56908215,-79.9294035 ,-79.28972485,-78.6500462 ,-78.01036755,-77.3706889 ,-76.73101025,-76.0913316 ,-75.45165295,-74.8119743 ,-74.17229565,-73.532617  ,-72.89293835,-72.2532597 ,-71.61358105,-70.9739024 ,-70.33422375,-69.6945451 ,-69.05486645,-68.4151878 ,-67.77550915,-67.1358305 ,-66.49615185,-65.8564732 ,-65.21679455,-64.5771159 ,-63.93743725,-63.2977586 ,-62.65807995,-62.0184013 ,-61.37872265,-60.739044  
cqi_ul:0.00439996,0.        ,0.        ,0.        ,0.        ,0.        ,0.48266184,0.        ,0.        ,0.        ,0.        ,0.        ,0.        ,0.1835315 ,0.        ,0.        ,0.        ,0.        ,0.        ,0.        ,0.41401808,0.        ,0.        ,0.        ,0.        ,0.        ,0.76974786,0.        ,0.        ,0.        ,0.        ,0.        ,0.        ,0.68854867,0.        ,0.        ,0.        ,0.        ,0.        ,4.12375876
cqi_ul_bin_edges: 9.  , 9.15, 9.3 , 9.45, 9.6 , 9.75, 9.9 ,10.05,10.2 ,10.35,10.5 ,10.65,10.8 ,10.95,11.1 ,11.25,11.4 ,11.55,11.7 ,11.85,12.  ,12.15,12.3 ,12.45,12.6 ,12.75,12.9 ,13.05,13.2 ,13.35,13.5 ,13.65,13.8 ,13.95,14.1 ,14.25,14.4 ,14.55,14.7 ,14.85,15.  
cqi_dl: 0., 0., 0., 0., 0., 0., 0., 0., 0., 0., 0., 0., 0., 0., 0., 0., 0., 0., 0., 0.,40., 0., 0., 0., 0., 0., 0., 0., 0., 0., 0., 0., 0., 0., 0., 0., 0., 0., 0., 0.
cqi_dl_bin_edges:14.5  ,14.525,14.55 ,14.575,14.6  ,14.625,14.65 ,14.675,14.7  ,14.725,14.75 ,14.775,14.8  ,14.825,14.85 ,14.875,14.9  ,14.925,14.95 ,14.975,15.   ,15.025,15.05 ,15.075,15.1  ,15.125,15.15 ,15.175,15.2  ,15.225,15.25 ,15.275,15.3  ,15.325,15.35 ,15.375,15.4  ,15.425,15.45 ,15.475,15.5  
mcs_ul:0.00219998,0.        ,0.        ,0.16240949,0.        ,0.        ,0.07892143,0.        ,0.        ,0.        ,0.04188847,0.        ,0.        ,0.04984395,0.        ,0.        ,0.09573238,0.        ,0.        ,0.        ,0.11131   ,0.        ,0.        ,0.17779822,0.        ,0.        ,0.20707571,0.        ,0.        ,0.        ,0.06962153,0.        ,0.        ,0.27465281,0.        ,0.        ,0.        ,0.        ,0.        ,2.06187938
mcs_ul_bin_edges:16. ,16.3,16.6,16.9,17.2,17.5,17.8,18.1,18.4,18.7,19. ,19.3,19.6,19.9,20.2,20.5,20.8,21.1,21.4,21.7,22. ,22.3,22.6,22.9,23.2,23.5,23.8,24.1,24.4,24.7,25. ,25.3,25.6,25.9,26.2,26.5,26.8,27.1,27.4,27.7,28. 
mcs_dl: 0., 0., 0., 0., 0., 0., 0., 0., 0., 0., 0., 0., 0., 0., 0., 0., 0., 0., 0., 0.,40., 0., 0., 0., 0., 0., 0., 0., 0., 0., 0., 0., 0., 0., 0., 0., 0., 0., 0., 0.
mcs_dl_bin_edges:27.5  ,27.525,27.55 ,27.575,27.6  ,27.625,27.65 ,27.675,27.7  ,27.725,27.75 ,27.775,27.8  ,27.825,27.85 ,27.875,27.9  ,27.925,27.95 ,27.975,28.   ,28.025,28.05 ,28.075,28.1  ,28.125,28.15 ,28.175,28.2  ,28.225,28.25 ,28.275,28.3  ,28.325,28.35 ,28.375,28.4  ,28.425,28.45 ,28.475,28.5  
eff_ul:0.00826696,0.        ,0.        ,0.61029406,0.        ,0.        ,0.        ,0.29656692,0.        ,0.        ,0.        ,0.15740635,0.        ,0.        ,0.18730103,0.        ,0.35973822,0.        ,0.        ,0.        ,0.        ,0.41827501,0.        ,0.        ,0.        ,0.66812106,0.        ,0.        ,0.        ,0.7781385 ,0.        ,0.        ,0.        ,0.26162021,0.        ,0.        ,1.03207627,0.        ,0.        ,7.74802483
eff_ul_bin_edges:4.2128987 ,4.29273373,4.37256877,4.4524038 ,4.53223883,4.61207386,4.6919089 ,4.77174393,4.85157896,4.93141399,5.01124902,5.09108406,5.17091909,5.25075412,5.33058916,5.41042419,5.49025922,5.57009425,5.64992928,5.72976432,5.80959935,5.88943438,5.96926941,6.04910445,6.12893948,6.20877451,6.28860954,6.36844458,6.44827961,6.52811464,6.60794968,6.68778471,6.76761974,6.84745477,6.9272898 ,7.00712484,7.08695987,7.1667949 ,7.24662993,7.32646497,7.4063    
eff_dl: 0., 0., 0., 0., 0., 0., 0., 0., 0., 0., 0., 0., 0., 0., 0., 0., 0., 0., 0., 0.,40., 0., 0., 0., 0., 0., 0., 0., 0., 0., 0., 0., 0., 0., 0., 0., 0., 0., 0., 0.
eff_dl_bin_edges:6.9063,6.9313,6.9563,6.9813,7.0063,7.0313,7.0563,7.0813,7.1063,7.1313,7.1563,7.1813,7.2063,7.2313,7.2563,7.2813,7.3063,7.3313,7.3563,7.3813,7.4063,7.4313,7.4563,7.4813,7.5063,7.5313,7.5563,7.5813,7.6063,7.6313,7.6563,7.6813,7.7063,7.7313,7.7563,7.7813,7.8063,7.8313,7.8563,7.8813,7.9063
rul:1.02073668e+01,0.00000000e+00,1.38311203e-03,2.76622407e-03,4.84089212e-03,9.68178423e-03,2.99851773e+01,2.47554002e+00,1.42921577e-02,5.53244813e-03,4.37985477e-03,8.06815353e-03,2.48960166e-02,2.16911155e+01,1.29136560e+00,1.79804564e-02,4.37985477e-03,2.76622407e-03,1.38311203e-03,6.91556017e-04,1.15259336e-03,6.91556017e-04,1.38311203e-03,1.15259336e-03,2.76622407e-03,2.99674274e-03,1.84414938e-02,3.33767986e+00,3.57303942e-02,0.00000000e+00,0.00000000e+00,2.30518672e-04,0.00000000e+00,0.00000000e+00,0.00000000e+00,2.30518672e-04,0.00000000e+00,0.00000000e+00,0.00000000e+00,2.30518672e-04
rul_bin_edges:0.     ,0.01446,0.02892,0.04338,0.05784,0.0723 ,0.08676,0.10122,0.11568,0.13014,0.1446 ,0.15906,0.17352,0.18798,0.20244,0.2169 ,0.23136,0.24582,0.26028,0.27474,0.2892 ,0.30366,0.31812,0.33258,0.34704,0.3615 ,0.37596,0.39042,0.40488,0.41934,0.4338 ,0.44826,0.46272,0.47718,0.49164,0.5061 ,0.52056,0.53502,0.54948,0.56394,0.5784 
rdl:1.02073668e+01,0.00000000e+00,1.38311203e-03,2.76622407e-03,4.84089212e-03,9.68178423e-03,2.99851773e+01,2.47554002e+00,1.42921577e-02,5.53244813e-03,4.37985477e-03,8.06815353e-03,2.48960166e-02,2.16911155e+01,1.29136560e+00,1.79804564e-02,4.37985477e-03,2.76622407e-03,1.38311203e-03,6.91556017e-04,1.15259336e-03,6.91556017e-04,1.38311203e-03,1.15259336e-03,2.76622407e-03,2.99674274e-03,1.84414938e-02,3.33767986e+00,3.57303942e-02,0.00000000e+00,0.00000000e+00,2.30518672e-04,0.00000000e+00,0.00000000e+00,0.00000000e+00,2.30518672e-04,0.00000000e+00,0.00000000e+00,0.00000000e+00,2.30518672e-04
rdl_bin_edges:0.     ,0.01446,0.02892,0.04338,0.05784,0.0723 ,0.08676,0.10122,0.11568,0.13014,0.1446 ,0.15906,0.17352,0.18798,0.20244,0.2169 ,0.23136,0.24582,0.26028,0.27474,0.2892 ,0.30366,0.31812,0.33258,0.34704,0.3615 ,0.37596,0.39042,0.40488,0.41934,0.4338 ,0.44826,0.46272,0.47718,0.49164,0.5061 ,0.52056,0.53502,0.54948,0.56394,0.5784 
lul: 528.2193507 ,   0.        ,   0.        ,   0.        ,   0.        ,   0.        ,   0.        ,   0.        ,   0.        ,   0.        ,   0.        ,   0.        ,   0.        ,   0.        ,   0.        ,   0.        ,   0.        ,   0.        ,   0.        ,   0.        ,   0.        ,   0.        ,   0.        ,   0.        ,   0.        ,   0.        ,   0.        ,   0.        ,   0.        ,   0.        ,   0.        ,   0.        ,   0.        ,   0.        ,   0.        ,1892.35656005,   7.94476259, 526.28684088,   5.26072118, 618.68944003
lul_bin_edges:0.        ,0.00027943,0.00055885,0.00083828,0.00111771,0.00139713,0.00167656,0.00195599,0.00223541,0.00251484,0.00279427,0.00307369,0.00335312,0.00363255,0.00391197,0.0041914 ,0.00447083,0.00475025,0.00502968,0.0053091 ,0.00558853,0.00586796,0.00614738,0.00642681,0.00670624,0.00698566,0.00726509,0.00754452,0.00782394,0.00810337,0.0083828 ,0.00866222,0.00894165,0.00922108,0.0095005 ,0.00977993,0.01005936,0.01033878,0.01061821,0.01089764,0.01117706
ldl: 528.2193507 ,   0.        ,   0.        ,   0.        ,   0.        ,   0.        ,   0.        ,   0.        ,   0.        ,   0.        ,   0.        ,   0.        ,   0.        ,   0.        ,   0.        ,   0.        ,   0.        ,   0.        ,   0.        ,   0.        ,   0.        ,   0.        ,   0.        ,   0.        ,   0.        ,   0.        ,   0.        ,   0.        ,   0.        ,   0.        ,   0.        ,   0.        ,   0.        ,   0.        ,   0.        ,1892.35656005,   7.94476259, 526.28684088,   5.26072118, 618.68944003
ldl_bin_edges:0.        ,0.00027943,0.00055885,0.00083828,0.00111771,0.00139713,0.00167656,0.00195599,0.00223541,0.00251484,0.00279427,0.00307369,0.00335312,0.00363255,0.00391197,0.0041914 ,0.00447083,0.00475025,0.00502968,0.0053091 ,0.00558853,0.00586796,0.00614738,0.00642681,0.00670624,0.00698566,0.00726509,0.00754452,0.00782394,0.00810337,0.0083828 ,0.00866222,0.00894165,0.00922108,0.0095005 ,0.00977993,0.01005936,0.01033878,0.01061821,0.01089764,0.01117706
ilul: 528.2193507 ,   0.        ,   0.        ,   0.        ,   0.        ,   0.        ,   0.        ,   0.        ,   0.        ,   0.        ,   0.        ,   0.        ,   0.        ,   0.        ,   0.        ,   0.        ,   0.        ,   0.        ,   0.        ,   0.        ,   0.        ,   0.        ,   0.        ,   0.        ,   0.        ,   0.        ,   0.        ,   0.        ,   0.        ,   0.        ,   0.        ,   0.        ,   0.        ,   0.        ,   0.        ,1892.35656005,   7.94476259, 526.28684088,   5.26072118, 618.68944003
ilul_bin_edges:0.        ,0.00027943,0.00055885,0.00083828,0.00111771,0.00139713,0.00167656,0.00195599,0.00223541,0.00251484,0.00279427,0.00307369,0.00335312,0.00363255,0.00391197,0.0041914 ,0.00447083,0.00475025,0.00502968,0.0053091 ,0.00558853,0.00586796,0.00614738,0.00642681,0.00670624,0.00698566,0.00726509,0.00754452,0.00782394,0.00810337,0.0083828 ,0.00866222,0.00894165,0.00922108,0.0095005 ,0.00977993,0.01005936,0.01033878,0.01061821,0.01089764,0.01117706
ildl: 528.2193507 ,   0.        ,   0.        ,   0.        ,   0.        ,   0.        ,   0.        ,   0.        ,   0.        ,   0.        ,   0.        ,   0.        ,   0.        ,   0.        ,   0.        ,   0.        ,   0.        ,   0.        ,   0.        ,   0.        ,   0.        ,   0.        ,   0.        ,   0.        ,   0.        ,   0.        ,   0.        ,   0.        ,   0.        ,   0.        ,   0.        ,   0.        ,   0.        ,   0.        ,   0.        ,1892.35656005,   7.94476259, 526.28684088,   5.26072118, 618.68944003
ildl_bin_edges:0.        ,0.00027943,0.00055885,0.00083828,0.00111771,0.00139713,0.00167656,0.00195599,0.00223541,0.00251484,0.00279427,0.00307369,0.00335312,0.00363255,0.00391197,0.0041914 ,0.00447083,0.00475025,0.00502968,0.0053091 ,0.00558853,0.00586796,0.00614738,0.00642681,0.00670624,0.00698566,0.00726509,0.00754452,0.00782394,0.00810337,0.0083828 ,0.00866222,0.00894165,0.00922108,0.0095005 ,0.00977993,0.01005936,0.01033878,0.01061821,0.01089764,0.01117706
eul: 0., 0., 0., 0., 0., 0., 0., 0., 0., 0., 0., 0., 0., 0., 0., 0., 0., 0., 0., 0.,40., 0., 0., 0., 0., 0., 0., 0., 0., 0., 0., 0., 0., 0., 0., 0., 0., 0., 0., 0.
eul_bin_edges:-0.5  ,-0.475,-0.45 ,-0.425,-0.4  ,-0.375,-0.35 ,-0.325,-0.3  ,-0.275,-0.25 ,-0.225,-0.2  ,-0.175,-0.15 ,-0.125,-0.1  ,-0.075,-0.05 ,-0.025, 0.   , 0.025, 0.05 , 0.075, 0.1  , 0.125, 0.15 , 0.175, 0.2  , 0.225, 0.25 , 0.275, 0.3  , 0.325, 0.35 , 0.375, 0.4  , 0.425, 0.45 , 0.475, 0.5  
edl: 0., 0., 0., 0., 0., 0., 0., 0., 0., 0., 0., 0., 0., 0., 0., 0., 0., 0., 0., 0.,40., 0., 0., 0., 0., 0., 0., 0., 0., 0., 0., 0., 0., 0., 0., 0., 0., 0., 0., 0.
edl_bin_edges:-0.5  ,-0.475,-0.45 ,-0.425,-0.4  ,-0.375,-0.35 ,-0.325,-0.3  ,-0.275,-0.25 ,-0.225,-0.2  ,-0.175,-0.15 ,-0.125,-0.1  ,-0.075,-0.05 ,-0.025, 0.   , 0.025, 0.05 , 0.075, 0.1  , 0.125, 0.15 , 0.175, 0.2  , 0.225, 0.25 , 0.275, 0.3  , 0.325, 0.35 , 0.375, 0.4  , 0.425, 0.45 , 0.475, 0.5  
gul:7.64226213e-04,0.00000000e+00,5.09484142e-03,7.64226213e-03,9.17071456e-03,1.57940084e-02,8.78860145e-02,5.06045124e+01,1.86725938e-01,2.01246236e-02,9.68019870e-03,1.12086511e-02,1.37560718e-02,3.56638900e-02,1.76230565e+00,2.35396958e+01,7.87153000e-02,1.40108139e-02,5.60432556e-03,3.56638900e-03,3.05690485e-03,1.27371036e-03,7.64226213e-04,2.29267864e-03,1.27371036e-03,1.52845243e-03,5.09484142e-04,0.00000000e+00,0.00000000e+00,0.00000000e+00,2.54742071e-04,0.00000000e+00,0.00000000e+00,0.00000000e+00,0.00000000e+00,0.00000000e+00,0.00000000e+00,0.00000000e+00,0.00000000e+00,5.09484142e-04
gul_bin_edges:0.      ,0.013085,0.02617 ,0.039255,0.05234 ,0.065425,0.07851 ,0.091595,0.10468 ,0.117765,0.13085 ,0.143935,0.15702 ,0.170105,0.18319 ,0.196275,0.20936 ,0.222445,0.23553 ,0.248615,0.2617  ,0.274785,0.28787 ,0.300955,0.31404 ,0.327125,0.34021 ,0.353295,0.36638 ,0.379465,0.39255 ,0.405635,0.41872 ,0.431805,0.44489 ,0.457975,0.47106 ,0.484145,0.49723 ,0.510315,0.5234  
gdl:7.64226213e-04,0.00000000e+00,5.09484142e-03,7.64226213e-03,9.17071456e-03,1.57940084e-02,8.78860145e-02,5.06045124e+01,1.86725938e-01,2.01246236e-02,9.68019870e-03,1.12086511e-02,1.37560718e-02,3.56638900e-02,1.76230565e+00,2.35396958e+01,7.87153000e-02,1.40108139e-02,5.60432556e-03,3.56638900e-03,3.05690485e-03,1.27371036e-03,7.64226213e-04,2.29267864e-03,1.27371036e-03,1.52845243e-03,5.09484142e-04,0.00000000e+00,0.00000000e+00,0.00000000e+00,2.54742071e-04,0.00000000e+00,0.00000000e+00,0.00000000e+00,0.00000000e+00,0.00000000e+00,0.00000000e+00,0.00000000e+00,0.00000000e+00,5.09484142e-04
gdl_bin_edges:0.      ,0.013085,0.02617 ,0.039255,0.05234 ,0.065425,0.07851 ,0.091595,0.10468 ,0.117765,0.13085 ,0.143935,0.15702 ,0.170105,0.18319 ,0.196275,0.20936 ,0.222445,0.23553 ,0.248615,0.2617  ,0.274785,0.28787 ,0.300955,0.31404 ,0.327125,0.34021 ,0.353295,0.36638 ,0.379465,0.39255 ,0.405635,0.41872 ,0.431805,0.44489 ,0.457975,0.47106 ,0.484145,0.49723 ,0.510315,0.5234  
ri: 0., 0., 0., 0., 0., 0., 0., 0., 0., 0., 0., 0., 0., 0., 0., 0., 0., 0., 0., 0.,40., 0., 0., 0., 0., 0., 0., 0., 0., 0., 0., 0., 0., 0., 0., 0., 0., 0., 0., 0.
ri_bin_edges:0.5  ,0.525,0.55 ,0.575,0.6  ,0.625,0.65 ,0.675,0.7  ,0.725,0.75 ,0.775,0.8  ,0.825,0.85 ,0.875,0.9  ,0.925,0.95 ,0.975,1.   ,1.025,1.05 ,1.075,1.1  ,1.125,1.15 ,1.175,1.2  ,1.225,1.25 ,1.275,1.3  ,1.325,1.35 ,1.375,1.4  ,1.425,1.45 ,1.475,1.5  
