period:1
ue_log_freq:1000
mac_log_freq:1000
mimo_layers:2
frequency:2412000000.0
bandwidth:50000000
ue_speed:5.555555555555555
max_distance:1000
shannon_cfg_bandwidth_mhz:50.0
shannon_cfg_mimo_layers:2
shannon_cfg_bw_efficiency:0.67
shannon_cfg_sinr_offset_db:0
shannon_cfg_ul_divisor:2
shannon_cfg_sinr_sample_rate:1000
n_ue:30
sinr_period:9.463597741343282
sinr_rate:105.66805852612856
ul_fairness:0.8492651700599335
dl_fairness:0.6555925387490281
ul_agg_throughput:13.915897931590488
dl_agg_throughput:19.84751543469068
ul_ave_throughput:0.46386326438634956
dl_ave_throughput:0.6615838478230227
ul_se:0.27831795863180975
dl_se:0.3969503086938136
ul_ase:8.859135773499632e-08
dl_ase:1.2635320758094838e-07
ul_gr:0.14399860490964242, 0.14399860490964242, 0.14399860490964242, 0.14399860490964242, 0.14399860490964242, 0.14399860490964242, 0.14399860490964242, 0.14399860490964242, 0.14399860490964242, 0.14399860490964242, 0.14399860490964242, 0.14399860490964242, 0.14399860490964242, 0.14399860490964242, 0.14399860490964242, 0.14399860490964242, 0.14399860490964242, 0.14399860490964242, 0.14399860490964242, 0.14399860490964242, 0.14399860490964242, 0.14399860490964242, 0.14399860490964242, 0.14399860490964242, 0.14399860490964242, 0.14399860490964242, 0.14399860490964242, 0.14399860490964242, 0.14399860490964242, 0.11016726661221155
dl_gr:0.14399860490964242, 0.14399860490964242, 0.14399860490964242, 0.14399860490964242, 0.14399860490964242, 0.14399860490964242, 0.14399860490964242, 0.14399860490964242, 0.14399860490964242, 0.14399860490964242, 0.14399860490964242, 0.14399860490964242, 0.14399860490964242, 0.14399860490964242, 0.14399860490964242, 0.14399860490964242, 0.14399860490964242, 0.14399860490964242, 0.14399860490964242, 0.14399860490964242, 0.14399860490964242, 0.14399860490964242, 0.14399860490964242, 0.14399860490964242, 0.14399860490964242, 0.14399860490964242, 0.14399860490964242, 0.14399860490964242, 0.14399860490964242, 0.13708545055351204
ul_tr:0.143961023559637, 0.14396260030733074, 0.14396259987185106, 0.143962598122199, 0.13589049322132316, 0.12799364796336696, 0.11736967888985925, 0.12632384191300072, 0.143962598120949, 0.12620579405464954, 0.14396259811178239, 0.1439625987260273, 0.058397228999591676, 0.12258477305282456, 0.14396260582113482, 0.1439625996674361, 0.1266941148600595, 0.14396261676996025, 0.13892863737870517, 0.14108262120175666, 0.14193032626929775, 0.1430061967582937, 0.10511094351832069, 0.0813237286506779, 0.08998154124057298, 0.06917306674546043, 0.1021739204650128, 0.1439626019310839, 0.14396055420623158, 0.02282839406698278
dl_tr:0.14396259910835746, 0.1439626043602303, 0.14396260213191556, 0.143962598120949, 0.14387740379098507, 0.1439626244669794, 0.14396260277174358, 0.1439626156331364, 0.143962598120949, 0.14238821924068967, 0.14396259811878234, 0.14396259815486537, 0.14297743429989748, 0.14390023067309438, 0.14396263391823402, 0.1439626013525054, 0.14396265857711188, 0.14396268970535245, 0.14396261000359997, 0.14396259816778192, 0.14217821459364505, 0.14396264571321907, 0.14396264991093408, 0.14343825913477387, 0.14396264747678772, 0.13769869668471096, 0.14067707290649245, 0.1439626087405272, 0.14396265908069097, 0.04975139785995116
ul_er:0.0, 0.0, 0.0, 0.0, 0.0, 0.0, 0.0, 0.0, 0.0, 0.0, 0.0, 0.0, 0.0, 0.0, 0.0, 0.0, 0.0, 0.0, 0.0, 0.0, 0.0, 0.0, 0.0, 0.0, 0.0, 0.0, 0.0, 0.0, 0.0, 0.0338301287075941
dl_er:0.0, 0.0, 0.0, 0.0, 0.0, 0.0, 0.0, 0.0, 0.0, 0.0, 0.0, 0.0, 0.0, 0.0, 0.0, 0.0, 0.0, 0.0, 0.0, 0.0, 0.0, 0.0, 0.0, 0.0, 0.0, 0.0, 0.0, 0.0, 0.0, 0.006911944766293615
ul_er_ratio:0.0, 0.0, 0.0, 0.0, 0.0, 0.0, 0.0, 0.0, 0.0, 0.0, 0.0, 0.0, 0.0, 0.0, 0.0, 0.0, 0.0, 0.0, 0.0, 0.0, 0.0, 0.0, 0.0, 0.0, 0.0, 0.0, 0.0, 0.0, 0.0, 0.597088082267721
dl_er_ratio:0.0, 0.0, 0.0, 0.0, 0.0, 0.0, 0.0, 0.0, 0.0, 0.0, 0.0, 0.0, 0.0, 0.0, 0.0, 0.0, 0.0, 0.0, 0.0, 0.0, 0.0, 0.0, 0.0, 0.0, 0.0, 0.0, 0.0, 0.0, 0.0, 0.12198265132160077
ul_er_perc:0.0, 0.0, 0.0, 0.0, 0.0, 0.0, 0.0, 0.0, 0.0, 0.0, 0.0, 0.0, 0.0, 0.0, 0.0, 0.0, 0.0, 0.0, 0.0, 0.0, 0.0, 0.0, 0.0, 0.0, 0.0, 0.0, 0.0, 0.0, 0.0, 59.708808226772106
dl_er_perc:0.0, 0.0, 0.0, 0.0, 0.0, 0.0, 0.0, 0.0, 0.0, 0.0, 0.0, 0.0, 0.0, 0.0, 0.0, 0.0, 0.0, 0.0, 0.0, 0.0, 0.0, 0.0, 0.0, 0.0, 0.0, 0.0, 0.0, 0.0, 0.0, 12.198265132160078
ul_l:0.025950842408363265, 0.02122884967092774, 0.02476325955748702, 0.027290442322813975, 0.02165124743710469, 0.018638911405404954, 0.01683233306603278, 0.019343692343688802, 0.027290442322813975, 0.01974898509311589, 0.026801968958517015, 0.02639426600194998, 0.00865527688130099, 0.010876321293039224, 0.011391264064407797, 0.0235778438757427, 0.008851066577061858, 0.004962583021966484, 0.01629584943709636, 0.02572716285408455, 0.017889831824843126, 0.014367075746335447, 0.008964634304089133, 0.0074917837275439375, 0.006651414983250141, 0.007854427777318521, 0.009191741499354172, 0.018845505645911285, 0.00677572783958467, 0.0017078042962725313
dl_l:0.027124905795201704, 0.02625751262044483, 0.026683110847176273, 0.027290442322813975, 0.02584882143807135, 0.023222087249231256, 0.026421759793976717, 0.02454459965831118, 0.027290442322813975, 0.024729469147115442, 0.027290441566053616, 0.027283031610236583, 0.0218250449238673, 0.021192919764043635, 0.021541357629053095, 0.02684319115022375, 0.017497395548562097, 0.01187402134669711, 0.02540352008624928, 0.027290424170340246, 0.022455941278922677, 0.018903063223498134, 0.018376379506845775, 0.01717675324523129, 0.017610962887434273, 0.015412555062282816, 0.0169994525157457, 0.024993044112990723, 0.017980269767485273, 0.006628390500754159
ul_il:0.08986099434393048, 1.0446752366241445, 0.03879826810859909, 0.027290442322813975, 0.07737676934374715, 0.5317837330719494, 0.17725201573033555, 0.18585808021274822, 0.027290442322813975, 0.2053609975855118, 0.06361199401135824, 0.030512651340105498, 11.756589298862945, 0.6614820349011341, 1.473907010884626, 0.040600559684735964, 0.6621916255918784, 2.1808372417679602, 0.21951572797906682, 0.046237827934692215, 0.07132941497302522, 0.20477831279022674, 0.4048490827336522, 0.6278058052649144, 1.3105271140317165, 1.7971862093396305, 1.7421389609424005, 0.33168262776861857, 1.5914911619073924, 0.48363609696417525
dl_il:0.0272165678284181, 0.027361882920842327, 0.027109228731068906, 0.027290442322813975, 0.030246193688677595, 0.029347949968658596, 0.043161646566761934, 0.0315034078440013, 0.027290442322813975, 0.0330296927640603, 0.027290441566053616, 0.02728321715559037, 0.05001850514190715, 0.043138544420454825, 0.07147855772130232, 0.027405161978433516, 0.07736000807707434, 0.142252289881951, 0.029817026692852563, 0.02729044867738602, 0.03825676303316639, 0.06159649109326589, 0.035766122895175875, 0.13175087795011708, 0.07815888626781443, 0.07205905342533812, 0.05571353644455462, 0.035827512294972545, 0.06051239089821751, 0.02098563030852243
sinr_ul:3.63578251e-04,9.38388320e-04,5.02603609e-03,4.61227797e-03,1.08802455e-02,1.72795348e-02,2.89888569e-02,3.16337716e-02,3.02536197e-02,2.31233961e-02,1.48115226e-02,1.02448253e-02,8.96322636e-03,1.60138685e-02,2.62164803e-02,2.58492063e-02,1.44058129e-02,1.16924860e-02,6.42376328e-03,2.72646731e-03,2.46472710e-03,1.37875574e-03,5.60930529e-04,3.45510210e-04,1.17360136e-04,6.75087694e-05,7.12045049e-05,7.98278879e-05,1.89714425e-05,2.02033543e-05,2.69378058e-05,1.08408243e-05,4.84551994e-06,4.68126503e-06,4.51701012e-06,4.27062775e-06,4.18850029e-06,4.02424538e-06,5.33828468e-06,1.92999523e-05
sinr_ul_bin_edges:-28.635633  ,-25.25338455,-21.8711361 ,-18.48888765,-15.1066392 ,-11.72439075, -8.3421423 , -4.95989385, -1.5776454 ,  1.80460305,  5.1868515 ,  8.56909995, 11.9513484 , 15.33359685, 18.7158453 , 22.09809375, 25.4803422 , 28.86259065, 32.2448391 , 35.62708755, 39.009336  , 42.39158445, 45.7738329 , 49.15608135, 52.5383298 , 55.92057825, 59.3028267 , 62.68507515, 66.0673236 , 69.44957205, 72.8318205 , 76.21406895, 79.5963174 , 82.97856585, 86.3608143 , 89.74306275, 93.1253112 , 96.50755965, 99.8898081 ,103.27205655,106.654305  
sinr_dl:3.64046320e-04,8.87436404e-04,4.93520478e-03,4.40307893e-03,1.03674243e-02,1.62273605e-02,2.70935636e-02,4.50842053e-02,1.99427497e-02,2.56779493e-02,1.61841017e-02,1.07799374e-02,9.78229590e-03,1.73552825e-02,2.56625777e-02,2.85269855e-02,1.58539905e-02,1.05654911e-02,5.46094680e-03,2.86944770e-03,2.15437472e-03,1.00352132e-03,5.16082278e-04,2.94916159e-04,6.98861418e-05,6.76182021e-05,7.59339810e-05,6.21583473e-05,1.93194863e-05,2.06634506e-05,2.93992183e-05,5.12386376e-06,4.87187046e-06,4.61987716e-06,4.45188163e-06,4.28388610e-06,4.11589056e-06,4.03189280e-06,5.54385260e-06,1.94874819e-05
sinr_dl_bin_edges:-21.805777  ,-18.49883832,-15.19189965,-11.88496097, -8.5780223 , -5.27108362, -1.96414495,  1.34279372,  4.6497324 ,  7.95667108, 11.26360975, 14.57054842, 17.8774871 , 21.18442578, 24.49136445, 27.79830313, 31.1052418 , 34.41218047, 37.71911915, 41.02605783, 44.3329965 , 47.63993517, 50.94687385, 54.25381253, 57.5607512 , 60.86768988, 64.17462855, 67.48156722, 70.7885059 , 74.09544458, 77.40238325, 80.70932193, 84.0162606 , 87.32319928, 90.63013795, 93.93707663, 97.2440153 ,100.55095397,103.85789265,107.16483132,110.47177   
rsrp_ul:3.63597794e-04,9.93138588e-04,5.05628440e-03,4.55544424e-03,1.08442816e-02,1.72413688e-02,2.90529996e-02,3.16327617e-02,3.02601739e-02,2.31522353e-02,1.48096905e-02,1.02190938e-02,8.93216954e-03,1.61065528e-02,2.60334214e-02,2.58101048e-02,1.45217362e-02,1.16683107e-02,6.46106792e-03,2.73770167e-03,2.47167654e-03,1.37907625e-03,5.62849714e-04,3.46021574e-04,1.18105631e-04,6.74302664e-05,7.13725962e-05,8.04892339e-05,1.89724623e-05,2.02044404e-05,2.71856494e-05,1.05128795e-05,4.84578041e-06,4.68151667e-06,4.51725292e-06,4.27085731e-06,4.18872544e-06,4.02446170e-06,5.33857164e-06,1.93009898e-05
rsrp_ul_bin_edges:-154.78625   ,-151.40418335,-148.0221167 ,-144.64005005,-141.2579834 ,-137.87591675,-134.4938501 ,-131.11178345,-127.7297168 ,-124.34765015,-120.9655835 ,-117.58351685,-114.2014502 ,-110.81938355,-107.4373169 ,-104.05525025,-100.6731836 , -97.29111695, -93.9090503 , -90.52698365, -87.144917  , -83.76285035, -80.3807837 , -76.99871705, -73.6166504 , -70.23458375, -66.8525171 , -63.47045045, -60.0883838 , -56.70631715, -53.3242505 , -49.94218385, -46.5601172 , -43.17805055, -39.7959839 , -36.41391725, -33.0318506 , -29.64978395, -26.2677173 , -22.88565065, -19.503584  
rsrp_dl:3.64060610e-04,9.13427567e-04,4.96933493e-03,4.36343525e-03,1.03568271e-02,1.61845689e-02,2.71273035e-02,4.51190713e-02,1.99216923e-02,2.57327179e-02,1.61271122e-02,1.07822085e-02,9.78671193e-03,1.73132072e-02,2.57759784e-02,2.83509470e-02,1.58622569e-02,1.05218892e-02,5.56784251e-03,2.87325638e-03,2.17361152e-03,1.00347671e-03,5.17698556e-04,2.95683744e-04,6.99728861e-05,6.76208563e-05,7.57689595e-05,6.29167967e-05,1.91522425e-05,2.08322638e-05,2.92323702e-05,5.12406489e-06,4.87206170e-06,4.62005850e-06,4.45205638e-06,4.28405425e-06,4.11605212e-06,4.03205106e-06,5.54407020e-06,1.94882468e-05
rsrp_dl_bin_edges:-153.47856   ,-150.17175112,-146.86494225,-143.55813337,-140.2513245 ,-136.94451562,-133.63770675,-130.33089788,-127.024089  ,-123.71728013,-120.41047125,-117.10366237,-113.7968535 ,-110.49004462,-107.18323575,-103.87642687,-100.569618  , -97.26280912, -93.95600025, -90.64919138, -87.3423825 , -84.03557362, -80.72876475, -77.42195588, -74.115147  , -70.80833813, -67.50152925, -64.19472038, -60.8879115 , -57.58110263, -54.27429375, -50.96748488, -47.660676  , -44.35386713, -41.04705825, -37.74024938, -34.4334405 , -31.12663163, -27.81982275, -24.51301388, -21.206205  
cqi_ul:1.07978508,0.        ,0.28490651,0.        ,0.        ,0.17539558,0.        ,0.        ,0.07920601,0.        ,0.04260187,0.        ,0.        ,0.0744779 ,0.        ,0.        ,0.0483996 ,0.        ,0.10138434,0.        ,0.        ,0.13958847,0.        ,0.        ,0.15207799,0.        ,0.11992641,0.        ,0.        ,0.06061875,0.        ,0.        ,0.0722231 ,0.        ,0.07123422,0.        ,0.        ,0.03821894,0.        ,0.12662191
cqi_ul_bin_edges: 0.   , 0.375, 0.75 , 1.125, 1.5  , 1.875, 2.25 , 2.625, 3.   , 3.375, 3.75 , 4.125, 4.5  , 4.875, 5.25 , 5.625, 6.   , 6.375, 6.75 , 7.125, 7.5  , 7.875, 8.25 , 8.625, 9.   , 9.375, 9.75 ,10.125,10.5  ,10.875,11.25 ,11.625,12.   ,12.375,12.75 ,13.125,13.5  ,13.875,14.25 ,14.625,15.   
cqi_dl:0.50153656,0.        ,0.48945888,0.        ,0.        ,0.25544824,0.        ,0.        ,0.18767177,0.        ,0.0748016 ,0.        ,0.        ,0.06021728,0.        ,0.        ,0.02986197,0.        ,0.04864034,0.        ,0.        ,0.05704471,0.        ,0.        ,0.09090443,0.        ,0.10386876,0.        ,0.        ,0.08857778,0.        ,0.        ,0.16797342,0.        ,0.15257947,0.        ,0.        ,0.08101192,0.        ,0.27706954
cqi_dl_bin_edges: 0.   , 0.375, 0.75 , 1.125, 1.5  , 1.875, 2.25 , 2.625, 3.   , 3.375, 3.75 , 4.125, 4.5  , 4.875, 5.25 , 5.625, 6.   , 6.375, 6.75 , 7.125, 7.5  , 7.875, 8.25 , 8.625, 9.   , 9.375, 9.75 ,10.125,10.5  ,10.875,11.25 ,11.625,12.   ,12.375,12.75 ,13.125,13.5  ,13.875,14.25 ,14.625,15.   
mcs_ul:0.73108478,0.05609834,0.03786357,0.        ,0.02626486,0.01616693,0.        ,0.01063007,0.01219236,0.        ,0.01774946,0.02214942,0.01363322,0.        ,0.01229514,0.02463789,0.        ,0.02967515,0.03430924,0.        ,0.0404703 ,0.04221274,0.03925761,0.        ,0.03279616,0.03145013,0.        ,0.01549789,0.0169697 ,0.        ,0.02183553,0.01686216,0.0146971 ,0.        ,0.02346409,0.011513  ,0.        ,0.00896143,0.        ,0.06783316
mcs_ul_bin_edges: 0. , 0.7, 1.4, 2.1, 2.8, 3.5, 4.2, 4.9, 5.6, 6.3, 7. , 7.7, 8.4, 9.1, 9.8,10.5,11.2,11.9,12.6,13.3,14. ,14.7,15.4,16.1,16.8,17.5,18.2,18.9,19.6,20.3,21. ,21.7,22.4,23.1,23.8,24.5,25.2,25.9,26.6,27.3,28. 
mcs_dl:0.53089042,0.06217012,0.07467716,0.        ,0.06089711,0.03964134,0.        ,0.02157482,0.01849746,0.        ,0.01763914,0.01462012,0.0087654 ,0.        ,0.00723208,0.01349274,0.        ,0.01256458,0.0149594 ,0.        ,0.01560027,0.02183156,0.02686724,0.        ,0.02525098,0.030393  ,0.        ,0.02277322,0.02467122,0.        ,0.04365837,0.04633533,0.04214886,0.        ,0.03959015,0.02441289,0.        ,0.01898635,0.        ,0.14843011
mcs_dl_bin_edges: 0. , 0.7, 1.4, 2.1, 2.8, 3.5, 4.2, 4.9, 5.6, 6.3, 7. , 7.7, 8.4, 9.1, 9.8,10.5,11.2,11.9,12.6,13.3,14. ,14.7,15.4,16.1,16.8,17.5,18.2,18.9,19.6,20.3,21. ,21.7,22.4,23.1,23.8,24.5,25.2,25.9,26.6,27.3,28. 
eff_ul:2.18689015,0.57702154,0.21208329,0.14314561,0.09929595,0.        ,0.06112008,0.04018764,0.        ,0.04609397,0.06710292,0.08373726,0.05154124,0.04648253,0.09314508,0.        ,0.11218876,0.12970822,0.        ,0.15300049,0.        ,0.15958791,0.14841585,0.        ,0.12398791,0.        ,0.1188992 ,0.05859073,0.06415501,0.08255059,0.        ,0.06374845,0.        ,0.0555633 ,0.        ,0.08870746,0.        ,0.04352561,0.03387926,0.25644752
eff_ul_bin_edges:0.        ,0.18515763,0.37031527,0.5554729 ,0.74063053,0.92578816,1.1109458 ,1.29610343,1.48126106,1.66641869,1.85157632,2.03673396,2.22189159,2.40704922,2.59220686,2.77736449,2.96252212,3.14767975,3.33283738,3.51799502,3.70315265,3.88831028,4.07346792,4.25862555,4.44378318,4.62894081,4.81409844,4.99925608,5.18441371,5.36957134,5.55472897,5.73988661,5.92504424,6.11020187,6.29535951,6.48051714,6.66567477,6.8508324 ,7.03599004,7.22114767,7.4063053 
eff_dl:1.01576267,0.99130173,0.23503801,0.28232165,0.23022534,0.        ,0.14986655,0.08156496,0.        ,0.06993082,0.06668587,0.05527226,0.03313815,0.02734134,0.05101016,0.        ,0.04750117,0.05655494,0.        ,0.05897778,0.        ,0.08253559,0.10157327,0.        ,0.09546291,0.        ,0.11490264,0.08609559,0.0932711 ,0.16505318,0.        ,0.1751736 ,0.        ,0.15934638,0.        ,0.14967302,0.        ,0.09229446,0.07177908,0.56114931
eff_dl_bin_edges:0.        ,0.18515763,0.37031527,0.5554729 ,0.74063053,0.92578816,1.1109458 ,1.29610343,1.48126106,1.66641869,1.85157632,2.03673396,2.22189159,2.40704922,2.59220686,2.77736449,2.96252212,3.14767975,3.33283738,3.51799502,3.70315265,3.88831028,4.07346792,4.25862555,4.44378318,4.62894081,4.81409844,4.99925608,5.18441371,5.36957134,5.55472897,5.73988661,5.92504424,6.11020187,6.29535951,6.48051714,6.66567477,6.8508324 ,7.03599004,7.22114767,7.4063053 
rul:1.21899429e+00,1.67043082e-02,6.16417379e-03,2.46684734e-03,1.45461199e-03,3.99074306e-04,2.92377356e-04,1.54156308e-04,1.01154251e-04,1.13278905e-04,4.71129389e-05,4.57272643e-05,3.04848428e-05,6.78980590e-05,3.22169362e-05,4.50344269e-06,8.66046671e-06,2.77134935e-06,2.77134935e-06,4.15702402e-06,1.59352588e-05,0.00000000e+00,3.46418669e-07,1.38567467e-06,0.00000000e+00,1.03925601e-06,1.38567467e-06,3.81060535e-06,3.46418669e-07,1.73209334e-06,0.00000000e+00,0.00000000e+00,0.00000000e+00,0.00000000e+00,0.00000000e+00,3.46418669e-07,0.00000000e+00,0.00000000e+00,3.46418669e-07,3.46418669e-07
rul_bin_edges: 0.      , 0.801849, 1.603698, 2.405547, 3.207396, 4.009245, 4.811094, 5.612943, 6.414792, 7.216641, 8.01849 , 8.820339, 9.622188,10.424037,11.225886,12.027735,12.829584,13.631433,14.433282,15.235131,16.03698 ,16.838829,17.640678,18.442527,19.244376,20.046225,20.848074,21.649923,22.451772,23.253621,24.05547 ,24.857319,25.659168,26.461017,27.262866,28.064715,28.866564,29.668413,30.470262,31.272111,32.07396 
rdl:2.21535174e+00,5.82196642e-05,2.35356089e-05,2.47743252e-05,2.16775345e-05,1.15200612e-04,2.24950873e-03,7.43725242e-03,2.59634928e-03,6.56519617e-05,1.42452370e-05,3.09679065e-05,1.36878147e-04,2.32259299e-04,3.39408255e-04,6.06351609e-04,2.08723690e-04,1.23871626e-04,2.78711158e-05,1.23871626e-06,6.19358130e-07,6.19358130e-07,3.09679065e-06,1.23871626e-06,2.47743252e-06,1.23871626e-06,6.19358130e-06,9.29037194e-06,4.95486504e-06,3.09679065e-06,0.00000000e+00,6.81293942e-06,0.00000000e+00,6.19358130e-07,6.19358130e-07,0.00000000e+00,0.00000000e+00,6.19358130e-07,0.00000000e+00,6.19358130e-07
rdl_bin_edges: 0.        , 0.44848925, 0.8969785 , 1.34546775, 1.793957  , 2.24244625, 2.6909355 , 3.13942475, 3.587914  , 4.03640325, 4.4848925 , 4.93338175, 5.381871  , 5.83036025, 6.2788495 , 6.72733875, 7.175828  , 7.62431725, 8.0728065 , 8.52129575, 8.969785  , 9.41827425, 9.8667635 ,10.31525275,10.763742  ,11.21223125,11.6607205 ,12.10920975,12.557699  ,13.00618825,13.4546775 ,13.90316675,14.351656  ,14.80014525,15.2486345 ,15.69712375,16.145613  ,16.59410225,17.0425915 ,17.49108075,17.93957   
lul:4.77322894e+02,0.00000000e+00,0.00000000e+00,0.00000000e+00,0.00000000e+00,0.00000000e+00,0.00000000e+00,0.00000000e+00,0.00000000e+00,0.00000000e+00,0.00000000e+00,0.00000000e+00,0.00000000e+00,0.00000000e+00,0.00000000e+00,0.00000000e+00,0.00000000e+00,0.00000000e+00,0.00000000e+00,0.00000000e+00,0.00000000e+00,0.00000000e+00,0.00000000e+00,0.00000000e+00,0.00000000e+00,0.00000000e+00,0.00000000e+00,0.00000000e+00,0.00000000e+00,0.00000000e+00,3.59860489e+02,1.89020490e+02,0.00000000e+00,5.70108987e-04,0.00000000e+00,0.00000000e+00,0.00000000e+00,0.00000000e+00,0.00000000e+00,2.85054493e-04
lul_bin_edges:0.        ,0.00097446,0.00194893,0.00292339,0.00389786,0.00487232,0.00584679,0.00682125,0.00779572,0.00877018,0.00974464,0.01071911,0.01169357,0.01266804,0.0136425 ,0.01461697,0.01559143,0.0165659 ,0.01754036,0.01851482,0.01948929,0.02046375,0.02143822,0.02241268,0.02338715,0.02436161,0.02533608,0.02631054,0.027285  ,0.02825947,0.02923393,0.0302084 ,0.03118286,0.03215733,0.03313179,0.03410625,0.03508072,0.03605518,0.03702965,0.03800411,0.03897858
ldl:3.36249249e+02,0.00000000e+00,0.00000000e+00,0.00000000e+00,0.00000000e+00,0.00000000e+00,0.00000000e+00,0.00000000e+00,0.00000000e+00,0.00000000e+00,0.00000000e+00,0.00000000e+00,0.00000000e+00,0.00000000e+00,0.00000000e+00,0.00000000e+00,0.00000000e+00,0.00000000e+00,0.00000000e+00,0.00000000e+00,0.00000000e+00,0.00000000e+00,0.00000000e+00,0.00000000e+00,0.00000000e+00,0.00000000e+00,0.00000000e+00,0.00000000e+00,0.00000000e+00,0.00000000e+00,0.00000000e+00,0.00000000e+00,0.00000000e+00,0.00000000e+00,0.00000000e+00,0.00000000e+00,0.00000000e+00,6.10419182e+02,3.03302012e+02,1.04163422e-03
ldl_bin_edges:0.        ,0.00080002,0.00160004,0.00240005,0.00320007,0.00400009,0.00480011,0.00560013,0.00640015,0.00720016,0.00800018,0.0088002 ,0.00960022,0.01040024,0.01120026,0.01200027,0.01280029,0.01360031,0.01440033,0.01520035,0.01600036,0.01680038,0.0176004 ,0.01840042,0.01920044,0.02000046,0.02080047,0.02160049,0.02240051,0.02320053,0.02400055,0.02480057,0.02560058,0.0264006 ,0.02720062,0.02800064,0.02880066,0.02960068,0.03040069,0.03120071,0.03200073
ilul:5.68770118e-01,4.44874538e-03,2.31999745e-03,1.70286587e-03,1.17813017e-03,1.65385301e-03,1.90073876e-03,1.81380716e-03,6.85848936e-04,1.22151318e-03,8.50770601e-04,7.12507960e-04,3.69086740e-04,5.53712902e-04,4.35320341e-04,2.81658387e-04,3.59814036e-04,2.38606547e-04,5.87823207e-04,3.77697108e-04,4.07998981e-04,2.16252706e-04,3.64119220e-04,1.23691249e-04,2.94739523e-05,1.17730225e-04,1.98700802e-05,1.95389122e-05,2.94408355e-04,4.59826773e-04,1.63928162e-05,1.19386065e-04,1.13425041e-04,1.16869188e-03,2.17577378e-04,3.46401732e-04,7.63673416e-04,0.00000000e+00,3.22888804e-04,5.23411030e-04
ilul_bin_edges: 0.        , 1.67755013, 3.35510025, 5.03265038, 6.7102005 , 8.38775063,10.06530075,11.74285088,13.420401  ,15.09795113,16.77550125,18.45305138,20.1306015 ,21.80815163,23.48570175,25.16325188,26.840802  ,28.51835213,30.19590225,31.87345238,33.5510025 ,35.22855263,36.90610275,38.58365288,40.261203  ,41.93875313,43.61630325,45.29385338,46.9714035 ,48.64895363,50.32650375,52.00405388,53.681604  ,55.35915413,57.03670425,58.71425438,60.3918045 ,62.06935463,63.74690475,65.42445488,67.102005  
ildl:2.05915996e+00,2.62449936e-03,1.41593930e-03,1.34105235e-03,1.98219980e-03,1.20337559e-03,7.26979411e-04,7.29283625e-04,7.06817541e-04,5.04622792e-04,3.71554453e-04,3.34110981e-04,3.00699883e-04,2.81690120e-04,3.58881278e-04,1.88369467e-04,1.64175224e-04,1.64175224e-04,1.71663918e-04,1.20971217e-04,1.11178309e-04,8.75601192e-05,7.66151043e-05,6.27898223e-05,2.19476351e-04,6.62461428e-05,4.66603267e-05,4.37800596e-05,5.47250745e-05,3.51392584e-05,2.59224037e-05,2.41942435e-05,1.67055491e-05,1.26731751e-05,1.38252820e-05,1.32492286e-05,1.38252820e-05,1.20971217e-05,9.79290807e-06,1.20971217e-05
ildl_bin_edges: 0.        , 0.48220435, 0.9644087 , 1.44661305, 1.9288174 , 2.41102175, 2.8932261 , 3.37543045, 3.8576348 , 4.33983915, 4.8220435 , 5.30424785, 5.7864522 , 6.26865655, 6.7508609 , 7.23306525, 7.7152696 , 8.19747395, 8.6796783 , 9.16188265, 9.644087  ,10.12629135,10.6084957 ,11.09070005,11.5729044 ,12.05510875,12.5373131 ,13.01951745,13.5017218 ,13.98392615,14.4661305 ,14.94833485,15.4305392 ,15.91274355,16.3949479 ,16.87715225,17.3593566 ,17.84156095,18.3237653 ,18.80596965,19.288174  
eul:1.97564507e+02,0.00000000e+00,0.00000000e+00,0.00000000e+00,0.00000000e+00,0.00000000e+00,0.00000000e+00,0.00000000e+00,0.00000000e+00,0.00000000e+00,0.00000000e+00,0.00000000e+00,0.00000000e+00,0.00000000e+00,0.00000000e+00,0.00000000e+00,0.00000000e+00,5.53117210e-05,0.00000000e+00,5.53117210e-05,0.00000000e+00,0.00000000e+00,0.00000000e+00,0.00000000e+00,0.00000000e+00,5.53117210e-05,4.42493768e-04,3.53995015e-03,1.47809512e+00,7.61089281e-02,7.19052373e-04,1.65935163e-04,0.00000000e+00,0.00000000e+00,0.00000000e+00,0.00000000e+00,0.00000000e+00,5.53117210e-05,0.00000000e+00,5.53117210e-05
eul_bin_edges:0.      ,0.005022,0.010044,0.015066,0.020088,0.02511 ,0.030132,0.035154,0.040176,0.045198,0.05022 ,0.055242,0.060264,0.065286,0.070308,0.07533 ,0.080352,0.085374,0.090396,0.095418,0.10044 ,0.105462,0.110484,0.115506,0.120528,0.12555 ,0.130572,0.135594,0.140616,0.145638,0.15066 ,0.155682,0.160704,0.165726,0.170748,0.17577 ,0.180792,0.185814,0.190836,0.195858,0.20088 
edl:2.10579603e+02,0.00000000e+00,0.00000000e+00,0.00000000e+00,0.00000000e+00,0.00000000e+00,0.00000000e+00,0.00000000e+00,0.00000000e+00,0.00000000e+00,0.00000000e+00,0.00000000e+00,0.00000000e+00,0.00000000e+00,0.00000000e+00,0.00000000e+00,0.00000000e+00,0.00000000e+00,0.00000000e+00,0.00000000e+00,5.85875861e-05,0.00000000e+00,0.00000000e+00,0.00000000e+00,0.00000000e+00,0.00000000e+00,0.00000000e+00,0.00000000e+00,0.00000000e+00,1.07801158e-02,3.22173136e-01,4.39406895e-03,0.00000000e+00,0.00000000e+00,0.00000000e+00,0.00000000e+00,0.00000000e+00,0.00000000e+00,0.00000000e+00,5.85875861e-05
edl_bin_edges:0.       ,0.0047412,0.0094824,0.0142236,0.0189648,0.023706 ,0.0284472,0.0331884,0.0379296,0.0426708,0.047412 ,0.0521532,0.0568944,0.0616356,0.0663768,0.071118 ,0.0758592,0.0806004,0.0853416,0.0900828,0.094824 ,0.0995652,0.1043064,0.1090476,0.1137888,0.11853  ,0.1232712,0.1280124,0.1327536,0.1374948,0.142236 ,0.1469772,0.1517184,0.1564596,0.1612008,0.165942 ,0.1706832,0.1754244,0.1801656,0.1849068,0.189648 
gul:8.76683691e-01,0.00000000e+00,0.00000000e+00,0.00000000e+00,1.86376436e-03,0.00000000e+00,9.31882178e-04,0.00000000e+00,0.00000000e+00,9.00819439e-04,9.00819439e-04,0.00000000e+00,0.00000000e+00,0.00000000e+00,1.37297308e-02,2.89510943e+00,1.08018408e+02,1.36676053e-02,9.31882178e-04,0.00000000e+00,0.00000000e+00,9.00819439e-04,9.00819439e-04,0.00000000e+00,0.00000000e+00,0.00000000e+00,9.31882178e-04,0.00000000e+00,0.00000000e+00,0.00000000e+00,0.00000000e+00,0.00000000e+00,0.00000000e+00,0.00000000e+00,0.00000000e+00,0.00000000e+00,0.00000000e+00,0.00000000e+00,0.00000000e+00,9.31882178e-04
gul_bin_edges:0.        ,0.0089424 ,0.0178848 ,0.0268272 ,0.0357696 ,0.044712  ,0.0536544 ,0.06259681,0.07153921,0.08048161,0.08942401,0.09836641,0.10730881,0.11625121,0.12519361,0.13413601,0.14307841,0.15202081,0.16096321,0.16990561,0.17884801,0.18779042,0.19673282,0.20567522,0.21461762,0.22356002,0.23250242,0.24144482,0.25038722,0.25932962,0.26827202,0.27721442,0.28615682,0.29509922,0.30404163,0.31298403,0.32192643,0.33086883,0.33981123,0.34875363,0.35769603
gdl:1.79884323e-01,0.00000000e+00,0.00000000e+00,0.00000000e+00,1.86376436e-03,0.00000000e+00,9.31882178e-04,0.00000000e+00,0.00000000e+00,9.31882178e-04,9.00819439e-04,0.00000000e+00,0.00000000e+00,0.00000000e+00,1.39782327e-02,2.93679562e+00,1.08672900e+02,1.39782327e-02,9.31882178e-04,0.00000000e+00,0.00000000e+00,9.00819439e-04,9.31882178e-04,0.00000000e+00,0.00000000e+00,0.00000000e+00,9.31882178e-04,0.00000000e+00,0.00000000e+00,0.00000000e+00,0.00000000e+00,0.00000000e+00,0.00000000e+00,0.00000000e+00,0.00000000e+00,0.00000000e+00,0.00000000e+00,0.00000000e+00,0.00000000e+00,9.31882178e-04
gdl_bin_edges:0.        ,0.0089424 ,0.0178848 ,0.0268272 ,0.0357696 ,0.044712  ,0.0536544 ,0.06259681,0.07153921,0.08048161,0.08942401,0.09836641,0.10730881,0.11625121,0.12519361,0.13413601,0.14307841,0.15202081,0.16096321,0.16990561,0.17884801,0.18779042,0.19673282,0.20567522,0.21461762,0.22356002,0.23250242,0.24144482,0.25038722,0.25932962,0.26827202,0.27721442,0.28615682,0.29509922,0.30404163,0.31298403,0.32192643,0.33086883,0.33981123,0.34875363,0.35769603
ri:34.39690225, 0.        , 0.        , 0.        , 0.        , 0.        , 0.        , 0.        , 0.        , 0.        , 0.        , 0.        , 0.        , 0.        , 0.        , 0.        , 0.        , 0.        , 0.        , 0.        , 0.        , 0.        , 0.        , 0.        , 0.        , 0.        , 0.        , 0.        , 0.        , 0.        , 0.        , 0.        , 0.        , 0.        , 0.        , 0.        , 0.        , 0.        , 0.        , 5.60309775
ri_bin_edges:1.   ,1.025,1.05 ,1.075,1.1  ,1.125,1.15 ,1.175,1.2  ,1.225,1.25 ,1.275,1.3  ,1.325,1.35 ,1.375,1.4  ,1.425,1.45 ,1.475,1.5  ,1.525,1.55 ,1.575,1.6  ,1.625,1.65 ,1.675,1.7  ,1.725,1.75 ,1.775,1.8  ,1.825,1.85 ,1.875,1.9  ,1.925,1.95 ,1.975,2.   
