period:1
ue_log_freq:1000
mac_log_freq:1000
mimo_layers:2
frequency:2412000000.0
bandwidth:50000000
ue_speed:5.555555555555555
max_distance:1000
shannon_cfg_bandwidth_mhz:50.0
shannon_cfg_mimo_layers:2
shannon_cfg_bw_efficiency:0.67
shannon_cfg_sinr_offset_db:0
shannon_cfg_ul_divisor:2
shannon_cfg_sinr_sample_rate:1000
n_ue:1
sinr_period:9.463597741343282
sinr_rate:105.66805852612856
ul_fairness:1.0
dl_fairness:1.0
ul_agg_throughput:19.84596437666498
dl_agg_throughput:39.57828103416601
ul_ave_throughput:19.84596437666498
dl_ave_throughput:39.57828103416601
ul_se:0.39691928753329964
dl_se:0.7915656206833201
ul_ase:1.263433332388759e-07
dl_ase:2.5196316262670927e-07
ul_gr:6.871235239706337
dl_gr:19.882299314172382
ul_tr:6.780656711585737
dl_tr:19.788973412521564
ul_er:293.12334230548083
dl_er:280.1122782310147
ul_er_ratio:0.9773905758715813
dl_er_ratio:0.9340150356023095
ul_er_perc:97.73905758715813
dl_er_perc:93.40150356023095
ul_l:0.001377077147715436
dl_l:0.00200029500877076
ul_il:0.1668504776169615
dl_il:0.35960033945947534
sinr_ul:0.01989044,0.00871693,0.13081992,0.06469016,0.03729788,0.04539405,0.09541072,0.25350405,0.0654694 ,0.03342809,0.02099987,0.02648096,0.02782813,0.02825076,0.02906963,0.03048283,0.03271489,0.02012817,0.01640367,0.05057138,0.01007729,0.01011692,0.01018295,0.0102622 ,0.01038107,0.01052635,0.01068484,0.01092257,0.01135842,0.02216212,0.04881478,0.02587342,0.02962434,0.05833737,0.08772397,0.0895466 ,0.03552808,0.02447343,0.0182263 ,0.01253388
sinr_ul_bin_edges:-11.523099  ,-10.89214788,-10.26119675, -9.63024563, -8.9992945 , -8.36834338, -7.73739225, -7.10644113, -6.47549   , -5.84453888, -5.21358775, -4.58263663, -3.9516855 , -3.32073438, -2.68978325, -2.05883213, -1.427881  , -0.79692988, -0.16597875,  0.46497237,  1.0959235 ,  1.72687462,  2.35782575,  2.98877687,  3.619728  ,  4.25067912,  4.88163025,  5.51258137,  6.1435325 ,  6.77448362,  7.40543475,  8.03638587,  8.667337  ,  9.29828812,  9.92923925, 10.56019037, 11.1911415 , 11.82209262, 12.45304375, 13.08399487, 13.714946  
sinr_dl:0.01989047,0.00871694,0.13078053,0.06472989,0.03729794,0.04539413,0.09535805,0.25355732,0.0654563 ,0.03344135,0.0209999 ,0.02648101,0.02782817,0.02825081,0.02906968,0.03048288,0.03271494,0.02012821,0.0164037 ,0.05057146,0.01007731,0.01011693,0.01016976,0.01027542,0.01038108,0.01052637,0.01068486,0.01092259,0.01135844,0.02216216,0.04882808,0.02586026,0.02962439,0.05832426,0.08772412,0.08954676,0.03555455,0.02446026,0.01822633,0.0125339 
sinr_dl_bin_edges:-5.7083316 ,-5.07738156,-4.44643152,-3.81548148,-3.18453144,-2.5535814 ,-1.92263136,-1.29168132,-0.66073128,-0.02978124, 0.6011688 , 1.23211884, 1.86306888, 2.49401892, 3.12496896, 3.755919  , 4.38686904, 5.01781908, 5.64876912, 6.27971916, 6.9106692 , 7.54161924, 8.17256928, 8.80351932, 9.43446936,10.0654194 ,10.69636944,11.32731948,11.95826952,12.58921956,13.2201696 ,13.85111964,14.48206968,15.11301972,15.74396976,16.3749198 ,17.00586984,17.63681988,18.26776992,18.89871996,19.52967   
rsrp_ul:0.01989036,0.00871689,0.13077976,0.06470309,0.03732414,0.04539386,0.09534428,0.25356903,0.06546912,0.03342795,0.02099978,0.02648085,0.02782801,0.02825065,0.02906951,0.0304827 ,0.03271475,0.02012809,0.0164036 ,0.05057117,0.01007725,0.01011687,0.01018291,0.01026216,0.01038102,0.0105263 ,0.01068479,0.01092253,0.01135837,0.02216203,0.04882779,0.02586011,0.02962422,0.05833712,0.08772361,0.08954623,0.03554114,0.02447333,0.01821302,0.01253383
rsrp_ul_bin_edges:-139.65546   ,-139.02450625,-138.3935525 ,-137.76259875,-137.131645  ,-136.50069125,-135.8697375 ,-135.23878375,-134.60783   ,-133.97687625,-133.3459225 ,-132.71496875,-132.084015  ,-131.45306125,-130.8221075 ,-130.19115375,-129.5602    ,-128.92924625,-128.2982925 ,-127.66733875,-127.036385  ,-126.40543125,-125.7744775 ,-125.14352375,-124.51257   ,-123.88161625,-123.2506625 ,-122.61970875,-121.988755  ,-121.35780125,-120.7268475 ,-120.09589375,-119.46494   ,-118.83398625,-118.2030325 ,-117.57207875,-116.941125  ,-116.31017125,-115.6792175 ,-115.04826375,-114.41731   
rsrp_dl:0.01989036,0.00871689,0.13077979,0.06470311,0.03732415,0.04539387,0.09535751,0.25355589,0.06545593,0.03344117,0.02099978,0.02648086,0.02782802,0.02825065,0.02906951,0.03048271,0.03271476,0.0201281 ,0.01640361,0.05057118,0.01007726,0.01011688,0.01018291,0.01026216,0.01038103,0.01052631,0.0106848 ,0.01092253,0.01135837,0.02216204,0.0488278 ,0.02586011,0.02962422,0.05833714,0.08772363,0.08954625,0.03554114,0.02447333,0.01821302,0.01253383
rsrp_dl_bin_edges:-147.02739  ,-146.3964364,-145.7654828,-145.1345292,-144.5035756,-143.872622 ,-143.2416684,-142.6107148,-141.9797612,-141.3488076,-140.717854 ,-140.0869004,-139.4559468,-138.8249932,-138.1940396,-137.563086 ,-136.9321324,-136.3011788,-135.6702252,-135.0392716,-134.408318 ,-133.7773644,-133.1464108,-132.5154572,-131.8845036,-131.25355  ,-130.6225964,-129.9916428,-129.3606892,-128.7297356,-128.098782 ,-127.4678284,-126.8368748,-126.2059212,-125.5749676,-124.944014 ,-124.3130604,-123.6821068,-123.0511532,-122.4201996,-121.789246 
cqi_ul:8.98536957,0.        ,0.        ,0.        ,0.        ,0.        ,0.        ,0.        ,0.        ,0.        ,0.        ,0.        ,0.        ,0.6436613 ,0.        ,0.        ,0.        ,0.        ,0.        ,0.        ,0.        ,0.        ,0.        ,0.        ,0.        ,0.        ,3.21541765,0.        ,0.        ,0.        ,0.        ,0.        ,0.        ,0.        ,0.        ,0.        ,0.        ,0.        ,0.        ,0.48888481
cqi_ul_bin_edges:0.   ,0.075,0.15 ,0.225,0.3  ,0.375,0.45 ,0.525,0.6  ,0.675,0.75 ,0.825,0.9  ,0.975,1.05 ,1.125,1.2  ,1.275,1.35 ,1.425,1.5  ,1.575,1.65 ,1.725,1.8  ,1.875,1.95 ,2.025,2.1  ,2.175,2.25 ,2.325,2.4  ,2.475,2.55 ,2.625,2.7  ,2.775,2.85 ,2.925,3.   
cqi_dl:3.58580345,0.        ,0.        ,0.        ,0.        ,0.        ,0.8034933 ,0.        ,0.        ,0.        ,0.        ,0.        ,0.        ,0.30988631,0.        ,0.        ,0.        ,0.        ,0.        ,0.        ,0.57732852,0.        ,0.        ,0.        ,0.        ,0.        ,0.99088063,0.        ,0.        ,0.        ,0.        ,0.        ,0.        ,0.34266381,0.        ,0.        ,0.        ,0.        ,0.        ,0.05661064
cqi_dl_bin_edges:0.  ,0.15,0.3 ,0.45,0.6 ,0.75,0.9 ,1.05,1.2 ,1.35,1.5 ,1.65,1.8 ,1.95,2.1 ,2.25,2.4 ,2.55,2.7 ,2.85,3.  ,3.15,3.3 ,3.45,3.6 ,3.75,3.9 ,4.05,4.2 ,4.35,4.5 ,4.65,4.8 ,4.95,5.1 ,5.25,5.4 ,5.55,5.7 ,5.85,6.  
mcs_ul:7.22177315,0.        ,0.        ,0.        ,0.        ,0.        ,0.        ,0.        ,0.        ,0.        ,0.90565912,0.        ,0.        ,0.        ,0.        ,0.        ,0.        ,0.        ,0.        ,0.        ,1.50590412,0.        ,0.        ,0.        ,0.        ,0.        ,0.        ,0.        ,0.        ,0.        ,0.34891376,0.        ,0.        ,0.        ,0.        ,0.        ,0.        ,0.        ,0.        ,0.01774985
mcs_ul_bin_edges:0. ,0.1,0.2,0.3,0.4,0.5,0.6,0.7,0.8,0.9,1. ,1.1,1.2,1.3,1.4,1.5,1.6,1.7,1.8,1.9,2. ,2.1,2.2,2.3,2.4,2.5,2.6,2.7,2.8,2.9,3. ,3.1,3.2,3.3,3.4,3.5,3.6,3.7,3.8,3.9,4. 
mcs_dl:2.63357805e+00,0.00000000e+00,0.00000000e+00,0.00000000e+00,9.72658561e-02,0.00000000e+00,0.00000000e+00,0.00000000e+00,8.86659278e-02,0.00000000e+00,0.00000000e+00,0.00000000e+00,1.56698694e-01,0.00000000e+00,0.00000000e+00,0.00000000e+00,1.89698419e-01,0.00000000e+00,0.00000000e+00,0.00000000e+00,2.69297756e-01,0.00000000e+00,0.00000000e+00,0.00000000e+00,3.25230623e-01,0.00000000e+00,0.00000000e+00,0.00000000e+00,1.29632253e-01,0.00000000e+00,0.00000000e+00,0.00000000e+00,7.59660336e-02,0.00000000e+00,0.00000000e+00,0.00000000e+00,3.15330706e-02,0.00000000e+00,0.00000000e+00,2.43331306e-03
mcs_dl_bin_edges: 0.  , 0.25, 0.5 , 0.75, 1.  , 1.25, 1.5 , 1.75, 2.  , 2.25, 2.5 , 2.75, 3.  , 3.25, 3.5 , 3.75, 4.  , 4.25, 4.5 , 4.75, 5.  , 5.25, 5.5 , 5.75, 6.  , 6.25, 6.5 , 6.75, 7.  , 7.25, 7.5 , 7.75, 8.  , 8.25, 8.5 , 8.75, 9.  , 9.25, 9.5 , 9.75,10.  
eff_ul:22.92576008, 0.        , 0.        , 0.        , 0.        , 0.        , 0.        , 1.64227242, 0.        , 0.        , 0.        , 0.        , 3.08099717, 0.        , 0.        , 0.        , 0.        , 0.        , 0.        , 0.        , 5.12299411, 0.        , 0.        , 0.        , 0.        , 0.        , 0.        , 0.        , 0.        , 1.18698336, 0.        , 0.        , 0.        , 0.        , 0.        , 0.        , 0.        , 0.        , 0.        , 0.06038392
eff_ul_bin_edges:0.      ,0.029395,0.05879 ,0.088185,0.11758 ,0.146975,0.17637 ,0.205765,0.23516 ,0.264555,0.29395 ,0.323345,0.35274 ,0.382135,0.41153 ,0.440925,0.47032 ,0.499715,0.52911 ,0.558505,0.5879  ,0.617295,0.64669 ,0.676085,0.70548 ,0.734875,0.76427 ,0.793665,0.82306 ,0.852455,0.88185 ,0.911245,0.94064 ,0.970035,0.99943 ,1.028825,1.05822 ,1.087615,1.11701 ,1.146405,1.1758  
eff_dl:8.37051622,0.        ,0.        ,1.87563368,0.        ,0.37842073,0.        ,0.        ,0.        ,0.34496201,0.        ,0.        ,0.        ,0.60964903,0.        ,0.        ,0.        ,0.        ,0.73803715,0.        ,0.        ,0.        ,1.04772485,0.        ,0.        ,0.        ,1.26533623,0.        ,0.        ,0.50434484,0.        ,0.        ,0.        ,0.29555204,0.        ,0.        ,0.        ,0.12268198,0.        ,0.009467  
eff_dl_bin_edges:0.        ,0.06425775,0.12851549,0.19277324,0.25703099,0.32128874,0.38554648,0.44980423,0.51406198,0.57831973,0.64257747,0.70683522,0.77109297,0.83535072,0.89960846,0.96386621,1.02812396,1.09238171,1.15663945,1.2208972 ,1.28515495,1.3494127 ,1.41367044,1.47792819,1.54218594,1.60644369,1.67070143,1.73495918,1.79921693,1.86347468,1.92773242,1.99199017,2.05624792,2.12050567,2.18476341,2.24902116,2.31327891,2.37753666,2.4417944 ,2.50605215,2.5703099 
rul:1.74696684e-01,0.00000000e+00,0.00000000e+00,3.05695683e-03,0.00000000e+00,2.14994766e-03,3.70698006e-03,9.03649875e-04,3.56924904e-03,0.00000000e+00,6.02321274e-03,8.91892349e-04,1.58390675e-03,0.00000000e+00,1.40586421e-03,1.67964661e-06,0.00000000e+00,4.03115186e-05,1.67964661e-06,1.55703241e-03,1.30004647e-03,0.00000000e+00,0.00000000e+00,1.67964661e-06,0.00000000e+00,0.00000000e+00,0.00000000e+00,3.30890382e-04,0.00000000e+00,3.02336389e-04,0.00000000e+00,0.00000000e+00,0.00000000e+00,0.00000000e+00,0.00000000e+00,0.00000000e+00,0.00000000e+00,1.84761127e-05,0.00000000e+00,1.67964661e-05
rul_bin_edges:  0.        ,  4.96131975,  9.9226395 , 14.88395925, 19.845279  , 24.80659875, 29.7679185 , 34.72923825, 39.690558  , 44.65187775, 49.6131975 , 54.57451725, 59.535837  , 64.49715675, 69.4584765 , 74.41979625, 79.381116  , 84.34243575, 89.3037555 , 94.26507525, 99.226395  ,104.18771475,109.1490345 ,114.11035425,119.071674  ,124.03299375,128.9943135 ,133.95563325,138.916953  ,143.87827275,148.8395925 ,153.80091225,158.762232  ,163.72355175,168.6848715 ,173.64619125,178.607511  ,183.56883075,188.5301505 ,193.49147025,198.45279   
rdl:7.96267337e-02,4.23898861e-03,8.28563219e-04,8.52400851e-04,6.98689222e-04,1.85769134e-04,1.26586047e-03,0.00000000e+00,0.00000000e+00,1.79768627e-03,0.00000000e+00,2.12648120e-03,0.00000000e+00,2.89092941e-03,1.04392390e-03,0.00000000e+00,6.16490490e-04,0.00000000e+00,6.05804655e-04,0.00000000e+00,1.89057084e-05,0.00000000e+00,5.95940807e-04,0.00000000e+00,8.21987320e-07,0.00000000e+00,7.27458779e-04,0.00000000e+00,0.00000000e+00,2.76187740e-04,0.00000000e+00,0.00000000e+00,0.00000000e+00,1.60287527e-04,0.00000000e+00,8.21987320e-07,0.00000000e+00,7.48008462e-05,0.00000000e+00,5.75391124e-06
rdl_bin_edges:  0.      , 10.137947, 20.275894, 30.413841, 40.551788, 50.689735, 60.827682, 70.965629, 81.103576, 91.241523,101.37947 ,111.517417,121.655364,131.793311,141.931258,152.069205,162.207152,172.345099,182.483046,192.620993,202.75894 ,212.896887,223.034834,233.172781,243.310728,253.448675,263.586622,273.724569,283.862516,294.000463,304.13841 ,314.276357,324.414304,334.552251,344.690198,354.828145,364.966092,375.104039,385.241986,395.379933,405.51788 
lul:2.95823327e+03,0.00000000e+00,0.00000000e+00,0.00000000e+00,0.00000000e+00,0.00000000e+00,0.00000000e+00,0.00000000e+00,0.00000000e+00,0.00000000e+00,0.00000000e+00,0.00000000e+00,0.00000000e+00,0.00000000e+00,0.00000000e+00,0.00000000e+00,0.00000000e+00,0.00000000e+00,0.00000000e+00,0.00000000e+00,0.00000000e+00,0.00000000e+00,0.00000000e+00,0.00000000e+00,0.00000000e+00,0.00000000e+00,0.00000000e+00,0.00000000e+00,0.00000000e+00,0.00000000e+00,0.00000000e+00,0.00000000e+00,0.00000000e+00,0.00000000e+00,2.54758244e+02,1.01624562e+02,1.42211814e-01,9.83252483e+01,0.00000000e+00,2.84423628e-02
lul_bin_edges:0.        ,0.00029299,0.00058598,0.00087896,0.00117195,0.00146494,0.00175793,0.00205091,0.0023439 ,0.00263689,0.00292988,0.00322287,0.00351585,0.00380884,0.00410183,0.00439482,0.0046878 ,0.00498079,0.00527378,0.00556677,0.00585976,0.00615274,0.00644573,0.00673872,0.00703171,0.00732469,0.00761768,0.00791067,0.00820366,0.00849664,0.00878963,0.00908262,0.00937561,0.0096686 ,0.00996158,0.01025457,0.01054756,0.01084055,0.01113353,0.01142652,0.01171951
ldl:2.86246290e+03,0.00000000e+00,0.00000000e+00,0.00000000e+00,0.00000000e+00,0.00000000e+00,0.00000000e+00,0.00000000e+00,0.00000000e+00,0.00000000e+00,0.00000000e+00,0.00000000e+00,0.00000000e+00,0.00000000e+00,0.00000000e+00,0.00000000e+00,0.00000000e+00,0.00000000e+00,0.00000000e+00,0.00000000e+00,0.00000000e+00,0.00000000e+00,0.00000000e+00,0.00000000e+00,0.00000000e+00,0.00000000e+00,0.00000000e+00,0.00000000e+00,0.00000000e+00,0.00000000e+00,0.00000000e+00,0.00000000e+00,0.00000000e+00,0.00000000e+00,0.00000000e+00,3.59200369e+02,2.95492242e-01,1.35808234e+02,1.37965328e+02,5.02041319e+01
ldl_bin_edges:0.        ,0.00028201,0.00056403,0.00084604,0.00112805,0.00141006,0.00169208,0.00197409,0.0022561 ,0.00253812,0.00282013,0.00310214,0.00338416,0.00366617,0.00394818,0.00423019,0.00451221,0.00479422,0.00507623,0.00535825,0.00564026,0.00592227,0.00620428,0.0064863 ,0.00676831,0.00705032,0.00733234,0.00761435,0.00789636,0.00817838,0.00846039,0.0087424 ,0.00902441,0.00930643,0.00958844,0.00987045,0.01015247,0.01043448,0.01071649,0.01099851,0.01128052
ilul:1.71003610e+00,7.49870541e-02,1.11878275e-02,0.00000000e+00,0.00000000e+00,1.50576414e-05,1.50576414e-05,0.00000000e+00,0.00000000e+00,0.00000000e+00,0.00000000e+00,0.00000000e+00,0.00000000e+00,0.00000000e+00,0.00000000e+00,4.63775355e-03,0.00000000e+00,0.00000000e+00,0.00000000e+00,0.00000000e+00,0.00000000e+00,0.00000000e+00,0.00000000e+00,0.00000000e+00,0.00000000e+00,0.00000000e+00,0.00000000e+00,0.00000000e+00,0.00000000e+00,0.00000000e+00,0.00000000e+00,0.00000000e+00,0.00000000e+00,0.00000000e+00,0.00000000e+00,0.00000000e+00,0.00000000e+00,0.00000000e+00,0.00000000e+00,6.05317184e-03
ilul_bin_edges: 0.        , 0.55342425, 1.1068485 , 1.66027275, 2.213697  , 2.76712125, 3.3205455 , 3.87396975, 4.427394  , 4.98081825, 5.5342425 , 6.08766675, 6.641091  , 7.19451525, 7.7479395 , 8.30136375, 8.854788  , 9.40821225, 9.9616365 ,10.51506075,11.068485  ,11.62190925,12.1753335 ,12.72875775,13.282182  ,13.83560625,14.3890305 ,14.94245475,15.495879  ,16.04930325,16.6027275 ,17.15615175,17.709576  ,18.26300025,18.8164245 ,19.36984875,19.923273  ,20.47669725,21.0301215 ,21.58354575,22.13697   
ildl:8.17824381e-01,8.80531663e-03,3.05633310e-03,0.00000000e+00,6.99389725e-06,0.00000000e+00,2.51080911e-03,0.00000000e+00,3.39903406e-03,0.00000000e+00,0.00000000e+00,0.00000000e+00,0.00000000e+00,0.00000000e+00,0.00000000e+00,0.00000000e+00,0.00000000e+00,0.00000000e+00,0.00000000e+00,0.00000000e+00,0.00000000e+00,0.00000000e+00,0.00000000e+00,0.00000000e+00,0.00000000e+00,0.00000000e+00,0.00000000e+00,6.99389725e-06,0.00000000e+00,0.00000000e+00,0.00000000e+00,0.00000000e+00,0.00000000e+00,0.00000000e+00,0.00000000e+00,0.00000000e+00,0.00000000e+00,0.00000000e+00,0.00000000e+00,3.66480216e-03
ildl_bin_edges: 0.        , 1.19150505, 2.3830101 , 3.57451515, 4.7660202 , 5.95752525, 7.1490303 , 8.34053535, 9.5320404 ,10.72354545,11.9150505 ,13.10655555,14.2980606 ,15.48956565,16.6810707 ,17.87257575,19.0640808 ,20.25558585,21.4470909 ,22.63859595,23.830101  ,25.02160605,26.2131111 ,27.40461615,28.5961212 ,29.78762625,30.9791313 ,32.17063635,33.3621414 ,34.55364645,35.7451515 ,36.93665655,38.1281616 ,39.31966665,40.5111717 ,41.70267675,42.8941818 ,44.08568685,45.2771919 ,46.46869695,47.660202  
eul:1.09714329e-03,0.00000000e+00,0.00000000e+00,0.00000000e+00,0.00000000e+00,0.00000000e+00,1.59526468e-06,7.97632342e-07,1.19644851e-06,3.98816171e-07,1.59526468e-06,1.59526468e-06,3.98816171e-06,9.38015634e-04,4.57725307e-02,3.42981907e-05,1.59526468e-06,0.00000000e+00,7.97632342e-07,3.98816171e-07,3.98816171e-07,1.19644851e-06,0.00000000e+00,0.00000000e+00,0.00000000e+00,0.00000000e+00,0.00000000e+00,0.00000000e+00,0.00000000e+00,0.00000000e+00,0.00000000e+00,0.00000000e+00,0.00000000e+00,0.00000000e+00,0.00000000e+00,0.00000000e+00,0.00000000e+00,0.00000000e+00,0.00000000e+00,7.97632342e-07
eul_bin_edges:  0.   , 20.895, 41.79 , 62.685, 83.58 ,104.475,125.37 ,146.265,167.16 ,188.055,208.95 ,229.845,250.74 ,271.635,292.53 ,313.425,334.32 ,355.215,376.11 ,397.005,417.9  ,438.795,459.69 ,480.585,501.48 ,522.375,543.27 ,564.165,585.06 ,605.955,626.85 ,647.745,668.64 ,689.535,710.43 ,731.325,752.22 ,773.115,794.01 ,814.905,835.8  
edl:3.17138619e-03,0.00000000e+00,0.00000000e+00,0.00000000e+00,0.00000000e+00,0.00000000e+00,1.59526468e-06,7.97632342e-07,1.19644851e-06,3.98816171e-07,1.59526468e-06,1.19644851e-06,2.79171320e-06,8.25549474e-04,4.38139445e-02,3.31017422e-05,1.59526468e-06,0.00000000e+00,7.97632342e-07,3.98816171e-07,3.98816171e-07,1.19644851e-06,0.00000000e+00,0.00000000e+00,0.00000000e+00,0.00000000e+00,0.00000000e+00,0.00000000e+00,0.00000000e+00,0.00000000e+00,0.00000000e+00,0.00000000e+00,0.00000000e+00,0.00000000e+00,0.00000000e+00,0.00000000e+00,0.00000000e+00,0.00000000e+00,0.00000000e+00,3.98816171e-07
edl_bin_edges:  0.   , 20.895, 41.79 , 62.685, 83.58 ,104.475,125.37 ,146.265,167.16 ,188.055,208.95 ,229.845,250.74 ,271.635,292.53 ,313.425,334.32 ,355.215,376.11 ,397.005,417.9  ,438.795,459.69 ,480.585,501.48 ,522.375,543.27 ,564.165,585.06 ,605.955,626.85 ,647.745,668.64 ,689.535,710.43 ,731.325,752.22 ,773.115,794.01 ,814.905,835.8  
gul:1.15700634e-01,0.00000000e+00,0.00000000e+00,0.00000000e+00,0.00000000e+00,0.00000000e+00,0.00000000e+00,0.00000000e+00,0.00000000e+00,0.00000000e+00,0.00000000e+00,0.00000000e+00,0.00000000e+00,0.00000000e+00,0.00000000e+00,0.00000000e+00,0.00000000e+00,0.00000000e+00,0.00000000e+00,0.00000000e+00,0.00000000e+00,0.00000000e+00,0.00000000e+00,0.00000000e+00,0.00000000e+00,0.00000000e+00,0.00000000e+00,0.00000000e+00,0.00000000e+00,9.86768963e-07,0.00000000e+00,0.00000000e+00,1.97353793e-06,1.97353793e-06,7.84481325e-04,1.14662553e-03,7.69679791e-04,4.93384481e-06,9.86768963e-07,9.86768963e-07
gul_bin_edges:  0.   ,  8.445, 16.89 , 25.335, 33.78 , 42.225, 50.67 , 59.115, 67.56 , 76.005, 84.45 , 92.895,101.34 ,109.785,118.23 ,126.675,135.12 ,143.565,152.01 ,160.455,168.9  ,177.345,185.79 ,194.235,202.68 ,211.125,219.57 ,228.015,236.46 ,244.905,253.35 ,261.795,270.24 ,278.685,287.13 ,295.575,304.02 ,312.465,320.91 ,329.355,337.8  
gdl:4.54711737e-02,0.00000000e+00,0.00000000e+00,0.00000000e+00,0.00000000e+00,0.00000000e+00,0.00000000e+00,0.00000000e+00,0.00000000e+00,0.00000000e+00,0.00000000e+00,4.05807835e-07,1.62323134e-06,6.89873319e-06,3.17179404e-03,4.46388618e-05,4.05807835e-07,0.00000000e+00,0.00000000e+00,0.00000000e+00,0.00000000e+00,0.00000000e+00,0.00000000e+00,0.00000000e+00,0.00000000e+00,0.00000000e+00,0.00000000e+00,0.00000000e+00,0.00000000e+00,0.00000000e+00,0.00000000e+00,0.00000000e+00,0.00000000e+00,0.00000000e+00,0.00000000e+00,0.00000000e+00,0.00000000e+00,0.00000000e+00,0.00000000e+00,4.05807835e-07
gdl_bin_edges:  0.   , 20.535, 41.07 , 61.605, 82.14 ,102.675,123.21 ,143.745,164.28 ,184.815,205.35 ,225.885,246.42 ,266.955,287.49 ,308.025,328.56 ,349.095,369.63 ,390.165,410.7  ,431.235,451.77 ,472.305,492.84 ,513.375,533.91 ,554.445,574.98 ,595.515,616.05 ,636.585,657.12 ,677.655,698.19 ,718.725,739.26 ,759.795,780.33 ,800.865,821.4  
ri: 0., 0., 0., 0., 0., 0., 0., 0., 0., 0., 0., 0., 0., 0., 0., 0., 0., 0., 0., 0.,40., 0., 0., 0., 0., 0., 0., 0., 0., 0., 0., 0., 0., 0., 0., 0., 0., 0., 0., 0.
ri_bin_edges:0.5  ,0.525,0.55 ,0.575,0.6  ,0.625,0.65 ,0.675,0.7  ,0.725,0.75 ,0.775,0.8  ,0.825,0.85 ,0.875,0.9  ,0.925,0.95 ,0.975,1.   ,1.025,1.05 ,1.075,1.1  ,1.125,1.15 ,1.175,1.2  ,1.225,1.25 ,1.275,1.3  ,1.325,1.35 ,1.375,1.4  ,1.425,1.45 ,1.475,1.5  
