period:1.0
ue_log_freq:1000
mac_log_freq:1000
mimo_layers:1
frequency:28000000000.0
bandwidth:300000000.0
ue_speed:0.27778
max_distance:10.0
shannon_cfg_bandwidth_mhz:300.0
shannon_cfg_mimo_layers:1
shannon_cfg_bw_efficiency:0.67
shannon_cfg_sinr_offset_db:0.0
shannon_cfg_ul_divisor:2.0
shannon_cfg_sinr_sample_rate:1000
n_ue:1
sinr_period:16.304296531427745
sinr_rate:61.33352629304954
ul_fairness:1.0
dl_fairness:nan
ul_agg_throughput:148.89213381005115
dl_agg_throughput:0
ul_ave_throughput:148.89213381005115
dl_ave_throughput:0.0
ul_se:0.49630711270017047
dl_se:0.0
ul_ase:0.0015797946055579703
dl_ase:0.0
ul_gr:149.99854351456486
dl_gr:0.1050379496205038
ul_tr:149.99380112614872
dl_tr:0.0
ul_er:0.0
dl_er:149.8920010799892
ul_er_ratio:0.0
dl_er_ratio:1.0
ul_er_perc:0.0
dl_er_perc:100.0
ul_l:0.0027214721127108727
dl_l:0.0
ul_il:0.0027214723679973196
dl_il:0.0
sinr_ul:0.11060833,0.08523093,0.07128367,0.06315465,0.05900761,0.05550017,0.05430351,0.05471615,0.05428288,0.08869711,0.1861422 ,0.21154023,0.06957121,0.06709537,0.04636018,0.01830061,0.01836251,0.0184863 ,0.01863073,0.01881641,0.01941474,0.01978612,0.01999244,0.02032255,0.02083835,0.02172553,0.02236512,0.02292219,0.02391253,0.02446959,0.02527424,0.026409  ,0.02690417,0.02826588,0.03061794,0.03455865,0.03932465,0.04794884,0.06313402,0.15494656
sinr_ul_bin_edges:53.562515  ,54.04719337,54.53187175,55.01655012,55.5012285 ,55.98590687,56.47058525,56.95526363,57.439942  ,57.92462038,58.40929875,58.89397712,59.3786555 ,59.86333388,60.34801225,60.83269062,61.317369  ,61.80204738,62.28672575,62.77140413,63.2560825 ,63.74076088,64.22543925,64.71011763,65.194796  ,65.67947437,66.16415275,66.64883113,67.1335095 ,67.61818788,68.10286625,68.58754463,69.072223  ,69.55690138,70.04157975,70.52625812,71.0109365 ,71.49561488,71.98029325,72.46497163,72.94965   
rsrp_ul:0.11050673,0.08529403,0.07132595,0.06307302,0.05904971,0.05554222,0.05434554,0.05475819,0.05430428,0.08876026,0.18616547,0.21160513,0.06930398,0.06701379,0.046464  ,0.01828024,0.01836277,0.01848656,0.01865162,0.01881668,0.01943565,0.0197864 ,0.01997209,0.02034347,0.02083865,0.02170521,0.02234481,0.02294315,0.02385097,0.02449057,0.02531586,0.02638874,0.02692518,0.02832818,0.03059774,0.03451788,0.03932521,0.04792889,0.06315555,0.15494876
rsrp_ul_bin_edges:-102.2244   ,-101.7397285,-101.255057 ,-100.7703855,-100.285714 , -99.8010425, -99.316371 , -98.8316995, -98.347028 , -97.8623565, -97.377685 , -96.8930135, -96.408342 , -95.9236705, -95.438999 , -94.9543275, -94.469656 , -93.9849845, -93.500313 , -93.0156415, -92.53097  , -92.0462985, -91.561627 , -91.0769555, -90.592284 , -90.1076125, -89.622941 , -89.1382695, -88.653598 , -88.1689265, -87.684255 , -87.1995835, -86.714912 , -86.2302405, -85.745569 , -85.2608975, -84.776226 , -84.2915545, -83.806883 , -83.3222115, -82.83754  
cqi_ul: 0., 0., 0., 0., 0., 0., 0., 0., 0., 0., 0., 0., 0., 0., 0., 0., 0., 0., 0., 0.,40., 0., 0., 0., 0., 0., 0., 0., 0., 0., 0., 0., 0., 0., 0., 0., 0., 0., 0., 0.
cqi_ul_bin_edges:14.5  ,14.525,14.55 ,14.575,14.6  ,14.625,14.65 ,14.675,14.7  ,14.725,14.75 ,14.775,14.8  ,14.825,14.85 ,14.875,14.9  ,14.925,14.95 ,14.975,15.   ,15.025,15.05 ,15.075,15.1  ,15.125,15.15 ,15.175,15.2  ,15.225,15.25 ,15.275,15.3  ,15.325,15.35 ,15.375,15.4  ,15.425,15.45 ,15.475,15.5  
cqi_dl: 0., 0., 0., 0., 0., 0., 0., 0., 0., 0., 0., 0., 0., 0., 0., 0., 0., 0., 0., 0.,40., 0., 0., 0., 0., 0., 0., 0., 0., 0., 0., 0., 0., 0., 0., 0., 0., 0., 0., 0.
cqi_dl_bin_edges:-0.5  ,-0.475,-0.45 ,-0.425,-0.4  ,-0.375,-0.35 ,-0.325,-0.3  ,-0.275,-0.25 ,-0.225,-0.2  ,-0.175,-0.15 ,-0.125,-0.1  ,-0.075,-0.05 ,-0.025, 0.   , 0.025, 0.05 , 0.075, 0.1  , 0.125, 0.15 , 0.175, 0.2  , 0.225, 0.25 , 0.275, 0.3  , 0.325, 0.35 , 0.375, 0.4  , 0.425, 0.45 , 0.475, 0.5  
mcs_ul: 0., 0., 0., 0., 0., 0., 0., 0., 0., 0., 0., 0., 0., 0., 0., 0., 0., 0., 0., 0.,40., 0., 0., 0., 0., 0., 0., 0., 0., 0., 0., 0., 0., 0., 0., 0., 0., 0., 0., 0.
mcs_ul_bin_edges:27.5  ,27.525,27.55 ,27.575,27.6  ,27.625,27.65 ,27.675,27.7  ,27.725,27.75 ,27.775,27.8  ,27.825,27.85 ,27.875,27.9  ,27.925,27.95 ,27.975,28.   ,28.025,28.05 ,28.075,28.1  ,28.125,28.15 ,28.175,28.2  ,28.225,28.25 ,28.275,28.3  ,28.325,28.35 ,28.375,28.4  ,28.425,28.45 ,28.475,28.5  
mcs_dl: 0., 0., 0., 0., 0., 0., 0., 0., 0., 0., 0., 0., 0., 0., 0., 0., 0., 0., 0., 0.,40., 0., 0., 0., 0., 0., 0., 0., 0., 0., 0., 0., 0., 0., 0., 0., 0., 0., 0., 0.
mcs_dl_bin_edges:-0.5  ,-0.475,-0.45 ,-0.425,-0.4  ,-0.375,-0.35 ,-0.325,-0.3  ,-0.275,-0.25 ,-0.225,-0.2  ,-0.175,-0.15 ,-0.125,-0.1  ,-0.075,-0.05 ,-0.025, 0.   , 0.025, 0.05 , 0.075, 0.1  , 0.125, 0.15 , 0.175, 0.2  , 0.225, 0.25 , 0.275, 0.3  , 0.325, 0.35 , 0.375, 0.4  , 0.425, 0.45 , 0.475, 0.5  
eff_ul: 0., 0., 0., 0., 0., 0., 0., 0., 0., 0., 0., 0., 0., 0., 0., 0., 0., 0., 0., 0.,40., 0., 0., 0., 0., 0., 0., 0., 0., 0., 0., 0., 0., 0., 0., 0., 0., 0., 0., 0.
eff_ul_bin_edges:5.054651,5.079651,5.104651,5.129651,5.154651,5.179651,5.204651,5.229651,5.254651,5.279651,5.304651,5.329651,5.354651,5.379651,5.404651,5.429651,5.454651,5.479651,5.504651,5.529651,5.554651,5.579651,5.604651,5.629651,5.654651,5.679651,5.704651,5.729651,5.754651,5.779651,5.804651,5.829651,5.854651,5.879651,5.904651,5.929651,5.954651,5.979651,6.004651,6.029651,6.054651
eff_dl: 0., 0., 0., 0., 0., 0., 0., 0., 0., 0., 0., 0., 0., 0., 0., 0., 0., 0., 0., 0.,40., 0., 0., 0., 0., 0., 0., 0., 0., 0., 0., 0., 0., 0., 0., 0., 0., 0., 0., 0.
eff_dl_bin_edges:-0.5  ,-0.475,-0.45 ,-0.425,-0.4  ,-0.375,-0.35 ,-0.325,-0.3  ,-0.275,-0.25 ,-0.225,-0.2  ,-0.175,-0.15 ,-0.125,-0.1  ,-0.075,-0.05 ,-0.025, 0.   , 0.025, 0.05 , 0.075, 0.1  , 0.125, 0.15 , 0.175, 0.2  , 0.225, 0.25 , 0.275, 0.3  , 0.325, 0.35 , 0.375, 0.4  , 0.425, 0.45 , 0.475, 0.5  
rul:1.17222482e-02,0.00000000e+00,7.47163506e-07,0.00000000e+00,1.49432701e-06,2.24149052e-06,2.98865402e-06,4.48298103e-06,8.21879856e-06,6.72447155e-06,3.56098127e-03,4.75218404e-02,9.19011112e-05,1.71847606e-05,2.98865402e-05,2.09205782e-05,6.72447155e-06,1.12074526e-05,2.39092322e-05,2.01734146e-05,1.27017796e-05,7.39691870e-05,1.15631024e-02,9.71312557e-06,0.00000000e+00,0.00000000e+00,0.00000000e+00,0.00000000e+00,0.00000000e+00,0.00000000e+00,7.47163506e-07,0.00000000e+00,7.47163506e-07,1.49432701e-06,0.00000000e+00,0.00000000e+00,0.00000000e+00,0.00000000e+00,0.00000000e+00,7.47163506e-07
rul_bin_edges:  0.       , 13.3838175, 26.767635 , 40.1514525, 53.53527  , 66.9190875, 80.302905 , 93.6867225,107.07054  ,120.4543575,133.838175 ,147.2219925,160.60581  ,173.9896275,187.373445 ,200.7572625,214.14108  ,227.5248975,240.908715 ,254.2925325,267.67635  ,281.0601675,294.443985 ,307.8278025,321.21162  ,334.5954375,347.979255 ,361.3630725,374.74689  ,388.1307075,401.514525 ,414.8983425,428.28216  ,441.6659775,455.049795 ,468.4336125,481.81743  ,495.2012475,508.585065 ,521.9688825,535.3527   
rdl: 0., 0., 0., 0., 0., 0., 0., 0., 0., 0., 0., 0., 0., 0., 0., 0., 0., 0., 0., 0.,40., 0., 0., 0., 0., 0., 0., 0., 0., 0., 0., 0., 0., 0., 0., 0., 0., 0., 0., 0.
rdl_bin_edges:-0.5  ,-0.475,-0.45 ,-0.425,-0.4  ,-0.375,-0.35 ,-0.325,-0.3  ,-0.275,-0.25 ,-0.225,-0.2  ,-0.175,-0.15 ,-0.125,-0.1  ,-0.075,-0.05 ,-0.025, 0.   , 0.025, 0.05 , 0.075, 0.1  , 0.125, 0.15 , 0.175, 0.2  , 0.225, 0.25 , 0.275, 0.3  , 0.325, 0.35 , 0.375, 0.4  , 0.425, 0.45 , 0.475, 0.5  
lul:1.44306526e+03,0.00000000e+00,0.00000000e+00,0.00000000e+00,0.00000000e+00,0.00000000e+00,0.00000000e+00,0.00000000e+00,0.00000000e+00,0.00000000e+00,0.00000000e+00,0.00000000e+00,0.00000000e+00,0.00000000e+00,0.00000000e+00,0.00000000e+00,0.00000000e+00,0.00000000e+00,0.00000000e+00,0.00000000e+00,0.00000000e+00,0.00000000e+00,0.00000000e+00,0.00000000e+00,0.00000000e+00,0.00000000e+00,0.00000000e+00,5.24807026e+03,2.33627749e+01,3.03532114e+00,8.00221029e+00,1.84878651e+01,1.41777091e+03,9.84179886e+00,4.50699200e+00,1.18653463e+01,1.00864641e+03,7.35835429e-01,4.59897143e-01,1.83958857e-01
lul_bin_edges:0.        ,0.00010872,0.00021744,0.00032616,0.00043488,0.00054359,0.00065231,0.00076103,0.00086975,0.00097847,0.00108719,0.00119591,0.00130463,0.00141335,0.00152206,0.00163078,0.0017395 ,0.00184822,0.00195694,0.00206566,0.00217438,0.0022831 ,0.00239182,0.00250053,0.00260925,0.00271797,0.00282669,0.00293541,0.00304413,0.00315285,0.00326157,0.00337029,0.003479  ,0.00358772,0.00369644,0.00380516,0.00391388,0.0040226 ,0.00413132,0.00424004,0.00434876
ldl: 0., 0., 0., 0., 0., 0., 0., 0., 0., 0., 0., 0., 0., 0., 0., 0., 0., 0., 0., 0.,40., 0., 0., 0., 0., 0., 0., 0., 0., 0., 0., 0., 0., 0., 0., 0., 0., 0., 0., 0.
ldl_bin_edges:-0.5  ,-0.475,-0.45 ,-0.425,-0.4  ,-0.375,-0.35 ,-0.325,-0.3  ,-0.275,-0.25 ,-0.225,-0.2  ,-0.175,-0.15 ,-0.125,-0.1  ,-0.075,-0.05 ,-0.025, 0.   , 0.025, 0.05 , 0.075, 0.1  , 0.125, 0.15 , 0.175, 0.2  , 0.225, 0.25 , 0.275, 0.3  , 0.325, 0.35 , 0.375, 0.4  , 0.425, 0.45 , 0.475, 0.5  
ilul:1.44306526e+03,0.00000000e+00,0.00000000e+00,0.00000000e+00,0.00000000e+00,0.00000000e+00,0.00000000e+00,0.00000000e+00,0.00000000e+00,0.00000000e+00,0.00000000e+00,0.00000000e+00,0.00000000e+00,0.00000000e+00,0.00000000e+00,0.00000000e+00,0.00000000e+00,0.00000000e+00,0.00000000e+00,0.00000000e+00,0.00000000e+00,0.00000000e+00,0.00000000e+00,0.00000000e+00,0.00000000e+00,0.00000000e+00,0.00000000e+00,5.24807026e+03,2.33627749e+01,3.03532114e+00,8.00221029e+00,1.84878651e+01,1.41777091e+03,9.84179886e+00,4.50699200e+00,1.18653463e+01,1.00864641e+03,7.35835429e-01,4.59897143e-01,1.83958857e-01
ilul_bin_edges:0.        ,0.00010872,0.00021744,0.00032616,0.00043488,0.00054359,0.00065231,0.00076103,0.00086975,0.00097847,0.00108719,0.00119591,0.00130463,0.00141335,0.00152206,0.00163078,0.0017395 ,0.00184822,0.00195694,0.00206566,0.00217438,0.0022831 ,0.00239182,0.00250053,0.00260925,0.00271797,0.00282669,0.00293541,0.00304413,0.00315285,0.00326157,0.00337029,0.003479  ,0.00358772,0.00369644,0.00380516,0.00391388,0.0040226 ,0.00413132,0.00424004,0.00434876
ildl: 0., 0., 0., 0., 0., 0., 0., 0., 0., 0., 0., 0., 0., 0., 0., 0., 0., 0., 0., 0.,40., 0., 0., 0., 0., 0., 0., 0., 0., 0., 0., 0., 0., 0., 0., 0., 0., 0., 0., 0.
ildl_bin_edges:-0.5  ,-0.475,-0.45 ,-0.425,-0.4  ,-0.375,-0.35 ,-0.325,-0.3  ,-0.275,-0.25 ,-0.225,-0.2  ,-0.175,-0.15 ,-0.125,-0.1  ,-0.075,-0.05 ,-0.025, 0.   , 0.025, 0.05 , 0.075, 0.1  , 0.125, 0.15 , 0.175, 0.2  , 0.225, 0.25 , 0.275, 0.3  , 0.325, 0.35 , 0.375, 0.4  , 0.425, 0.45 , 0.475, 0.5  
eul: 0., 0., 0., 0., 0., 0., 0., 0., 0., 0., 0., 0., 0., 0., 0., 0., 0., 0., 0., 0.,40., 0., 0., 0., 0., 0., 0., 0., 0., 0., 0., 0., 0., 0., 0., 0., 0., 0., 0., 0.
eul_bin_edges:-0.5  ,-0.475,-0.45 ,-0.425,-0.4  ,-0.375,-0.35 ,-0.325,-0.3  ,-0.275,-0.25 ,-0.225,-0.2  ,-0.175,-0.15 ,-0.125,-0.1  ,-0.075,-0.05 ,-0.025, 0.   , 0.025, 0.05 , 0.075, 0.1  , 0.125, 0.15 , 0.175, 0.2  , 0.225, 0.25 , 0.275, 0.3  , 0.325, 0.35 , 0.375, 0.4  , 0.425, 0.45 , 0.475, 0.5  
edl:6.35755232e-05,0.00000000e+00,1.76598676e-06,1.76598676e-06,1.41278940e-05,1.14789139e-05,2.64898013e-05,2.64898013e-05,3.53197351e-05,3.53197351e-05,3.00217748e-05,9.62462782e-05,6.80964493e-03,8.07047117e-02,2.39291205e-04,3.97347020e-05,3.35537483e-05,3.62027285e-05,3.26707550e-05,2.64898013e-05,1.58938808e-05,1.14789139e-05,2.64898013e-06,8.82993378e-07,8.82993378e-07,8.82993378e-07,0.00000000e+00,0.00000000e+00,0.00000000e+00,0.00000000e+00,8.82993378e-07,0.00000000e+00,0.00000000e+00,0.00000000e+00,0.00000000e+00,8.82993378e-07,0.00000000e+00,0.00000000e+00,0.00000000e+00,8.82993378e-07
edl_bin_edges:  0.   , 11.325, 22.65 , 33.975, 45.3  , 56.625, 67.95 , 79.275, 90.6  ,101.925,113.25 ,124.575,135.9  ,147.225,158.55 ,169.875,181.2  ,192.525,203.85 ,215.175,226.5  ,237.825,249.15 ,260.475,271.8  ,283.125,294.45 ,305.775,317.1  ,328.425,339.75 ,351.075,362.4  ,373.725,385.05 ,396.375,407.7  ,419.025,430.35 ,441.675,453.   
gul:8.82993378e-07,0.00000000e+00,1.76598676e-06,1.76598676e-06,1.41278940e-05,1.14789139e-05,2.64898013e-05,2.64898013e-05,3.53197351e-05,3.53197351e-05,3.00217748e-05,9.62462782e-05,6.81141091e-03,8.07656383e-02,2.39291205e-04,3.97347020e-05,3.35537483e-05,3.62027285e-05,3.26707550e-05,2.64898013e-05,1.58938808e-05,1.14789139e-05,2.64898013e-06,8.82993378e-07,8.82993378e-07,8.82993378e-07,0.00000000e+00,0.00000000e+00,0.00000000e+00,0.00000000e+00,8.82993378e-07,0.00000000e+00,0.00000000e+00,0.00000000e+00,0.00000000e+00,8.82993378e-07,0.00000000e+00,0.00000000e+00,0.00000000e+00,8.82993378e-07
gul_bin_edges:  0.   , 11.325, 22.65 , 33.975, 45.3  , 56.625, 67.95 , 79.275, 90.6  ,101.925,113.25 ,124.575,135.9  ,147.225,158.55 ,169.875,181.2  ,192.525,203.85 ,215.175,226.5  ,237.825,249.15 ,260.475,271.8  ,283.125,294.45 ,305.775,317.1  ,328.425,339.75 ,351.075,362.4  ,373.725,385.05 ,396.375,407.7  ,419.025,430.35 ,441.675,453.   
gdl:2.58718448e-01,0.00000000e+00,0.00000000e+00,0.00000000e+00,0.00000000e+00,0.00000000e+00,0.00000000e+00,0.00000000e+00,0.00000000e+00,0.00000000e+00,0.00000000e+00,0.00000000e+00,0.00000000e+00,0.00000000e+00,0.00000000e+00,0.00000000e+00,0.00000000e+00,0.00000000e+00,0.00000000e+00,0.00000000e+00,0.00000000e+00,0.00000000e+00,0.00000000e+00,0.00000000e+00,0.00000000e+00,0.00000000e+00,0.00000000e+00,0.00000000e+00,0.00000000e+00,0.00000000e+00,0.00000000e+00,0.00000000e+00,0.00000000e+00,0.00000000e+00,0.00000000e+00,0.00000000e+00,0.00000000e+00,2.58897087e-06,1.50160311e-04,2.84786796e-05
gdl_bin_edges:  0.    ,  3.8625,  7.725 , 11.5875, 15.45  , 19.3125, 23.175 , 27.0375, 30.9   , 34.7625, 38.625 , 42.4875, 46.35  , 50.2125, 54.075 , 57.9375, 61.8   , 65.6625, 69.525 , 73.3875, 77.25  , 81.1125, 84.975 , 88.8375, 92.7   , 96.5625,100.425 ,104.2875,108.15  ,112.0125,115.875 ,119.7375,123.6   ,127.4625,131.325 ,135.1875,139.05  ,142.9125,146.775 ,150.6375,154.5   
ri: 0., 0., 0., 0., 0., 0., 0., 0., 0., 0., 0., 0., 0., 0., 0., 0., 0., 0., 0., 0.,40., 0., 0., 0., 0., 0., 0., 0., 0., 0., 0., 0., 0., 0., 0., 0., 0., 0., 0., 0.
ri_bin_edges:0.5  ,0.525,0.55 ,0.575,0.6  ,0.625,0.65 ,0.675,0.7  ,0.725,0.75 ,0.775,0.8  ,0.825,0.85 ,0.875,0.9  ,0.925,0.95 ,0.975,1.   ,1.025,1.05 ,1.075,1.1  ,1.125,1.15 ,1.175,1.2  ,1.225,1.25 ,1.275,1.3  ,1.325,1.35 ,1.375,1.4  ,1.425,1.45 ,1.475,1.5  
