period:1
ue_log_freq:1000
mac_log_freq:1000
mimo_layers:2
frequency:2412000000.0
bandwidth:50000000
ue_speed:5.555555555555555
max_distance:1000
shannon_cfg_bandwidth_mhz:50.0
shannon_cfg_mimo_layers:2
shannon_cfg_bw_efficiency:0.67
shannon_cfg_sinr_offset_db:0
shannon_cfg_ul_divisor:2
shannon_cfg_sinr_sample_rate:1000
n_ue:15
sinr_period:9.463597741343282
sinr_rate:105.66805852612856
ul_fairness:nan
dl_fairness:0.8126627949297647
ul_agg_throughput:0
dl_agg_throughput:53.52981379119301
ul_ave_throughput:0.0
dl_ave_throughput:3.5686542527462004
ul_se:0.0
dl_se:1.07059627582386
ul_ase:0.0
dl_ase:3.407813787062831e-07
ul_gr:0.0, 0.0, 0.0, 0.0, 0.0, 0.0, 0.0, 0.0, 0.0, 0.0, 0.0, 0.0, 0.0, 0.0, 0.0
dl_gr:2.655161448385517, 2.655020449795502, 2.65650143498565, 2.6284947150528493, 2.6556474435255644, 2.5333326666733336, 2.6553064469355303, 2.656958430415696, 2.654666453335467, 2.6048599514004858, 2.656057439425606, 2.656967430325697, 2.6556324436755627, 2.55159848401516, 2.64719652803472
ul_tr:0.0, 0.0, 0.0, 0.0, 0.0, 0.0, 0.0, 0.0, 0.0, 0.0, 0.0, 0.0, 0.0, 0.0, 0.0
dl_tr:2.5484041446585532, 2.548002887271127, 2.5496079272207277, 2.5213495002989976, 2.5488054070459296, 2.3698103505495944, 2.5484041480585193, 2.5500091912080878, 2.548002886471135, 2.4978292757472427, 2.5488054073459265, 2.550009192608074, 2.548805411745883, 2.444698716532835, 2.5402089196338045
ul_er:0.0, 0.0, 0.0, 0.0, 0.0, 0.0, 0.0, 0.0, 0.0, 0.0, 0.0, 0.0, 0.0, 0.0, 0.0
dl_er:97.34274257257427, 97.34288357116428, 97.34140258597414, 97.36987130128699, 97.34225657743423, 97.5212285477145, 97.34259757402425, 97.3409455905441, 97.34323756762431, 97.39304406955931, 97.34184658153418, 97.34093659063409, 97.34227157728422, 97.44630553694464, 97.35086149138509
ul_er_ratio:0.0, 0.0, 0.0, 0.0, 0.0, 0.0, 0.0, 0.0, 0.0, 0.0, 0.0, 0.0, 0.0, 0.0, 0.0
dl_er_ratio:0.9744881881086774, 0.9744921385963339, 0.9744761023627452, 0.9747590480918523, 0.9744841494683285, 0.9762760466135187, 0.9744881510433873, 0.9744720711021383, 0.9744922289993779, 0.9749944194890293, 0.9744840447369424, 0.974472068788482, 0.9744841532539908, 0.9755263375836195, 0.9745702102381957
ul_er_perc:0.0, 0.0, 0.0, 0.0, 0.0, 0.0, 0.0, 0.0, 0.0, 0.0, 0.0, 0.0, 0.0, 0.0, 0.0
dl_er_perc:97.44881881086775, 97.44921385963339, 97.44761023627451, 97.47590480918524, 97.44841494683286, 97.62760466135188, 97.44881510433872, 97.44720711021382, 97.4492228999378, 97.49944194890293, 97.44840447369424, 97.4472068788482, 97.44841532539908, 97.55263375836195, 97.45702102381956
ul_l:0.0, 0.0, 0.0, 0.0, 0.0, 0.0, 0.0, 0.0, 0.0, 0.0, 0.0, 0.0, 0.0, 0.0, 0.0
dl_l:0.00018375290051999483, 0.00018243977811421887, 0.0001839336476495235, 0.01365955988503115, 0.00018405558413515867, 0.12884058422981773, 0.00018267840806191938, 0.00018258341139888604, 0.0001837416064899351, 0.00021383447194328058, 0.00018322626996930032, 0.00018209209268707315, 0.00018207333187568128, 0.000418373608494915, 0.013065173167527323
ul_il:0.0, 0.0, 0.0, 0.0, 0.0, 0.0, 0.0, 0.0, 0.0, 0.0, 0.0, 0.0, 0.0, 0.0, 0.0
dl_il:0.23573965257580423, 0.2347397450456995, 0.2349457519814802, 0.25263847512301885, 0.23485007810149897, 0.4388833552161129, 0.23413062189056907, 0.233849335696893, 0.23496023815930842, 0.23132181265138352, 0.23477160975861242, 0.23308058524355757, 0.2331622058205718, 0.22816456164442353, 0.25275490492523073
sinr_ul:3.78789786e-04,6.06494451e-04,6.38188478e-04,1.51515914e-03,4.34854367e-03,2.35766640e-03,1.64962798e-03,1.92564296e-03,2.15334762e-03,7.34439855e-03,2.81599897e-02,6.44216498e-02,8.00246503e-02,6.24720055e-02,5.68723170e-02,3.22469807e-02,1.63470409e-02,1.51694386e-02,1.91595012e-02,1.96207570e-02,1.40804564e-02,1.41915393e-02,6.37973082e-03,2.96723794e-03,2.97646921e-03,1.77917347e-03,2.39705316e-04,1.56623884e-04,1.44007815e-04,1.36007381e-04,1.28930073e-04,1.24314438e-04,1.01543972e-04,6.46188912e-05,6.36957642e-05,6.30803462e-05,6.24649282e-05,6.21572192e-05,9.47743738e-05,3.39403033e-04
sinr_ul_bin_edges:-6.316867  ,-4.15033958,-1.98381215, 0.18271527, 2.3492427 , 4.51577012, 6.68229755, 8.84882497,11.0153524 ,13.18187982,15.34840725,17.51493467,19.6814621 ,21.84798952,24.01451695,26.18104437,28.3475718 ,30.51409922,32.68062665,34.84715407,37.0136815 ,39.18020892,41.34673635,43.51326377,45.6797912 ,47.84631862,50.01284605,52.17937347,54.3459009 ,56.51242832,58.67895575,60.84548317,63.0120106 ,65.17853802,67.34506545,69.51159287,71.6781203 ,73.84464773,76.01117515,78.17770257,80.34423   
sinr_dl:3.78791404e-04,6.06497041e-04,6.38191204e-04,1.51670417e-03,4.34763911e-03,2.35798418e-03,1.64901960e-03,1.92657431e-03,2.15212598e-03,7.35089183e-03,2.81647256e-02,6.44483880e-02,8.00034523e-02,6.24581176e-02,5.68624054e-02,3.22585037e-02,1.63449568e-02,1.51701188e-02,1.91614293e-02,1.96183792e-02,1.40808242e-02,1.41909845e-02,6.37914264e-03,2.96725062e-03,2.97678964e-03,1.77887336e-03,2.39706339e-04,1.56624553e-04,1.44008430e-04,1.36007961e-04,1.28930624e-04,1.24314969e-04,1.01544406e-04,6.46191672e-05,6.36960362e-05,6.30806156e-05,6.24651950e-05,6.21574846e-05,9.47747785e-05,3.39404483e-04
sinr_dl_bin_edges: 3.4261231 , 5.59264127, 7.75915944, 9.92567762,12.09219579,14.25871396,16.42523214,18.59175031,20.75826848,22.92478665,25.09130483,27.257823  ,29.42434117,31.59085934,33.75737752,35.92389569,38.09041386,40.25693203,42.4234502 ,44.58996838,46.75648655,48.92300472,51.0895229 ,53.25604107,55.42255924,57.58907741,59.75559558,61.92211376,64.08863193,66.2551501 ,68.42166828,70.58818645,72.75470462,74.92122279,77.08774096,79.25425914,81.42077731,83.58729548,85.75381366,87.92033183,90.08685   
rsrp_ul:3.78708421e-04,6.25946520e-04,6.39801706e-04,1.58287804e-03,4.33359433e-03,2.34121856e-03,1.64538033e-03,1.99052841e-03,2.14324335e-03,8.20380966e-03,2.88597369e-02,6.55584303e-02,7.97442935e-02,6.00899423e-02,5.54801679e-02,3.42207703e-02,1.59620981e-02,1.51723525e-02,1.95859990e-02,1.92149879e-02,1.41150478e-02,1.41553818e-02,6.30257023e-03,2.97855713e-03,2.97794134e-03,1.77161647e-03,2.30303983e-04,1.55793871e-04,1.43478150e-04,1.36088717e-04,1.29315071e-04,1.24080889e-04,9.97573402e-05,6.46575353e-05,6.34259632e-05,6.31180702e-05,6.25022841e-05,6.21943911e-05,9.48310518e-05,3.39606007e-04
rsrp_ul_bin_edges:-116.950195  ,-114.78496245,-112.6197299 ,-110.45449735,-108.2892648 ,-106.12403225,-103.9587997 ,-101.79356715, -99.6283346 , -97.46310205, -95.2978695 , -93.13263695, -90.9674044 , -88.80217185, -86.6369393 , -84.47170675, -82.3064742 , -80.14124165, -77.9760091 , -75.81077655, -73.645544  , -71.48031145, -69.3150789 , -67.14984635, -64.9846138 , -62.81938125, -60.6541487 , -58.48891615, -56.3236836 , -54.15845105, -51.9932185 , -49.82798595, -47.6627534 , -45.49752085, -43.3322883 , -41.16705575, -39.0018232 , -36.83659065, -34.6713581 , -32.50612555, -30.340893  
rsrp_dl:3.78708417e-04,6.25946513e-04,6.39801699e-04,1.58287802e-03,4.33359428e-03,2.34121854e-03,1.64538031e-03,1.99052838e-03,2.14324332e-03,8.20380956e-03,2.88597366e-02,6.55584295e-02,7.97442926e-02,6.00899416e-02,5.54801672e-02,3.42207699e-02,1.59620979e-02,1.51723523e-02,1.95859988e-02,1.92149877e-02,1.41150477e-02,1.41553817e-02,6.30257015e-03,2.97855709e-03,2.97794131e-03,1.77161645e-03,2.30303980e-04,1.55793869e-04,1.43478148e-04,1.36088716e-04,1.29315069e-04,1.24080888e-04,9.97573390e-05,6.46575345e-05,6.34259625e-05,6.31180694e-05,6.25022834e-05,6.21943904e-05,9.48310507e-05,3.39606003e-04
rsrp_dl_bin_edges:-113.939896  ,-111.77466342,-109.60943085,-107.44419828,-105.2789657 ,-103.11373313,-100.94850055, -98.78326798, -96.6180354 , -94.45280283, -92.28757025, -90.12233768, -87.9571051 , -85.79187253, -83.62663995, -81.46140737, -79.2961748 , -77.13094223, -74.96570965, -72.80047708, -70.6352445 , -68.47001192, -66.30477935, -64.13954677, -61.9743142 , -59.80908163, -57.64384905, -55.47861648, -53.3133839 , -51.14815133, -48.98291875, -46.81768618, -44.6524536 , -42.48722102, -40.32198845, -38.15675588, -35.9915233 , -33.82629073, -31.66105815, -29.49582557, -27.330593  
cqi_ul:1.70049582e-03,0.00000000e+00,0.00000000e+00,4.34457194e-03,0.00000000e+00,0.00000000e+00,3.48714462e-03,0.00000000e+00,0.00000000e+00,6.75275299e-03,0.00000000e+00,0.00000000e+00,9.30041982e-03,0.00000000e+00,0.00000000e+00,2.65002478e-02,0.00000000e+00,0.00000000e+00,1.38583230e-02,0.00000000e+00,0.00000000e+00,5.96301729e-03,0.00000000e+00,0.00000000e+00,1.19588548e-02,0.00000000e+00,0.00000000e+00,1.08532248e-02,0.00000000e+00,0.00000000e+00,1.42419089e-02,0.00000000e+00,0.00000000e+00,6.89244390e-02,0.00000000e+00,0.00000000e+00,1.16275760e-01,0.00000000e+00,0.00000000e+00,2.78276192e+00
cqi_ul_bin_edges: 2.   , 2.325, 2.65 , 2.975, 3.3  , 3.625, 3.95 , 4.275, 4.6  , 4.925, 5.25 , 5.575, 5.9  , 6.225, 6.55 , 6.875, 7.2  , 7.525, 7.85 , 8.175, 8.5  , 8.825, 9.15 , 9.475, 9.8  ,10.125,10.45 ,10.775,11.1  ,11.425,11.75 ,12.075,12.4  ,12.725,13.05 ,13.375,13.7  ,14.025,14.35 ,14.675,15.   
cqi_dl:2.62664040e-03,0.00000000e+00,0.00000000e+00,0.00000000e+00,0.00000000e+00,6.22993770e-03,0.00000000e+00,0.00000000e+00,0.00000000e+00,0.00000000e+00,2.27664390e-03,0.00000000e+00,0.00000000e+00,0.00000000e+00,0.00000000e+00,6.58326750e-03,0.00000000e+00,0.00000000e+00,0.00000000e+00,0.00000000e+00,1.37165295e-02,0.00000000e+00,0.00000000e+00,0.00000000e+00,0.00000000e+00,3.99229341e-02,0.00000000e+00,0.00000000e+00,0.00000000e+00,0.00000000e+00,2.50064166e-02,0.00000000e+00,0.00000000e+00,0.00000000e+00,0.00000000e+00,1.53698463e-02,0.00000000e+00,0.00000000e+00,0.00000000e+00,4.88826778e+00
cqi_dl_bin_edges: 7. , 7.2, 7.4, 7.6, 7.8, 8. , 8.2, 8.4, 8.6, 8.8, 9. , 9.2, 9.4, 9.6, 9.8,10. ,10.2,10.4,10.6,10.8,11. ,11.2,11.4,11.6,11.8,12. ,12.2,12.4,12.6,12.8,13. ,13.2,13.4,13.6,13.8,14. ,14.2,14.4,14.6,14.8,15. 
mcs_ul:2.46664200e-04,5.42851714e-04,1.12189354e-03,0.00000000e+00,8.95229143e-04,7.91420657e-04,0.00000000e+00,8.27610772e-04,1.14284571e-03,0.00000000e+00,1.99236103e-03,1.66188814e-03,2.76187714e-05,0.00000000e+00,2.62854514e-03,7.04564383e-03,0.00000000e+00,5.25804266e-03,2.97330360e-03,0.00000000e+00,3.46091777e-03,1.42760477e-03,0.00000000e+00,0.00000000e+00,1.34093897e-03,2.45902303e-03,0.00000000e+00,3.09330240e-03,2.24759657e-03,0.00000000e+00,2.79140066e-03,3.20187274e-03,3.41044209e-03,0.00000000e+00,5.75327580e-03,2.62473566e-02,0.00000000e+00,2.28226289e-02,3.11463552e-02,1.29201279e+00
mcs_ul_bin_edges: 0. , 0.7, 1.4, 2.1, 2.8, 3.5, 4.2, 4.9, 5.6, 6.3, 7. , 7.7, 8.4, 9.1, 9.8,10.5,11.2,11.9,12.6,13.3,14. ,14.7,15.4,16.1,16.8,17.5,18.2,18.9,19.6,20.3,21. ,21.7,22.4,23.1,23.8,24.5,25.2,25.9,26.6,27.3,28. 
mcs_dl:4.17250729e-04,0.00000000e+00,8.18815341e-04,0.00000000e+00,8.98814541e-04,0.00000000e+00,0.00000000e+00,2.03292085e-03,0.00000000e+00,5.00387153e-04,0.00000000e+00,0.00000000e+00,0.00000000e+00,0.00000000e+00,5.70974682e-04,0.00000000e+00,1.45410311e-03,0.00000000e+00,1.64390513e-03,0.00000000e+00,0.00000000e+00,3.21251689e-03,0.00000000e+00,3.24232052e-03,0.00000000e+00,5.71445266e-03,0.00000000e+00,0.00000000e+00,1.30728104e-02,0.00000000e+00,7.24541774e-03,0.00000000e+00,4.52230772e-03,0.00000000e+00,0.00000000e+00,4.54897412e-03,0.00000000e+00,2.68389473e-03,0.00000000e+00,2.30036131e+00
mcs_dl_bin_edges:11.   ,11.425,11.85 ,12.275,12.7  ,13.125,13.55 ,13.975,14.4  ,14.825,15.25 ,15.675,16.1  ,16.525,16.95 ,17.375,17.8  ,18.225,18.65 ,19.075,19.5  ,19.925,20.35 ,20.775,21.2  ,21.625,22.05 ,22.475,22.9  ,23.325,23.75 ,24.175,24.6  ,25.025,25.45 ,25.875,26.3  ,26.725,27.15 ,27.575,28.   
eff_ul:4.15519264e-03,1.06160410e-02,4.16521723e-03,4.35568444e-03,6.01475412e-03,1.04857213e-02,0.00000000e+00,8.74645495e-03,1.39792910e-02,3.70809591e-02,2.76728812e-02,0.00000000e+00,1.56483853e-02,0.00000000e+00,1.82146804e-02,0.00000000e+00,7.51343035e-03,7.05731150e-03,1.29417459e-02,0.00000000e+00,0.00000000e+00,1.62799345e-02,0.00000000e+00,1.18290164e-02,0.00000000e+00,1.46910369e-02,0.00000000e+00,1.68513361e-02,0.00000000e+00,1.79490287e-02,0.00000000e+00,0.00000000e+00,3.02792747e-02,0.00000000e+00,1.38138853e-01,0.00000000e+00,1.20114640e-01,0.00000000e+00,1.63922099e-01,6.79981486e+00
eff_ul_bin_edges:0.23439987,0.36740481,0.50040975,0.63341468,0.76641962,0.89942456,1.0324295 ,1.16543444,1.29843938,1.43144431,1.56444925,1.69745419,1.83045913,1.96346407,2.09646901,2.22947394,2.36247888,2.49548382,2.62848876,2.7614937 ,2.89449863,3.02750357,3.16050851,3.29351345,3.42651839,3.55952333,3.69252826,3.8255332 ,3.95853814,4.09154308,4.22454802,4.35755296,4.49055789,4.62356283,4.75656777,4.88957271,5.02257765,5.15558259,5.28858752,5.42159246,5.5545974 
eff_dl:1.73939867e-03,0.00000000e+00,3.41340642e-03,0.00000000e+00,3.74690015e-03,0.00000000e+00,8.47466422e-03,0.00000000e+00,0.00000000e+00,2.08597059e-03,2.38022976e-03,0.00000000e+00,6.06173899e-03,0.00000000e+00,0.00000000e+00,6.85296921e-03,0.00000000e+00,0.00000000e+00,1.33920620e-02,0.00000000e+00,1.35163047e-02,0.00000000e+00,0.00000000e+00,2.38219149e-02,0.00000000e+00,0.00000000e+00,5.44967991e-02,0.00000000e+00,0.00000000e+00,3.02040695e-02,0.00000000e+00,0.00000000e+00,1.88522044e-02,0.00000000e+00,0.00000000e+00,1.89633690e-02,0.00000000e+00,1.11883877e-02,0.00000000e+00,9.58954684e+00
eff_dl_bin_edges:1.4766005 ,1.57855042,1.68050035,1.78245027,1.88440019,1.98635011,2.08830003,2.19024996,2.29219988,2.3941498 ,2.49609972,2.59804965,2.69999957,2.80194949,2.90389941,3.00584934,3.10779926,3.20974918,3.3116991 ,3.41364903,3.51559895,3.61754887,3.71949879,3.82144872,3.92339864,4.02534856,4.12729848,4.22924841,4.33119833,4.43314825,4.53509817,4.6370481 ,4.73899802,4.84094794,4.94289786,5.04484779,5.14679771,5.24874763,5.35069755,5.45264748,5.5545974 
rul: 0., 0., 0., 0., 0., 0., 0., 0., 0., 0., 0., 0., 0., 0., 0., 0., 0., 0., 0., 0.,40., 0., 0., 0., 0., 0., 0., 0., 0., 0., 0., 0., 0., 0., 0., 0., 0., 0., 0., 0.
rul_bin_edges:-0.5  ,-0.475,-0.45 ,-0.425,-0.4  ,-0.375,-0.35 ,-0.325,-0.3  ,-0.275,-0.25 ,-0.225,-0.2  ,-0.175,-0.15 ,-0.125,-0.1  ,-0.075,-0.05 ,-0.025, 0.   , 0.025, 0.05 , 0.075, 0.1  , 0.125, 0.15 , 0.175, 0.2  , 0.225, 0.25 , 0.275, 0.3  , 0.325, 0.35 , 0.375, 0.4  , 0.425, 0.45 , 0.475, 0.5  
rdl:4.69637158e-01,9.63611146e-05,1.37896078e-04,1.36899239e-04,1.13971939e-04,7.17724164e-05,5.01742355e-05,2.65823764e-05,1.72785447e-05,6.97787381e-06,1.99367823e-06,9.96839116e-07,3.32279705e-07,0.00000000e+00,0.00000000e+00,1.17627016e-04,1.88734873e-04,2.39241388e-05,3.42248097e-05,2.45963406e-02,0.00000000e+00,0.00000000e+00,0.00000000e+00,0.00000000e+00,0.00000000e+00,0.00000000e+00,0.00000000e+00,0.00000000e+00,0.00000000e+00,0.00000000e+00,0.00000000e+00,0.00000000e+00,0.00000000e+00,0.00000000e+00,0.00000000e+00,0.00000000e+00,0.00000000e+00,0.00000000e+00,0.00000000e+00,3.16529647e-03
rdl_bin_edges: 0.        , 2.00632175, 4.0126435 , 6.01896525, 8.025287  ,10.03160875,12.0379305 ,14.04425225,16.050574  ,18.05689575,20.0632175 ,22.06953925,24.075861  ,26.08218275,28.0885045 ,30.09482625,32.101148  ,34.10746975,36.1137915 ,38.12011325,40.126435  ,42.13275675,44.1390785 ,46.14540025,48.151722  ,50.15804375,52.1643655 ,54.17068725,56.177009  ,58.18333075,60.1896525 ,62.19597425,64.202296  ,66.20861775,68.2149395 ,70.22126125,72.227583  ,74.23390475,76.2402265 ,78.24654825,80.25287   
lul: 0., 0., 0., 0., 0., 0., 0., 0., 0., 0., 0., 0., 0., 0., 0., 0., 0., 0., 0., 0.,40., 0., 0., 0., 0., 0., 0., 0., 0., 0., 0., 0., 0., 0., 0., 0., 0., 0., 0., 0.
lul_bin_edges:-0.5  ,-0.475,-0.45 ,-0.425,-0.4  ,-0.375,-0.35 ,-0.325,-0.3  ,-0.275,-0.25 ,-0.225,-0.2  ,-0.175,-0.15 ,-0.125,-0.1  ,-0.075,-0.05 ,-0.025, 0.   , 0.025, 0.05 , 0.075, 0.1  , 0.125, 0.15 , 0.175, 0.2  , 0.225, 0.25 , 0.275, 0.3  , 0.325, 0.35 , 0.375, 0.4  , 0.425, 0.45 , 0.475, 0.5  
ldl:6.43933586e+00,0.00000000e+00,0.00000000e+00,0.00000000e+00,0.00000000e+00,0.00000000e+00,0.00000000e+00,0.00000000e+00,0.00000000e+00,0.00000000e+00,0.00000000e+00,0.00000000e+00,0.00000000e+00,0.00000000e+00,0.00000000e+00,0.00000000e+00,0.00000000e+00,0.00000000e+00,0.00000000e+00,0.00000000e+00,0.00000000e+00,0.00000000e+00,0.00000000e+00,6.88338290e-05,1.56166749e-03,3.72993311e-03,2.58126859e-05,0.00000000e+00,0.00000000e+00,0.00000000e+00,1.46271887e-03,0.00000000e+00,1.16587298e-03,3.39867030e-04,2.62859184e-03,0.00000000e+00,8.51818633e-04,9.20652462e-04,4.30211431e-04,7.14150975e-04
ldl_bin_edges:0.        ,0.15496101,0.30992203,0.46488304,0.61984406,0.77480507,0.92976609,1.0847271 ,1.23968812,1.39464913,1.54961015,1.70457116,1.85953218,2.01449319,2.16945421,2.32441522,2.47937624,2.63433725,2.78929827,2.94425928,3.0992203 ,3.25418131,3.40914233,3.56410334,3.71906436,3.87402537,4.02898639,4.1839474 ,4.33890842,4.49386943,4.64883045,4.80379146,4.95875248,5.11371349,5.26867451,5.42363552,5.57859654,5.73355755,5.88851857,6.04347958,6.1984406 
ilul: 0., 0., 0., 0., 0., 0., 0., 0., 0., 0., 0., 0., 0., 0., 0., 0., 0., 0., 0., 0.,40., 0., 0., 0., 0., 0., 0., 0., 0., 0., 0., 0., 0., 0., 0., 0., 0., 0., 0., 0.
ilul_bin_edges:-0.5  ,-0.475,-0.45 ,-0.425,-0.4  ,-0.375,-0.35 ,-0.325,-0.3  ,-0.275,-0.25 ,-0.225,-0.2  ,-0.175,-0.15 ,-0.125,-0.1  ,-0.075,-0.05 ,-0.025, 0.   , 0.025, 0.05 , 0.075, 0.1  , 0.125, 0.15 , 0.175, 0.2  , 0.225, 0.25 , 0.275, 0.3  , 0.325, 0.35 , 0.375, 0.4  , 0.425, 0.45 , 0.475, 0.5  
ildl:3.21334881e+00,5.88748160e-04,5.95567637e-04,6.27391862e-04,6.04660272e-04,5.97840796e-04,5.95567637e-04,6.13752908e-04,5.97840796e-04,6.13752908e-04,6.00113955e-04,6.22845544e-04,1.38503573e-02,1.20063708e-01,3.15014363e-02,5.22826551e-05,8.86531978e-05,7.72874033e-05,1.59121124e-04,8.02879730e-03,5.54650776e-04,7.53324866e-03,5.68289730e-05,7.27410854e-05,1.18204264e-04,1.06838469e-04,9.77458335e-05,1.90945349e-04,1.52301648e-04,8.54707754e-04,9.06990409e-04,5.86475001e-04,1.90945349e-04,2.04584303e-04,3.09149613e-04,7.02406106e-04,5.93294478e-04,9.29721998e-04,1.12748682e-03,6.54669769e-04
ildl_bin_edges: 0.       , 0.2932747, 0.5865494, 0.8798241, 1.1730988, 1.4663735, 1.7596482, 2.0529229, 2.3461976, 2.6394723, 2.932747 , 3.2260217, 3.5192964, 3.8125711, 4.1058458, 4.3991205, 4.6923952, 4.9856699, 5.2789446, 5.5722193, 5.865494 , 6.1587687, 6.4520434, 6.7453181, 7.0385928, 7.3318675, 7.6251422, 7.9184169, 8.2116916, 8.5049663, 8.798241 , 9.0915157, 9.3847904, 9.6780651, 9.9713398,10.2646145,10.5578892,10.8511639,11.1444386,11.4377133,11.730988 
eul: 0., 0., 0., 0., 0., 0., 0., 0., 0., 0., 0., 0., 0., 0., 0., 0., 0., 0., 0., 0.,40., 0., 0., 0., 0., 0., 0., 0., 0., 0., 0., 0., 0., 0., 0., 0., 0., 0., 0., 0.
eul_bin_edges:-0.5  ,-0.475,-0.45 ,-0.425,-0.4  ,-0.375,-0.35 ,-0.325,-0.3  ,-0.275,-0.25 ,-0.225,-0.2  ,-0.175,-0.15 ,-0.125,-0.1  ,-0.075,-0.05 ,-0.025, 0.   , 0.025, 0.05 , 0.075, 0.1  , 0.125, 0.15 , 0.175, 0.2  , 0.225, 0.25 , 0.275, 0.3  , 0.325, 0.35 , 0.375, 0.4  , 0.425, 0.45 , 0.475, 0.5  
edl:5.88565543e-03,0.00000000e+00,0.00000000e+00,2.23212054e-06,0.00000000e+00,0.00000000e+00,0.00000000e+00,4.31543304e-06,2.23212054e-06,4.46424107e-06,0.00000000e+00,2.23212054e-06,0.00000000e+00,0.00000000e+00,4.46424107e-06,2.23212054e-06,0.00000000e+00,4.16662500e-06,6.69636161e-06,4.31543304e-06,2.79759107e-05,7.66272099e-03,2.09227372e-01,2.58330750e-04,4.61304911e-05,3.00592232e-05,1.22022589e-05,5.05947321e-06,0.00000000e+00,4.31543304e-06,2.08331250e-06,0.00000000e+00,0.00000000e+00,2.08331250e-06,4.31543304e-06,2.23212054e-06,4.31543304e-06,0.00000000e+00,0.00000000e+00,2.08331250e-06
edl_bin_edges:  0.  ,  4.48,  8.96, 13.44, 17.92, 22.4 , 26.88, 31.36, 35.84, 40.32, 44.8 , 49.28, 53.76, 58.24, 62.72, 67.2 , 71.68, 76.16, 80.64, 85.12, 89.6 , 94.08, 98.56,103.04,107.52,112.  ,116.48,120.96,125.44,129.92,134.4 ,138.88,143.36,147.84,152.32,156.8 ,161.28,165.76,170.24,174.72,179.2 
gul: 0., 0., 0., 0., 0., 0., 0., 0., 0., 0., 0., 0., 0., 0., 0., 0., 0., 0., 0., 0.,40., 0., 0., 0., 0., 0., 0., 0., 0., 0., 0., 0., 0., 0., 0., 0., 0., 0., 0., 0.
gul_bin_edges:-0.5  ,-0.475,-0.45 ,-0.425,-0.4  ,-0.375,-0.35 ,-0.325,-0.3  ,-0.275,-0.25 ,-0.225,-0.2  ,-0.175,-0.15 ,-0.125,-0.1  ,-0.075,-0.05 ,-0.025, 0.   , 0.025, 0.05 , 0.075, 0.1  , 0.125, 0.15 , 0.175, 0.2  , 0.225, 0.25 , 0.275, 0.3  , 0.325, 0.35 , 0.375, 0.4  , 0.425, 0.45 , 0.475, 0.5  
gdl:2.17333095e-01,0.00000000e+00,0.00000000e+00,0.00000000e+00,0.00000000e+00,0.00000000e+00,0.00000000e+00,1.48808036e-07,0.00000000e+00,0.00000000e+00,0.00000000e+00,0.00000000e+00,0.00000000e+00,0.00000000e+00,0.00000000e+00,0.00000000e+00,0.00000000e+00,2.97616071e-07,0.00000000e+00,1.48808036e-07,3.27377679e-06,2.19789469e-04,5.64905065e-03,6.84516964e-06,1.48808036e-07,4.46424107e-07,1.48808036e-07,0.00000000e+00,0.00000000e+00,1.48808036e-07,1.48808036e-07,0.00000000e+00,0.00000000e+00,1.48808036e-07,1.48808036e-07,0.00000000e+00,1.48808036e-07,0.00000000e+00,0.00000000e+00,1.48808036e-07
gdl_bin_edges:  0.  ,  4.48,  8.96, 13.44, 17.92, 22.4 , 26.88, 31.36, 35.84, 40.32, 44.8 , 49.28, 53.76, 58.24, 62.72, 67.2 , 71.68, 76.16, 80.64, 85.12, 89.6 , 94.08, 98.56,103.04,107.52,112.  ,116.48,120.96,125.44,129.92,134.4 ,138.88,143.36,147.84,152.32,156.8 ,161.28,165.76,170.24,174.72,179.2 
ri: 0., 0., 0., 0., 0., 0., 0., 0., 0., 0., 0., 0., 0., 0., 0., 0., 0., 0., 0., 0.,40., 0., 0., 0., 0., 0., 0., 0., 0., 0., 0., 0., 0., 0., 0., 0., 0., 0., 0., 0.
ri_bin_edges:0.5  ,0.525,0.55 ,0.575,0.6  ,0.625,0.65 ,0.675,0.7  ,0.725,0.75 ,0.775,0.8  ,0.825,0.85 ,0.875,0.9  ,0.925,0.95 ,0.975,1.   ,1.025,1.05 ,1.075,1.1  ,1.125,1.15 ,1.175,1.2  ,1.225,1.25 ,1.275,1.3  ,1.325,1.35 ,1.375,1.4  ,1.425,1.45 ,1.475,1.5  
