period:1.0
ue_log_freq:1000
mac_log_freq:1000
mimo_layers:1
frequency:28000000000.0
bandwidth:300000000.0
ue_speed:0.27778
max_distance:10.0
shannon_cfg_bandwidth_mhz:300.0
shannon_cfg_mimo_layers:1
shannon_cfg_bw_efficiency:0.67
shannon_cfg_sinr_offset_db:0.0
shannon_cfg_ul_divisor:2.0
shannon_cfg_sinr_sample_rate:1000
n_ue:10
sinr_period:16.304296531427745
sinr_rate:61.33352629304954
ul_fairness:0.7663925984421531
dl_fairness:0.756062249432975
ul_agg_throughput:336.5813940746466
dl_agg_throughput:629.5596894326538
ul_ave_throughput:33.65813940746466
dl_ave_throughput:62.95596894326538
ul_se:1.121937980248822
dl_se:2.098532298108846
ul_ase:0.0035712395079827448
dl_ase:0.006679835769640354
ul_gr:7.257509353287014, 14.609985111094145, 22.16490035886081, 30.032089409788504, 38.022516606856534, 46.27788043063297, 54.708040009162396, 63.3444032984653, 72.23059288386652, 81.32281629380773
dl_gr:12.761620981904255, 26.112728105673053, 40.103643964266624, 54.6646235779186, 69.93062724288006, 85.75861075055357, 102.30376231197984, 119.51340955944109, 137.37889020386348, 155.7826582423456
ul_tr:7.119871497925733, 14.463261285663384, 22.01926710760734, 29.880565194319313, 37.86725085388512, 46.112471538393024, 54.54208375773078, 63.175517177852434, 72.05627658076914, 81.14419801824845
dl_tr:12.622673042681528, 25.963429162276345, 39.94480629495304, 54.49764459074597, 69.75314749204652, 85.57236925104476, 102.10796354686823, 119.3026858731007, 137.16040733628563, 155.55408278753404
ul_er:183.62341185004198, 176.2737115369932, 168.71602084446818, 160.8488317935405, 152.85840459647247, 144.6058162174544, 136.17288119416662, 127.53651790486371, 118.65032831946247, 109.5608803542796
dl_er:178.1220756661831, 164.76819309765597, 150.77727723906239, 136.21629762541042, 120.95306940520732, 105.12231045277545, 88.57715889134916, 71.37028708864626, 53.50480644422386, 35.10103840574177
ul_er_ratio:0.9626730159355747, 0.9241716953371645, 0.8845558819029862, 0.8433352924813093, 0.801456963068394, 0.7582168334196403, 0.7140125643968867, 0.6687386973221078, 0.6221616098799229, 0.574504262231867
dl_er_ratio:0.9338242697210626, 0.8638745434310156, 0.7905601409402133, 0.7142440455193465, 0.6342376843979491, 0.5512597971587223, 0.4645205549271336, 0.37430730732333345, 0.28062175256477395, 0.18410750357006272
ul_er_perc:96.26730159355748, 92.41716953371645, 88.45558819029861, 84.33352924813093, 80.1456963068394, 75.82168334196403, 71.40125643968867, 66.87386973221078, 62.21616098799229, 57.4504262231867
dl_er_perc:93.38242697210626, 86.38745434310155, 79.05601409402134, 71.42440455193466, 63.42376843979491, 55.125979715872234, 46.45205549271336, 37.430730732333345, 28.062175256477396, 18.410750357006272
ul_l:6.020933971011173e-05, 0.00012339088962485048, 0.00018874639836603804, 0.0002564954563984119, 0.000324484062735741, 0.00039462166817846324, 0.0004667221558868444, 0.0005416082765786058, 0.0006173923894097885, 0.0006957245369664809
dl_l:5.7238112399786205e-05, 0.00011842005381894074, 0.00018361388222493702, 0.00024952100639204905, 0.0003200828278511618, 0.00039295088247563053, 0.00046750083317808147, 0.0005466035310287343, 0.0006277198141711842, 0.0007128571256700008
ul_il:0.03143402740576722, 0.032065949433330784, 0.03273988196444478, 0.033364363793998625, 0.033868556364320075, 0.03448519548529689, 0.03506239307178489, 0.035610685535262525, 0.03621766194132244, 0.03678363015853122
dl_il:0.017146518611895853, 0.01769667801083327, 0.01824888261930213, 0.018774305226604057, 0.019350237862932988, 0.019910117720133107, 0.020491791515850958, 0.021080559451076585, 0.02167534560622407, 0.022254794987657478
sinr_ul:0.01164763,0.0222939 ,0.02852053,0.03204804,0.05237564,0.09262345,0.09045459,0.08969447,0.10928014,0.09110092,0.0878374 ,0.10060018,0.09303537,0.0830855 ,0.08241869,0.07395492,0.06209565,0.04345216,0.01416696,0.01384607,0.01480418,0.01577141,0.0159034 ,0.01637677,0.01674318,0.01766944,0.01788109,0.01865942,0.0192443 ,0.0201569 ,0.02188425,0.02300623,0.02552783,0.03020008,0.04154503,0.03987002,0.03736435,0.03924873,0.03286506,0.04912805
sinr_ul_bin_edges:50.079403  ,50.63856767,51.19773235,51.75689703,52.3160617 ,52.87522637,53.43439105,53.99355573,54.5527204 ,55.11188507,55.67104975,56.23021442,56.7893791 ,57.34854377,57.90770845,58.46687312,59.0260378 ,59.58520247,60.14436715,60.70353182,61.2626965 ,61.82186117,62.38102585,62.94019052,63.4993552 ,64.05851988,64.61768455,65.17684922,65.7360139 ,66.29517857,66.85434325,67.41350793,67.9726726 ,68.53183727,69.09100195,69.65016662,70.2093313 ,70.76849597,71.32766065,71.88682532,72.44599   
sinr_dl:0.01085862,0.02212372,0.03114631,0.0424411 ,0.06187699,0.09099316,0.087586  ,0.08844007,0.10872319,0.09122609,0.08753576,0.10843317,0.1088054 ,0.08617244,0.06991991,0.0605799 ,0.05832596,0.03925544,0.01417672,0.01391182,0.0146814 ,0.01595794,0.01598078,0.01638498,0.01678461,0.01776657,0.01801549,0.01872112,0.01946787,0.02023973,0.02204608,0.02298464,0.02546694,0.02979897,0.0424959 ,0.04238857,0.0415893 ,0.04236117,0.03117828,0.03767289
sinr_dl_bin_edges:35.355495  ,35.91274862,36.47000225,37.02725587,37.5845095 ,38.14176312,38.69901675,39.25627037,39.813524  ,40.37077763,40.92803125,41.48528487,42.0425385 ,42.59979213,43.15704575,43.71429937,44.271553  ,44.82880662,45.38606025,45.94331388,46.5005675 ,47.05782113,47.61507475,48.17232837,48.729582  ,49.28683563,49.84408925,50.40134287,50.9585965 ,51.51585013,52.07310375,52.63035738,53.187611  ,53.74486463,54.30211825,54.85937188,55.4166255 ,55.97387912,56.53113275,57.08838637,57.64564   
rsrp_ul:0.01079886,0.02214576,0.03118172,0.04246469,0.06200036,0.09101273,0.08755316,0.08855564,0.10870102,0.09126392,0.08737733,0.10859826,0.10874897,0.08614194,0.06988999,0.06057087,0.05837639,0.03903253,0.01416251,0.0139136 ,0.01469457,0.01593453,0.01597564,0.01640494,0.01676574,0.01775908,0.01804681,0.01870903,0.01945347,0.02026869,0.02202245,0.02298382,0.02551626,0.02974309,0.04248981,0.04245784,0.04153757,0.04240075,0.0311566 ,0.03763957
rsrp_ul_bin_edges:-105.7573    ,-105.20002635,-104.6427527 ,-104.08547905,-103.5282054 ,-102.97093175,-102.4136581 ,-101.85638445,-101.2991108 ,-100.74183715,-100.1845635 , -99.62728985, -99.0700162 , -98.51274255, -97.9554689 , -97.39819525, -96.8409216 , -96.28364795, -95.7263743 , -95.16910065, -94.611827  , -94.05455335, -93.4972797 , -92.94000605, -92.3827324 , -91.82545875, -91.2681851 , -90.71091145, -90.1536378 , -89.59636415, -89.0390905 , -88.48181685, -87.9245432 , -87.36726955, -86.8099959 , -86.25272225, -85.6954486 , -85.13817495, -84.5809013 , -84.02362765, -83.466354  
rsrp_dl:0.01079886,0.02214577,0.03118173,0.0424647 ,0.06200038,0.09101275,0.08755319,0.08855566,0.10870105,0.09126394,0.08737736,0.10859829,0.108749  ,0.08614196,0.06989001,0.06057089,0.0583764 ,0.03903254,0.01416251,0.01391361,0.01469458,0.01593454,0.01597564,0.01640495,0.01676575,0.01775909,0.01804681,0.01870904,0.01945347,0.0202687 ,0.02202246,0.02298383,0.02551627,0.0297431 ,0.04248982,0.04245557,0.04153758,0.04240305,0.03115661,0.03763958
rsrp_dl_bin_edges:-115.7573   ,-115.2000265,-114.642753 ,-114.0854795,-113.528206 ,-112.9709325,-112.413659 ,-111.8563855,-111.299112 ,-110.7418385,-110.184565 ,-109.6272915,-109.070018 ,-108.5127445,-107.955471 ,-107.3981975,-106.840924 ,-106.2836505,-105.726377 ,-105.1691035,-104.61183  ,-104.0545565,-103.497283 ,-102.9400095,-102.382736 ,-101.8254625,-101.268189 ,-100.7109155,-100.153642 , -99.5963685, -99.039095 , -98.4818215, -97.924548 , -97.3672745, -96.810001 , -96.2527275, -95.695454 , -95.1381805, -94.580907 , -94.0236335, -93.46636  
cqi_ul: 0., 0., 0., 0., 0., 0., 0., 0., 0., 0., 0., 0., 0., 0., 0., 0., 0., 0., 0., 0.,40., 0., 0., 0., 0., 0., 0., 0., 0., 0., 0., 0., 0., 0., 0., 0., 0., 0., 0., 0.
cqi_ul_bin_edges:14.5  ,14.525,14.55 ,14.575,14.6  ,14.625,14.65 ,14.675,14.7  ,14.725,14.75 ,14.775,14.8  ,14.825,14.85 ,14.875,14.9  ,14.925,14.95 ,14.975,15.   ,15.025,15.05 ,15.075,15.1  ,15.125,15.15 ,15.175,15.2  ,15.225,15.25 ,15.275,15.3  ,15.325,15.35 ,15.375,15.4  ,15.425,15.45 ,15.475,15.5  
cqi_dl: 0., 0., 0., 0., 0., 0., 0., 0., 0., 0., 0., 0., 0., 0., 0., 0., 0., 0., 0., 0.,40., 0., 0., 0., 0., 0., 0., 0., 0., 0., 0., 0., 0., 0., 0., 0., 0., 0., 0., 0.
cqi_dl_bin_edges:14.5  ,14.525,14.55 ,14.575,14.6  ,14.625,14.65 ,14.675,14.7  ,14.725,14.75 ,14.775,14.8  ,14.825,14.85 ,14.875,14.9  ,14.925,14.95 ,14.975,15.   ,15.025,15.05 ,15.075,15.1  ,15.125,15.15 ,15.175,15.2  ,15.225,15.25 ,15.275,15.3  ,15.325,15.35 ,15.375,15.4  ,15.425,15.45 ,15.475,15.5  
mcs_ul: 0., 0., 0., 0., 0., 0., 0., 0., 0., 0., 0., 0., 0., 0., 0., 0., 0., 0., 0., 0.,40., 0., 0., 0., 0., 0., 0., 0., 0., 0., 0., 0., 0., 0., 0., 0., 0., 0., 0., 0.
mcs_ul_bin_edges:27.5  ,27.525,27.55 ,27.575,27.6  ,27.625,27.65 ,27.675,27.7  ,27.725,27.75 ,27.775,27.8  ,27.825,27.85 ,27.875,27.9  ,27.925,27.95 ,27.975,28.   ,28.025,28.05 ,28.075,28.1  ,28.125,28.15 ,28.175,28.2  ,28.225,28.25 ,28.275,28.3  ,28.325,28.35 ,28.375,28.4  ,28.425,28.45 ,28.475,28.5  
mcs_dl: 0., 0., 0., 0., 0., 0., 0., 0., 0., 0., 0., 0., 0., 0., 0., 0., 0., 0., 0., 0.,40., 0., 0., 0., 0., 0., 0., 0., 0., 0., 0., 0., 0., 0., 0., 0., 0., 0., 0., 0.
mcs_dl_bin_edges:27.5  ,27.525,27.55 ,27.575,27.6  ,27.625,27.65 ,27.675,27.7  ,27.725,27.75 ,27.775,27.8  ,27.825,27.85 ,27.875,27.9  ,27.925,27.95 ,27.975,28.   ,28.025,28.05 ,28.075,28.1  ,28.125,28.15 ,28.175,28.2  ,28.225,28.25 ,28.275,28.3  ,28.325,28.35 ,28.375,28.4  ,28.425,28.45 ,28.475,28.5  
eff_ul: 0., 0., 0., 0., 0., 0., 0., 0., 0., 0., 0., 0., 0., 0., 0., 0., 0., 0., 0., 0.,40., 0., 0., 0., 0., 0., 0., 0., 0., 0., 0., 0., 0., 0., 0., 0., 0., 0., 0., 0.
eff_ul_bin_edges:5.054651,5.079651,5.104651,5.129651,5.154651,5.179651,5.204651,5.229651,5.254651,5.279651,5.304651,5.329651,5.354651,5.379651,5.404651,5.429651,5.454651,5.479651,5.504651,5.529651,5.554651,5.579651,5.604651,5.629651,5.654651,5.679651,5.704651,5.729651,5.754651,5.779651,5.804651,5.829651,5.854651,5.879651,5.904651,5.929651,5.954651,5.979651,6.004651,6.029651,6.054651
eff_dl: 0., 0., 0., 0., 0., 0., 0., 0., 0., 0., 0., 0., 0., 0., 0., 0., 0., 0., 0., 0.,40., 0., 0., 0., 0., 0., 0., 0., 0., 0., 0., 0., 0., 0., 0., 0., 0., 0., 0., 0.
eff_dl_bin_edges:5.054651,5.079651,5.104651,5.129651,5.154651,5.179651,5.204651,5.229651,5.254651,5.279651,5.304651,5.329651,5.354651,5.379651,5.404651,5.429651,5.454651,5.479651,5.504651,5.529651,5.554651,5.579651,5.604651,5.629651,5.654651,5.679651,5.704651,5.729651,5.754651,5.779651,5.804651,5.829651,5.854651,5.879651,5.904651,5.929651,5.954651,5.979651,6.004651,6.029651,6.054651
rul:4.20257195e-02,0.00000000e+00,0.00000000e+00,0.00000000e+00,0.00000000e+00,0.00000000e+00,1.78229649e-07,0.00000000e+00,5.94098831e-08,0.00000000e+00,0.00000000e+00,0.00000000e+00,0.00000000e+00,5.94098831e-08,0.00000000e+00,0.00000000e+00,0.00000000e+00,0.00000000e+00,0.00000000e+00,0.00000000e+00,4.65072446e-03,0.00000000e+00,0.00000000e+00,0.00000000e+00,0.00000000e+00,0.00000000e+00,0.00000000e+00,0.00000000e+00,0.00000000e+00,0.00000000e+00,0.00000000e+00,0.00000000e+00,0.00000000e+00,0.00000000e+00,0.00000000e+00,0.00000000e+00,0.00000000e+00,0.00000000e+00,0.00000000e+00,8.73325281e-06
rul_bin_edges:  0.        , 21.41993875, 42.8398775 , 64.25981625, 85.679755  ,107.09969375,128.5196325 ,149.93957125,171.35951   ,192.77944875,214.1993875 ,235.61932625,257.039265  ,278.45920375,299.8791425 ,321.29908125,342.71902   ,364.13895875,385.5588975 ,406.97883625,428.398775  ,449.81871375,471.2386525 ,492.65859125,514.07853   ,535.49846875,556.9184075 ,578.33834625,599.758285  ,621.17822375,642.5981625 ,664.01810125,685.43804   ,706.85797875,728.2779175 ,749.69785625,771.117795  ,792.53773375,813.9576725 ,835.37761125,856.79755   
rdl:2.24298159e-02,0.00000000e+00,0.00000000e+00,2.22000769e-07,0.00000000e+00,0.00000000e+00,3.17143955e-08,6.34287910e-08,0.00000000e+00,3.17143955e-08,3.17143955e-08,0.00000000e+00,0.00000000e+00,0.00000000e+00,0.00000000e+00,0.00000000e+00,3.17143955e-08,0.00000000e+00,0.00000000e+00,3.17143955e-08,2.49119748e-03,0.00000000e+00,0.00000000e+00,0.00000000e+00,0.00000000e+00,0.00000000e+00,0.00000000e+00,0.00000000e+00,0.00000000e+00,0.00000000e+00,0.00000000e+00,0.00000000e+00,0.00000000e+00,0.00000000e+00,0.00000000e+00,0.00000000e+00,0.00000000e+00,0.00000000e+00,0.00000000e+00,3.48858351e-07
rdl_bin_edges:   0.       ,  40.1255025,  80.251005 , 120.3765075, 160.50201  , 200.6275125, 240.753015 , 280.8785175, 321.00402  , 361.1295225, 401.255025 , 441.3805275, 481.50603  , 521.6315325, 561.757035 , 601.8825375, 642.00804  , 682.1335425, 722.259045 , 762.3845475, 802.51005  , 842.6355525, 882.761055 , 922.8865575, 963.01206  ,1003.1375625,1043.263065 ,1083.3885675,1123.51407  ,1163.6395725,1203.765075 ,1243.8905775,1284.01608  ,1324.1415825,1364.267085 ,1404.3925875,1444.51809  ,1484.6435925,1524.769095 ,1564.8945975,1605.0201   
lul:4.41908206e+03,0.00000000e+00,0.00000000e+00,0.00000000e+00,0.00000000e+00,0.00000000e+00,0.00000000e+00,0.00000000e+00,0.00000000e+00,0.00000000e+00,0.00000000e+00,0.00000000e+00,0.00000000e+00,0.00000000e+00,1.04700708e+01,4.44103423e+01,8.62281551e+01,1.15089568e+02,9.79976142e+01,7.04980606e+01,3.99686833e+01,1.67171298e+01,5.81601191e+00,1.67421181e+00,6.12211780e-01,2.43635300e-01,8.12117667e-02,4.99764718e-02,4.37294129e-02,1.87411769e-02,1.24941180e-02,6.24705898e-03,1.24941180e-02,0.00000000e+00,1.24941180e-02,6.24705898e-03,0.00000000e+00,0.00000000e+00,6.24705898e-03,6.24705898e-03
lul_bin_edges:0.        ,0.0002037 ,0.00040741,0.00061111,0.00081482,0.00101852,0.00122223,0.00142593,0.00162964,0.00183334,0.00203705,0.00224075,0.00244446,0.00264816,0.00285187,0.00305557,0.00325928,0.00346298,0.00366669,0.00387039,0.0040741 ,0.0042778 ,0.00448151,0.00468521,0.00488892,0.00509262,0.00529633,0.00550003,0.00570374,0.00590744,0.00611114,0.00631485,0.00651855,0.00672226,0.00692596,0.00712967,0.00733337,0.00753708,0.00774078,0.00794449,0.00814819
ldl:4.41818873e+03,0.00000000e+00,0.00000000e+00,0.00000000e+00,0.00000000e+00,0.00000000e+00,0.00000000e+00,0.00000000e+00,0.00000000e+00,0.00000000e+00,0.00000000e+00,0.00000000e+00,0.00000000e+00,0.00000000e+00,1.06449885e+01,4.48164011e+01,8.63905786e+01,1.14970873e+02,9.76727671e+01,7.03481312e+01,4.01061186e+01,1.69857534e+01,6.00967074e+00,1.76791769e+00,6.05964721e-01,2.56129418e-01,8.12117667e-02,6.24705898e-02,6.24705898e-02,1.87411769e-02,1.24941180e-02,1.87411769e-02,1.24941180e-02,0.00000000e+00,6.24705898e-03,6.24705898e-03,0.00000000e+00,0.00000000e+00,1.24941180e-02,6.24705898e-03
ldl_bin_edges:0.        ,0.0002037 ,0.00040741,0.00061111,0.00081482,0.00101852,0.00122223,0.00142593,0.00162964,0.00183334,0.00203705,0.00224075,0.00244446,0.00264816,0.00285187,0.00305557,0.00325928,0.00346298,0.00366669,0.00387039,0.0040741 ,0.0042778 ,0.00448151,0.00468521,0.00488892,0.00509262,0.00529633,0.00550003,0.00570374,0.00590744,0.00611114,0.00631485,0.00651855,0.00672226,0.00692596,0.00712967,0.00733337,0.00753708,0.00774078,0.00794449,0.00814819
ilul:1.57085197e+01,1.97614344e-03,2.58896995e-02,6.00458957e-01,4.11282079e-01,2.26745807e-01,1.25251968e-01,8.86156010e-02,6.08829812e-02,3.20179646e-02,2.58674957e-02,3.81240258e-02,1.56093128e-02,1.55427013e-03,4.79603353e-03,1.26561996e-02,1.26117919e-02,1.64308556e-02,8.81493200e-03,1.28782382e-03,1.33223154e-04,4.44077179e-05,6.66115768e-05,2.22038589e-05,6.66115768e-05,1.55427013e-04,1.33223154e-04,2.44242448e-04,6.43911909e-04,1.62088170e-03,3.35278270e-03,2.86429780e-03,3.10854025e-03,3.79685988e-03,4.59619880e-03,3.70804444e-03,2.64225921e-03,1.31002768e-03,2.22038589e-04,1.11019295e-04
ilul_bin_edges:0.        ,0.05731238,0.11462477,0.17193715,0.22924953,0.28656191,0.34387429,0.40118668,0.45849906,0.51581144,0.57312383,0.63043621,0.68774859,0.74506097,0.80237336,0.85968574,0.91699812,0.9743105 ,1.03162288,1.08893527,1.14624765,1.20356003,1.26087242,1.3181848 ,1.37549718,1.43280956,1.49012195,1.54743433,1.60474671,1.66205909,1.71937147,1.77668386,1.83399624,1.89130862,1.94862101,2.00593339,2.06324577,2.12055815,2.17787054,2.23518292,2.2924953 
ildl:2.53627472e+01,3.01201537e-03,2.26797586e-01,9.83530591e-01,6.28184492e-01,3.14468748e-01,2.01016169e-01,9.27629020e-02,9.35159058e-02,5.10966894e-02,3.57856112e-02,3.85107680e-02,2.21956847e-02,1.52752208e-02,1.02551952e-02,1.34106399e-02,2.09406783e-02,1.09723417e-02,7.06389319e-03,2.00801025e-03,3.58573259e-05,2.15143955e-04,6.45431865e-04,5.02002562e-04,1.50600769e-03,2.76101409e-03,4.37459375e-03,3.62158991e-03,2.04386757e-03,1.93629560e-03,2.43829816e-03,3.76501922e-03,4.98416829e-03,4.87659632e-03,3.65744724e-03,1.79286629e-03,2.00801025e-03,1.54186501e-03,6.81289191e-04,4.66145236e-04
ildl_bin_edges:0.        ,0.03548943,0.07097886,0.10646829,0.14195772,0.17744715,0.21293658,0.24842601,0.28391544,0.31940487,0.3548943 ,0.39038373,0.42587316,0.46136259,0.49685202,0.53234145,0.56783088,0.60332031,0.63880974,0.67429917,0.7097886 ,0.74527803,0.78076746,0.81625689,0.85174632,0.88723575,0.92272518,0.95821461,0.99370404,1.02919347,1.0646829 ,1.10017233,1.13566176,1.17115119,1.20664062,1.24213005,1.27761948,1.31310891,1.34859834,1.38408777,1.4195772 
eul:1.05957294e-02,0.00000000e+00,0.00000000e+00,0.00000000e+00,0.00000000e+00,1.30815879e-06,7.83646575e-04,9.38817992e-03,1.28293511e-02,6.26304804e-03,3.52614201e-03,1.70857430e-03,8.30205135e-04,4.03745371e-04,2.05916085e-04,9.02034945e-05,3.66284460e-05,2.02169994e-05,1.40924378e-05,5.35155867e-06,7.07594980e-06,5.17317338e-06,3.27039697e-06,2.49739405e-06,1.42708231e-06,4.75694104e-07,5.35155867e-07,0.00000000e+00,0.00000000e+00,5.35155867e-07,4.75694104e-07,0.00000000e+00,4.75694104e-07,0.00000000e+00,4.75694104e-07,5.35155867e-07,0.00000000e+00,0.00000000e+00,0.00000000e+00,9.51388209e-07
eul_bin_edges:  0.     , 21.40125, 42.8025 , 64.20375, 85.605  ,107.00625,128.4075 ,149.80875,171.21   ,192.61125,214.0125 ,235.41375,256.815  ,278.21625,299.6175 ,321.01875,342.42   ,363.82125,385.2225 ,406.62375,428.025  ,449.42625,470.8275 ,492.22875,513.63   ,535.03125,556.4325 ,577.83375,599.235  ,620.63625,642.0375 ,663.43875,684.84   ,706.24125,727.6425 ,749.04375,770.445  ,791.84625,813.2475 ,834.64875,856.05   
edl:1.97929776e-02,0.00000000e+00,0.00000000e+00,0.00000000e+00,0.00000000e+00,9.51388209e-07,5.74400631e-04,6.91189480e-03,9.53540724e-03,4.70193891e-03,2.66061659e-03,1.29864490e-03,6.33802932e-04,3.09795785e-04,1.58941293e-04,6.92134922e-05,2.83037992e-05,1.54005966e-05,1.11193497e-05,4.04339989e-06,5.52994396e-06,4.28124694e-06,2.73524110e-06,1.78385289e-06,1.01084997e-06,4.16232341e-07,4.16232341e-07,0.00000000e+00,0.00000000e+00,4.16232341e-07,3.56770578e-07,0.00000000e+00,3.56770578e-07,0.00000000e+00,3.56770578e-07,3.56770578e-07,0.00000000e+00,0.00000000e+00,0.00000000e+00,7.73002919e-07
edl_bin_edges:  0.     , 21.40125, 42.8025 , 64.20375, 85.605  ,107.00625,128.4075 ,149.80875,171.21   ,192.61125,214.0125 ,235.41375,256.815  ,278.21625,299.6175 ,321.01875,342.42   ,363.82125,385.2225 ,406.62375,428.025  ,449.42625,470.8275 ,492.22875,513.63   ,535.03125,556.4325 ,577.83375,599.235  ,620.63625,642.0375 ,663.43875,684.84   ,706.24125,727.6425 ,749.04375,770.445  ,791.84625,813.2475 ,834.64875,856.05   
gul:3.61315241e-02,0.00000000e+00,0.00000000e+00,0.00000000e+00,0.00000000e+00,4.75694104e-07,2.56934278e-04,2.88948491e-03,3.82053720e-03,1.77796618e-03,9.66372573e-04,4.59996199e-04,2.19889600e-04,1.04058085e-04,5.21479662e-05,2.27738552e-05,9.15711151e-06,4.75694104e-06,3.15147344e-06,1.18923526e-06,1.84331465e-06,1.36762055e-06,8.91926445e-07,4.75694104e-07,3.56770578e-07,1.18923526e-07,5.94617630e-08,0.00000000e+00,0.00000000e+00,5.94617630e-08,1.18923526e-07,0.00000000e+00,1.18923526e-07,0.00000000e+00,1.18923526e-07,5.94617630e-08,0.00000000e+00,0.00000000e+00,0.00000000e+00,2.37847052e-07
gul_bin_edges:  0.     , 21.40125, 42.8025 , 64.20375, 85.605  ,107.00625,128.4075 ,149.80875,171.21   ,192.61125,214.0125 ,235.41375,256.815  ,278.21625,299.6175 ,321.01875,342.42   ,363.82125,385.2225 ,406.62375,428.025  ,449.42625,470.8275 ,492.22875,513.63   ,535.03125,556.4325 ,577.83375,599.235  ,620.63625,642.0375 ,663.43875,684.84   ,706.24125,727.6425 ,749.04375,770.445  ,791.84625,813.2475 ,834.64875,856.05   
gdl:2.69341570e-02,0.00000000e+00,0.00000000e+00,0.00000000e+00,0.00000000e+00,8.32464682e-07,4.66180222e-04,5.36577003e-03,7.11448102e-03,3.33907530e-03,1.83201692e-03,8.69925593e-04,4.16291803e-04,1.98007671e-04,9.91227590e-05,4.37638576e-05,1.74817583e-05,9.57334385e-06,6.12456159e-06,2.49739405e-06,3.38932049e-06,2.25954700e-06,1.42708231e-06,1.18923526e-06,7.73002919e-07,1.78385289e-07,1.78385289e-07,0.00000000e+00,0.00000000e+00,1.78385289e-07,2.37847052e-07,0.00000000e+00,2.37847052e-07,0.00000000e+00,2.37847052e-07,2.37847052e-07,0.00000000e+00,0.00000000e+00,0.00000000e+00,4.16232341e-07
gdl_bin_edges:  0.     , 21.40125, 42.8025 , 64.20375, 85.605  ,107.00625,128.4075 ,149.80875,171.21   ,192.61125,214.0125 ,235.41375,256.815  ,278.21625,299.6175 ,321.01875,342.42   ,363.82125,385.2225 ,406.62375,428.025  ,449.42625,470.8275 ,492.22875,513.63   ,535.03125,556.4325 ,577.83375,599.235  ,620.63625,642.0375 ,663.43875,684.84   ,706.24125,727.6425 ,749.04375,770.445  ,791.84625,813.2475 ,834.64875,856.05   
ri: 0., 0., 0., 0., 0., 0., 0., 0., 0., 0., 0., 0., 0., 0., 0., 0., 0., 0., 0., 0.,40., 0., 0., 0., 0., 0., 0., 0., 0., 0., 0., 0., 0., 0., 0., 0., 0., 0., 0., 0.
ri_bin_edges:0.5  ,0.525,0.55 ,0.575,0.6  ,0.625,0.65 ,0.675,0.7  ,0.725,0.75 ,0.775,0.8  ,0.825,0.85 ,0.875,0.9  ,0.925,0.95 ,0.975,1.   ,1.025,1.05 ,1.075,1.1  ,1.125,1.15 ,1.175,1.2  ,1.225,1.25 ,1.275,1.3  ,1.325,1.35 ,1.375,1.4  ,1.425,1.45 ,1.475,1.5  
