period:1
ue_log_freq:1000
mac_log_freq:1000
mimo_layers:2
frequency:2412000000.0
bandwidth:50000000
ue_speed:5.555555555555555
max_distance:1000
shannon_cfg_bandwidth_mhz:50.0
shannon_cfg_mimo_layers:2
shannon_cfg_bw_efficiency:0.67
shannon_cfg_sinr_offset_db:0
shannon_cfg_ul_divisor:2
shannon_cfg_sinr_sample_rate:1000
n_ue:20
sinr_period:9.463597741343282
sinr_rate:105.66805852612856
ul_fairness:0.8109028030020773
dl_fairness:0.9294208430319278
ul_agg_throughput:0.057263538385787204
dl_agg_throughput:0.03943986167264832
ul_ave_throughput:0.00286317691928936
dl_ave_throughput:0.001971993083632416
ul_se:0.001145270767715744
dl_se:0.0007887972334529663
ul_ase:3.6455100772122107e-10
dl_ase:2.510819576025027e-10
ul_gr:0.005978512272707072, 0.005978512272707072, 0.005978512272707072, 0.005978512272707072, 0.005978512272707072, 0.005978512272707072, 0.005978512272707072, 0.005978512272707072, 0.005978512272707072, 0.005978512272707072, 0.005978512272707072, 0.005978512272707072, 0.005978512272707072, 0.005978512272707072, 0.005978512272707072, 0.005978512272707072, 0.005978512272707072, 0.005978512272707072, 0.005978512272707072, 0.005978512272707072
dl_gr:0.0027173157119048945, 0.0027173157119048945, 0.0027173157119048945, 0.0027173157119048945, 0.0027173157119048945, 0.0027173157119048945, 0.0027173157119048945, 0.0027173157119048945, 0.0027173157119048945, 0.0027173157119048945, 0.0027173157119048945, 0.0027173157119048945, 0.0027173157119048945, 0.0027173157119048945, 0.0027173157119048945, 0.0027173157119048945, 0.0027173157119048945, 0.0027173157119048945, 0.0027173157119048945, 0.0027173157119048945
ul_tr:0.005450541347375146, 0.005450542005916339, 0.005450541293755903, 0.005450541367757347, 0.005450541090161657, 0.005450541069829455, 0.005450541505399699, 0.005450541432709294, 0.005450541097494583, 0.005450542000961058, 0.005450541658074551, 0.0, 0.005450541562024332, 0.005450541562024332, 0.0, 0.005450541901794344, 0.005450538650393867, 0.005450543648408421, 0.005450540763013166, 0.0
dl_tr:0.002648119352147103, 0.002648119360218877, 0.0026481195413477028, 0.0026481194215876897, 0.00264811935209155, 0.002648119356680184, 0.002648119356680184, 0.002648119485934115, 0.002648119352147103, 0.002648119352147103, 0.002648119352147103, 0.0026481225441753234, 0.002648119360218877, 0.002648119360218877, 0.0, 0.0026481196992111547, 0.0026481195952447086, 0.00264811975162491, 0.0026481197069051724, 0.002648119455530249
ul_er:0.0, 0.0, 0.0, 0.0, 0.0, 0.0, 0.0, 0.0, 0.0, 0.0, 0.0, 0.0, 0.0, 0.0, 0.0, 0.0, 0.0, 0.0, 0.0, 0.0
dl_er:0.0, 0.0, 0.0, 0.0, 0.0, 0.0, 0.0, 0.0, 0.0, 0.0, 0.0, 0.0, 0.0, 0.0, 0.0, 0.0, 0.0, 0.0, 0.0, 0.0
ul_er_ratio:0.0, 0.0, 0.0, 0.0, 0.0, 0.0, 0.0, 0.0, 0.0, 0.0, 0.0, 0.0, 0.0, 0.0, 0.0, 0.0, 0.0, 0.0, 0.0, 0.0
dl_er_ratio:0.0, 0.0, 0.0, 0.0, 0.0, 0.0, 0.0, 0.0, 0.0, 0.0, 0.0, 0.0, 0.0, 0.0, 0.0, 0.0, 0.0, 0.0, 0.0, 0.0
ul_er_perc:0.0, 0.0, 0.0, 0.0, 0.0, 0.0, 0.0, 0.0, 0.0, 0.0, 0.0, 0.0, 0.0, 0.0, 0.0, 0.0, 0.0, 0.0, 0.0, 0.0
dl_er_perc:0.0, 0.0, 0.0, 0.0, 0.0, 0.0, 0.0, 0.0, 0.0, 0.0, 0.0, 0.0, 0.0, 0.0, 0.0, 0.0, 0.0, 0.0, 0.0, 0.0
ul_l:5.8370866357424594e-05, 6.690271184378645e-05, 7.10692607355147e-05, 6.829801613799233e-05, 6.51916207599578e-05, 5.887079726126326e-05, 5.181835963002056e-05, 5.647630366090773e-05, 4.91727862452086e-05, 4.268427445697461e-05, 3.580067030720515e-05, 0.0, 5.444327929003944e-05, 5.444327929003944e-05, 0.0, 0.00011993655180267763, 0.0001596545262429865, 0.00012784699406144105, 7.421773198711182e-05, 0.0
dl_l:3.531652452085995e-05, 3.5578206371868234e-05, 3.596985836342426e-05, 3.5465092528192885e-05, 3.6718890906060774e-05, 3.5461077945669685e-05, 3.5461077945669685e-05, 3.6157106205210824e-05, 3.531652452085995e-05, 3.531652452085995e-05, 3.531652452085995e-05, 4.275930092217099e-05, 3.5578206371868234e-05, 3.5578206371868234e-05, 0.0, 3.6500025609688354e-05, 4.509832337092383e-05, 4.494879942780957e-05, 3.6156464407532915e-05, 4.455691661574357e-05
ul_il:0.0005584183490917172, 0.0007780780451641575, 0.0009760586889395033, 0.000873418140675518, 0.0007869148167879562, 0.0006186342491194933, 0.00040457861528248425, 0.0005477005047497362, 0.00034185617683462027, 0.0001944872886950725, 9.706665047497362e-05, 0.0, 0.0004625304606021888, 0.0004625304606021888, 0.0, 0.003366759735598022, 0.006385395080817731, 0.003966318112749292, 0.0010900110337536805, 0.0
dl_il:7.752457087384035e-05, 7.533834279762235e-05, 8.013566049108383e-05, 7.53981220043331e-05, 8.858971455474696e-05, 7.43672336870174e-05, 7.43672336870174e-05, 8.038462092105994e-05, 7.752457087384035e-05, 7.752457087384035e-05, 7.752457087384035e-05, 0.00015292715109716128, 7.533834279762235e-05, 7.533834279762235e-05, 0.0, 8.533292330426086e-05, 0.00022149570311649351, 0.00024109591555469137, 8.414252211543804e-05, 0.00022912812937614575
sinr_ul:0.03313253,0.        ,0.        ,0.        ,0.        ,0.        ,0.        ,0.        ,0.03313253,0.03313253,0.        ,0.        ,0.03313253,0.        ,0.        ,0.        ,0.03313253,0.        ,0.        ,0.        ,0.        ,0.        ,0.06626505,0.09939758,0.03313253,0.06626505,0.        ,0.03313253,0.        ,0.        ,0.06626505,0.03313253,0.        ,0.03313253,0.        ,0.03313253,0.        ,0.        ,0.        ,0.03313253
sinr_ul_bin_edges:-15.5946045 ,-14.08551339,-12.57642228,-11.06733116, -9.55824005, -8.04914894, -6.54005783, -5.03096671, -3.5218756 , -2.01278449, -0.50369338,  1.00539774,  2.51448885,  4.02357996,  5.53267107,  7.04176219,  8.5508533 , 10.05994441, 11.56903552, 13.07812664, 14.58721775, 16.09630886, 17.60539997, 19.11449109, 20.6235822 , 22.13267331, 23.64176442, 25.15085554, 26.65994665, 28.16903776, 29.67812887, 31.18721999, 32.6963111 , 34.20540221, 35.71449332, 37.22358444, 38.73267555, 40.24176666, 41.75085777, 43.25994889, 44.76904   
sinr_dl:0.03313326,0.        ,0.        ,0.        ,0.        ,0.        ,0.        ,0.        ,0.03313326,0.03313326,0.        ,0.        ,0.03313326,0.        ,0.        ,0.        ,0.03313326,0.        ,0.        ,0.        ,0.        ,0.        ,0.06626651,0.09939977,0.03313326,0.06626651,0.        ,0.03313326,0.        ,0.        ,0.06626651,0.03313326,0.        ,0.03313326,0.        ,0.03313326,0.        ,0.        ,0.        ,0.03313326
sinr_dl_bin_edges:-2.8628387 ,-1.35378081, 0.15527708, 1.66433498, 3.17339287, 4.68245076, 6.19150866, 7.70056655, 9.20962444,10.71868233,12.22774022,13.73679812,15.24585601,16.7549139 ,18.26397179,19.77302969,21.28208758,22.79114547,24.30020336,25.80926126,27.31831915,28.82737704,30.33643493,31.84549283,33.35455072,34.86360861,36.37266651,37.8817244 ,39.39078229,40.89984018,42.40889808,43.91795597,45.42701386,46.93607175,48.44512965,49.95418754,51.46324543,52.97230332,54.48136121,55.99041911,57.499477  
rsrp_ul:0.03314425,0.        ,0.        ,0.        ,0.        ,0.        ,0.        ,0.        ,0.03314425,0.03314425,0.        ,0.        ,0.03314425,0.        ,0.        ,0.        ,0.03314425,0.        ,0.        ,0.        ,0.        ,0.        ,0.0662885 ,0.09943274,0.03314425,0.0662885 ,0.        ,0.03314425,0.        ,0.03314425,0.03314425,0.03314425,0.        ,0.03314425,0.        ,0.03314425,0.        ,0.        ,0.        ,0.03314425
rsrp_ul_bin_edges:-132.21123   ,-130.70267262,-129.19411525,-127.68555788,-126.1770005 ,-124.66844312,-123.15988575,-121.65132838,-120.142771  ,-118.63421363,-117.12565625,-115.61709887,-114.1085415 ,-112.59998412,-111.09142675,-109.58286938,-108.074312  ,-106.56575462,-105.05719725,-103.54863987,-102.0400825 ,-100.53152513, -99.02296775, -97.51441037, -96.005853  , -94.49729562, -92.98873825, -91.48018088, -89.9716235 , -88.46306612, -86.95450875, -85.44595137, -83.937394  , -82.42883663, -80.92027925, -79.41172187, -77.9031645 , -76.39460712, -74.88604975, -73.37749238, -71.868935  
rsrp_dl:0.03314425,0.        ,0.        ,0.        ,0.        ,0.        ,0.        ,0.        ,0.03314425,0.03314425,0.        ,0.        ,0.03314425,0.        ,0.        ,0.        ,0.03314425,0.        ,0.        ,0.        ,0.        ,0.        ,0.06628851,0.09943276,0.03314425,0.06628851,0.        ,0.03314425,0.        ,0.03314425,0.03314425,0.03314425,0.        ,0.03314425,0.        ,0.03314425,0.        ,0.        ,0.        ,0.03314425
rsrp_dl_bin_edges:-126.19062   ,-124.68206287,-123.17350575,-121.66494862,-120.1563915 ,-118.64783438,-117.13927725,-115.63072012,-114.122163  ,-112.61360587,-111.10504875,-109.59649162,-108.0879345 ,-106.57937737,-105.07082025,-103.56226313,-102.053706  ,-100.54514887, -99.03659175, -97.52803463, -96.0194775 , -94.51092037, -93.00236325, -91.49380612, -89.985249  , -88.47669188, -86.96813475, -85.45957763, -83.9510205 , -82.44246338, -80.93390625, -79.42534912, -77.916792  , -76.40823488, -74.89967775, -73.39112062, -71.8825635 , -70.37400637, -68.86544925, -67.35689213, -65.848335  
cqi_ul:0.4       ,0.        ,0.13333333,0.        ,0.        ,0.13333333,0.        ,0.        ,0.        ,0.        ,0.        ,0.        ,0.        ,0.13333333,0.        ,0.        ,0.4       ,0.        ,0.26666667,0.        ,0.        ,0.26666667,0.        ,0.        ,0.13333333,0.        ,0.        ,0.        ,0.        ,0.        ,0.        ,0.        ,0.26666667,0.        ,0.13333333,0.        ,0.        ,0.        ,0.        ,0.4       
cqi_ul_bin_edges: 0.   , 0.375, 0.75 , 1.125, 1.5  , 1.875, 2.25 , 2.625, 3.   , 3.375, 3.75 , 4.125, 4.5  , 4.875, 5.25 , 5.625, 6.   , 6.375, 6.75 , 7.125, 7.5  , 7.875, 8.25 , 8.625, 9.   , 9.375, 9.75 ,10.125,10.5  ,10.875,11.25 ,11.625,12.   ,12.375,12.75 ,13.125,13.5  ,13.875,14.25 ,14.625,15.   
cqi_dl:0.13333333,0.        ,0.        ,0.        ,0.        ,0.13333333,0.        ,0.        ,0.13333333,0.        ,0.13333333,0.        ,0.        ,0.        ,0.        ,0.        ,0.        ,0.        ,0.13333333,0.        ,0.        ,0.        ,0.        ,0.        ,0.        ,0.        ,0.        ,0.        ,0.        ,0.        ,0.        ,0.        ,0.13333333,0.        ,0.53333333,0.        ,0.        ,0.13333333,0.        ,1.2       
cqi_dl_bin_edges: 0.   , 0.375, 0.75 , 1.125, 1.5  , 1.875, 2.25 , 2.625, 3.   , 3.375, 3.75 , 4.125, 4.5  , 4.875, 5.25 , 5.625, 6.   , 6.375, 6.75 , 7.125, 7.5  , 7.875, 8.25 , 8.625, 9.   , 9.375, 9.75 ,10.125,10.5  ,10.875,11.25 ,11.625,12.   ,12.375,12.75 ,13.125,13.5  ,13.875,14.25 ,14.625,15.   
mcs_ul:0.28571429,0.07142857,0.        ,0.        ,0.        ,0.        ,0.        ,0.        ,0.        ,0.        ,0.        ,0.07142857,0.07142857,0.        ,0.14285714,0.07142857,0.        ,0.07142857,0.        ,0.        ,0.14285714,0.        ,0.07142857,0.        ,0.        ,0.        ,0.        ,0.        ,0.        ,0.        ,0.07142857,0.07142857,0.07142857,0.        ,0.        ,0.        ,0.        ,0.        ,0.        ,0.21428571
mcs_ul_bin_edges: 0. , 0.7, 1.4, 2.1, 2.8, 3.5, 4.2, 4.9, 5.6, 6.3, 7. , 7.7, 8.4, 9.1, 9.8,10.5,11.2,11.9,12.6,13.3,14. ,14.7,15.4,16.1,16.8,17.5,18.2,18.9,19.6,20.3,21. ,21.7,22.4,23.1,23.8,24.5,25.2,25.9,26.6,27.3,28. 
mcs_dl:0.07142857,0.        ,0.07142857,0.        ,0.07142857,0.        ,0.        ,0.        ,0.07142857,0.        ,0.        ,0.        ,0.        ,0.        ,0.        ,0.        ,0.        ,0.07142857,0.        ,0.        ,0.        ,0.        ,0.        ,0.        ,0.        ,0.        ,0.        ,0.        ,0.        ,0.        ,0.        ,0.07142857,0.14285714,0.        ,0.14285714,0.        ,0.        ,0.07142857,0.        ,0.64285714
mcs_dl_bin_edges: 0. , 0.7, 1.4, 2.1, 2.8, 3.5, 4.2, 4.9, 5.6, 6.3, 7. , 7.7, 8.4, 9.1, 9.8,10.5,11.2,11.9,12.6,13.3,14. ,14.7,15.4,16.1,16.8,17.5,18.2,18.9,19.6,20.3,21. ,21.7,22.4,23.1,23.8,24.5,25.2,25.9,26.6,27.3,28. 
eff_ul:0.81012111,0.27004037,0.27004037,0.        ,0.        ,0.        ,0.        ,0.        ,0.        ,0.        ,0.        ,0.27004037,0.27004037,0.54008074,0.27004037,0.        ,0.27004037,0.        ,0.        ,0.54008074,0.        ,0.        ,0.27004037,0.        ,0.        ,0.        ,0.        ,0.        ,0.        ,0.27004037,0.        ,0.27004037,0.        ,0.27004037,0.        ,0.        ,0.        ,0.        ,0.        ,0.81012111
eff_ul_bin_edges:0.       ,0.1851575,0.370315 ,0.5554725,0.74063  ,0.9257875,1.110945 ,1.2961025,1.48126  ,1.6664175,1.851575 ,2.0367325,2.22189  ,2.4070475,2.592205 ,2.7773625,2.96252  ,3.1476775,3.332835 ,3.5179925,3.70315  ,3.8883075,4.073465 ,4.2586225,4.44378  ,4.6289375,4.814095 ,4.9992525,5.18441  ,5.3695675,5.554725 ,5.7398825,5.92504  ,6.1101975,6.295355 ,6.4805125,6.66567  ,6.8508275,7.035985 ,7.2211425,7.4063   
eff_dl:0.27004037,0.        ,0.        ,0.27004037,0.27004037,0.        ,0.        ,0.        ,0.        ,0.27004037,0.        ,0.        ,0.        ,0.        ,0.        ,0.        ,0.27004037,0.        ,0.        ,0.        ,0.        ,0.        ,0.        ,0.        ,0.        ,0.        ,0.        ,0.        ,0.        ,0.        ,0.        ,0.27004037,0.        ,0.54008074,0.        ,0.54008074,0.        ,0.        ,0.27004037,2.43036334
eff_dl_bin_edges:0.       ,0.1851575,0.370315 ,0.5554725,0.74063  ,0.9257875,1.110945 ,1.2961025,1.48126  ,1.6664175,1.851575 ,2.0367325,2.22189  ,2.4070475,2.592205 ,2.7773625,2.96252  ,3.1476775,3.332835 ,3.5179925,3.70315  ,3.8883075,4.073465 ,4.2586225,4.44378  ,4.6289375,4.814095 ,4.9992525,5.18441  ,5.3695675,5.554725 ,5.7398825,5.92504  ,6.1101975,6.295355 ,6.4805125,6.66567  ,6.8508275,7.035985 ,7.2211425,7.4063   
rul:1.61226320e+01,1.68791063e-02,5.82147672e-02,3.15802634e-02,2.84948354e-02,9.30165805e-03,1.81949506e-02,9.57390170e-03,2.01914041e-02,1.40659219e-03,8.62104892e-04,7.71357009e-04,1.76958373e-03,1.17972248e-03,1.90570555e-03,1.54271402e-03,1.22509643e-03,1.04360066e-03,8.62104892e-04,7.71357009e-04,9.98226717e-04,7.71357009e-04,9.52852775e-04,5.89861242e-04,9.52852775e-04,5.44487300e-04,2.72243650e-04,1.13434854e-03,4.53739417e-05,2.26869708e-04,9.07478834e-05,4.53739417e-05,2.26869708e-04,0.00000000e+00,9.07478834e-05,4.53739417e-05,4.53739417e-05,0.00000000e+00,4.53739417e-05,4.53739417e-05
rul_bin_edges:0.        ,0.06121627,0.12243254,0.18364881,0.24486508,0.30608135,0.36729762,0.42851389,0.48973016,0.55094643,0.6121627 ,0.67337897,0.73459524,0.79581151,0.85702778,0.91824405,0.97946032,1.04067659,1.10189286,1.16310913,1.2243254 ,1.28554167,1.34675794,1.40797421,1.46919048,1.53040675,1.59162302,1.65283929,1.71405556,1.77527183,1.8364881 ,1.89770437,1.95892064,2.02013691,2.08135318,2.14256945,2.20378572,2.26500199,2.32621826,2.38743453,2.4486508 
rdl:1.43551926e+01,1.10630526e-02,5.81211097e-03,6.57369793e-03,4.85010640e-03,7.65595307e-03,1.27465606e-02,3.56743363e-03,3.32693249e-03,5.29102516e-03,3.72776773e-03,3.80793477e-03,3.84801830e-03,1.16242219e-03,1.60334096e-03,1.60334096e-04,8.01670479e-05,0.00000000e+00,8.01670479e-05,0.00000000e+00,0.00000000e+00,4.00835239e-05,0.00000000e+00,0.00000000e+00,0.00000000e+00,1.20250572e-04,0.00000000e+00,0.00000000e+00,0.00000000e+00,4.00835239e-05,0.00000000e+00,0.00000000e+00,4.00835239e-05,4.00835239e-05,0.00000000e+00,0.00000000e+00,0.00000000e+00,0.00000000e+00,0.00000000e+00,4.00835239e-05
rdl_bin_edges:0.        ,0.06929589,0.13859178,0.20788767,0.27718356,0.34647945,0.41577534,0.48507123,0.55436712,0.62366301,0.6929589 ,0.76225479,0.83155068,0.90084657,0.97014246,1.03943835,1.10873424,1.17803013,1.24732602,1.31662191,1.3859178 ,1.45521369,1.52450958,1.59380547,1.66310136,1.73239725,1.80169314,1.87098903,1.94028492,2.00958081,2.0788767 ,2.14817259,2.21746848,2.28676437,2.35606026,2.42535615,2.49465204,2.56394793,2.63324382,2.70253971,2.7718356 
lul:9.80772909e+03,0.00000000e+00,0.00000000e+00,0.00000000e+00,0.00000000e+00,0.00000000e+00,0.00000000e+00,0.00000000e+00,0.00000000e+00,0.00000000e+00,0.00000000e+00,0.00000000e+00,0.00000000e+00,0.00000000e+00,0.00000000e+00,0.00000000e+00,0.00000000e+00,0.00000000e+00,0.00000000e+00,0.00000000e+00,0.00000000e+00,0.00000000e+00,0.00000000e+00,0.00000000e+00,0.00000000e+00,0.00000000e+00,0.00000000e+00,0.00000000e+00,0.00000000e+00,6.41550827e+01,5.35458872e+01,1.30809714e+01,1.28865621e+01,5.72118919e+00,1.08591504e+01,1.28310165e+01,3.47159538e+00,3.88818683e+00,3.77709578e+00,6.80432695e+00
lul_bin_edges:0.        ,0.00010001,0.00020002,0.00030004,0.00040005,0.00050006,0.00060008,0.00070009,0.0008001 ,0.00090011,0.00100012,0.00110014,0.00120015,0.00130016,0.00140018,0.00150019,0.0016002 ,0.00170021,0.00180022,0.00190024,0.00200025,0.00210026,0.00220027,0.00230029,0.0024003 ,0.00250031,0.00260033,0.00270034,0.00280035,0.00290036,0.00300038,0.00310039,0.0032004 ,0.00330041,0.00340042,0.00350044,0.00360045,0.00370046,0.00380047,0.00390049,0.0040005 
ldl:9.88863982e+03,0.00000000e+00,0.00000000e+00,0.00000000e+00,0.00000000e+00,0.00000000e+00,0.00000000e+00,0.00000000e+00,0.00000000e+00,0.00000000e+00,0.00000000e+00,0.00000000e+00,0.00000000e+00,0.00000000e+00,0.00000000e+00,0.00000000e+00,0.00000000e+00,0.00000000e+00,0.00000000e+00,0.00000000e+00,0.00000000e+00,0.00000000e+00,0.00000000e+00,0.00000000e+00,0.00000000e+00,0.00000000e+00,0.00000000e+00,0.00000000e+00,0.00000000e+00,3.11671949e+01,4.48896497e+01,5.30564548e+00,6.66677966e+00,2.55559887e+00,3.22227683e+00,4.16673729e+00,2.19448164e+00,3.61117231e-01,1.11112994e-01,1.14446384e+01
ldl_bin_edges:0.00000000e+00,9.99927500e-05,1.99985500e-04,2.99978250e-04,3.99971000e-04,4.99963750e-04,5.99956500e-04,6.99949250e-04,7.99942000e-04,8.99934750e-04,9.99927500e-04,1.09992025e-03,1.19991300e-03,1.29990575e-03,1.39989850e-03,1.49989125e-03,1.59988400e-03,1.69987675e-03,1.79986950e-03,1.89986225e-03,1.99985500e-03,2.09984775e-03,2.19984050e-03,2.29983325e-03,2.39982600e-03,2.49981875e-03,2.59981150e-03,2.69980425e-03,2.79979700e-03,2.89978975e-03,2.99978250e-03,3.09977525e-03,3.19976800e-03,3.29976075e-03,3.39975350e-03,3.49974625e-03,3.59973900e-03,3.69973175e-03,3.79972450e-03,3.89971725e-03,3.99971000e-03
ilul:7.36852404e+01,1.98348547e-01,1.64944660e-01,1.40047353e-01,1.05813555e-01,7.51068766e-02,5.64338962e-02,4.79273163e-02,3.65160505e-02,2.61421725e-02,2.22000989e-02,2.40673969e-02,1.61832497e-02,1.32785638e-02,1.32785638e-02,1.14112658e-02,8.50657995e-03,7.88414727e-03,5.80937167e-03,6.01684923e-03,5.60189411e-03,3.73459607e-03,2.69720828e-03,3.52711851e-03,1.65982048e-03,2.48973072e-03,1.65982048e-03,1.65982048e-03,1.03738780e-03,1.45234292e-03,1.03738780e-03,4.14955119e-04,8.29910239e-04,2.07477560e-04,4.14955119e-04,4.14955119e-04,6.22432679e-04,8.29910239e-04,2.07477560e-04,4.14955119e-04
ilul_bin_edges:0.        ,0.01338758,0.02677517,0.04016275,0.05355034,0.06693792,0.08032551,0.09371309,0.10710068,0.12048826,0.13387585,0.14726343,0.16065102,0.1740386 ,0.18742619,0.20081377,0.21420136,0.22758894,0.24097653,0.25436412,0.2677517 ,0.28113928,0.29452687,0.30791445,0.32130204,0.33468962,0.34807721,0.36146479,0.37485238,0.38823996,0.40162755,0.41501513,0.42840272,0.4417903 ,0.45517789,0.46856547,0.48195306,0.49534064,0.50872823,0.52211581,0.5355034 
ildl:3.01290058e+02,1.23925189e+00,3.85526287e-01,2.33677859e-01,1.40037995e-01,8.60474425e-02,1.22322345e-01,3.12132880e-02,2.61516737e-02,3.96493117e-02,1.60284452e-02,2.53080713e-03,2.53080713e-02,1.68720475e-03,5.90521664e-03,1.18104333e-02,4.21801189e-03,2.53080713e-03,6.74881902e-03,3.37440951e-03,1.68720475e-03,5.90521664e-03,2.53080713e-03,2.53080713e-03,8.43602377e-03,8.43602377e-04,0.00000000e+00,4.21801189e-03,3.37440951e-03,1.68720475e-03,1.68720475e-03,2.53080713e-03,0.00000000e+00,0.00000000e+00,1.68720475e-03,0.00000000e+00,8.43602377e-04,8.43602377e-04,0.00000000e+00,8.43602377e-04
ildl_bin_edges:0.        ,0.00329257,0.00658515,0.00987772,0.0131703 ,0.01646287,0.01975545,0.02304802,0.02634059,0.02963317,0.03292574,0.03621832,0.03951089,0.04280347,0.04609604,0.04938861,0.05268119,0.05597376,0.05926634,0.06255891,0.06585149,0.06914406,0.07243663,0.07572921,0.07902178,0.08231436,0.08560693,0.0888995 ,0.09219208,0.09548465,0.09877723,0.1020698 ,0.10536238,0.10865495,0.11194752,0.1152401 ,0.11853267,0.12182525,0.12511782,0.1284104 ,0.13170297
eul: 0., 0., 0., 0., 0., 0., 0., 0., 0., 0., 0., 0., 0., 0., 0., 0., 0., 0., 0., 0.,40., 0., 0., 0., 0., 0., 0., 0., 0., 0., 0., 0., 0., 0., 0., 0., 0., 0., 0., 0.
eul_bin_edges:-0.5  ,-0.475,-0.45 ,-0.425,-0.4  ,-0.375,-0.35 ,-0.325,-0.3  ,-0.275,-0.25 ,-0.225,-0.2  ,-0.175,-0.15 ,-0.125,-0.1  ,-0.075,-0.05 ,-0.025, 0.   , 0.025, 0.05 , 0.075, 0.1  , 0.125, 0.15 , 0.175, 0.2  , 0.225, 0.25 , 0.275, 0.3  , 0.325, 0.35 , 0.375, 0.4  , 0.425, 0.45 , 0.475, 0.5  
edl: 0., 0., 0., 0., 0., 0., 0., 0., 0., 0., 0., 0., 0., 0., 0., 0., 0., 0., 0., 0.,40., 0., 0., 0., 0., 0., 0., 0., 0., 0., 0., 0., 0., 0., 0., 0., 0., 0., 0., 0.
edl_bin_edges:-0.5  ,-0.475,-0.45 ,-0.425,-0.4  ,-0.375,-0.35 ,-0.325,-0.3  ,-0.275,-0.25 ,-0.225,-0.2  ,-0.175,-0.15 ,-0.125,-0.1  ,-0.075,-0.05 ,-0.025, 0.   , 0.025, 0.05 , 0.075, 0.1  , 0.125, 0.15 , 0.175, 0.2  , 0.225, 0.25 , 0.275, 0.3  , 0.325, 0.35 , 0.375, 0.4  , 0.425, 0.45 , 0.475, 0.5  
gul:3.77840962e+00,2.10426020e-04,1.47298214e-03,6.31278060e-04,0.00000000e+00,0.00000000e+00,0.00000000e+00,3.78766836e-03,0.00000000e+00,0.00000000e+00,2.10426020e-04,1.05213010e-03,1.26255612e-03,2.10426020e-04,2.10426020e-04,0.00000000e+00,0.00000000e+00,0.00000000e+00,0.00000000e+00,0.00000000e+00,2.10426020e-04,0.00000000e+00,0.00000000e+00,0.00000000e+00,0.00000000e+00,0.00000000e+00,0.00000000e+00,0.00000000e+00,0.00000000e+00,0.00000000e+00,0.00000000e+00,0.00000000e+00,0.00000000e+00,0.00000000e+00,0.00000000e+00,0.00000000e+00,0.00000000e+00,0.00000000e+00,0.00000000e+00,2.10426020e-04
gul_bin_edges: 0.   , 0.264, 0.528, 0.792, 1.056, 1.32 , 1.584, 1.848, 2.112, 2.376, 2.64 , 2.904, 3.168, 3.432, 3.696, 3.96 , 4.224, 4.488, 4.752, 5.016, 5.28 , 5.544, 5.808, 6.072, 6.336, 6.6  , 6.864, 7.128, 7.392, 7.656, 7.92 , 8.184, 8.448, 8.712, 8.976, 9.24 , 9.504, 9.768,10.032,10.296,10.56 
gdl:9.84344998e+00,3.29102306e-03,0.00000000e+00,0.00000000e+00,9.32456535e-03,0.00000000e+00,4.38803075e-03,2.74251922e-03,5.48503844e-04,0.00000000e+00,1.64551153e-03,0.00000000e+00,4.38803075e-03,1.64551153e-03,0.00000000e+00,0.00000000e+00,0.00000000e+00,0.00000000e+00,0.00000000e+00,5.48503844e-04,1.09700769e-03,0.00000000e+00,0.00000000e+00,0.00000000e+00,0.00000000e+00,0.00000000e+00,0.00000000e+00,0.00000000e+00,0.00000000e+00,0.00000000e+00,0.00000000e+00,0.00000000e+00,0.00000000e+00,0.00000000e+00,0.00000000e+00,0.00000000e+00,0.00000000e+00,0.00000000e+00,0.00000000e+00,5.48503844e-04
gdl_bin_edges:0.     ,0.10128,0.20256,0.30384,0.40512,0.5064 ,0.60768,0.70896,0.81024,0.91152,1.0128 ,1.11408,1.21536,1.31664,1.41792,1.5192 ,1.62048,1.72176,1.82304,1.92432,2.0256 ,2.12688,2.22816,2.32944,2.43072,2.532  ,2.63328,2.73456,2.83584,2.93712,3.0384 ,3.13968,3.24096,3.34224,3.44352,3.5448 ,3.64608,3.74736,3.84864,3.94992,4.0512 
ri: 0., 0., 0., 0., 0., 0., 0., 0., 0., 0., 0., 0., 0., 0., 0., 0., 0., 0., 0., 0.,40., 0., 0., 0., 0., 0., 0., 0., 0., 0., 0., 0., 0., 0., 0., 0., 0., 0., 0., 0.
ri_bin_edges:0.5  ,0.525,0.55 ,0.575,0.6  ,0.625,0.65 ,0.675,0.7  ,0.725,0.75 ,0.775,0.8  ,0.825,0.85 ,0.875,0.9  ,0.925,0.95 ,0.975,1.   ,1.025,1.05 ,1.075,1.1  ,1.125,1.15 ,1.175,1.2  ,1.225,1.25 ,1.275,1.3  ,1.325,1.35 ,1.375,1.4  ,1.425,1.45 ,1.475,1.5  
