period:1
ue_log_freq:1000
mac_log_freq:1000
mimo_layers:2
frequency:2412000000.0
bandwidth:50000000
ue_speed:5.555555555555555
max_distance:1000
shannon_cfg_bandwidth_mhz:50.0
shannon_cfg_mimo_layers:2
shannon_cfg_bw_efficiency:0.67
shannon_cfg_sinr_offset_db:0
shannon_cfg_ul_divisor:2
shannon_cfg_sinr_sample_rate:1000
n_ue:5
sinr_period:9.463597741343282
sinr_rate:105.66805852612856
ul_fairness:0.9488833708216294
dl_fairness:0.9999995239262062
ul_agg_throughput:1.4468251553977445
dl_agg_throughput:22.368413092429105
ul_ave_throughput:0.2893650310795489
dl_ave_throughput:4.473682618485821
ul_se:0.028936503107954887
dl_se:0.4473682618485821
ul_ase:9.210775010850025e-09
dl_ase:1.4240174051126243e-07
ul_gr:0.12153342466575334, 0.12153342466575334, 0.12153342466575334, 0.12153342466575334, 0.12153342466575334
dl_gr:3.487050569494305, 3.4927349926500737, 3.488269677303227, 3.487663523364766, 3.485467145328547
ul_tr:0.12153342780672192, 0.12153342782452177, 0.12153342826471736, 0.12153342839911602, 0.11602544984815151
dl_tr:3.487050781608784, 3.492735202615974, 3.4882698946088535, 3.4876637355242446, 3.485467361871381
ul_er:0.0, 0.0, 0.0, 0.0, 0.005505284947150528
dl_er:28.341408905910946, 28.335724482755175, 28.34018979810202, 28.34079595204048, 28.342992330076704
ul_er_ratio:0.0, 0.0, 0.0, 0.0, 0.045299528192792135
dl_er_ratio:0.8904423646056585, 0.890263769056305, 0.8904040620159916, 0.8904231065606086, 0.8904921131714982
ul_er_perc:0.0, 0.0, 0.0, 0.0, 4.529952819279213
dl_er_perc:89.04423646056586, 89.0263769056305, 89.04040620159917, 89.04231065606086, 89.04921131714983
ul_l:0.0005187286517994821, 0.0005189607069009309, 0.000518893982898171, 0.0005192193834821652, 0.0007666016028519715
dl_l:0.00025752713840061596, 0.00025912776138038615, 0.00025698783224367754, 0.00025818938936610634, 0.00025728148834811655
ul_il:0.0005283325854161457, 0.0005274999531224687, 0.0005262395431575684, 0.000525438543492565, 0.000775231719611804
dl_il:0.09797379221302387, 0.09868188470809591, 0.09745413393625064, 0.09811839846748133, 0.09735593668199218
sinr_ul:0.00031229,0.00032549,0.00034088,0.00035847,0.00038267,0.00604789,0.01285561,0.02670198,0.04232203,0.04189978,0.02029232,0.04590678,0.03441359,0.06494554,0.0504592 ,0.04349533,0.04922433,0.03134566,0.01533745,0.02245966,0.01373641,0.00793043,0.00610067,0.0045832 ,0.00178688,0.00099295,0.00045194,0.00042665,0.00040796,0.00039146,0.00038047,0.00036837,0.00038816,0.00021003,0.00018913,0.00018803,0.00018693,0.00018913,0.00033758,0.0011403 
sinr_ul_bin_edges: 3.697052  , 5.51584995, 7.3346479 , 9.15344585,10.9722438 ,12.79104175,14.6098397 ,16.42863765,18.2474356 ,20.06623355,21.8850315 ,23.70382945,25.5226274 ,27.34142535,29.1602233 ,30.97902125,32.7978192 ,34.61661715,36.4354151 ,38.25421305,40.073011  ,41.89180895,43.7106069 ,45.52940485,47.3482028 ,49.16700075,50.9857987 ,52.80459665,54.6233946 ,56.44219255,58.2609905 ,60.07978845,61.8985864 ,63.71738435,65.5361823 ,67.35498025,69.1737782 ,70.99257615,72.8113741 ,74.63017205,76.44897   
sinr_dl:0.0003123 ,0.00032549,0.00034089,0.00035848,0.00038267,0.006048  ,0.01285585,0.02670468,0.04231622,0.04191046,0.02030149,0.04589664,0.03442413,0.06494565,0.05046013,0.04349064,0.04923404,0.03133855,0.01533114,0.02246338,0.01373446,0.00792948,0.00610078,0.00458219,0.00178691,0.00099407,0.00045085,0.00042666,0.00040797,0.00039147,0.00038047,0.00036838,0.00038817,0.00021003,0.00018914,0.00018804,0.00018694,0.00018914,0.00033759,0.00114032
sinr_dl_bin_edges:13.440574  ,15.25933815,17.0781023 ,18.89686645,20.7156306 ,22.53439475,24.3531589 ,26.17192305,27.9906872 ,29.80945135,31.6282155 ,33.44697965,35.2657438 ,37.08450795,38.9032721 ,40.72203625,42.5408004 ,44.35956455,46.1783287 ,47.99709285,49.815857  ,51.63462115,53.4533853 ,55.27214945,57.0909136 ,58.90967775,60.7284419 ,62.54720605,64.3659702 ,66.18473435,68.0034985 ,69.82226265,71.6410268 ,73.45979095,75.2785551 ,77.09731925,78.9160834 ,80.73484755,82.5536117 ,84.37237585,86.19114   
rsrp_ul:0.00031301,0.00032513,0.00034057,0.0003582 ,0.00038245,0.00595824,0.01274639,0.02692338,0.04182338,0.04314155,0.02164407,0.04474188,0.03484896,0.06561114,0.05084229,0.04240532,0.05116522,0.02984739,0.0148482 ,0.02274292,0.01355317,0.00773821,0.00610372,0.00466541,0.00178549,0.000971  ,0.00044858,0.00042764,0.0004078 ,0.00039237,0.00037804,0.00036922,0.00038796,0.00021051,0.00018847,0.00018737,0.00018737,0.00018957,0.00033836,0.00114183
rsrp_ul_bin_edges:-106.8692    ,-105.05458718,-103.23997435,-101.42536152, -99.6107487 , -97.79613588, -95.98152305, -94.16691023, -92.3522974 , -90.53768458, -88.72307175, -86.90845893, -85.0938461 , -83.27923327, -81.46462045, -79.65000763, -77.8353948 , -76.02078198, -74.20616915, -72.39155632, -70.5769435 , -68.76233067, -66.94771785, -65.13310502, -63.3184922 , -61.50387937, -59.68926655, -57.87465372, -56.0600409 , -54.24542807, -52.43081525, -50.61620242, -48.8015896 , -46.98697677, -45.17236395, -43.35775112, -41.5431383 , -39.72852547, -37.91391265, -36.09929982, -34.284687  
rsrp_dl:0.00031301,0.00032513,0.00034057,0.0003582 ,0.00038245,0.00595824,0.01274639,0.02692338,0.04182338,0.04314155,0.02164407,0.04474188,0.03484896,0.06561114,0.05084229,0.04240532,0.05116522,0.02984739,0.0148482 ,0.02274292,0.01355317,0.00773931,0.00610262,0.00466541,0.00178549,0.000971  ,0.00044858,0.00042764,0.0004078 ,0.00039237,0.00037804,0.00036922,0.00038796,0.00021051,0.00018847,0.00018737,0.00018737,0.00018957,0.00033836,0.00114183
rsrp_dl_bin_edges:-103.8589    ,-102.04428718,-100.22967435, -98.41506152, -96.6004487 , -94.78583588, -92.97122305, -91.15661023, -89.3419974 , -87.52738458, -85.71277175, -83.89815893, -82.0835461 , -80.26893328, -78.45432045, -76.63970762, -74.8250948 , -73.01048198, -71.19586915, -69.38125633, -67.5666435 , -65.75203068, -63.93741785, -62.12280503, -60.3081922 , -58.49357938, -56.67896655, -54.86435373, -53.0497409 , -51.23512808, -49.42051525, -47.60590243, -45.7912896 , -43.97667678, -42.16206395, -40.34745113, -38.5328383 , -36.71822548, -34.90361265, -33.08899983, -31.274387  
cqi_ul:1.75998240e-03,0.00000000e+00,0.00000000e+00,0.00000000e+00,0.00000000e+00,3.06996930e-03,0.00000000e+00,0.00000000e+00,0.00000000e+00,0.00000000e+00,1.94998050e-03,0.00000000e+00,0.00000000e+00,0.00000000e+00,0.00000000e+00,3.52996470e-03,0.00000000e+00,0.00000000e+00,0.00000000e+00,0.00000000e+00,3.50996490e-03,0.00000000e+00,0.00000000e+00,0.00000000e+00,0.00000000e+00,1.77098229e-02,0.00000000e+00,0.00000000e+00,0.00000000e+00,0.00000000e+00,9.91890081e-02,0.00000000e+00,0.00000000e+00,0.00000000e+00,0.00000000e+00,1.41178588e-01,0.00000000e+00,0.00000000e+00,0.00000000e+00,4.72810272e+00
cqi_ul_bin_edges: 7. , 7.2, 7.4, 7.6, 7.8, 8. , 8.2, 8.4, 8.6, 8.8, 9. , 9.2, 9.4, 9.6, 9.8,10. ,10.2,10.4,10.6,10.8,11. ,11.2,11.4,11.6,11.8,12. ,12.2,12.4,12.6,12.8,13. ,13.2,13.4,13.6,13.8,14. ,14.2,14.4,14.6,14.8,15. 
cqi_dl:1.59998400e-03,0.00000000e+00,0.00000000e+00,0.00000000e+00,0.00000000e+00,0.00000000e+00,0.00000000e+00,0.00000000e+00,0.00000000e+00,0.00000000e+00,0.00000000e+00,0.00000000e+00,0.00000000e+00,7.75992240e-03,0.00000000e+00,0.00000000e+00,0.00000000e+00,0.00000000e+00,0.00000000e+00,0.00000000e+00,0.00000000e+00,0.00000000e+00,0.00000000e+00,0.00000000e+00,0.00000000e+00,0.00000000e+00,5.94660720e-03,0.00000000e+00,0.00000000e+00,0.00000000e+00,0.00000000e+00,0.00000000e+00,0.00000000e+00,0.00000000e+00,0.00000000e+00,0.00000000e+00,0.00000000e+00,0.00000000e+00,0.00000000e+00,1.33180268e+01
cqi_dl_bin_edges:12.   ,12.075,12.15 ,12.225,12.3  ,12.375,12.45 ,12.525,12.6  ,12.675,12.75 ,12.825,12.9  ,12.975,13.05 ,13.125,13.2  ,13.275,13.35 ,13.425,13.5  ,13.575,13.65 ,13.725,13.8  ,13.875,13.95 ,14.025,14.1  ,14.175,14.25 ,14.325,14.4  ,14.475,14.55 ,14.625,14.7  ,14.775,14.85 ,14.925,15.   
mcs_ul:1.50586729e-04,0.00000000e+00,6.77640282e-04,0.00000000e+00,7.34110306e-04,0.00000000e+00,0.00000000e+00,7.10581129e-04,0.00000000e+00,4.65877694e-04,0.00000000e+00,0.00000000e+00,0.00000000e+00,0.00000000e+00,4.51760188e-04,0.00000000e+00,8.42344518e-04,0.00000000e+00,8.18815341e-04,0.00000000e+00,0.00000000e+00,8.09403671e-04,0.00000000e+00,8.42344518e-04,0.00000000e+00,9.12932047e-04,0.00000000e+00,0.00000000e+00,7.42110226e-03,0.00000000e+00,2.15244906e-02,0.00000000e+00,2.51526896e-02,0.00000000e+00,0.00000000e+00,2.38303499e-02,0.00000000e+00,4.25831036e-02,0.00000000e+00,2.22501304e+00
mcs_ul_bin_edges:11.   ,11.425,11.85 ,12.275,12.7  ,13.125,13.55 ,13.975,14.4  ,14.825,15.25 ,15.675,16.1  ,16.525,16.95 ,17.375,17.8  ,18.225,18.65 ,19.075,19.5  ,19.925,20.35 ,20.775,21.2  ,21.625,22.05 ,22.475,22.9  ,23.325,23.75 ,24.175,24.6  ,25.025,25.45 ,25.875,26.3  ,26.725,27.15 ,27.575,28.   
mcs_dl:9.59990400e-04,0.00000000e+00,0.00000000e+00,0.00000000e+00,0.00000000e+00,0.00000000e+00,0.00000000e+00,0.00000000e+00,2.30397696e-03,0.00000000e+00,0.00000000e+00,0.00000000e+00,0.00000000e+00,0.00000000e+00,0.00000000e+00,0.00000000e+00,2.35197648e-03,0.00000000e+00,0.00000000e+00,0.00000000e+00,0.00000000e+00,0.00000000e+00,0.00000000e+00,0.00000000e+00,1.74398256e-03,0.00000000e+00,0.00000000e+00,0.00000000e+00,0.00000000e+00,0.00000000e+00,0.00000000e+00,0.00000000e+00,1.82398176e-03,0.00000000e+00,0.00000000e+00,0.00000000e+00,0.00000000e+00,0.00000000e+00,0.00000000e+00,7.99081609e+00
mcs_dl_bin_edges:23.   ,23.125,23.25 ,23.375,23.5  ,23.625,23.75 ,23.875,24.   ,24.125,24.25 ,24.375,24.5  ,24.625,24.75 ,24.875,25.   ,25.125,25.25 ,25.375,25.5  ,25.625,25.75 ,25.875,26.   ,26.125,26.25 ,26.375,26.5  ,26.625,26.75 ,26.875,27.   ,27.125,27.25 ,27.375,27.5  ,27.625,27.75 ,27.875,28.   
eff_ul:6.27752905e-04,0.00000000e+00,2.82488807e-03,0.00000000e+00,3.06029541e-03,0.00000000e+00,2.96220902e-03,0.00000000e+00,0.00000000e+00,1.94211055e-03,1.88325871e-03,0.00000000e+00,3.51149281e-03,0.00000000e+00,0.00000000e+00,3.41340642e-03,0.00000000e+00,0.00000000e+00,3.37417186e-03,0.00000000e+00,3.51149281e-03,0.00000000e+00,0.00000000e+00,3.80575199e-03,0.00000000e+00,0.00000000e+00,3.09364478e-02,0.00000000e+00,0.00000000e+00,8.97294308e-02,0.00000000e+00,0.00000000e+00,1.04854352e-01,0.00000000e+00,0.00000000e+00,9.93418972e-02,0.00000000e+00,1.77516751e-01,0.00000000e+00,9.27544152e+00
eff_ul_bin_edges:1.4766005 ,1.57855042,1.68050035,1.78245027,1.88440019,1.98635011,2.08830003,2.19024996,2.29219988,2.3941498 ,2.49609972,2.59804965,2.69999957,2.80194949,2.90389941,3.00584934,3.10779926,3.20974918,3.3116991 ,3.41364903,3.51559895,3.61754887,3.71949879,3.82144872,3.92339864,4.02534856,4.12729848,4.22924841,4.33119833,4.43314825,4.53509817,4.6370481 ,4.73899802,4.84094794,4.94289786,5.04484779,5.14679771,5.24874763,5.35069755,5.45264748,5.5545974 
eff_dl:3.57752629e-03,0.00000000e+00,0.00000000e+00,0.00000000e+00,0.00000000e+00,0.00000000e+00,0.00000000e+00,0.00000000e+00,0.00000000e+00,8.58606310e-03,0.00000000e+00,0.00000000e+00,0.00000000e+00,0.00000000e+00,0.00000000e+00,0.00000000e+00,0.00000000e+00,8.76493942e-03,0.00000000e+00,0.00000000e+00,0.00000000e+00,0.00000000e+00,0.00000000e+00,0.00000000e+00,0.00000000e+00,0.00000000e+00,6.49917276e-03,0.00000000e+00,0.00000000e+00,0.00000000e+00,0.00000000e+00,0.00000000e+00,0.00000000e+00,6.79729995e-03,0.00000000e+00,0.00000000e+00,0.00000000e+00,0.00000000e+00,0.00000000e+00,2.97787922e+01
eff_dl_bin_edges:4.2129016 ,4.24644399,4.27998639,4.31352878,4.34707118,4.38061357,4.41415597,4.44769836,4.48124076,4.51478315,4.54832555,4.58186794,4.61541034,4.64895273,4.68249513,4.71603752,4.74957992,4.78312231,4.81666471,4.8502071 ,4.8837495 ,4.91729189,4.95083429,4.98437668,5.01791908,5.05146147,5.08500387,5.11854626,5.15208866,5.18563105,5.21917345,5.25271584,5.28625824,5.31980063,5.35334303,5.38688543,5.42042782,5.45397022,5.48751261,5.521055  ,5.5545974 
rul:4.65089605e-01,1.25796854e-04,6.24325127e-05,1.11819426e-04,1.23001368e-04,4.19322846e-05,2.60911993e-05,2.51593708e-05,3.82049704e-05,5.21823986e-05,1.86365709e-05,2.32957137e-05,3.16821706e-05,7.45462838e-06,6.52279983e-06,1.30455997e-05,0.00000000e+00,1.86365709e-06,4.65914274e-06,2.79548564e-06,1.07160283e-04,0.00000000e+00,0.00000000e+00,0.00000000e+00,0.00000000e+00,0.00000000e+00,0.00000000e+00,0.00000000e+00,0.00000000e+00,0.00000000e+00,0.00000000e+00,0.00000000e+00,0.00000000e+00,0.00000000e+00,0.00000000e+00,0.00000000e+00,0.00000000e+00,0.00000000e+00,0.00000000e+00,5.59097128e-06
rul_bin_edges: 0.        , 2.14629613, 4.29259225, 6.43888838, 8.5851845 ,10.73148062,12.87777675,15.02407288,17.170369  ,19.31666513,21.46296125,23.60925738,25.7555535 ,27.90184963,30.04814575,32.19444188,34.340738  ,36.48703413,38.63333025,40.77962637,42.9259225 ,45.07221863,47.21851475,49.36481088,51.511107  ,53.65740313,55.80369925,57.94999538,60.0962915 ,62.24258763,64.38888375,66.53517987,68.681476  ,70.82777213,72.97406825,75.12036438,77.2666605 ,79.41295663,81.55925275,83.70554888,85.851845  
rdl:4.57748522e-01,3.38925300e-05,8.17408075e-05,8.97155205e-05,9.56965552e-05,3.88767255e-05,2.29272997e-05,3.98735647e-06,7.97471293e-06,1.99367823e-05,1.49525867e-05,6.97787381e-06,1.99367823e-06,1.99367823e-06,7.97471293e-06,1.99367823e-06,3.98735647e-06,1.99367823e-06,2.99051735e-06,3.72608493e-02,0.00000000e+00,9.96839116e-07,0.00000000e+00,9.96839116e-07,0.00000000e+00,9.96839116e-07,9.96839116e-07,0.00000000e+00,0.00000000e+00,0.00000000e+00,0.00000000e+00,0.00000000e+00,0.00000000e+00,0.00000000e+00,0.00000000e+00,0.00000000e+00,0.00000000e+00,0.00000000e+00,0.00000000e+00,2.97157741e-03
rdl_bin_edges: 0.        , 2.00632175, 4.0126435 , 6.01896525, 8.025287  ,10.03160875,12.0379305 ,14.04425225,16.050574  ,18.05689575,20.0632175 ,22.06953925,24.075861  ,26.08218275,28.0885045 ,30.09482625,32.101148  ,34.10746975,36.1137915 ,38.12011325,40.126435  ,42.13275675,44.1390785 ,46.14540025,48.151722  ,50.15804375,52.1643655 ,54.17068725,56.177009  ,58.18333075,60.1896525 ,62.19597425,64.202296  ,66.20861775,68.2149395 ,70.22126125,72.227583  ,74.23390475,76.2402265 ,78.24654825,80.25287   
lul:5.64609261e+01,5.42176700e-03,5.64767396e-04,5.64767396e-04,2.25906958e-04,5.64767396e-04,6.77720875e-04,4.51813917e-04,9.03627834e-04,1.12953479e-04,3.38860438e-04,5.64767396e-04,1.12953479e-04,2.25906958e-04,4.51813917e-04,1.12953479e-04,3.38860438e-04,5.64767396e-04,3.38860438e-04,2.25906958e-04,3.38860438e-04,2.25906958e-04,0.00000000e+00,3.38860438e-04,4.51813917e-04,3.38860438e-04,1.12953479e-04,2.25906958e-04,3.38860438e-04,3.38860438e-04,1.12953479e-04,0.00000000e+00,3.38860438e-04,1.12953479e-04,1.12953479e-04,0.00000000e+00,0.00000000e+00,1.12953479e-04,0.00000000e+00,1.12953479e-04
lul_bin_edges:0.        ,0.01770623,0.03541245,0.05311868,0.07082491,0.08853114,0.10623736,0.12394359,0.14164982,0.15935605,0.17706227,0.1947685 ,0.21247473,0.23018096,0.24788718,0.26559341,0.28329964,0.30100587,0.31871209,0.33641832,0.35412455,0.37183078,0.389537  ,0.40724323,0.42494946,0.44265569,0.46036191,0.47806814,0.49577437,0.5134806 ,0.53118682,0.54889305,0.56659928,0.58430551,0.60201173,0.61971796,0.63742419,0.65513042,0.67283664,0.69054287,0.7082491 
ldl:3.66611625e+03,0.00000000e+00,0.00000000e+00,0.00000000e+00,0.00000000e+00,0.00000000e+00,0.00000000e+00,0.00000000e+00,0.00000000e+00,0.00000000e+00,0.00000000e+00,1.76032639e+02,1.13318662e+02,1.51166199e+01,8.93400234e+00,1.77640279e+01,1.85558509e+00,0.00000000e+00,0.00000000e+00,0.00000000e+00,0.00000000e+00,0.00000000e+00,0.00000000e+00,0.00000000e+00,0.00000000e+00,0.00000000e+00,0.00000000e+00,0.00000000e+00,0.00000000e+00,0.00000000e+00,0.00000000e+00,0.00000000e+00,0.00000000e+00,0.00000000e+00,0.00000000e+00,0.00000000e+00,0.00000000e+00,0.00000000e+00,0.00000000e+00,7.99821158e-03
ldl_bin_edges:0.        ,0.00025005,0.00050011,0.00075016,0.00100021,0.00125027,0.00150032,0.00175037,0.00200043,0.00225048,0.00250053,0.00275059,0.00300064,0.00325069,0.00350075,0.0037508 ,0.00400085,0.00425091,0.00450096,0.00475101,0.00500107,0.00525112,0.00550117,0.00575123,0.00600128,0.00625134,0.00650139,0.00675144,0.0070015 ,0.00725155,0.0075016 ,0.00775166,0.00800171,0.00825176,0.00850182,0.00875187,0.00900192,0.00925198,0.00950203,0.00975208,0.01000214
ilul:5.64490660e+01,1.36673710e-02,2.93679046e-03,1.80725567e-03,2.25906958e-04,5.64767396e-04,6.77720875e-04,4.51813917e-04,9.03627834e-04,1.12953479e-04,2.25906958e-04,5.64767396e-04,1.12953479e-04,3.38860438e-04,4.51813917e-04,1.12953479e-04,3.38860438e-04,4.51813917e-04,4.51813917e-04,2.25906958e-04,3.38860438e-04,2.25906958e-04,0.00000000e+00,3.38860438e-04,4.51813917e-04,3.38860438e-04,1.12953479e-04,2.25906958e-04,3.38860438e-04,3.38860438e-04,1.12953479e-04,0.00000000e+00,3.38860438e-04,1.12953479e-04,1.12953479e-04,0.00000000e+00,0.00000000e+00,1.12953479e-04,0.00000000e+00,1.12953479e-04
ilul_bin_edges:0.        ,0.01770623,0.03541245,0.05311868,0.07082491,0.08853114,0.10623736,0.12394359,0.14164982,0.15935605,0.17706227,0.1947685 ,0.21247473,0.23018096,0.24788718,0.26559341,0.28329964,0.30100587,0.31871209,0.33641832,0.35412455,0.37183078,0.389537  ,0.40724323,0.42494946,0.44265569,0.46036191,0.47806814,0.49577437,0.5134806 ,0.53118682,0.54889305,0.56659928,0.58430551,0.60201173,0.61971796,0.63742419,0.65513042,0.67283664,0.69054287,0.7082491 
ildl:2.70337321e+01,1.65758800e-02,1.76926947e-02,1.56941843e-02,1.40483522e-02,1.40483522e-02,1.15208244e-02,1.21674013e-02,1.17559433e-02,1.21086216e-02,1.15208244e-02,1.14620447e-02,1.11681461e-02,1.22261810e-02,1.12857056e-02,1.06979084e-02,1.11093664e-02,1.00513315e-02,8.58183861e-03,7.52380371e-03,6.58332825e-03,6.81844711e-03,6.11309051e-03,4.40847874e-03,4.70237732e-03,4.70237732e-03,4.64359760e-03,4.34969902e-03,4.52603817e-03,4.34969902e-03,4.64359760e-03,4.52603817e-03,4.70237732e-03,4.52603817e-03,9.93377209e-03,1.10505867e-02,1.52239466e-02,3.40922356e-02,2.98248281e-01,1.68703664e+00
ildl_bin_edges:0.        ,0.034025  ,0.06805   ,0.10207501,0.13610001,0.17012501,0.20415001,0.23817502,0.27220002,0.30622502,0.34025003,0.37427503,0.40830003,0.44232503,0.47635003,0.51037504,0.54440004,0.57842504,0.61245004,0.64647505,0.68050005,0.71452505,0.74855005,0.78257506,0.81660006,0.85062506,0.88465006,0.91867507,0.95270007,0.98672507,1.02075008,1.05477508,1.08880008,1.12282508,1.15685008,1.19087509,1.22490009,1.25892509,1.29295009,1.3269751 ,1.3610001 
eul:1.87494796e+00,5.62582279e-05,2.62538397e-05,1.12516456e-05,1.12516456e-05,2.25032911e-05,1.87527426e-05,2.62538397e-05,3.75054852e-06,7.50109705e-06,3.75054852e-06,1.87527426e-05,3.75054852e-06,3.75054852e-06,2.25032911e-05,7.50109705e-06,7.50109705e-06,1.12516456e-05,3.75054852e-06,1.12516456e-05,2.25032911e-05,7.50109705e-06,3.75054852e-06,7.50109705e-06,7.50109705e-06,0.00000000e+00,0.00000000e+00,7.50109705e-06,3.75054852e-06,0.00000000e+00,3.75054852e-06,0.00000000e+00,0.00000000e+00,0.00000000e+00,0.00000000e+00,0.00000000e+00,0.00000000e+00,0.00000000e+00,0.00000000e+00,3.75054852e-06
eul_bin_edges: 0.     , 0.53325, 1.0665 , 1.59975, 2.133  , 2.66625, 3.1995 , 3.73275, 4.266  , 4.79925, 5.3325 , 5.86575, 6.399  , 6.93225, 7.4655 , 7.99875, 8.532  , 9.06525, 9.5985 ,10.13175,10.665  ,11.19825,11.7315 ,12.26475,12.798  ,13.33125,13.8645 ,14.39775,14.931  ,15.46425,15.9975 ,16.53075,17.064  ,17.59725,18.1305 ,18.66375,19.197  ,19.73025,20.2635 ,20.79675,21.33   
edl:6.19958928e-02,2.55055378e-05,9.15029180e-05,8.53066575e-05,6.68619748e-05,3.97281173e-04,4.49589141e-05,3.92237705e-04,1.47744790e-03,1.77472431e-03,5.63859714e-04,2.42230559e-04,1.09659403e-04,5.33166609e-05,1.02022151e-04,1.39632012e-04,1.45828273e-04,1.93380970e-04,1.01589854e-04,1.33147553e-04,6.82165061e-04,1.17411933e-03,1.57226510e-03,3.01311184e-04,2.68024295e-05,2.68024295e-05,1.64272955e-05,2.43527451e-05,2.13266644e-05,1.75800882e-05,2.73788259e-05,2.27676552e-05,0.00000000e+00,0.00000000e+00,0.00000000e+00,0.00000000e+00,0.00000000e+00,0.00000000e+00,0.00000000e+00,5.76396334e-07
edl_bin_edges:  0.    , 13.8792, 27.7584, 41.6376, 55.5168, 69.396 , 83.2752, 97.1544,111.0336,124.9128,138.792 ,152.6712,166.5504,180.4296,194.3088,208.188 ,222.0672,235.9464,249.8256,263.7048,277.584 ,291.4632,305.3424,319.2216,333.1008,346.98  ,360.8592,374.7384,388.6176,402.4968,416.376 ,430.2552,444.1344,458.0136,471.8928,485.772 ,499.6512,513.5304,527.4096,541.2888,555.168 
gul:2.85471335e-01,2.85825759e-05,8.57477277e-05,2.00078031e-05,8.57477277e-06,7.14564397e-05,1.42912879e-05,4.28738638e-05,1.71495455e-05,1.71495455e-05,2.85825759e-06,2.28660607e-05,0.00000000e+00,2.85825759e-06,2.85825759e-06,0.00000000e+00,2.85825759e-06,2.85825759e-06,0.00000000e+00,0.00000000e+00,2.85825759e-06,0.00000000e+00,2.85825759e-06,0.00000000e+00,0.00000000e+00,0.00000000e+00,0.00000000e+00,0.00000000e+00,2.85825759e-06,0.00000000e+00,0.00000000e+00,0.00000000e+00,0.00000000e+00,0.00000000e+00,2.85825759e-06,0.00000000e+00,0.00000000e+00,0.00000000e+00,0.00000000e+00,2.85825759e-06
gul_bin_edges:  0.    ,  3.4986,  6.9972, 10.4958, 13.9944, 17.493 , 20.9916, 24.4902, 27.9888, 31.4874, 34.986 , 38.4846, 41.9832, 45.4818, 48.9804, 52.479 , 55.9776, 59.4762, 62.9748, 66.4734, 69.972 , 73.4706, 76.9692, 80.4678, 83.9664, 87.465 , 90.9636, 94.4622, 97.9608,101.4594,104.958 ,108.4566,111.9552,115.4538,118.9524,122.451 ,125.9496,129.4482,132.9468,136.4454,139.944 
gdl:7.07611519e-02,1.48422056e-05,4.89936884e-05,2.06061689e-05,1.45540074e-05,2.24506372e-04,4.75526976e-06,2.92521140e-05,1.29256878e-04,8.99178281e-05,4.13564370e-05,3.37191855e-05,1.71477909e-05,5.76396334e-06,1.61390974e-05,1.67154937e-05,1.55627010e-05,2.34881506e-05,1.80123854e-05,1.67154937e-05,8.37215675e-05,1.46548768e-04,1.98712636e-04,4.23651306e-05,4.89936884e-06,4.89936884e-06,3.02608075e-06,3.74657617e-06,4.61117067e-06,4.03477434e-06,5.76396334e-06,5.33166609e-06,0.00000000e+00,0.00000000e+00,0.00000000e+00,0.00000000e+00,0.00000000e+00,0.00000000e+00,0.00000000e+00,1.44099084e-07
gdl_bin_edges:  0.    , 13.8792, 27.7584, 41.6376, 55.5168, 69.396 , 83.2752, 97.1544,111.0336,124.9128,138.792 ,152.6712,166.5504,180.4296,194.3088,208.188 ,222.0672,235.9464,249.8256,263.7048,277.584 ,291.4632,305.3424,319.2216,333.1008,346.98  ,360.8592,374.7384,388.6176,402.4968,416.376 ,430.2552,444.1344,458.0136,471.8928,485.772 ,499.6512,513.5304,527.4096,541.2888,555.168 
ri: 0., 0., 0., 0., 0., 0., 0., 0., 0., 0., 0., 0., 0., 0., 0., 0., 0., 0., 0., 0.,40., 0., 0., 0., 0., 0., 0., 0., 0., 0., 0., 0., 0., 0., 0., 0., 0., 0., 0., 0.
ri_bin_edges:0.5  ,0.525,0.55 ,0.575,0.6  ,0.625,0.65 ,0.675,0.7  ,0.725,0.75 ,0.775,0.8  ,0.825,0.85 ,0.875,0.9  ,0.925,0.95 ,0.975,1.   ,1.025,1.05 ,1.075,1.1  ,1.125,1.15 ,1.175,1.2  ,1.225,1.25 ,1.275,1.3  ,1.325,1.35 ,1.375,1.4  ,1.425,1.45 ,1.475,1.5  
