period:1
ue_log_freq:1000
mac_log_freq:1000
mimo_layers:2
frequency:2412000000.0
bandwidth:50000000
ue_speed:5.555555555555555
max_distance:1000
shannon_cfg_bandwidth_mhz:50.0
shannon_cfg_mimo_layers:2
shannon_cfg_bw_efficiency:0.67
shannon_cfg_sinr_offset_db:0
shannon_cfg_ul_divisor:2
shannon_cfg_sinr_sample_rate:1000
n_ue:20
sinr_period:9.463597741343282
sinr_rate:105.66805852612856
ul_fairness:nan
dl_fairness:0.4496347352368035
ul_agg_throughput:0
dl_agg_throughput:65.59362797191814
ul_ave_throughput:0.0
dl_ave_throughput:3.279681398595907
ul_se:0.0
dl_se:1.3118725594383627
ul_ase:0.0
dl_ase:4.175820050824634e-07
ul_gr:0.0, 0.0, 0.0, 0.0, 0.0, 0.0, 0.0, 0.0, 0.0, 0.0, 0.0, 0.0, 0.0, 0.0, 0.0, 0.0, 0.0, 0.0, 0.0, 0.0
dl_gr:3.7080929190708094, 3.7084999150008495, 0.10491495085049148, 3.708102918970811, 3.6203307966920333, 0.10491495085049148, 3.7082299177008236, 0.9981780182198177, 3.709532904670954, 3.708006919930801, 3.7087249127508715, 0.10491495085049148, 3.707885921140789, 3.70869891301087, 0.10491495085049148, 2.766276337236628, 0.10491495085049148, 0.10491495085049148, 0.10491495085049148, 0.10491495085049148
ul_tr:0.0, 0.0, 0.0, 0.0, 0.0, 0.0, 0.0, 0.0, 0.0, 0.0, 0.0, 0.0, 0.0, 0.0, 0.0, 0.0, 0.0, 0.0, 0.0, 0.0
dl_tr:3.600107409425905, 3.6013112026879726, 0.0, 3.6009099699003015, 3.511830190698093, 0.0, 3.6013112006879924, 0.8920016572834272, 3.6021137211627887, 3.6009099326006733, 3.6013112016879827, 0.0, 3.60050868201318, 3.6009099390006103, 0.0, 2.659915175908241, 0.0, 0.0, 0.0, 0.0
ul_er:0.0, 0.0, 0.0, 0.0, 0.0, 0.0, 0.0, 0.0, 0.0, 0.0, 0.0, 0.0, 0.0, 0.0, 0.0, 0.0, 0.0, 0.0, 0.0, 0.0
dl_er:96.28982210177898, 96.28941510584893, 99.89300006999929, 96.289812101879, 96.37862121378787, 99.89300006999929, 96.28968510314897, 98.99973700262997, 96.28838211617884, 96.28990810091899, 96.28919010809895, 99.89300006999929, 96.29002909970897, 96.28921610783894, 99.89300006999929, 97.23163868361314, 99.89300006999929, 99.89300006999929, 99.89300006999929, 99.89300006999929
ul_er_ratio:0.0, 0.0, 0.0, 0.0, 0.0, 0.0, 0.0, 0.0, 0.0, 0.0, 0.0, 0.0, 0.0, 0.0, 0.0, 0.0, 0.0, 0.0, 0.0, 0.0
dl_er_ratio:0.9639592556823051, 0.9639474920668367, 1.0, 0.9639515072549705, 0.964843184295187, 1.0, 0.9639475895331554, 0.9910703160316361, 0.96393937490281, 0.9639515422589457, 0.9639474108702353, 1.0, 0.9639554580246539, 0.9639512924699674, 1.0, 0.9733719711713674, 1.0, 1.0, 1.0, 1.0
ul_er_perc:0.0, 0.0, 0.0, 0.0, 0.0, 0.0, 0.0, 0.0, 0.0, 0.0, 0.0, 0.0, 0.0, 0.0, 0.0, 0.0, 0.0, 0.0, 0.0, 0.0
dl_er_perc:96.39592556823051, 96.39474920668367, 100.0, 96.39515072549705, 96.4843184295187, 100.0, 96.39475895331555, 99.1070316031636, 96.393937490281, 96.39515422589457, 96.39474108702353, 100.0, 96.39554580246539, 96.39512924699673, 100.0, 97.33719711713674, 100.0, 100.0, 100.0, 100.0
ul_l:0.0, 0.0, 0.0, 0.0, 0.0, 0.0, 0.0, 0.0, 0.0, 0.0, 0.0, 0.0, 0.0, 0.0, 0.0, 0.0, 0.0, 0.0, 0.0, 0.0
dl_l:0.00025885784998150015, 0.00025845021603383966, 0.0, 0.0002536625091579084, 0.0002456305901080989, 0.0, 0.0002589445930300697, 6.373941987780122e-05, 0.00026022007713122873, 0.0002594849052599474, 0.0002587531339626603, 0.0, 0.00025963570557794425, 0.0002597808820721793, 0.0, 0.02374973571698183, 0.0, 0.0, 0.0, 0.0
ul_il:0.0, 0.0, 0.0, 0.0, 0.0, 0.0, 0.0, 0.0, 0.0, 0.0, 0.0, 0.0, 0.0, 0.0, 0.0, 0.0, 0.0, 0.0, 0.0, 0.0
dl_il:0.2258380171761982, 0.2245659615854541, 0.0, 0.23010503824551756, 0.22687109448583512, 0.0, 0.2254798393727263, 0.048836996494025064, 0.2268508470799792, 0.22633304540893087, 0.2248275572083439, 0.0, 0.22593150758546415, 0.22584359036840626, 0.0, 0.21222641789212107, 0.0, 0.0, 0.0, 0.0
sinr_ul:0.02328441,0.0056874 ,0.        ,0.        ,0.00638996,0.01038948,0.01332893,0.02529098,0.02983777,0.03710585,0.01739624,0.01145128,0.00163602,0.01047205,0.03077905,0.01437277,0.0087352 ,0.00483535,0.0042536 ,0.00387233,0.0030058 ,0.01402888,0.05777008,0.04023014,0.00949542,0.01474042,0.01422646,0.02148904,0.00047224,0.02295298,0.01456253,0.01139595,0.01539257,0.01538504,0.03048615,0.01641932,0.01213675,0.00368749,0.0017748 ,0.00066548
sinr_ul_bin_edges:-31.829348  ,-30.10353235,-28.3777167 ,-26.65190105,-24.9260854 ,-23.20026975,-21.4744541 ,-19.74863845,-18.0228228 ,-16.29700715,-14.5711915 ,-12.84537585,-11.1195602 , -9.39374455, -7.6679289 , -5.94211325, -4.2162976 , -2.49048195, -0.7646663 ,  0.96114935,  2.686965  ,  4.41278065,  6.1385963 ,  7.86441195,  9.5902276 , 11.31604325, 13.0418589 , 14.76767455, 16.4934902 , 18.21930585, 19.9451215 , 21.67093715, 23.3967528 , 25.12256845, 26.8483841 , 28.57419975, 30.3000154 , 32.02583105, 33.7516467 , 35.47746235, 37.203278  
sinr_dl:0.0232847 ,0.00568675,0.        ,0.        ,0.00638959,0.01038964,0.01332471,0.02529154,0.02983711,0.03711235,0.01739284,0.01145114,0.00163687,0.01046323,0.03078766,0.0143723 ,0.00873452,0.004835  ,0.00425326,0.00387229,0.00300779,0.01403131,0.05777343,0.04022096,0.00949588,0.01474227,0.01423208,0.02148531,0.0004673 ,0.02294313,0.01457423,0.01139552,0.01539325,0.01538543,0.03048114,0.01641854,0.01213834,0.00368745,0.00177477,0.00066547
sinr_dl_bin_edges:-22.069702  ,-20.34386525,-18.6180285 ,-16.89219175,-15.166355  ,-13.44051825,-11.7146815 , -9.98884475, -8.263008  , -6.53717125, -4.8113345 , -3.08549775, -1.359661  ,  0.36617575,  2.0920125 ,  3.81784925,  5.543686  ,  7.26952275,  8.9953595 , 10.72119625, 12.447033  , 14.17286975, 15.8987065 , 17.62454325, 19.35038   , 21.07621675, 22.8020535 , 24.52789025, 26.253727  , 27.97956375, 29.7054005 , 31.43123725, 33.157074  , 34.88291075, 36.6087475 , 38.33458425, 40.060421  , 41.78625775, 43.5120945 , 45.23793125, 46.963768  
rsrp_ul:0.02327167,0.00561169,0.        ,0.        ,0.00628467,0.01040888,0.01295608,0.0239822 ,0.03061548,0.03850114,0.01654076,0.01152319,0.00179508,0.00822734,0.03298332,0.01431156,0.00854506,0.00466462,0.00419816,0.00388622,0.00368635,0.01555902,0.05890415,0.03698853,0.00917182,0.01520492,0.01600036,0.0194282 ,0.        ,0.02164007,0.0163458 ,0.01134325,0.01557693,0.01548277,0.02912569,0.0163458 ,0.01234867,0.00375336,0.00178873,0.00066575
rsrp_ul_bin_edges:-139.5603    ,-137.82919975,-136.0980995 ,-134.36699925,-132.635899  ,-130.90479875,-129.1736985 ,-127.44259825,-125.711498  ,-123.98039775,-122.2492975 ,-120.51819725,-118.787097  ,-117.05599675,-115.3248965 ,-113.59379625,-111.862696  ,-110.13159575,-108.4004955 ,-106.66939525,-104.938295  ,-103.20719475,-101.4760945 , -99.74499425, -98.013894  , -96.28279375, -94.5516935 , -92.82059325, -91.089493  , -89.35839275, -87.6272925 , -85.89619225, -84.165092  , -82.43399175, -80.7028915 , -78.97179125, -77.240691  , -75.50959075, -73.7784905 , -72.04739025, -70.31629   
rsrp_dl:0.02327167,0.00561169,0.        ,0.        ,0.00628467,0.01040888,0.01295608,0.0239822 ,0.03061548,0.03850114,0.01654076,0.01152319,0.00179508,0.00822734,0.03298332,0.01431156,0.00854506,0.00466462,0.00419816,0.00388622,0.00368635,0.01555902,0.05890415,0.03698853,0.00917182,0.01520492,0.01600036,0.0194282 ,0.        ,0.02164007,0.0163458 ,0.01134325,0.01557693,0.01548277,0.02912569,0.0163458 ,0.01234867,0.00375336,0.00178873,0.00066575
rsrp_dl_bin_edges:-136.55      ,-134.81889975,-133.0877995 ,-131.35669925,-129.625599  ,-127.89449875,-126.1633985 ,-124.43229825,-122.701198  ,-120.97009775,-119.2389975 ,-117.50789725,-115.776797  ,-114.04569675,-112.3145965 ,-110.58349625,-108.852396  ,-107.12129575,-105.3901955 ,-103.65909525,-101.927995  ,-100.19689475, -98.4657945 , -96.73469425, -95.003594  , -93.27249375, -91.5413935 , -89.81029325, -88.079193  , -86.34809275, -84.6169925 , -82.88589225, -81.154792  , -79.42369175, -77.6925915 , -75.96149125, -74.230391  , -72.49929075, -70.7681905 , -69.03709025, -67.30599   
cqi_ul:0.83923027,0.        ,0.10958557,0.        ,0.        ,0.12172945,0.        ,0.        ,0.06287537,0.        ,0.02558508,0.        ,0.        ,0.02202511,0.        ,0.        ,0.01299454,0.        ,0.02723039,0.        ,0.        ,0.11936681,0.        ,0.        ,0.20462729,0.        ,0.19551271,0.        ,0.        ,0.03142902,0.        ,0.        ,0.09818035,0.        ,0.07361793,0.        ,0.        ,0.05601011,0.        ,0.66666667
cqi_ul_bin_edges: 0.   , 0.375, 0.75 , 1.125, 1.5  , 1.875, 2.25 , 2.625, 3.   , 3.375, 3.75 , 4.125, 4.5  , 4.875, 5.25 , 5.625, 6.   , 6.375, 6.75 , 7.125, 7.5  , 7.875, 8.25 , 8.625, 9.   , 9.375, 9.75 ,10.125,10.5  ,10.875,11.25 ,11.625,12.   ,12.375,12.75 ,13.125,13.5  ,13.875,14.25 ,14.625,15.   
cqi_dl:0.33533665,0.        ,0.133572  ,0.        ,0.        ,0.22604841,0.        ,0.        ,0.11567884,0.        ,0.02166512,0.        ,0.        ,0.01097056,0.        ,0.        ,0.12691206,0.        ,0.09860701,0.        ,0.        ,0.04962484,0.        ,0.        ,0.02419576,0.        ,0.02182778,0.        ,0.        ,0.02419176,0.        ,0.        ,0.01285454,0.        ,0.05026616,0.        ,0.        ,0.17484225,0.        ,1.24007293
cqi_dl_bin_edges: 0.   , 0.375, 0.75 , 1.125, 1.5  , 1.875, 2.25 , 2.625, 3.   , 3.375, 3.75 , 4.125, 4.5  , 4.875, 5.25 , 5.625, 6.   , 6.375, 6.75 , 7.125, 7.5  , 7.875, 8.25 , 8.625, 9.   , 9.375, 9.75 ,10.125,10.5  ,10.875,11.25 ,11.625,12.   ,12.375,12.75 ,13.125,13.5  ,13.875,14.25 ,14.625,15.   
mcs_ul:5.51253773e-01,2.22526346e-02,1.91212374e-02,0.00000000e+00,1.45619972e-02,8.56991430e-03,0.00000000e+00,5.13637721e-03,5.12209164e-03,0.00000000e+00,6.67707609e-03,4.40924162e-03,3.28568143e-05,0.00000000e+00,2.51926052e-03,3.42853714e-03,0.00000000e+00,1.11591741e-02,1.19420234e-02,0.00000000e+00,5.20044800e-02,5.09766331e-02,0.00000000e+00,0.00000000e+00,5.86451278e-02,7.08357202e-02,0.00000000e+00,3.39032324e-02,1.08941768e-02,0.00000000e+00,5.94279771e-03,2.70711579e-02,2.55254590e-02,0.00000000e+00,1.48169947e-02,2.46211824e-02,0.00000000e+00,2.70225869e-02,2.98282731e-03,3.57142857e-01
mcs_ul_bin_edges: 0. , 0.7, 1.4, 2.1, 2.8, 3.5, 4.2, 4.9, 5.6, 6.3, 7. , 7.7, 8.4, 9.1, 9.8,10.5,11.2,11.9,12.6,13.3,14. ,14.7,15.4,16.1,16.8,17.5,18.2,18.9,19.6,20.3,21. ,21.7,22.4,23.1,23.8,24.5,25.2,25.9,26.6,27.3,28. 
mcs_dl:3.13326152e-01,5.89722674e-02,3.32025251e-02,0.00000000e+00,2.87682837e-02,9.96775747e-03,0.00000000e+00,1.63855504e-03,3.37425197e-03,0.00000000e+00,2.50283211e-03,2.74990107e-02,5.06423507e-04,0.00000000e+00,3.99831716e-02,3.14561140e-02,0.00000000e+00,2.13690720e-02,1.53527036e-02,0.00000000e+00,1.12320305e-02,8.34848794e-03,0.00000000e+00,0.00000000e+00,4.61352529e-03,6.51064918e-03,0.00000000e+00,5.18280531e-03,6.86778846e-03,0.00000000e+00,6.09208194e-03,3.48210804e-03,3.40425167e-03,0.00000000e+00,1.24027331e-02,1.45255690e-02,0.00000000e+00,3.80881905e-02,5.55537302e-02,6.64348357e-01
mcs_dl_bin_edges: 0. , 0.7, 1.4, 2.1, 2.8, 3.5, 4.2, 4.9, 5.6, 6.3, 7. , 7.7, 8.4, 9.1, 9.8,10.5,11.2,11.9,12.6,13.3,14. ,14.7,15.4,16.1,16.8,17.5,18.2,18.9,19.6,20.3,21. ,21.7,22.4,23.1,23.8,24.5,25.2,25.9,26.6,27.3,28. 
eff_ul:2.26631261,0.51248566,0.20856028,0.07340513,0.04319982,0.02589181,0.02581979,0.03365827,0.02222641,0.01286489,0.01728281,0.        ,0.05625194,0.06019818,0.        ,0.26214779,0.        ,0.25696655,0.29562243,0.35707361,0.        ,0.17090177,0.        ,0.05491612,0.        ,0.02995687,0.        ,0.        ,0.13646217,0.        ,0.12867051,0.        ,0.07469053,0.        ,0.12411216,0.        ,0.13621733,0.        ,0.01503604,1.8003105 
eff_ul_bin_edges:0.        ,0.13886493,0.27772987,0.41659481,0.55545974,0.69432467,0.83318961,0.97205454,1.11091948,1.24978441,1.38864935,1.52751428,1.66637922,1.80524416,1.94410909,2.08297402,2.22183896,2.36070389,2.49956883,2.63843376,2.7772987 ,2.91616363,3.05502857,3.1938935 ,3.33275844,3.47162338,3.61048831,3.74935325,3.88821818,4.02708311,4.16594805,4.30481298,4.44367792,4.58254285,4.72140779,4.86027272,4.99913766,5.13800259,5.27686753,5.41573246,5.5545974 
eff_dl:0.90556513,0.67387108,0.46464109,0.14501716,0.05024616,0.00825974,0.01700916,0.01261645,0.13861892,0.20410276,0.15856616,0.        ,0.1077187 ,0.07739097,0.        ,0.0566192 ,0.        ,0.04208364,0.02325618,0.03281933,0.        ,0.02612584,0.        ,0.03461962,0.        ,0.03070939,0.        ,0.        ,0.01755285,0.        ,0.01716039,0.        ,0.06252056,0.        ,0.0732215 ,0.        ,0.19199759,0.        ,0.2800391 ,3.34889329
eff_dl_bin_edges:0.        ,0.13886493,0.27772987,0.41659481,0.55545974,0.69432467,0.83318961,0.97205454,1.11091948,1.24978441,1.38864935,1.52751428,1.66637922,1.80524416,1.94410909,2.08297402,2.22183896,2.36070389,2.49956883,2.63843376,2.7772987 ,2.91616363,3.05502857,3.1938935 ,3.33275844,3.47162338,3.61048831,3.74935325,3.88821818,4.02708311,4.16594805,4.30481298,4.44367792,4.58254285,4.72140779,4.86027272,4.99913766,5.13800259,5.27686753,5.41573246,5.5545974 
rul: 0., 0., 0., 0., 0., 0., 0., 0., 0., 0., 0., 0., 0., 0., 0., 0., 0., 0., 0., 0.,40., 0., 0., 0., 0., 0., 0., 0., 0., 0., 0., 0., 0., 0., 0., 0., 0., 0., 0., 0.
rul_bin_edges:-0.5  ,-0.475,-0.45 ,-0.425,-0.4  ,-0.375,-0.35 ,-0.325,-0.3  ,-0.275,-0.25 ,-0.225,-0.2  ,-0.175,-0.15 ,-0.125,-0.1  ,-0.075,-0.05 ,-0.025, 0.   , 0.025, 0.05 , 0.075, 0.1  , 0.125, 0.15 , 0.175, 0.2  , 0.225, 0.25 , 0.275, 0.3  , 0.325, 0.35 , 0.375, 0.4  , 0.425, 0.45 , 0.475, 0.5  
rdl:2.38430601e-01,0.00000000e+00,0.00000000e+00,0.00000000e+00,0.00000000e+00,0.00000000e+00,0.00000000e+00,0.00000000e+00,0.00000000e+00,9.31295552e-03,0.00000000e+00,0.00000000e+00,0.00000000e+00,0.00000000e+00,0.00000000e+00,0.00000000e+00,0.00000000e+00,0.00000000e+00,0.00000000e+00,1.45189400e-03,0.00000000e+00,0.00000000e+00,0.00000000e+00,0.00000000e+00,0.00000000e+00,0.00000000e+00,0.00000000e+00,0.00000000e+00,0.00000000e+00,1.34573079e-05,0.00000000e+00,0.00000000e+00,0.00000000e+00,0.00000000e+00,0.00000000e+00,0.00000000e+00,0.00000000e+00,0.00000000e+00,0.00000000e+00,2.99051288e-06
rdl_bin_edges:  0.       ,  4.0126495,  8.025299 , 12.0379485, 16.050598 , 20.0632475, 24.075897 , 28.0885465, 32.101196 , 36.1138455, 40.126495 , 44.1391445, 48.151794 , 52.1644435, 56.177093 , 60.1897425, 64.202392 , 68.2150415, 72.227691 , 76.2403405, 80.25299  , 84.2656395, 88.278289 , 92.2909385, 96.303588 ,100.3162375,104.328887 ,108.3415365,112.354186 ,116.3668355,120.379485 ,124.3921345,128.404784 ,132.4174335,136.430083 ,140.4427325,144.455382 ,148.4680315,152.480681 ,156.4933305,160.50598  
lul: 0., 0., 0., 0., 0., 0., 0., 0., 0., 0., 0., 0., 0., 0., 0., 0., 0., 0., 0., 0.,40., 0., 0., 0., 0., 0., 0., 0., 0., 0., 0., 0., 0., 0., 0., 0., 0., 0., 0., 0.
lul_bin_edges:-0.5  ,-0.475,-0.45 ,-0.425,-0.4  ,-0.375,-0.35 ,-0.325,-0.3  ,-0.275,-0.25 ,-0.225,-0.2  ,-0.175,-0.15 ,-0.125,-0.1  ,-0.075,-0.05 ,-0.025, 0.   , 0.025, 0.05 , 0.075, 0.1  , 0.125, 0.15 , 0.175, 0.2  , 0.225, 0.25 , 0.275, 0.3  , 0.325, 0.35 , 0.375, 0.4  , 0.425, 0.45 , 0.475, 0.5  
ldl:2.59150711e+01,0.00000000e+00,0.00000000e+00,0.00000000e+00,0.00000000e+00,0.00000000e+00,0.00000000e+00,0.00000000e+00,0.00000000e+00,0.00000000e+00,0.00000000e+00,0.00000000e+00,0.00000000e+00,1.29673454e-05,0.00000000e+00,0.00000000e+00,0.00000000e+00,0.00000000e+00,0.00000000e+00,0.00000000e+00,1.29673454e-05,0.00000000e+00,0.00000000e+00,0.00000000e+00,0.00000000e+00,0.00000000e+00,0.00000000e+00,0.00000000e+00,0.00000000e+00,0.00000000e+00,0.00000000e+00,0.00000000e+00,0.00000000e+00,0.00000000e+00,0.00000000e+00,0.00000000e+00,0.00000000e+00,0.00000000e+00,0.00000000e+00,1.98530058e-02
ldl_bin_edges:0.        ,0.03855801,0.07711602,0.11567402,0.15423203,0.19279004,0.23134805,0.26990605,0.30846406,0.34702207,0.38558008,0.42413808,0.46269609,0.5012541 ,0.53981211,0.57837011,0.61692812,0.65548613,0.69404414,0.73260214,0.77116015,0.80971816,0.84827617,0.88683417,0.92539218,0.96395019,1.0025082 ,1.0410662 ,1.07962421,1.11818222,1.15674023,1.19529823,1.23385624,1.27241425,1.31097226,1.34953026,1.38808827,1.42664628,1.46520429,1.50376229,1.5423203 
ilul: 0., 0., 0., 0., 0., 0., 0., 0., 0., 0., 0., 0., 0., 0., 0., 0., 0., 0., 0., 0.,40., 0., 0., 0., 0., 0., 0., 0., 0., 0., 0., 0., 0., 0., 0., 0., 0., 0., 0., 0.
ilul_bin_edges:-0.5  ,-0.475,-0.45 ,-0.425,-0.4  ,-0.375,-0.35 ,-0.325,-0.3  ,-0.275,-0.25 ,-0.225,-0.2  ,-0.175,-0.15 ,-0.125,-0.1  ,-0.075,-0.05 ,-0.025, 0.   , 0.025, 0.05 , 0.075, 0.1  , 0.125, 0.15 , 0.175, 0.2  , 0.225, 0.25 , 0.275, 0.3  , 0.325, 0.35 , 0.375, 0.4  , 0.425, 0.45 , 0.475, 0.5  
ildl:9.23626070e-01,1.36206522e-03,2.81120858e-02,2.21653446e-03,1.86246467e-03,5.69006465e-04,4.62017897e-04,4.46185508e-04,1.01711105e-04,1.00751566e-05,7.62833287e-05,8.30000998e-05,4.07803959e-05,1.19942341e-05,4.50983201e-05,5.18150912e-05,9.59538726e-07,0.00000000e+00,0.00000000e+00,0.00000000e+00,0.00000000e+00,0.00000000e+00,4.94162444e-05,4.84567057e-05,3.83815490e-06,9.59538726e-06,0.00000000e+00,0.00000000e+00,0.00000000e+00,1.24740034e-05,9.59538726e-05,0.00000000e+00,1.34815191e-04,0.00000000e+00,0.00000000e+00,0.00000000e+00,0.00000000e+00,1.43930809e-06,5.66127848e-05,5.75723236e-05
ildl_bin_edges: 0.      , 1.042157, 2.084314, 3.126471, 4.168628, 5.210785, 6.252942, 7.295099, 8.337256, 9.379413,10.42157 ,11.463727,12.505884,13.548041,14.590198,15.632355,16.674512,17.716669,18.758826,19.800983,20.84314 ,21.885297,22.927454,23.969611,25.011768,26.053925,27.096082,28.138239,29.180396,30.222553,31.26471 ,32.306867,33.349024,34.391181,35.433338,36.475495,37.517652,38.559809,39.601966,40.644123,41.68628 
eul: 0., 0., 0., 0., 0., 0., 0., 0., 0., 0., 0., 0., 0., 0., 0., 0., 0., 0., 0., 0.,40., 0., 0., 0., 0., 0., 0., 0., 0., 0., 0., 0., 0., 0., 0., 0., 0., 0., 0., 0.
eul_bin_edges:-0.5  ,-0.475,-0.45 ,-0.425,-0.4  ,-0.375,-0.35 ,-0.325,-0.3  ,-0.275,-0.25 ,-0.225,-0.2  ,-0.175,-0.15 ,-0.125,-0.1  ,-0.075,-0.05 ,-0.025, 0.   , 0.025, 0.05 , 0.075, 0.1  , 0.125, 0.15 , 0.175, 0.2  , 0.225, 0.25 , 0.275, 0.3  , 0.325, 0.35 , 0.375, 0.4  , 0.425, 0.45 , 0.475, 0.5  
edl:2.43484715e-03,2.05605421e-05,1.93981705e-04,5.40882442e-05,4.30486349e-05,2.39483586e-05,4.74294322e-05,3.05487599e-05,1.87030840e-04,9.38074731e-05,1.93234049e-03,1.08398273e-01,2.83116328e-03,9.27560818e-05,2.20792185e-04,4.44504901e-05,3.38781659e-06,1.10980199e-06,2.33642523e-06,1.16821262e-06,2.33642523e-06,0.00000000e+00,1.10980199e-06,0.00000000e+00,0.00000000e+00,1.27335175e-05,5.64830800e-05,2.49413394e-05,4.49761858e-06,1.10980199e-06,1.16821262e-06,0.00000000e+00,1.10980199e-06,1.16821262e-06,0.00000000e+00,0.00000000e+00,0.00000000e+00,4.01865140e-05,1.39017301e-05,4.61443984e-06
edl_bin_edges:  0.  ,  8.56, 17.12, 25.68, 34.24, 42.8 , 51.36, 59.92, 68.48, 77.04, 85.6 , 94.16,102.72,111.28,119.84,128.4 ,136.96,145.52,154.08,162.64,171.2 ,179.76,188.32,196.88,205.44,214.  ,222.56,231.12,239.68,248.24,256.8 ,265.36,273.92,282.48,291.04,299.6 ,308.16,316.72,325.28,333.84,342.4 
gul: 0., 0., 0., 0., 0., 0., 0., 0., 0., 0., 0., 0., 0., 0., 0., 0., 0., 0., 0., 0.,40., 0., 0., 0., 0., 0., 0., 0., 0., 0., 0., 0., 0., 0., 0., 0., 0., 0., 0., 0.
gul_bin_edges:-0.5  ,-0.475,-0.45 ,-0.425,-0.4  ,-0.375,-0.35 ,-0.325,-0.3  ,-0.275,-0.25 ,-0.225,-0.2  ,-0.175,-0.15 ,-0.125,-0.1  ,-0.075,-0.05 ,-0.025, 0.   , 0.025, 0.05 , 0.075, 0.1  , 0.125, 0.15 , 0.175, 0.2  , 0.225, 0.25 , 0.275, 0.3  , 0.325, 0.35 , 0.375, 0.4  , 0.425, 0.45 , 0.475, 0.5  
gdl:1.16085028e-01,2.96381150e-07,4.86065086e-06,1.65973444e-06,1.71901067e-06,5.92762300e-07,1.60045821e-06,9.48419680e-07,3.08236396e-06,3.55657380e-06,3.87073782e-05,2.14188729e-03,2.45818526e-04,1.33964280e-05,5.69051808e-06,1.54118198e-06,2.37104920e-07,1.18552460e-07,0.00000000e+00,0.00000000e+00,0.00000000e+00,0.00000000e+00,5.92762300e-08,0.00000000e+00,0.00000000e+00,1.18552460e-07,5.92762300e-07,7.11314760e-07,4.14933610e-07,0.00000000e+00,5.92762300e-08,0.00000000e+00,5.92762300e-08,0.00000000e+00,0.00000000e+00,0.00000000e+00,0.00000000e+00,1.18552460e-07,6.52038530e-07,1.18552460e-07
gdl_bin_edges:  0.   ,  8.435, 16.87 , 25.305, 33.74 , 42.175, 50.61 , 59.045, 67.48 , 75.915, 84.35 , 92.785,101.22 ,109.655,118.09 ,126.525,134.96 ,143.395,151.83 ,160.265,168.7  ,177.135,185.57 ,194.005,202.44 ,210.875,219.31 ,227.745,236.18 ,244.615,253.05 ,261.485,269.92 ,278.355,286.79 ,295.225,303.66 ,312.095,320.53 ,328.965,337.4  
ri: 0., 0., 0., 0., 0., 0., 0., 0., 0., 0., 0., 0., 0., 0., 0., 0., 0., 0., 0., 0.,40., 0., 0., 0., 0., 0., 0., 0., 0., 0., 0., 0., 0., 0., 0., 0., 0., 0., 0., 0.
ri_bin_edges:0.5  ,0.525,0.55 ,0.575,0.6  ,0.625,0.65 ,0.675,0.7  ,0.725,0.75 ,0.775,0.8  ,0.825,0.85 ,0.875,0.9  ,0.925,0.95 ,0.975,1.   ,1.025,1.05 ,1.075,1.1  ,1.125,1.15 ,1.175,1.2  ,1.225,1.25 ,1.275,1.3  ,1.325,1.35 ,1.375,1.4  ,1.425,1.45 ,1.475,1.5  
