period:1
ue_log_freq:1000
mac_log_freq:1000
mimo_layers:2
frequency:2412000000.0
bandwidth:50000000
ue_speed:5.555555555555555
max_distance:1000
shannon_cfg_bandwidth_mhz:50.0
shannon_cfg_mimo_layers:2
shannon_cfg_bw_efficiency:0.67
shannon_cfg_sinr_offset_db:0
shannon_cfg_ul_divisor:2
shannon_cfg_sinr_sample_rate:1000
n_ue:1
sinr_period:9.463597741343282
sinr_rate:105.66805852612856
ul_fairness:1.0
dl_fairness:1.0
ul_agg_throughput:18.34569181937767
dl_agg_throughput:57.833480991856554
ul_ave_throughput:18.34569181937767
dl_ave_throughput:57.833480991856554
ul_se:0.3669138363875534
dl_se:1.1566696198371311
ul_ase:1.1679230149978013e-07
dl_ase:3.681793750426056e-07
ul_gr:18.72816572780907
dl_gr:60.13569547681744
ul_tr:18.33957025572481
dl_tr:59.737357214759506
ul_er:281.25101496616776
dl_er:239.8534848838372
ul_er_ratio:0.9387845574581672
dl_er_ratio:0.8006035271428634
ul_er_perc:93.87845574581672
dl_er_perc:80.06035271428634
ul_l:0.006235526040048665
dl_l:0.00625891077329089
ul_il:0.3664126692962068
dl_il:0.1161866624844172
sinr_ul: 0., 0., 0., 0., 0., 0., 0., 0., 0., 0., 0., 0., 0., 0., 0., 0., 0., 0., 0., 0.,40., 0., 0., 0., 0., 0., 0., 0., 0., 0., 0., 0., 0., 0., 0., 0., 0., 0., 0., 0.
sinr_ul_bin_edges:13.968222,13.993222,14.018222,14.043222,14.068222,14.093222,14.118222,14.143222,14.168222,14.193222,14.218222,14.243222,14.268222,14.293222,14.318222,14.343222,14.368222,14.393222,14.418222,14.443222,14.468222,14.493222,14.518222,14.543222,14.568222,14.593222,14.618222,14.643222,14.668222,14.693222,14.718222,14.743222,14.768222,14.793222,14.818222,14.843222,14.868222,14.893222,14.918222,14.943222,14.968222
sinr_dl: 0., 0., 0., 0., 0., 0., 0., 0., 0., 0., 0., 0., 0., 0., 0., 0., 0., 0., 0., 0.,40., 0., 0., 0., 0., 0., 0., 0., 0., 0., 0., 0., 0., 0., 0., 0., 0., 0., 0., 0.
sinr_dl_bin_edges:23.629372,23.654372,23.679372,23.704372,23.729372,23.754372,23.779372,23.804372,23.829372,23.854372,23.879372,23.904372,23.929372,23.954372,23.979372,24.004372,24.029372,24.054372,24.079372,24.104372,24.129372,24.154372,24.179372,24.204372,24.229372,24.254372,24.279372,24.304372,24.329372,24.354372,24.379372,24.404372,24.429372,24.454372,24.479372,24.504372,24.529372,24.554372,24.579372,24.604372,24.629372
rsrp_ul: 0., 0., 0., 0., 0., 0., 0., 0., 0., 0., 0., 0., 0., 0., 0., 0., 0., 0., 0., 0.,40., 0., 0., 0., 0., 0., 0., 0., 0., 0., 0., 0., 0., 0., 0., 0., 0., 0., 0., 0.
rsrp_ul_bin_edges:-97.60107,-97.57607,-97.55107,-97.52607,-97.50107,-97.47607,-97.45107,-97.42607,-97.40107,-97.37607,-97.35107,-97.32607,-97.30107,-97.27607,-97.25107,-97.22607,-97.20107,-97.17607,-97.15107,-97.12607,-97.10107,-97.07607,-97.05107,-97.02607,-97.00107,-96.97607,-96.95107,-96.92607,-96.90107,-96.87607,-96.85107,-96.82607,-96.80107,-96.77607,-96.75107,-96.72607,-96.70107,-96.67607,-96.65107,-96.62607,-96.60107
rsrp_dl: 0., 0., 0., 0., 0., 0., 0., 0., 0., 0., 0., 0., 0., 0., 0., 0., 0., 0., 0., 0.,40., 0., 0., 0., 0., 0., 0., 0., 0., 0., 0., 0., 0., 0., 0., 0., 0., 0., 0., 0.
rsrp_dl_bin_edges:-97.854126,-97.829126,-97.804126,-97.779126,-97.754126,-97.729126,-97.704126,-97.679126,-97.654126,-97.629126,-97.604126,-97.579126,-97.554126,-97.529126,-97.504126,-97.479126,-97.454126,-97.429126,-97.404126,-97.379126,-97.354126,-97.329126,-97.304126,-97.279126,-97.254126,-97.229126,-97.204126,-97.179126,-97.154126,-97.129126,-97.104126,-97.079126,-97.054126,-97.029126,-97.004126,-96.979126,-96.954126,-96.929126,-96.904126,-96.879126,-96.854126
cqi_ul: 0., 0., 0., 0., 0., 0., 0., 0., 0., 0., 0., 0., 0., 0., 0., 0., 0., 0., 0., 0.,40., 0., 0., 0., 0., 0., 0., 0., 0., 0., 0., 0., 0., 0., 0., 0., 0., 0., 0., 0.
cqi_ul_bin_edges:2.5  ,2.525,2.55 ,2.575,2.6  ,2.625,2.65 ,2.675,2.7  ,2.725,2.75 ,2.775,2.8  ,2.825,2.85 ,2.875,2.9  ,2.925,2.95 ,2.975,3.   ,3.025,3.05 ,3.075,3.1  ,3.125,3.15 ,3.175,3.2  ,3.225,3.25 ,3.275,3.3  ,3.325,3.35 ,3.375,3.4  ,3.425,3.45 ,3.475,3.5  
cqi_dl: 0., 0., 0., 0., 0., 0., 0., 0., 0., 0., 0., 0., 0., 0., 0., 0., 0., 0., 0., 0.,40., 0., 0., 0., 0., 0., 0., 0., 0., 0., 0., 0., 0., 0., 0., 0., 0., 0., 0., 0.
cqi_dl_bin_edges:8.5  ,8.525,8.55 ,8.575,8.6  ,8.625,8.65 ,8.675,8.7  ,8.725,8.75 ,8.775,8.8  ,8.825,8.85 ,8.875,8.9  ,8.925,8.95 ,8.975,9.   ,9.025,9.05 ,9.075,9.1  ,9.125,9.15 ,9.175,9.2  ,9.225,9.25 ,9.275,9.3  ,9.325,9.35 ,9.375,9.4  ,9.425,9.45 ,9.475,9.5  
mcs_ul: 0., 0., 0., 0., 0., 0., 0., 0., 0., 0., 0., 0., 0., 0., 0., 0., 0., 0., 0., 0.,40., 0., 0., 0., 0., 0., 0., 0., 0., 0., 0., 0., 0., 0., 0., 0., 0., 0., 0., 0.
mcs_ul_bin_edges:3.5  ,3.525,3.55 ,3.575,3.6  ,3.625,3.65 ,3.675,3.7  ,3.725,3.75 ,3.775,3.8  ,3.825,3.85 ,3.875,3.9  ,3.925,3.95 ,3.975,4.   ,4.025,4.05 ,4.075,4.1  ,4.125,4.15 ,4.175,4.2  ,4.225,4.25 ,4.275,4.3  ,4.325,4.35 ,4.375,4.4  ,4.425,4.45 ,4.475,4.5  
mcs_dl: 0., 0., 0., 0., 0., 0., 0., 0., 0., 0., 0., 0., 0., 0., 0., 0., 0., 0., 0., 0.,40., 0., 0., 0., 0., 0., 0., 0., 0., 0., 0., 0., 0., 0., 0., 0., 0., 0., 0., 0.
mcs_dl_bin_edges:14.5  ,14.525,14.55 ,14.575,14.6  ,14.625,14.65 ,14.675,14.7  ,14.725,14.75 ,14.775,14.8  ,14.825,14.85 ,14.875,14.9  ,14.925,14.95 ,14.975,15.   ,15.025,15.05 ,15.075,15.1  ,15.125,15.15 ,15.175,15.2  ,15.225,15.25 ,15.275,15.3  ,15.325,15.35 ,15.375,15.4  ,15.425,15.45 ,15.475,15.5  
eff_ul: 0., 0., 0., 0., 0., 0., 0., 0., 0., 0., 0., 0., 0., 0., 0., 0., 0., 0., 0., 0.,40., 0., 0., 0., 0., 0., 0., 0., 0., 0., 0., 0., 0., 0., 0., 0., 0., 0., 0., 0.
eff_ul_bin_edges:0.6757984,0.7007984,0.7257984,0.7507984,0.7757984,0.8007984,0.8257984,0.8507984,0.8757984,0.9007984,0.9257984,0.9507984,0.9757984,1.0007984,1.0257984,1.0507984,1.0757984,1.1007984,1.1257984,1.1507984,1.1757984,1.2007984,1.2257984,1.2507984,1.2757984,1.3007984,1.3257984,1.3507984,1.3757984,1.4007984,1.4257984,1.4507984,1.4757984,1.5007984,1.5257984,1.5507984,1.5757984,1.6007984,1.6257984,1.6507984,1.6757984
eff_dl: 0., 0., 0., 0., 0., 0., 0., 0., 0., 0., 0., 0., 0., 0., 0., 0., 0., 0., 0., 0.,40., 0., 0., 0., 0., 0., 0., 0., 0., 0., 0., 0., 0., 0., 0., 0., 0., 0., 0., 0.
eff_dl_bin_edges:3.402304,3.427304,3.452304,3.477304,3.502304,3.527304,3.552304,3.577304,3.602304,3.627304,3.652304,3.677304,3.702304,3.727304,3.752304,3.777304,3.802304,3.827304,3.852304,3.877304,3.902304,3.927304,3.952304,3.977304,4.002304,4.027304,4.052304,4.077304,4.102304,4.127304,4.152304,4.177304,4.202304,4.227304,4.252304,4.277304,4.302304,4.327304,4.352304,4.377304,4.402304
rul:0.28614101,0.        ,0.        ,0.        ,0.        ,0.        ,0.        ,0.        ,0.        ,0.        ,0.        ,0.        ,0.19844794,0.        ,0.        ,0.        ,0.        ,0.        ,0.        ,0.        ,0.        ,0.        ,0.        ,0.        ,0.        ,0.        ,0.        ,0.        ,0.19847217,0.        ,0.        ,0.        ,0.        ,0.        ,0.        ,0.        ,0.        ,0.        ,0.        ,0.04370118
rul_bin_edges: 0.       , 1.3759657, 2.7519314, 4.1278971, 5.5038628, 6.8798285, 8.2557942, 9.6317599,11.0077256,12.3836913,13.759657 ,15.1356227,16.5115884,17.8875541,19.2635198,20.6394855,22.0154512,23.3914169,24.7673826,26.1433483,27.519314 ,28.8952797,30.2712454,31.6472111,33.0231768,34.3991425,35.7751082,37.1510739,38.5270396,39.9030053,41.278971 ,42.6549367,44.0309024,45.4068681,46.7828338,48.1587995,49.5347652,50.9107309,52.2866966,53.6626623,55.038628 
rdl:0.08780306,0.        ,0.        ,0.        ,0.        ,0.        ,0.        ,0.        ,0.        ,0.        ,0.        ,0.        ,0.        ,0.06096464,0.        ,0.        ,0.        ,0.        ,0.        ,0.        ,0.        ,0.        ,0.        ,0.        ,0.        ,0.        ,0.06096464,0.        ,0.        ,0.        ,0.        ,0.        ,0.        ,0.        ,0.        ,0.        ,0.        ,0.        ,0.        ,0.01337087
rdl_bin_edges:  0.       ,  4.4822305,  8.964461 , 13.4466915, 17.928922 , 22.4111525, 26.893383 , 31.3756135, 35.857844 , 40.3400745, 44.822305 , 49.3045355, 53.786766 , 58.2689965, 62.751227 , 67.2334575, 71.715688 , 76.1979185, 80.680149 , 85.1623795, 89.64461  , 94.1268405, 98.609071 ,103.0913015,107.573532 ,112.0557625,116.537993 ,121.0202235,125.502454 ,129.9846845,134.466915 ,138.9491455,143.431376 ,147.9136065,152.395837 ,156.8780675,161.360298 ,165.8425285,170.324759 ,174.8069895,179.28922  
lul:1.42877852e+03,0.00000000e+00,0.00000000e+00,0.00000000e+00,0.00000000e+00,0.00000000e+00,0.00000000e+00,0.00000000e+00,0.00000000e+00,0.00000000e+00,0.00000000e+00,0.00000000e+00,0.00000000e+00,0.00000000e+00,0.00000000e+00,0.00000000e+00,0.00000000e+00,0.00000000e+00,0.00000000e+00,0.00000000e+00,0.00000000e+00,0.00000000e+00,0.00000000e+00,0.00000000e+00,0.00000000e+00,0.00000000e+00,0.00000000e+00,0.00000000e+00,0.00000000e+00,0.00000000e+00,0.00000000e+00,0.00000000e+00,0.00000000e+00,0.00000000e+00,0.00000000e+00,0.00000000e+00,1.42829468e+03,2.18211687e+02,1.20959915e-01,5.53512572e+02
lul_bin_edges:0.        ,0.00027556,0.00055113,0.00082669,0.00110226,0.00137782,0.00165339,0.00192895,0.00220451,0.00248008,0.00275564,0.00303121,0.00330677,0.00358233,0.0038579 ,0.00413346,0.00440903,0.00468459,0.00496016,0.00523572,0.00551128,0.00578685,0.00606241,0.00633798,0.00661354,0.00688911,0.00716467,0.00744023,0.0077158 ,0.00799136,0.00826693,0.00854249,0.00881805,0.00909362,0.00936918,0.00964475,0.00992031,0.01019588,0.01047144,0.010747  ,0.01102257
ldl:1.40699219e+03,0.00000000e+00,0.00000000e+00,0.00000000e+00,0.00000000e+00,0.00000000e+00,0.00000000e+00,0.00000000e+00,0.00000000e+00,0.00000000e+00,0.00000000e+00,0.00000000e+00,0.00000000e+00,0.00000000e+00,0.00000000e+00,0.00000000e+00,0.00000000e+00,0.00000000e+00,0.00000000e+00,0.00000000e+00,0.00000000e+00,0.00000000e+00,0.00000000e+00,0.00000000e+00,0.00000000e+00,0.00000000e+00,0.00000000e+00,0.00000000e+00,0.00000000e+00,0.00000000e+00,0.00000000e+00,0.00000000e+00,0.00000000e+00,0.00000000e+00,0.00000000e+00,1.40162972e+03,2.38331869e-01,0.00000000e+00,2.15094511e+02,5.51142446e+02
ldl_bin_edges:0.        ,0.00027971,0.00055943,0.00083914,0.00111885,0.00139856,0.00167828,0.00195799,0.0022377 ,0.00251741,0.00279713,0.00307684,0.00335655,0.00363626,0.00391598,0.00419569,0.0044754 ,0.00475512,0.00503483,0.00531454,0.00559425,0.00587397,0.00615368,0.00643339,0.0067131 ,0.00699282,0.00727253,0.00755224,0.00783195,0.00811167,0.00839138,0.00867109,0.00895081,0.00923052,0.00951023,0.00978994,0.01006966,0.01034937,0.01062908,0.01090879,0.01118851
ilul:2.46178832e+01,1.66660799e-02,2.08325999e-02,1.87493399e-02,1.87493399e-02,1.66660799e-02,2.49991198e-02,2.08325999e-02,2.08325999e-02,2.49991198e-02,1.87493399e-02,2.08325999e-02,2.08325999e-02,2.08325999e-02,2.08325999e-02,2.49991198e-02,2.29158598e-02,2.08325999e-02,1.87493399e-02,2.49991198e-02,1.66660799e-02,2.29158598e-02,1.87493399e-02,2.08325999e-02,2.29158598e-02,2.08325999e-02,1.87493399e-02,2.08325999e-02,2.49991198e-02,2.08325999e-02,2.29158598e-02,2.08325999e-02,2.08325999e-02,2.08325999e-02,2.29158598e-02,1.66660799e-02,3.37071466e+00,1.28974626e+01,1.42203327e+01,6.66226543e+00
ilul_bin_edges:0.        ,0.01600003,0.03200006,0.04800009,0.06400012,0.08000015,0.09600018,0.11200021,0.12800024,0.14400027,0.1600003 ,0.17600033,0.19200036,0.20800039,0.22400042,0.24000045,0.25600048,0.27200051,0.28800054,0.30400057,0.3200006 ,0.33600063,0.35200066,0.36800069,0.38400072,0.40000075,0.41600078,0.43200081,0.44800084,0.46400087,0.4800009 ,0.49600093,0.51200096,0.52800099,0.54400102,0.56000105,0.57600108,0.59200111,0.60800114,0.62400117,0.6400012 
ildl:7.87104105e+01,0.00000000e+00,1.99992574e-02,1.99992574e-02,2.66656765e-02,1.99992574e-02,3.33320956e-02,2.66656765e-02,2.66656765e-02,3.33320956e-02,3.33320956e-02,1.99992574e-02,3.33320956e-02,1.33328382e-02,3.33320956e-02,2.66656765e-02,1.99992574e-02,2.66656765e-02,2.66656765e-02,3.33320956e-02,1.99992574e-02,2.66656765e-02,3.99985147e-02,2.66656765e-02,2.66656765e-02,2.66656765e-02,1.33328382e-02,3.33320956e-02,1.99992574e-02,2.66656765e-02,1.99992574e-02,2.66656765e-02,2.66656765e-02,2.66656765e-02,2.66656765e-02,2.66656765e-02,3.46653794e-01,3.42120629e+01,5.85444927e+01,2.72989863e+01
ildl_bin_edges:0.        ,0.00500002,0.01000004,0.01500006,0.02000008,0.02500009,0.03000011,0.03500013,0.04000015,0.04500017,0.05000019,0.05500021,0.06000023,0.06500025,0.07000027,0.07500028,0.0800003 ,0.08500032,0.09000034,0.09500036,0.10000038,0.1050004 ,0.11000042,0.11500044,0.12000046,0.12500047,0.13000049,0.13500051,0.14000053,0.14500055,0.15000057,0.15500059,0.16000061,0.16500063,0.17000065,0.17500066,0.18000068,0.1850007 ,0.19000072,0.19500074,0.20000076
eul:6.90393999e-03,0.00000000e+00,0.00000000e+00,0.00000000e+00,0.00000000e+00,0.00000000e+00,0.00000000e+00,0.00000000e+00,0.00000000e+00,0.00000000e+00,0.00000000e+00,0.00000000e+00,0.00000000e+00,0.00000000e+00,0.00000000e+00,0.00000000e+00,0.00000000e+00,0.00000000e+00,0.00000000e+00,0.00000000e+00,0.00000000e+00,0.00000000e+00,0.00000000e+00,0.00000000e+00,0.00000000e+00,0.00000000e+00,7.36420265e-06,0.00000000e+00,7.36420265e-06,1.10463040e-05,7.36420265e-06,1.84105066e-05,7.47466569e-04,1.02693806e-01,3.68210133e-05,1.47284053e-05,3.68210133e-06,7.36420265e-06,0.00000000e+00,7.36420265e-06
eul_bin_edges:  0.    ,  9.0525, 18.105 , 27.1575, 36.21  , 45.2625, 54.315 , 63.3675, 72.42  , 81.4725, 90.525 , 99.5775,108.63  ,117.6825,126.735 ,135.7875,144.84  ,153.8925,162.945 ,171.9975,181.05  ,190.1025,199.155 ,208.2075,217.26  ,226.3125,235.365 ,244.4175,253.47  ,262.5225,271.575 ,280.6275,289.68  ,298.7325,307.785 ,316.8375,325.89  ,334.9425,343.995 ,353.0475,362.1   
edl:2.21478395e-02,0.00000000e+00,0.00000000e+00,0.00000000e+00,0.00000000e+00,0.00000000e+00,0.00000000e+00,0.00000000e+00,0.00000000e+00,0.00000000e+00,0.00000000e+00,0.00000000e+00,0.00000000e+00,0.00000000e+00,0.00000000e+00,0.00000000e+00,0.00000000e+00,0.00000000e+00,0.00000000e+00,0.00000000e+00,0.00000000e+00,0.00000000e+00,0.00000000e+00,0.00000000e+00,0.00000000e+00,0.00000000e+00,7.36420265e-06,0.00000000e+00,7.36420265e-06,3.68210133e-06,7.36420265e-06,1.10463040e-05,6.66460340e-04,8.75566874e-02,2.57747093e-05,1.47284053e-05,7.36420265e-06,3.68210133e-06,0.00000000e+00,7.36420265e-06
edl_bin_edges:  0.    ,  9.0525, 18.105 , 27.1575, 36.21  , 45.2625, 54.315 , 63.3675, 72.42  , 81.4725, 90.525 , 99.5775,108.63  ,117.6825,126.735 ,135.7875,144.84  ,153.8925,162.945 ,171.9975,181.05  ,190.1025,199.155 ,208.2075,217.26  ,226.3125,235.365 ,244.4175,253.47  ,262.5225,271.575 ,280.6275,289.68  ,298.7325,307.785 ,316.8375,325.89  ,334.9425,343.995 ,353.0475,362.1   
gul:1.13851700e-01,0.00000000e+00,0.00000000e+00,0.00000000e+00,0.00000000e+00,0.00000000e+00,0.00000000e+00,0.00000000e+00,0.00000000e+00,0.00000000e+00,0.00000000e+00,0.00000000e+00,0.00000000e+00,0.00000000e+00,0.00000000e+00,0.00000000e+00,0.00000000e+00,0.00000000e+00,0.00000000e+00,0.00000000e+00,0.00000000e+00,0.00000000e+00,0.00000000e+00,0.00000000e+00,0.00000000e+00,0.00000000e+00,0.00000000e+00,0.00000000e+00,0.00000000e+00,0.00000000e+00,0.00000000e+00,0.00000000e+00,0.00000000e+00,4.04762869e-06,4.04762869e-06,3.64286582e-05,7.51239885e-03,1.61905148e-05,4.04762869e-06,4.04762869e-06
gul_bin_edges:  0.   ,  8.235, 16.47 , 24.705, 32.94 , 41.175, 49.41 , 57.645, 65.88 , 74.115, 82.35 , 90.585, 98.82 ,107.055,115.29 ,123.525,131.76 ,139.995,148.23 ,156.465,164.7  ,172.935,181.17 ,189.405,197.64 ,205.875,214.11 ,222.345,230.58 ,238.815,247.05 ,255.285,263.52 ,271.755,279.99 ,288.225,296.46 ,304.695,312.93 ,321.165,329.4  
gdl:9.37601894e-02,0.00000000e+00,0.00000000e+00,0.00000000e+00,0.00000000e+00,0.00000000e+00,0.00000000e+00,0.00000000e+00,0.00000000e+00,0.00000000e+00,0.00000000e+00,0.00000000e+00,0.00000000e+00,0.00000000e+00,0.00000000e+00,0.00000000e+00,0.00000000e+00,0.00000000e+00,0.00000000e+00,0.00000000e+00,0.00000000e+00,0.00000000e+00,0.00000000e+00,0.00000000e+00,0.00000000e+00,0.00000000e+00,0.00000000e+00,0.00000000e+00,0.00000000e+00,0.00000000e+00,0.00000000e+00,7.81758364e-06,3.90879182e-06,1.17263755e-05,1.60260465e-04,2.32963993e-02,1.95439591e-05,3.90879182e-06,0.00000000e+00,3.90879182e-06
gdl_bin_edges:  0.    ,  8.5275, 17.055 , 25.5825, 34.11  , 42.6375, 51.165 , 59.6925, 68.22  , 76.7475, 85.275 , 93.8025,102.33  ,110.8575,119.385 ,127.9125,136.44  ,144.9675,153.495 ,162.0225,170.55  ,179.0775,187.605 ,196.1325,204.66  ,213.1875,221.715 ,230.2425,238.77  ,247.2975,255.825 ,264.3525,272.88  ,281.4075,289.935 ,298.4625,306.99  ,315.5175,324.045 ,332.5725,341.1   
ri: 0., 0., 0., 0., 0., 0., 0., 0., 0., 0., 0., 0., 0., 0., 0., 0., 0., 0., 0., 0.,40., 0., 0., 0., 0., 0., 0., 0., 0., 0., 0., 0., 0., 0., 0., 0., 0., 0., 0., 0.
ri_bin_edges:0.5  ,0.525,0.55 ,0.575,0.6  ,0.625,0.65 ,0.675,0.7  ,0.725,0.75 ,0.775,0.8  ,0.825,0.85 ,0.875,0.9  ,0.925,0.95 ,0.975,1.   ,1.025,1.05 ,1.075,1.1  ,1.125,1.15 ,1.175,1.2  ,1.225,1.25 ,1.275,1.3  ,1.325,1.35 ,1.375,1.4  ,1.425,1.45 ,1.475,1.5  
