period:1
ue_log_freq:1000
mac_log_freq:1000
mimo_layers:2
frequency:2412000000.0
bandwidth:50000000
ue_speed:5.555555555555555
max_distance:1000
shannon_cfg_bandwidth_mhz:50.0
shannon_cfg_mimo_layers:2
shannon_cfg_bw_efficiency:0.67
shannon_cfg_sinr_offset_db:0
shannon_cfg_ul_divisor:2
shannon_cfg_sinr_sample_rate:1000
n_ue:2
sinr_period:9.463597741343282
sinr_rate:105.66805852612856
ul_fairness:nan
dl_fairness:0.9999753481461789
ul_agg_throughput:0
dl_agg_throughput:39.92738105254884
ul_ave_throughput:0.0
dl_ave_throughput:19.96369052627442
ul_se:0.0
dl_se:0.7985476210509768
ul_ase:0.0
dl_ase:2.5418560236907323e-07
ul_gr:0.0, 0.0
dl_gr:20.179931200687992, 20.179485205147948
ul_tr:0.0, 0.0
dl_tr:20.06221269207308, 20.062613950460495
ul_er:0.0, 0.0
dl_er:79.81807981920181, 79.81852581474186
ul_er_ratio:0.0, 0.0
dl_er_ratio:0.7991374255355893, 0.7991351120179134
ul_er_perc:0.0, 0.0
dl_er_perc:79.91374255355893, 79.91351120179134
ul_l:0.0, 0.0
dl_l:0.0013876672251507485, 0.0013903485032769674
ul_il:0.0, 0.0
dl_il:0.23062713273129268, 0.23076241507243225
sinr_ul:0.01070364,0.03039449,0.03799483,0.02729119,0.02245087,0.04323337,0.05211073,0.05870868,0.18241503,0.07817297,0.02587686,0.06109795,0.06902097,0.17524723,0.09172588,0.03488467,0.0511358 ,0.05866062,0.05020893,0.02102967,0.02250579,0.02079623,0.01621681,0.00245792,0.00247852,0.00679019,0.01298306,0.01060752,0.0095708 ,0.00856841,0.00733944,0.00801915,0.01390993,0.00477853,0.00560242,0.00800542,0.00774452,0.00696869,0.00741497,0.00803288
sinr_ul_bin_edges:19.303709 ,20.0319586,20.7602082,21.4884578,22.2167074,22.944957 ,23.6732066,24.4014562,25.1297058,25.8579554,26.586205 ,27.3144546,28.0427042,28.7709538,29.4992034,30.227453 ,30.9557026,31.6839522,32.4122018,33.1404514,33.868701 ,34.5969506,35.3252002,36.0534498,36.7816994,37.509949 ,38.2381986,38.9664482,39.6946978,40.4229474,41.151197 ,41.8794466,42.6076962,43.3359458,44.0641954,44.792445 ,45.5206946,46.2489442,46.9771938,47.7054434,48.433693 
sinr_dl:0.01070302,0.0303996 ,0.03800636,0.02727588,0.02244957,0.04325146,0.05208712,0.05873274,0.18243879,0.07811351,0.02590282,0.06103948,0.06896892,0.17517529,0.09179608,0.03491011,0.05111224,0.05865036,0.05023348,0.02104218,0.02250449,0.0207813 ,0.01623646,0.00245778,0.00247151,0.00678979,0.01297544,0.01062064,0.00956338,0.00856104,0.00735275,0.00800495,0.01392285,0.00477826,0.00560209,0.00800495,0.00774407,0.00696829,0.00741454,0.00803241
sinr_dl_bin_edges:29.04549  ,29.7737818,30.5020736,31.2303654,31.9586572,32.686949 ,33.4152408,34.1435326,34.8718244,35.6001162,36.328408 ,37.0566998,37.7849916,38.5132834,39.2415752,39.969867 ,40.6981588,41.4264506,42.1547424,42.8830342,43.611326 ,44.3396178,45.0679096,45.7962014,46.5244932,47.252785 ,47.9810768,48.7093686,49.4376604,50.1659522,50.894244 ,51.6225358,52.3508276,53.0791194,53.8074112,54.535703 ,55.2639948,55.9922866,56.7205784,57.4488702,58.177162 
rsrp_ul:0.0106878 ,0.03070699,0.03894778,0.02598336,0.02252073,0.04534138,0.05039218,0.06345884,0.18472589,0.06833924,0.03359024,0.05041945,0.05707888,0.1581836 ,0.10741653,0.04301023,0.0479588 ,0.05912374,0.05267561,0.02134153,0.02155283,0.02054403,0.01862868,0.00246065,0.00246747,0.00586875,0.01258953,0.01113767,0.00958358,0.00871792,0.0073615 ,0.00791361,0.01412317,0.00473726,0.00553476,0.00788635,0.00785226,0.00695253,0.0074024 ,0.0080363 
rsrp_ul_bin_edges:-91.48268 ,-90.749141,-90.015602,-89.282063,-88.548524,-87.814985,-87.081446,-86.347907,-85.614368,-84.880829,-84.14729 ,-83.413751,-82.680212,-81.946673,-81.213134,-80.479595,-79.746056,-79.012517,-78.278978,-77.545439,-76.8119  ,-76.078361,-75.344822,-74.611283,-73.877744,-73.144205,-72.410666,-71.677127,-70.943588,-70.210049,-69.47651 ,-68.742971,-68.009432,-67.275893,-66.542354,-65.808815,-65.075276,-64.341737,-63.608198,-62.874659,-62.14112 
rsrp_dl:0.0106878 ,0.03070699,0.03894778,0.02598336,0.02252073,0.04534138,0.05039218,0.06345884,0.18472589,0.06833924,0.03359024,0.05041945,0.05707888,0.1581836 ,0.10741653,0.04301023,0.0479588 ,0.05912374,0.05267561,0.02134153,0.02155283,0.02054403,0.01862868,0.00246065,0.00246747,0.00586875,0.01258953,0.01113767,0.00958358,0.00871792,0.0073615 ,0.00791361,0.01412317,0.00473726,0.00553476,0.00788635,0.00785226,0.00695253,0.0074024 ,0.0080363 
rsrp_dl_bin_edges:-88.47238 ,-87.738841,-87.005302,-86.271763,-85.538224,-84.804685,-84.071146,-83.337607,-82.604068,-81.870529,-81.13699 ,-80.403451,-79.669912,-78.936373,-78.202834,-77.469295,-76.735756,-76.002217,-75.268678,-74.535139,-73.8016  ,-73.068061,-72.334522,-71.600983,-70.867444,-70.133905,-69.400366,-68.666827,-67.933288,-67.199749,-66.46621 ,-65.732671,-64.999132,-64.265593,-63.532054,-62.798515,-62.064976,-61.331437,-60.597898,-59.864359,-59.13082 
cqi_ul: 0., 0., 0., 0., 0., 0., 0., 0., 0., 0., 0., 0., 0., 0., 0., 0., 0., 0., 0., 0.,40., 0., 0., 0., 0., 0., 0., 0., 0., 0., 0., 0., 0., 0., 0., 0., 0., 0., 0., 0.
cqi_ul_bin_edges:14.5  ,14.525,14.55 ,14.575,14.6  ,14.625,14.65 ,14.675,14.7  ,14.725,14.75 ,14.775,14.8  ,14.825,14.85 ,14.875,14.9  ,14.925,14.95 ,14.975,15.   ,15.025,15.05 ,15.075,15.1  ,15.125,15.15 ,15.175,15.2  ,15.225,15.25 ,15.275,15.3  ,15.325,15.35 ,15.375,15.4  ,15.425,15.45 ,15.475,15.5  
cqi_dl: 0., 0., 0., 0., 0., 0., 0., 0., 0., 0., 0., 0., 0., 0., 0., 0., 0., 0., 0., 0.,40., 0., 0., 0., 0., 0., 0., 0., 0., 0., 0., 0., 0., 0., 0., 0., 0., 0., 0., 0.
cqi_dl_bin_edges:14.5  ,14.525,14.55 ,14.575,14.6  ,14.625,14.65 ,14.675,14.7  ,14.725,14.75 ,14.775,14.8  ,14.825,14.85 ,14.875,14.9  ,14.925,14.95 ,14.975,15.   ,15.025,15.05 ,15.075,15.1  ,15.125,15.15 ,15.175,15.2  ,15.225,15.25 ,15.275,15.3  ,15.325,15.35 ,15.375,15.4  ,15.425,15.45 ,15.475,15.5  
mcs_ul: 0., 0., 0., 0., 0., 0., 0., 0., 0., 0., 0., 0., 0., 0., 0., 0., 0., 0., 0., 0.,40., 0., 0., 0., 0., 0., 0., 0., 0., 0., 0., 0., 0., 0., 0., 0., 0., 0., 0., 0.
mcs_ul_bin_edges:27.5  ,27.525,27.55 ,27.575,27.6  ,27.625,27.65 ,27.675,27.7  ,27.725,27.75 ,27.775,27.8  ,27.825,27.85 ,27.875,27.9  ,27.925,27.95 ,27.975,28.   ,28.025,28.05 ,28.075,28.1  ,28.125,28.15 ,28.175,28.2  ,28.225,28.25 ,28.275,28.3  ,28.325,28.35 ,28.375,28.4  ,28.425,28.45 ,28.475,28.5  
mcs_dl: 0., 0., 0., 0., 0., 0., 0., 0., 0., 0., 0., 0., 0., 0., 0., 0., 0., 0., 0., 0.,40., 0., 0., 0., 0., 0., 0., 0., 0., 0., 0., 0., 0., 0., 0., 0., 0., 0., 0., 0.
mcs_dl_bin_edges:27.5  ,27.525,27.55 ,27.575,27.6  ,27.625,27.65 ,27.675,27.7  ,27.725,27.75 ,27.775,27.8  ,27.825,27.85 ,27.875,27.9  ,27.925,27.95 ,27.975,28.   ,28.025,28.05 ,28.075,28.1  ,28.125,28.15 ,28.175,28.2  ,28.225,28.25 ,28.275,28.3  ,28.325,28.35 ,28.375,28.4  ,28.425,28.45 ,28.475,28.5  
eff_ul: 0., 0., 0., 0., 0., 0., 0., 0., 0., 0., 0., 0., 0., 0., 0., 0., 0., 0., 0., 0.,40., 0., 0., 0., 0., 0., 0., 0., 0., 0., 0., 0., 0., 0., 0., 0., 0., 0., 0., 0.
eff_ul_bin_edges:5.0545974,5.0795974,5.1045974,5.1295974,5.1545974,5.1795974,5.2045974,5.2295974,5.2545974,5.2795974,5.3045974,5.3295974,5.3545974,5.3795974,5.4045974,5.4295974,5.4545974,5.4795974,5.5045974,5.5295974,5.5545974,5.5795974,5.6045974,5.6295974,5.6545974,5.6795974,5.7045974,5.7295974,5.7545974,5.7795974,5.8045974,5.8295974,5.8545974,5.8795974,5.9045974,5.9295974,5.9545974,5.9795974,6.0045974,6.0295974,6.0545974
eff_dl: 0., 0., 0., 0., 0., 0., 0., 0., 0., 0., 0., 0., 0., 0., 0., 0., 0., 0., 0., 0.,40., 0., 0., 0., 0., 0., 0., 0., 0., 0., 0., 0., 0., 0., 0., 0., 0., 0., 0., 0.
eff_dl_bin_edges:5.0545974,5.0795974,5.1045974,5.1295974,5.1545974,5.1795974,5.2045974,5.2295974,5.2545974,5.2795974,5.3045974,5.3295974,5.3545974,5.3795974,5.4045974,5.4295974,5.4545974,5.4795974,5.5045974,5.5295974,5.5545974,5.5795974,5.6045974,5.6295974,5.6545974,5.6795974,5.7045974,5.7295974,5.7545974,5.7795974,5.8045974,5.8295974,5.8545974,5.8795974,5.9045974,5.9295974,5.9545974,5.9795974,6.0045974,6.0295974,6.0545974
rul: 0., 0., 0., 0., 0., 0., 0., 0., 0., 0., 0., 0., 0., 0., 0., 0., 0., 0., 0., 0.,40., 0., 0., 0., 0., 0., 0., 0., 0., 0., 0., 0., 0., 0., 0., 0., 0., 0., 0., 0.
rul_bin_edges:-0.5  ,-0.475,-0.45 ,-0.425,-0.4  ,-0.375,-0.35 ,-0.325,-0.3  ,-0.275,-0.25 ,-0.225,-0.2  ,-0.175,-0.15 ,-0.125,-0.1  ,-0.075,-0.05 ,-0.025, 0.   , 0.025, 0.05 , 0.075, 0.1  , 0.125, 0.15 , 0.175, 0.2  , 0.225, 0.25 , 0.275, 0.3  , 0.325, 0.35 , 0.375, 0.4  , 0.425, 0.45 , 0.475, 0.5  
rdl:0.29118169,0.        ,0.        ,0.        ,0.        ,0.        ,0.        ,0.        ,0.        ,0.        ,0.        ,0.        ,0.        ,0.        ,0.        ,0.        ,0.        ,0.        ,0.        ,0.1652834 ,0.        ,0.        ,0.        ,0.        ,0.        ,0.        ,0.        ,0.        ,0.        ,0.        ,0.        ,0.        ,0.        ,0.        ,0.        ,0.        ,0.        ,0.        ,0.        ,0.04195945
rdl_bin_edges: 0.        , 2.00632175, 4.0126435 , 6.01896525, 8.025287  ,10.03160875,12.0379305 ,14.04425225,16.050574  ,18.05689575,20.0632175 ,22.06953925,24.075861  ,26.08218275,28.0885045 ,30.09482625,32.101148  ,34.10746975,36.1137915 ,38.12011325,40.126435  ,42.13275675,44.1390785 ,46.14540025,48.151722  ,50.15804375,52.1643655 ,54.17068725,56.177009  ,58.18333075,60.1896525 ,62.19597425,64.202296  ,66.20861775,68.2149395 ,70.22126125,72.227583  ,74.23390475,76.2402265 ,78.24654825,80.25287   
lul: 0., 0., 0., 0., 0., 0., 0., 0., 0., 0., 0., 0., 0., 0., 0., 0., 0., 0., 0., 0.,40., 0., 0., 0., 0., 0., 0., 0., 0., 0., 0., 0., 0., 0., 0., 0., 0., 0., 0., 0.
lul_bin_edges:-0.5  ,-0.475,-0.45 ,-0.425,-0.4  ,-0.375,-0.35 ,-0.325,-0.3  ,-0.275,-0.25 ,-0.225,-0.2  ,-0.175,-0.15 ,-0.125,-0.1  ,-0.075,-0.05 ,-0.025, 0.   , 0.025, 0.05 , 0.075, 0.1  , 0.125, 0.15 , 0.175, 0.2  , 0.225, 0.25 , 0.275, 0.3  , 0.325, 0.35 , 0.375, 0.4  , 0.425, 0.45 , 0.475, 0.5  
ldl:4.69052422e+03,0.00000000e+00,0.00000000e+00,0.00000000e+00,0.00000000e+00,0.00000000e+00,0.00000000e+00,0.00000000e+00,0.00000000e+00,0.00000000e+00,0.00000000e+00,0.00000000e+00,0.00000000e+00,0.00000000e+00,0.00000000e+00,0.00000000e+00,0.00000000e+00,0.00000000e+00,0.00000000e+00,0.00000000e+00,0.00000000e+00,0.00000000e+00,0.00000000e+00,0.00000000e+00,1.86373288e+03,1.00360406e+01,4.01441623e-02,9.07659511e+01,5.82250931e+02,2.72980304e+00,3.85383959e+00,4.28819942e+02,3.55596990e+02,4.81729948e-01,4.01441623e-02,0.00000000e+00,0.00000000e+00,0.00000000e+00,0.00000000e+00,4.01441623e-02
ldl_bin_edges:0.        ,0.00012455,0.0002491 ,0.00037365,0.0004982 ,0.00062275,0.0007473 ,0.00087185,0.0009964 ,0.00112095,0.0012455 ,0.00137005,0.0014946 ,0.00161915,0.0017437 ,0.00186825,0.0019928 ,0.00211735,0.0022419 ,0.00236645,0.002491  ,0.00261555,0.0027401 ,0.00286465,0.0029892 ,0.00311375,0.0032383 ,0.00336285,0.0034874 ,0.00361195,0.0037365 ,0.00386105,0.0039856 ,0.00411015,0.0042347 ,0.00435925,0.0044838 ,0.00460835,0.00473289,0.00485744,0.00498199
ilul: 0., 0., 0., 0., 0., 0., 0., 0., 0., 0., 0., 0., 0., 0., 0., 0., 0., 0., 0., 0.,40., 0., 0., 0., 0., 0., 0., 0., 0., 0., 0., 0., 0., 0., 0., 0., 0., 0., 0., 0.
ilul_bin_edges:-0.5  ,-0.475,-0.45 ,-0.425,-0.4  ,-0.375,-0.35 ,-0.325,-0.3  ,-0.275,-0.25 ,-0.225,-0.2  ,-0.175,-0.15 ,-0.125,-0.1  ,-0.075,-0.05 ,-0.025, 0.   , 0.025, 0.05 , 0.075, 0.1  , 0.125, 0.15 , 0.175, 0.2  , 0.225, 0.25 , 0.275, 0.3  , 0.325, 0.35 , 0.375, 0.4  , 0.425, 0.45 , 0.475, 0.5  
ildl:3.94235419e+01,5.39803574e-03,5.39803574e-03,5.06065850e-03,5.06065850e-03,4.38590404e-03,4.72328127e-03,5.39803574e-03,4.72328127e-03,5.06065850e-03,4.38590404e-03,5.39803574e-03,4.38590404e-03,5.39803574e-03,5.06065850e-03,5.39803574e-03,4.72328127e-03,5.73541297e-03,5.06065850e-03,5.06065850e-03,5.39803574e-03,5.39803574e-03,5.39803574e-03,5.06065850e-03,4.72328127e-03,5.06065850e-03,4.38590404e-03,4.38590404e-03,5.06065850e-03,5.39803574e-03,4.04852680e-03,4.38590404e-03,4.72328127e-03,5.06065850e-03,6.41016744e-03,2.92843439e+00,6.92601723e+00,7.18782196e+00,7.20232918e+00,3.63726395e+00
ildl_bin_edges:0.        ,0.01482006,0.02964012,0.04446017,0.05928023,0.07410029,0.08892035,0.1037404 ,0.11856046,0.13338052,0.14820058,0.16302063,0.17784069,0.19266075,0.20748081,0.22230086,0.23712092,0.25194098,0.26676104,0.28158109,0.29640115,0.31122121,0.32604127,0.34086132,0.35568138,0.37050144,0.3853215 ,0.40014155,0.41496161,0.42978167,0.44460173,0.45942178,0.47424184,0.4890619 ,0.50388195,0.51870201,0.53352207,0.54834213,0.56316219,0.57798224,0.5928023 
eul: 0., 0., 0., 0., 0., 0., 0., 0., 0., 0., 0., 0., 0., 0., 0., 0., 0., 0., 0., 0.,40., 0., 0., 0., 0., 0., 0., 0., 0., 0., 0., 0., 0., 0., 0., 0., 0., 0., 0., 0.
eul_bin_edges:-0.5  ,-0.475,-0.45 ,-0.425,-0.4  ,-0.375,-0.35 ,-0.325,-0.3  ,-0.275,-0.25 ,-0.225,-0.2  ,-0.175,-0.15 ,-0.125,-0.1  ,-0.075,-0.05 ,-0.025, 0.   , 0.025, 0.05 , 0.075, 0.1  , 0.125, 0.15 , 0.175, 0.2  , 0.225, 0.25 , 0.275, 0.3  , 0.325, 0.35 , 0.375, 0.4  , 0.425, 0.45 , 0.475, 0.5  
edl:2.80198517e-02,3.47098230e-06,6.94196460e-07,0.00000000e+00,1.38839292e-06,0.00000000e+00,0.00000000e+00,0.00000000e+00,0.00000000e+00,0.00000000e+00,1.59665186e-05,1.45781257e-04,2.06662286e-03,8.84489593e-02,1.90737419e-02,9.55908525e-04,1.03435272e-04,6.94196460e-07,0.00000000e+00,0.00000000e+00,0.00000000e+00,0.00000000e+00,6.94196460e-07,0.00000000e+00,1.38839292e-06,1.38839292e-06,0.00000000e+00,0.00000000e+00,0.00000000e+00,0.00000000e+00,0.00000000e+00,0.00000000e+00,0.00000000e+00,0.00000000e+00,0.00000000e+00,0.00000000e+00,0.00000000e+00,0.00000000e+00,0.00000000e+00,6.94196460e-07
edl_bin_edges:  0.    ,  7.2025, 14.405 , 21.6075, 28.81  , 36.0125, 43.215 , 50.4175, 57.62  , 64.8225, 72.025 , 79.2275, 86.43  , 93.6325,100.835 ,108.0375,115.24  ,122.4425,129.645 ,136.8475,144.05  ,151.2525,158.455 ,165.6575,172.86  ,180.0625,187.265 ,194.4675,201.67  ,208.8725,216.075 ,223.2775,230.48  ,237.6825,244.885 ,252.0875,259.29  ,266.4925,273.695 ,280.8975,288.1   
gul: 0., 0., 0., 0., 0., 0., 0., 0., 0., 0., 0., 0., 0., 0., 0., 0., 0., 0., 0., 0.,40., 0., 0., 0., 0., 0., 0., 0., 0., 0., 0., 0., 0., 0., 0., 0., 0., 0., 0., 0.
gul_bin_edges:-0.5  ,-0.475,-0.45 ,-0.425,-0.4  ,-0.375,-0.35 ,-0.325,-0.3  ,-0.275,-0.25 ,-0.225,-0.2  ,-0.175,-0.15 ,-0.125,-0.1  ,-0.075,-0.05 ,-0.025, 0.   , 0.025, 0.05 , 0.075, 0.1  , 0.125, 0.15 , 0.175, 0.2  , 0.225, 0.25 , 0.275, 0.3  , 0.325, 0.35 , 0.375, 0.4  , 0.425, 0.45 , 0.475, 0.5  
gdl:1.10823605e-01,6.94196460e-07,6.94196460e-07,0.00000000e+00,0.00000000e+00,0.00000000e+00,0.00000000e+00,0.00000000e+00,0.00000000e+00,0.00000000e+00,6.94196460e-07,3.60982159e-05,5.21341541e-04,2.23920010e-02,4.79967432e-03,2.36720993e-04,2.70736619e-05,6.94196460e-07,0.00000000e+00,0.00000000e+00,0.00000000e+00,0.00000000e+00,6.94196460e-07,0.00000000e+00,0.00000000e+00,0.00000000e+00,0.00000000e+00,0.00000000e+00,0.00000000e+00,0.00000000e+00,0.00000000e+00,0.00000000e+00,0.00000000e+00,0.00000000e+00,0.00000000e+00,0.00000000e+00,0.00000000e+00,0.00000000e+00,0.00000000e+00,6.94196460e-07
gdl_bin_edges:  0.    ,  7.2025, 14.405 , 21.6075, 28.81  , 36.0125, 43.215 , 50.4175, 57.62  , 64.8225, 72.025 , 79.2275, 86.43  , 93.6325,100.835 ,108.0375,115.24  ,122.4425,129.645 ,136.8475,144.05  ,151.2525,158.455 ,165.6575,172.86  ,180.0625,187.265 ,194.4675,201.67  ,208.8725,216.075 ,223.2775,230.48  ,237.6825,244.885 ,252.0875,259.29  ,266.4925,273.695 ,280.8975,288.1   
ri: 0., 0., 0., 0., 0., 0., 0., 0., 0., 0., 0., 0., 0., 0., 0., 0., 0., 0., 0., 0.,40., 0., 0., 0., 0., 0., 0., 0., 0., 0., 0., 0., 0., 0., 0., 0., 0., 0., 0., 0.
ri_bin_edges:0.5  ,0.525,0.55 ,0.575,0.6  ,0.625,0.65 ,0.675,0.7  ,0.725,0.75 ,0.775,0.8  ,0.825,0.85 ,0.875,0.9  ,0.925,0.95 ,0.975,1.   ,1.025,1.05 ,1.075,1.1  ,1.125,1.15 ,1.175,1.2  ,1.225,1.25 ,1.275,1.3  ,1.325,1.35 ,1.375,1.4  ,1.425,1.45 ,1.475,1.5  
