period:1
ue_log_freq:1000
mac_log_freq:1000
mimo_layers:2
frequency:2412000000.0
bandwidth:50000000
ue_speed:5.555555555555555
max_distance:1000
shannon_cfg_bandwidth_mhz:50.0
shannon_cfg_mimo_layers:2
shannon_cfg_bw_efficiency:0.67
shannon_cfg_sinr_offset_db:0
shannon_cfg_ul_divisor:2
shannon_cfg_sinr_sample_rate:1000
n_ue:1
sinr_period:9.463597741343282
sinr_rate:105.66805852612856
ul_fairness:1.0
dl_fairness:1.0
ul_agg_throughput:60.886539295781255
dl_agg_throughput:102.4694376576499
ul_ave_throughput:60.886539295781255
dl_ave_throughput:102.4694376576499
ul_se:1.217730785915625
dl_se:2.049388753152998
ul_ase:3.876157478673006e-07
dl_ase:6.523407007624716e-07
ul_gr:61.23352888237059
dl_gr:106.24269857671412
ul_tr:60.866299307689744
dl_tr:105.8499884997167
ul_er:238.7451418286057
dl_er:193.74602179927336
ul_er_ratio:0.7968492155144328
dl_er_ratio:0.646690927579173
ul_er_perc:79.68492155144328
dl_er_perc:64.6690927579173
ul_l:0.006325317656178127
dl_l:0.006299599990566981
ul_il:0.11016730292448586
dl_il:0.06623174554034865
sinr_ul: 0., 0., 0., 0., 0., 0., 0., 0., 0., 0., 0., 0., 0., 0., 0., 0., 0., 0., 0., 0.,40., 0., 0., 0., 0., 0., 0., 0., 0., 0., 0., 0., 0., 0., 0., 0., 0., 0., 0., 0.
sinr_ul_bin_edges:23.510506,23.535506,23.560506,23.585506,23.610506,23.635506,23.660506,23.685506,23.710506,23.735506,23.760506,23.785506,23.810506,23.835506,23.860506,23.885506,23.910506,23.935506,23.960506,23.985506,24.010506,24.035506,24.060506,24.085506,24.110506,24.135506,24.160506,24.185506,24.210506,24.235506,24.260506,24.285506,24.310506,24.335506,24.360506,24.385506,24.410506,24.435506,24.460506,24.485506,24.510506
sinr_dl: 0., 0., 0., 0., 0., 0., 0., 0., 0., 0., 0., 0., 0., 0., 0., 0., 0., 0., 0., 0.,40., 0., 0., 0., 0., 0., 0., 0., 0., 0., 0., 0., 0., 0., 0., 0., 0., 0., 0., 0.
sinr_dl_bin_edges:33.134293,33.159293,33.184293,33.209293,33.234293,33.259293,33.284293,33.309293,33.334293,33.359293,33.384293,33.409293,33.434293,33.459293,33.484293,33.509293,33.534293,33.559293,33.584293,33.609293,33.634293,33.659293,33.684293,33.709293,33.734293,33.759293,33.784293,33.809293,33.834293,33.859293,33.884293,33.909293,33.934293,33.959293,33.984293,34.009293,34.034293,34.059293,34.084293,34.109293,34.134293
rsrp_ul: 0., 0., 0., 0., 0., 0., 0., 0., 0., 0., 0., 0., 0., 0., 0., 0., 0., 0., 0., 0.,40., 0., 0., 0., 0., 0., 0., 0., 0., 0., 0., 0., 0., 0., 0., 0., 0., 0., 0., 0.
rsrp_ul_bin_edges:-89.6471,-89.6221,-89.5971,-89.5721,-89.5471,-89.5221,-89.4971,-89.4721,-89.4471,-89.4221,-89.3971,-89.3721,-89.3471,-89.3221,-89.2971,-89.2721,-89.2471,-89.2221,-89.1971,-89.1721,-89.1471,-89.1221,-89.0971,-89.0721,-89.0471,-89.0221,-88.9971,-88.9721,-88.9471,-88.9221,-88.8971,-88.8721,-88.8471,-88.8221,-88.7971,-88.7721,-88.7471,-88.7221,-88.6971,-88.6721,-88.6471
rsrp_dl: 0., 0., 0., 0., 0., 0., 0., 0., 0., 0., 0., 0., 0., 0., 0., 0., 0., 0., 0., 0.,40., 0., 0., 0., 0., 0., 0., 0., 0., 0., 0., 0., 0., 0., 0., 0., 0., 0., 0., 0.
rsrp_dl_bin_edges:-89.90016,-89.87516,-89.85016,-89.82516,-89.80016,-89.77516,-89.75016,-89.72516,-89.70016,-89.67516,-89.65016,-89.62516,-89.60016,-89.57516,-89.55016,-89.52516,-89.50016,-89.47516,-89.45016,-89.42516,-89.40016,-89.37516,-89.35016,-89.32516,-89.30016,-89.27516,-89.25016,-89.22516,-89.20016,-89.17516,-89.15016,-89.12516,-89.10016,-89.07516,-89.05016,-89.02516,-89.00016,-88.97516,-88.95016,-88.92516,-88.90016
cqi_ul: 0., 0., 0., 0., 0., 0., 0., 0., 0., 0., 0., 0., 0., 0., 0., 0., 0., 0., 0., 0.,40., 0., 0., 0., 0., 0., 0., 0., 0., 0., 0., 0., 0., 0., 0., 0., 0., 0., 0., 0.
cqi_ul_bin_edges:8.5  ,8.525,8.55 ,8.575,8.6  ,8.625,8.65 ,8.675,8.7  ,8.725,8.75 ,8.775,8.8  ,8.825,8.85 ,8.875,8.9  ,8.925,8.95 ,8.975,9.   ,9.025,9.05 ,9.075,9.1  ,9.125,9.15 ,9.175,9.2  ,9.225,9.25 ,9.275,9.3  ,9.325,9.35 ,9.375,9.4  ,9.425,9.45 ,9.475,9.5  
cqi_dl: 0., 0., 0., 0., 0., 0., 0., 0., 0., 0., 0., 0., 0., 0., 0., 0., 0., 0., 0., 0.,40., 0., 0., 0., 0., 0., 0., 0., 0., 0., 0., 0., 0., 0., 0., 0., 0., 0., 0., 0.
cqi_dl_bin_edges:13.5  ,13.525,13.55 ,13.575,13.6  ,13.625,13.65 ,13.675,13.7  ,13.725,13.75 ,13.775,13.8  ,13.825,13.85 ,13.875,13.9  ,13.925,13.95 ,13.975,14.   ,14.025,14.05 ,14.075,14.1  ,14.125,14.15 ,14.175,14.2  ,14.225,14.25 ,14.275,14.3  ,14.325,14.35 ,14.375,14.4  ,14.425,14.45 ,14.475,14.5  
mcs_ul: 0., 0., 0., 0., 0., 0., 0., 0., 0., 0., 0., 0., 0., 0., 0., 0., 0., 0., 0., 0.,40., 0., 0., 0., 0., 0., 0., 0., 0., 0., 0., 0., 0., 0., 0., 0., 0., 0., 0., 0.
mcs_ul_bin_edges:14.5  ,14.525,14.55 ,14.575,14.6  ,14.625,14.65 ,14.675,14.7  ,14.725,14.75 ,14.775,14.8  ,14.825,14.85 ,14.875,14.9  ,14.925,14.95 ,14.975,15.   ,15.025,15.05 ,15.075,15.1  ,15.125,15.15 ,15.175,15.2  ,15.225,15.25 ,15.275,15.3  ,15.325,15.35 ,15.375,15.4  ,15.425,15.45 ,15.475,15.5  
mcs_dl: 0., 0., 0., 0., 0., 0., 0., 0., 0., 0., 0., 0., 0., 0., 0., 0., 0., 0., 0., 0.,40., 0., 0., 0., 0., 0., 0., 0., 0., 0., 0., 0., 0., 0., 0., 0., 0., 0., 0., 0.
mcs_dl_bin_edges:24.5  ,24.525,24.55 ,24.575,24.6  ,24.625,24.65 ,24.675,24.7  ,24.725,24.75 ,24.775,24.8  ,24.825,24.85 ,24.875,24.9  ,24.925,24.95 ,24.975,25.   ,25.025,25.05 ,25.075,25.1  ,25.125,25.15 ,25.175,25.2  ,25.225,25.25 ,25.275,25.3  ,25.325,25.35 ,25.375,25.4  ,25.425,25.45 ,25.475,25.5  
eff_ul: 0., 0., 0., 0., 0., 0., 0., 0., 0., 0., 0., 0., 0., 0., 0., 0., 0., 0., 0., 0.,40., 0., 0., 0., 0., 0., 0., 0., 0., 0., 0., 0., 0., 0., 0., 0., 0., 0., 0., 0.
eff_ul_bin_edges:3.402304,3.427304,3.452304,3.477304,3.502304,3.527304,3.552304,3.577304,3.602304,3.627304,3.652304,3.677304,3.702304,3.727304,3.752304,3.777304,3.802304,3.827304,3.852304,3.877304,3.902304,3.927304,3.952304,3.977304,4.002304,4.027304,4.052304,4.077304,4.102304,4.127304,4.152304,4.177304,4.202304,4.227304,4.252304,4.277304,4.302304,4.327304,4.352304,4.377304,4.402304
eff_dl: 0., 0., 0., 0., 0., 0., 0., 0., 0., 0., 0., 0., 0., 0., 0., 0., 0., 0., 0., 0.,40., 0., 0., 0., 0., 0., 0., 0., 0., 0., 0., 0., 0., 0., 0., 0., 0., 0., 0., 0.
eff_dl_bin_edges:6.4141035,6.4391035,6.4641035,6.4891035,6.5141035,6.5391035,6.5641035,6.5891035,6.6141035,6.6391035,6.6641035,6.6891035,6.7141035,6.7391035,6.7641035,6.7891035,6.8141035,6.8391035,6.8641035,6.8891035,6.9141035,6.9391035,6.9641035,6.9891035,7.0141035,7.0391035,7.0641035,7.0891035,7.1141035,7.1391035,7.1641035,7.1891035,7.2141035,7.2391035,7.2641035,7.2891035,7.3141035,7.3391035,7.3641035,7.3891035,7.4141035
rul:0.08589558,0.        ,0.        ,0.        ,0.        ,0.        ,0.        ,0.        ,0.        ,0.        ,0.        ,0.06011522,0.        ,0.        ,0.        ,0.        ,0.        ,0.        ,0.        ,0.        ,0.        ,0.        ,0.        ,0.        ,0.        ,0.        ,0.        ,0.06012252,0.        ,0.        ,0.        ,0.        ,0.        ,0.        ,0.        ,0.        ,0.        ,0.        ,0.        ,0.01284638
rul_bin_edges:  0.        ,  4.56663325,  9.1332665 , 13.69989975, 18.266533  , 22.83316625, 27.3997995 , 31.96643275, 36.533066  , 41.09969925, 45.6663325 , 50.23296575, 54.799599  , 59.36623225, 63.9328655 , 68.49949875, 73.066132  , 77.63276525, 82.1993985 , 86.76603175, 91.332665  , 95.89929825,100.4659315 ,105.03256475,109.599198  ,114.16583125,118.7324645 ,123.29909775,127.865731  ,132.43236425,136.9989975 ,141.56563075,146.132264  ,150.69889725,155.2655305 ,159.83216375,164.398797  ,168.96543025,173.5320635 ,178.09869675,182.66533   
rdl:0.05030694,0.        ,0.        ,0.        ,0.        ,0.        ,0.        ,0.        ,0.        ,0.        ,0.        ,0.        ,0.        ,0.03365268,0.        ,0.        ,0.        ,0.        ,0.        ,0.        ,0.        ,0.        ,0.        ,0.        ,0.        ,0.        ,0.03365688,0.        ,0.        ,0.        ,0.        ,0.        ,0.        ,0.        ,0.        ,0.        ,0.        ,0.        ,0.        ,0.00830195
rdl_bin_edges:  0.        ,  7.94164875, 15.8832975 , 23.82494625, 31.766595  , 39.70824375, 47.6498925 , 55.59154125, 63.53319   , 71.47483875, 79.4164875 , 87.35813625, 95.299785  ,103.24143375,111.1830825 ,119.12473125,127.06638   ,135.00802875,142.9496775 ,150.89132625,158.832975  ,166.77462375,174.7162725 ,182.65792125,190.59957   ,198.54121875,206.4828675 ,214.42451625,222.366165  ,230.30781375,238.2494625 ,246.19111125,254.13276   ,262.07440875,270.0160575 ,277.95770625,285.899355  ,293.84100375,301.7826525 ,309.72430125,317.66595   
lul:1.40834691e+03,0.00000000e+00,0.00000000e+00,0.00000000e+00,0.00000000e+00,0.00000000e+00,0.00000000e+00,0.00000000e+00,0.00000000e+00,0.00000000e+00,0.00000000e+00,0.00000000e+00,0.00000000e+00,0.00000000e+00,0.00000000e+00,0.00000000e+00,0.00000000e+00,0.00000000e+00,0.00000000e+00,0.00000000e+00,0.00000000e+00,0.00000000e+00,0.00000000e+00,0.00000000e+00,0.00000000e+00,0.00000000e+00,0.00000000e+00,0.00000000e+00,0.00000000e+00,0.00000000e+00,0.00000000e+00,0.00000000e+00,0.00000000e+00,0.00000000e+00,0.00000000e+00,1.14374332e+03,1.02921341e+01,2.10270694e+02,5.98379891e-01,8.17147579e+02
lul_bin_edges:0.        ,0.00027852,0.00055704,0.00083556,0.00111408,0.0013926 ,0.00167112,0.00194964,0.00222816,0.00250669,0.00278521,0.00306373,0.00334225,0.00362077,0.00389929,0.00417781,0.00445633,0.00473485,0.00501337,0.00529189,0.00557041,0.00584893,0.00612745,0.00640597,0.00668449,0.00696301,0.00724153,0.00752006,0.00779858,0.0080771 ,0.00835562,0.00863414,0.00891266,0.00919118,0.0094697 ,0.00974822,0.01002674,0.01030526,0.01058378,0.0108623 ,0.01114082
ldl:1.43336262e+03,0.00000000e+00,0.00000000e+00,0.00000000e+00,0.00000000e+00,0.00000000e+00,0.00000000e+00,0.00000000e+00,0.00000000e+00,0.00000000e+00,0.00000000e+00,0.00000000e+00,0.00000000e+00,0.00000000e+00,0.00000000e+00,0.00000000e+00,0.00000000e+00,0.00000000e+00,0.00000000e+00,0.00000000e+00,0.00000000e+00,0.00000000e+00,0.00000000e+00,0.00000000e+00,0.00000000e+00,0.00000000e+00,0.00000000e+00,0.00000000e+00,0.00000000e+00,0.00000000e+00,0.00000000e+00,0.00000000e+00,0.00000000e+00,0.00000000e+00,0.00000000e+00,1.01098345e+03,7.53394335e+00,2.39172805e-01,2.37379009e+02,8.98213468e+02
ldl_bin_edges:0.        ,0.00027873,0.00055746,0.00083619,0.00111492,0.00139365,0.00167238,0.0019511 ,0.00222983,0.00250856,0.00278729,0.00306602,0.00334475,0.00362348,0.00390221,0.00418094,0.00445967,0.0047384 ,0.00501713,0.00529585,0.00557458,0.00585331,0.00613204,0.00641077,0.0066895 ,0.00696823,0.00724696,0.00752569,0.00780442,0.00808315,0.00836188,0.00864061,0.00891933,0.00919806,0.00947679,0.00975552,0.01003425,0.01031298,0.01059171,0.01087044,0.01114917
ilul:8.39044532e+01,0.00000000e+00,2.13896465e-02,2.85195286e-02,2.13896465e-02,2.85195286e-02,2.85195286e-02,2.13896465e-02,2.13896465e-02,2.13896465e-02,2.13896465e-02,2.85195286e-02,2.85195286e-02,2.13896465e-02,2.85195286e-02,1.42597643e-02,3.56494108e-02,1.42597643e-02,2.85195286e-02,3.56494108e-02,2.85195286e-02,2.13896465e-02,2.13896465e-02,3.56494108e-02,2.13896465e-02,2.13896465e-02,2.85195286e-02,1.42597643e-02,2.85195286e-02,2.13896465e-02,2.13896465e-02,2.85195286e-02,2.13896465e-02,2.85195286e-02,2.85195286e-02,2.13896465e-02,1.42597643e-02,3.85013637e-01,7.79082223e+01,5.08503195e+01
ilul_bin_edges:0.        ,0.004675  ,0.00935001,0.01402501,0.01870001,0.02337502,0.02805002,0.03272502,0.03740003,0.04207503,0.04675003,0.05142504,0.05610004,0.06077504,0.06545005,0.07012505,0.07480005,0.07947506,0.08415006,0.08882506,0.09350006,0.09817507,0.10285007,0.10752507,0.11220008,0.11687508,0.12155008,0.12622509,0.13090009,0.13557509,0.1402501 ,0.1449251 ,0.1496001 ,0.15427511,0.15895011,0.16362511,0.16830012,0.17297512,0.17765012,0.18232513,0.18700013
ildl:1.41405220e+02,0.00000000e+00,0.00000000e+00,0.00000000e+00,3.53925964e-02,3.53925964e-02,4.71901285e-02,2.35950642e-02,4.71901285e-02,2.35950642e-02,3.53925964e-02,2.35950642e-02,4.71901285e-02,3.53925964e-02,1.17975321e-02,3.53925964e-02,3.53925964e-02,3.53925964e-02,2.35950642e-02,2.35950642e-02,4.71901285e-02,4.71901285e-02,2.35950642e-02,1.17975321e-02,3.53925964e-02,3.53925964e-02,3.53925964e-02,3.53925964e-02,3.53925964e-02,2.35950642e-02,1.17975321e-02,4.71901285e-02,3.53925964e-02,1.17975321e-02,2.35950642e-02,3.53925964e-02,3.53925964e-02,3.53925964e-02,8.29130557e+01,1.28534112e+02
ildl_bin_edges:0.        ,0.00282536,0.00565071,0.00847607,0.01130142,0.01412678,0.01695213,0.01977749,0.02260284,0.0254282 ,0.02825355,0.03107891,0.03390427,0.03672962,0.03955498,0.04238033,0.04520569,0.04803104,0.0508564 ,0.05368175,0.05650711,0.05933247,0.06215782,0.06498318,0.06780853,0.07063389,0.07345924,0.0762846 ,0.07910995,0.08193531,0.08476066,0.08758602,0.09041138,0.09323673,0.09606209,0.09888744,0.1017128 ,0.10453815,0.10736351,0.11018886,0.11301422
eul:2.35236565e-02,0.00000000e+00,0.00000000e+00,0.00000000e+00,0.00000000e+00,0.00000000e+00,0.00000000e+00,0.00000000e+00,0.00000000e+00,0.00000000e+00,0.00000000e+00,0.00000000e+00,0.00000000e+00,0.00000000e+00,0.00000000e+00,0.00000000e+00,0.00000000e+00,0.00000000e+00,0.00000000e+00,0.00000000e+00,0.00000000e+00,0.00000000e+00,0.00000000e+00,0.00000000e+00,0.00000000e+00,0.00000000e+00,0.00000000e+00,0.00000000e+00,3.84122412e-06,7.68244823e-06,9.21893788e-05,1.07554275e-04,0.00000000e+00,7.22150134e-04,8.91356056e-02,1.41741170e-03,1.53648965e-05,9.60306029e-05,9.98718270e-05,1.92061206e-05
eul_bin_edges:  0.    ,  8.6775, 17.355 , 26.0325, 34.71  , 43.3875, 52.065 , 60.7425, 69.42  , 78.0975, 86.775 , 95.4525,104.13  ,112.8075,121.485 ,130.1625,138.84  ,147.5175,156.195 ,164.8725,173.55  ,182.2275,190.905 ,199.5825,208.26  ,216.9375,225.615 ,234.2925,242.97  ,251.6475,260.325 ,269.0025,277.68  ,286.3575,295.035 ,303.7125,312.39  ,321.0675,329.745 ,338.4225,347.1   
edl:4.08322123e-02,0.00000000e+00,0.00000000e+00,0.00000000e+00,0.00000000e+00,0.00000000e+00,0.00000000e+00,0.00000000e+00,0.00000000e+00,0.00000000e+00,0.00000000e+00,0.00000000e+00,0.00000000e+00,0.00000000e+00,0.00000000e+00,0.00000000e+00,0.00000000e+00,0.00000000e+00,0.00000000e+00,0.00000000e+00,0.00000000e+00,0.00000000e+00,0.00000000e+00,0.00000000e+00,0.00000000e+00,0.00000000e+00,0.00000000e+00,0.00000000e+00,3.84122412e-06,3.84122412e-06,6.14595858e-05,8.83481546e-05,0.00000000e+00,6.03072186e-04,7.23340913e-02,1.10627255e-03,7.68244823e-06,9.60306029e-05,8.83481546e-05,1.53648965e-05
edl_bin_edges:  0.    ,  8.6775, 17.355 , 26.0325, 34.71  , 43.3875, 52.065 , 60.7425, 69.42  , 78.0975, 86.775 , 95.4525,104.13  ,112.8075,121.485 ,130.1625,138.84  ,147.5175,156.195 ,164.8725,173.55  ,182.2275,190.905 ,199.5825,208.26  ,216.9375,225.615 ,234.2925,242.97  ,251.6475,260.325 ,269.0025,277.68  ,286.3575,295.035 ,303.7125,312.39  ,321.0675,329.745 ,338.4225,347.1   
gul:9.45858747e-02,0.00000000e+00,0.00000000e+00,0.00000000e+00,0.00000000e+00,0.00000000e+00,0.00000000e+00,0.00000000e+00,0.00000000e+00,0.00000000e+00,0.00000000e+00,0.00000000e+00,0.00000000e+00,0.00000000e+00,0.00000000e+00,0.00000000e+00,0.00000000e+00,0.00000000e+00,0.00000000e+00,0.00000000e+00,0.00000000e+00,0.00000000e+00,0.00000000e+00,0.00000000e+00,0.00000000e+00,0.00000000e+00,0.00000000e+00,0.00000000e+00,0.00000000e+00,0.00000000e+00,0.00000000e+00,3.16883872e-05,3.56494356e-05,0.00000000e+00,1.54480887e-04,2.33503803e-02,6.10001453e-04,3.96104840e-06,2.77273388e-05,3.56494356e-05
gul_bin_edges:  0.   ,  8.415, 16.83 , 25.245, 33.66 , 42.075, 50.49 , 58.905, 67.32 , 75.735, 84.15 , 92.565,100.98 ,109.395,117.81 ,126.225,134.64 ,143.055,151.47 ,159.885,168.3  ,176.715,185.13 ,193.545,201.96 ,210.375,218.79 ,227.205,235.62 ,244.035,252.45 ,260.865,269.28 ,277.695,286.11 ,294.525,302.94 ,311.355,319.77 ,328.185,336.6  
gdl:7.48651373e-02,0.00000000e+00,0.00000000e+00,0.00000000e+00,0.00000000e+00,0.00000000e+00,0.00000000e+00,0.00000000e+00,0.00000000e+00,0.00000000e+00,0.00000000e+00,0.00000000e+00,0.00000000e+00,0.00000000e+00,0.00000000e+00,0.00000000e+00,0.00000000e+00,0.00000000e+00,0.00000000e+00,0.00000000e+00,0.00000000e+00,0.00000000e+00,0.00000000e+00,0.00000000e+00,0.00000000e+00,0.00000000e+00,0.00000000e+00,0.00000000e+00,0.00000000e+00,3.86460548e-06,4.63752658e-05,6.18336877e-05,7.72921096e-06,1.31396586e-04,3.91639119e-02,1.57289443e-03,1.15938164e-05,2.70522384e-05,3.86460548e-05,1.15938164e-05
gdl_bin_edges:  0.   ,  8.625, 17.25 , 25.875, 34.5  , 43.125, 51.75 , 60.375, 69.   , 77.625, 86.25 , 94.875,103.5  ,112.125,120.75 ,129.375,138.   ,146.625,155.25 ,163.875,172.5  ,181.125,189.75 ,198.375,207.   ,215.625,224.25 ,232.875,241.5  ,250.125,258.75 ,267.375,276.   ,284.625,293.25 ,301.875,310.5  ,319.125,327.75 ,336.375,345.   
ri: 0., 0., 0., 0., 0., 0., 0., 0., 0., 0., 0., 0., 0., 0., 0., 0., 0., 0., 0., 0.,40., 0., 0., 0., 0., 0., 0., 0., 0., 0., 0., 0., 0., 0., 0., 0., 0., 0., 0., 0.
ri_bin_edges:0.5  ,0.525,0.55 ,0.575,0.6  ,0.625,0.65 ,0.675,0.7  ,0.725,0.75 ,0.775,0.8  ,0.825,0.85 ,0.875,0.9  ,0.925,0.95 ,0.975,1.   ,1.025,1.05 ,1.075,1.1  ,1.125,1.15 ,1.175,1.2  ,1.225,1.25 ,1.275,1.3  ,1.325,1.35 ,1.375,1.4  ,1.425,1.45 ,1.475,1.5  
