period:1
ue_log_freq:1000
mac_log_freq:1000
mimo_layers:2
frequency:2412000000.0
bandwidth:50000000
ue_speed:5.555555555555555
max_distance:1000
shannon_cfg_bandwidth_mhz:50.0
shannon_cfg_mimo_layers:2
shannon_cfg_bw_efficiency:0.67
shannon_cfg_sinr_offset_db:0
shannon_cfg_ul_divisor:2
shannon_cfg_sinr_sample_rate:1000
n_ue:10
sinr_period:9.463597741343282
sinr_rate:105.66805852612856
ul_fairness:0.9696761238262344
dl_fairness:0.9922998140934208
ul_agg_throughput:2.781383166729443
dl_agg_throughput:24.003909577888702
ul_ave_throughput:0.2781383166729443
dl_ave_throughput:2.4003909577888702
ul_se:0.055627663334588864
dl_se:0.48007819155777404
ul_ase:1.770683518470321e-08
dl_ase:1.528136345140751e-07
ul_gr:0.12153342466575334, 0.12153342466575334, 0.12153342466575334, 0.12153342466575334, 0.12153342466575334, 0.12153342466575334, 0.12153342466575334, 0.12153342466575334, 0.12153342466575334, 0.12153342466575334
dl_gr:1.9078834011659882, 1.9039203207967923, 1.9000726792732072, 1.9025333746662536, 1.9025830541694584, 1.9029424105758945, 1.9014941850581497, 1.90489935100649, 1.843788362116379, 1.9037925620743792
ul_tr:0.12153342674973251, 0.12153342804671952, 0.1215334283207168, 0.12153342855571445, 0.12126685750942491, 0.121533428300217, 0.12153342762812373, 0.12033133039769602, 0.11317187311100887, 0.11865261631119889
dl_tr:1.9078835396814031, 1.9039204578216216, 1.9000728199984, 1.9025335141618585, 1.9025831961160387, 1.9029425493635064, 1.9014943277113228, 1.9048994910320893, 1.8351090824696752, 1.903093119493405
ul_er:0.0, 0.0, 0.0, 0.0, 0.0002664873351266487, 0.0, 0.0, 0.0012013079869201309, 0.008352776472235276, 0.002879171208287917
dl_er:29.920576074239257, 29.924539154608453, 29.92838679613204, 29.92592610073899, 29.925876421235788, 29.925517064829354, 29.9269652903471, 29.923560124398755, 29.993340436595634, 29.925365586344142
ul_er_ratio:0.0, 0.0, 0.0, 0.0, 0.0021927096260495587, 0.0, 0.0, 0.009884653232972147, 0.06873318706024033, 0.023690684281478715
dl_er_ratio:0.940057308370432, 0.9401818221489401, 0.9403027088676496, 0.9402253977358311, 0.9402238368117943, 0.940212546493612, 0.940258047340988, 0.940151062475277, 0.9423437487468423, 0.9402078141112009
ul_er_perc:0.0, 0.0, 0.0, 0.0, 0.21927096260495588, 0.0, 0.0, 0.9884653232972147, 6.873318706024032, 2.3690684281478713
dl_er_perc:94.0057308370432, 94.01818221489401, 94.03027088676495, 94.02253977358312, 94.02238368117943, 94.0212546493612, 94.0258047340988, 94.0151062475277, 94.23437487468424, 94.0207814111201
ul_l:0.0005261567992590075, 0.0005264708697193028, 0.0005264673512114879, 0.0005265855303366965, 0.0005282365689623104, 0.0005273589107548924, 0.0005267374356266437, 0.0005391972521784782, 0.001645372896211038, 0.0003526043498415016
dl_l:0.00014064466952930474, 0.00014012431264587353, 0.00013991344956950432, 0.00013986683660563396, 0.00013974721543584564, 0.00014006104781652182, 0.00013890306525534747, 0.00014000724068759314, 0.0007543160159808402, 0.00015120615941640583
ul_il:0.0005499351173688262, 0.0005500928054259458, 0.0005483947654423456, 0.0005473461309986901, 0.000548771336102639, 0.0005477286987310126, 0.0005446159261597384, 0.0005644347791242088, 0.007696739436546636, 0.0018283219546434536
dl_il:0.10460136674892251, 0.10463069332689874, 0.10363547362289677, 0.10394025273274667, 0.10319870566158039, 0.10389455458119418, 0.10292856881877682, 0.10361654611564183, 0.11383488251273187, 0.10182928490469395
sinr_ul:4.91100405e-04,2.30611787e-04,4.52353890e-04,6.37216780e-04,9.56992234e-04,7.42719339e-04,8.96304922e-04,1.33465405e-03,1.52885345e-03,3.28318360e-03,4.25740170e-02,6.21055282e-02,6.52556665e-02,6.56379966e-02,6.30909968e-02,3.33271378e-02,2.75352341e-02,2.35560137e-02,2.51166113e-02,1.12654325e-02,1.70409973e-02,8.95511318e-03,3.34620504e-03,2.55680315e-03,1.46349788e-03,9.52323979e-04,2.56287189e-04,2.27810834e-04,2.11005117e-04,1.99801305e-04,1.90464796e-04,1.82061937e-04,9.89670018e-05,9.66328744e-05,9.56992234e-05,9.42987470e-05,9.33650960e-05,9.38319215e-05,1.43315422e-04,5.13041203e-04
sinr_ul_bin_edges:-5.386399  ,-3.24429227,-1.10218555, 1.03992118, 3.1820279 , 5.32413463, 7.46624135, 9.60834808,11.7504548 ,13.89256153,16.03466825,18.17677498,20.3188817 ,22.46098843,24.60309515,26.74520188,28.8873086 ,31.02941532,33.17152205,35.31362878,37.4557355 ,39.59784223,41.73994895,43.88205568,46.0241624 ,48.16626913,50.30837585,52.45048258,54.5925893 ,56.73469603,58.87680275,61.01890948,63.1610162 ,65.30312293,67.44522965,69.58733638,71.7294431 ,73.87154983,76.01365655,78.15576328,80.29787   
sinr_dl:4.91101474e-04,2.30612289e-04,4.52354875e-04,6.37218168e-04,9.56994318e-04,7.42720956e-04,8.96306874e-04,1.33419013e-03,1.52932360e-03,3.28412440e-03,4.25745765e-02,6.21047298e-02,6.52637447e-02,6.56264689e-02,6.30953356e-02,3.33370138e-02,2.75296922e-02,2.35705366e-02,2.51021944e-02,1.12621892e-02,1.70415013e-02,8.95466586e-03,3.34527867e-03,2.55587507e-03,1.46350107e-03,9.52326053e-04,2.56287747e-04,2.27811330e-04,2.11005576e-04,1.99801741e-04,1.90465211e-04,1.82062334e-04,9.89672173e-05,9.66330848e-05,9.56994318e-05,9.42989523e-05,9.33652993e-05,9.38321258e-05,1.43315734e-04,5.13042320e-04
sinr_dl_bin_edges: 4.3568726 , 6.49897466, 8.64107672,10.78317878,12.92528084,15.0673829 ,17.20948496,19.35158702,21.49368908,23.63579114,25.7778932 ,27.91999526,30.06209732,32.20419938,34.34630144,36.4884035 ,38.63050556,40.77260762,42.91470968,45.05681174,47.1989138 ,49.34101586,51.48311792,53.62521998,55.76732204,57.9094241 ,60.05152616,62.19362822,64.33573028,66.47783234,68.6199344 ,70.76203646,72.90413852,75.04624058,77.18834264,79.3304447 ,81.47254676,83.61464882,85.75675088,87.89885294,90.040955  
rsrp_ul:4.90810871e-04,2.31162113e-04,4.49715384e-04,6.35579063e-04,9.56404057e-04,7.44855698e-04,8.96161809e-04,1.32999939e-03,1.52987290e-03,3.41045841e-03,4.27733969e-02,6.18659864e-02,6.61072275e-02,6.41295072e-02,6.40076217e-02,3.43661008e-02,2.70945347e-02,2.46021868e-02,2.37956878e-02,1.10098545e-02,1.70952555e-02,8.84300157e-03,3.27596409e-03,2.48160701e-03,1.46449371e-03,9.21379494e-04,2.54044828e-04,2.26959166e-04,2.11548358e-04,1.99406510e-04,1.90066627e-04,1.78391772e-04,9.90027637e-05,9.71347870e-05,9.52668103e-05,9.43328220e-05,9.33988337e-05,9.38658278e-05,1.43367210e-04,5.13226591e-04
rsrp_ul_bin_edges:-115.98459   ,-113.84325705,-111.7019241 ,-109.56059115,-107.4192582 ,-105.27792525,-103.1365923 ,-100.99525935, -98.8539264 , -96.71259345, -94.5712605 , -92.42992755, -90.2885946 , -88.14726165, -86.0059287 , -83.86459575, -81.7232628 , -79.58192985, -77.4405969 , -75.29926395, -73.157931  , -71.01659805, -68.8752651 , -66.73393215, -64.5925992 , -62.45126625, -60.3099333 , -58.16860035, -56.0272674 , -53.88593445, -51.7446015 , -49.60326855, -47.4619356 , -45.32060265, -43.1792697 , -41.03793675, -38.8966038 , -36.75527085, -34.6139379 , -32.47260495, -30.331272  
rsrp_dl:4.90810871e-04,2.31162113e-04,4.49715384e-04,6.35579063e-04,9.56404057e-04,7.44855698e-04,8.96161809e-04,1.32999939e-03,1.52987290e-03,3.41045841e-03,4.27733969e-02,6.18659864e-02,6.61072275e-02,6.41295072e-02,6.40076217e-02,3.43661008e-02,2.70945347e-02,2.46021868e-02,2.37956878e-02,1.10098545e-02,1.70952555e-02,8.84300157e-03,3.27596409e-03,2.48160701e-03,1.46449371e-03,9.21379494e-04,2.54044828e-04,2.26959166e-04,2.11548358e-04,1.99406510e-04,1.90066627e-04,1.78391772e-04,9.90027637e-05,9.71347870e-05,9.52668103e-05,9.43328220e-05,9.33988337e-05,9.38658278e-05,1.43367210e-04,5.13226591e-04
rsrp_dl_bin_edges:-112.97429   ,-110.83295705,-108.6916241 ,-106.55029115,-104.4089582 ,-102.26762525,-100.1262923 , -97.98495935, -95.8436264 , -93.70229345, -91.5609605 , -89.41962755, -87.2782946 , -85.13696165, -82.9956287 , -80.85429575, -78.7129628 , -76.57162985, -74.4302969 , -72.28896395, -70.147631  , -68.00629805, -65.8649651 , -63.72363215, -61.5822992 , -59.44096625, -57.2996333 , -55.15830035, -53.0169674 , -50.87563445, -48.7343015 , -46.59296855, -44.4516356 , -42.31030265, -40.1689697 , -38.02763675, -35.8863038 , -33.74497085, -31.6036379 , -29.46230495, -27.320972  
cqi_ul:2.10767123e-03,0.00000000e+00,0.00000000e+00,1.68921388e-03,0.00000000e+00,0.00000000e+00,1.48306209e-03,0.00000000e+00,0.00000000e+00,3.13535326e-03,0.00000000e+00,0.00000000e+00,2.97535486e-03,0.00000000e+00,0.00000000e+00,5.75378862e-03,0.00000000e+00,0.00000000e+00,4.27995720e-03,0.00000000e+00,0.00000000e+00,2.95689351e-03,0.00000000e+00,0.00000000e+00,5.63071292e-03,0.00000000e+00,0.00000000e+00,8.32299369e-03,0.00000000e+00,0.00000000e+00,9.30144545e-03,0.00000000e+00,0.00000000e+00,1.41352433e-02,0.00000000e+00,0.00000000e+00,8.88637267e-02,0.00000000e+00,0.00000000e+00,2.92628766e+00
cqi_ul_bin_edges: 2.   , 2.325, 2.65 , 2.975, 3.3  , 3.625, 3.95 , 4.275, 4.6  , 4.925, 5.25 , 5.575, 5.9  , 6.225, 6.55 , 6.875, 7.2  , 7.525, 7.85 , 8.175, 8.5  , 8.825, 9.15 , 9.475, 9.8  ,10.125,10.45 ,10.775,11.1  ,11.425,11.75 ,12.075,12.4  ,12.725,13.05 ,13.375,13.7  ,14.025,14.35 ,14.675,15.   
cqi_dl:3.17996820e-03,0.00000000e+00,0.00000000e+00,0.00000000e+00,0.00000000e+00,2.36497635e-03,0.00000000e+00,0.00000000e+00,0.00000000e+00,0.00000000e+00,1.34998650e-03,0.00000000e+00,0.00000000e+00,0.00000000e+00,0.00000000e+00,3.26496735e-03,0.00000000e+00,0.00000000e+00,0.00000000e+00,0.00000000e+00,5.69994300e-03,0.00000000e+00,0.00000000e+00,0.00000000e+00,0.00000000e+00,7.07492925e-03,0.00000000e+00,0.00000000e+00,0.00000000e+00,0.00000000e+00,8.93991060e-03,0.00000000e+00,0.00000000e+00,0.00000000e+00,0.00000000e+00,4.95995040e-03,0.00000000e+00,0.00000000e+00,0.00000000e+00,4.96316537e+00
cqi_dl_bin_edges: 7. , 7.2, 7.4, 7.6, 7.8, 8. , 8.2, 8.4, 8.6, 8.8, 9. , 9.2, 9.4, 9.6, 9.8,10. ,10.2,10.4,10.6,10.8,11. ,11.2,11.4,11.6,11.8,12. ,12.2,12.4,12.6,12.8,13. ,13.2,13.4,13.6,13.8,14. ,14.2,14.4,14.6,14.8,15. 
mcs_ul:1.01480467e-03,4.48884400e-04,3.64440800e-04,0.00000000e+00,3.85181333e-04,3.28885600e-04,0.00000000e+00,7.76288533e-04,7.33326000e-04,0.00000000e+00,7.21474267e-04,7.40733333e-06,0.00000000e+00,7.03696667e-04,1.07406333e-03,0.00000000e+00,1.69627933e-03,1.05332280e-03,0.00000000e+00,1.00739733e-03,6.69622933e-04,0.00000000e+00,0.00000000e+00,7.54066533e-04,0.00000000e+00,1.37924547e-03,1.33183853e-03,0.00000000e+00,2.00738733e-03,1.99998000e-03,0.00000000e+00,2.29034747e-03,2.18812627e-03,0.00000000e+00,2.32293973e-03,4.48291813e-03,0.00000000e+00,1.06221160e-02,3.21448637e-02,1.40897258e+00
mcs_ul_bin_edges: 1.   , 1.675, 2.35 , 3.025, 3.7  , 4.375, 5.05 , 5.725, 6.4  , 7.075, 7.75 , 8.425, 9.1  , 9.775,10.45 ,11.125,11.8  ,12.475,13.15 ,13.825,14.5  ,15.175,15.85 ,16.525,17.2  ,17.875,18.55 ,19.225,19.9  ,20.575,21.25 ,21.925,22.6  ,23.275,23.95 ,24.625,25.3  ,25.975,26.65 ,27.325,28.   
mcs_dl:1.58998410e-03,0.00000000e+00,6.42493575e-04,0.00000000e+00,0.00000000e+00,5.39994600e-04,0.00000000e+00,3.44996550e-04,0.00000000e+00,0.00000000e+00,0.00000000e+00,0.00000000e+00,3.29996700e-04,0.00000000e+00,0.00000000e+00,6.04993950e-04,0.00000000e+00,1.02748973e-03,0.00000000e+00,0.00000000e+00,1.38498615e-03,0.00000000e+00,1.46498535e-03,0.00000000e+00,0.00000000e+00,1.63748363e-03,0.00000000e+00,1.89998100e-03,0.00000000e+00,0.00000000e+00,2.78247218e-03,0.00000000e+00,1.68748313e-03,0.00000000e+00,0.00000000e+00,1.21998780e-03,0.00000000e+00,1.25998740e-03,0.00000000e+00,2.48158268e+00
mcs_dl_bin_edges:12. ,12.4,12.8,13.2,13.6,14. ,14.4,14.8,15.2,15.6,16. ,16.4,16.8,17.2,17.6,18. ,18.4,18.8,19.2,19.6,20. ,20.4,20.8,21.2,21.6,22. ,22.4,22.8,23.2,23.6,24. ,24.4,24.8,25.2,25.6,26. ,26.4,26.8,27.2,27.6,28. 
eff_ul:7.53041603e-03,1.87498213e-03,1.98168843e-03,1.69205704e-03,3.99386437e-03,3.77282989e-03,3.71185487e-03,3.65850172e-03,5.52586197e-03,0.00000000e+00,8.72705097e-03,0.00000000e+00,5.41915567e-03,0.00000000e+00,5.18287743e-03,0.00000000e+00,3.44508912e-03,3.87953619e-03,7.09596895e-03,0.00000000e+00,6.85206884e-03,0.00000000e+00,1.03276455e-02,0.00000000e+00,0.00000000e+00,1.02895361e-02,0.00000000e+00,1.17834243e-02,0.00000000e+00,1.12575147e-02,0.00000000e+00,0.00000000e+00,1.19511056e-02,0.00000000e+00,2.30638046e-02,0.00000000e+00,5.46488694e-02,0.00000000e+00,1.65379521e-01,7.24890957e+00
eff_ul_bin_edges:0.30659986,0.4377998 ,0.56899974,0.70019968,0.83139961,0.96259955,1.09379949,1.22499943,1.35619937,1.48739931,1.61859924,1.74979918,1.88099912,2.01219906,2.143399  ,2.27459894,2.40579888,2.53699881,2.66819875,2.79939869,2.93059863,3.06179857,3.19299851,3.32419845,3.45539838,3.58659832,3.71779826,3.8489982 ,3.98019814,4.11139808,4.24259801,4.37379795,4.50499789,4.63619783,4.76739777,4.89859771,5.02979765,5.16099758,5.29219752,5.42339746,5.5545974 
eff_dl:6.59180666e-03,0.00000000e+00,2.66367030e-03,0.00000000e+00,2.23872679e-03,0.00000000e+00,0.00000000e+00,1.43029767e-03,0.00000000e+00,1.36811082e-03,2.50820316e-03,0.00000000e+00,0.00000000e+00,4.25979959e-03,0.00000000e+00,0.00000000e+00,5.74191964e-03,0.00000000e+00,0.00000000e+00,6.07358287e-03,0.00000000e+00,0.00000000e+00,6.78873170e-03,0.00000000e+00,0.00000000e+00,0.00000000e+00,7.87700167e-03,0.00000000e+00,0.00000000e+00,1.15356617e-02,0.00000000e+00,0.00000000e+00,6.99602122e-03,0.00000000e+00,0.00000000e+00,5.05786423e-03,0.00000000e+00,5.22369584e-03,0.00000000e+00,1.02882244e+01
eff_dl_bin_edges:1.6952995 ,1.79178195,1.88826439,1.98474684,2.08122929,2.17771174,2.27419418,2.37067663,2.46715908,2.56364153,2.66012397,2.75660642,2.85308887,2.94957132,3.04605376,3.14253621,3.23901866,3.33550111,3.43198355,3.528466  ,3.62494845,3.7214309 ,3.81791334,3.91439579,4.01087824,4.10736069,4.20384313,4.30032558,4.39680803,4.49329048,4.58977293,4.68625537,4.78273782,4.87922027,4.97570271,5.07218516,5.16866761,5.26515006,5.3616325 ,5.45811495,5.5545974 
rul:4.64861773e-01,2.88400935e-04,6.61598269e-05,8.94555405e-05,1.07626197e-04,4.42618560e-05,3.40117420e-05,3.35458277e-05,3.26139992e-05,5.73074557e-05,1.49092568e-05,1.53751710e-05,4.19322846e-05,1.35115139e-05,6.98871410e-06,1.25796854e-05,2.93525992e-05,0.00000000e+00,1.39774282e-06,1.86365709e-06,1.58410853e-04,0.00000000e+00,0.00000000e+00,0.00000000e+00,0.00000000e+00,0.00000000e+00,0.00000000e+00,0.00000000e+00,0.00000000e+00,0.00000000e+00,0.00000000e+00,0.00000000e+00,0.00000000e+00,4.65914274e-07,0.00000000e+00,0.00000000e+00,0.00000000e+00,0.00000000e+00,0.00000000e+00,6.98871410e-06
rul_bin_edges: 0.        , 2.14629613, 4.29259225, 6.43888838, 8.5851845 ,10.73148062,12.87777675,15.02407288,17.170369  ,19.31666513,21.46296125,23.60925738,25.7555535 ,27.90184963,30.04814575,32.19444188,34.340738  ,36.48703413,38.63333025,40.77962637,42.9259225 ,45.07221863,47.21851475,49.36481088,51.511107  ,53.65740313,55.80369925,57.94999538,60.0962915 ,62.24258763,64.38888375,66.53517987,68.681476  ,70.82777213,72.97406825,75.12036438,77.2666605 ,79.41295663,81.55925275,83.70554888,85.851845  
rdl:3.18207662e-01,9.63610145e-05,9.33705003e-05,5.94780055e-05,2.52532314e-05,1.36234538e-05,1.56171299e-05,5.31646977e-06,4.31963169e-06,4.98419041e-06,1.32911744e-06,9.96838081e-07,1.99367616e-06,1.18846359e-02,3.32279360e-07,0.00000000e+00,3.32279360e-07,0.00000000e+00,6.64558721e-07,0.00000000e+00,0.00000000e+00,6.64558721e-07,0.00000000e+00,3.32279360e-07,0.00000000e+00,0.00000000e+00,1.86508405e-03,0.00000000e+00,0.00000000e+00,0.00000000e+00,0.00000000e+00,0.00000000e+00,0.00000000e+00,0.00000000e+00,0.00000000e+00,0.00000000e+00,0.00000000e+00,0.00000000e+00,0.00000000e+00,3.32279360e-07
rdl_bin_edges:  0.        ,  3.00948575,  6.0189715 ,  9.02845725, 12.037943  , 15.04742875, 18.0569145 , 21.06640025, 24.075886  , 27.08537175, 30.0948575 , 33.10434325, 36.113829  , 39.12331475, 42.1328005 , 45.14228625, 48.151772  , 51.16125775, 54.1707435 , 57.18022925, 60.189715  , 63.19920075, 66.2086865 , 69.21817225, 72.227658  , 75.23714375, 78.2466295 , 81.25611525, 84.265601  , 87.27508675, 90.2845725 , 93.29405825, 96.303544  , 99.31302975,102.3225155 ,105.33200125,108.341487  ,111.35097275,114.3604585 ,117.36994425,120.37943   
lul:2.69312936e+01,1.56228530e-03,3.50167395e-04,1.07743814e-04,2.69359535e-05,0.00000000e+00,0.00000000e+00,0.00000000e+00,0.00000000e+00,0.00000000e+00,0.00000000e+00,0.00000000e+00,0.00000000e+00,0.00000000e+00,0.00000000e+00,0.00000000e+00,0.00000000e+00,0.00000000e+00,0.00000000e+00,0.00000000e+00,0.00000000e+00,0.00000000e+00,0.00000000e+00,0.00000000e+00,0.00000000e+00,0.00000000e+00,0.00000000e+00,0.00000000e+00,1.61615721e-04,3.23231442e-04,5.38719070e-04,2.69359535e-04,2.15487628e-04,3.50167395e-04,1.88551674e-04,1.07743814e-04,2.96295488e-04,8.08078604e-05,2.42423581e-04,1.07743814e-04
lul_bin_edges:0.        ,0.03712473,0.07424946,0.11137419,0.14849892,0.18562365,0.22274838,0.25987311,0.29699784,0.33412257,0.3712473 ,0.40837203,0.44549676,0.48262149,0.51974622,0.55687095,0.59399568,0.63112041,0.66824514,0.70536987,0.7424946 ,0.77961933,0.81674406,0.85386879,0.89099352,0.92811825,0.96524298,1.00236771,1.03949244,1.07661717,1.1137419 ,1.15086663,1.18799136,1.22511609,1.26224082,1.29936555,1.33649028,1.37361501,1.41073974,1.44786447,1.4849892 
ldl:1.60928968e+01,9.65640440e-04,0.00000000e+00,0.00000000e+00,0.00000000e+00,0.00000000e+00,0.00000000e+00,0.00000000e+00,0.00000000e+00,0.00000000e+00,0.00000000e+00,0.00000000e+00,0.00000000e+00,0.00000000e+00,0.00000000e+00,0.00000000e+00,0.00000000e+00,0.00000000e+00,0.00000000e+00,0.00000000e+00,0.00000000e+00,0.00000000e+00,0.00000000e+00,0.00000000e+00,0.00000000e+00,0.00000000e+00,0.00000000e+00,0.00000000e+00,0.00000000e+00,0.00000000e+00,0.00000000e+00,0.00000000e+00,0.00000000e+00,0.00000000e+00,0.00000000e+00,0.00000000e+00,0.00000000e+00,0.00000000e+00,0.00000000e+00,3.05786139e-04
ldl_bin_edges:0.        ,0.06213431,0.12426861,0.18640292,0.24853723,0.31067154,0.37280585,0.43494015,0.49707446,0.55920877,0.62134307,0.68347738,0.74561169,0.807746  ,0.86988031,0.93201461,0.99414892,1.05628323,1.11841754,1.18055184,1.24268615,1.30482046,1.36695477,1.42908907,1.49122338,1.55335769,1.61549199,1.6776263 ,1.73976061,1.80189492,1.86402922,1.92616353,1.98829784,2.05043215,2.11256646,2.17470076,2.23683507,2.29896938,2.36110368,2.42323799,2.4853723 
ilul:2.36414931e+01,3.66861366e-03,9.70407483e-04,5.91711880e-04,7.10054256e-05,2.13016277e-04,2.84021702e-04,1.89347802e-04,3.07690178e-04,3.07690178e-04,3.55027128e-04,2.84021702e-04,5.91711880e-04,2.84021702e-04,2.84021702e-04,2.84021702e-04,4.49701029e-04,4.02364078e-04,3.07690178e-04,4.26032554e-04,4.73369504e-04,4.49701029e-04,5.44374929e-04,8.04728157e-04,5.30173844e-03,3.83429298e-03,3.76328756e-03,2.36684752e-04,2.13016277e-04,2.60353227e-04,1.89347802e-04,1.89347802e-04,1.18342376e-04,1.65679326e-04,7.10054256e-05,7.10054256e-05,2.36684752e-05,4.73369504e-05,1.18342376e-04,7.10054256e-05
ilul_bin_edges:0.        ,0.04224987,0.08449974,0.12674961,0.16899948,0.21124935,0.25349922,0.29574909,0.33799896,0.38024883,0.4224987 ,0.46474857,0.50699844,0.54924831,0.59149818,0.63374805,0.67599792,0.71824779,0.76049766,0.80274753,0.8449974 ,0.88724727,0.92949714,0.97174701,1.01399688,1.05624675,1.09849662,1.14074649,1.18299636,1.22524623,1.2674961 ,1.30974597,1.35199584,1.39424571,1.43649558,1.47874545,1.52099532,1.56324519,1.60549506,1.64774493,1.6899948 
ildl:6.59888127e+00,0.00000000e+00,1.37621052e-05,0.00000000e+00,6.19294733e-05,3.44052630e-05,6.88105259e-05,3.22033261e-03,7.12877049e-03,6.34433049e-03,5.66310628e-03,5.13326523e-03,4.99564418e-03,5.03004944e-03,5.18831365e-03,5.15390839e-03,4.54149471e-03,1.25923262e-02,1.85616394e-01,4.83049892e-03,4.32818208e-03,5.03693050e-03,9.43392310e-03,6.15854207e-03,2.27074736e-04,4.12863156e-05,4.81673681e-05,4.81673681e-05,7.56915785e-05,1.30739999e-04,4.81673681e-05,1.37621052e-04,1.16977894e-04,1.51383157e-04,6.19294733e-05,1.37621052e-04,5.50484207e-05,9.63347363e-05,1.10096841e-04,1.78907367e-04
ildl_bin_edges:0.        ,0.14532515,0.2906503 ,0.43597545,0.5813006 ,0.72662575,0.8719509 ,1.01727605,1.1626012 ,1.30792635,1.4532515 ,1.59857665,1.7439018 ,1.88922695,2.0345521 ,2.17987725,2.3252024 ,2.47052755,2.6158527 ,2.76117785,2.906503  ,3.05182815,3.1971533 ,3.34247845,3.4878036 ,3.63312875,3.7784539 ,3.92377905,4.0691042 ,4.21442935,4.3597545 ,4.50507965,4.6504048 ,4.79572995,4.9410551 ,5.08638025,5.2317054 ,5.37703055,5.5223557 ,5.66768085,5.813006  
eul:1.67349682e+00,7.03039505e-05,5.85866254e-05,4.18475896e-05,2.67824573e-05,4.35214931e-05,2.00868430e-05,1.33912287e-05,1.17173251e-05,8.36951791e-06,1.50651322e-05,1.17173251e-05,8.36951791e-06,8.36951791e-06,3.34780716e-06,8.36951791e-06,1.17173251e-05,1.00434215e-05,5.02171075e-06,1.00434215e-05,5.02171075e-06,3.34780716e-06,1.67390358e-06,5.02171075e-06,3.34780716e-06,1.67390358e-06,1.67390358e-06,1.67390358e-06,3.34780716e-06,1.67390358e-06,1.67390358e-06,1.67390358e-06,0.00000000e+00,0.00000000e+00,0.00000000e+00,1.67390358e-06,0.00000000e+00,1.67390358e-06,0.00000000e+00,1.67390358e-06
eul_bin_edges: 0.    , 0.5974, 1.1948, 1.7922, 2.3896, 2.987 , 3.5844, 4.1818, 4.7792, 5.3766, 5.974 , 6.5714, 7.1688, 7.7662, 8.3636, 8.961 , 9.5584,10.1558,10.7532,11.3506,11.948 ,12.5454,13.1428,13.7402,14.3376,14.935 ,15.5324,16.1298,16.7272,17.3246,17.922 ,18.5194,19.1168,19.7142,20.3116,20.909 ,21.5064,22.1038,22.7012,23.2986,23.896 
edl:6.14051586e-02,3.22781947e-05,1.00797309e-04,9.31600575e-05,9.28718593e-05,4.94115757e-04,4.86334407e-05,4.06719663e-04,1.51592236e-03,1.81031679e-03,5.98659643e-04,2.71050376e-04,1.13478028e-04,5.49738004e-05,1.11388592e-04,1.56347506e-04,1.50079196e-04,2.15500179e-04,1.08290461e-04,1.42586043e-04,7.23449449e-04,1.22794034e-03,1.66016554e-03,3.14063953e-04,2.78831727e-05,3.08372039e-05,1.72918900e-05,2.43527451e-05,2.53614387e-05,1.98856735e-05,3.25663929e-05,2.35602002e-05,0.00000000e+00,0.00000000e+00,0.00000000e+00,0.00000000e+00,0.00000000e+00,0.00000000e+00,0.00000000e+00,5.76396334e-07
edl_bin_edges:  0.    , 13.8792, 27.7584, 41.6376, 55.5168, 69.396 , 83.2752, 97.1544,111.0336,124.9128,138.792 ,152.6712,166.5504,180.4296,194.3088,208.188 ,222.0672,235.9464,249.8256,263.7048,277.584 ,291.4632,305.3424,319.2216,333.1008,346.98  ,360.8592,374.7384,388.6176,402.4968,416.376 ,430.2552,444.1344,458.0136,471.8928,485.772 ,499.6512,513.5304,527.4096,541.2888,555.168 
gul:2.85471335e-01,3.14408335e-05,8.86059853e-05,1.71495455e-05,5.71651518e-06,6.85981821e-05,1.42912879e-05,4.57321214e-05,2.00078031e-05,1.42912879e-05,2.85825759e-06,2.28660607e-05,0.00000000e+00,2.85825759e-06,0.00000000e+00,0.00000000e+00,2.85825759e-06,5.71651518e-06,0.00000000e+00,0.00000000e+00,2.85825759e-06,0.00000000e+00,2.85825759e-06,0.00000000e+00,0.00000000e+00,0.00000000e+00,0.00000000e+00,0.00000000e+00,2.85825759e-06,0.00000000e+00,0.00000000e+00,0.00000000e+00,0.00000000e+00,0.00000000e+00,2.85825759e-06,0.00000000e+00,0.00000000e+00,0.00000000e+00,0.00000000e+00,2.85825759e-06
gul_bin_edges:  0.    ,  3.4986,  6.9972, 10.4958, 13.9944, 17.493 , 20.9916, 24.4902, 27.9888, 31.4874, 34.986 , 38.4846, 41.9832, 45.4818, 48.9804, 52.479 , 55.9776, 59.4762, 62.9748, 66.4734, 69.972 , 73.4706, 76.9692, 80.4678, 83.9664, 87.465 , 90.9636, 94.4622, 97.9608,101.4594,104.958 ,108.4566,111.9552,115.4538,118.9524,122.451 ,125.9496,129.4482,132.9468,136.4454,139.944 
gdl:7.12549794e-02,1.20322735e-05,4.76247471e-05,1.41937597e-05,1.23204716e-05,1.99649280e-04,4.03477434e-06,1.61390974e-05,8.46582116e-05,4.66881031e-05,1.95974754e-05,2.00297726e-05,1.04471836e-05,3.45837800e-06,1.18161248e-05,9.36644043e-06,6.84470647e-06,1.23204716e-05,9.87078722e-06,6.48445876e-06,4.39502205e-05,6.85911638e-05,9.84917236e-05,1.92372277e-05,1.65713946e-06,2.30558534e-06,1.44099084e-06,2.30558534e-06,2.73788259e-06,1.72918900e-06,2.73788259e-06,2.37763488e-06,0.00000000e+00,0.00000000e+00,0.00000000e+00,0.00000000e+00,0.00000000e+00,0.00000000e+00,0.00000000e+00,1.44099084e-07
gdl_bin_edges:  0.    , 13.8792, 27.7584, 41.6376, 55.5168, 69.396 , 83.2752, 97.1544,111.0336,124.9128,138.792 ,152.6712,166.5504,180.4296,194.3088,208.188 ,222.0672,235.9464,249.8256,263.7048,277.584 ,291.4632,305.3424,319.2216,333.1008,346.98  ,360.8592,374.7384,388.6176,402.4968,416.376 ,430.2552,444.1344,458.0136,471.8928,485.772 ,499.6512,513.5304,527.4096,541.2888,555.168 
ri: 0., 0., 0., 0., 0., 0., 0., 0., 0., 0., 0., 0., 0., 0., 0., 0., 0., 0., 0., 0.,40., 0., 0., 0., 0., 0., 0., 0., 0., 0., 0., 0., 0., 0., 0., 0., 0., 0., 0., 0.
ri_bin_edges:0.5  ,0.525,0.55 ,0.575,0.6  ,0.625,0.65 ,0.675,0.7  ,0.725,0.75 ,0.775,0.8  ,0.825,0.85 ,0.875,0.9  ,0.925,0.95 ,0.975,1.   ,1.025,1.05 ,1.075,1.1  ,1.125,1.15 ,1.175,1.2  ,1.225,1.25 ,1.275,1.3  ,1.325,1.35 ,1.375,1.4  ,1.425,1.45 ,1.475,1.5  
