period:1
ue_log_freq:1000
mac_log_freq:1000
mimo_layers:2
frequency:2412000000.0
bandwidth:50000000
ue_speed:5.555555555555555
max_distance:1000
shannon_cfg_bandwidth_mhz:50.0
shannon_cfg_mimo_layers:2
shannon_cfg_bw_efficiency:0.67
shannon_cfg_sinr_offset_db:0
shannon_cfg_ul_divisor:2
shannon_cfg_sinr_sample_rate:1000
n_ue:1
sinr_period:9.463597741343282
sinr_rate:105.66805852612856
ul_fairness:1.0
dl_fairness:1.0
ul_agg_throughput:51.836956911357234
dl_agg_throughput:158.04428097184348
ul_ave_throughput:51.836956911357234
dl_ave_throughput:158.04428097184348
ul_se:1.0367391382271447
dl_se:3.1608856194368697
ul_ase:3.3000431709136363e-07
dl_ase:1.0061411417629307e-06
ul_gr:52.15413152894904
dl_gr:163.69005366487787
ul_tr:51.819628846371785
dl_tr:163.25827629312357
ul_er:247.82445918469386
dl_er:136.29857671410954
ul_er_ratio:0.8270627357046358
dl_er_ratio:0.45500069634801
ul_er_perc:82.70627357046358
dl_er_perc:45.500069634801
ul_l:0.006411949863637878
dl_l:0.006418197510999634
ul_il:0.12443123699935003
dl_il:0.047084902973350884
sinr_ul:4.42905151e-04,0.00000000e+00,0.00000000e+00,0.00000000e+00,0.00000000e+00,0.00000000e+00,0.00000000e+00,0.00000000e+00,0.00000000e+00,0.00000000e+00,0.00000000e+00,0.00000000e+00,0.00000000e+00,0.00000000e+00,0.00000000e+00,0.00000000e+00,0.00000000e+00,0.00000000e+00,0.00000000e+00,0.00000000e+00,0.00000000e+00,0.00000000e+00,0.00000000e+00,0.00000000e+00,0.00000000e+00,0.00000000e+00,0.00000000e+00,0.00000000e+00,0.00000000e+00,0.00000000e+00,0.00000000e+00,0.00000000e+00,0.00000000e+00,0.00000000e+00,0.00000000e+00,0.00000000e+00,0.00000000e+00,0.00000000e+00,0.00000000e+00,1.32871545e+01
sinr_ul_bin_edges:19.32911   ,19.40436815,19.4796263 ,19.55488445,19.6301426 ,19.70540075,19.7806589 ,19.85591705,19.9311752 ,20.00643335,20.0816915 ,20.15694965,20.2322078 ,20.30746595,20.3827241 ,20.45798225,20.5332404 ,20.60849855,20.6837567 ,20.75901485,20.834273  ,20.90953115,20.9847893 ,21.06004745,21.1353056 ,21.21056375,21.2858219 ,21.36108005,21.4363382 ,21.51159635,21.5868545 ,21.66211265,21.7373708 ,21.81262895,21.8878871 ,21.96314525,22.0384034 ,22.11366155,22.1889197 ,22.26417785,22.339436  
sinr_dl: 0., 0., 0., 0., 0., 0., 0., 0., 0., 0., 0., 0., 0., 0., 0., 0., 0., 0., 0., 0.,40., 0., 0., 0., 0., 0., 0., 0., 0., 0., 0., 0., 0., 0., 0., 0., 0., 0., 0., 0.
sinr_dl_bin_edges:28.453878,28.478878,28.503878,28.528878,28.553878,28.578878,28.603878,28.628878,28.653878,28.678878,28.703878,28.728878,28.753878,28.778878,28.803878,28.828878,28.853878,28.878878,28.903878,28.928878,28.953878,28.978878,29.003878,29.028878,29.053878,29.078878,29.103878,29.128878,29.153878,29.178878,29.203878,29.228878,29.253878,29.278878,29.303878,29.328878,29.353878,29.378878,29.403878,29.428878,29.453878
rsrp_ul:4.42910447e-04,0.00000000e+00,0.00000000e+00,0.00000000e+00,0.00000000e+00,0.00000000e+00,0.00000000e+00,0.00000000e+00,0.00000000e+00,0.00000000e+00,0.00000000e+00,0.00000000e+00,0.00000000e+00,0.00000000e+00,0.00000000e+00,0.00000000e+00,0.00000000e+00,0.00000000e+00,0.00000000e+00,0.00000000e+00,0.00000000e+00,0.00000000e+00,0.00000000e+00,0.00000000e+00,0.00000000e+00,0.00000000e+00,0.00000000e+00,0.00000000e+00,0.00000000e+00,0.00000000e+00,0.00000000e+00,0.00000000e+00,0.00000000e+00,0.00000000e+00,0.00000000e+00,0.00000000e+00,0.00000000e+00,0.00000000e+00,0.00000000e+00,1.32873134e+01
rsrp_ul_bin_edges:-93.79241   ,-93.71715275,-93.6418955 ,-93.56663825,-93.491381  ,-93.41612375,-93.3408665 ,-93.26560925,-93.190352  ,-93.11509475,-93.0398375 ,-92.96458025,-92.889323  ,-92.81406575,-92.7388085 ,-92.66355125,-92.588294  ,-92.51303675,-92.4377795 ,-92.36252225,-92.287265  ,-92.21200775,-92.1367505 ,-92.06149325,-91.986236  ,-91.91097875,-91.8357215 ,-91.76046425,-91.685207  ,-91.60994975,-91.5346925 ,-91.45943525,-91.384178  ,-91.30892075,-91.2336635 ,-91.15840625,-91.083149  ,-91.00789175,-90.9326345 ,-90.85737725,-90.78212   
rsrp_dl: 0., 0., 0., 0., 0., 0., 0., 0., 0., 0., 0., 0., 0., 0., 0., 0., 0., 0., 0., 0.,40., 0., 0., 0., 0., 0., 0., 0., 0., 0., 0., 0., 0., 0., 0., 0., 0., 0., 0., 0.
rsrp_dl_bin_edges:-94.54548,-94.52048,-94.49548,-94.47048,-94.44548,-94.42048,-94.39548,-94.37048,-94.34548,-94.32048,-94.29548,-94.27048,-94.24548,-94.22048,-94.19548,-94.17048,-94.14548,-94.12048,-94.09548,-94.07048,-94.04548,-94.02048,-93.99548,-93.97048,-93.94548,-93.92048,-93.89548,-93.87048,-93.84548,-93.82048,-93.79548,-93.77048,-93.74548,-93.72048,-93.69548,-93.67048,-93.64548,-93.62048,-93.59548,-93.57048,-93.54548
cqi_ul:6.66644445e-04,0.00000000e+00,0.00000000e+00,0.00000000e+00,0.00000000e+00,0.00000000e+00,0.00000000e+00,0.00000000e+00,0.00000000e+00,0.00000000e+00,0.00000000e+00,0.00000000e+00,0.00000000e+00,0.00000000e+00,0.00000000e+00,0.00000000e+00,0.00000000e+00,0.00000000e+00,0.00000000e+00,0.00000000e+00,0.00000000e+00,0.00000000e+00,0.00000000e+00,0.00000000e+00,0.00000000e+00,0.00000000e+00,0.00000000e+00,0.00000000e+00,0.00000000e+00,0.00000000e+00,0.00000000e+00,0.00000000e+00,0.00000000e+00,0.00000000e+00,0.00000000e+00,0.00000000e+00,0.00000000e+00,0.00000000e+00,0.00000000e+00,1.99993334e+01
cqi_ul_bin_edges:6.  ,6.05,6.1 ,6.15,6.2 ,6.25,6.3 ,6.35,6.4 ,6.45,6.5 ,6.55,6.6 ,6.65,6.7 ,6.75,6.8 ,6.85,6.9 ,6.95,7.  ,7.05,7.1 ,7.15,7.2 ,7.25,7.3 ,7.35,7.4 ,7.45,7.5 ,7.55,7.6 ,7.65,7.7 ,7.75,7.8 ,7.85,7.9 ,7.95,8.  
cqi_dl: 0., 0., 0., 0., 0., 0., 0., 0., 0., 0., 0., 0., 0., 0., 0., 0., 0., 0., 0., 0.,40., 0., 0., 0., 0., 0., 0., 0., 0., 0., 0., 0., 0., 0., 0., 0., 0., 0., 0., 0.
cqi_dl_bin_edges:10.5  ,10.525,10.55 ,10.575,10.6  ,10.625,10.65 ,10.675,10.7  ,10.725,10.75 ,10.775,10.8  ,10.825,10.85 ,10.875,10.9  ,10.925,10.95 ,10.975,11.   ,11.025,11.05 ,11.075,11.1  ,11.125,11.15 ,11.175,11.2  ,11.225,11.25 ,11.275,11.3  ,11.325,11.35 ,11.375,11.4  ,11.425,11.45 ,11.475,11.5  
mcs_ul:3.33322223e-04,0.00000000e+00,0.00000000e+00,0.00000000e+00,0.00000000e+00,0.00000000e+00,0.00000000e+00,0.00000000e+00,0.00000000e+00,0.00000000e+00,0.00000000e+00,0.00000000e+00,0.00000000e+00,0.00000000e+00,0.00000000e+00,0.00000000e+00,0.00000000e+00,0.00000000e+00,0.00000000e+00,0.00000000e+00,0.00000000e+00,0.00000000e+00,0.00000000e+00,0.00000000e+00,0.00000000e+00,0.00000000e+00,0.00000000e+00,0.00000000e+00,0.00000000e+00,0.00000000e+00,0.00000000e+00,0.00000000e+00,0.00000000e+00,0.00000000e+00,0.00000000e+00,0.00000000e+00,0.00000000e+00,0.00000000e+00,0.00000000e+00,9.99966668e+00
mcs_ul_bin_edges: 9. , 9.1, 9.2, 9.3, 9.4, 9.5, 9.6, 9.7, 9.8, 9.9,10. ,10.1,10.2,10.3,10.4,10.5,10.6,10.7,10.8,10.9,11. ,11.1,11.2,11.3,11.4,11.5,11.6,11.7,11.8,11.9,12. ,12.1,12.2,12.3,12.4,12.5,12.6,12.7,12.8,12.9,13. 
mcs_dl: 0., 0., 0., 0., 0., 0., 0., 0., 0., 0., 0., 0., 0., 0., 0., 0., 0., 0., 0., 0.,40., 0., 0., 0., 0., 0., 0., 0., 0., 0., 0., 0., 0., 0., 0., 0., 0., 0., 0., 0.
mcs_dl_bin_edges:19.5  ,19.525,19.55 ,19.575,19.6  ,19.625,19.65 ,19.675,19.7  ,19.725,19.75 ,19.775,19.8  ,19.825,19.85 ,19.875,19.9  ,19.925,19.95 ,19.975,20.   ,20.025,20.05 ,20.075,20.1  ,20.125,20.15 ,20.175,20.2  ,20.225,20.25 ,20.275,20.3  ,20.325,20.35 ,20.375,20.4  ,20.425,20.45 ,20.475,20.5  
eff_ul:1.4555581e-03,0.0000000e+00,0.0000000e+00,0.0000000e+00,0.0000000e+00,0.0000000e+00,0.0000000e+00,0.0000000e+00,0.0000000e+00,0.0000000e+00,0.0000000e+00,0.0000000e+00,0.0000000e+00,0.0000000e+00,0.0000000e+00,0.0000000e+00,0.0000000e+00,0.0000000e+00,0.0000000e+00,0.0000000e+00,0.0000000e+00,0.0000000e+00,0.0000000e+00,0.0000000e+00,0.0000000e+00,0.0000000e+00,0.0000000e+00,0.0000000e+00,0.0000000e+00,0.0000000e+00,0.0000000e+00,0.0000000e+00,0.0000000e+00,0.0000000e+00,0.0000000e+00,0.0000000e+00,0.0000000e+00,0.0000000e+00,0.0000000e+00,4.3666743e+01
eff_ul_bin_edges:2.4062986 ,2.42919856,2.45209852,2.47499848,2.49789844,2.5207984 ,2.54369836,2.56659832,2.58949828,2.61239824,2.6352982 ,2.65819816,2.68109812,2.70399808,2.72689804,2.749798  ,2.77269796,2.79559792,2.81849788,2.84139784,2.8642978 ,2.88719776,2.91009772,2.93299768,2.95589764,2.9787976 ,3.00169756,3.02459752,3.04749748,3.07039744,3.0932974 ,3.11619736,3.13909732,3.16199728,3.18489724,3.2077972 ,3.23069716,3.25359712,3.27649708,3.29939704,3.322297  
eff_dl: 0., 0., 0., 0., 0., 0., 0., 0., 0., 0., 0., 0., 0., 0., 0., 0., 0., 0., 0., 0.,40., 0., 0., 0., 0., 0., 0., 0., 0., 0., 0., 0., 0., 0., 0., 0., 0., 0., 0., 0.
eff_dl_bin_edges:4.831998,4.856998,4.881998,4.906998,4.931998,4.956998,4.981998,5.006998,5.031998,5.056998,5.081998,5.106998,5.131998,5.156998,5.181998,5.206998,5.231998,5.256998,5.281998,5.306998,5.331998,5.356998,5.381998,5.406998,5.431998,5.456998,5.481998,5.506998,5.531998,5.556998,5.581998,5.606998,5.631998,5.656998,5.681998,5.706998,5.731998,5.756998,5.781998,5.806998,5.831998
rul:0.09907364,0.        ,0.        ,0.        ,0.        ,0.        ,0.        ,0.        ,0.        ,0.        ,0.        ,0.07242767,0.        ,0.        ,0.        ,0.        ,0.        ,0.        ,0.        ,0.        ,0.        ,0.        ,0.        ,0.        ,0.        ,0.        ,0.        ,0.07243624,0.        ,0.        ,0.        ,0.        ,0.        ,0.        ,0.        ,0.        ,0.        ,0.        ,0.        ,0.01327155
rul_bin_edges:  0.        ,  3.88788725,  7.7757745 , 11.66366175, 15.551549  , 19.43943625, 23.3273235 , 27.21521075, 31.103098  , 34.99098525, 38.8788725 , 42.76675975, 46.654647  , 50.54253425, 54.4304215 , 58.31830875, 62.206196  , 66.09408325, 69.9819705 , 73.86985775, 77.757745  , 81.64563225, 85.5335195 , 89.42140675, 93.309294  , 97.19718125,101.0850685 ,104.97295575,108.860843  ,112.74873025,116.6366175 ,120.52450475,124.412392  ,128.30027925,132.1881665 ,136.07605375,139.963941  ,143.85182825,147.7397155 ,151.62760275,155.51549   
rdl:0.03162084,0.        ,0.        ,0.        ,0.        ,0.        ,0.        ,0.        ,0.        ,0.        ,0.        ,0.        ,0.        ,0.0228149 ,0.        ,0.        ,0.        ,0.        ,0.        ,0.        ,0.        ,0.        ,0.        ,0.        ,0.        ,0.        ,0.02281762,0.        ,0.        ,0.        ,0.        ,0.        ,0.        ,0.        ,0.        ,0.        ,0.        ,0.        ,0.        ,0.00438664
rdl_bin_edges:  0.      , 12.248896, 24.497792, 36.746688, 48.995584, 61.24448 , 73.493376, 85.742272, 97.991168,110.240064,122.48896 ,134.737856,146.986752,159.235648,171.484544,183.73344 ,195.982336,208.231232,220.480128,232.729024,244.97792 ,257.226816,269.475712,281.724608,293.973504,306.2224  ,318.471296,330.720192,342.969088,355.217984,367.46688 ,379.715776,391.964672,404.213568,416.462464,428.71136 ,440.960256,453.209152,465.458048,477.706944,489.95584 
lul:1.38439768e+03,0.00000000e+00,0.00000000e+00,0.00000000e+00,0.00000000e+00,0.00000000e+00,0.00000000e+00,0.00000000e+00,0.00000000e+00,0.00000000e+00,0.00000000e+00,0.00000000e+00,0.00000000e+00,0.00000000e+00,0.00000000e+00,0.00000000e+00,0.00000000e+00,0.00000000e+00,0.00000000e+00,0.00000000e+00,0.00000000e+00,0.00000000e+00,0.00000000e+00,0.00000000e+00,0.00000000e+00,0.00000000e+00,0.00000000e+00,0.00000000e+00,0.00000000e+00,0.00000000e+00,0.00000000e+00,0.00000000e+00,0.00000000e+00,0.00000000e+00,0.00000000e+00,1.11928241e+03,1.98866402e+01,1.85329111e+02,1.19799037e-01,8.85075288e+02
lul_bin_edges:0.        ,0.00027823,0.00055647,0.0008347 ,0.00111294,0.00139117,0.00166941,0.00194764,0.00222588,0.00250411,0.00278234,0.00306058,0.00333881,0.00361705,0.00389528,0.00417352,0.00445175,0.00472999,0.00500822,0.00528646,0.00556469,0.00584292,0.00612116,0.00639939,0.00667763,0.00695586,0.0072341 ,0.00751233,0.00779057,0.0080688 ,0.00834703,0.00862527,0.0089035 ,0.00918174,0.00945997,0.00973821,0.01001644,0.01029468,0.01057291,0.01085114,0.01112938
ldl:1405.09836495,   0.        ,   0.        ,   0.        ,   0.        ,   0.        ,   0.        ,   0.        ,   0.        ,   0.        ,   0.        ,   0.        ,   0.        ,   0.        ,   0.        ,   0.        ,   0.        ,   0.        ,   0.        ,   0.        ,   0.        ,   0.        ,   0.        ,   0.        ,   0.        ,   0.        ,   0.        ,   0.        ,   0.        ,   0.        ,   0.        ,   0.        ,   0.        ,   0.        ,   0.        ,   0.        ,1101.3456031 ,   0.        , 194.80322426, 926.49429193
ldl_bin_edges:0.        ,0.00027565,0.00055131,0.00082696,0.00110261,0.00137827,0.00165392,0.00192958,0.00220523,0.00248088,0.00275654,0.00303219,0.00330784,0.0035835 ,0.00385915,0.0041348 ,0.00441046,0.00468611,0.00496176,0.00523742,0.00551307,0.00578873,0.00606438,0.00634003,0.00661569,0.00689134,0.00716699,0.00744265,0.0077183 ,0.00799395,0.00826961,0.00854526,0.00882092,0.00909657,0.00937222,0.00964788,0.00992353,0.01019918,0.01047484,0.01075049,0.01102614
ilul:7.06291763e+01,6.11190518e-03,1.83357155e-02,2.44476207e-02,3.05595259e-02,2.44476207e-02,2.44476207e-02,2.44476207e-02,3.05595259e-02,1.83357155e-02,2.44476207e-02,3.05595259e-02,1.83357155e-02,3.05595259e-02,2.44476207e-02,3.05595259e-02,2.44476207e-02,1.83357155e-02,2.44476207e-02,2.44476207e-02,2.44476207e-02,1.83357155e-02,3.66714311e-02,2.44476207e-02,3.05595259e-02,2.44476207e-02,2.44476207e-02,2.44476207e-02,3.05595259e-02,2.44476207e-02,2.44476207e-02,1.83357155e-02,2.44476207e-02,2.44476207e-02,7.94547674e-01,2.23267896e+01,2.57555684e+01,2.82553377e+01,2.43253826e+01,1.04696936e+01
ilul_bin_edges:0.        ,0.00545365,0.01090731,0.01636096,0.02181462,0.02726828,0.03272193,0.03817558,0.04362924,0.0490829 ,0.05453655,0.0599902 ,0.06544386,0.07089751,0.07635117,0.08180482,0.08725848,0.09271214,0.09816579,0.10361945,0.1090731 ,0.11452675,0.11998041,0.12543407,0.13088772,0.13634137,0.14179503,0.14724868,0.15270234,0.15815599,0.16360965,0.1690633 ,0.17451696,0.17997062,0.18542427,0.19087793,0.19633158,0.20178524,0.20723889,0.21269255,0.2181462 
ildl:1.90959872e+02,0.00000000e+00,0.00000000e+00,0.00000000e+00,0.00000000e+00,3.28674478e-02,3.28674478e-02,4.93011717e-02,3.28674478e-02,4.93011717e-02,3.28674478e-02,4.93011717e-02,1.64337239e-02,6.57348956e-02,6.57348956e-02,3.28674478e-02,3.28674478e-02,4.93011717e-02,8.21686195e-02,3.28674478e-02,4.93011717e-02,3.28674478e-02,4.93011717e-02,3.28674478e-02,6.57348956e-02,6.57348956e-02,4.93011717e-02,3.28674478e-02,6.57348956e-02,3.28674478e-02,4.93011717e-02,4.93011717e-02,3.28674478e-02,1.64337239e-02,6.57348956e-02,2.43219114e+00,3.86849860e+01,1.17879101e+02,1.12127298e+02,2.95971367e+01
ildl_bin_edges:0.        ,0.00202828,0.00405656,0.00608485,0.00811313,0.01014141,0.01216969,0.01419797,0.01622625,0.01825454,0.02028282,0.0223111 ,0.02433938,0.02636766,0.02839594,0.03042423,0.03245251,0.03448079,0.03650907,0.03853735,0.04056564,0.04259392,0.0446222 ,0.04665048,0.04867876,0.05070704,0.05273533,0.05476361,0.05679189,0.05882017,0.06084845,0.06287673,0.06490502,0.0669333 ,0.06896158,0.07098986,0.07301814,0.07504642,0.07707471,0.07910299,0.08113127
eul:1.99706234e-02,0.00000000e+00,0.00000000e+00,0.00000000e+00,0.00000000e+00,0.00000000e+00,0.00000000e+00,0.00000000e+00,0.00000000e+00,0.00000000e+00,0.00000000e+00,0.00000000e+00,0.00000000e+00,0.00000000e+00,0.00000000e+00,0.00000000e+00,0.00000000e+00,0.00000000e+00,0.00000000e+00,0.00000000e+00,0.00000000e+00,0.00000000e+00,0.00000000e+00,0.00000000e+00,0.00000000e+00,0.00000000e+00,0.00000000e+00,0.00000000e+00,3.82798992e-06,0.00000000e+00,3.82798992e-06,0.00000000e+00,3.82798992e-06,8.38329793e-04,9.31962427e-02,8.07705874e-04,7.65597985e-06,0.00000000e+00,3.82798992e-06,7.65597985e-06
eul_bin_edges:  0.    ,  8.7075, 17.415 , 26.1225, 34.83  , 43.5375, 52.245 , 60.9525, 69.66  , 78.3675, 87.075 , 95.7825,104.49  ,113.1975,121.905 ,130.6125,139.32  ,148.0275,156.735 ,165.4425,174.15  ,182.8575,191.565 ,200.2725,208.98  ,217.6875,226.395 ,235.1025,243.81  ,252.5175,261.225 ,269.9325,278.64  ,287.3475,296.055 ,304.7625,313.47  ,322.1775,330.885 ,339.5925,348.3   
edl:6.26718510e-02,0.00000000e+00,0.00000000e+00,0.00000000e+00,0.00000000e+00,0.00000000e+00,0.00000000e+00,0.00000000e+00,0.00000000e+00,0.00000000e+00,0.00000000e+00,0.00000000e+00,0.00000000e+00,0.00000000e+00,0.00000000e+00,0.00000000e+00,0.00000000e+00,0.00000000e+00,0.00000000e+00,0.00000000e+00,0.00000000e+00,0.00000000e+00,0.00000000e+00,0.00000000e+00,0.00000000e+00,0.00000000e+00,0.00000000e+00,0.00000000e+00,0.00000000e+00,3.82798992e-06,3.82798992e-06,0.00000000e+00,3.82798992e-06,4.36390851e-04,5.12759250e-02,4.36390851e-04,3.82798992e-06,0.00000000e+00,0.00000000e+00,7.65597985e-06
edl_bin_edges:  0.    ,  8.7075, 17.415 , 26.1225, 34.83  , 43.5375, 52.245 , 60.9525, 69.66  , 78.3675, 87.075 , 95.7825,104.49  ,113.1975,121.905 ,130.6125,139.32  ,148.0275,156.735 ,165.4425,174.15  ,182.8575,191.565 ,200.2725,208.98  ,217.6875,226.395 ,235.1025,243.81  ,252.5175,261.225 ,269.9325,278.64  ,287.3475,296.055 ,304.7625,313.47  ,322.1775,330.885 ,339.5925,348.3   
gul:9.90614462e-02,0.00000000e+00,0.00000000e+00,0.00000000e+00,0.00000000e+00,0.00000000e+00,0.00000000e+00,0.00000000e+00,0.00000000e+00,0.00000000e+00,0.00000000e+00,0.00000000e+00,0.00000000e+00,0.00000000e+00,0.00000000e+00,0.00000000e+00,0.00000000e+00,0.00000000e+00,0.00000000e+00,0.00000000e+00,0.00000000e+00,0.00000000e+00,0.00000000e+00,0.00000000e+00,0.00000000e+00,0.00000000e+00,0.00000000e+00,0.00000000e+00,0.00000000e+00,0.00000000e+00,7.99333867e-06,3.99666934e-06,0.00000000e+00,0.00000000e+00,1.19900080e-05,1.31530388e-02,7.63763510e-03,2.39800160e-05,0.00000000e+00,3.99666934e-06
gul_bin_edges:  0.  ,  8.34, 16.68, 25.02, 33.36, 41.7 , 50.04, 58.38, 66.72, 75.06, 83.4 , 91.74,100.08,108.42,116.76,125.1 ,133.44,141.78,150.12,158.46,166.8 ,175.14,183.48,191.82,200.16,208.5 ,216.84,225.18,233.52,241.86,250.2 ,258.54,266.88,275.22,283.56,291.9 ,300.24,308.58,316.92,325.26,333.6 
gdl:5.35594682e-02,0.00000000e+00,0.00000000e+00,0.00000000e+00,0.00000000e+00,0.00000000e+00,0.00000000e+00,0.00000000e+00,0.00000000e+00,0.00000000e+00,0.00000000e+00,0.00000000e+00,0.00000000e+00,0.00000000e+00,0.00000000e+00,0.00000000e+00,0.00000000e+00,0.00000000e+00,0.00000000e+00,0.00000000e+00,0.00000000e+00,0.00000000e+00,0.00000000e+00,0.00000000e+00,0.00000000e+00,0.00000000e+00,0.00000000e+00,0.00000000e+00,0.00000000e+00,3.92952812e-06,3.92952812e-06,3.92952812e-06,0.00000000e+00,1.17885844e-05,7.85905624e-04,6.30217720e-02,4.87261487e-04,3.92952812e-06,0.00000000e+00,7.85905624e-06
gdl_bin_edges:  0.    ,  8.4825, 16.965 , 25.4475, 33.93  , 42.4125, 50.895 , 59.3775, 67.86  , 76.3425, 84.825 , 93.3075,101.79  ,110.2725,118.755 ,127.2375,135.72  ,144.2025,152.685 ,161.1675,169.65  ,178.1325,186.615 ,195.0975,203.58  ,212.0625,220.545 ,229.0275,237.51  ,245.9925,254.475 ,262.9575,271.44  ,279.9225,288.405 ,296.8875,305.37  ,313.8525,322.335 ,330.8175,339.3   
ri:20., 0., 0., 0., 0., 0., 0., 0., 0., 0., 0., 0., 0., 0., 0., 0., 0., 0., 0., 0., 0., 0., 0., 0., 0., 0., 0., 0., 0., 0., 0., 0., 0., 0., 0., 0., 0., 0., 0.,20.
ri_bin_edges:1.   ,1.025,1.05 ,1.075,1.1  ,1.125,1.15 ,1.175,1.2  ,1.225,1.25 ,1.275,1.3  ,1.325,1.35 ,1.375,1.4  ,1.425,1.45 ,1.475,1.5  ,1.525,1.55 ,1.575,1.6  ,1.625,1.65 ,1.675,1.7  ,1.725,1.75 ,1.775,1.8  ,1.825,1.85 ,1.875,1.9  ,1.925,1.95 ,1.975,2.   
