period:1
ue_log_freq:1000
mac_log_freq:1000
mimo_layers:2
frequency:2412000000.0
bandwidth:50000000
ue_speed:5.555555555555555
max_distance:1000
shannon_cfg_bandwidth_mhz:50.0
shannon_cfg_mimo_layers:2
shannon_cfg_bw_efficiency:0.67
shannon_cfg_sinr_offset_db:0
shannon_cfg_ul_divisor:2
shannon_cfg_sinr_sample_rate:1000
n_ue:90
sinr_period:9.463597741343282
sinr_rate:105.66805852612856
ul_fairness:0.7362330370431266
dl_fairness:0.6888840279745443
ul_agg_throughput:24.8648429344366
dl_agg_throughput:59.10947999076455
ul_ave_throughput:0.2762760326048511
dl_ave_throughput:0.6567719998973839
ul_se:0.4972968586887319
dl_se:1.182189599815291
ul_ase:1.582945064887669e-07
dl_ase:3.7630263696486633e-07
ul_gr:0.1919981810400163, 0.1908113157295106, 0.1423894711905151, 0.11365203863392806, 0.13818291903839136, 0.15878383378776842, 0.1919981810400163, 0.15304176483170975, 0.16517683972218564, 0.11406300960758661, 0.10501358581374323, 0.1919981810400163, 0.09495108885630119, 0.09441922928738095, 0.1919981810400163, 0.1202091807963267, 0.1919981810400163, 0.14891693679944334, 0.09224993536233032, 0.12962411995375872, 0.19065418903823303, 0.10248195890835077, 0.1919981810400163, 0.12257475308689095, 0.1919981810400163, 0.1919981810400163, 0.15961270208131598, 0.1919981810400163, 0.1919981810400163, 0.1919981810400163, 0.1919981810400163, 0.1919981810400163, 0.1919981810400163, 0.173126362283281, 0.10615834587590937, 0.1919981810400163, 0.1919981810400163, 0.1919981810400163, 0.1919981810400163, 0.1919981810400163, 0.13633096166636946, 0.1650387464698294, 0.1919981810400163, 0.1919981810400163, 0.18109266710594915, 0.12172504016724861, 0.1919981810400163, 0.1919981810400163, 0.1516076519792335, 0.18104013314331546, 0.1919981810400163, 0.1919981810400163, 0.12761141352130398, 0.1919981810400163, 0.1919981810400163, 0.1919981810400163, 0.11547202666702777, 0.1919981810400163, 0.1919981810400163, 0.18939019956889527, 0.1919981810400163, 0.1919981810400163, 0.16947849187720102, 0.17286566525714786, 0.1919981810400163, 0.1919981810400163, 0.11384967218860677, 0.1919981810400163, 0.17583607250821243, 0.15644431888192598, 0.1919981810400163, 0.1919981810400163, 0.12312026054103717, 0.15566360858562014, 0.10976485022337314, 0.1919981810400163, 0.1919981810400163, 0.1919981810400163, 0.09513444732789726, 0.1919981810400163, 0.1919981810400163, 0.1919981810400163, 0.1919981810400163, 0.1919981810400163, 0.1919981810400163, 0.1919981810400163, 0.1919981810400163, 0.1919981810400163, 0.1919981810400163, 0.09183101405284122
dl_gr:0.1919981810400163, 0.1919981810400163, 0.1919981810400163, 0.1919981810400163, 0.18991252801654157, 0.1919981810400163, 0.1919981810400163, 0.1919981810400163, 0.1919981810400163, 0.1919981810400163, 0.1919981810400163, 0.1919981810400163, 0.14794202652012067, 0.12862997463296139, 0.1919981810400163, 0.1919981810400163, 0.1919981810400163, 0.1919981810400163, 0.1397688834246048, 0.1919981810400163, 0.1919981810400163, 0.18695503905898286, 0.1919981810400163, 0.1919981810400163, 0.1919981810400163, 0.1919981810400163, 0.1919981810400163, 0.1919981810400163, 0.1919981810400163, 0.1919981810400163, 0.1919981810400163, 0.1919981810400163, 0.1919981810400163, 0.1919981810400163, 0.1919981810400163, 0.1919981810400163, 0.1919981810400163, 0.1919981810400163, 0.1919981810400163, 0.1919981810400163, 0.1919981810400163, 0.1919981810400163, 0.1919981810400163, 0.1919981810400163, 0.1919981810400163, 0.17687915501379986, 0.1919981810400163, 0.1919981810400163, 0.1919981810400163, 0.1919981810400163, 0.1919981810400163, 0.1919981810400163, 0.1919981810400163, 0.1919981810400163, 0.1919981810400163, 0.1919981810400163, 0.17764224465501122, 0.1919981810400163, 0.1919981810400163, 0.1919981810400163, 0.1919981810400163, 0.1919981810400163, 0.1919981810400163, 0.1919981810400163, 0.1919981810400163, 0.1919981810400163, 0.1919981810400163, 0.1919981810400163, 0.1919981810400163, 0.1919981810400163, 0.1919981810400163, 0.1919981810400163, 0.1919981810400163, 0.1919981810400163, 0.1919981810400163, 0.1919981810400163, 0.1919981810400163, 0.1919981810400163, 0.1513499981278156, 0.1919981810400163, 0.1919981810400163, 0.1919981810400163, 0.1919981810400163, 0.1919981810400163, 0.1919981810400163, 0.1919981810400163, 0.1919981810400163, 0.1919981810400163, 0.1919981810400163, 0.13059708944358797
ul_tr:0.18129913757033692, 0.10345516177381854, 0.08531439986307614, 0.02633284450950409, 0.05083693091588403, 0.07226916560916159, 0.19195017489800087, 0.06571864490135082, 0.0778440252592395, 0.02674384231378072, 0.01770206841810485, 0.19195017533838052, 0.00763192303842468, 0.007088632713585719, 0.1919501746387447, 0.03288814713814885, 0.19076368283925135, 0.06159082900079166, 0.004921902583628471, 0.042315295877376015, 0.10334786069603585, 0.015154440335955536, 0.16728186672338566, 0.03524644968453596, 0.1919501753736719, 0.13926478889442587, 0.07229317610749077, 0.11035895784593462, 0.19001399351685405, 0.10989699747855435, 0.1417002957996017, 0.19194857369044424, 0.1919485734139382, 0.08579761278506011, 0.01884898121415655, 0.19194857391201742, 0.19194857240996324, 0.1106656108721594, 0.16911727855242872, 0.19194857393435055, 0.04900983224145632, 0.07772435785148457, 0.1919485732971642, 0.1919485736242448, 0.09376092647398772, 0.034403906295039206, 0.18164771255546208, 0.1447263986571445, 0.06428826873379388, 0.09372737214879041, 0.1919485739490171, 0.14351755884317632, 0.04028140101045825, 0.13771038731384738, 0.17491579949778752, 0.12692462068967758, 0.02814783419973167, 0.17974705913452385, 0.19114376143698802, 0.10206607217113191, 0.19195017383164303, 0.11854798288272597, 0.08216138727275606, 0.10904748662626146, 0.13387515349678752, 0.1919501746132699, 0.026545766057074524, 0.19195017514857377, 0.1753726306053616, 0.0691103855384455, 0.1500690521300989, 0.19195017535475536, 0.035845120677761015, 0.073636012202265, 0.022473704018924845, 0.18449636401649985, 0.11888294395043375, 0.15256593561221157, 0.007807872277331022, 0.1414179752280231, 0.19195018196996694, 0.1782359595626953, 0.13174867089927586, 0.1906415186696694, 0.17679585336925524, 0.13339245113555723, 0.16735038463822804, 0.19195018033553055, 0.19195018076954362, 0.0045024967863017806
dl_tr:0.19184390762501147, 0.18922539673636055, 0.19195017345626286, 0.16927613510934075, 0.10292940929332256, 0.17320347498032515, 0.1919501750546412, 0.13228118554562043, 0.19195017221328156, 0.11442620783451803, 0.11204936878231846, 0.191950175239248, 0.06055969458592845, 0.04126509419372339, 0.19195017459805333, 0.1459482664557462, 0.19195017307355772, 0.108257581839368, 0.05241086007536604, 0.18975655542619643, 0.16657677902361645, 0.09961845610567412, 0.1919501740510329, 0.11710310688279264, 0.19195017511179072, 0.19195017439677167, 0.1742560203169557, 0.1558813129942167, 0.19136261835657203, 0.17193073577791018, 0.16150119719624836, 0.19195017521273988, 0.1919501748518679, 0.15438707744661295, 0.12801767378994341, 0.19195017537003856, 0.19195017477900186, 0.19195017547466267, 0.1919501749106341, 0.19195017538917175, 0.15267571476333527, 0.16046829796674192, 0.19195017438328013, 0.19195017539175505, 0.15862546121582322, 0.08953616523660636, 0.19195017538917175, 0.1868900634696294, 0.19194998994351714, 0.18494813960396997, 0.19195017538917175, 0.1919501731463404, 0.13100212772403563, 0.18542734068570263, 0.18825292269372754, 0.18846006154311212, 0.09029681467341938, 0.18954505807201608, 0.19195017405606618, 0.18500120463881137, 0.19195017491548405, 0.19195017350420415, 0.18887652656518697, 0.1919501646733944, 0.18901063694685044, 0.19195017506645776, 0.19166837717832352, 0.19195017413619886, 0.19195016758262012, 0.17442164483289302, 0.1919501724429463, 0.19195017546803778, 0.18836220065594453, 0.18343984180945158, 0.16236165006699943, 0.18883774421432326, 0.1810803608657178, 0.19006802526178118, 0.06439606137614687, 0.18945731967341942, 0.19195017558275346, 0.1891568351554737, 0.16991565839626338, 0.191950174559812, 0.19195017787192606, 0.19195016755146208, 0.19195017757835353, 0.19195017262415315, 0.1919501785718119, 0.04327138666699444
ul_er:0.0, 0.001186865310505746, 0.049608709849501255, 0.07834453921944817, 0.05381365881498488, 0.0332143472522479, 0.0, 0.038954813021666486, 0.026821341317830684, 0.07793356824578962, 0.08698299203963301, 0.0, 0.09704548899707503, 0.09757734856599529, 0.0, 0.07178739705704952, 0.0, 0.04307964105393288, 0.09974664249104592, 0.062372457899617505, 0.0013423888151432072, 0.08951461894502546, 0.0, 0.06942182476648528, 0.0, 0.0, 0.032383875772060235, 0.0, 0.0, 0.0, 0.0, 0.0, 0.0, 0.01887021557009525, 0.08583823197746686, 0.0, 0.0, 0.0, 0.0, 0.0, 0.05566561618700678, 0.026957831383546803, 0.0, 0.0, 0.010903910747427104, 0.07027153768612762, 0.0, 0.0, 0.04038892587414272, 0.010956444710060749, 0.0, 0.0, 0.06438516433207224, 0.0, 0.0, 0.0, 0.07652455118634845, 0.0, 0.0, 0.002606378284480963, 0.0, 0.0, 0.0225180859761752, 0.019132515782868478, 0.0, 0.0, 0.07814690566476946, 0.0, 0.016162108531803904, 0.03555225897145024, 0.0, 0.0, 0.06887631731233908, 0.03633457245439621, 0.0822317276300031, 0.0, 0.0, 0.0, 0.09686213052547894, 0.0, 0.0, 0.0, 0.0, 0.0, 0.0, 0.0, 0.0, 0.0, 0.0, 0.100165563800535
dl_er:0.0, 0.0, 0.0, 0.0, 0.002085653023474804, 0.0, 0.0, 0.0, 0.0, 0.0, 0.0, 0.0, 0.04405455133325555, 0.06336660322041483, 0.0, 0.0, 0.0, 0.0, 0.052227694428771426, 0.0, 0.0, 0.00504153879439338, 0.0, 0.0, 0.0, 0.0, 0.0, 0.0, 0.0, 0.0, 0.0, 0.0, 0.0, 0.0, 0.0, 0.0, 0.0, 0.0, 0.0, 0.0, 0.0, 0.0, 0.0, 0.0, 0.0, 0.015117422839576336, 0.0, 0.0, 0.0, 0.0, 0.0, 0.0, 0.0, 0.0, 0.0, 0.0, 0.014354333198365012, 0.0, 0.0, 0.0, 0.0, 0.0, 0.0, 0.0, 0.0, 0.0, 0.0, 0.0, 0.0, 0.0, 0.0, 0.0, 0.0, 0.0, 0.0, 0.0, 0.0, 0.0, 0.04064818291220074, 0.0, 0.0, 0.0, 0.0, 0.0, 0.0, 0.0, 0.0, 0.0, 0.0, 0.06139948840978826
ul_er_ratio:0.0, 0.011342147544115591, 0.3676813405441157, 0.748438071611635, 0.5142222222863537, 0.3148771438422503, 0.0, 0.3721555950727837, 0.25625803639717665, 0.7445118085094281, 0.8309016745970996, 0.0, 0.9270910228862324, 0.9322737662521813, 0.0, 0.6858086825245521, 0.0, 0.4115739714497287, 0.9529762969369928, 0.5957951684824921, 0.012822481763211997, 0.8552156631572098, 0.0, 0.6632556534498972, 0.0, 0.0, 0.30936939081283515, 0.0, 0.0, 0.0, 0.0, 0.0, 0.0, 0.18028668280061633, 0.8199495369157008, 0.0, 0.0, 0.0, 0.0, 0.0, 0.5317924787783409, 0.25752070701369606, 0.0, 0.0, 0.10417931214434757, 0.6713278206756005, 0.0, 0.0, 0.3858426472491692, 0.10466225858800797, 0.0, 0.0, 0.6151454776543603, 0.0, 0.0, 0.0, 0.7310863405289805, 0.0, 0.0, 0.0249003273844842, 0.0, 0.0, 0.21511462827699224, 0.14926287582520528, 0.0, 0.0, 0.7464410295344885, 0.0, 0.0843821262117343, 0.3396843175321145, 0.0, 0.0, 0.6577098121862149, 0.33040264874317304, 0.7853625770411028, 0.0, 0.0, 0.0, 0.9254048718041936, 0.0, 0.0, 0.0, 0.0, 0.0, 0.0, 0.0, 0.0, 0.0, 0.0, 0.9569830876672609
dl_er_ratio:0.0, 0.0, 0.0, 0.0, 0.019860513125089102, 0.0, 0.0, 0.0, 0.0, 0.0, 0.0, 0.0, 0.4211142655206665, 0.6056157434740469, 0.0, 0.0, 0.0, 0.0, 0.4991247697970284, 0.0, 0.0, 0.04817063863998075, 0.0, 0.0, 0.0, 0.0, 0.0, 0.0, 0.0, 0.0, 0.0, 0.0, 0.0, 0.0, 0.0, 0.0, 0.0, 0.0, 0.0, 0.0, 0.0, 0.0, 0.0, 0.0, 0.0, 0.14445202613188562, 0.0, 0.0, 0.0, 0.0, 0.0, 0.0, 0.0, 0.0, 0.0, 0.0, 0.13716364789377689, 0.0, 0.0, 0.0, 0.0, 0.0, 0.0, 0.0, 0.0, 0.0, 0.0, 0.0, 0.0, 0.0, 0.0, 0.0, 0.0, 0.0, 0.0, 0.0, 0.0, 0.0, 0.3869624955425547, 0.0, 0.0, 0.0, 0.0, 0.0, 0.0, 0.0, 0.0, 0.0, 0.0, 0.5865957303284973
ul_er_perc:0.0, 1.134214754411559, 36.768134054411576, 74.8438071611635, 51.42222222863537, 31.48771438422503, 0.0, 37.215559507278364, 25.625803639717663, 74.4511808509428, 83.09016745970996, 0.0, 92.70910228862323, 93.22737662521813, 0.0, 68.5808682524552, 0.0, 41.15739714497287, 95.29762969369928, 59.57951684824921, 1.2822481763211997, 85.52156631572097, 0.0, 66.32556534498973, 0.0, 0.0, 30.936939081283516, 0.0, 0.0, 0.0, 0.0, 0.0, 0.0, 18.028668280061634, 81.99495369157009, 0.0, 0.0, 0.0, 0.0, 0.0, 53.179247877834094, 25.752070701369608, 0.0, 0.0, 10.417931214434757, 67.13278206756004, 0.0, 0.0, 38.58426472491692, 10.466225858800797, 0.0, 0.0, 61.514547765436035, 0.0, 0.0, 0.0, 73.10863405289805, 0.0, 0.0, 2.49003273844842, 0.0, 0.0, 21.511462827699223, 14.926287582520528, 0.0, 0.0, 74.64410295344885, 0.0, 8.43821262117343, 33.96843175321145, 0.0, 0.0, 65.7709812186215, 33.0402648743173, 78.53625770411028, 0.0, 0.0, 0.0, 92.54048718041936, 0.0, 0.0, 0.0, 0.0, 0.0, 0.0, 0.0, 0.0, 0.0, 0.0, 95.69830876672609
dl_er_perc:0.0, 0.0, 0.0, 0.0, 1.98605131250891, 0.0, 0.0, 0.0, 0.0, 0.0, 0.0, 0.0, 42.111426552066646, 60.56157434740469, 0.0, 0.0, 0.0, 0.0, 49.91247697970284, 0.0, 0.0, 4.817063863998075, 0.0, 0.0, 0.0, 0.0, 0.0, 0.0, 0.0, 0.0, 0.0, 0.0, 0.0, 0.0, 0.0, 0.0, 0.0, 0.0, 0.0, 0.0, 0.0, 0.0, 0.0, 0.0, 0.0, 14.445202613188563, 0.0, 0.0, 0.0, 0.0, 0.0, 0.0, 0.0, 0.0, 0.0, 0.0, 13.716364789377689, 0.0, 0.0, 0.0, 0.0, 0.0, 0.0, 0.0, 0.0, 0.0, 0.0, 0.0, 0.0, 0.0, 0.0, 0.0, 0.0, 0.0, 0.0, 0.0, 0.0, 0.0, 38.696249554255466, 0.0, 0.0, 0.0, 0.0, 0.0, 0.0, 0.0, 0.0, 0.0, 0.0, 58.659573032849735
ul_l:0.018034992807518274, 0.014514501282397646, 0.010289965420563162, 0.006349332582686811, 0.006804364344013801, 0.007655105836993026, 0.018221777697360858, 0.00787720782544312, 0.015380298987300107, 0.006863924600211666, 0.006080763692644228, 0.018684357001799986, 0.0029056946292364233, 0.0013714910959158673, 0.017160524177556855, 0.006860134564686962, 0.0172286928321514, 0.007557549958283682, 0.0021341156452696227, 0.00874844075520204, 0.00970847634715544, 0.004803828987275107, 0.016272082802526646, 0.006075154317614019, 0.01774851683794302, 0.015142487799435006, 0.010711086745202124, 0.013087046721752317, 0.018625556994733374, 0.01279306684167632, 0.014761023969033591, 0.018455165101474158, 0.01761224219073174, 0.010828837582570146, 0.00599053489636753, 0.018838009675386038, 0.017851584068666097, 0.012827437460271164, 0.018560979573086892, 0.01890944119455671, 0.006695675165431955, 0.010846829724835626, 0.01854230142512146, 0.01891214871218573, 0.011012840790468414, 0.005927660114832377, 0.018914487189331756, 0.015583965160215332, 0.011865657115307373, 0.011844069068582763, 0.01891162889265923, 0.015804974007624935, 0.004945716630944742, 0.014874510547195442, 0.017058164494254215, 0.015303300146257113, 0.0052239823021308154, 0.015079964321680654, 0.016204720948500426, 0.011747747847026275, 0.01589310628301431, 0.013486401013216557, 0.012225076799693336, 0.011389447449346255, 0.01036737214435713, 0.01832157685210957, 0.00678580804511629, 0.015292450471471071, 0.010631190423154807, 0.007859187920042334, 0.009450395766293616, 0.018138717309364092, 0.00631716924441463, 0.005988320868242766, 0.005617515565695286, 0.016970098733293887, 0.010270772391771736, 0.008551064953600387, 0.003083049927525604, 0.007963608127232274, 0.014399854283505972, 0.014333553276006035, 0.009966600415446539, 0.01116326062746977, 0.014252172572920226, 0.005702295192373396, 0.018449433234539712, 0.010556925108349099, 0.016587620813001563, 0.002076345582186815
dl_l:0.025022458898559183, 0.02390275394557545, 0.02152243796851693, 0.020035961250622913, 0.01513508461403655, 0.0167533288239098, 0.025156527543595472, 0.017896157501487486, 0.02468793338522179, 0.01684795129683086, 0.016836581372055234, 0.025156558325897287, 0.013706509347005442, 0.007178139156698694, 0.024793716779693505, 0.019052399602894978, 0.024413222827193104, 0.018498983749210426, 0.009172022798135017, 0.022907398012316567, 0.020268514159915336, 0.015614587175331873, 0.024611722642969642, 0.017602389584461798, 0.024896512174540215, 0.023350886574761878, 0.020706728281647654, 0.02235009090630078, 0.02513898361191157, 0.02178410198710011, 0.022203116770643575, 0.02515652255937034, 0.02513038616920692, 0.02002520599775002, 0.018170035519862335, 0.02515650988069266, 0.02515646445189624, 0.02176140423351472, 0.02515647186108449, 0.02515652490623412, 0.01609922057195357, 0.023039079497262527, 0.025156586052841226, 0.02515651609010758, 0.0178909736519779, 0.014804164817618187, 0.025156526538045516, 0.024755435110765747, 0.02129099691965067, 0.0203982219241423, 0.02515652490623412, 0.024111987796318363, 0.013397919475737702, 0.022862579558228683, 0.025129184817184857, 0.024430956374630212, 0.013594525582553477, 0.02331835880084333, 0.02392673602197482, 0.020968781651144575, 0.024859149165365288, 0.023744523242281313, 0.023660022536587198, 0.020210527132698896, 0.01655539270605245, 0.0251566486313614, 0.019017515050366245, 0.024678735734052215, 0.017872527716385696, 0.018253785541245487, 0.02315487369250256, 0.024953126860617826, 0.016414690440262995, 0.014118713455679537, 0.013730152864684462, 0.024439464358172017, 0.01805818286234281, 0.017236401973516884, 0.013129086087957601, 0.017274042817643186, 0.023147911902400814, 0.022015177045049628, 0.018344859834784708, 0.019523422773651888, 0.02191145703915801, 0.012639996265356123, 0.024783196070324417, 0.0183316346681861, 0.022696826051349574, 0.007989687086082617
ul_il:0.7291929122330897, 11.34962990648772, 20.996881696769726, 9.49557371330669, 4.009621701414747, 5.767331289547812, 1.1428261221094655, 3.6001799367315437, 20.205984128262813, 6.941186712070749, 8.646241946290797, 0.07430877488469263, 4.841143752937108, 1.3674762072389313, 1.3082294485143207, 9.188723467593537, 1.854215448452538, 1.8937341725135792, 1.4879502122653725, 16.69089635052086, 10.008092526752218, 4.9415152441893895, 9.728953860680535, 3.9786953142017896, 1.4064562584837377, 3.4700448320116912, 8.068111073498539, 2.552348122744835, 0.030486236910434086, 2.4088965043684887, 0.5524922050667161, 0.4305202738478013, 0.5500924177596187, 3.26353440235198, 7.886459482282164, 0.023936619848284598, 2.7384624569348754, 6.0615941080703495, 1.2353706426342028, 0.019194434459454505, 5.2634123686420775, 5.1026563765991195, 0.5383034521308739, 0.07550044420580662, 2.937575596390997, 4.269865740306098, 2.071842701074783, 3.3035670883213224, 10.75063536489279, 8.552196982739245, 0.019196768762618645, 2.510108521618037, 0.7039976337362271, 1.0144872637039775, 1.9433807479011176, 5.073474850115082, 4.636900001360163, 3.952369624794718, 3.2944571652997556, 2.574524038759702, 1.7169201373218141, 6.636932544011933, 8.204860532751436, 16.10508180595391, 1.392035107938134, 0.48305359990048413, 10.01201263571857, 8.059306472757319, 15.436842652365373, 8.116969548408813, 3.5873600088681266, 0.3619100206657862, 8.795853912130067, 4.7263112640844245, 7.12138940352168, 0.6071077732871059, 1.6576314192508312, 3.5434093772671647, 4.878790977614437, 7.479510106033199, 2.276493582870926, 0.7653572508536178, 0.880934582157757, 1.3861012642597228, 0.3932190539693919, 1.324859705403205, 0.043988695148148765, 1.6594199708295596, 0.25596430493339223, 1.309232934510129
dl_il:0.06740509333185557, 1.2223993255966619, 4.930258991199999, 4.103142567518904, 10.663668955589204, 5.288383619830919, 0.03978313768337764, 5.013114725209865, 0.5888230631787652, 5.573241764605187, 10.42716805211028, 0.03134127769136923, 21.262061681112055, 11.839381152325563, 0.22978332405070792, 2.411763683788527, 0.04961871144755461, 6.112852346583145, 5.838062694641336, 3.187760683336822, 2.0896094380945245, 7.074688665669203, 0.11379068284650962, 5.331085788541037, 0.09622556404030799, 1.6303783676335697, 1.5390552143920802, 3.8380903010375, 0.030247385876942694, 1.4920867224916958, 0.6787442396384197, 0.04537156873030225, 0.0961715918893676, 1.2940802017158526, 7.500945818473405, 0.02590085759492838, 0.1699672859532004, 4.016851166411813, 0.07609894848431263, 0.02515652490623412, 9.033374756163363, 3.9109296484633287, 0.04342277049366256, 0.025156721329672255, 0.8699385497654522, 8.343912257687336, 0.025156526538045516, 0.21978623132378897, 2.9069062925799622, 1.106549956294714, 0.02515652490623412, 0.19841075652262893, 3.9517147528071184, 0.1475789719230173, 0.08397235789104257, 0.19766963327943937, 7.13747435659972, 0.20841044982088477, 0.07014516379377672, 0.260070573356247, 0.1174998418883926, 0.27924805270050246, 0.5282759630901493, 0.3563552088204098, 0.24680753058161184, 0.028699481098207517, 0.43847405299648334, 0.6895306595879284, 0.5520853797076858, 0.27383748581266826, 0.0794676664320714, 0.02861670635273873, 0.7000878559122508, 0.4294631070286998, 0.13265446442792977, 0.04830149408213265, 0.17285925926252282, 0.29456676784686797, 15.373191303674037, 0.1220584458087849, 0.04615671926012284, 0.04676697919975667, 0.24924239858617847, 0.10223427623702304, 0.046779919814159875, 0.13142811295609205, 0.025880991399463336, 0.09062178631363071, 0.03607393160120333, 1.9094476097668185
sinr_ul:3.93958689e-05,1.75354572e-04,5.88827102e-04,3.01261805e-03,7.35971286e-03,1.59517187e-02,2.41811843e-02,2.94322977e-02,2.92603059e-02,2.25786438e-02,1.53647570e-02,1.08651352e-02,1.36091495e-02,2.30675453e-02,2.79730060e-02,1.79835391e-02,1.01233637e-02,5.54129282e-03,3.92400036e-03,2.01407391e-03,1.02085619e-03,5.65754132e-04,1.32522303e-04,6.30333902e-05,5.00241625e-05,5.15950881e-05,3.38976292e-05,3.14430580e-05,1.92438388e-05,1.82374645e-05,1.30828649e-05,5.76824248e-06,5.57187678e-06,5.54733107e-06,1.35492334e-05,6.11188246e-06,5.20369109e-06,1.96365702e-06,1.93911130e-06,4.63913970e-06
sinr_ul_bin_edges:-32.043068 ,-28.2708483,-24.4986286,-20.7264089,-16.9541892,-13.1819695, -9.4097498, -5.6375301, -1.8653104,  1.9069093,  5.679129 ,  9.4513487, 13.2235684, 16.9957881, 20.7680078, 24.5402275, 28.3124472, 32.0846669, 35.8568866, 39.6291063, 43.401326 , 47.1735457, 50.9457654, 54.7179851, 58.4902048, 62.2624245, 66.0346442, 69.8068639, 73.5790836, 77.3513033, 81.123523 , 84.8957427, 88.6679624, 92.4401821, 96.2124018, 99.9846215,103.7568412,107.5290609,111.3012806,115.0735003,118.84572  
sinr_dl:3.82440254e-05,1.72611541e-04,5.32435977e-04,2.75983113e-03,6.81785533e-03,1.48153898e-02,2.32377160e-02,3.95363579e-02,2.11352964e-02,2.44350270e-02,1.64618364e-02,1.22610546e-02,1.35863966e-02,2.39033173e-02,3.11348192e-02,1.73041317e-02,1.02171656e-02,5.80214711e-03,3.07562610e-03,1.51220433e-03,9.41749734e-04,3.76955355e-04,1.17662365e-04,5.44733171e-05,5.21942036e-05,4.58327220e-05,3.35104820e-05,3.00542439e-05,1.74565067e-05,1.78822751e-05,1.16460195e-05,5.81048716e-06,5.58508033e-06,5.40976391e-06,7.46347058e-06,1.39501782e-05,4.78363383e-06,1.95352586e-06,1.90343545e-06,4.70849822e-06
sinr_dl_bin_edges:-25.229122 ,-21.5321338,-17.8351456,-14.1381574,-10.4411692, -6.744181 , -3.0471928,  0.6497954,  4.3467836,  8.0437718, 11.74076  , 15.4377482, 19.1347364, 22.8317246, 26.5287128, 30.225701 , 33.9226892, 37.6196774, 41.3166656, 45.0136538, 48.710642 , 52.4076302, 56.1046184, 59.8016066, 63.4985948, 67.195583 , 70.8925712, 74.5895594, 78.2865476, 81.9835358, 85.680524 , 89.3775122, 93.0745004, 96.7714886,100.4684768,104.165465 ,107.8624532,111.5594414,115.2564296,118.9534178,122.650406 
rsrp_ul:3.93704067e-05,1.73386878e-04,5.68220021e-04,2.99521905e-03,7.27503261e-03,1.58319598e-02,2.41171477e-02,2.94279063e-02,2.93283757e-02,2.26158687e-02,1.54283395e-02,1.09045472e-02,1.35229247e-02,2.30245943e-02,2.80209051e-02,1.80778157e-02,1.01367015e-02,5.57120708e-03,3.93915155e-03,2.03000591e-03,1.02419511e-03,5.70600900e-04,1.34286468e-04,6.35964611e-05,4.99739077e-05,5.18147933e-05,3.38232047e-05,3.16141420e-05,1.95133873e-05,1.81879497e-05,1.31316506e-05,5.79265335e-06,5.52265679e-06,5.47356651e-06,1.36961888e-05,6.16083047e-06,5.12993453e-06,1.96361130e-06,1.93906616e-06,4.63903171e-06
rsrp_ul_bin_edges:-158.24892   ,-154.47661249,-150.70430497,-146.93199745,-143.15968994,-139.38738242,-135.61507491,-131.8427674 ,-128.07045988,-124.29815236,-120.52584485,-116.75353734,-112.98122982,-109.2089223 ,-105.43661479,-101.66430727, -97.89199976, -94.11969224, -90.34738473, -86.57507721, -82.8027697 , -79.03046218, -75.25815467, -71.48584716, -67.71353964, -63.94123212, -60.16892461, -56.39661709, -52.62430958, -48.85200206, -45.07969455, -41.30738703, -37.53507952, -33.76277201, -29.99046449, -26.21815697, -22.44584946, -18.67354194, -14.90123443, -11.12892691,  -7.3566194 
rsrp_dl:3.82433846e-05,1.71206141e-04,5.24237410e-04,2.74338055e-03,6.76023826e-03,1.47307406e-02,2.31906682e-02,3.94193874e-02,2.12412073e-02,2.44956767e-02,1.65170849e-02,1.22775290e-02,1.35460723e-02,2.38312887e-02,3.12082548e-02,1.73833088e-02,1.02165937e-02,5.82181022e-03,3.08353880e-03,1.52114502e-03,9.49122164e-04,3.80555487e-04,1.19037856e-04,5.50233896e-05,5.22434186e-05,4.58569988e-05,3.36100996e-05,3.00036508e-05,1.77066620e-05,1.78819755e-05,1.16959139e-05,5.81038980e-06,5.53489718e-06,5.43471804e-06,7.41325595e-06,1.40501236e-05,4.75850889e-06,1.95349312e-06,1.90340355e-06,4.70841932e-06
rsrp_dl_bin_edges:-156.94124   ,-153.24418985,-149.5471397 ,-145.85008955,-142.1530394 ,-138.45598925,-134.7589391 ,-131.06188895,-127.3648388 ,-123.66778865,-119.9707385 ,-116.27368835,-112.5766382 ,-108.87958805,-105.1825379 ,-101.48548775, -97.7884376 , -94.09138745, -90.3943373 , -86.69728715, -83.000237  , -79.30318685, -75.6061367 , -71.90908655, -68.2120364 , -64.51498625, -60.8179361 , -57.12088595, -53.4238358 , -49.72678565, -46.0297355 , -42.33268535, -38.6356352 , -34.93858505, -31.2415349 , -27.54448475, -23.8474346 , -20.15038445, -16.4533343 , -12.75628415,  -9.059234  
cqi_ul:1.01017899,0.        ,0.28191592,0.        ,0.        ,0.19286629,0.        ,0.        ,0.09692092,0.        ,0.05768668,0.        ,0.        ,0.07146731,0.        ,0.        ,0.05645237,0.        ,0.11738544,0.        ,0.        ,0.14798766,0.        ,0.        ,0.15138392,0.        ,0.11634224,0.        ,0.        ,0.0681061 ,0.        ,0.        ,0.07691467,0.        ,0.05766643,0.        ,0.        ,0.0342007 ,0.        ,0.12919102
cqi_ul_bin_edges: 0.   , 0.375, 0.75 , 1.125, 1.5  , 1.875, 2.25 , 2.625, 3.   , 3.375, 3.75 , 4.125, 4.5  , 4.875, 5.25 , 5.625, 6.   , 6.375, 6.75 , 7.125, 7.5  , 7.875, 8.25 , 8.625, 9.   , 9.375, 9.75 ,10.125,10.5  ,10.875,11.25 ,11.625,12.   ,12.375,12.75 ,13.125,13.5  ,13.875,14.25 ,14.625,15.   
cqi_dl:0.47328618,0.        ,0.45163574,0.        ,0.        ,0.24453475,0.        ,0.        ,0.19511442,0.        ,0.07984822,0.        ,0.        ,0.07137521,0.        ,0.        ,0.03725771,0.        ,0.0620343 ,0.        ,0.        ,0.06896214,0.        ,0.        ,0.08293388,0.        ,0.11452028,0.        ,0.        ,0.10695318,0.        ,0.        ,0.18224935,0.        ,0.14762519,0.        ,0.        ,0.07369321,0.        ,0.2746429 
cqi_dl_bin_edges: 0.   , 0.375, 0.75 , 1.125, 1.5  , 1.875, 2.25 , 2.625, 3.   , 3.375, 3.75 , 4.125, 4.5  , 4.875, 5.25 , 5.625, 6.   , 6.375, 6.75 , 7.125, 7.5  , 7.875, 8.25 , 8.625, 9.   , 9.375, 9.75 ,10.125,10.5  ,10.875,11.25 ,11.625,12.   ,12.375,12.75 ,13.125,13.5  ,13.875,14.25 ,14.625,15.   
mcs_ul:0.6921937 ,0.0589384 ,0.04438283,0.        ,0.03014155,0.02178037,0.        ,0.01478056,0.01612301,0.        ,0.01864508,0.01964097,0.01425623,0.        ,0.01598611,0.03032025,0.        ,0.03256481,0.03767641,0.        ,0.0416027 ,0.04314964,0.03794889,0.        ,0.03197037,0.03035583,0.        ,0.01840963,0.01806876,0.        ,0.02204281,0.01916849,0.01472951,0.        ,0.01616323,0.00937492,0.        ,0.00894688,0.        ,0.06920948
mcs_ul_bin_edges: 0. , 0.7, 1.4, 2.1, 2.8, 3.5, 4.2, 4.9, 5.6, 6.3, 7. , 7.7, 8.4, 9.1, 9.8,10.5,11.2,11.9,12.6,13.3,14. ,14.7,15.4,16.1,16.8,17.5,18.2,18.9,19.6,20.3,21. ,21.7,22.4,23.1,23.8,24.5,25.2,25.9,26.6,27.3,28. 
mcs_dl:0.49549389,0.05893178,0.07206898,0.        ,0.05931578,0.04520981,0.        ,0.02314822,0.01962761,0.        ,0.02011372,0.018123  ,0.01080745,0.        ,0.00915204,0.01744218,0.        ,0.01579048,0.01713597,0.        ,0.01980804,0.02042972,0.02399914,0.        ,0.0279995 ,0.03335065,0.        ,0.02644171,0.03084154,0.        ,0.04858888,0.04905779,0.04244303,0.        ,0.03664189,0.02111318,0.        ,0.01836532,0.        ,0.14713012
mcs_dl_bin_edges: 0. , 0.7, 1.4, 2.1, 2.8, 3.5, 4.2, 4.9, 5.6, 6.3, 7. , 7.7, 8.4, 9.1, 9.8,10.5,11.2,11.9,12.6,13.3,14. ,14.7,15.4,16.1,16.8,17.5,18.2,18.9,19.6,20.3,21. ,21.7,22.4,23.1,23.8,24.5,25.2,25.9,26.6,27.3,28. 
eff_ul:2.04591685,0.57096469,0.2228203 ,0.16779207,0.113952  ,0.        ,0.08234207,0.05587885,0.        ,0.06095406,0.0704889 ,0.07425393,0.05389657,0.06043649,0.1146276 ,0.        ,0.12311329,0.14243801,0.        ,0.15728159,0.        ,0.16312991,0.14346815,0.        ,0.12086598,0.        ,0.11476212,0.06959878,0.06831009,0.0833342 ,0.        ,0.07246768,0.        ,0.05568582,0.        ,0.06110608,0.        ,0.03544248,0.03382425,0.26165075
eff_ul_bin_edges:0.        ,0.18515763,0.37031527,0.5554729 ,0.74063053,0.92578816,1.1109458 ,1.29610343,1.48126106,1.66641869,1.85157632,2.03673396,2.22189159,2.40704922,2.59220686,2.77736449,2.96252212,3.14767975,3.33283738,3.51799502,3.70315265,3.88831028,4.07346792,4.25862555,4.44378318,4.62894081,4.81409844,4.99925608,5.18441371,5.36957134,5.55472897,5.73988661,5.92504424,6.11020187,6.29535951,6.48051714,6.66567477,6.8508324 ,7.03599004,7.22114767,7.4063053 
eff_dl:0.95854713,0.91469847,0.22279529,0.27246127,0.224247  ,0.        ,0.17091851,0.08751329,0.        ,0.07420342,0.07604118,0.06851512,0.04085824,0.03459986,0.06594126,0.        ,0.05969688,0.0647836 ,0.        ,0.07488552,0.        ,0.07723585,0.09073024,0.        ,0.10585387,0.        ,0.12608421,0.09996454,0.11659838,0.1836933 ,0.        ,0.18546605,0.        ,0.16045854,0.        ,0.13852696,0.        ,0.07981971,0.06943125,0.55623462
eff_dl_bin_edges:0.        ,0.18515763,0.37031527,0.5554729 ,0.74063053,0.92578816,1.1109458 ,1.29610343,1.48126106,1.66641869,1.85157632,2.03673396,2.22189159,2.40704922,2.59220686,2.77736449,2.96252212,3.14767975,3.33283738,3.51799502,3.70315265,3.88831028,4.07346792,4.25862555,4.44378318,4.62894081,4.81409844,4.99925608,5.18441371,5.36957134,5.55472897,5.73988661,5.92504424,6.11020187,6.29535951,6.48051714,6.66567477,6.8508324 ,7.03599004,7.22114767,7.4063053 
rul:1.30377284e+00,1.27596025e-02,1.81111685e-03,6.07699080e-04,2.95108747e-04,1.90830470e-04,1.49632604e-04,1.03667033e-04,9.69433456e-05,7.95840075e-05,6.87038590e-05,6.38139046e-05,4.70658109e-05,3.19069523e-05,3.88751373e-05,2.55500116e-05,2.55500116e-05,3.60634135e-05,2.42052742e-05,1.72370892e-05,8.06842472e-06,3.05622149e-06,4.88995438e-06,4.64545666e-06,4.27871008e-06,4.15646122e-06,3.66746578e-06,3.54521692e-06,1.83373289e-06,2.20047947e-06,2.56722605e-06,2.56722605e-06,2.20047947e-06,2.32272833e-06,7.33493157e-07,8.55742016e-07,2.44497719e-07,6.11244297e-07,1.22248859e-07,1.22248859e-07
rul_bin_edges: 0.        , 0.75740438, 1.51480875, 2.27221312, 3.0296175 , 3.78702188, 4.54442625, 5.30183063, 6.059235  , 6.81663938, 7.57404375, 8.33144812, 9.0888525 , 9.84625687,10.60366125,11.36106563,12.11847   ,12.87587438,13.63327875,14.39068313,15.1480875 ,15.90549188,16.66289625,17.42030062,18.177705  ,18.93510937,19.69251375,20.44991812,21.2073225 ,21.96472688,22.72213125,23.47953563,24.23694   ,24.99434438,25.75174875,26.50915313,27.2665575 ,28.02396188,28.78136625,29.53877063,30.296175  
rdl:8.16259583e-01,6.33390137e-03,1.37430539e-03,3.84891040e-04,1.48916176e-04,8.22475497e-05,3.54344133e-05,3.80309004e-05,2.75685844e-05,1.98554902e-05,2.12301010e-05,9.85137782e-06,5.80391252e-06,2.67285445e-06,2.90195626e-06,3.58926169e-06,3.58926169e-06,2.74922172e-06,3.51289442e-06,2.90195626e-06,2.59648718e-06,2.44375264e-06,1.37461086e-06,6.87305429e-07,4.58203620e-07,1.52734540e-07,3.05469080e-07,3.05469080e-07,0.00000000e+00,0.00000000e+00,0.00000000e+00,0.00000000e+00,7.63672699e-08,7.63672699e-08,1.52734540e-07,2.29101810e-07,3.81836350e-07,1.52734540e-07,7.63672699e-08,3.81836350e-07
rdl_bin_edges: 0.        , 1.21245425, 2.4249085 , 3.63736275, 4.849817  , 6.06227125, 7.2747255 , 8.48717975, 9.699634  ,10.91208825,12.1245425 ,13.33699675,14.549451  ,15.76190525,16.9743595 ,18.18681375,19.399268  ,20.61172225,21.8241765 ,23.03663075,24.249085  ,25.46153925,26.6739935 ,27.88644775,29.098902  ,30.31135625,31.5238105 ,32.73626475,33.948719  ,35.16117325,36.3736275 ,37.58608175,38.798536  ,40.01099025,41.2234445 ,42.43589875,43.648353  ,44.86080725,46.0732615 ,47.28571575,48.49817   
lul:1.29995623e+01,0.00000000e+00,0.00000000e+00,0.00000000e+00,0.00000000e+00,0.00000000e+00,0.00000000e+00,0.00000000e+00,0.00000000e+00,0.00000000e+00,0.00000000e+00,0.00000000e+00,0.00000000e+00,0.00000000e+00,0.00000000e+00,0.00000000e+00,0.00000000e+00,0.00000000e+00,0.00000000e+00,0.00000000e+00,0.00000000e+00,0.00000000e+00,0.00000000e+00,0.00000000e+00,0.00000000e+00,0.00000000e+00,0.00000000e+00,0.00000000e+00,0.00000000e+00,0.00000000e+00,0.00000000e+00,0.00000000e+00,0.00000000e+00,0.00000000e+00,0.00000000e+00,0.00000000e+00,0.00000000e+00,0.00000000e+00,0.00000000e+00,1.20365325e-06
lul_bin_edges:0.        ,0.07692566,0.15385132,0.23077698,0.30770264,0.3846283 ,0.46155396,0.53847962,0.61540528,0.69233094,0.7692566 ,0.84618226,0.92310792,1.00003358,1.07695924,1.1538849 ,1.23081056,1.30773622,1.38466188,1.46158754,1.5385132 ,1.61543886,1.69236452,1.76929018,1.84621584,1.9231415 ,2.00006716,2.07699282,2.15391848,2.23084414,2.3077698 ,2.38469546,2.46162112,2.53854678,2.61547244,2.6923981 ,2.76932376,2.84624942,2.92317508,3.00010074,3.0770264 
ldl:3.16369841e+02,0.00000000e+00,0.00000000e+00,0.00000000e+00,0.00000000e+00,0.00000000e+00,0.00000000e+00,0.00000000e+00,0.00000000e+00,0.00000000e+00,0.00000000e+00,0.00000000e+00,0.00000000e+00,0.00000000e+00,0.00000000e+00,0.00000000e+00,0.00000000e+00,0.00000000e+00,0.00000000e+00,0.00000000e+00,0.00000000e+00,0.00000000e+00,0.00000000e+00,0.00000000e+00,0.00000000e+00,0.00000000e+00,0.00000000e+00,0.00000000e+00,0.00000000e+00,2.84686201e+02,3.96141146e+02,2.77963540e+00,0.00000000e+00,0.00000000e+00,0.00000000e+00,0.00000000e+00,9.25897007e-05,9.25897007e-05,0.00000000e+00,9.25897007e-05
ldl_bin_edges:0.        ,0.00100002,0.00200005,0.00300007,0.00400009,0.00500011,0.00600014,0.00700016,0.00800018,0.00900021,0.01000023,0.01100025,0.01200027,0.0130003 ,0.01400032,0.01500034,0.01600037,0.01700039,0.01800041,0.01900044,0.02000046,0.02100048,0.0220005 ,0.02300053,0.02400055,0.02500057,0.0260006 ,0.02700062,0.02800064,0.02900066,0.03000069,0.03100071,0.03200073,0.03300076,0.03400078,0.0350008 ,0.03600082,0.03700085,0.03800087,0.03900089,0.04000092
ilul:2.92677888e-01,8.03805105e-03,6.18724414e-03,4.28065050e-03,4.01957245e-03,2.79184609e-03,2.49856359e-03,2.30456474e-03,1.89684544e-03,1.51528220e-03,1.79109516e-03,1.50077250e-03,1.34187361e-03,1.22631079e-03,1.54877355e-03,1.64242705e-03,1.21209064e-03,1.43343592e-03,1.76275138e-03,1.20752217e-03,7.26610937e-04,8.67557695e-04,6.27102076e-04,3.89220240e-04,5.76623769e-04,5.77395904e-04,4.74830676e-04,2.88810555e-04,3.82592750e-04,4.81586855e-04,3.65412753e-04,3.65863165e-04,1.36056571e-04,1.19970431e-04,3.51321294e-05,6.07412641e-05,2.84724675e-05,1.68582746e-05,3.33626541e-05,3.17540401e-05
ilul_bin_edges:  0.   ,  2.878,  5.756,  8.634, 11.512, 14.39 , 17.268, 20.146, 23.024, 25.902, 28.78 , 31.658, 34.536, 37.414, 40.292, 43.17 , 46.048, 48.926, 51.804, 54.682, 57.56 , 60.438, 63.316, 66.194, 69.072, 71.95 , 74.828, 77.706, 80.584, 83.462, 86.34 , 89.218, 92.096, 94.974, 97.852,100.73 ,103.608,106.486,109.364,112.242,115.12 
ildl:3.80704687e-01,8.69715683e-03,6.18542351e-03,5.93369672e-03,3.97881238e-03,3.56542617e-03,2.05180035e-03,1.83921424e-03,1.27643244e-03,1.71056361e-03,2.07879668e-03,1.26564188e-03,1.30016373e-03,1.02824941e-03,5.34113136e-04,1.01853392e-03,6.45443114e-04,7.13969185e-04,6.43930046e-04,5.00626544e-04,5.90853200e-04,3.31799967e-04,2.91823108e-04,1.04043360e-04,3.29769270e-04,4.37595301e-04,3.54296905e-04,3.39086586e-04,9.56418483e-05,2.50691539e-04,1.94708009e-05,1.59588896e-04,2.32853259e-04,2.13939905e-04,1.98012869e-04,6.80084417e-05,7.62905001e-05,2.02074263e-04,4.43966115e-05,2.06255110e-05
ildl_bin_edges: 0.    , 2.3254, 4.6508, 6.9762, 9.3016,11.627 ,13.9524,16.2778,18.6032,20.9286,23.254 ,25.5794,27.9048,30.2302,32.5556,34.881 ,37.2064,39.5318,41.8572,44.1826,46.508 ,48.8334,51.1588,53.4842,55.8096,58.135 ,60.4604,62.7858,65.1112,67.4366,69.762 ,72.0874,74.4128,76.7382,79.0636,81.389 ,83.7144,86.0398,88.3652,90.6906,93.016 
eul:1.10762498e+02,0.00000000e+00,0.00000000e+00,0.00000000e+00,0.00000000e+00,0.00000000e+00,0.00000000e+00,0.00000000e+00,0.00000000e+00,0.00000000e+00,0.00000000e+00,0.00000000e+00,1.34526726e-03,2.08223976e-03,1.35696524e-03,3.14675559e-03,3.46260095e-03,4.64409654e-03,5.41616297e-03,6.60935654e-03,9.49875665e-03,8.27046915e-03,4.32006260e-02,2.05828230e+00,1.33095596e+01,7.10184133e-02,1.15342045e-02,7.43991285e-03,6.08294761e-03,4.15278154e-03,3.22864142e-03,6.03615570e-03,2.94789000e-03,2.32789726e-03,2.26940738e-03,8.42254284e-04,4.91314999e-04,9.00744165e-04,2.80751428e-04,2.69053452e-04
eul_bin_edges:0.       ,0.0079152,0.0158304,0.0237456,0.0316608,0.039576 ,0.0474912,0.0554064,0.0633216,0.0712368,0.079152 ,0.0870672,0.0949824,0.1028976,0.1108128,0.118728 ,0.1266432,0.1345584,0.1424736,0.1503888,0.158304 ,0.1662192,0.1741344,0.1820496,0.1899648,0.19788  ,0.2057952,0.2137104,0.2216256,0.2295408,0.237456 ,0.2453712,0.2532864,0.2612016,0.2691168,0.277032 ,0.2849472,0.2928624,0.3007776,0.3086928,0.316608 
edl:1.24158166e+02,0.00000000e+00,0.00000000e+00,0.00000000e+00,0.00000000e+00,0.00000000e+00,0.00000000e+00,0.00000000e+00,0.00000000e+00,0.00000000e+00,0.00000000e+00,0.00000000e+00,2.22261547e-04,2.92449404e-04,1.98865595e-04,5.03012975e-04,5.03012975e-04,5.61502856e-04,7.95462380e-04,9.47536070e-04,1.34526726e-03,9.70932022e-04,5.93087392e-03,3.03550784e-01,1.84850250e+00,1.01538433e-02,1.46224702e-03,1.01772393e-03,8.30556308e-04,5.96596785e-04,3.15845357e-04,7.48670475e-04,4.67919047e-04,3.50939285e-04,3.15845357e-04,1.28677738e-04,9.35838094e-05,1.16979762e-04,4.67919047e-05,5.84898809e-05
edl_bin_edges:0.       ,0.0079152,0.0158304,0.0237456,0.0316608,0.039576 ,0.0474912,0.0554064,0.0633216,0.0712368,0.079152 ,0.0870672,0.0949824,0.1028976,0.1108128,0.118728 ,0.1266432,0.1345584,0.1424736,0.1503888,0.158304 ,0.1662192,0.1741344,0.1820496,0.1899648,0.19788  ,0.2057952,0.2137104,0.2216256,0.2295408,0.237456 ,0.2453712,0.2532864,0.2612016,0.2691168,0.277032 ,0.2849472,0.2928624,0.3007776,0.3086928,0.316608 
gul:1.53363255e+01,0.00000000e+00,0.00000000e+00,0.00000000e+00,0.00000000e+00,0.00000000e+00,0.00000000e+00,0.00000000e+00,0.00000000e+00,0.00000000e+00,0.00000000e+00,0.00000000e+00,7.92327971e-03,1.01920095e-02,1.06641817e-02,2.38965195e-02,2.86067250e-02,4.89907440e-02,4.21269727e-02,4.32670958e-02,6.30752950e-02,8.72827572e-02,3.90947059e-01,9.26878389e+01,1.50748113e+01,2.15448716e-01,6.33056229e-02,5.20310723e-02,3.02190203e-02,3.33629961e-02,3.58850866e-02,3.31096354e-02,2.44608228e-02,1.24031573e-02,9.12098478e-03,3.19004140e-03,3.93860707e-03,1.03647554e-03,2.83303315e-03,1.80807400e-03
gul_bin_edges:0.        ,0.00804   ,0.01608   ,0.02412   ,0.03216   ,0.0402    ,0.04824   ,0.05628   ,0.06432   ,0.07236   ,0.0804    ,0.08844001,0.09648001,0.10452001,0.11256001,0.12060001,0.12864001,0.13668001,0.14472001,0.15276001,0.16080001,0.16884001,0.17688001,0.18492001,0.19296001,0.20100001,0.20904001,0.21708001,0.22512001,0.23316001,0.24120001,0.24924002,0.25728002,0.26532002,0.27336002,0.28140002,0.28944002,0.29748002,0.30552002,0.31356002,0.32160002
gdl:2.14829134e+00,0.00000000e+00,0.00000000e+00,0.00000000e+00,0.00000000e+00,0.00000000e+00,0.00000000e+00,0.00000000e+00,0.00000000e+00,0.00000000e+00,0.00000000e+00,0.00000000e+00,9.96168161e-03,1.12515178e-02,1.21613130e-02,2.64301264e-02,3.16355369e-02,5.33900069e-02,4.68026290e-02,4.88525473e-02,7.12404190e-02,9.88106685e-02,4.47757435e-01,1.03901882e+02,1.68793843e+01,2.46727245e-01,7.12980010e-02,5.81808272e-02,3.45031192e-02,3.59426686e-02,3.98697592e-02,3.76586114e-02,2.65798395e-02,1.41997149e-02,1.01804931e-02,4.01922183e-03,4.97508261e-03,1.03647554e-03,3.06336105e-03,2.01536911e-03
gdl_bin_edges:0.        ,0.00804   ,0.01608   ,0.02412   ,0.03216   ,0.0402    ,0.04824   ,0.05628   ,0.06432   ,0.07236   ,0.0804    ,0.08844001,0.09648001,0.10452001,0.11256001,0.12060001,0.12864001,0.13668001,0.14472001,0.15276001,0.16080001,0.16884001,0.17688001,0.18492001,0.19296001,0.20100001,0.20904001,0.21708001,0.22512001,0.23316001,0.24120001,0.24924002,0.25728002,0.26532002,0.27336002,0.28140002,0.28944002,0.29748002,0.30552002,0.31356002,0.32160002
ri:34.50964205, 0.        , 0.        , 0.        , 0.        , 0.        , 0.        , 0.        , 0.        , 0.        , 0.        , 0.        , 0.        , 0.        , 0.        , 0.        , 0.        , 0.        , 0.        , 0.        , 0.        , 0.        , 0.        , 0.        , 0.        , 0.        , 0.        , 0.        , 0.        , 0.        , 0.        , 0.        , 0.        , 0.        , 0.        , 0.        , 0.        , 0.        , 0.        , 5.49035795
ri_bin_edges:1.   ,1.025,1.05 ,1.075,1.1  ,1.125,1.15 ,1.175,1.2  ,1.225,1.25 ,1.275,1.3  ,1.325,1.35 ,1.375,1.4  ,1.425,1.45 ,1.475,1.5  ,1.525,1.55 ,1.575,1.6  ,1.625,1.65 ,1.675,1.7  ,1.725,1.75 ,1.775,1.8  ,1.825,1.85 ,1.875,1.9  ,1.925,1.95 ,1.975,2.   
