period:1
ue_log_freq:1000
mac_log_freq:1000
mimo_layers:2
frequency:2412000000.0
bandwidth:50000000
ue_speed:5.555555555555555
max_distance:1000
shannon_cfg_bandwidth_mhz:50.0
shannon_cfg_mimo_layers:2
shannon_cfg_bw_efficiency:0.67
shannon_cfg_sinr_offset_db:0
shannon_cfg_ul_divisor:2
shannon_cfg_sinr_sample_rate:1000
n_ue:1
sinr_period:9.463597741343282
sinr_rate:105.66805852612856
ul_fairness:nan
dl_fairness:1.0
ul_agg_throughput:0
dl_agg_throughput:282.6941325802453
ul_ave_throughput:0.0
dl_ave_throughput:282.6941325802453
ul_se:0.0
dl_se:5.653882651604906
ul_ase:0.0
dl_ase:1.7996867433288665e-06
ul_gr:0.35866804439852
dl_gr:292.4342121929269
ul_tr:0.0
dl_tr:292.0199075037499
ul_er:299.62002266591116
dl_er:7.554558181393953
ul_er_ratio:1.0
dl_er_ratio:0.02521763049502984
ul_er_perc:100.0
dl_er_perc:2.521763049502984
ul_l:0.0
dl_l:0.006569449430552315
ul_il:0.0
dl_il:0.027231990398653375
sinr_dl: 0., 0., 0., 0., 0., 0., 0., 0., 0., 0., 0., 0., 0., 0., 0., 0., 0., 0., 0., 0.,40., 0., 0., 0., 0., 0., 0., 0., 0., 0., 0., 0., 0., 0., 0., 0., 0., 0., 0., 0.
sinr_dl_bin_edges:43.227455,43.252455,43.277455,43.302455,43.327455,43.352455,43.377455,43.402455,43.427455,43.452455,43.477455,43.502455,43.527455,43.552455,43.577455,43.602455,43.627455,43.652455,43.677455,43.702455,43.727455,43.752455,43.777455,43.802455,43.827455,43.852455,43.877455,43.902455,43.927455,43.952455,43.977455,44.002455,44.027455,44.052455,44.077455,44.102455,44.127455,44.152455,44.177455,44.202455,44.227455
rsrp_dl: 0., 0., 0., 0., 0., 0., 0., 0., 0., 0., 0., 0., 0., 0., 0., 0., 0., 0., 0., 0.,40., 0., 0., 0., 0., 0., 0., 0., 0., 0., 0., 0., 0., 0., 0., 0., 0., 0., 0., 0.
rsrp_dl_bin_edges:-94.51779,-94.49279,-94.46779,-94.44279,-94.41779,-94.39279,-94.36779,-94.34279,-94.31779,-94.29279,-94.26779,-94.24279,-94.21779,-94.19279,-94.16779,-94.14279,-94.11779,-94.09279,-94.06779,-94.04279,-94.01779,-93.99279,-93.96779,-93.94279,-93.91779,-93.89279,-93.86779,-93.84279,-93.81779,-93.79279,-93.76779,-93.74279,-93.71779,-93.69279,-93.66779,-93.64279,-93.61779,-93.59279,-93.56779,-93.54279,-93.51779
cqi_ul: 0., 0., 0., 0., 0., 0., 0., 0., 0., 0., 0., 0., 0., 0., 0., 0., 0., 0., 0., 0.,40., 0., 0., 0., 0., 0., 0., 0., 0., 0., 0., 0., 0., 0., 0., 0., 0., 0., 0., 0.
cqi_ul_bin_edges:-0.5  ,-0.475,-0.45 ,-0.425,-0.4  ,-0.375,-0.35 ,-0.325,-0.3  ,-0.275,-0.25 ,-0.225,-0.2  ,-0.175,-0.15 ,-0.125,-0.1  ,-0.075,-0.05 ,-0.025, 0.   , 0.025, 0.05 , 0.075, 0.1  , 0.125, 0.15 , 0.175, 0.2  , 0.225, 0.25 , 0.275, 0.3  , 0.325, 0.35 , 0.375, 0.4  , 0.425, 0.45 , 0.475, 0.5  
cqi_dl: 0., 0., 0., 0., 0., 0., 0., 0., 0., 0., 0., 0., 0., 0., 0., 0., 0., 0., 0., 0.,40., 0., 0., 0., 0., 0., 0., 0., 0., 0., 0., 0., 0., 0., 0., 0., 0., 0., 0., 0.
cqi_dl_bin_edges:14.5  ,14.525,14.55 ,14.575,14.6  ,14.625,14.65 ,14.675,14.7  ,14.725,14.75 ,14.775,14.8  ,14.825,14.85 ,14.875,14.9  ,14.925,14.95 ,14.975,15.   ,15.025,15.05 ,15.075,15.1  ,15.125,15.15 ,15.175,15.2  ,15.225,15.25 ,15.275,15.3  ,15.325,15.35 ,15.375,15.4  ,15.425,15.45 ,15.475,15.5  
mcs_ul: 0., 0., 0., 0., 0., 0., 0., 0., 0., 0., 0., 0., 0., 0., 0., 0., 0., 0., 0., 0.,40., 0., 0., 0., 0., 0., 0., 0., 0., 0., 0., 0., 0., 0., 0., 0., 0., 0., 0., 0.
mcs_ul_bin_edges:-0.5  ,-0.475,-0.45 ,-0.425,-0.4  ,-0.375,-0.35 ,-0.325,-0.3  ,-0.275,-0.25 ,-0.225,-0.2  ,-0.175,-0.15 ,-0.125,-0.1  ,-0.075,-0.05 ,-0.025, 0.   , 0.025, 0.05 , 0.075, 0.1  , 0.125, 0.15 , 0.175, 0.2  , 0.225, 0.25 , 0.275, 0.3  , 0.325, 0.35 , 0.375, 0.4  , 0.425, 0.45 , 0.475, 0.5  
mcs_dl: 0., 0., 0., 0., 0., 0., 0., 0., 0., 0., 0., 0., 0., 0., 0., 0., 0., 0., 0., 0.,40., 0., 0., 0., 0., 0., 0., 0., 0., 0., 0., 0., 0., 0., 0., 0., 0., 0., 0., 0.
mcs_dl_bin_edges:27.5  ,27.525,27.55 ,27.575,27.6  ,27.625,27.65 ,27.675,27.7  ,27.725,27.75 ,27.775,27.8  ,27.825,27.85 ,27.875,27.9  ,27.925,27.95 ,27.975,28.   ,28.025,28.05 ,28.075,28.1  ,28.125,28.15 ,28.175,28.2  ,28.225,28.25 ,28.275,28.3  ,28.325,28.35 ,28.375,28.4  ,28.425,28.45 ,28.475,28.5  
eff_ul: 0., 0., 0., 0., 0., 0., 0., 0., 0., 0., 0., 0., 0., 0., 0., 0., 0., 0., 0., 0.,40., 0., 0., 0., 0., 0., 0., 0., 0., 0., 0., 0., 0., 0., 0., 0., 0., 0., 0., 0.
eff_ul_bin_edges:-0.5  ,-0.475,-0.45 ,-0.425,-0.4  ,-0.375,-0.35 ,-0.325,-0.3  ,-0.275,-0.25 ,-0.225,-0.2  ,-0.175,-0.15 ,-0.125,-0.1  ,-0.075,-0.05 ,-0.025, 0.   , 0.025, 0.05 , 0.075, 0.1  , 0.125, 0.15 , 0.175, 0.2  , 0.225, 0.25 , 0.275, 0.3  , 0.325, 0.35 , 0.375, 0.4  , 0.425, 0.45 , 0.475, 0.5  
eff_dl: 0., 0., 0., 0., 0., 0., 0., 0., 0., 0., 0., 0., 0., 0., 0., 0., 0., 0., 0., 0.,40., 0., 0., 0., 0., 0., 0., 0., 0., 0., 0., 0., 0., 0., 0., 0., 0., 0., 0., 0.
eff_dl_bin_edges:6.9062796,6.9312796,6.9562796,6.9812796,7.0062796,7.0312796,7.0562796,7.0812796,7.1062796,7.1312796,7.1562796,7.1812796,7.2062796,7.2312796,7.2562796,7.2812796,7.3062796,7.3312796,7.3562796,7.3812796,7.4062796,7.4312796,7.4562796,7.4812796,7.5062796,7.5312796,7.5562796,7.5812796,7.6062796,7.6312796,7.6562796,7.6812796,7.7062796,7.7312796,7.7562796,7.7812796,7.8062796,7.8312796,7.8562796,7.8812796,7.9062796
rul: 0., 0., 0., 0., 0., 0., 0., 0., 0., 0., 0., 0., 0., 0., 0., 0., 0., 0., 0., 0.,40., 0., 0., 0., 0., 0., 0., 0., 0., 0., 0., 0., 0., 0., 0., 0., 0., 0., 0., 0.
rul_bin_edges:-0.5  ,-0.475,-0.45 ,-0.425,-0.4  ,-0.375,-0.35 ,-0.325,-0.3  ,-0.275,-0.25 ,-0.225,-0.2  ,-0.175,-0.15 ,-0.125,-0.1  ,-0.075,-0.05 ,-0.025, 0.   , 0.025, 0.05 , 0.075, 0.1  , 0.125, 0.15 , 0.175, 0.2  , 0.225, 0.25 , 0.275, 0.3  , 0.325, 0.35 , 0.375, 0.4  , 0.425, 0.45 , 0.475, 0.5  
rdl:0.01710158,0.        ,0.        ,0.        ,0.        ,0.        ,0.        ,0.        ,0.        ,0.        ,0.        ,0.        ,0.        ,0.01333166,0.        ,0.        ,0.        ,0.        ,0.        ,0.        ,0.        ,0.        ,0.        ,0.        ,0.        ,0.        ,0.01333318,0.        ,0.        ,0.        ,0.        ,0.        ,0.        ,0.        ,0.        ,0.        ,0.        ,0.        ,0.        ,0.00187583
rdl_bin_edges:  0.       , 21.9095275, 43.819055 , 65.7285825, 87.63811  ,109.5476375,131.457165 ,153.3666925,175.27622  ,197.1857475,219.095275 ,241.0048025,262.91433  ,284.8238575,306.733385 ,328.6429125,350.55244  ,372.4619675,394.371495 ,416.2810225,438.19055  ,460.1000775,482.009605 ,503.9191325,525.82866  ,547.7381875,569.647715 ,591.5572425,613.46677  ,635.3762975,657.285825 ,679.1953525,701.10488  ,723.0144075,744.923935 ,766.8334625,788.74299  ,810.6525175,832.562045 ,854.4715725,876.3811   
lul: 0., 0., 0., 0., 0., 0., 0., 0., 0., 0., 0., 0., 0., 0., 0., 0., 0., 0., 0., 0.,40., 0., 0., 0., 0., 0., 0., 0., 0., 0., 0., 0., 0., 0., 0., 0., 0., 0., 0., 0.
lul_bin_edges:-0.5  ,-0.475,-0.45 ,-0.425,-0.4  ,-0.375,-0.35 ,-0.325,-0.3  ,-0.275,-0.25 ,-0.225,-0.2  ,-0.175,-0.15 ,-0.125,-0.1  ,-0.075,-0.05 ,-0.025, 0.   , 0.025, 0.05 , 0.075, 0.1  , 0.125, 0.15 , 0.175, 0.2  , 0.225, 0.25 , 0.275, 0.3  , 0.325, 0.35 , 0.375, 0.4  , 0.425, 0.45 , 0.475, 0.5  
ldl:1348.74128283,   0.        ,   0.        ,   0.        ,   0.        ,   0.        ,   0.        ,   0.        ,   0.        ,   0.        ,   0.        ,   0.        ,   0.        ,   0.        ,   0.        ,   0.        ,   0.        ,   0.        ,   0.        ,   0.        ,   0.        ,   0.        ,   0.        ,   0.        ,   0.        ,   0.        ,   0.        ,   0.        ,   0.        ,   0.        ,   0.        ,   0.        ,   0.        ,   0.        ,   0.        , 250.64678764, 812.17238177,   0.        , 148.06038102,1040.02219016
ldl_bin_edges:0.        ,0.00027781,0.00055561,0.00083342,0.00111122,0.00138903,0.00166683,0.00194464,0.00222244,0.00250025,0.00277805,0.00305586,0.00333366,0.00361147,0.00388927,0.00416708,0.00444489,0.00472269,0.0050005 ,0.0052783 ,0.00555611,0.00583391,0.00611172,0.00638952,0.00666733,0.00694513,0.00722294,0.00750074,0.00777855,0.00805635,0.00833416,0.00861197,0.00888977,0.00916758,0.00944538,0.00972319,0.01000099,0.0102788 ,0.0105566 ,0.01083441,0.01111221
ilul: 0., 0., 0., 0., 0., 0., 0., 0., 0., 0., 0., 0., 0., 0., 0., 0., 0., 0., 0., 0.,40., 0., 0., 0., 0., 0., 0., 0., 0., 0., 0., 0., 0., 0., 0., 0., 0., 0., 0., 0.
ilul_bin_edges:-0.5  ,-0.475,-0.45 ,-0.425,-0.4  ,-0.375,-0.35 ,-0.325,-0.3  ,-0.275,-0.25 ,-0.225,-0.2  ,-0.175,-0.15 ,-0.125,-0.1  ,-0.075,-0.05 ,-0.025, 0.   , 0.025, 0.05 , 0.075, 0.1  , 0.125, 0.15 , 0.175, 0.2  , 0.225, 0.25 , 0.275, 0.3  , 0.325, 0.35 , 0.375, 0.4  , 0.425, 0.45 , 0.475, 0.5  
ildl:3.23382790e+02,0.00000000e+00,0.00000000e+00,0.00000000e+00,0.00000000e+00,0.00000000e+00,0.00000000e+00,0.00000000e+00,2.87681514e-02,5.75363029e-01,8.05508240e-01,8.63044543e-01,7.19203786e-01,7.76740089e-01,8.63044543e-01,8.05508240e-01,7.47971937e-01,7.76740089e-01,8.91812695e-01,8.34276392e-01,7.76740089e-01,8.05508240e-01,8.63044543e-01,7.76740089e-01,7.19203786e-01,8.34276392e-01,7.19203786e-01,7.76740089e-01,7.76740089e-01,1.03565345e+00,6.32899332e-01,8.63044543e-01,7.47971937e-01,8.63044543e-01,7.19203786e-01,8.34276392e-01,1.58224833e+01,1.82850371e+02,2.57762637e+02,6.18227574e+01
ildl_bin_edges:0.        ,0.00115865,0.0023173 ,0.00347595,0.0046346 ,0.00579325,0.0069519 ,0.00811055,0.0092692 ,0.01042785,0.0115865 ,0.01274515,0.0139038 ,0.01506245,0.0162211 ,0.01737975,0.0185384 ,0.01969705,0.0208557 ,0.02201435,0.023173  ,0.02433165,0.0254903 ,0.02664895,0.0278076 ,0.02896625,0.0301249 ,0.03128355,0.0324422 ,0.03360085,0.0347595 ,0.03591815,0.0370768 ,0.03823545,0.0393941 ,0.04055275,0.0417114 ,0.04287005,0.0440287 ,0.04518735,0.04634601
eul:1.39572942e-04,0.00000000e+00,0.00000000e+00,0.00000000e+00,0.00000000e+00,0.00000000e+00,0.00000000e+00,0.00000000e+00,0.00000000e+00,0.00000000e+00,0.00000000e+00,0.00000000e+00,0.00000000e+00,0.00000000e+00,0.00000000e+00,0.00000000e+00,0.00000000e+00,0.00000000e+00,0.00000000e+00,0.00000000e+00,0.00000000e+00,0.00000000e+00,0.00000000e+00,0.00000000e+00,3.67297215e-06,0.00000000e+00,0.00000000e+00,3.67297215e-06,3.30567493e-05,2.24051301e-04,2.13032385e-04,7.71324151e-05,3.09741741e-02,7.78082420e-02,2.31397245e-04,1.94667524e-04,2.53435078e-04,3.30567493e-05,0.00000000e+00,3.67297215e-06
eul_bin_edges:  0.   ,  9.075, 18.15 , 27.225, 36.3  , 45.375, 54.45 , 63.525, 72.6  , 81.675, 90.75 , 99.825,108.9  ,117.975,127.05 ,136.125,145.2  ,154.275,163.35 ,172.425,181.5  ,190.575,199.65 ,208.725,217.8  ,226.875,235.95 ,245.025,254.1  ,263.175,272.25 ,281.325,290.4  ,299.475,308.55 ,317.625,326.7  ,335.775,344.85 ,353.925,363.   
edl:1.15848782e-01,0.00000000e+00,0.00000000e+00,0.00000000e+00,0.00000000e+00,0.00000000e+00,0.00000000e+00,0.00000000e+00,0.00000000e+00,0.00000000e+00,0.00000000e+00,0.00000000e+00,0.00000000e+00,0.00000000e+00,0.00000000e+00,0.00000000e+00,0.00000000e+00,0.00000000e+00,0.00000000e+00,0.00000000e+00,0.00000000e+00,0.00000000e+00,0.00000000e+00,0.00000000e+00,0.00000000e+00,0.00000000e+00,0.00000000e+00,0.00000000e+00,0.00000000e+00,0.00000000e+00,0.00000000e+00,0.00000000e+00,0.00000000e+00,0.00000000e+00,1.98052420e-05,2.77273388e-03,1.62402984e-04,0.00000000e+00,1.58441936e-05,1.58441936e-05
edl_bin_edges:  0.   ,  8.415, 16.83 , 25.245, 33.66 , 42.075, 50.49 , 58.905, 67.32 , 75.735, 84.15 , 92.565,100.98 ,109.395,117.81 ,126.225,134.64 ,143.055,151.47 ,159.885,168.3  ,176.715,185.13 ,193.545,201.96 ,210.375,218.79 ,227.205,235.62 ,244.035,252.45 ,260.865,269.28 ,277.695,286.11 ,294.525,302.94 ,311.355,319.77 ,328.185,336.6  
gul:1.22514571e-01,0.00000000e+00,0.00000000e+00,0.00000000e+00,0.00000000e+00,0.00000000e+00,0.00000000e+00,0.00000000e+00,0.00000000e+00,0.00000000e+00,0.00000000e+00,0.00000000e+00,0.00000000e+00,0.00000000e+00,0.00000000e+00,0.00000000e+00,0.00000000e+00,0.00000000e+00,0.00000000e+00,0.00000000e+00,0.00000000e+00,0.00000000e+00,0.00000000e+00,0.00000000e+00,0.00000000e+00,0.00000000e+00,0.00000000e+00,0.00000000e+00,0.00000000e+00,0.00000000e+00,0.00000000e+00,0.00000000e+00,4.08858905e-06,4.08858905e-06,0.00000000e+00,8.17717811e-06,9.40375482e-05,3.27087124e-05,0.00000000e+00,4.08858905e-06
gul_bin_edges:  0.    ,  8.1525, 16.305 , 24.4575, 32.61  , 40.7625, 48.915 , 57.0675, 65.22  , 73.3725, 81.525 , 89.6775, 97.83  ,105.9825,114.135 ,122.2875,130.44  ,138.5925,146.745 ,154.8975,163.05  ,171.2025,179.355 ,187.5075,195.66  ,203.8125,211.965 ,220.1175,228.27  ,236.4225,244.575 ,252.7275,260.88  ,269.0325,277.185 ,285.3375,293.49  ,301.6425,309.795 ,317.9475,326.1   
gdl:2.77309397e-03,0.00000000e+00,0.00000000e+00,0.00000000e+00,0.00000000e+00,0.00000000e+00,0.00000000e+00,0.00000000e+00,0.00000000e+00,0.00000000e+00,0.00000000e+00,0.00000000e+00,0.00000000e+00,0.00000000e+00,0.00000000e+00,0.00000000e+00,0.00000000e+00,0.00000000e+00,0.00000000e+00,0.00000000e+00,0.00000000e+00,0.00000000e+00,0.00000000e+00,0.00000000e+00,3.67297215e-06,0.00000000e+00,0.00000000e+00,3.67297215e-06,3.30567493e-05,2.31397245e-04,2.13032385e-04,7.71324151e-05,3.03864986e-02,7.57844344e-02,2.27724273e-04,1.83648607e-04,2.42416162e-04,2.93837772e-05,0.00000000e+00,3.67297215e-06
gdl_bin_edges:  0.   ,  9.075, 18.15 , 27.225, 36.3  , 45.375, 54.45 , 63.525, 72.6  , 81.675, 90.75 , 99.825,108.9  ,117.975,127.05 ,136.125,145.2  ,154.275,163.35 ,172.425,181.5  ,190.575,199.65 ,208.725,217.8  ,226.875,235.95 ,245.025,254.1  ,263.175,272.25 ,281.325,290.4  ,299.475,308.55 ,317.625,326.7  ,335.775,344.85 ,353.925,363.   
ri: 0., 0., 0., 0., 0., 0., 0., 0., 0., 0., 0., 0., 0., 0., 0., 0., 0., 0., 0., 0.,40., 0., 0., 0., 0., 0., 0., 0., 0., 0., 0., 0., 0., 0., 0., 0., 0., 0., 0., 0.
ri_bin_edges:0.5  ,0.525,0.55 ,0.575,0.6  ,0.625,0.65 ,0.675,0.7  ,0.725,0.75 ,0.775,0.8  ,0.825,0.85 ,0.875,0.9  ,0.925,0.95 ,0.975,1.   ,1.025,1.05 ,1.075,1.1  ,1.125,1.15 ,1.175,1.2  ,1.225,1.25 ,1.275,1.3  ,1.325,1.35 ,1.375,1.4  ,1.425,1.45 ,1.475,1.5  
