period:1
ue_log_freq:1000
mac_log_freq:1000
mimo_layers:2
frequency:2412000000.0
bandwidth:50000000
ue_speed:5.555555555555555
max_distance:1000
shannon_cfg_bandwidth_mhz:50.0
shannon_cfg_mimo_layers:2
shannon_cfg_bw_efficiency:0.67
shannon_cfg_sinr_offset_db:0
shannon_cfg_ul_divisor:2
shannon_cfg_sinr_sample_rate:1000
n_ue:3
sinr_period:9.463597741343282
sinr_rate:105.66805852612856
ul_fairness:0.9972530366679818
dl_fairness:0.9937784927900472
ul_agg_throughput:1.669869782505764
dl_agg_throughput:1.466456437907675
ul_ave_throughput:0.5566232608352547
dl_ave_throughput:0.48881881263589166
ul_se:0.03339739565011528
dl_se:0.0293291287581535
ul_ase:1.063072120822322e-08
dl_ase:9.335751636877583e-09
ul_gr:0.09999882795873043, 0.09999882795873043, 0.19999765527417732
dl_gr:0.09999882795873043, 0.09999882795873043, 0.19999765527417732
ul_tr:0.052686678934880646, 0.05286216468889311, 0.10732459069886302
dl_tr:0.09763987491233088, 0.0999888471600384, 0.19997769871498286
ul_er:0.0, 0.0, 0.0
dl_er:0.0, 0.0, 0.0
ul_er_ratio:0.0, 0.0, 0.0
dl_er_ratio:0.0, 0.0, 0.0
ul_er_perc:0.0, 0.0, 0.0
dl_er_perc:0.0, 0.0, 0.0
ul_l:0.003493215520529795, 0.0036440915304346956, 0.003690375179223208
dl_l:0.007600871577134226, 0.008057858497360026, 0.008006276034539652
ul_il:0.012387276740592595, 0.006425723443405565, 0.008511004494185058
dl_il:0.011050192359046408, 0.010940942876456238, 0.020118823763542366
sinr_ul:0.00659918,0.01403779,0.00834202,0.00846028,0.01818457,0.02580735,0.02321149,0.02766846,0.03484341,0.04629891,0.05044957,0.06179651,0.02740092,0.0159745 ,0.00877434,0.00586249,0.00527895,0.005562  ,0.00605635,0.00252219,0.00149276,0.00149276,0.01929541,0.0165309 ,0.01712994,0.03368216,0.01245003,0.00920085,0.01522812,0.01414635,0.00339846,0.00616298,0.00612033,0.00338101,0.00241168,0.00575005,0.00343917,0.00234383,0.00249505,0.00231863
sinr_ul_bin_edges:-18.477734  ,-16.75834445,-15.0389549 ,-13.31956535,-11.6001758 , -9.88078625, -8.1613967 , -6.44200715, -4.7226176 , -3.00322805, -1.2838385 ,  0.43555105,  2.1549406 ,  3.87433015,  5.5937197 ,  7.31310925,  9.0324988 , 10.75188835, 12.4712779 , 14.19066745, 15.910057  , 17.62944655, 19.3488361 , 21.06822565, 22.7876152 , 24.50700475, 26.2263943 , 27.94578385, 29.6651734 , 31.38456295, 33.1039525 , 34.82334205, 36.5427316 , 38.26212115, 39.9815107 , 41.70090025, 43.4202898 , 45.13967935, 46.8590689 , 48.57845845, 50.297848  
sinr_dl:0.00624416,0.01420765,0.00842623,0.00807965,0.01803546,0.02586341,0.0227907 ,0.02752659,0.03410958,0.0472562 ,0.04952733,0.06163036,0.02845208,0.01619029,0.00889866,0.00589178,0.00527995,0.00554907,0.00606216,0.00257898,0.00149279,0.00149085,0.01875765,0.01684084,0.01723195,0.03364683,0.01246509,0.00924136,0.01519703,0.01412633,0.00340186,0.00619188,0.0060854 ,0.00337282,0.00241247,0.0056149 ,0.00356643,0.00234277,0.00249766,0.00228081
sinr_dl_bin_edges:-6.3898163 ,-4.66822522,-2.94663413,-1.22504305, 0.49654803, 2.21813911, 3.9397302 , 5.66132128, 7.38291236, 9.10450344,10.82609453,12.54768561,14.26927669,15.99086777,17.71245886,19.43404994,21.15564102,22.8772321 ,24.59882319,26.32041427,28.04200535,29.76359643,31.48518752,33.2067786 ,34.92836968,36.64996076,38.37155185,40.09314293,41.81473401,43.53632509,45.25791618,46.97950726,48.70109834,50.42268942,52.14428051,53.86587159,55.58746267,57.30905375,59.03064484,60.75223592,62.473827  
rsrp_ul:0.00701068,0.01459863,0.00778619,0.00887851,0.01833429,0.02590085,0.0231681 ,0.02772981,0.03691153,0.04412241,0.05101258,0.06202326,0.02673467,0.0159028 ,0.00873274,0.00585422,0.00528279,0.00556268,0.0060583 ,0.00255005,0.00149271,0.00149465,0.01905732,0.01657336,0.01717394,0.0337162 ,0.01253254,0.00901846,0.01505927,0.0147891 ,0.0034033 ,0.00595529,0.00633236,0.00343246,0.0024101 ,0.00474052,0.00446258,0.00234402,0.00248785,0.00246453
rsrp_ul_bin_edges:-134.27391  ,-132.5589255,-130.843941 ,-129.1289565,-127.413972 ,-125.6989875,-123.984003 ,-122.2690185,-120.554034 ,-118.8390495,-117.124065 ,-115.4090805,-113.694096 ,-111.9791115,-110.264127 ,-108.5491425,-106.834158 ,-105.1191735,-103.404189 ,-101.6892045, -99.97422  , -98.2592355, -96.544251 , -94.8292665, -93.114282 , -91.3992975, -89.684313 , -87.9693285, -86.254344 , -84.5393595, -82.824375 , -81.1093905, -79.394406 , -77.6794215, -75.964437 , -74.2494525, -72.534468 , -70.8194835, -69.104499 , -67.3895145, -65.67453  
rsrp_dl:0.00655821,0.01455206,0.00807329,0.00834065,0.01827   ,0.02582599,0.02283847,0.02774599,0.03488349,0.04626204,0.05048952,0.06155226,0.02754643,0.01594702,0.00875526,0.00585492,0.00527757,0.00556625,0.00606029,0.00249154,0.00149182,0.00149376,0.01936659,0.016536  ,0.01715597,0.03367453,0.01241895,0.00929193,0.01529991,0.01386815,0.0034002 ,0.00625597,0.00603123,0.00335951,0.00241017,0.00585105,0.00333239,0.00234623,0.00249735,0.00226292
rsrp_dl_bin_edges:-127.26386  ,-125.5433881,-123.8229162,-122.1024443,-120.3819724,-118.6615005,-116.9410286,-115.2205567,-113.5000848,-111.7796129,-110.059141 ,-108.3386691,-106.6181972,-104.8977253,-103.1772534,-101.4567815, -99.7363096, -98.0158377, -96.2953658, -94.5748939, -92.854422 , -91.1339501, -89.4134782, -87.6930063, -85.9725344, -84.2520625, -82.5315906, -80.8111187, -79.0906468, -77.3701749, -75.649703 , -73.9292311, -72.2087592, -70.4882873, -68.7678154, -67.0473435, -65.3268716, -63.6063997, -61.8859278, -60.1654559, -58.444984 
cqi_ul:1.56033995,0.        ,0.17151828,0.        ,0.        ,0.06580379,0.        ,0.        ,0.04726175,0.        ,0.0076177 ,0.        ,0.        ,0.00760881,0.        ,0.        ,0.0091288 ,0.        ,0.12702095,0.        ,0.        ,0.08987466,0.        ,0.        ,0.16214949,0.        ,0.06356381,0.        ,0.        ,0.03559964,0.        ,0.        ,0.07050596,0.        ,0.07711034,0.        ,0.        ,0.01353764,0.        ,0.15802509
cqi_ul_bin_edges: 0.   , 0.375, 0.75 , 1.125, 1.5  , 1.875, 2.25 , 2.625, 3.   , 3.375, 3.75 , 4.125, 4.5  , 4.875, 5.25 , 5.625, 6.   , 6.375, 6.75 , 7.125, 7.5  , 7.875, 8.25 , 8.625, 9.   , 9.375, 9.75 ,10.125,10.5  ,10.875,11.25 ,11.625,12.   ,12.375,12.75 ,13.125,13.5  ,13.875,14.25 ,14.625,15.   
cqi_dl:0.31145466,0.        ,0.28104608,0.        ,0.        ,0.48860845,0.        ,0.        ,0.47141751,0.        ,0.1119011 ,0.        ,0.        ,0.05662166,0.        ,0.        ,0.02208867,0.        ,0.0287286 ,0.        ,0.        ,0.02687973,0.        ,0.        ,0.03181302,0.        ,0.01677317,0.        ,0.        ,0.00540439,0.        ,0.        ,0.00820436,0.        ,0.09465683,0.        ,0.        ,0.06481713,0.        ,0.64625132
cqi_dl_bin_edges: 0.   , 0.375, 0.75 , 1.125, 1.5  , 1.875, 2.25 , 2.625, 3.   , 3.375, 3.75 , 4.125, 4.5  , 4.875, 5.25 , 5.625, 6.   , 6.375, 6.75 , 7.125, 7.5  , 7.875, 8.25 , 8.625, 9.   , 9.375, 9.75 ,10.125,10.5  ,10.875,11.25 ,11.625,12.   ,12.375,12.75 ,13.125,13.5  ,13.875,14.25 ,14.625,15.   
mcs_ul:0.9277812 ,0.01951409,0.01573794,0.        ,0.01527604,0.01004276,0.        ,0.00209998,0.00198093,0.        ,0.00208569,0.00199046,0.00128094,0.        ,0.00360949,0.04404242,0.        ,0.02400452,0.01964266,0.        ,0.02850448,0.02403309,0.06283271,0.        ,0.01848077,0.01557127,0.        ,0.0112237 ,0.00784754,0.        ,0.01595698,0.02181407,0.01519985,0.        ,0.02610926,0.00362377,0.        ,0.00362854,0.        ,0.0846563 
mcs_ul_bin_edges: 0. , 0.7, 1.4, 2.1, 2.8, 3.5, 4.2, 4.9, 5.6, 6.3, 7. , 7.7, 8.4, 9.1, 9.8,10.5,11.2,11.9,12.6,13.3,14. ,14.7,15.4,16.1,16.8,17.5,18.2,18.9,19.6,20.3,21. ,21.7,22.4,23.1,23.8,24.5,25.2,25.9,26.6,27.3,28. 
mcs_dl:0.31741111,0.15176039,0.10999414,0.        ,0.15616987,0.09637523,0.        ,0.03573774,0.02420928,0.        ,0.01848077,0.01185226,0.00612851,0.        ,0.0057047 ,0.00791421,0.        ,0.00747612,0.0071666 ,0.        ,0.00723326,0.00853325,0.00850944,0.        ,0.00696184,0.00202379,0.        ,0.00143332,0.00145713,0.        ,0.00220474,0.00219522,0.0065047 ,0.        ,0.04420432,0.01791887,0.        ,0.01680459,0.        ,0.34620606
mcs_dl_bin_edges: 0. , 0.7, 1.4, 2.1, 2.8, 3.5, 4.2, 4.9, 5.6, 6.3, 7. , 7.7, 8.4, 9.1, 9.8,10.5,11.2,11.9,12.6,13.3,14. ,14.7,15.4,16.1,16.8,17.5,18.2,18.9,19.6,20.3,21. ,21.7,22.4,23.1,23.8,24.5,25.2,25.9,26.6,27.3,28. 
eff_ul:3.16016042,0.34737641,0.07377428,0.05949829,0.05775205,0.        ,0.03796729,0.00793911,0.        ,0.00748904,0.0078851 ,0.00752505,0.00484267,0.0136459 ,0.16650521,0.        ,0.09075065,0.07426035,0.        ,0.10776302,0.        ,0.09085866,0.23754311,0.        ,0.06986774,0.        ,0.0588682 ,0.04243191,0.02966813,0.06032641,0.        ,0.08246949,0.        ,0.05746401,0.        ,0.09870776,0.        ,0.01369991,0.01371791,0.3200486 
eff_ul_bin_edges:0.        ,0.18515752,0.37031505,0.55547258,0.7406301 ,0.92578762,1.11094515,1.29610267,1.4812602 ,1.66641772,1.85157525,2.03673277,2.2218903 ,2.40704782,2.59220535,2.77736287,2.9625204 ,3.14767792,3.33283545,3.51799297,3.7031505 ,3.88830802,4.07346555,4.25862308,4.4437806 ,4.62893812,4.81409565,4.99925317,5.1844107 ,5.36956823,5.55472575,5.73988327,5.9250408 ,6.11019832,6.29535585,6.48051337,6.6656709 ,6.85082842,7.03598595,7.22114347,7.406301  
eff_dl:0.63078991,0.56920333,0.57373996,0.41583995,0.59041028,0.        ,0.36435278,0.13510883,0.        ,0.09152476,0.06986774,0.04480824,0.02316923,0.02156701,0.02992017,0.        ,0.02826394,0.02709378,0.        ,0.02734581,0.        ,0.0322605 ,0.03217048,0.        ,0.02631967,0.        ,0.00765107,0.00541876,0.00550877,0.00833516,0.        ,0.00829916,0.        ,0.02459143,0.        ,0.16711729,0.        ,0.06774344,0.06353085,1.30885441
eff_dl_bin_edges:0.        ,0.18515752,0.37031505,0.55547258,0.7406301 ,0.92578762,1.11094515,1.29610267,1.4812602 ,1.66641772,1.85157525,2.03673277,2.2218903 ,2.40704782,2.59220535,2.77736287,2.9625204 ,3.14767792,3.33283545,3.51799297,3.7031505 ,3.88830802,4.07346555,4.25862308,4.4437806 ,4.62893812,4.81409565,4.99925317,5.1844107 ,5.36956823,5.55472575,5.73988327,5.9250408 ,6.11019832,6.29535585,6.48051337,6.6656709 ,6.85082842,7.03598595,7.22114347,7.406301  
rul:3.36601565e+00,7.49741386e-02,1.15008649e-05,1.15008649e-05,1.15008649e-05,0.00000000e+00,3.56526813e-04,0.00000000e+00,0.00000000e+00,0.00000000e+00,2.30017299e-05,0.00000000e+00,1.15008649e-04,2.07015569e-04,0.00000000e+00,4.60034598e-05,1.15008649e-05,1.15008649e-05,1.61012109e-04,5.29039788e-03,2.40368077e-03,0.00000000e+00,0.00000000e+00,0.00000000e+00,0.00000000e+00,0.00000000e+00,0.00000000e+00,0.00000000e+00,0.00000000e+00,0.00000000e+00,0.00000000e+00,0.00000000e+00,0.00000000e+00,0.00000000e+00,0.00000000e+00,0.00000000e+00,0.00000000e+00,0.00000000e+00,1.49511244e-04,4.94537193e-04
rul_bin_edges: 0.        , 0.28983038, 0.57966075, 0.86949113, 1.1593215 , 1.44915188, 1.73898225, 2.02881263, 2.318643  , 2.60847338, 2.89830375, 3.18813413, 3.4779645 , 3.76779488, 4.05762525, 4.34745563, 4.637286  , 4.92711638, 5.21694675, 5.50677713, 5.7966075 , 6.08643788, 6.37626825, 6.66609863, 6.955929  , 7.24575938, 7.53558975, 7.82542013, 8.1152505 , 8.40508088, 8.69491125, 8.98474163, 9.274572  , 9.56440238, 9.85423275,10.14406313,10.4338935 ,10.72372388,11.01355425,11.30338463,11.593215  
rdl:3.58685340e+00,1.41396483e-01,0.00000000e+00,1.24589377e-05,0.00000000e+00,0.00000000e+00,0.00000000e+00,1.24589377e-05,2.49178753e-05,1.24589377e-05,3.73768130e-05,0.00000000e+00,1.24589377e-05,0.00000000e+00,2.49178753e-05,0.00000000e+00,0.00000000e+00,1.24589377e-05,1.24589377e-05,8.28519354e-03,0.00000000e+00,0.00000000e+00,0.00000000e+00,0.00000000e+00,0.00000000e+00,0.00000000e+00,0.00000000e+00,0.00000000e+00,0.00000000e+00,0.00000000e+00,0.00000000e+00,0.00000000e+00,0.00000000e+00,0.00000000e+00,0.00000000e+00,0.00000000e+00,0.00000000e+00,0.00000000e+00,6.22946883e-05,9.59338200e-04
rdl_bin_edges: 0.        , 0.26754288, 0.53508575, 0.80262863, 1.0701715 , 1.33771438, 1.60525725, 1.87280013, 2.140343  , 2.40788588, 2.67542875, 2.94297163, 3.2105145 , 3.47805738, 3.74560025, 4.01314313, 4.280686  , 4.54822888, 4.81577175, 5.08331462, 5.3508575 , 5.61840038, 5.88594325, 6.15348613, 6.421029  , 6.68857188, 6.95611475, 7.22365763, 7.4912005 , 7.75874338, 8.02628625, 8.29382913, 8.561372  , 8.82891488, 9.09645775, 9.36400063, 9.6315435 , 9.89908638,10.16662925,10.43417212,10.701715  
lul:2328.32510459,   0.        ,   0.        ,   0.        ,   0.        ,   0.        ,   0.        ,   0.        ,   0.        ,   0.        ,   0.        ,   0.        ,   0.        ,   0.        ,   0.        ,   0.        ,   0.        ,   0.        ,   0.        ,   0.        ,   0.        ,   0.        ,   0.        ,   0.        ,   0.        ,   0.        ,   0.        ,   0.        ,   0.        ,   0.        ,   0.        ,   0.        ,   0.        ,   0.        ,   0.        , 749.99031279,   5.69739898, 232.92448105,   2.75911774, 263.60921475
lul_bin_edges:0.        ,0.00027907,0.00055814,0.00083722,0.00111629,0.00139536,0.00167443,0.0019535 ,0.00223258,0.00251165,0.00279072,0.00306979,0.00334886,0.00362794,0.00390701,0.00418608,0.00446515,0.00474422,0.00502329,0.00530237,0.00558144,0.00586051,0.00613958,0.00641865,0.00669773,0.0069768 ,0.00725587,0.00753494,0.00781401,0.00809309,0.00837216,0.00865123,0.0089303 ,0.00920937,0.00948845,0.00976752,0.01004659,0.01032566,0.01060473,0.01088381,0.01116288
ldl: 821.35710292,   0.        ,   0.        ,   0.        ,   0.        ,   0.        ,   0.        ,   0.        ,   0.        ,   0.        ,   0.        ,   0.        ,   0.        ,   0.        ,   0.        ,   0.        ,   0.        ,   0.        ,   0.        ,   0.        ,   0.        ,   0.        ,   0.        ,   0.        ,   0.        ,   0.        ,   0.        ,   0.        ,   0.        ,   0.        ,   0.        ,   0.        ,   0.        ,   0.        ,   0.        ,1901.66516984,  11.29924409, 407.0713932 ,   4.14464873, 437.76807112
ldl_bin_edges:0.        ,0.00027907,0.00055814,0.00083722,0.00111629,0.00139536,0.00167443,0.0019535 ,0.00223258,0.00251165,0.00279072,0.00306979,0.00334886,0.00362794,0.00390701,0.00418608,0.00446515,0.00474422,0.00502329,0.00530237,0.00558144,0.00586051,0.00613958,0.00641865,0.00669773,0.0069768 ,0.00725587,0.00753494,0.00781401,0.00809309,0.00837216,0.00865123,0.0089303 ,0.00920937,0.00948845,0.00976752,0.01004659,0.01032566,0.01060473,0.01088381,0.01116288
ilul:2.21588761e+00,1.11771829e-03,9.32665590e-04,1.03629510e-03,7.32808678e-04,4.88539119e-04,9.62274021e-05,0.00000000e+00,0.00000000e+00,0.00000000e+00,0.00000000e+00,0.00000000e+00,0.00000000e+00,0.00000000e+00,0.00000000e+00,0.00000000e+00,0.00000000e+00,0.00000000e+00,0.00000000e+00,0.00000000e+00,0.00000000e+00,0.00000000e+00,0.00000000e+00,0.00000000e+00,0.00000000e+00,0.00000000e+00,0.00000000e+00,0.00000000e+00,0.00000000e+00,0.00000000e+00,7.40210786e-06,5.18147550e-05,5.18147550e-05,5.92168629e-05,5.18147550e-05,5.18147550e-05,5.92168629e-05,0.00000000e+00,0.00000000e+00,2.96084314e-05
ilul_bin_edges: 0.        , 0.45031767, 0.90063535, 1.35095302, 1.8012707 , 2.25158837, 2.70190605, 3.15222372, 3.6025414 , 4.05285907, 4.50317675, 4.95349442, 5.4038121 , 5.85412977, 6.30444745, 6.75476512, 7.2050828 , 7.65540047, 8.10571815, 8.55603582, 9.0063535 , 9.45667118, 9.90698885,10.35730652,10.8076242 ,11.25794188,11.70825955,12.15857722,12.6088949 ,13.05921258,13.50953025,13.95984792,14.4101656 ,14.86048327,15.31080095,15.76111862,16.2114363 ,16.66175397,17.11207165,17.56238932,18.012707  
ildl:4.91516137e+00,1.00172010e-03,9.52455179e-04,9.52455179e-04,7.22552205e-04,6.73287282e-04,5.09070872e-04,4.10541025e-04,3.44854461e-04,2.79167897e-04,2.62746256e-04,2.95589538e-04,2.95589538e-04,2.62746256e-04,2.13481333e-04,2.46324615e-04,2.46324615e-04,2.29902974e-04,2.46324615e-04,2.29902974e-04,2.46324615e-04,2.29902974e-04,2.46324615e-04,2.46324615e-04,2.13481333e-04,1.80638051e-04,9.85298461e-05,1.14951487e-04,1.14951487e-04,9.85298461e-05,1.14951487e-04,1.14951487e-04,1.14951487e-04,1.31373128e-04,1.14951487e-04,1.31373128e-04,1.14951487e-04,1.31373128e-04,1.14951487e-04,1.31373128e-04
ildl_bin_edges:0.        ,0.20298215,0.4059643 ,0.60894645,0.8119286 ,1.01491075,1.2178929 ,1.42087505,1.6238572 ,1.82683935,2.0298215 ,2.23280365,2.4357858 ,2.63876795,2.8417501 ,3.04473225,3.2477144 ,3.45069655,3.6536787 ,3.85666085,4.059643  ,4.26262515,4.4656073 ,4.66858945,4.8715716 ,5.07455375,5.2775359 ,5.48051805,5.6835002 ,5.88648235,6.0894645 ,6.29244665,6.4954288 ,6.69841095,6.9013931 ,7.10437525,7.3073574 ,7.51033955,7.7133217 ,7.91630385,8.119286  
eul: 0., 0., 0., 0., 0., 0., 0., 0., 0., 0., 0., 0., 0., 0., 0., 0., 0., 0., 0., 0.,40., 0., 0., 0., 0., 0., 0., 0., 0., 0., 0., 0., 0., 0., 0., 0., 0., 0., 0., 0.
eul_bin_edges:-0.5  ,-0.475,-0.45 ,-0.425,-0.4  ,-0.375,-0.35 ,-0.325,-0.3  ,-0.275,-0.25 ,-0.225,-0.2  ,-0.175,-0.15 ,-0.125,-0.1  ,-0.075,-0.05 ,-0.025, 0.   , 0.025, 0.05 , 0.075, 0.1  , 0.125, 0.15 , 0.175, 0.2  , 0.225, 0.25 , 0.275, 0.3  , 0.325, 0.35 , 0.375, 0.4  , 0.425, 0.45 , 0.475, 0.5  
edl: 0., 0., 0., 0., 0., 0., 0., 0., 0., 0., 0., 0., 0., 0., 0., 0., 0., 0., 0., 0.,40., 0., 0., 0., 0., 0., 0., 0., 0., 0., 0., 0., 0., 0., 0., 0., 0., 0., 0., 0.
edl_bin_edges:-0.5  ,-0.475,-0.45 ,-0.425,-0.4  ,-0.375,-0.35 ,-0.325,-0.3  ,-0.275,-0.25 ,-0.225,-0.2  ,-0.175,-0.15 ,-0.125,-0.1  ,-0.075,-0.05 ,-0.025, 0.   , 0.025, 0.05 , 0.075, 0.1  , 0.125, 0.15 , 0.175, 0.2  , 0.225, 0.25 , 0.275, 0.3  , 0.325, 0.35 , 0.375, 0.4  , 0.425, 0.45 , 0.475, 0.5  
gul:1.16210336e-03,0.00000000e+00,0.00000000e+00,2.32420672e-03,2.01431249e-02,6.04293748e-02,5.30693868e-02,5.19072835e-02,6.00420070e-02,5.30693868e-02,9.49051078e-02,7.66163125e+01,2.02593353e-01,7.55367185e-02,5.69430647e-02,7.32125117e-02,6.54651560e-02,7.55367185e-02,3.98988821e-02,1.62694471e-02,1.89810216e-02,2.28546994e-02,7.80158723e-01,3.75192817e+01,7.74735574e-02,1.78189182e-02,1.70441826e-02,1.35578725e-02,9.29682689e-03,1.39452403e-02,1.58820793e-02,1.31705048e-02,1.08462980e-02,1.39452403e-02,1.62694471e-02,1.51073437e-02,9.68419467e-03,5.42314902e-03,1.54947115e-03,3.87367787e-04
gul_bin_edges:0.        ,0.008605  ,0.01721   ,0.025815  ,0.03442   ,0.043025  ,0.05163   ,0.060235  ,0.06884   ,0.077445  ,0.08605   ,0.09465501,0.10326001,0.11186501,0.12047001,0.12907501,0.13768001,0.14628501,0.15489001,0.16349501,0.17210001,0.18070501,0.18931001,0.19791501,0.20652001,0.21512501,0.22373001,0.23233501,0.24094001,0.24954501,0.25815002,0.26675502,0.27536002,0.28396502,0.29257002,0.30117502,0.30978002,0.31838502,0.32699002,0.33559502,0.34420002
gdl:1.16210336e-03,0.00000000e+00,0.00000000e+00,2.32420672e-03,2.01431249e-02,6.04293748e-02,5.30693868e-02,5.19072835e-02,6.00420070e-02,5.30693868e-02,9.49051078e-02,7.66163125e+01,2.02593353e-01,7.55367185e-02,5.69430647e-02,7.32125117e-02,6.54651560e-02,7.55367185e-02,3.98988821e-02,1.62694471e-02,1.89810216e-02,2.28546994e-02,7.80158723e-01,3.75192817e+01,7.74735574e-02,1.78189182e-02,1.70441826e-02,1.35578725e-02,9.29682689e-03,1.39452403e-02,1.58820793e-02,1.31705048e-02,1.08462980e-02,1.39452403e-02,1.62694471e-02,1.51073437e-02,9.68419467e-03,5.42314902e-03,1.54947115e-03,3.87367787e-04
gdl_bin_edges:0.        ,0.008605  ,0.01721   ,0.025815  ,0.03442   ,0.043025  ,0.05163   ,0.060235  ,0.06884   ,0.077445  ,0.08605   ,0.09465501,0.10326001,0.11186501,0.12047001,0.12907501,0.13768001,0.14628501,0.15489001,0.16349501,0.17210001,0.18070501,0.18931001,0.19791501,0.20652001,0.21512501,0.22373001,0.23233501,0.24094001,0.24954501,0.25815002,0.26675502,0.27536002,0.28396502,0.29257002,0.30117502,0.30978002,0.31838502,0.32699002,0.33559502,0.34420002
ri: 0., 0., 0., 0., 0., 0., 0., 0., 0., 0., 0., 0., 0., 0., 0., 0., 0., 0., 0., 0.,40., 0., 0., 0., 0., 0., 0., 0., 0., 0., 0., 0., 0., 0., 0., 0., 0., 0., 0., 0.
ri_bin_edges:0.5  ,0.525,0.55 ,0.575,0.6  ,0.625,0.65 ,0.675,0.7  ,0.725,0.75 ,0.775,0.8  ,0.825,0.85 ,0.875,0.9  ,0.925,0.95 ,0.975,1.   ,1.025,1.05 ,1.075,1.1  ,1.125,1.15 ,1.175,1.2  ,1.225,1.25 ,1.275,1.3  ,1.325,1.35 ,1.375,1.4  ,1.425,1.45 ,1.475,1.5  
