period:1.0
ue_log_freq:1000
mac_log_freq:1000
mimo_layers:2
frequency:2000000000.0
bandwidth:10000000.0
ue_speed:0.41667
max_distance:500.0
shannon_cfg_bandwidth_mhz:10.0
shannon_cfg_mimo_layers:2
shannon_cfg_bw_efficiency:0.67
shannon_cfg_sinr_offset_db:0.0
shannon_cfg_ul_divisor:2.0
shannon_cfg_sinr_sample_rate:1000
n_ue:200
sinr_period:152.17343429332567
sinr_rate:6.571449245683877
ul_fairness:0.07151855307151676
dl_fairness:0.5040956643458504
ul_agg_throughput:6.098499061381568
dl_agg_throughput:25.568651234578148
ul_ave_throughput:0.030492495306907837
dl_ave_throughput:0.12784325617289075
ul_se:0.6098499061381567
dl_se:2.556865123457815
ul_ase:7.764850168481284e-07
dl_ase:3.255501785740644e-06
ul_gr:0.03499960236959937, 0.03499960236959937, 0.03499960236562072, 0.0349996125255098, 0.0349996125255098, 0.0349996125255098, 0.0349996125255098, 0.0349996125255098, 0.0349996125255098, 0.0349996125255098, 0.0349996125255098, 0.0349996125255098, 0.0349996125255098, 0.03499960236562072, 0.0349996125255098, 0.0349996125255098, 0.0349996125255098, 0.0349996125255098, 0.0349996125255098, 0.0349996125255098, 0.0349996125255098, 0.0349996125255098, 0.0349996125255098, 0.0349996125255098, 0.03499960201143186, 0.0349996125255098, 0.0349996125255098, 0.0349996125255098, 0.0349996125255098, 0.0349996125255098, 0.0349996125255098, 0.0349996125255098, 0.0349996125255098, 0.0349996125255098, 0.0349996125255098, 0.03499960236562072, 0.0349996125255098, 0.0349996125255098, 0.0349996125255098, 0.0349996125255098, 0.0349996125255098, 0.0349996125255098, 0.0349996125255098, 0.0349996125255098, 0.0349996125255098, 0.0349996125255098, 0.03499960236562072, 0.0349996125255098, 0.0349996125255098, 0.0349996125255098, 0.0349996125255098, 0.0349996125255098, 0.0349996125255098, 0.0349996125255098, 0.0349996125255098, 0.0349996125255098, 0.0349996125255098, 0.03499960236562072, 0.0349996125255098, 0.0349996125255098, 0.0349996125255098, 0.0349996125255098, 0.0349996125255098, 0.0349996125255098, 0.0349996125255098, 0.0349996125255098, 0.0349996125255098, 0.0349996125255098, 0.03499960236562072, 0.0349996125255098, 0.0349996125255098, 0.0349996125255098, 0.0349996125255098, 0.03499961287958636, 0.0349996125255098, 0.03499961287958636, 0.0349996125255098, 0.0349996125255098, 0.0349996125255098, 0.03499960236562072, 0.0349996125255098, 0.03499961287958636, 0.03499961287958636, 0.0349996125255098, 0.0349996125255098, 0.0349996125255098, 0.0349996125255098, 0.0349996125255098, 0.0349996125255098, 0.0349996125255098, 0.03499960236562072, 0.0349996125255098, 0.0349996125255098, 0.0349996125255098, 0.0349996125255098, 0.0349996125255098, 0.0349996125255098, 0.0349996125255098, 0.0349996125255098, 0.0349996125255098, 0.0349996125255098, 0.03499960236562072, 0.0349996125255098, 0.0349996125255098, 0.0349996125255098, 0.0349996125255098, 0.0349996125255098, 0.0349996125255098, 0.0349996125255098, 0.0349996125255098, 0.0349996125255098, 0.0349996125255098, 0.03499960236959937, 0.03499960236562072, 0.03499960236562072, 0.0349996118134312, 0.03499960201143186, 0.03499960201143186, 0.0349996118134312, 0.03499960411665382, 0.03499961391857615, 0.0349996118134312, 0.0349996118134312, 0.03499960236562072, 0.0349996118134312, 0.0349996118134312, 0.0349996118134312, 0.0349996118134312, 0.0349996118134312, 0.0349996118134312, 0.034999611467105264, 0.0349996118134312, 0.0349996118134312, 0.0349996118134312, 0.03499960236959937, 0.0349996118134312, 0.034999611467105264, 0.03499961181731539, 0.0349996118134312, 0.0349996118134312, 0.0349996118134312, 0.0349996118134312, 0.0349996118134312, 0.03499961111691515, 0.0349996118134312, 0.03499960236562072, 0.0349996118134312, 0.0349996118134312, 0.0349996118134312, 0.03499961145932979, 0.0349996118134312, 0.03499961145932979, 0.03499961145932979, 0.03499961145932979, 0.03499961111300393, 0.03499961145932979, 0.03499960236959937, 0.03499961145932979, 0.03499961111300393, 0.03499961146321757, 0.03499961145932979, 0.03499961145932979, 0.03499961145932979, 0.03499961356449935, 0.034999613218155895, 0.03499961145932979, 0.03499961145932979, 0.03499961217140613, 0.03499961145932979, 0.03499961145932979, 0.03499961145932979, 0.03499961145932979, 0.03499961145932979, 0.034999613218155895, 0.03499961356449935, 0.03499961145932979, 0.03499961145932979, 0.03499961145932979, 0.03499960236562072, 0.03499961145932979, 0.03499961286796578, 0.03499961356449935, 0.03499961286796578, 0.03499961356449935, 0.034999613222025994, 0.034999613222025994, 0.0349996125255098, 0.0349996125255098, 0.0349996125255098, 0.0349996020154141, 0.0349996125255098, 0.0349996125255098, 0.0349996125255098, 0.0349996125255098, 0.0349996125255098, 0.0349996125255098, 0.0349996125255098, 0.0349996125255098, 0.0349996125255098, 0.0349996125255098
dl_gr:0.03499960236959937, 0.03499960236959937, 0.03499960236562072, 0.0349996125255098, 0.0349996125255098, 0.0349996125255098, 0.0349996125255098, 0.0349996125255098, 0.0349996125255098, 0.0349996125255098, 0.0349996125255098, 0.0349996125255098, 0.0349996125255098, 0.03499960236562072, 0.0349996125255098, 0.0349996125255098, 0.0349996125255098, 0.0349996125255098, 0.0349996125255098, 0.0349996125255098, 0.0349996125255098, 0.0349996125255098, 0.0349996125255098, 0.0349996125255098, 0.03499960201143186, 0.0349996125255098, 0.0349996125255098, 0.0349996125255098, 0.0349996125255098, 0.0349996125255098, 0.0349996125255098, 0.0349996125255098, 0.0349996125255098, 0.0349996125255098, 0.0349996125255098, 0.03499960236562072, 0.0349996125255098, 0.0349996125255098, 0.0349996125255098, 0.0349996125255098, 0.0349996125255098, 0.0349996125255098, 0.0349996125255098, 0.0349996125255098, 0.0349996125255098, 0.0349996125255098, 0.03499960236562072, 0.0349996125255098, 0.0349996125255098, 0.0349996125255098, 0.0349996125255098, 0.0349996125255098, 0.0349996125255098, 0.0349996125255098, 0.0349996125255098, 0.0349996125255098, 0.0349996125255098, 0.03499960236562072, 0.0349996125255098, 0.0349996125255098, 0.0349996125255098, 0.0349996125255098, 0.0349996125255098, 0.0349996125255098, 0.0349996125255098, 0.0349996125255098, 0.0349996125255098, 0.0349996125255098, 0.03499960236562072, 0.0349996125255098, 0.0349996125255098, 0.0349996125255098, 0.0349996125255098, 0.03499961287958636, 0.0349996125255098, 0.03499961287958636, 0.0349996125255098, 0.0349996125255098, 0.0349996125255098, 0.03499960236562072, 0.0349996125255098, 0.03499961287958636, 0.03499961287958636, 0.0349996125255098, 0.0349996125255098, 0.0349996125255098, 0.0349996125255098, 0.0349996125255098, 0.0349996125255098, 0.0349996125255098, 0.03499960236562072, 0.0349996125255098, 0.0349996125255098, 0.0349996125255098, 0.0349996125255098, 0.0349996125255098, 0.0349996125255098, 0.0349996125255098, 0.0349996125255098, 0.0349996125255098, 0.0349996125255098, 0.03499960236562072, 0.0349996125255098, 0.0349996125255098, 0.0349996125255098, 0.0349996125255098, 0.0349996125255098, 0.0349996125255098, 0.0349996125255098, 0.0349996125255098, 0.0349996125255098, 0.0349996125255098, 0.03499960236959937, 0.03499960236562072, 0.03499960236562072, 0.0349996118134312, 0.03499960201143186, 0.03499960201143186, 0.0349996118134312, 0.03499960411665382, 0.03499961391857615, 0.0349996118134312, 0.0349996118134312, 0.03499960236562072, 0.0349996118134312, 0.0349996118134312, 0.0349996118134312, 0.0349996118134312, 0.0349996118134312, 0.0349996118134312, 0.034999611467105264, 0.0349996118134312, 0.0349996118134312, 0.0349996118134312, 0.03499960236959937, 0.0349996118134312, 0.034999611467105264, 0.03499961181731539, 0.0349996118134312, 0.0349996118134312, 0.0349996118134312, 0.0349996118134312, 0.0349996118134312, 0.03499961111691515, 0.0349996118134312, 0.03499960236562072, 0.0349996118134312, 0.0349996118134312, 0.0349996118134312, 0.03499961145932979, 0.0349996118134312, 0.03499961145932979, 0.03499961145932979, 0.03499961145932979, 0.03499961111300393, 0.03499961145932979, 0.03499960236959937, 0.03499961145932979, 0.03499961111300393, 0.03499961146321757, 0.03499961145932979, 0.03499961145932979, 0.03499961145932979, 0.03499961356449935, 0.034999613218155895, 0.03499961145932979, 0.03499961145932979, 0.03499961217140613, 0.03499961145932979, 0.03499961145932979, 0.03499961145932979, 0.03499961145932979, 0.03499961145932979, 0.034999613218155895, 0.03499961356449935, 0.03499961145932979, 0.03499961145932979, 0.03499961145932979, 0.03499960236562072, 0.03499961145932979, 0.03499961286796578, 0.03499961356449935, 0.03499961286796578, 0.03499961356449935, 0.034999613222025994, 0.034999613222025994, 0.0349996125255098, 0.0349996125255098, 0.0349996125255098, 0.0349996020154141, 0.0349996125255098, 0.0349996125255098, 0.0349996125255098, 0.0349996125255098, 0.0349996125255098, 0.0349996125255098, 0.0349996125255098, 0.0349996125255098, 0.0349996125255098, 0.0349996125255098
ul_tr:0.02321648324138, 0.021141320049328612, 0.0, 0.023402459151707987, 0.027152859600368215, 0.00026969914388345244, 0.025736357613916076, 0.0, 0.0, 0.0, 0.0, 0.0, 0.0035405262613715962, 0.0015721732403918313, 0.0, 0.007743063235956854, 0.017419081581016987, 0.0, 0.0, 0.0, 0.004516735662704369, 0.02059713021442437, 0.0, 0.0, 0.0, 0.0, 0.0, 0.0, 0.0, 0.0, 0.0, 0.0, 0.004143546888695443, 0.0, 0.015929276371835666, 0.0, 0.0, 0.02305249067849353, 0.0, 0.012599225992955914, 0.0, 0.011469475178593582, 0.0, 0.0, 0.004440973403193853, 0.001704832088391267, 0.018823772886603096, 0.0, 0.0, 0.0, 0.004546350790078246, 0.0, 0.004287273891076825, 0.022507466475075545, 0.0023457301638750475, 0.02318430840700506, 0.0, 0.0, 0.0, 0.0, 0.0, 0.0, 0.023718752037491745, 0.024219668843559264, 0.025119159862990535, 0.0, 0.0, 0.0, 0.004974186672506779, 0.0, 0.0, 0.03498618131631347, 0.0, 0.03499856333126882, 0.0, 0.03034513641593879, 0.0, 0.03497435158483921, 0.0, 0.0, 0.0, 0.0, 0.0, 0.0, 0.024141756675251643, 0.0, 0.03499786394486802, 0.0, 0.03499786393260091, 0.0, 0.019451600607058164, 0.026495931675641873, 0.0349978639324108, 0.0, 0.0, 0.0, 0.0, 0.024777202001781035, 0.03499717082001561, 0.001688598195053131, 0.028490417397700665, 0.0, 0.027999680856649854, 0.013307743409867723, 0.0, 0.02877498529739249, 0.0, 0.0, 0.0, 0.0, 0.034997874095985676, 0.0, 0.0007503823192451622, 0.01768197179145696, 0.0, 0.0, 0.024583256670002003, 0.0, 0.0, 0.0, 0.0054238551118070836, 0.0, 0.0, 0.021677108982399617, 0.0114261186675372, 0.0, 0.0, 0.0, 0.0, 0.015282561521588169, 0.004476950380248149, 0.0, 0.005895340579993795, 0.017331890761184323, 0.0, 0.009536605004762905, 0.0016446901922953772, 0.007421758042325395, 0.0, 0.0, 0.0, 0.004481345293849248, 0.0, 0.0, 0.00019213015737599935, 0.0009232938075264406, 0.0, 0.0, 0.0, 0.0, 0.021559227449464178, 0.0, 0.0, 0.0, 0.014319082571238456, 0.0, 0.0, 0.0, 0.0, 0.0, 0.0180262541217755, 0.015974175962556784, 0.00016856871158118033, 0.0, 0.023681598745047026, 0.0, 0.0, 0.0, 0.0, 0.0, 0.0, 0.004091325761542156, 0.0, 0.01959425692027216, 0.0, 0.0, 0.0, 0.020721681696251673, 0.0, 0.005458742349456662, 0.0, 0.004684871453956914, 0.0, 0.0, 0.014630920608138802, 0.0, 0.013040297626213206, 0.004509693477396891, 0.003148665005263053, 0.0, 0.0, 0.0, 0.0, 0.00941294390122271, 0.007325120629785274, 0.0044848357639631, 0.005562279013387765, 0.0022413303854035343, 0.007281529842548678, 0.0
dl_tr:0.03499714604530628, 0.034994702302235295, 0.029434750850301682, 0.03499575259080267, 0.03499610349962979, 0.03499610349962979, 0.03499610349962979, 0.01009459248175942, 0.015694262162774406, 0.0, 0.033511590681095035, 0.026434070507694463, 0.03499610349962979, 0.03499505245584895, 0.015989611705189012, 0.03499610349962979, 0.03499610349962979, 0.005187516630605751, 0.022438346995077144, 0.021111577543575274, 0.03499610349962979, 0.03499610349962979, 0.006527276910468071, 0.011247819482599909, 0.012011279576345806, 0.013891984691020794, 0.021400167917492146, 0.01825169934922255, 0.024184265112465228, 0.00541552989731044, 0.023504349969322207, 0.024169067409097276, 0.03499925986882392, 0.03351481598767285, 0.03499925986882392, 0.022885233766922485, 0.0144093509934462, 0.03499925986882392, 0.024087424898641213, 0.03499925986882392, 0.027045632288027057, 0.03499925986882392, 0.019208629513818014, 0.007771574679944367, 0.03499925986882392, 0.03499925986882392, 0.03499505245584895, 0.007172338076984651, 0.014078792998899362, 0.008929217665245842, 0.03499925986882392, 0.004313540687398691, 0.03499925986882392, 0.03499925986882392, 0.03499925986882392, 0.03499925986882392, 0.013282516575663886, 0.016683636080687604, 0.029157000699505716, 0.0019908241668167535, 0.0, 0.027138525244041548, 0.035002409575453766, 0.035002409575453766, 0.035002409575453766, 0.030283255510596147, 0.018706218376958638, 0.0186037900560325, 0.03499505245584895, 0.01124513313884053, 0.014365295379950373, 0.035002409575453766, 0.01803570070660983, 0.03500205935173049, 0.035002409579255975, 0.03500205935173049, 0.0011534713978107302, 0.035002409575453766, 0.035002409575453766, 0.03499505245785014, 0.0040039418438694435, 0.007020875714157069, 0.01517601316138199, 0.02436074055612255, 0.035002409575453766, 0.03459830604180425, 0.034994345820976165, 0.034994345820976165, 0.034994345820976165, 0.0, 0.03499505245584895, 0.034994345820976165, 0.034994345820976165, 0.013492707962818436, 0.020777443756478758, 0.025278117605411137, 0.0011812577240799661, 0.034994345820976165, 0.034994345820976165, 0.034994345820976165, 0.034994345820976165, 0.00414291492840776, 0.034994345820976165, 0.034994345820976165, 0.034994345820976165, 0.034994345820976165, 0.01725536332888075, 0.00036703808038662426, 0.01615866419473294, 0.02402607391266935, 0.03499680266687678, 0.03339530748898361, 0.034994702302235295, 0.03499505245584895, 0.004422374747200849, 0.028080686990464183, 0.03499540261646988, 0.004597430134680809, 0.008574925615495454, 0.02218295093295044, 0.03499574897788673, 0.01843495754079989, 0.03252603211739161, 0.03499505245584895, 0.03499609914898088, 0.01889482970892244, 0.03009327454957524, 0.014872972517395612, 0.004743461379161288, 0.03499609914898088, 0.03499574897788673, 0.01239287997781647, 0.03499609914898088, 0.03499609914898088, 0.0, 0.03499609914898088, 0.033892000830498294, 0.03499574897788673, 0.0, 0.008543236299092446, 0.0, 0.03499609914898088, 0.027638736288736133, 0.0, 0.03499609914898088, 0.03500624966850442, 0.034966650403546164, 0.016491138464483336, 0.03499645146931628, 0.0056686586115991915, 0.03499645146931628, 0.004175570928175468, 0.0, 0.0005496490866337129, 0.03499645146931628, 0.015069467038924134, 0.029651124437133542, 0.034996801650943585, 0.004453817647565014, 0.020063607510601468, 0.034996801650943585, 0.034996801650943585, 0.034996801650943585, 0.018527689202613593, 0.03499610129469682, 0.034863415936200445, 0.020132791887270105, 0.019230835498944377, 0.014741876150893556, 0.030610731754807982, 0.003072206300506314, 0.034996801650943585, 0.008159345094918849, 0.03499610129469682, 0.012313741982409268, 0.006740954464437952, 0.006067224395405151, 0.03499715328933939, 0.013990108247866243, 0.03499715328933939, 0.03499645292605563, 0.034996803104193556, 0.030681644738443065, 0.0, 0.03499610275492541, 0.03494914306460812, 0.03499575259080267, 0.03499575259080267, 0.03499575259080267, 0.004355878741807666, 0.02444367658141722, 0.03207522708951192, 0.004245522871265334, 0.03499575259080267, 0.03499575259080267, 0.03499575259080267, 0.03499575259080267, 0.03499575259080267, 0.03499575259080267, 0.02257661215595045
ul_er:0.0, 0.0, 0.0, 0.0, 0.0, 0.0, 0.0, 0.0, 0.0, 0.0, 0.0, 0.0, 0.0, 0.0, 0.0, 0.0, 0.0, 0.0, 0.0, 0.0, 0.0, 0.0, 0.0, 0.0, 0.0, 0.0, 0.0, 0.0, 0.0, 0.0, 0.0, 0.0, 0.0, 0.0, 0.0, 0.0, 0.0, 0.0, 0.0, 0.0, 0.0, 0.0, 0.0, 0.0, 0.0, 0.0, 0.0, 0.0, 0.0, 0.0, 0.0, 0.0, 0.0, 0.0, 0.0, 0.0, 0.0, 0.0, 0.0, 0.0, 0.0, 0.0, 0.0, 0.0, 1.070620960156891e-06, 0.0, 0.0, 0.0, 0.0, 0.0, 0.0, 0.0, 0.0, 0.0, 0.0, 0.0, 0.0, 0.0, 0.0, 0.0, 0.0, 0.0, 0.0, 0.0, 0.0, 0.0, 0.0, 0.0, 0.0, 0.0, 0.0, 0.0, 0.0, 0.0, 0.0, 0.0, 0.0, 0.0, 0.0, 0.0, 0.0, 0.0, 1.4308298813311719e-06, 0.0, 0.0, 0.0, 0.0, 0.0, 0.0, 0.0, 0.0, 0.0, 0.0, 0.0, 0.0, 0.0, 0.0, 0.0, 0.0, 0.0, 0.0, 0.0, 0.0, 0.0, 0.0, 0.0, 0.0, 0.0, 0.0, 0.0, 0.0, 0.0, 0.0, 0.0, 0.0, 0.0, 0.0, 0.0, 0.0, 0.0, 0.0, 0.0, 0.0, 0.0, 0.0, 0.0, 0.0, 0.0, 0.0, 0.0, 0.0, 0.0, 0.0, 0.0, 0.0, 0.0, 0.0, 0.0, 0.0, 0.0, 0.0, 0.0, 0.0, 0.0, 0.0, 0.0, 0.0, 0.0, 0.0, 0.0, 0.0, 0.0, 0.0, 0.0, 0.0, 0.0, 0.0, 0.0, 0.0, 0.0, 0.0, 0.0, 0.0, 0.0, 0.0, 0.0, 0.0, 0.0, 0.0, 0.0, 0.0, 0.0, 0.0, 0.0, 0.0, 0.0, 0.0, 0.0, 0.0, 0.0
dl_er:0.0, 0.0, 0.0, 0.0, 0.0, 0.0, 0.0, 0.0, 0.0, 0.0, 0.0, 0.0, 0.0, 0.0, 0.0, 0.0, 0.0, 0.0, 0.0, 0.0, 0.0, 0.0, 0.0, 0.0, 0.0, 0.0, 0.0, 0.0, 0.0, 0.0, 0.0, 0.0, 0.0, 0.0, 0.0, 0.0, 0.0, 0.0, 0.0, 0.0, 0.0, 0.0, 0.0, 0.0, 0.0, 0.0, 0.0, 0.0, 0.0, 0.0, 0.0, 0.0, 0.0, 0.0, 0.0, 0.0, 0.0, 0.0, 0.0, 0.0, 0.0, 0.0, 0.0, 0.0, 0.0, 0.0, 0.0, 0.0, 0.0, 0.0, 0.0, 0.0, 0.0, 0.0, 0.0, 0.0, 0.0, 0.0, 0.0, 0.0, 0.0, 0.0, 0.0, 0.0, 0.0, 0.0, 0.0, 0.0, 0.0, 0.0, 0.0, 0.0, 0.0, 0.0, 0.0, 0.0, 0.0, 0.0, 0.0, 0.0, 0.0, 0.0, 0.0, 0.0, 0.0, 0.0, 0.0, 0.0, 0.0, 0.0, 0.0, 0.0, 0.0, 0.0, 0.0, 0.0, 0.0, 0.0, 0.0, 0.0, 0.0, 0.0, 0.0, 0.0, 0.0, 0.0, 0.0, 0.0, 0.0, 0.0, 0.0, 0.0, 0.0, 0.0, 0.0, 0.0, 0.0, 0.0, 0.0, 0.0, 0.0, 0.0, 0.0, 0.0, 0.0, 0.0, 0.0, 0.0, 0.0, 0.0, 0.0, 0.0, 0.0, 0.0, 0.0, 0.0, 0.0, 0.0, 0.0, 0.0, 0.0, 0.0, 0.0, 0.0, 0.0, 0.0, 0.0, 0.0, 0.0, 0.0, 0.0, 0.0, 0.0, 0.0, 0.0, 0.0, 0.0, 0.0, 0.0, 0.0, 0.0, 0.0, 0.0, 0.0, 0.0, 0.0, 0.0, 0.0, 0.0, 0.0, 0.0, 0.0, 0.0, 0.0, 0.0, 0.0, 0.0, 0.0, 0.0, 0.00025734926257229196
ul_er_ratio:0.0, 0.0, 0.0, 0.0, 0.0, 0.0, 0.0, 0.0, 0.0, 0.0, 0.0, 0.0, 0.0, 0.0, 0.0, 0.0, 0.0, 0.0, 0.0, 0.0, 0.0, 0.0, 0.0, 0.0, 0.0, 0.0, 0.0, 0.0, 0.0, 0.0, 0.0, 0.0, 0.0, 0.0, 0.0, 0.0, 0.0, 0.0, 0.0, 0.0, 0.0, 0.0, 0.0, 0.0, 0.0, 0.0, 0.0, 0.0, 0.0, 0.0, 0.0, 0.0, 0.0, 0.0, 0.0, 0.0, 0.0, 0.0, 0.0, 0.0, 0.0, 0.0, 0.0, 0.0, 4.2619870101944745e-05, 0.0, 0.0, 0.0, 0.0, 0.0, 0.0, 0.0, 0.0, 0.0, 0.0, 0.0, 0.0, 0.0, 0.0, 0.0, 0.0, 0.0, 0.0, 0.0, 0.0, 0.0, 0.0, 0.0, 0.0, 0.0, 0.0, 0.0, 0.0, 0.0, 0.0, 0.0, 0.0, 0.0, 0.0, 0.0, 0.0, 0.0, 5.1099038400658047e-05, 0.0, 0.0, 0.0, 0.0, 0.0, 0.0, 0.0, 0.0, 0.0, 0.0, 0.0, 0.0, 0.0, 0.0, 0.0, 0.0, 0.0, 0.0, 0.0, 0.0, 0.0, 0.0, 0.0, 0.0, 0.0, 0.0, 0.0, 0.0, 0.0, 0.0, 0.0, 0.0, 0.0, 0.0, 0.0, 0.0, 0.0, 0.0, 0.0, 0.0, 0.0, 0.0, 0.0, 0.0, 0.0, 0.0, 0.0, 0.0, 0.0, 0.0, 0.0, 0.0, 0.0, 0.0, 0.0, 0.0, 0.0, 0.0, 0.0, 0.0, 0.0, 0.0, 0.0, 0.0, 0.0, 0.0, 0.0, 0.0, 0.0, 0.0, 0.0, 0.0, 0.0, 0.0, 0.0, 0.0, 0.0, 0.0, 0.0, 0.0, 0.0, 0.0, 0.0, 0.0, 0.0, 0.0, 0.0, 0.0, 0.0, 0.0, 0.0, 0.0, 0.0, 0.0, 0.0, 0.0, 0.0
dl_er_ratio:0.0, 0.0, 0.0, 0.0, 0.0, 0.0, 0.0, 0.0, 0.0, 0.0, 0.0, 0.0, 0.0, 0.0, 0.0, 0.0, 0.0, 0.0, 0.0, 0.0, 0.0, 0.0, 0.0, 0.0, 0.0, 0.0, 0.0, 0.0, 0.0, 0.0, 0.0, 0.0, 0.0, 0.0, 0.0, 0.0, 0.0, 0.0, 0.0, 0.0, 0.0, 0.0, 0.0, 0.0, 0.0, 0.0, 0.0, 0.0, 0.0, 0.0, 0.0, 0.0, 0.0, 0.0, 0.0, 0.0, 0.0, 0.0, 0.0, 0.0, 0.0, 0.0, 0.0, 0.0, 0.0, 0.0, 0.0, 0.0, 0.0, 0.0, 0.0, 0.0, 0.0, 0.0, 0.0, 0.0, 0.0, 0.0, 0.0, 0.0, 0.0, 0.0, 0.0, 0.0, 0.0, 0.0, 0.0, 0.0, 0.0, 0.0, 0.0, 0.0, 0.0, 0.0, 0.0, 0.0, 0.0, 0.0, 0.0, 0.0, 0.0, 0.0, 0.0, 0.0, 0.0, 0.0, 0.0, 0.0, 0.0, 0.0, 0.0, 0.0, 0.0, 0.0, 0.0, 0.0, 0.0, 0.0, 0.0, 0.0, 0.0, 0.0, 0.0, 0.0, 0.0, 0.0, 0.0, 0.0, 0.0, 0.0, 0.0, 0.0, 0.0, 0.0, 0.0, 0.0, 0.0, 0.0, 0.0, 0.0, 0.0, 0.0, 0.0, 0.0, 0.0, 0.0, 0.0, 0.0, 0.0, 0.0, 0.0, 0.0, 0.0, 0.0, 0.0, 0.0, 0.0, 0.0, 0.0, 0.0, 0.0, 0.0, 0.0, 0.0, 0.0, 0.0, 0.0, 0.0, 0.0, 0.0, 0.0, 0.0, 0.0, 0.0, 0.0, 0.0, 0.0, 0.0, 0.0, 0.0, 0.0, 0.0, 0.0, 0.0, 0.0, 0.0, 0.0, 0.0, 0.0, 0.0, 0.0, 0.0, 0.0, 0.0, 0.0, 0.0, 0.0, 0.0, 0.0, 0.011270460602755163
ul_er_perc:0.0, 0.0, 0.0, 0.0, 0.0, 0.0, 0.0, 0.0, 0.0, 0.0, 0.0, 0.0, 0.0, 0.0, 0.0, 0.0, 0.0, 0.0, 0.0, 0.0, 0.0, 0.0, 0.0, 0.0, 0.0, 0.0, 0.0, 0.0, 0.0, 0.0, 0.0, 0.0, 0.0, 0.0, 0.0, 0.0, 0.0, 0.0, 0.0, 0.0, 0.0, 0.0, 0.0, 0.0, 0.0, 0.0, 0.0, 0.0, 0.0, 0.0, 0.0, 0.0, 0.0, 0.0, 0.0, 0.0, 0.0, 0.0, 0.0, 0.0, 0.0, 0.0, 0.0, 0.0, 0.004261987010194475, 0.0, 0.0, 0.0, 0.0, 0.0, 0.0, 0.0, 0.0, 0.0, 0.0, 0.0, 0.0, 0.0, 0.0, 0.0, 0.0, 0.0, 0.0, 0.0, 0.0, 0.0, 0.0, 0.0, 0.0, 0.0, 0.0, 0.0, 0.0, 0.0, 0.0, 0.0, 0.0, 0.0, 0.0, 0.0, 0.0, 0.0, 0.005109903840065805, 0.0, 0.0, 0.0, 0.0, 0.0, 0.0, 0.0, 0.0, 0.0, 0.0, 0.0, 0.0, 0.0, 0.0, 0.0, 0.0, 0.0, 0.0, 0.0, 0.0, 0.0, 0.0, 0.0, 0.0, 0.0, 0.0, 0.0, 0.0, 0.0, 0.0, 0.0, 0.0, 0.0, 0.0, 0.0, 0.0, 0.0, 0.0, 0.0, 0.0, 0.0, 0.0, 0.0, 0.0, 0.0, 0.0, 0.0, 0.0, 0.0, 0.0, 0.0, 0.0, 0.0, 0.0, 0.0, 0.0, 0.0, 0.0, 0.0, 0.0, 0.0, 0.0, 0.0, 0.0, 0.0, 0.0, 0.0, 0.0, 0.0, 0.0, 0.0, 0.0, 0.0, 0.0, 0.0, 0.0, 0.0, 0.0, 0.0, 0.0, 0.0, 0.0, 0.0, 0.0, 0.0, 0.0, 0.0, 0.0, 0.0, 0.0, 0.0, 0.0, 0.0, 0.0, 0.0, 0.0, 0.0
dl_er_perc:0.0, 0.0, 0.0, 0.0, 0.0, 0.0, 0.0, 0.0, 0.0, 0.0, 0.0, 0.0, 0.0, 0.0, 0.0, 0.0, 0.0, 0.0, 0.0, 0.0, 0.0, 0.0, 0.0, 0.0, 0.0, 0.0, 0.0, 0.0, 0.0, 0.0, 0.0, 0.0, 0.0, 0.0, 0.0, 0.0, 0.0, 0.0, 0.0, 0.0, 0.0, 0.0, 0.0, 0.0, 0.0, 0.0, 0.0, 0.0, 0.0, 0.0, 0.0, 0.0, 0.0, 0.0, 0.0, 0.0, 0.0, 0.0, 0.0, 0.0, 0.0, 0.0, 0.0, 0.0, 0.0, 0.0, 0.0, 0.0, 0.0, 0.0, 0.0, 0.0, 0.0, 0.0, 0.0, 0.0, 0.0, 0.0, 0.0, 0.0, 0.0, 0.0, 0.0, 0.0, 0.0, 0.0, 0.0, 0.0, 0.0, 0.0, 0.0, 0.0, 0.0, 0.0, 0.0, 0.0, 0.0, 0.0, 0.0, 0.0, 0.0, 0.0, 0.0, 0.0, 0.0, 0.0, 0.0, 0.0, 0.0, 0.0, 0.0, 0.0, 0.0, 0.0, 0.0, 0.0, 0.0, 0.0, 0.0, 0.0, 0.0, 0.0, 0.0, 0.0, 0.0, 0.0, 0.0, 0.0, 0.0, 0.0, 0.0, 0.0, 0.0, 0.0, 0.0, 0.0, 0.0, 0.0, 0.0, 0.0, 0.0, 0.0, 0.0, 0.0, 0.0, 0.0, 0.0, 0.0, 0.0, 0.0, 0.0, 0.0, 0.0, 0.0, 0.0, 0.0, 0.0, 0.0, 0.0, 0.0, 0.0, 0.0, 0.0, 0.0, 0.0, 0.0, 0.0, 0.0, 0.0, 0.0, 0.0, 0.0, 0.0, 0.0, 0.0, 0.0, 0.0, 0.0, 0.0, 0.0, 0.0, 0.0, 0.0, 0.0, 0.0, 0.0, 0.0, 0.0, 0.0, 0.0, 0.0, 0.0, 0.0, 0.0, 0.0, 0.0, 0.0, 0.0, 0.0, 1.1270460602755163
ul_l:0.0002758142808438894, 0.019082301359027238, 0.0, 0.6446644211199375, 0.0003224440371805647, 0.0008048556980278559, 0.00032722644252366367, 0.0, 0.0, 0.0, 0.0, 0.0, 0.050406519495047125, 0.0001820295412513383, 0.0, 0.0004331715441295951, 0.004455488822350963, 0.0, 0.0, 0.0, 0.0006104129115777151, 0.0002457008611134458, 0.0, 0.0, 0.0, 0.0, 0.0, 0.0, 0.0, 0.0, 0.0, 0.0, 4.767413470612956e-05, 0.0, 0.0036697663181625346, 0.0, 0.0, 0.0061705506258880145, 0.0, 0.0009367912191521083, 0.0, 0.0012838255317023876, 0.0, 0.0, 0.0013056677365261852, 0.02804652708873646, 0.00022223264285228285, 0.0, 0.0, 0.0, 0.0005648371630295572, 0.0, 0.03113161929873727, 0.023674563711726805, 0.033731559240836685, 0.002962829902676552, 0.0, 0.0, 0.0, 0.0, 0.0, 0.0, 0.0006195424235106362, 0.0008921853931990554, 0.5415317885608983, 0.0, 0.0, 0.0, 0.0006257563183668365, 0.0, 0.0, 0.002563593850492286, 0.0, 0.0018840339525149337, 0.0, 0.0007639490210239836, 0.0, 0.0046953721120720025, 0.0, 0.0, 0.0, 0.0, 0.0, 0.0, 0.001741230735804767, 0.0, 0.0026560407805767345, 0.0, 0.0025584369754177425, 0.0, 0.004332303200635375, 0.0020570828454143405, 0.0025587663086420126, 0.0, 0.0, 0.0, 0.0, 0.0019297501665485979, 0.003044161246417922, 0.0001433043996187789, 0.002174910878929779, 0.0, 0.07434853568321727, 0.0011083480325628865, 0.0, 0.002246729587541774, 0.0, 0.0, 0.0, 0.0, 0.0031763043427928198, 0.0, 8.965771002181264e-06, 0.008446656775754697, 0.0, 0.0, 0.7865162894940926, 0.0, 0.0, 0.0, 0.00047086230426155693, 0.0, 0.0, 0.00025650480477681833, 0.0013260593808002883, 0.0, 0.0, 0.0, 0.0, 0.0017978860875323948, 0.0019014071852271365, 0.0, 0.0004499562066150352, 0.003858155446676473, 0.0, 0.0005332396467995478, 0.03460978505806084, 0.0005318407602631579, 0.0, 0.0, 0.0, 0.0016621159574320334, 0.0, 0.0, 1.7367886386695886e-05, 0.013312509219754656, 0.0, 0.0, 0.0, 0.0, 0.00025676589170794186, 0.0, 0.0, 0.0, 0.0021034643738890722, 0.0, 0.0, 0.0, 0.0, 0.0, 0.005601265056122797, 0.002608306701900178, 0.013412281263345273, 0.0, 0.000279747042223334, 0.0, 0.0, 0.0, 0.0, 0.0, 0.0, 0.04313204142425103, 0.0, 0.009248393515892536, 0.0, 0.0, 0.0, 0.009263628450224139, 0.0, 6.402859745141988e-05, 0.0, 0.0007278895615815648, 0.0, 0.0, 0.0015636054481654174, 0.0, 0.0015422360750485282, 0.001547284802789618, 0.027222288016478555, 0.0, 0.0, 0.0, 0.0, 0.0008728531097976827, 0.0004317270684376939, 0.0017695773900272156, 0.0008759067589221748, 0.013648408235329491, 0.0004317274499959977, 0.0
dl_l:0.00041455263931080026, 0.0004144789816163375, 0.00034850953776227974, 0.0004146176118588781, 0.00041607171339076666, 0.00041607171339076666, 0.00041607171339076666, 0.00080220595312081, 0.0018791157766214403, 0.0, 0.006220328469601369, 1.35970542239702, 0.00041607171339076666, 0.0004144831288530233, 0.00018655433915370915, 0.00041607171339076666, 0.00041607171339076666, 0.000484570485937844, 0.0034889313064907644, 0.003894249329486102, 0.00041607171339076666, 0.00041607171339076666, 0.0004274981903854236, 0.00013704942963318727, 0.0001435550267320392, 0.00016659772525764942, 0.00025501448134017727, 0.0002140474657751496, 0.18338819807608214, 0.00045601381828360446, 0.006745771051409815, 0.00028593065845890616, 0.00041441124322406995, 0.18269557139530226, 0.00041441124322406995, 0.006863724616460711, 0.0019283238161623745, 0.00041441124322406995, 0.0002845973046456945, 0.00041441124322406995, 0.0023088602621710586, 0.00041441124322406995, 0.05130362077981429, 0.0005606057875928038, 0.00041441124322406995, 0.00041441124322406995, 0.0004144831288530233, 8.506178446999259e-05, 0.0016790917798993417, 0.0005064043177182766, 0.00041441124322406995, 0.0030592102805317087, 0.00041441124322406995, 0.00041441124322406995, 0.00041441124322406995, 0.00041441124322406995, 0.0010420020467180964, 0.008185411473804544, 0.007719506763127614, 2.437259549338617e-05, 0.0, 0.02652936878180445, 0.00041517730972063794, 0.00041517730972063794, 0.00041517730972063794, 0.0069161372013407775, 0.003910915044687919, 0.00022123121825058537, 0.0004144831288530233, 0.0008378399685387525, 0.001820424021423426, 0.00041517730972063794, 0.00021402748437793925, 0.0004151731555796804, 0.0028403384457735483, 0.0004151731555796804, 0.02872202751105241, 0.00041517730972063794, 0.00041517730972063794, 0.004856706301175694, 0.07861972693270998, 8.267718759192739e-05, 0.0020840853744944618, 0.00028971654926257225, 0.00041517730972063794, 0.007620146072147846, 0.0004145226383902664, 0.0004145226383902664, 0.0004145226383902664, 0.0, 0.0004144831288530233, 0.0004145226383902664, 0.0004145226383902664, 1.1760757111337616, 0.0026777572573182446, 0.0003004168771107242, 0.016822845427142744, 0.0004145226383902664, 0.0004145226383902664, 0.0004145226383902664, 0.0004145226383902664, 0.012634341436113306, 0.0004145226383902664, 0.0004145226383902664, 0.0004145226383902664, 0.0004145226383902664, 0.00044916237793920475, 4.485567072902283e-06, 0.00018829804957575395, 0.0006222275493766384, 0.0013377200363200658, 0.0023021629034970285, 0.0004144789816163375, 0.0004144831288530233, 0.000592873712276243, 0.0003323434707941845, 0.0004144872761727037, 0.007949716708703224, 0.0005456182507969861, 0.3872854078354519, 0.0004137802398429057, 0.00022041340216632144, 0.057388953082559355, 0.0004144831288530233, 0.00041378438017090425, 0.00022434575312740772, 0.13226750992910377, 0.0012401345293559071, 0.0010406029285454127, 0.00041378438017090425, 0.0004137802398429057, 0.0013186031474619517, 0.00041378438017090425, 0.00041378438017090425, 0.0, 0.00041378438017090425, 0.0005265519140874525, 0.0004137802398429057, 0.0, 0.0005278438392539448, 0.0, 0.00041378438017090425, 0.0003268824009125566, 0.0, 0.00041378438017090425, 0.5680306948910469, 0.01906811830083651, 2.2754279669802497, 0.0004141223910025115, 0.00046279631277992356, 0.0004141223910025115, 0.0027751963786297506, 0.0, 0.00620297441198543, 0.0004141223910025115, 0.0015387738748564108, 0.004724612304082367, 0.00041412653479557324, 5.179631221945386e-05, 0.002504628006047689, 0.00041412653479557324, 0.00041412653479557324, 0.00041412653479557324, 0.00021794414656140244, 0.0004141182472923754, 0.014760481356844244, 0.0002392005639446457, 0.004161832971947449, 0.0016567802200834517, 0.23962191374053413, 0.0011330438280083652, 0.00041412653479557324, 0.0005799973590035822, 0.0004141182472923754, 0.00014521678499684808, 0.00044589261550161103, 0.00044314177152034265, 0.0004146342068522484, 0.0015371974780880719, 0.0004146342068522484, 0.00041462590918951367, 0.00041463005797936743, 0.004926523760763458, 0.0, 0.0004146217604826848, 0.03775146155466125, 0.0004146176118588781, 0.0004146176118588781, 0.0004146176118588781, 0.0009708875653495563, 0.001092075295167197, 0.7589735879129416, 0.0005743289652448421, 0.0004146176118588781, 0.0004146176118588781, 0.0004146176118588781, 0.0004146176118588781, 0.0004146176118588781, 0.0004146176118588781, 1.2563123644504153
ul_il:0.006343463244052551, 2.4042790103961496, 0.0, 1.8286963469288586, 0.0010012999605221028, 0.4504315479478098, 0.3142283294575754, 0.0, 0.0, 0.0, 0.0, 0.0, 4.408627334158663, 0.6960196532931828, 0.0, 4.885659517272147, 3.0976462316212006, 0.0, 0.0, 0.0, 5.433240402470182, 0.0007606572544775972, 0.0, 0.0, 0.0, 0.0, 0.0, 0.0, 0.0, 0.0, 0.0, 0.0, 0.0001512734220848092, 0.0, 3.285259607712393, 0.0, 0.0, 1.4285216739542634, 0.0, 4.089707157236407, 0.0, 4.179926089848232, 0.0, 0.0, 5.310694645857877, 1.3640492538572373, 0.0006928363107683533, 0.0, 0.0, 0.0, 5.431763241096916, 0.0, 5.193711631926497, 2.126362099378029, 0.18876231894541837, 1.8291048516082757, 0.0, 0.0, 0.0, 0.0, 0.0, 0.0, 1.0316174137178062, 0.8476493416762272, 1.9414000825213413, 0.0, 0.0, 0.0, 5.299020894771795, 0.0, 0.0, 0.5085187653618067, 0.0, 0.500542430585791, 0.0, 5.689066477133715, 0.0, 0.007610761923225471, 0.0, 0.0, 0.0, 0.0, 0.0, 0.0, 0.001820877259839707, 0.0, 0.005886367207877569, 0.0, 0.0025857671704728746, 0.0, 2.6696473832526295, 0.0020754712964309303, 0.0025858707942296535, 0.0, 0.0, 0.0, 0.0, 0.001950855862262112, 0.005663789941789237, 0.00014554630051529888, 0.002656272841784235, 0.0, 0.2947501233048898, 0.0011083480325628865, 0.0, 0.0022467345638400274, 0.0, 0.0, 0.0, 0.0, 0.003176327427791119, 0.0, 2.7722006273638713e-05, 3.0206684446973715, 0.0, 0.0, 1.1602428793645438, 0.0, 0.0, 0.0, 5.2197455196626175, 0.0, 0.0, 0.0007984675645781009, 4.203776131780126, 0.0, 0.0, 0.0, 0.0, 3.3602719731353727, 5.408599419309306, 0.0, 5.230736890888762, 3.2149030411304893, 0.0, 4.550423416218633, 0.8105644031184912, 4.82514509798415, 0.0, 0.0, 0.0, 5.390099379724952, 0.0, 0.0, 0.28303668099540724, 1.893316580872715, 0.0, 0.0, 0.0, 0.0, 0.0007957234562182932, 0.0, 0.0, 0.0, 3.7685033177728013, 0.0, 0.0, 0.0, 0.0, 0.0, 2.9060589587005543, 3.3103023697042673, 0.40497530896155615, 0.0, 0.0008717778509905944, 0.0, 0.0, 0.0, 0.0, 0.0, 0.0, 5.392979779568763, 0.0, 2.6232175144235748, 0.0, 0.0, 0.0, 2.4594741638164863, 0.0, 0.0002004851349936961, 0.0, 5.427611677432844, 0.0, 0.0, 3.725528070463043, 0.0, 3.952484490364101, 5.362875959141272, 2.794558294868234, 0.0, 0.0, 0.0, 0.0, 4.729222351202208, 4.9347834818920076, 5.396092397069009, 5.213741108350104, 1.7177787884813192, 4.949681666875297, 0.0
dl_il:0.0012894340868163537, 0.0012893844531628347, 0.001084399061061026, 0.0012895153346390905, 0.0012909790386574213, 0.0012909790386574213, 0.0012909790386574213, 4.39023541620826, 3.6041943105221734, 0.0, 0.18061793310883809, 1.3603662728694894, 0.0012909790386574213, 0.0012893973546192255, 0.0005863130528906766, 0.0012909790386574213, 0.0012909790386574213, 5.228413442229473, 2.0035286464804987, 2.515925297108193, 0.0012909790386574213, 0.0012909790386574213, 5.065316201451822, 0.0004182142431510276, 0.0004438707768361017, 0.0005138654189279782, 0.0007900094226451342, 0.0006703599101278741, 1.3020924767208981, 5.272159933423726, 2.494538955118839, 0.0008902240436202997, 0.001289448673370555, 0.24706676411022893, 0.001289448673370555, 1.8679668609176712, 2.8580974139208393, 0.001289448673370555, 0.0008868081023793801, 0.001289448673370555, 0.0030070148632206683, 0.001289448673370555, 0.0713376574548288, 4.771847700561725, 0.001289448673370555, 0.001289448673370555, 0.0012893973546192255, 0.00026437067652238303, 3.726385471540103, 4.6363222827529365, 0.001289448673370555, 5.367330594375577, 0.001289448673370555, 0.001289448673370555, 0.001289448673370555, 0.001289448673370555, 3.75946148337942, 0.008789023630787164, 1.3215741000729926, 7.414137981529287e-05, 0.0, 1.344921873199751, 0.0012902369485351503, 0.0012902369485351503, 0.0012902369485351503, 0.562082202306758, 2.87666974653435, 0.0006863223448650217, 0.0012893973546192255, 4.177644132032358, 4.181512713872866, 0.0012902369485351503, 0.0006648976654709733, 0.00129022403880712, 0.0037438475812371173, 0.00129022403880712, 1.7947672883872645, 0.0012902369485351503, 0.0012902369485351503, 0.005776728435742089, 5.164341301015639, 0.00025819065413285573, 2.901000681976756, 0.000898731211937924, 0.0012902369485351503, 0.031134721837245607, 0.0012893340455774349, 0.0012893340455774349, 0.0012893340455774349, 0.0, 0.0012893973546192255, 0.0012893340455774349, 0.0012893340455774349, 1.1764130229167968, 2.4963306119674513, 0.0009323256790998779, 1.959264991575114, 0.0012893340455774349, 0.0012893340455774349, 0.0012893340455774349, 0.0012893340455774349, 5.446306888384236, 0.0012893340455774349, 0.0012893340455774349, 0.0012893340455774349, 0.0012893340455774349, 2.979959033198035, 1.3661259140301374e-05, 0.000592220240565528, 0.0011172039620339796, 0.0018565732030517703, 0.00240991232951712, 0.0012893844531628347, 0.0012893973546192255, 5.4171946079399556, 0.0010343960085802339, 0.0012894102563338005, 5.2715559865482, 4.832034477694604, 0.3878400330740687, 0.0012886277219731838, 0.0006812663883068672, 0.2479643549456819, 0.0012893973546192255, 0.0012886406161158306, 0.000696684727568817, 0.16555383834956827, 3.481374219967791, 5.3107560358938155, 0.0012886406161158306, 0.0012886277219731838, 4.082563905677393, 0.0012886406161158306, 0.0012886406161158306, 0.0, 0.0012886406161158306, 0.001374655672808685, 0.0012886277219731838, 0.0, 4.686583963620989, 0.0, 0.0012886406161158306, 0.0010177971059346202, 0.0, 0.0012886406161158306, 0.6085584138194434, 0.02015044683090185, 2.2758402174038364, 0.0012889612930387538, 5.146708948711422, 0.0012889612930387538, 5.389491873374112, 0.0, 0.6787449047509456, 0.0012889612930387538, 3.3539448928528994, 1.6345318439300796, 0.001288974190648202, 0.00016313280511612085, 2.637530857134372, 0.001288974190648202, 0.001288974190648202, 0.001288974190648202, 0.0006810879744544173, 0.0012889483956874126, 0.14000568730824112, 0.0007424681186885869, 2.7924371671991977, 3.593856547811253, 0.674343583025686, 2.933488567817667, 0.001288974190648202, 4.751632728586493, 0.0012889483956874126, 0.0004530520264061077, 5.004827172276611, 5.179347235852348, 0.0012895669472522964, 3.832155346999229, 0.0012895669472522964, 0.0012895411404292574, 0.001289554043711664, 0.9981674624666799, 0.0, 0.0012895282374050688, 0.05303093738449685, 0.0012895153346390905, 0.0012895153346390905, 0.0012895153346390905, 5.467525635099399, 0.001802971539432871, 1.0652825758355344, 5.483564875332813, 0.0012895153346390905, 0.0012895153346390905, 0.0012895153346390905, 0.0012895153346390905, 0.0012895153346390905, 0.0012895153346390905, 1.3498418579522624
sinr_ul:0.00063231,0.00323875,0.00352208,0.00325203,0.01279637,0.01628139,0.01782615,0.0179217 ,0.02620445,0.0180077 ,0.0167239 ,0.01783518,0.01473154,0.01376592,0.0172278 ,0.00699953,0.01560078,0.02755746,0.02508375,0.02200519,0.02100197,0.0244849 ,0.01165415,0.00979814,0.00894621,0.00702806,0.00593098,0.00071265,0.        ,0.00015128,0.00076542,0.00065086,0.00047429,0.00032885,0.00040987,0.00027737,0.000344  ,0.00020474,0.00014153,0.00015861
sinr_ul_bin_edges:-49.80751  ,-47.2478565,-44.688203 ,-42.1285495,-39.568896 ,-37.0092425,-34.449589 ,-31.8899355,-29.330282 ,-26.7706285,-24.210975 ,-21.6513215,-19.091668 ,-16.5320145,-13.972361 ,-11.4127075, -8.853054 , -6.2934005, -3.733747 , -1.1740935,  1.38556  ,  3.9452135,  6.504867 ,  9.0645205, 11.624174 , 14.1838275, 16.743481 , 19.3031345, 21.862788 , 24.4224415, 26.982095 , 29.5417485, 32.101402 , 34.6610555, 37.220709 , 39.7803625, 42.340016 , 44.8996695, 47.459323 , 50.0189765, 52.57863  
sinr_dl:6.25177715e-04,3.18781029e-03,3.43358411e-03,3.46860260e-03,1.19761424e-02,1.29169497e-02,1.91013278e-02,2.62530339e-02,3.13640016e-02,2.43683987e-02,1.91026367e-02,1.45198863e-02,1.48308441e-02,1.70185835e-02,9.76389611e-03,1.27443945e-02,2.02433857e-02,2.64551906e-02,2.54657320e-02,2.15937019e-02,2.34350825e-02,1.77742902e-02,9.53411118e-03,1.26012597e-02,4.86992618e-03,7.92477092e-03,3.87392299e-03,3.34477931e-05,0.00000000e+00,4.02642157e-04,7.73689138e-04,5.67565351e-04,4.19376122e-04,3.41827988e-04,4.03447643e-04,2.76603784e-04,3.38706731e-04,2.03989250e-04,1.36852018e-04,1.60392337e-04
sinr_dl_bin_edges:-16.806427  ,-14.32198695,-11.8375469 , -9.35310685, -6.8686668 , -4.38422675, -1.8997867 ,  0.58465335,  3.0690934 ,  5.55353345,  8.0379735 , 10.52241355, 13.0068536 , 15.49129365, 17.9757337 , 20.46017375, 22.9446138 , 25.42905385, 27.9134939 , 30.39793395, 32.882374  , 35.36681405, 37.8512541 , 40.33569415, 42.8201342 , 45.30457425, 47.7890143 , 50.27345435, 52.7578944 , 55.24233445, 57.7267745 , 60.21121455, 62.6956546 , 65.18009465, 67.6645347 , 70.14897475, 72.6334148 , 75.11785485, 77.6022949 , 80.08673495, 82.571175  
rsrp_ul:0.00063283,0.00317386,0.00330957,0.00337511,0.01235201,0.01620911,0.01810883,0.01807879,0.02551592,0.01861137,0.01658951,0.01801411,0.01453201,0.01403706,0.01646348,0.0075802 ,0.01570546,0.02674213,0.02479101,0.02248277,0.02146   ,0.02393255,0.01231654,0.0096705 ,0.00864677,0.00755603,0.00562749,0.0005543 ,0.        ,0.00014779,0.00076032,0.00065319,0.0004745 ,0.00032728,0.00040844,0.00027969,0.00034455,0.00020495,0.00014049,0.00015852
rsrp_ul_bin_edges:-131.30588 ,-128.741574,-126.177268,-123.612962,-121.048656,-118.48435 ,-115.920044,-113.355738,-110.791432,-108.227126,-105.66282 ,-103.098514,-100.534208, -97.969902, -95.405596, -92.84129 , -90.276984, -87.712678, -85.148372, -82.584066, -80.01976 , -77.455454, -74.891148, -72.326842, -69.762536, -67.19823 , -64.633924, -62.069618, -59.505312, -56.941006, -54.3767  , -51.812394, -49.248088, -46.683782, -44.119476, -41.55517 , -38.990864, -36.426558, -33.862252, -31.297946, -28.73364 
rsrp_dl:6.25619691e-04,2.94830766e-03,3.56345547e-03,3.44736027e-03,1.16590659e-02,1.25968925e-02,1.96494149e-02,2.57646132e-02,3.18584858e-02,2.41509783e-02,1.91999479e-02,1.44773695e-02,1.46230915e-02,1.67553761e-02,1.00646261e-02,1.26931494e-02,2.04126765e-02,2.49257771e-02,2.71573737e-02,2.14428807e-02,2.34872498e-02,1.72757342e-02,9.85830388e-03,1.24372817e-02,4.87702367e-03,8.20233925e-03,3.55254140e-03,2.99684816e-05,0.00000000e+00,3.96363821e-04,7.71743676e-04,5.69421251e-04,4.17890477e-04,3.41592452e-04,4.03901166e-04,2.77092882e-04,3.39280999e-04,2.03709297e-04,1.36295288e-04,1.60294192e-04
rsrp_dl_bin_edges:-125.28528   ,-122.79619768,-120.30711535,-117.81803303,-115.3289507 ,-112.83986837,-110.35078605,-107.86170372,-105.3726214 ,-102.88353908,-100.39445675, -97.90537442, -95.4162921 , -92.92720977, -90.43812745, -87.94904512, -85.4599628 , -82.97088048, -80.48179815, -77.99271583, -75.5036335 , -73.01455118, -70.52546885, -68.03638652, -65.5473042 , -63.05822188, -60.56913955, -58.08005723, -55.5909749 , -53.10189257, -50.61281025, -48.12372792, -45.6346456 , -43.14556328, -40.65648095, -38.16739863, -35.6783163 , -33.18923397, -30.70015165, -28.21106932, -25.721987  
cqi_ul:1.66012666e+00,0.00000000e+00,1.23986188e-01,0.00000000e+00,0.00000000e+00,1.60295201e-01,0.00000000e+00,0.00000000e+00,1.41853658e-01,0.00000000e+00,1.18800062e-01,0.00000000e+00,0.00000000e+00,1.20892096e-01,0.00000000e+00,0.00000000e+00,5.56254718e-02,0.00000000e+00,5.49022453e-02,0.00000000e+00,0.00000000e+00,5.04262722e-02,0.00000000e+00,0.00000000e+00,4.24106117e-02,0.00000000e+00,2.91609310e-02,0.00000000e+00,0.00000000e+00,3.66989766e-02,0.00000000e+00,0.00000000e+00,3.57991125e-02,0.00000000e+00,8.86336050e-03,0.00000000e+00,0.00000000e+00,1.58893708e-04,0.00000000e+00,2.66669268e-02
cqi_ul_bin_edges: 0.   , 0.375, 0.75 , 1.125, 1.5  , 1.875, 2.25 , 2.625, 3.   , 3.375, 3.75 , 4.125, 4.5  , 4.875, 5.25 , 5.625, 6.   , 6.375, 6.75 , 7.125, 7.5  , 7.875, 8.25 , 8.625, 9.   , 9.375, 9.75 ,10.125,10.5  ,10.875,11.25 ,11.625,12.   ,12.375,12.75 ,13.125,13.5  ,13.875,14.25 ,14.625,15.   
cqi_dl:0.1534224 ,0.        ,0.06410449,0.        ,0.        ,0.12239743,0.        ,0.        ,0.15437723,0.        ,0.15382451,0.        ,0.        ,0.15841121,0.        ,0.        ,0.09204992,0.        ,0.09541057,0.        ,0.        ,0.06830471,0.        ,0.        ,0.05954274,0.        ,0.07376913,0.        ,0.        ,0.08985169,0.        ,0.        ,0.08492358,0.        ,0.03566851,0.        ,0.        ,0.03620737,0.        ,1.22440119
cqi_dl_bin_edges: 0.   , 0.375, 0.75 , 1.125, 1.5  , 1.875, 2.25 , 2.625, 3.   , 3.375, 3.75 , 4.125, 4.5  , 4.875, 5.25 , 5.625, 6.   , 6.375, 6.75 , 7.125, 7.5  , 7.875, 8.25 , 8.625, 9.   , 9.375, 9.75 ,10.125,10.5  ,10.875,11.25 ,11.625,12.   ,12.375,12.75 ,13.125,13.5  ,13.875,14.25 ,14.625,15.   
mcs_ul:1.01668102e+00,2.49661524e-02,4.51897935e-02,0.00000000e+00,3.08032376e-02,3.39539529e-02,0.00000000e+00,2.96889376e-02,3.48085998e-02,0.00000000e+00,2.99550231e-02,2.14369996e-02,1.08992850e-04,0.00000000e+00,8.25336742e-03,1.76722794e-02,0.00000000e+00,1.17396377e-02,9.64954796e-03,0.00000000e+00,1.73645264e-02,1.31586174e-02,0.00000000e+00,0.00000000e+00,9.56135309e-03,7.44446180e-03,0.00000000e+00,8.17746552e-03,5.50403172e-03,0.00000000e+00,1.41561343e-02,9.80335296e-03,9.37474304e-03,0.00000000e+00,3.76586378e-03,9.82365064e-04,0.00000000e+00,5.43177482e-05,3.08038809e-05,1.42858537e-02
mcs_ul_bin_edges: 0. , 0.7, 1.4, 2.1, 2.8, 3.5, 4.2, 4.9, 5.6, 6.3, 7. , 7.7, 8.4, 9.1, 9.8,10.5,11.2,11.9,12.6,13.3,14. ,14.7,15.4,16.1,16.8,17.5,18.2,18.9,19.6,20.3,21. ,21.7,22.4,23.1,23.8,24.5,25.2,25.9,26.6,27.3,28. 
mcs_dl:1.57692268e-01,2.44100472e-02,3.85758350e-02,0.00000000e+00,4.41262532e-02,4.06998741e-02,0.00000000e+00,4.17061108e-02,4.74236275e-02,0.00000000e+00,3.74395216e-02,2.27630753e-02,2.99105073e-04,0.00000000e+00,2.62502760e-02,2.65033539e-02,0.00000000e+00,2.46094506e-02,2.26154883e-02,0.00000000e+00,1.39763189e-02,1.22571615e-02,0.00000000e+00,0.00000000e+00,1.96407329e-02,1.68526590e-02,0.00000000e+00,2.26665184e-02,2.33827267e-02,0.00000000e+00,2.47521062e-02,2.20104884e-02,2.34842866e-02,0.00000000e+00,1.08216716e-02,8.28646127e-03,0.00000000e+00,4.32826840e-03,1.50638892e-02,6.55933852e-01
mcs_dl_bin_edges: 0. , 0.7, 1.4, 2.1, 2.8, 3.5, 4.2, 4.9, 5.6, 6.3, 7. , 7.7, 8.4, 9.1, 9.8,10.5,11.2,11.9,12.6,13.3,14. ,14.7,15.4,16.1,16.8,17.5,18.2,18.9,19.6,20.3,21. ,21.7,22.4,23.1,23.8,24.5,25.2,25.9,26.6,27.3,28. 
eff_ul:4.48311469e+00,6.41840968e-01,3.53646922e-01,1.55275081e-01,1.71157423e-01,1.49658041e-01,1.75465586e-01,1.50999343e-01,1.08061103e-01,4.21535614e-02,8.90836425e-02,0.00000000e+00,5.91779741e-02,4.86421057e-02,0.00000000e+00,8.75323003e-02,0.00000000e+00,6.63308647e-02,4.81975269e-02,3.75265555e-02,0.00000000e+00,4.12215312e-02,0.00000000e+00,2.77451020e-02,0.00000000e+00,7.13592163e-02,0.00000000e+00,0.00000000e+00,4.94174165e-02,0.00000000e+00,4.72568501e-02,0.00000000e+00,1.89832254e-02,0.00000000e+00,4.95197345e-03,0.00000000e+00,2.73808644e-04,0.00000000e+00,1.55278323e-04,7.20131146e-02
eff_ul_bin_edges:0.        ,0.13886495,0.2777299 ,0.41659485,0.5554598 ,0.69432475,0.8331897 ,0.97205465,1.1109196 ,1.24978455,1.3886495 ,1.52751445,1.6663794 ,1.80524435,1.9441093 ,2.08297425,2.2218392 ,2.36070415,2.4995691 ,2.63843405,2.777299  ,2.91616395,3.0550289 ,3.19389385,3.3327588 ,3.47162375,3.6104887 ,3.74935365,3.8882186 ,4.02708355,4.1659485 ,4.30481345,4.4436784 ,4.58254335,4.7214083 ,4.86027325,4.9991382 ,5.13800315,5.2768681 ,5.41573305,5.554598  
eff_dl:0.41431189,0.38059415,0.31750357,0.22243465,0.20516273,0.21023503,0.23905629,0.18872772,0.11474568,0.13383195,0.13359993,0.        ,0.12405301,0.11400171,0.        ,0.07045279,0.        ,0.06178674,0.09900636,0.08495204,0.        ,0.11425895,0.        ,0.11786926,0.        ,0.12477212,0.        ,0.        ,0.11095199,0.        ,0.11838121,0.        ,0.05455063,0.        ,0.04177096,0.        ,0.02181823,0.        ,0.07593509,3.30647652
eff_dl_bin_edges:0.        ,0.13886495,0.2777299 ,0.41659485,0.5554598 ,0.69432475,0.8331897 ,0.97205465,1.1109196 ,1.24978455,1.3886495 ,1.52751445,1.6663794 ,1.80524435,1.9441093 ,2.08297425,2.2218392 ,2.36070415,2.4995691 ,2.63843405,2.777299  ,2.91616395,3.0550289 ,3.19389385,3.3327588 ,3.47162375,3.6104887 ,3.74935365,3.8882186 ,4.02708355,4.1659485 ,4.30481345,4.4436784 ,4.58254335,4.7214083 ,4.86027325,4.9991382 ,5.13800315,5.2768681 ,5.41573305,5.554598  
rul:1.07405195e+01,1.46266667e-01,2.40284983e-02,3.83190017e-02,2.21186039e-03,1.05112692e-03,3.50740994e-04,6.74628381e-04,2.92649517e-04,2.65795910e-04,1.30431807e-04,4.93229523e-06,3.83622962e-06,2.74016402e-06,4.38426243e-06,1.04126233e-05,3.28819682e-05,4.38426243e-06,0.00000000e+00,2.19213121e-06,1.09606561e-06,5.48032804e-07,1.64409841e-06,0.00000000e+00,5.48032804e-07,0.00000000e+00,0.00000000e+00,5.48032804e-07,0.00000000e+00,5.48032804e-07,5.48032804e-07,0.00000000e+00,0.00000000e+00,0.00000000e+00,0.00000000e+00,0.00000000e+00,0.00000000e+00,0.00000000e+00,0.00000000e+00,5.48032804e-07
rul_bin_edges:0.        ,0.09128933,0.18257866,0.27386799,0.36515732,0.45644665,0.54773598,0.63902531,0.73031464,0.82160397,0.9128933 ,1.00418263,1.09547196,1.18676129,1.27805062,1.36933995,1.46062928,1.55191861,1.64320794,1.73449727,1.8257866 ,1.91707593,2.00836526,2.09965459,2.19094392,2.28223325,2.37352258,2.46481191,2.55610124,2.64739057,2.7386799 ,2.82996923,2.92125856,3.01254789,3.10383722,3.19512655,3.28641588,3.37770521,3.46899454,3.56028387,3.6515732 
rdl:2.24105699e+01,2.46958149e-01,1.22905548e-01,1.15908521e-01,9.78623750e-02,3.15651699e-02,1.78317214e+00,7.98112422e-02,1.46623375e-02,1.04531494e-02,4.57948686e-03,0.00000000e+00,1.48493571e-03,2.49359481e-06,0.00000000e+00,0.00000000e+00,0.00000000e+00,1.24679740e-06,0.00000000e+00,0.00000000e+00,1.24679740e-06,1.24679740e-06,1.24679740e-06,2.49359481e-06,2.49359481e-06,0.00000000e+00,0.00000000e+00,3.74039221e-06,1.09718172e-04,0.00000000e+00,3.57830855e-04,1.24679740e-06,0.00000000e+00,1.24679740e-06,2.49359481e-06,0.00000000e+00,4.48847065e-05,1.24679740e-06,1.37147714e-04,6.15917917e-04
rdl_bin_edges:0.        ,0.04012644,0.08025289,0.12037933,0.16050578,0.20063222,0.24075867,0.28088511,0.32101156,0.361138  ,0.40126445,0.44139089,0.48151734,0.52164378,0.56177023,0.60189667,0.64202312,0.68214956,0.72227601,0.76240245,0.8025289 ,0.84265534,0.88278179,0.92290823,0.96303468,1.00316112,1.04328757,1.08341402,1.12354046,1.1636669 ,1.20379335,1.24391979,1.28404624,1.32417268,1.36429913,1.40442557,1.44455202,1.48467846,1.52480491,1.56493135,1.6050578 
lul:4.35521738e-01,3.88058325e-05,2.93659867e-05,1.97517327e-05,1.79858493e-05,1.73972215e-05,2.18228305e-05,1.23829847e-05,8.28439120e-06,7.39054899e-06,7.52135517e-06,2.59432251e-06,2.07109780e-06,1.76588339e-06,4.46921104e-06,9.89766738e-06,3.09574618e-06,1.48247000e-06,1.02464839e-06,1.32986280e-06,1.11185250e-06,9.81046326e-07,1.46066897e-06,1.17725559e-06,1.46066897e-06,9.15643238e-07,2.24550604e-06,1.56967412e-06,2.83413383e-07,2.18010295e-08,8.72041179e-08,2.41991427e-06,1.61327618e-06,4.25120075e-06,3.00854207e-06,1.28626074e-06,3.40096060e-06,2.31090912e-06,1.48247000e-06,1.80948545e-06
lul_bin_edges: 0.      , 2.294825, 4.58965 , 6.884475, 9.1793  ,11.474125,13.76895 ,16.063775,18.3586  ,20.653425,22.94825 ,25.243075,27.5379  ,29.832725,32.12755 ,34.422375,36.7172  ,39.012025,41.30685 ,43.601675,45.8965  ,48.191325,50.48615 ,52.780975,55.0758  ,57.370625,59.66545 ,61.960275,64.2551  ,66.549925,68.84475 ,71.139575,73.4344  ,75.729225,78.02405 ,80.318875,82.6137  ,84.908525,87.20335 ,89.498175,91.793   
ldl:4.24674758e-01,4.96503572e-05,3.02497035e-05,2.46124521e-05,2.39530001e-05,1.92942905e-05,1.21466812e-05,1.08065045e-05,1.19339548e-05,1.38697656e-05,2.67609894e-05,2.39955454e-05,7.44542632e-06,1.35081306e-05,7.65815278e-06,9.01960217e-06,1.13595933e-05,9.10469275e-06,2.75268047e-05,9.23232863e-06,5.50961547e-06,5.80743253e-06,9.95559862e-06,4.33961991e-05,1.59332123e-05,1.08915951e-05,3.10580641e-05,8.48778600e-06,3.04198847e-06,2.42508171e-06,1.65926644e-06,3.63762257e-06,3.12707905e-06,1.21254086e-06,1.27635880e-07,9.46632775e-06,1.64012105e-05,8.40269541e-06,2.89307994e-06,1.34017674e-06
ldl_bin_edges: 0.        , 2.35182525, 4.7036505 , 7.05547575, 9.407301  ,11.75912625,14.1109515 ,16.46277675,18.814602  ,21.16642725,23.5182525 ,25.87007775,28.221903  ,30.57372825,32.9255535 ,35.27737875,37.629204  ,39.98102925,42.3328545 ,44.68467975,47.036505  ,49.38833025,51.7401555 ,54.09198075,56.443806  ,58.79563125,61.1474565 ,63.49928175,65.851107  ,68.20293225,70.5547575 ,72.90658275,75.258408  ,77.61023325,79.9620585 ,82.31388375,84.665709  ,87.01753425,89.3693595 ,91.72118475,94.07301   
ilul:3.90370913e-01,7.44018967e-04,6.37908778e-04,5.81281797e-04,5.87439529e-04,5.63774522e-04,5.29303300e-04,5.65263646e-04,4.55551386e-04,4.73843470e-04,4.60622459e-04,4.68108328e-04,4.58831484e-04,4.23354097e-04,3.82785514e-04,3.93712468e-04,3.67411308e-04,3.47489236e-04,3.27728150e-04,3.25715820e-04,2.83336139e-04,2.84785017e-04,2.54338456e-04,2.38702648e-04,2.23207703e-04,2.06867579e-04,1.86744273e-04,1.60161387e-04,1.55633643e-04,1.46356800e-04,1.39534999e-04,1.33759610e-04,1.15085183e-04,1.10436700e-04,8.66308294e-05,1.55553150e-05,7.40537635e-06,6.66081406e-06,2.01233053e-06,6.13760812e-06
ilul_bin_edges: 0.       , 2.4861496, 4.9722992, 7.4584488, 9.9445984,12.430748 ,14.9168976,17.4030472,19.8891968,22.3753464,24.861496 ,27.3476456,29.8337952,32.3199448,34.8060944,37.292244 ,39.7783936,42.2645432,44.7506928,47.2368424,49.722992 ,52.2091416,54.6952912,57.1814408,59.6675904,62.15374  ,64.6398896,67.1260392,69.6121888,72.0983384,74.584488 ,77.0706376,79.5567872,82.0429368,84.5290864,87.015236 ,89.5013856,91.9875352,94.4736848,96.9598344,99.445984 
ildl:4.01017850e-01,7.87840050e-04,6.27097335e-04,6.35603226e-04,6.54374134e-04,6.72710435e-04,6.92184993e-04,5.21425608e-04,4.78730588e-04,4.55303171e-04,4.56648384e-04,4.59152552e-04,4.53461262e-04,4.28999065e-04,4.04598954e-04,3.92574811e-04,3.81275014e-04,3.80053974e-04,3.40959988e-04,3.22189080e-04,3.13910841e-04,2.98927227e-04,3.38952515e-04,2.76886415e-04,2.46319015e-04,2.22353512e-04,2.00457569e-04,1.74546679e-04,1.65875223e-04,1.60494368e-04,1.53106039e-04,1.27940191e-04,1.08486328e-04,9.56550570e-05,9.83454848e-05,7.93883165e-05,2.59729763e-05,2.81460142e-06,7.28485073e-06,6.76746076e-06
ildl_bin_edges: 0.        , 2.41740035, 4.8348007 , 7.25220105, 9.6696014 ,12.08700175,14.5044021 ,16.92180245,19.3392028 ,21.75660315,24.1740035 ,26.59140385,29.0088042 ,31.42620455,33.8436049 ,36.26100525,38.6784056 ,41.09580595,43.5132063 ,45.93060665,48.348007  ,50.76540735,53.1828077 ,55.60020805,58.0176084 ,60.43500875,62.8524091 ,65.26980945,67.6872098 ,70.10461015,72.5220105 ,74.93941085,77.3568112 ,79.77421155,82.1916119 ,84.60901225,87.0264126 ,89.44381295,91.8612133 ,94.27861365,96.696014  
eul:3.73831682e+02,0.00000000e+00,0.00000000e+00,0.00000000e+00,0.00000000e+00,0.00000000e+00,0.00000000e+00,0.00000000e+00,0.00000000e+00,0.00000000e+00,0.00000000e+00,0.00000000e+00,0.00000000e+00,7.48105382e-05,0.00000000e+00,0.00000000e+00,0.00000000e+00,0.00000000e+00,0.00000000e+00,0.00000000e+00,0.00000000e+00,0.00000000e+00,0.00000000e+00,0.00000000e+00,0.00000000e+00,0.00000000e+00,0.00000000e+00,0.00000000e+00,0.00000000e+00,0.00000000e+00,0.00000000e+00,0.00000000e+00,0.00000000e+00,0.00000000e+00,0.00000000e+00,0.00000000e+00,0.00000000e+00,0.00000000e+00,0.00000000e+00,1.87026346e-05
eul_bin_edges:0.      ,0.002675,0.00535 ,0.008025,0.0107  ,0.013375,0.01605 ,0.018725,0.0214  ,0.024075,0.02675 ,0.029425,0.0321  ,0.034775,0.03745 ,0.040125,0.0428  ,0.045475,0.04815 ,0.050825,0.0535  ,0.056175,0.05885 ,0.061525,0.0642  ,0.066875,0.06955 ,0.072225,0.0749  ,0.077575,0.08025 ,0.082925,0.0856  ,0.088275,0.09095 ,0.093625,0.0963  ,0.098975,0.10165 ,0.104325,0.107   
edl:1.39859496e+02,0.00000000e+00,0.00000000e+00,0.00000000e+00,0.00000000e+00,0.00000000e+00,0.00000000e+00,0.00000000e+00,0.00000000e+00,0.00000000e+00,0.00000000e+00,0.00000000e+00,0.00000000e+00,0.00000000e+00,0.00000000e+00,0.00000000e+00,0.00000000e+00,0.00000000e+00,0.00000000e+00,0.00000000e+00,0.00000000e+00,0.00000000e+00,0.00000000e+00,0.00000000e+00,0.00000000e+00,0.00000000e+00,0.00000000e+00,0.00000000e+00,0.00000000e+00,0.00000000e+00,0.00000000e+00,0.00000000e+00,0.00000000e+00,0.00000000e+00,0.00000000e+00,0.00000000e+00,0.00000000e+00,6.99713950e-06,0.00000000e+00,6.36739695e-04
edl_bin_edges:0.     ,0.00715,0.0143 ,0.02145,0.0286 ,0.03575,0.0429 ,0.05005,0.0572 ,0.06435,0.0715 ,0.07865,0.0858 ,0.09295,0.1001 ,0.10725,0.1144 ,0.12155,0.1287 ,0.13585,0.143  ,0.15015,0.1573 ,0.16445,0.1716 ,0.17875,0.1859 ,0.19305,0.2002 ,0.20735,0.2145 ,0.22165,0.2288 ,0.23595,0.2431 ,0.25025,0.2574 ,0.26455,0.2717 ,0.27885,0.286  
gul:3.51964486e-03,0.00000000e+00,0.00000000e+00,0.00000000e+00,0.00000000e+00,4.92750280e-02,1.26707215e-01,3.16768037e-02,2.18217981e-01,1.51344729e-01,7.03928971e-02,9.66536713e+00,3.40869931e+02,9.85500560e-02,6.33536074e-02,2.74532299e-01,3.16768037e-02,1.75982243e-02,3.51964486e-03,3.51964486e-03,0.00000000e+00,0.00000000e+00,0.00000000e+00,0.00000000e+00,3.51964486e-03,1.40785794e-02,1.40785794e-02,2.81571588e-02,1.05589346e-02,0.00000000e+00,3.51964486e-03,0.00000000e+00,0.00000000e+00,0.00000000e+00,0.00000000e+00,0.00000000e+00,0.00000000e+00,0.00000000e+00,0.00000000e+00,3.51964486e-03
gul_bin_edges:0.        ,0.00284287,0.00568575,0.00852862,0.0113715 ,0.01421437,0.01705725,0.01990012,0.022743  ,0.02558587,0.02842875,0.03127162,0.0341145 ,0.03695737,0.03980025,0.04264312,0.045486  ,0.04832887,0.05117175,0.05401462,0.0568575 ,0.05970037,0.06254324,0.06538612,0.06822899,0.07107187,0.07391474,0.07675762,0.07960049,0.08244337,0.08528624,0.08812912,0.09097199,0.09381487,0.09665774,0.09950062,0.10234349,0.10518637,0.10802924,0.11087212,0.11371499
gdl:3.51964486e-03,0.00000000e+00,0.00000000e+00,0.00000000e+00,0.00000000e+00,4.92750280e-02,1.26707215e-01,3.16768037e-02,2.18217981e-01,1.51344729e-01,7.03928971e-02,9.66536713e+00,3.40869931e+02,9.85500560e-02,6.33536074e-02,2.74532299e-01,3.16768037e-02,1.75982243e-02,3.51964486e-03,3.51964486e-03,0.00000000e+00,0.00000000e+00,0.00000000e+00,0.00000000e+00,3.51964486e-03,1.40785794e-02,1.40785794e-02,2.81571588e-02,1.05589346e-02,0.00000000e+00,3.51964486e-03,0.00000000e+00,0.00000000e+00,0.00000000e+00,0.00000000e+00,0.00000000e+00,0.00000000e+00,0.00000000e+00,0.00000000e+00,3.51964486e-03
gdl_bin_edges:0.        ,0.00284287,0.00568575,0.00852862,0.0113715 ,0.01421437,0.01705725,0.01990012,0.022743  ,0.02558587,0.02842875,0.03127162,0.0341145 ,0.03695737,0.03980025,0.04264312,0.045486  ,0.04832887,0.05117175,0.05401462,0.0568575 ,0.05970037,0.06254324,0.06538612,0.06822899,0.07107187,0.07391474,0.07675762,0.07960049,0.08244337,0.08528624,0.08812912,0.09097199,0.09381487,0.09665774,0.09950062,0.10234349,0.10518637,0.10802924,0.11087212,0.11371499
ri:25.10935464, 0.        , 0.        , 0.        , 0.        , 0.        , 0.        , 0.        , 0.        , 0.        , 0.        , 0.        , 0.        , 0.        , 0.        , 0.        , 0.        , 0.        , 0.        , 0.        , 0.        , 0.        , 0.        , 0.        , 0.        , 0.        , 0.        , 0.        , 0.        , 0.        , 0.        , 0.        , 0.        , 0.        , 0.        , 0.        , 0.        , 0.        , 0.        ,14.89064536
ri_bin_edges:1.   ,1.025,1.05 ,1.075,1.1  ,1.125,1.15 ,1.175,1.2  ,1.225,1.25 ,1.275,1.3  ,1.325,1.35 ,1.375,1.4  ,1.425,1.45 ,1.475,1.5  ,1.525,1.55 ,1.575,1.6  ,1.625,1.65 ,1.675,1.7  ,1.725,1.75 ,1.775,1.8  ,1.825,1.85 ,1.875,1.9  ,1.925,1.95 ,1.975,2.   
