period:1
ue_log_freq:1000
mac_log_freq:1000
mimo_layers:2
frequency:2412000000.0
bandwidth:50000000
ue_speed:5.555555555555555
max_distance:1000
shannon_cfg_bandwidth_mhz:50.0
shannon_cfg_mimo_layers:2
shannon_cfg_bw_efficiency:0.67
shannon_cfg_sinr_offset_db:0
shannon_cfg_ul_divisor:2
shannon_cfg_sinr_sample_rate:1000
n_ue:2
sinr_period:9.463597741343282
sinr_rate:105.66805852612856
ul_fairness:nan
dl_fairness:0.5
ul_agg_throughput:0
dl_agg_throughput:39.728739342300145
ul_ave_throughput:0.0
dl_ave_throughput:19.864369671150072
ul_se:0.0
dl_se:0.7945747868460029
ul_ase:0.0
dl_ase:2.5292100996546094e-07
ul_gr:0.0, 0.0
dl_gr:0.1058059419405806, 40.25446945530545
ul_tr:0.0, 0.0
dl_tr:0.0, 40.12442597224028
ul_er:0.0, 0.0
dl_er:99.8919970800292, 59.74333356666433
ul_er_ratio:0.0, 0.0
dl_er_ratio:1.0, 0.5982244304118052
ul_er_perc:0.0, 0.0
dl_er_perc:100.0, 59.82244304118052
ul_l:0.0, 0.0
dl_l:0.0, 0.0025980489785562147
ul_il:0.0, 0.0
dl_il:0.0, 0.22712866053158667
sinr_ul:0.12013259,0.12771489,0.13332349,0.2229624 ,0.50610624,0.53452753,0.        ,0.        ,0.        ,0.        ,0.        ,0.        ,0.        ,0.        ,0.        ,0.        ,0.        ,0.        ,0.        ,0.        ,0.        ,0.        ,0.        ,0.        ,0.        ,0.        ,0.03177658,0.20610371,0.07884935,0.12975438,0.14893218,0.05973735,0.08342176,0.1507743 ,0.1451657 ,0.10529694,0.12679383,0.12309314,0.11700756,0.13806037
sinr_ul_bin_edges:14.652241 ,14.9562354,15.2602298,15.5642242,15.8682186,16.172213 ,16.4762074,16.7802018,17.0841962,17.3881906,17.692185 ,17.9961794,18.3001738,18.6041682,18.9081626,19.212157 ,19.5161514,19.8201458,20.1241402,20.4281346,20.732129 ,21.0361234,21.3401178,21.6441122,21.9481066,22.252101 ,22.5560954,22.8600898,23.1640842,23.4680786,23.772073 ,24.0760674,24.3800618,24.6840562,24.9880506,25.292045 ,25.5960394,25.9000338,26.2040282,26.5080226,26.812017 
sinr_dl:0.12016103,0.12767726,0.13331855,0.22300348,0.5061697 ,0.53437613,0.        ,0.        ,0.        ,0.        ,0.        ,0.        ,0.        ,0.        ,0.        ,0.        ,0.        ,0.        ,0.        ,0.        ,0.        ,0.        ,0.        ,0.        ,0.        ,0.        ,0.03172606,0.20611251,0.07884642,0.12971668,0.14892665,0.05978447,0.08341866,0.15071936,0.1452261 ,0.10526014,0.12680558,0.12307213,0.11701967,0.1380717 
sinr_dl_bin_edges:24.412193  ,24.71619867,25.02020435,25.32421002,25.6282157 ,25.93222137,26.23622705,26.54023272,26.8442384 ,27.14824408,27.45224975,27.75625542,28.0602611 ,28.36426678,28.66827245,28.97227812,29.2762838 ,29.58028948,29.88429515,30.18830082,30.4923065 ,30.79631218,31.10031785,31.40432353,31.7083292 ,32.01233488,32.31634055,32.62034622,32.9243519 ,33.22835758,33.53236325,33.83636893,34.1403746 ,34.44438028,34.74838595,35.05239162,35.3563973 ,35.66040298,35.96440865,36.26841433,36.57242   
rsrp_ul:0.12013628,0.12785654,0.13363858,0.22572787,0.52799049,0.49341222,0.        ,0.        ,0.        ,0.        ,0.        ,0.        ,0.        ,0.        ,0.        ,0.        ,0.        ,0.        ,0.        ,0.        ,0.        ,0.        ,0.        ,0.        ,0.        ,0.        ,0.02102711,0.2049125 ,0.07918962,0.1224491 ,0.14898137,0.06769067,0.07705596,0.14813442,0.15021922,0.10441889,0.12619522,0.12363809,0.11697652,0.13787332
rsrp_ul_bin_edges:-93.004715  ,-92.69773337,-92.39075175,-92.08377013,-91.7767885 ,-91.46980688,-91.16282525,-90.85584363,-90.548862  ,-90.24188038,-89.93489875,-89.62791712,-89.3209355 ,-89.01395387,-88.70697225,-88.39999063,-88.093009  ,-87.78602738,-87.47904575,-87.17206413,-86.8650825 ,-86.55810087,-86.25111925,-85.94413762,-85.637156  ,-85.33017437,-85.02319275,-84.71621113,-84.4092295 ,-84.10224787,-83.79526625,-83.48828462,-83.181303  ,-82.87432137,-82.56733975,-82.26035812,-81.9533765 ,-81.64639487,-81.33941325,-81.03243162,-80.72545   
rsrp_dl:0.12013628,0.12785654,0.13363858,0.22572787,0.52799049,0.49341222,0.        ,0.        ,0.        ,0.        ,0.        ,0.        ,0.        ,0.        ,0.        ,0.        ,0.        ,0.        ,0.        ,0.        ,0.        ,0.        ,0.        ,0.        ,0.        ,0.        ,0.02102711,0.2049125 ,0.07918962,0.1224491 ,0.14898137,0.06769067,0.07705596,0.14813442,0.15021922,0.10441889,0.12619522,0.12363809,0.11697652,0.13787332
rsrp_dl_bin_edges:-89.994415  ,-89.68743337,-89.38045175,-89.07347013,-88.7664885 ,-88.45950688,-88.15252525,-87.84554363,-87.538562  ,-87.23158038,-86.92459875,-86.61761712,-86.3106355 ,-86.00365387,-85.69667225,-85.38969063,-85.082709  ,-84.77572738,-84.46874575,-84.16176413,-83.8547825 ,-83.54780087,-83.24081925,-82.93383762,-82.626856  ,-82.31987437,-82.01289275,-81.70591113,-81.3989295 ,-81.09194787,-80.78496625,-80.47798462,-80.171003  ,-79.86402137,-79.55703975,-79.25005812,-78.9430765 ,-78.63609487,-78.32911325,-78.02213162,-77.71515   
cqi_ul: 2.80547195, 0.        , 0.        , 0.        , 0.        , 0.        , 0.        , 0.        , 0.        , 0.        , 0.        , 0.        , 0.        , 0.        , 0.        , 0.        , 0.        , 0.        , 0.        , 0.        , 7.19452805, 0.        , 0.        , 0.        , 0.        , 0.        , 0.        , 0.        , 0.        , 0.        , 0.        , 0.        , 0.        , 0.        , 0.        , 0.        , 0.        , 0.        , 0.        ,10.        
cqi_ul_bin_edges:13.  ,13.05,13.1 ,13.15,13.2 ,13.25,13.3 ,13.35,13.4 ,13.45,13.5 ,13.55,13.6 ,13.65,13.7 ,13.75,13.8 ,13.85,13.9 ,13.95,14.  ,14.05,14.1 ,14.15,14.2 ,14.25,14.3 ,14.35,14.4 ,14.45,14.5 ,14.55,14.6 ,14.65,14.7 ,14.75,14.8 ,14.85,14.9 ,14.95,15.  
cqi_dl: 0., 0., 0., 0., 0., 0., 0., 0., 0., 0., 0., 0., 0., 0., 0., 0., 0., 0., 0., 0.,40., 0., 0., 0., 0., 0., 0., 0., 0., 0., 0., 0., 0., 0., 0., 0., 0., 0., 0., 0.
cqi_dl_bin_edges:14.5  ,14.525,14.55 ,14.575,14.6  ,14.625,14.65 ,14.675,14.7  ,14.725,14.75 ,14.775,14.8  ,14.825,14.85 ,14.875,14.9  ,14.925,14.95 ,14.975,15.   ,15.025,15.05 ,15.075,15.1  ,15.125,15.15 ,15.175,15.2  ,15.225,15.25 ,15.275,15.3  ,15.325,15.35 ,15.375,15.4  ,15.425,15.45 ,15.475,15.5  
mcs_ul:0.11829882,0.        ,0.        ,0.        ,0.        ,0.        ,0.        ,0.        ,0.        ,0.        ,1.28443716,0.        ,0.        ,0.        ,0.        ,0.        ,0.        ,0.        ,0.        ,0.        ,3.57521425,0.        ,0.        ,0.        ,0.        ,0.        ,0.        ,0.        ,0.        ,0.        ,0.02204978,0.        ,0.        ,0.        ,0.        ,0.        ,0.        ,0.        ,0.        ,5.        
mcs_ul_bin_edges:24. ,24.1,24.2,24.3,24.4,24.5,24.6,24.7,24.8,24.9,25. ,25.1,25.2,25.3,25.4,25.5,25.6,25.7,25.8,25.9,26. ,26.1,26.2,26.3,26.4,26.5,26.6,26.7,26.8,26.9,27. ,27.1,27.2,27.3,27.4,27.5,27.6,27.7,27.8,27.9,28. 
mcs_dl: 0., 0., 0., 0., 0., 0., 0., 0., 0., 0., 0., 0., 0., 0., 0., 0., 0., 0., 0., 0.,40., 0., 0., 0., 0., 0., 0., 0., 0., 0., 0., 0., 0., 0., 0., 0., 0., 0., 0., 0.
mcs_dl_bin_edges:27.5  ,27.525,27.55 ,27.575,27.6  ,27.625,27.65 ,27.675,27.7  ,27.725,27.75 ,27.775,27.8  ,27.825,27.85 ,27.875,27.9  ,27.925,27.95 ,27.975,28.   ,28.025,28.05 ,28.075,28.1  ,28.125,28.15 ,28.175,28.2  ,28.225,28.25 ,28.275,28.3  ,28.325,28.35 ,28.375,28.4  ,28.425,28.45 ,28.475,28.5  
eff_ul: 0.45888062, 0.        , 0.        , 0.        , 0.        , 0.        , 0.        , 0.        , 0.        , 0.        , 0.        , 4.98232644, 0.        , 0.        , 0.        , 0.        , 0.        , 0.        , 0.        , 0.        , 0.        , 0.        ,13.86824136, 0.        , 0.        , 0.        , 0.        , 0.        , 0.        , 0.        , 0.        , 0.085531  , 0.        , 0.        , 0.        , 0.        , 0.        , 0.        , 0.        ,19.39497944
eff_ul_bin_edges:4.5234027 ,4.54918257,4.57496243,4.6007423 ,4.62652217,4.65230204,4.6780819 ,4.70386177,4.72964164,4.75542151,4.78120138,4.80698124,4.83276111,4.85854098,4.88432084,4.91010071,4.93588058,4.96166045,4.98744031,5.01322018,5.03900005,5.06477992,5.09055978,5.11633965,5.14211952,5.16789939,5.19367926,5.21945912,5.24523899,5.27101886,5.29679872,5.32257859,5.34835846,5.37413833,5.39991819,5.42569806,5.45147793,5.4772578 ,5.50303766,5.52881753,5.5545974 
eff_dl: 0., 0., 0., 0., 0., 0., 0., 0., 0., 0., 0., 0., 0., 0., 0., 0., 0., 0., 0., 0.,40., 0., 0., 0., 0., 0., 0., 0., 0., 0., 0., 0., 0., 0., 0., 0., 0., 0., 0., 0.
eff_dl_bin_edges:5.0545974,5.0795974,5.1045974,5.1295974,5.1545974,5.1795974,5.2045974,5.2295974,5.2545974,5.2795974,5.3045974,5.3295974,5.3545974,5.3795974,5.4045974,5.4295974,5.4545974,5.4795974,5.5045974,5.5295974,5.5545974,5.5795974,5.6045974,5.6295974,5.6545974,5.6795974,5.7045974,5.7295974,5.7545974,5.7795974,5.8045974,5.8295974,5.8545974,5.8795974,5.9045974,5.9295974,5.9545974,5.9795974,6.0045974,6.0295974,6.0545974
rul: 0., 0., 0., 0., 0., 0., 0., 0., 0., 0., 0., 0., 0., 0., 0., 0., 0., 0., 0., 0.,40., 0., 0., 0., 0., 0., 0., 0., 0., 0., 0., 0., 0., 0., 0., 0., 0., 0., 0., 0.
rul_bin_edges:-0.5  ,-0.475,-0.45 ,-0.425,-0.4  ,-0.375,-0.35 ,-0.325,-0.3  ,-0.275,-0.25 ,-0.225,-0.2  ,-0.175,-0.15 ,-0.125,-0.1  ,-0.075,-0.05 ,-0.025, 0.   , 0.025, 0.05 , 0.075, 0.1  , 0.125, 0.15 , 0.175, 0.2  , 0.225, 0.25 , 0.275, 0.3  , 0.325, 0.35 , 0.375, 0.4  , 0.425, 0.45 , 0.475, 0.5  
rdl:1.52827668e-01,0.00000000e+00,0.00000000e+00,0.00000000e+00,0.00000000e+00,0.00000000e+00,0.00000000e+00,0.00000000e+00,0.00000000e+00,6.81787094e-02,0.00000000e+00,0.00000000e+00,0.00000000e+00,0.00000000e+00,0.00000000e+00,0.00000000e+00,0.00000000e+00,0.00000000e+00,0.00000000e+00,2.81992904e-02,0.00000000e+00,0.00000000e+00,0.00000000e+00,0.00000000e+00,0.00000000e+00,0.00000000e+00,0.00000000e+00,0.00000000e+00,0.00000000e+00,2.49209406e-06,0.00000000e+00,0.00000000e+00,0.00000000e+00,0.00000000e+00,0.00000000e+00,0.00000000e+00,0.00000000e+00,0.00000000e+00,0.00000000e+00,3.73814110e-06
rdl_bin_edges:  0.       ,  4.0126495,  8.025299 , 12.0379485, 16.050598 , 20.0632475, 24.075897 , 28.0885465, 32.101196 , 36.1138455, 40.126495 , 44.1391445, 48.151794 , 52.1644435, 56.177093 , 60.1897425, 64.202392 , 68.2150415, 72.227691 , 76.2403405, 80.25299  , 84.2656395, 88.278289 , 92.2909385, 96.303588 ,100.3162375,104.328887 ,108.3415365,112.354186 ,116.3668355,120.379485 ,124.3921345,128.404784 ,132.4174335,136.430083 ,140.4427325,144.455382 ,148.4680315,152.480681 ,156.4933305,160.50598  
lul: 0., 0., 0., 0., 0., 0., 0., 0., 0., 0., 0., 0., 0., 0., 0., 0., 0., 0., 0., 0.,40., 0., 0., 0., 0., 0., 0., 0., 0., 0., 0., 0., 0., 0., 0., 0., 0., 0., 0., 0.
lul_bin_edges:-0.5  ,-0.475,-0.45 ,-0.425,-0.4  ,-0.375,-0.35 ,-0.325,-0.3  ,-0.275,-0.25 ,-0.225,-0.2  ,-0.175,-0.15 ,-0.125,-0.1  ,-0.075,-0.05 ,-0.025, 0.   , 0.025, 0.05 , 0.075, 0.1  , 0.125, 0.15 , 0.175, 0.2  , 0.225, 0.25 , 0.275, 0.3  , 0.325, 0.35 , 0.375, 0.4  , 0.425, 0.45 , 0.475, 0.5  
ldl:5.30117701e+03,0.00000000e+00,0.00000000e+00,0.00000000e+00,0.00000000e+00,0.00000000e+00,0.00000000e+00,0.00000000e+00,0.00000000e+00,0.00000000e+00,0.00000000e+00,0.00000000e+00,0.00000000e+00,0.00000000e+00,0.00000000e+00,0.00000000e+00,0.00000000e+00,0.00000000e+00,0.00000000e+00,0.00000000e+00,0.00000000e+00,0.00000000e+00,0.00000000e+00,0.00000000e+00,0.00000000e+00,1.05807430e+03,5.92573476e+02,1.17996031e+01,1.46954764e+00,2.26483225e+01,9.44270805e+02,1.19724911e+01,2.98231728e+00,5.29469371e+01,6.43488980e+02,7.34773821e-01,2.59331937e-01,0.00000000e+00,4.32219895e-02,4.32219895e-02
ldl_bin_edges:0.        ,0.00011568,0.00023136,0.00034704,0.00046272,0.0005784 ,0.00069408,0.00080976,0.00092545,0.00104113,0.00115681,0.00127249,0.00138817,0.00150385,0.00161953,0.00173521,0.00185089,0.00196657,0.00208225,0.00219793,0.00231361,0.00242929,0.00254498,0.00266066,0.00277634,0.00289202,0.0030077 ,0.00312338,0.00323906,0.00335474,0.00347042,0.0035861 ,0.00370178,0.00381746,0.00393314,0.00404882,0.00416451,0.00428019,0.00439587,0.00451155,0.00462723
ilul: 0., 0., 0., 0., 0., 0., 0., 0., 0., 0., 0., 0., 0., 0., 0., 0., 0., 0., 0., 0.,40., 0., 0., 0., 0., 0., 0., 0., 0., 0., 0., 0., 0., 0., 0., 0., 0., 0., 0., 0.
ilul_bin_edges:-0.5  ,-0.475,-0.45 ,-0.425,-0.4  ,-0.375,-0.35 ,-0.325,-0.3  ,-0.275,-0.25 ,-0.225,-0.2  ,-0.175,-0.15 ,-0.125,-0.1  ,-0.075,-0.05 ,-0.025, 0.   , 0.025, 0.05 , 0.075, 0.1  , 0.125, 0.15 , 0.175, 0.2  , 0.225, 0.25 , 0.275, 0.3  , 0.325, 0.35 , 0.375, 0.4  , 0.425, 0.45 , 0.475, 0.5  
ildl:7.54829565e+01,6.15398685e-03,6.76938553e-03,6.15398685e-03,7.38478421e-03,6.76938553e-03,6.76938553e-03,6.15398685e-03,4.92318948e-03,6.76938553e-03,5.53858816e-03,7.38478421e-03,4.92318948e-03,7.38478421e-03,6.15398685e-03,6.76938553e-03,6.15398685e-03,6.76938553e-03,4.92318948e-03,6.15398685e-03,6.15398685e-03,5.53858816e-03,6.76938553e-03,7.38478421e-03,6.15398685e-03,5.53858816e-03,6.15398685e-03,4.92318948e-03,3.69239211e-03,4.92318948e-03,4.92318948e-03,4.30779079e-03,2.64990674e+00,6.38783835e+00,6.57861194e+00,6.52876464e+00,6.59892009e+00,6.60015089e+00,6.69861468e+00,5.36873812e+00
ildl_bin_edges:0.        ,0.00812473,0.01624947,0.0243742 ,0.03249893,0.04062367,0.0487484 ,0.05687313,0.06499786,0.0731226 ,0.08124733,0.08937206,0.0974968 ,0.10562153,0.11374626,0.121871  ,0.12999573,0.13812046,0.14624519,0.15436993,0.16249466,0.17061939,0.17874413,0.18686886,0.19499359,0.20311833,0.21124306,0.21936779,0.22749252,0.23561726,0.24374199,0.25186672,0.25999146,0.26811619,0.27624092,0.28436565,0.29249039,0.30061512,0.30873985,0.31686459,0.32498932
eul: 0., 0., 0., 0., 0., 0., 0., 0., 0., 0., 0., 0., 0., 0., 0., 0., 0., 0., 0., 0.,40., 0., 0., 0., 0., 0., 0., 0., 0., 0., 0., 0., 0., 0., 0., 0., 0., 0., 0., 0.
eul_bin_edges:-0.5  ,-0.475,-0.45 ,-0.425,-0.4  ,-0.375,-0.35 ,-0.325,-0.3  ,-0.275,-0.25 ,-0.225,-0.2  ,-0.175,-0.15 ,-0.125,-0.1  ,-0.075,-0.05 ,-0.025, 0.   , 0.025, 0.05 , 0.075, 0.1  , 0.125, 0.15 , 0.175, 0.2  , 0.225, 0.25 , 0.275, 0.3  , 0.325, 0.35 , 0.375, 0.4  , 0.425, 0.45 , 0.475, 0.5  
edl:2.57965471e-02,3.19485623e-06,8.30662620e-06,1.40573674e-05,2.23639936e-05,1.53353099e-05,2.74757636e-05,1.85301661e-05,1.85301661e-05,2.49198786e-05,1.50158243e-04,1.18912549e-03,9.10335945e-02,8.67786849e-03,5.63572639e-04,9.20118594e-05,2.04470799e-05,1.72522236e-05,2.74757636e-05,2.87537061e-05,1.78911949e-05,1.53353099e-05,5.75074121e-06,1.27794249e-06,1.27794249e-06,1.27794249e-06,1.27794249e-06,0.00000000e+00,0.00000000e+00,0.00000000e+00,0.00000000e+00,0.00000000e+00,0.00000000e+00,0.00000000e+00,0.00000000e+00,0.00000000e+00,0.00000000e+00,0.00000000e+00,6.38971246e-07,1.27794249e-06
edl_bin_edges:  0.   ,  7.825, 15.65 , 23.475, 31.3  , 39.125, 46.95 , 54.775, 62.6  , 70.425, 78.25 , 86.075, 93.9  ,101.725,109.55 ,117.375,125.2  ,133.025,140.85 ,148.675,156.5  ,164.325,172.15 ,179.975,187.8  ,195.625,203.45 ,211.275,219.1  ,226.925,234.75 ,242.575,250.4  ,258.225,266.05 ,273.875,281.7  ,289.525,297.35 ,305.175,313.   
gul: 0., 0., 0., 0., 0., 0., 0., 0., 0., 0., 0., 0., 0., 0., 0., 0., 0., 0., 0., 0.,40., 0., 0., 0., 0., 0., 0., 0., 0., 0., 0., 0., 0., 0., 0., 0., 0., 0., 0., 0.
gul_bin_edges:-0.5  ,-0.475,-0.45 ,-0.425,-0.4  ,-0.375,-0.35 ,-0.325,-0.3  ,-0.275,-0.25 ,-0.225,-0.2  ,-0.175,-0.15 ,-0.125,-0.1  ,-0.075,-0.05 ,-0.025, 0.   , 0.025, 0.05 , 0.075, 0.1  , 0.125, 0.15 , 0.175, 0.2  , 0.225, 0.25 , 0.275, 0.3  , 0.325, 0.35 , 0.375, 0.4  , 0.425, 0.45 , 0.475, 0.5  
gdl:1.05542085e-01,1.98345124e-06,1.98345124e-06,6.61150413e-07,3.30575207e-06,3.96690248e-06,8.59495537e-06,9.25610579e-06,7.27265455e-06,6.61150413e-06,2.90906182e-05,1.03139464e-04,2.39997600e-03,2.37267049e-02,3.00162288e-04,4.69416793e-05,1.12395570e-05,2.64460165e-06,3.30575207e-06,4.62805289e-06,5.95035372e-06,7.27265455e-06,1.98345124e-06,1.32230083e-06,6.61150413e-07,0.00000000e+00,0.00000000e+00,0.00000000e+00,0.00000000e+00,0.00000000e+00,0.00000000e+00,0.00000000e+00,0.00000000e+00,0.00000000e+00,0.00000000e+00,0.00000000e+00,0.00000000e+00,0.00000000e+00,0.00000000e+00,6.61150413e-07
gdl_bin_edges:  0.    ,  7.5625, 15.125 , 22.6875, 30.25  , 37.8125, 45.375 , 52.9375, 60.5   , 68.0625, 75.625 , 83.1875, 90.75  , 98.3125,105.875 ,113.4375,121.    ,128.5625,136.125 ,143.6875,151.25  ,158.8125,166.375 ,173.9375,181.5   ,189.0625,196.625 ,204.1875,211.75  ,219.3125,226.875 ,234.4375,242.    ,249.5625,257.125 ,264.6875,272.25  ,279.8125,287.375 ,294.9375,302.5   
ri: 0., 0., 0., 0., 0., 0., 0., 0., 0., 0., 0., 0., 0., 0., 0., 0., 0., 0., 0., 0.,40., 0., 0., 0., 0., 0., 0., 0., 0., 0., 0., 0., 0., 0., 0., 0., 0., 0., 0., 0.
ri_bin_edges:0.5  ,0.525,0.55 ,0.575,0.6  ,0.625,0.65 ,0.675,0.7  ,0.725,0.75 ,0.775,0.8  ,0.825,0.85 ,0.875,0.9  ,0.925,0.95 ,0.975,1.   ,1.025,1.05 ,1.075,1.1  ,1.125,1.15 ,1.175,1.2  ,1.225,1.25 ,1.275,1.3  ,1.325,1.35 ,1.375,1.4  ,1.425,1.45 ,1.475,1.5  
