period:1
ue_log_freq:1000
mac_log_freq:1000
mimo_layers:2
frequency:2412000000.0
bandwidth:50000000
ue_speed:5.555555555555555
max_distance:1000
shannon_cfg_bandwidth_mhz:50.0
shannon_cfg_mimo_layers:2
shannon_cfg_bw_efficiency:0.67
shannon_cfg_sinr_offset_db:0
shannon_cfg_ul_divisor:2
shannon_cfg_sinr_sample_rate:1000
n_ue:3
sinr_period:9.463597741343282
sinr_rate:105.66805852612856
ul_fairness:0.9992788905408567
dl_fairness:0.9964950159978815
ul_agg_throughput:1.716159052700368
dl_agg_throughput:1.688464019156013
ul_ave_throughput:0.5720530175667894
dl_ave_throughput:0.562821339718671
ul_se:0.03432318105400736
dl_se:0.033769280383120256
ul_ase:1.0925407854766723e-08
dl_ase:1.0749095795259525e-08
ul_gr:0.09999896295434046, 0.09999896295434046, 0.19999792519594808
dl_gr:0.09999896295434046, 0.09999896295434046, 0.19999792519594808
ul_tr:0.09865095313764863, 0.09393900603015971, 0.15319546126358738
dl_tr:0.09998896223015773, 0.09998896246342538, 0.19997792684443152
ul_er:0.0, 0.0, 0.0
dl_er:0.0, 0.0, 0.0
ul_er_ratio:0.0, 0.0, 0.0
dl_er_ratio:0.0, 0.0, 0.0
ul_er_perc:0.0, 0.0, 0.0
dl_er_perc:0.0, 0.0, 0.0
ul_l:0.005411295521724783, 0.005607817288842111, 0.005698226461080389
dl_l:0.008925758319926801, 0.008900134687213125, 0.008839546457730423
ul_il:0.043301727751432484, 0.03445930744097559, 0.034109141070014296
dl_il:0.008992924093049068, 0.009008869247937517, 0.009332404810931892
sinr_ul:0.01009006,0.01197884,0.01206312,0.01771217,0.02282528,0.03357879,0.03756814,0.07273532,0.06173328,0.03325463,0.0199035 ,0.01160281,0.00809539,0.00703862,0.00710994,0.00800678,0.00667124,0.00199035,0.00199251,0.00199251,0.02763151,0.02300465,0.02368323,0.04164176,0.02371996,0.01479904,0.01382224,0.01995321,0.01709195,0.00448639,0.00850167,0.00859892,0.00467873,0.00336912,0.00317462,0.00973348,0.00312059,0.00316165,0.00334751,0.00286559
sinr_ul_bin_edges:-9.919064 ,-8.3766375,-6.834211 ,-5.2917845,-3.749358 ,-2.2069315,-0.664505 , 0.8779215, 2.420348 , 3.9627745, 5.505201 , 7.0476275, 8.590054 ,10.1324805,11.674907 ,13.2173335,14.75976  ,16.3021865,17.844613 ,19.3870395,20.929466 ,22.4718925,24.014319 ,25.5567455,27.099172 ,28.6415985,30.184025 ,31.7264515,33.268878 ,34.8113045,36.353731 ,37.8961575,39.438584 ,40.9810105,42.523437 ,44.0658635,45.60829  ,47.1507165,48.693143 ,50.2355695,51.777996 
sinr_dl:0.01035255,0.01196838,0.01207438,0.01783252,0.02275139,0.03378748,0.03756857,0.07332014,0.06118087,0.0332359 ,0.01981608,0.01154009,0.00808131,0.0070387 ,0.00710359,0.00801642,0.00666016,0.00199437,0.00198788,0.00199437,0.02776976,0.02288118,0.02358851,0.04180823,0.02367936,0.0148626 ,0.01373996,0.02006916,0.0171014 ,0.00448625,0.00843606,0.00866967,0.00469607,0.0033701 ,0.00317542,0.0097404 ,0.00312134,0.00315595,0.00334847,0.00292883
sinr_dl_bin_edges: 1.6012421 , 3.14223122, 4.68322034, 6.22420947, 7.76519859, 9.30618771,10.84717683,12.38816596,13.92915508,15.4701442 ,17.01113332,18.55212245,20.09311157,21.63410069,23.17508981,24.71607894,26.25706806,27.79805718,29.3390463 ,30.88003543,32.42102455,33.96201367,35.5030028 ,37.04399192,38.58498104,40.12597016,41.66695928,43.20794841,44.74893753,46.28992665,47.83091577,49.3719049 ,50.91289402,52.45388314,53.99487226,55.53586139,57.07685051,58.61783963,60.15882875,61.69981788,63.240807  
rsrp_ul:0.01109482,0.01196228,0.01217914,0.01805618,0.02264938,0.0342148 ,0.03758488,0.07495723,0.0596574 ,0.0331977 ,0.0195634 ,0.01136373,0.00803702,0.00703727,0.00709366,0.00803919,0.0066339 ,0.00199516,0.00199082,0.00198865,0.02819896,0.02244553,0.02357974,0.04205881,0.02358407,0.01498321,0.01356925,0.02038315,0.01712366,0.00448477,0.00825171,0.00886761,0.00472766,0.00339394,0.0031749 ,0.0097611 ,0.00312069,0.00314671,0.00335056,0.003099  
rsrp_ul_bin_edges:-127.977745  ,-126.44070613,-124.90366725,-123.36662838,-121.8295895 ,-120.29255063,-118.75551175,-117.21847288,-115.681434  ,-114.14439513,-112.60735625,-111.07031738,-109.5332785 ,-107.99623963,-106.45920075,-104.92216188,-103.385123  ,-101.84808412,-100.31104525, -98.77400637, -97.2369675 , -95.69992862, -94.16288975, -92.62585087, -91.088812  , -89.55177313, -88.01473425, -86.47769537, -84.9406565 , -83.40361763, -81.86657875, -80.32953987, -78.792501  , -77.25546213, -75.71842325, -74.18138437, -72.6443455 , -71.10730663, -69.57026775, -68.03322887, -66.49619   
rsrp_dl:0.01109482,0.01196228,0.01217914,0.01805402,0.02265156,0.0342148 ,0.03758488,0.07495724,0.05965741,0.0331977 ,0.0195634 ,0.01136373,0.00803702,0.00703727,0.00709366,0.00803919,0.0066339 ,0.00199516,0.00199082,0.00198865,0.02819896,0.02244337,0.02358191,0.04205881,0.02358408,0.01498321,0.01356925,0.02038315,0.01712367,0.00448477,0.00825172,0.00886761,0.00472766,0.00339394,0.0031749 ,0.0097611 ,0.00312069,0.00314671,0.00335057,0.003099  
rsrp_dl_bin_edges:-122.12748   ,-120.59044125,-119.0534025 ,-117.51636375,-115.979325  ,-114.44228625,-112.9052475 ,-111.36820875,-109.83117   ,-108.29413125,-106.7570925 ,-105.22005375,-103.683015  ,-102.14597625,-100.6089375 , -99.07189875, -97.53486   , -95.99782125, -94.4607825 , -92.92374375, -91.386705  , -89.84966625, -88.3126275 , -86.77558875, -85.23855   , -83.70151125, -82.1644725 , -80.62743375, -79.090395  , -77.55335625, -76.0163175 , -74.47927875, -72.94224   , -71.40520125, -69.8681625 , -68.33112375, -66.794085  , -65.25704625, -63.7200075 , -62.18296875, -60.64593   
cqi_ul:1.01154544,0.        ,0.37009408,0.        ,0.        ,0.10134121,0.        ,0.        ,0.06677267,0.        ,0.02479086,0.        ,0.        ,0.01016879,0.        ,0.        ,0.00621327,0.        ,0.08353694,0.        ,0.        ,0.12748317,0.        ,0.        ,0.11892326,0.        ,0.2118201 ,0.        ,0.        ,0.05903052,0.        ,0.        ,0.07141262,0.        ,0.10727893,0.        ,0.        ,0.06974152,0.        ,0.22651329
cqi_ul_bin_edges: 0.   , 0.375, 0.75 , 1.125, 1.5  , 1.875, 2.25 , 2.625, 3.   , 3.375, 3.75 , 4.125, 4.5  , 4.875, 5.25 , 5.625, 6.   , 6.375, 6.75 , 7.125, 7.5  , 7.875, 8.25 , 8.625, 9.   , 9.375, 9.75 ,10.125,10.5  ,10.875,11.25 ,11.625,12.   ,12.375,12.75 ,13.125,13.5  ,13.875,14.25 ,14.625,15.   
cqi_dl:0.03655075,0.        ,0.15240736,0.        ,0.        ,0.33179224,0.        ,0.        ,0.58066975,0.        ,0.18477149,0.        ,0.        ,0.09931456,0.        ,0.        ,0.03265745,0.        ,0.04272846,0.        ,0.        ,0.03577742,0.        ,0.        ,0.04055071,0.        ,0.03389299,0.        ,0.        ,0.00720882,0.        ,0.        ,0.01091545,0.        ,0.0511906 ,0.        ,0.        ,0.12405209,0.        ,0.90218653
cqi_dl_bin_edges: 0.   , 0.375, 0.75 , 1.125, 1.5  , 1.875, 2.25 , 2.625, 3.   , 3.375, 3.75 , 4.125, 4.5  , 4.875, 5.25 , 5.625, 6.   , 6.375, 6.75 , 7.125, 7.5  , 7.875, 8.25 , 8.625, 9.   , 9.375, 9.75 ,10.125,10.5  ,10.875,11.25 ,11.625,12.   ,12.375,12.75 ,13.125,13.5  ,13.875,14.25 ,14.625,15.   
mcs_ul:0.74016403,0.03336157,0.02092836,0.        ,0.01834267,0.0174284 ,0.        ,0.01022371,0.00305711,0.        ,0.00279045,0.00265712,0.00170951,0.        ,0.00161903,0.00376187,0.        ,0.04099007,0.03974722,0.        ,0.02854733,0.03274729,0.0309616 ,0.        ,0.06998978,0.04348528,0.        ,0.01632841,0.01529032,0.        ,0.02117598,0.01708554,0.02777591,0.        ,0.02969494,0.01586175,0.        ,0.02149979,0.        ,0.12134641
mcs_ul_bin_edges: 0. , 0.7, 1.4, 2.1, 2.8, 3.5, 4.2, 4.9, 5.6, 6.3, 7. , 7.7, 8.4, 9.1, 9.8,10.5,11.2,11.9,12.6,13.3,14. ,14.7,15.4,16.1,16.8,17.5,18.2,18.9,19.6,20.3,21. ,21.7,22.4,23.1,23.8,24.5,25.2,25.9,26.6,27.3,28. 
mcs_dl:0.10122756,0.07828969,0.09945615,0.        ,0.15796509,0.15310799,0.        ,0.0563661 ,0.04261862,0.        ,0.0302997 ,0.02290453,0.00967609,0.        ,0.00781897,0.01300463,0.        ,0.00988562,0.00956657,0.        ,0.0095999 ,0.01039513,0.01132846,0.        ,0.01059037,0.00756659,0.        ,0.00191427,0.00194284,0.        ,0.00294283,0.00290949,0.00299045,0.        ,0.02443309,0.04213291,0.        ,0.02432357,0.        ,0.48331421
mcs_dl_bin_edges: 0. , 0.7, 1.4, 2.1, 2.8, 3.5, 4.2, 4.9, 5.6, 6.3, 7. , 7.7, 8.4, 9.1, 9.8,10.5,11.2,11.9,12.6,13.3,14. ,14.7,15.4,16.1,16.8,17.5,18.2,18.9,19.6,20.3,21. ,21.7,22.4,23.1,23.8,24.5,25.2,25.9,26.6,27.3,28. 
eff_ul:2.04868579,0.74955256,0.12612559,0.07912104,0.06934567,0.        ,0.06588919,0.03865139,0.        ,0.01155761,0.01054947,0.0100454 ,0.0064629 ,0.00612085,0.01422198,0.        ,0.15496562,0.15026696,0.        ,0.10792506,0.        ,0.12380327,0.11705233,0.        ,0.26460091,0.        ,0.16439893,0.06173061,0.05780606,0.08005717,0.        ,0.06459301,0.        ,0.10500865,0.        ,0.11226366,0.        ,0.05996637,0.08128134,0.458758  
eff_ul_bin_edges:0.       ,0.1851575,0.370315 ,0.5554725,0.74063  ,0.9257875,1.110945 ,1.2961025,1.48126  ,1.6664175,1.851575 ,2.0367325,2.22189  ,2.4070475,2.592205 ,2.7773625,2.96252  ,3.1476775,3.332835 ,3.5179925,3.70315  ,3.8883075,4.073465 ,4.2586225,4.44378  ,4.6289375,4.814095 ,4.9992525,5.18441  ,5.3695675,5.554725 ,5.7398825,5.92504  ,6.1101975,6.295355 ,6.4805125,6.66567  ,6.8508275,7.035985 ,7.2211425,7.4063   
eff_dl:0.07402633,0.30867106,0.29597929,0.37600045,0.59719731,0.        ,0.57883475,0.21309573,0.        ,0.16112248,0.11454998,0.08659208,0.0365811 ,0.02956012,0.04916486,0.        ,0.03737321,0.03616705,0.        ,0.03629306,0.        ,0.03929948,0.04282797,0.        ,0.04003759,0.        ,0.02860599,0.00723701,0.00734502,0.01112555,0.        ,0.01099953,0.        ,0.01130558,0.        ,0.09237089,0.        ,0.15928622,0.09195683,1.8272009 
eff_dl_bin_edges:0.       ,0.1851575,0.370315 ,0.5554725,0.74063  ,0.9257875,1.110945 ,1.2961025,1.48126  ,1.6664175,1.851575 ,2.0367325,2.22189  ,2.4070475,2.592205 ,2.7773625,2.96252  ,3.1476775,3.332835 ,3.5179925,3.70315  ,3.8883075,4.073465 ,4.2586225,4.44378  ,4.6289375,4.814095 ,4.9992525,5.18441  ,5.3695675,5.554725 ,5.7398825,5.92504  ,6.1101975,6.295355 ,6.4805125,6.66567  ,6.8508275,7.035985 ,7.2211425,7.4063   
rul:4.02946675e+00,1.09795785e+00,1.38275383e-01,0.00000000e+00,0.00000000e+00,1.76935871e-05,2.65403806e-04,1.76935871e-05,5.30807612e-05,3.53871742e-05,7.07743483e-05,1.76935871e-05,2.30016632e-04,0.00000000e+00,3.53871742e-05,0.00000000e+00,1.76935871e-05,1.76935871e-05,4.93651079e-03,3.10522453e-02,1.76935871e-05,0.00000000e+00,0.00000000e+00,3.53871742e-05,0.00000000e+00,0.00000000e+00,0.00000000e+00,0.00000000e+00,0.00000000e+00,0.00000000e+00,0.00000000e+00,0.00000000e+00,0.00000000e+00,0.00000000e+00,0.00000000e+00,0.00000000e+00,3.36178154e-04,3.89258916e-04,1.09700240e-03,3.78642763e-03
rul_bin_edges:0.        ,0.18839029,0.37678058,0.56517087,0.75356116,0.94195145,1.13034174,1.31873203,1.50712232,1.69551261,1.8839029 ,2.07229319,2.26068348,2.44907377,2.63746406,2.82585435,3.01424464,3.20263493,3.39102522,3.57941551,3.7678058 ,3.95619609,4.14458638,4.33297667,4.52136696,4.70975725,4.89814754,5.08653783,5.27492812,5.46331841,5.6517087 ,5.84009899,6.02848928,6.21687957,6.40526986,6.59366015,6.78205044,6.97044073,7.15883102,7.34722131,7.5356116 
rdl:3.69786091e+00,1.91384265e+00,2.32245522e-01,0.00000000e+00,1.94902250e-05,0.00000000e+00,0.00000000e+00,1.94902250e-05,1.94902250e-05,0.00000000e+00,0.00000000e+00,0.00000000e+00,0.00000000e+00,0.00000000e+00,0.00000000e+00,0.00000000e+00,0.00000000e+00,3.89804501e-05,0.00000000e+00,2.55321948e-03,0.00000000e+00,0.00000000e+00,0.00000000e+00,0.00000000e+00,0.00000000e+00,0.00000000e+00,0.00000000e+00,0.00000000e+00,0.00000000e+00,0.00000000e+00,0.00000000e+00,0.00000000e+00,0.00000000e+00,0.00000000e+00,0.00000000e+00,0.00000000e+00,0.00000000e+00,0.00000000e+00,1.94902250e-05,5.06745851e-04
rdl_bin_edges:0.        ,0.17102419,0.34204839,0.51307258,0.68409677,0.85512096,1.02614516,1.19716935,1.36819354,1.53921773,1.71024193,1.88126612,2.05229031,2.2233145 ,2.3943387 ,2.56536289,2.73638708,2.90741127,3.07843547,3.24945966,3.42048385,3.59150804,3.76253224,3.93355643,4.10458062,4.27560481,4.44662901,4.6176532 ,4.78867739,4.95970158,5.13072578,5.30174997,5.47277416,5.64379835,5.81482255,5.98584674,6.15687093,6.32789512,6.49891932,6.66994351,6.8409677 
lul:1655.38565058,   0.        ,   0.        ,   0.        ,   0.        ,   0.        ,   0.        ,   0.        ,   0.        ,   0.        ,   0.        ,   0.        ,   0.        ,   0.        ,   0.        ,   0.        ,   0.        ,   0.        ,   0.        ,   0.        ,   0.        ,   0.        ,   0.        ,   0.        ,   0.        ,   0.        ,   0.        ,   0.        ,   0.        ,   0.        ,   0.        ,   0.        ,   0.        ,   0.        ,   0.        ,   0.        ,1316.5523725 ,   5.18123245, 275.89760843, 370.25884178
lul_bin_edges:0.        ,0.00027599,0.00055199,0.00082798,0.00110397,0.00137997,0.00165596,0.00193195,0.00220795,0.00248394,0.00275993,0.00303593,0.00331192,0.00358791,0.00386391,0.0041399 ,0.00441589,0.00469189,0.00496788,0.00524387,0.00551987,0.00579586,0.00607185,0.00634785,0.00662384,0.00689983,0.00717583,0.00745182,0.00772781,0.00800381,0.0082798 ,0.00855579,0.00883179,0.00910778,0.00938377,0.00965977,0.00993576,0.01021175,0.01048775,0.01076374,0.01103973
ldl: 485.27254013,   0.        ,   0.        ,   0.        ,   0.        ,   0.        ,   0.        ,   0.        ,   0.        ,   0.        ,   0.        ,   0.        ,   0.        ,   0.        ,   0.        ,   0.        ,   0.        ,   0.        ,   0.        ,   0.        ,   0.        ,   0.        ,   0.        ,   0.        ,   0.        ,   0.        ,   0.        ,   0.        ,   0.        ,   0.        ,   0.        ,   0.        ,   0.        ,   0.        ,   0.        ,   0.        ,2096.51505646,   8.61123248, 426.85384235, 606.02303431
ldl_bin_edges:0.        ,0.00027599,0.00055199,0.00082798,0.00110397,0.00137997,0.00165596,0.00193195,0.00220795,0.00248394,0.00275993,0.00303593,0.00331192,0.00358791,0.00386391,0.0041399 ,0.00441589,0.00469189,0.00496788,0.00524387,0.00551987,0.00579586,0.00607185,0.00634785,0.00662384,0.00689983,0.00717583,0.00745182,0.00772781,0.00800381,0.0082798 ,0.00855579,0.00883179,0.00910778,0.00938377,0.00965977,0.00993576,0.01021175,0.01048775,0.01076374,0.01103973
ilul:1.59831058e+00,2.13946706e-03,1.75339782e-03,1.30834577e-03,7.88224706e-04,3.80707171e-04,2.30569132e-04,2.78827787e-04,3.05638151e-04,3.05638151e-04,2.30569132e-04,2.19844986e-04,2.19844986e-04,2.25207059e-04,2.46655350e-04,2.46655350e-04,2.41293277e-04,1.66224258e-04,1.55500112e-04,1.60862185e-04,1.50138039e-04,8.04310925e-05,3.75345098e-05,0.00000000e+00,0.00000000e+00,0.00000000e+00,0.00000000e+00,0.00000000e+00,0.00000000e+00,0.00000000e+00,0.00000000e+00,0.00000000e+00,0.00000000e+00,0.00000000e+00,0.00000000e+00,0.00000000e+00,0.00000000e+00,1.07241457e-04,1.71586331e-04,1.76948403e-04
ilul_bin_edges: 0.        , 0.62164392, 1.24328785, 1.86493178, 2.4865757 , 3.10821962, 3.72986355, 4.35150748, 4.9731514 , 5.59479532, 6.21643925, 6.83808317, 7.4597271 , 8.08137102, 8.70301495, 9.32465887, 9.9463028 ,10.56794673,11.18959065,11.81123458,12.4328785 ,13.05452243,13.67616635,14.29781027,14.9194542 ,15.54109812,16.16274205,16.78438597,17.4060299 ,18.02767383,18.64931775,19.27096167,19.8926056 ,20.51424953,21.13589345,21.75753737,22.3791813 ,23.00082522,23.62246915,24.24411307,24.865757  
ildl:3.60941913e+01,7.22254584e-04,7.22254584e-04,7.22254584e-04,7.22254584e-04,7.22254584e-04,7.22254584e-04,6.01878820e-04,7.22254584e-04,6.01878820e-04,7.22254584e-04,7.22254584e-04,7.22254584e-04,6.01878820e-04,7.22254584e-04,7.22254584e-04,8.42630348e-04,3.61127292e-04,6.01878820e-04,4.81503056e-04,6.01878820e-04,6.01878820e-04,4.81503056e-04,4.81503056e-04,2.40751528e-04,4.81503056e-04,3.61127292e-04,3.61127292e-04,4.81503056e-04,3.61127292e-04,1.20375764e-04,2.40751528e-04,0.00000000e+00,2.40751528e-04,1.20375764e-04,2.40751528e-04,2.40751528e-04,1.20375764e-04,1.20375764e-04,2.40751528e-04
ildl_bin_edges:0.        ,0.02769079,0.05538158,0.08307237,0.11076316,0.13845395,0.16614474,0.19383553,0.22152632,0.24921711,0.2769079 ,0.30459869,0.33228948,0.35998027,0.38767106,0.41536185,0.44305264,0.47074343,0.49843422,0.52612501,0.5538158 ,0.58150659,0.60919738,0.63688817,0.66457896,0.69226975,0.71996054,0.74765133,0.77534212,0.80303291,0.8307237 ,0.85841449,0.88610528,0.91379607,0.94148686,0.96917765,0.99686844,1.02455923,1.05225002,1.07994081,1.1076316 
eul: 0., 0., 0., 0., 0., 0., 0., 0., 0., 0., 0., 0., 0., 0., 0., 0., 0., 0., 0., 0.,40., 0., 0., 0., 0., 0., 0., 0., 0., 0., 0., 0., 0., 0., 0., 0., 0., 0., 0., 0.
eul_bin_edges:-0.5  ,-0.475,-0.45 ,-0.425,-0.4  ,-0.375,-0.35 ,-0.325,-0.3  ,-0.275,-0.25 ,-0.225,-0.2  ,-0.175,-0.15 ,-0.125,-0.1  ,-0.075,-0.05 ,-0.025, 0.   , 0.025, 0.05 , 0.075, 0.1  , 0.125, 0.15 , 0.175, 0.2  , 0.225, 0.25 , 0.275, 0.3  , 0.325, 0.35 , 0.375, 0.4  , 0.425, 0.45 , 0.475, 0.5  
edl: 0., 0., 0., 0., 0., 0., 0., 0., 0., 0., 0., 0., 0., 0., 0., 0., 0., 0., 0., 0.,40., 0., 0., 0., 0., 0., 0., 0., 0., 0., 0., 0., 0., 0., 0., 0., 0., 0., 0., 0.
edl_bin_edges:-0.5  ,-0.475,-0.45 ,-0.425,-0.4  ,-0.375,-0.35 ,-0.325,-0.3  ,-0.275,-0.25 ,-0.225,-0.2  ,-0.175,-0.15 ,-0.125,-0.1  ,-0.075,-0.05 ,-0.025, 0.   , 0.025, 0.05 , 0.075, 0.1  , 0.125, 0.15 , 0.175, 0.2  , 0.225, 0.25 , 0.275, 0.3  , 0.325, 0.35 , 0.375, 0.4  , 0.425, 0.45 , 0.475, 0.5  
gul:1.03787234e-03,0.00000000e+00,0.00000000e+00,6.91914894e-04,0.00000000e+00,0.00000000e+00,3.45957447e-04,2.07574468e-03,4.63582979e-02,2.65003404e-01,6.87362094e+01,1.21777021e-01,1.79897872e-02,6.91914894e-04,0.00000000e+00,1.03787234e-03,4.84340426e-03,1.83357447e-02,3.63255319e-02,9.68680851e-02,3.38208000e+01,5.47304681e-01,2.49089362e-02,3.59795745e-02,6.91914894e-03,2.07574468e-03,3.45957447e-04,0.00000000e+00,0.00000000e+00,0.00000000e+00,0.00000000e+00,0.00000000e+00,0.00000000e+00,0.00000000e+00,0.00000000e+00,0.00000000e+00,0.00000000e+00,0.00000000e+00,0.00000000e+00,3.45957447e-04
gul_bin_edges:0.      ,0.009635,0.01927 ,0.028905,0.03854 ,0.048175,0.05781 ,0.067445,0.07708 ,0.086715,0.09635 ,0.105985,0.11562 ,0.125255,0.13489 ,0.144525,0.15416 ,0.163795,0.17343 ,0.183065,0.1927  ,0.202335,0.21197 ,0.221605,0.23124 ,0.240875,0.25051 ,0.260145,0.26978 ,0.279415,0.28905 ,0.298685,0.30832 ,0.317955,0.32759 ,0.337225,0.34686 ,0.356495,0.36613 ,0.375765,0.3854  
gdl:1.03787234e-03,0.00000000e+00,0.00000000e+00,6.91914894e-04,0.00000000e+00,0.00000000e+00,3.45957447e-04,2.07574468e-03,4.63582979e-02,2.65003404e-01,6.87362094e+01,1.21777021e-01,1.79897872e-02,6.91914894e-04,0.00000000e+00,1.03787234e-03,4.84340426e-03,1.83357447e-02,3.63255319e-02,9.68680851e-02,3.38208000e+01,5.47304681e-01,2.49089362e-02,3.59795745e-02,6.91914894e-03,2.07574468e-03,3.45957447e-04,0.00000000e+00,0.00000000e+00,0.00000000e+00,0.00000000e+00,0.00000000e+00,0.00000000e+00,0.00000000e+00,0.00000000e+00,0.00000000e+00,0.00000000e+00,0.00000000e+00,0.00000000e+00,3.45957447e-04
gdl_bin_edges:0.      ,0.009635,0.01927 ,0.028905,0.03854 ,0.048175,0.05781 ,0.067445,0.07708 ,0.086715,0.09635 ,0.105985,0.11562 ,0.125255,0.13489 ,0.144525,0.15416 ,0.163795,0.17343 ,0.183065,0.1927  ,0.202335,0.21197 ,0.221605,0.23124 ,0.240875,0.25051 ,0.260145,0.26978 ,0.279415,0.28905 ,0.298685,0.30832 ,0.317955,0.32759 ,0.337225,0.34686 ,0.356495,0.36613 ,0.375765,0.3854  
ri: 0., 0., 0., 0., 0., 0., 0., 0., 0., 0., 0., 0., 0., 0., 0., 0., 0., 0., 0., 0.,40., 0., 0., 0., 0., 0., 0., 0., 0., 0., 0., 0., 0., 0., 0., 0., 0., 0., 0., 0.
ri_bin_edges:0.5  ,0.525,0.55 ,0.575,0.6  ,0.625,0.65 ,0.675,0.7  ,0.725,0.75 ,0.775,0.8  ,0.825,0.85 ,0.875,0.9  ,0.925,0.95 ,0.975,1.   ,1.025,1.05 ,1.075,1.1  ,1.125,1.15 ,1.175,1.2  ,1.225,1.25 ,1.275,1.3  ,1.325,1.35 ,1.375,1.4  ,1.425,1.45 ,1.475,1.5  
