period:1
ue_log_freq:1000
mac_log_freq:1000
mimo_layers:2
frequency:2412000000.0
bandwidth:50000000
ue_speed:5.555555555555555
max_distance:1000
shannon_cfg_bandwidth_mhz:50.0
shannon_cfg_mimo_layers:2
shannon_cfg_bw_efficiency:0.67
shannon_cfg_sinr_offset_db:0
shannon_cfg_ul_divisor:2
shannon_cfg_sinr_sample_rate:1000
n_ue:1
sinr_period:9.463597741343282
sinr_rate:105.66805852612856
ul_fairness:1.0
dl_fairness:nan
ul_agg_throughput:12.693741569996059
dl_agg_throughput:0
ul_ave_throughput:12.693741569996059
dl_ave_throughput:0.0
ul_se:0.2538748313999212
dl_se:0.0
ul_ase:8.081086868783795e-08
dl_ase:0.0
ul_gr:5.26297114190715
dl_gr:0.08978425179790168
ul_tr:5.182438073349389
dl_tr:0.0
ul_er:294.7318139015508
dl_er:299.9050007916601
ul_er_ratio:0.9827202674123566
dl_er_ratio:1.0
ul_er_perc:98.27202674123566
dl_er_perc:100.0
ul_l:0.0015579284749543756
dl_l:0.0
ul_il:0.41906608638678017
dl_il:0.0
sinr_ul:0.00745187,0.02468431,0.02402975,0.02092061,0.02260735,0.03472922,0.04855042,0.04962037,0.03486769,0.03504391,0.03114175,0.06088628,0.09214133,0.11413189,0.12282993,0.09199028,0.04739236,0.05046374,0.0315068 ,0.02741582,0.02883822,0.04875183,0.04010414,0.02502417,0.03786354,0.06321499,0.05080361,0.03837963,0.0269249 ,0.02987041,0.02815849,0.02356401,0.01870519,0.01451352,0.01213446,0.0134184 ,0.02056816,0.00478329,0.00772879,0.00477071
sinr_ul_bin_edges:-11.064942  ,-10.40292102, -9.74090005, -9.07887907, -8.4168581 , -7.75483712, -7.09281615, -6.43079518, -5.7687742 , -5.10675323, -4.44473225, -3.78271128, -3.1206903 , -2.45866933, -1.79664835, -1.13462738, -0.4726064 ,  0.18941458,  0.85143555,  1.51345653,  2.1754775 ,  2.83749848,  3.49951945,  4.16154043,  4.8235614 ,  5.48558238,  6.14760335,  6.80962432,  7.4716453 ,  8.13366628,  8.79568725,  9.45770822, 10.1197292 , 10.78175018, 11.44377115, 12.10579212, 12.7678131 , 13.42983408, 14.09185505, 14.75387602, 15.415897  
rsrp_ul:0.00745189,0.02468439,0.02402983,0.02092068,0.02259484,0.03474192,0.04855058,0.04962053,0.0348678 ,0.03503144,0.03115444,0.06088648,0.09214162,0.11411966,0.12283031,0.09200315,0.04739251,0.05045131,0.03151948,0.02741591,0.02882572,0.04876457,0.04009167,0.02503684,0.03786366,0.06321519,0.05080377,0.03836716,0.02693758,0.0298705 ,0.02815858,0.02356409,0.01869266,0.01452615,0.0121345 ,0.01341844,0.02056822,0.00477072,0.00774141,0.00477072
rsrp_ul_bin_edges:-140.72379  ,-140.0617711,-139.3997522,-138.7377333,-138.0757144,-137.4136955,-136.7516766,-136.0896577,-135.4276388,-134.7656199,-134.103601 ,-133.4415821,-132.7795632,-132.1175443,-131.4555254,-130.7935065,-130.1314876,-129.4694687,-128.8074498,-128.1454309,-127.483412 ,-126.8213931,-126.1593742,-125.4973553,-124.8353364,-124.1733175,-123.5112986,-122.8492797,-122.1872608,-121.5252419,-120.863223 ,-120.2012041,-119.5391852,-118.8771663,-118.2151474,-117.5531285,-116.8911096,-116.2290907,-115.5670718,-114.9050529,-114.243034 
cqi_ul:6.68811093,0.        ,0.        ,0.        ,0.        ,0.        ,0.        ,0.        ,0.        ,0.        ,1.88648428,0.        ,0.        ,0.        ,0.        ,0.        ,0.        ,0.        ,0.        ,0.        ,1.03949134,0.        ,0.        ,0.        ,0.        ,0.        ,0.        ,0.        ,0.        ,0.        ,0.37208023,0.        ,0.        ,0.        ,0.        ,0.        ,0.        ,0.        ,0.        ,0.01383322
cqi_ul_bin_edges:0. ,0.1,0.2,0.3,0.4,0.5,0.6,0.7,0.8,0.9,1. ,1.1,1.2,1.3,1.4,1.5,1.6,1.7,1.8,1.9,2. ,2.1,2.2,2.3,2.4,2.5,2.6,2.7,2.8,2.9,3. ,3.1,3.2,3.3,3.4,3.5,3.6,3.7,3.8,3.9,4. 
cqi_dl: 0., 0., 0., 0., 0., 0., 0., 0., 0., 0., 0., 0., 0., 0., 0., 0., 0., 0., 0., 0.,40., 0., 0., 0., 0., 0., 0., 0., 0., 0., 0., 0., 0., 0., 0., 0., 0., 0., 0., 0.
cqi_dl_bin_edges:-0.5  ,-0.475,-0.45 ,-0.425,-0.4  ,-0.375,-0.35 ,-0.325,-0.3  ,-0.275,-0.25 ,-0.225,-0.2  ,-0.175,-0.15 ,-0.125,-0.1  ,-0.075,-0.05 ,-0.025, 0.   , 0.025, 0.05 , 0.075, 0.1  , 0.125, 0.15 , 0.175, 0.2  , 0.225, 0.25 , 0.275, 0.3  , 0.325, 0.35 , 0.375, 0.4  , 0.425, 0.45 , 0.475, 0.5  
mcs_ul:6.85967617,0.        ,0.        ,0.        ,0.        ,0.        ,0.        ,0.        ,0.5482621 ,0.        ,0.        ,0.        ,0.        ,0.        ,0.        ,0.        ,0.28333097,0.        ,0.        ,0.        ,0.        ,0.        ,0.        ,0.        ,0.21986483,0.        ,0.        ,0.        ,0.        ,0.        ,0.        ,0.        ,0.07779935,0.        ,0.        ,0.        ,0.        ,0.        ,0.        ,0.01106657
mcs_ul_bin_edges:0.   ,0.125,0.25 ,0.375,0.5  ,0.625,0.75 ,0.875,1.   ,1.125,1.25 ,1.375,1.5  ,1.625,1.75 ,1.875,2.   ,2.125,2.25 ,2.375,2.5  ,2.625,2.75 ,2.875,3.   ,3.125,3.25 ,3.375,3.5  ,3.625,3.75 ,3.875,4.   ,4.125,4.25 ,4.375,4.5  ,4.625,4.75 ,4.875,5.   
mcs_dl: 0., 0., 0., 0., 0., 0., 0., 0., 0., 0., 0., 0., 0., 0., 0., 0., 0., 0., 0., 0.,40., 0., 0., 0., 0., 0., 0., 0., 0., 0., 0., 0., 0., 0., 0., 0., 0., 0., 0., 0.
mcs_dl_bin_edges:-0.5  ,-0.475,-0.45 ,-0.425,-0.4  ,-0.375,-0.35 ,-0.325,-0.3  ,-0.275,-0.25 ,-0.225,-0.2  ,-0.175,-0.15 ,-0.125,-0.1  ,-0.075,-0.05 ,-0.025, 0.   , 0.025, 0.05 , 0.075, 0.1  , 0.125, 0.15 , 0.175, 0.2  , 0.225, 0.25 , 0.275, 0.3  , 0.325, 0.35 , 0.375, 0.4  , 0.425, 0.45 , 0.475, 0.5  
eff_ul:18.11753074, 0.        , 0.        , 0.        , 0.        , 0.        , 5.11032746, 0.        , 0.        , 0.        , 1.85649496, 0.        , 0.        , 0.        , 0.        , 0.        , 0.95939976, 0.        , 0.        , 0.        , 0.        , 0.        , 0.        , 0.74449421, 0.        , 0.        , 0.        , 0.        , 0.        , 0.        , 0.        , 0.26343989, 0.        , 0.        , 0.        , 0.        , 0.        , 0.        , 0.        , 0.03747303
eff_ul_bin_edges:0.        ,0.03691514,0.07383027,0.11074541,0.14766054,0.18457567,0.22149081,0.25840595,0.29532108,0.33223622,0.36915135,0.40606649,0.44298162,0.47989676,0.51681189,0.55372703,0.59064216,0.6275573 ,0.66447243,0.70138756,0.7383027 ,0.77521784,0.81213297,0.84904811,0.88596324,0.92287838,0.95979351,0.99670865,1.03362378,1.07053891,1.10745405,1.14436918,1.18128432,1.21819946,1.25511459,1.29202973,1.32894486,1.36586   ,1.40277513,1.43969027,1.4766054 
eff_dl: 0., 0., 0., 0., 0., 0., 0., 0., 0., 0., 0., 0., 0., 0., 0., 0., 0., 0., 0., 0.,40., 0., 0., 0., 0., 0., 0., 0., 0., 0., 0., 0., 0., 0., 0., 0., 0., 0., 0., 0.
eff_dl_bin_edges:-0.5  ,-0.475,-0.45 ,-0.425,-0.4  ,-0.375,-0.35 ,-0.325,-0.3  ,-0.275,-0.25 ,-0.225,-0.2  ,-0.175,-0.15 ,-0.125,-0.1  ,-0.075,-0.05 ,-0.025, 0.   , 0.025, 0.05 , 0.075, 0.1  , 0.125, 0.15 , 0.175, 0.2  , 0.225, 0.25 , 0.275, 0.3  , 0.325, 0.35 , 0.375, 0.4  , 0.425, 0.45 , 0.475, 0.5  
rul:1.35857008e-01,0.00000000e+00,4.46592714e-03,8.40354005e-03,1.62506783e-03,3.70087463e-03,1.38832955e-03,0.00000000e+00,1.55284259e-03,2.05975675e-04,8.10527657e-04,1.24922910e-03,0.00000000e+00,2.39413285e-04,0.00000000e+00,5.81814407e-04,1.17700386e-04,3.74501228e-05,0.00000000e+00,0.00000000e+00,7.22252368e-05,0.00000000e+00,9.49628113e-05,6.28627061e-05,0.00000000e+00,0.00000000e+00,0.00000000e+00,0.00000000e+00,0.00000000e+00,2.14000702e-05,0.00000000e+00,1.33750438e-05,0.00000000e+00,0.00000000e+00,0.00000000e+00,0.00000000e+00,0.00000000e+00,0.00000000e+00,0.00000000e+00,1.33750438e-06
rul_bin_edges:  0.        ,  6.23045725, 12.4609145 , 18.69137175, 24.921829  , 31.15228625, 37.3827435 , 43.61320075, 49.843658  , 56.07411525, 62.3045725 , 68.53502975, 74.765487  , 80.99594425, 87.2264015 , 93.45685875, 99.687316  ,105.91777325,112.1482305 ,118.37868775,124.609145  ,130.83960225,137.0700595 ,143.30051675,149.530974  ,155.76143125,161.9918885 ,168.22234575,174.452803  ,180.68326025,186.9137175 ,193.14417475,199.374632  ,205.60508925,211.8355465 ,218.06600375,224.296461  ,230.52691825,236.7573755 ,242.98783275,249.21829   
rdl: 0., 0., 0., 0., 0., 0., 0., 0., 0., 0., 0., 0., 0., 0., 0., 0., 0., 0., 0., 0.,40., 0., 0., 0., 0., 0., 0., 0., 0., 0., 0., 0., 0., 0., 0., 0., 0., 0., 0., 0.
rdl_bin_edges:-0.5  ,-0.475,-0.45 ,-0.425,-0.4  ,-0.375,-0.35 ,-0.325,-0.3  ,-0.275,-0.25 ,-0.225,-0.2  ,-0.175,-0.15 ,-0.125,-0.1  ,-0.075,-0.05 ,-0.025, 0.   , 0.025, 0.05 , 0.075, 0.1  , 0.125, 0.15 , 0.175, 0.2  , 0.225, 0.25 , 0.275, 0.3  , 0.325, 0.35 , 0.375, 0.4  , 0.425, 0.45 , 0.475, 0.5  
lul:2.95659065e+03,0.00000000e+00,0.00000000e+00,0.00000000e+00,0.00000000e+00,0.00000000e+00,0.00000000e+00,0.00000000e+00,0.00000000e+00,0.00000000e+00,0.00000000e+00,0.00000000e+00,0.00000000e+00,0.00000000e+00,0.00000000e+00,0.00000000e+00,0.00000000e+00,0.00000000e+00,0.00000000e+00,0.00000000e+00,0.00000000e+00,0.00000000e+00,0.00000000e+00,0.00000000e+00,0.00000000e+00,0.00000000e+00,0.00000000e+00,0.00000000e+00,0.00000000e+00,0.00000000e+00,0.00000000e+00,0.00000000e+00,0.00000000e+00,0.00000000e+00,4.25987734e+02,1.03913646e+01,4.29917242e+01,1.39715827e+00,5.55079337e+01,5.82149278e-02
lul_bin_edges:0.        ,0.00028629,0.00057259,0.00085888,0.00114517,0.00143147,0.00171776,0.00200405,0.00229034,0.00257664,0.00286293,0.00314922,0.00343552,0.00372181,0.0040081 ,0.0042944 ,0.00458069,0.00486698,0.00515327,0.00543957,0.00572586,0.00601215,0.00629845,0.00658474,0.00687103,0.00715733,0.00744362,0.00772991,0.0080162 ,0.0083025 ,0.00858879,0.00887508,0.00916138,0.00944767,0.00973396,0.01002026,0.01030655,0.01059284,0.01087913,0.01116543,0.01145172
ldl: 0., 0., 0., 0., 0., 0., 0., 0., 0., 0., 0., 0., 0., 0., 0., 0., 0., 0., 0., 0.,40., 0., 0., 0., 0., 0., 0., 0., 0., 0., 0., 0., 0., 0., 0., 0., 0., 0., 0., 0.
ldl_bin_edges:-0.5  ,-0.475,-0.45 ,-0.425,-0.4  ,-0.375,-0.35 ,-0.325,-0.3  ,-0.275,-0.25 ,-0.225,-0.2  ,-0.175,-0.15 ,-0.125,-0.1  ,-0.075,-0.05 ,-0.025, 0.   , 0.025, 0.05 , 0.075, 0.1  , 0.125, 0.15 , 0.175, 0.2  , 0.225, 0.25 , 0.275, 0.3  , 0.325, 0.35 , 0.375, 0.4  , 0.425, 0.45 , 0.475, 0.5  
ilul:7.17242975e-01,1.29688849e-02,2.68769173e-03,6.17860167e-06,5.37538346e-04,2.27372542e-03,0.00000000e+00,0.00000000e+00,0.00000000e+00,0.00000000e+00,1.85358050e-05,2.95337160e-03,0.00000000e+00,0.00000000e+00,0.00000000e+00,0.00000000e+00,0.00000000e+00,0.00000000e+00,0.00000000e+00,0.00000000e+00,0.00000000e+00,0.00000000e+00,0.00000000e+00,0.00000000e+00,0.00000000e+00,0.00000000e+00,0.00000000e+00,0.00000000e+00,0.00000000e+00,0.00000000e+00,0.00000000e+00,0.00000000e+00,0.00000000e+00,0.00000000e+00,0.00000000e+00,0.00000000e+00,0.00000000e+00,0.00000000e+00,0.00000000e+00,2.74947774e-03
ilul_bin_edges: 0.        , 1.34872975, 2.6974595 , 4.04618925, 5.394919  , 6.74364875, 8.0923785 , 9.44110825,10.789838  ,12.13856775,13.4872975 ,14.83602725,16.184757  ,17.53348675,18.8822165 ,20.23094625,21.579676  ,22.92840575,24.2771355 ,25.62586525,26.974595  ,28.32332475,29.6720545 ,31.02078425,32.369514  ,33.71824375,35.0669735 ,36.41570325,37.764433  ,39.11316275,40.4618925 ,41.81062225,43.159352  ,44.50808175,45.8568115 ,47.20554125,48.554271  ,49.90300075,51.2517305 ,52.60046025,53.94919   
ildl: 0., 0., 0., 0., 0., 0., 0., 0., 0., 0., 0., 0., 0., 0., 0., 0., 0., 0., 0., 0.,40., 0., 0., 0., 0., 0., 0., 0., 0., 0., 0., 0., 0., 0., 0., 0., 0., 0., 0., 0.
ildl_bin_edges:-0.5  ,-0.475,-0.45 ,-0.425,-0.4  ,-0.375,-0.35 ,-0.325,-0.3  ,-0.275,-0.25 ,-0.225,-0.2  ,-0.175,-0.15 ,-0.125,-0.1  ,-0.075,-0.05 ,-0.025, 0.   , 0.025, 0.05 , 0.075, 0.1  , 0.125, 0.15 , 0.175, 0.2  , 0.225, 0.25 , 0.275, 0.3  , 0.325, 0.35 , 0.375, 0.4  , 0.425, 0.45 , 0.475, 0.5  
eul:9.13852011e-04,4.33516134e-07,0.00000000e+00,0.00000000e+00,8.67032268e-07,5.63570974e-06,2.64444842e-05,2.12422906e-05,2.51439358e-05,2.90455810e-05,2.38433874e-05,3.12131617e-05,4.68197425e-05,5.02878716e-05,1.16615840e-04,5.02163414e-02,2.40167938e-04,5.67906136e-05,4.42186457e-05,3.42477746e-05,2.47104196e-05,2.55774519e-05,2.47104196e-05,2.29763551e-05,2.64444842e-05,1.38725163e-05,4.33516134e-07,0.00000000e+00,0.00000000e+00,0.00000000e+00,0.00000000e+00,0.00000000e+00,0.00000000e+00,0.00000000e+00,0.00000000e+00,0.00000000e+00,0.00000000e+00,0.00000000e+00,0.00000000e+00,4.33516134e-07
eul_bin_edges:  0.    , 19.2225, 38.445 , 57.6675, 76.89  , 96.1125,115.335 ,134.5575,153.78  ,173.0025,192.225 ,211.4475,230.67  ,249.8925,269.115 ,288.3375,307.56  ,326.7825,346.005 ,365.2275,384.45  ,403.6725,422.895 ,442.1175,461.34  ,480.5625,499.785 ,519.0075,538.23  ,557.4525,576.675 ,595.8975,615.12  ,634.3425,653.565 ,672.7875,692.01  ,711.2325,730.455 ,749.6775,768.9   
edl:1.64736131e-05,4.33516134e-07,0.00000000e+00,0.00000000e+00,8.67032268e-07,5.63570974e-06,2.64444842e-05,2.12422906e-05,2.60109681e-05,2.99126133e-05,2.51439358e-05,3.20801939e-05,4.94208393e-05,5.15884200e-05,1.20083969e-04,5.10920440e-02,2.44069584e-04,5.76576458e-05,4.76867748e-05,3.46812907e-05,2.47104196e-05,2.64444842e-05,2.47104196e-05,2.34098712e-05,2.64444842e-05,1.43060324e-05,4.33516134e-07,0.00000000e+00,0.00000000e+00,0.00000000e+00,0.00000000e+00,0.00000000e+00,0.00000000e+00,0.00000000e+00,0.00000000e+00,0.00000000e+00,0.00000000e+00,0.00000000e+00,0.00000000e+00,4.33516134e-07
edl_bin_edges:  0.    , 19.2225, 38.445 , 57.6675, 76.89  , 96.1125,115.335 ,134.5575,153.78  ,173.0025,192.225 ,211.4475,230.67  ,249.8925,269.115 ,288.3375,307.56  ,326.7825,346.005 ,365.2275,384.45  ,403.6725,422.895 ,442.1175,461.34  ,480.5625,499.785 ,519.0075,538.23  ,557.4525,576.675 ,595.8975,615.12  ,634.3425,653.565 ,672.7875,692.01  ,711.2325,730.455 ,749.6775,768.9   
gul:8.16157962e-02,0.00000000e+00,0.00000000e+00,0.00000000e+00,0.00000000e+00,0.00000000e+00,0.00000000e+00,0.00000000e+00,0.00000000e+00,0.00000000e+00,0.00000000e+00,0.00000000e+00,0.00000000e+00,1.38455059e-06,6.92275297e-07,6.92275297e-07,2.07682589e-06,0.00000000e+00,1.38455059e-06,1.38455059e-06,3.46137649e-06,6.92275297e-07,6.92275297e-07,6.23047767e-06,1.34301408e-03,8.23807604e-05,2.76910119e-06,1.38455059e-06,6.92275297e-07,4.84592708e-06,1.38455059e-06,0.00000000e+00,0.00000000e+00,0.00000000e+00,1.38455059e-06,0.00000000e+00,6.92275297e-07,0.00000000e+00,0.00000000e+00,6.92275297e-07
gul_bin_edges:  0.    , 12.0375, 24.075 , 36.1125, 48.15  , 60.1875, 72.225 , 84.2625, 96.3   ,108.3375,120.375 ,132.4125,144.45  ,156.4875,168.525 ,180.5625,192.6   ,204.6375,216.675 ,228.7125,240.75  ,252.7875,264.825 ,276.8625,288.9   ,300.9375,312.975 ,325.0125,337.05  ,349.0875,361.125 ,373.1625,385.2   ,397.2375,409.275 ,421.3125,433.35  ,445.3875,457.425 ,469.4625,481.5   
gdl:1.29915530e-01,0.00000000e+00,0.00000000e+00,0.00000000e+00,0.00000000e+00,0.00000000e+00,0.00000000e+00,0.00000000e+00,0.00000000e+00,0.00000000e+00,0.00000000e+00,0.00000000e+00,0.00000000e+00,0.00000000e+00,0.00000000e+00,0.00000000e+00,0.00000000e+00,0.00000000e+00,0.00000000e+00,0.00000000e+00,0.00000000e+00,0.00000000e+00,0.00000000e+00,0.00000000e+00,0.00000000e+00,0.00000000e+00,0.00000000e+00,0.00000000e+00,0.00000000e+00,0.00000000e+00,0.00000000e+00,0.00000000e+00,0.00000000e+00,0.00000000e+00,0.00000000e+00,0.00000000e+00,1.08294527e-06,1.08294527e-06,2.27418508e-05,1.40782886e-05
gdl_bin_edges:  0.   ,  7.695, 15.39 , 23.085, 30.78 , 38.475, 46.17 , 53.865, 61.56 , 69.255, 76.95 , 84.645, 92.34 ,100.035,107.73 ,115.425,123.12 ,130.815,138.51 ,146.205,153.9  ,161.595,169.29 ,176.985,184.68 ,192.375,200.07 ,207.765,215.46 ,223.155,230.85 ,238.545,246.24 ,253.935,261.63 ,269.325,277.02 ,284.715,292.41 ,300.105,307.8  
ri: 0., 0., 0., 0., 0., 0., 0., 0., 0., 0., 0., 0., 0., 0., 0., 0., 0., 0., 0., 0.,40., 0., 0., 0., 0., 0., 0., 0., 0., 0., 0., 0., 0., 0., 0., 0., 0., 0., 0., 0.
ri_bin_edges:0.5  ,0.525,0.55 ,0.575,0.6  ,0.625,0.65 ,0.675,0.7  ,0.725,0.75 ,0.775,0.8  ,0.825,0.85 ,0.875,0.9  ,0.925,0.95 ,0.975,1.   ,1.025,1.05 ,1.075,1.1  ,1.125,1.15 ,1.175,1.2  ,1.225,1.25 ,1.275,1.3  ,1.325,1.35 ,1.375,1.4  ,1.425,1.45 ,1.475,1.5  
