period:1
ue_log_freq:1000
mac_log_freq:1000
mimo_layers:2
frequency:2412000000.0
bandwidth:50000000
ue_speed:5.555555555555555
max_distance:1000
shannon_cfg_bandwidth_mhz:50.0
shannon_cfg_mimo_layers:2
shannon_cfg_bw_efficiency:0.67
shannon_cfg_sinr_offset_db:0
shannon_cfg_ul_divisor:2
shannon_cfg_sinr_sample_rate:1000
n_ue:90
sinr_period:9.463597741343282
sinr_rate:105.66805852612856
ul_fairness:0.7342034909309785
dl_fairness:0.6793980143955409
ul_agg_throughput:24.9627118197431
dl_agg_throughput:58.71026614624143
ul_ave_throughput:0.27736346466381223
dl_ave_throughput:0.6523362905137937
ul_se:0.499254236394862
dl_se:1.1742053229248286
ul_ase:1.5891755916362385e-07
dl_ase:3.737611626966034e-07
ul_gr:0.1919984004925209, 0.1760462677927184, 0.14013949972426898, 0.10604356457612019, 0.14226251084394298, 0.15651509450433745, 0.1919984004925209, 0.1584106723118224, 0.13772670382555977, 0.11740055956612029, 0.1029907052113649, 0.1919984004925209, 0.0996371763472721, 0.0973257300036083, 0.1919984004925209, 0.12475877826517279, 0.1919984004925209, 0.14833799302489148, 0.09239622866991942, 0.13023731181268489, 0.1919984004925209, 0.10201791811425737, 0.1919984004925209, 0.11707585347083775, 0.1919984004925209, 0.1919984004925209, 0.15867117733820552, 0.1919984004925209, 0.1919984004925209, 0.1919984004925209, 0.1919984004925209, 0.1919984004925209, 0.1919984004925209, 0.174384184040033, 0.10121709118681511, 0.1919984004925209, 0.1919984004925209, 0.1919984004925209, 0.1919984004925209, 0.1919984004925209, 0.13654971683960135, 0.1644769993746552, 0.1919984004925209, 0.1919984004925209, 0.18370730156776194, 0.1217412290024583, 0.1919984004925209, 0.1919984004925209, 0.1510204698831343, 0.1822839550246498, 0.1919984004925209, 0.1919984004925209, 0.1270453688177932, 0.1919984004925209, 0.1919984004925209, 0.1919984004925209, 0.14031330628089766, 0.1919984004925209, 0.1919984004925209, 0.18022729695642536, 0.1919984004925209, 0.1912346164567212, 0.16874393342865476, 0.17062041219337337, 0.1903152305149374, 0.1919984004925209, 0.11524191675201874, 0.1919984004925209, 0.18307702841507986, 0.167965029519154, 0.1919984004925209, 0.1919984004925209, 0.10472764594160881, 0.14213015034538043, 0.15026144740341332, 0.1919984004925209, 0.1919984004925209, 0.1919984004925209, 0.09469952308163265, 0.1919984004925209, 0.1919984004925209, 0.1919984004925209, 0.1919984004925209, 0.1919984004925209, 0.1919984004925209, 0.1919984004925209, 0.1919984004925209, 0.1919984004925209, 0.1919984004925209, 0.09083126890608413
dl_gr:0.1919984004925209, 0.1919984004925209, 0.1919984004925209, 0.1919984004925209, 0.1919984004925209, 0.1919984004925209, 0.1919984004925209, 0.1919984004925209, 0.1919984004925209, 0.1919984004925209, 0.1919984004925209, 0.1919984004925209, 0.17340597138823008, 0.1391738645726286, 0.1919984004925209, 0.1919984004925209, 0.1919984004925209, 0.1919984004925209, 0.1402079103617803, 0.1919984004925209, 0.1919984004925209, 0.18596167798595845, 0.1919984004925209, 0.19132778367957767, 0.1919984004925209, 0.1919984004925209, 0.1919984004925209, 0.1919984004925209, 0.1919984004925209, 0.1919984004925209, 0.1919984004925209, 0.1919984004925209, 0.1919984004925209, 0.1919984004925209, 0.18501616586247616, 0.1919984004925209, 0.1919984004925209, 0.1919984004925209, 0.1919984004925209, 0.1919984004925209, 0.1919984004925209, 0.1919984004925209, 0.1919984004925209, 0.1919984004925209, 0.1919984004925209, 0.1769318332154482, 0.1919984004925209, 0.1919984004925209, 0.1919984004925209, 0.1919984004925209, 0.1919984004925209, 0.1919984004925209, 0.1919984004925209, 0.1919984004925209, 0.1919984004925209, 0.1919984004925209, 0.1919984004925209, 0.1919984004925209, 0.1919984004925209, 0.1919984004925209, 0.1919984004925209, 0.1919984004925209, 0.1919984004925209, 0.1919984004925209, 0.1919984004925209, 0.1919984004925209, 0.1919984004925209, 0.1919984004925209, 0.1919984004925209, 0.1919984004925209, 0.1919984004925209, 0.1919984004925209, 0.1919984004925209, 0.1919984004925209, 0.1919984004925209, 0.1919984004925209, 0.1919984004925209, 0.1919984004925209, 0.14941772163349473, 0.1919984004925209, 0.1919984004925209, 0.1919984004925209, 0.1919984004925209, 0.1919984004925209, 0.1919984004925209, 0.1919984004925209, 0.1919984004925209, 0.1919984004925209, 0.1919984004925209, 0.12688537175068543
ul_tr:0.18067540080235997, 0.08871658054973708, 0.08146113724301464, 0.018713757099532505, 0.05494028764061966, 0.06994528718832344, 0.19199522974032718, 0.07108706012296563, 0.050409634129215584, 0.030090151886550943, 0.015678234929792253, 0.19199523040484662, 0.01233141445887951, 0.009997840756902026, 0.19199522935719704, 0.03744222780195165, 0.1901832495126624, 0.0610096284878626, 0.005068172955750369, 0.042935604208931596, 0.1100232449519254, 0.014689554437888016, 0.1342766455967367, 0.029744828175415204, 0.19199523071785235, 0.13988012994093385, 0.07135151617419022, 0.10956591627203939, 0.19001748412015732, 0.10924392649428755, 0.14150909287051777, 0.19199523054990378, 0.19199523021663986, 0.08705712685441788, 0.013899825955867036, 0.19199523060406998, 0.19199522895197538, 0.1096087982164232, 0.16885712596591693, 0.19199523058762008, 0.04922954744800461, 0.07716120026275615, 0.1919952301880651, 0.19199523028422263, 0.0963781909357422, 0.034419833895509205, 0.1845980386444863, 0.14679108661125323, 0.06371259748747095, 0.09497219140007168, 0.19199523059033677, 0.14342867637481355, 0.03971313879569337, 0.13758764709747417, 0.17491862931220575, 0.12806838219064007, 0.05299187992695061, 0.17817439176568528, 0.19123128912552398, 0.09289974293728386, 0.18918760782120148, 0.10520704664395297, 0.08143119351978732, 0.11594721345495454, 0.10298426034968042, 0.19199359478133513, 0.0279398106683111, 0.19199523027820603, 0.18294265358115347, 0.08063612540328832, 0.1591678170040333, 0.19199359544611294, 0.017399190872576062, 0.05482047672749393, 0.0629718438288181, 0.18461188404184964, 0.12469150104549129, 0.155217849759977, 0.007376596732368897, 0.14231961865171955, 0.19199360711604901, 0.1784068256827443, 0.1385177923423055, 0.19043893585486787, 0.18013987812878224, 0.15647108277921018, 0.167419433478471, 0.1919952421402905, 0.1919952402271231, 0.003504069174423547
dl_tr:0.1914110600160332, 0.18810209348154597, 0.19199522902317478, 0.13954535716193198, 0.11780750191646737, 0.16978994546447113, 0.19199523095619203, 0.13604068096951694, 0.18880831889277588, 0.12047203062570311, 0.10679195039358005, 0.19199523102469981, 0.08598699152148732, 0.051797267425496445, 0.19199523043762134, 0.14896824569605255, 0.1919952301659986, 0.10588547391668401, 0.05286070941570487, 0.18980398441266325, 0.168036061761977, 0.0986267057104274, 0.19199522589184256, 0.10397874987667602, 0.19199523099865834, 0.19199523049411257, 0.17303420697737518, 0.1541486652944309, 0.19139290529452255, 0.16652171878655178, 0.16140402784250132, 0.19199523121047324, 0.19199523102214983, 0.15510032767711102, 0.09768674747760434, 0.19199523130209747, 0.191995231040183, 0.19199523036422195, 0.19199523095445037, 0.1919952313276056, 0.13857374454108717, 0.16508833546204615, 0.19199523116004868, 0.19199523132677226, 0.15051419886355114, 0.08958814371823567, 0.1919952313276056, 0.18884404102837474, 0.1919950113754469, 0.18489218181950148, 0.1919952313276056, 0.1919952315291956, 0.15102027742302981, 0.18601290482655145, 0.18909342341497154, 0.18900657952189565, 0.1377758501801985, 0.18900829817114026, 0.191995229923384, 0.18062200132087233, 0.19199523494125048, 0.19199523036826363, 0.1892947570726494, 0.19199523081570988, 0.1889307549333922, 0.19199523096934193, 0.19199522878862674, 0.19199523019369005, 0.19199521731848065, 0.18059345727600604, 0.1919952348961509, 0.19199523137960517, 0.18164591058524512, 0.1828416697314439, 0.16263864785561785, 0.18892755309829082, 0.18253188595794204, 0.18987690772219398, 0.0625113089374922, 0.18930770542352146, 0.19199523761121992, 0.18923740814854045, 0.17832888148106266, 0.19199524527914766, 0.191995243400105, 0.19199526299136674, 0.19199523429918083, 0.19199523910219082, 0.1919952413115224, 0.03955710383296805
ul_er:0.0, 0.0159521326998025, 0.05185890076825194, 0.08595326952945392, 0.04973588964857793, 0.03548330598818343, 0.0, 0.03358616179375172, 0.05427013028001434, 0.07459627453945383, 0.08900612889420922, 0.0, 0.09235965775830202, 0.09467110410196582, 0.0, 0.06723805584040134, 0.0, 0.04365884108068266, 0.0996006054356547, 0.061759522292889224, 0.0, 0.08997891599131674, 0.0, 0.07492098063473637, 0.0, 0.0, 0.03332565676736861, 0.0, 0.0, 0.0, 0.0, 0.0, 0.0, 0.01761265006554112, 0.09077974291875901, 0.0, 0.0, 0.0, 0.0, 0.0, 0.05544711726597279, 0.027519834730918912, 0.0, 0.0, 0.008289532537812184, 0.0702556051031158, 0.0, 0.0, 0.04097636422243981, 0.009712879080924325, 0.0, 0.0, 0.06495146528778094, 0.0, 0.0, 0.0, 0.05168352782467646, 0.0, 0.0, 0.011769537149148756, 0.0, 0.0007637840357997017, 0.023252900676919357, 0.021377988299147506, 0.0016816035906367446, 0.0, 0.07675648374050216, 0.0, 0.008921372077441021, 0.024031804586420114, 0.0, 0.0, 0.08726918816396531, 0.04986668376019366, 0.041735386702160815, 0.0, 0.0, 0.0, 0.09729887741088825, 0.0, 0.0, 0.0, 0.0, 0.0, 0.0, 0.0, 0.0, 0.0, 0.0, 0.10116556519948999
dl_er:0.0, 0.0, 0.0, 0.0, 0.0, 0.0, 0.0, 0.0, 0.0, 0.0, 0.0, 0.0, 0.01859086271734402, 0.05282296953294556, 0.0, 0.0, 0.0, 0.0, 0.0517889237437938, 0.0, 0.0, 0.00603515611961567, 0.0, 0.00066905042599645, 0.0, 0.0, 0.0, 0.0, 0.0, 0.0, 0.0, 0.0, 0.0, 0.0, 0.006980668243097975, 0.0, 0.0, 0.0, 0.0, 0.0, 0.0, 0.0, 0.0, 0.0, 0.0, 0.015065000890125916, 0.0, 0.0, 0.0, 0.0, 0.0, 0.0, 0.0, 0.0, 0.0, 0.0, 0.0, 0.0, 0.0, 0.0, 0.0, 0.0, 0.0, 0.0, 0.0, 0.0, 0.0, 0.0, 0.0, 0.0, 0.0, 0.0, 0.0, 0.0, 0.0, 0.0, 0.0, 0.0, 0.04258067885902618, 0.0, 0.0, 0.0, 0.0, 0.0, 0.0, 0.0, 0.0, 0.0, 0.0, 0.06511146235488871
ul_er_ratio:0.0, 0.15240593109968964, 0.38898054292385864, 0.8212067572544387, 0.47514048503288814, 0.33656245349663205, 0.0, 0.3208668003023195, 0.5184395531103162, 0.712568735854027, 0.8502332692573746, 0.0, 0.8822114035349834, 0.9044813075131045, 0.0, 0.6423182427564348, 0.0, 0.4171155005958253, 0.9515789423203344, 0.5898987312634378, 0.0, 0.8596563570896579, 0.0, 0.7158114143142202, 0.0, 0.0, 0.318366037512059, 0.0, 0.0, 0.0, 0.0, 0.0, 0.0, 0.16826872650172472, 0.8672154833526803, 0.0, 0.0, 0.0, 0.0, 0.0, 0.5296989297230539, 0.2628922682373334, 0.0, 0.0, 0.0791985557984037, 0.6711756432570458, 0.0, 0.0, 0.39141055134335745, 0.09278189369598362, 0.0, 0.0, 0.6205676298739876, 0.0, 0.0, 0.0, 0.493750432263046, 0.0, 0.0, 0.11244499952067924, 0.0, 0.007207493145994883, 0.22212448658366366, 0.15567418089381344, 0.016066399562665753, 0.0, 0.733134674669449, 0.0, 0.046498409729585445, 0.2296004572631088, 0.0, 0.0, 0.8337684118858693, 0.47634001655875036, 0.3985912576477982, 0.0, 0.0, 0.0, 0.9295288911491013, 0.0, 0.0, 0.0, 0.0, 0.0, 0.0, 0.0, 0.0, 0.0, 0.0, 0.9665225813065719
dl_er_ratio:0.0, 0.0, 0.0, 0.0, 0.0, 0.0, 0.0, 0.0, 0.0, 0.0, 0.0, 0.0, 0.17777055049233312, 0.5049020253502989, 0.0, 0.0, 0.0, 0.0, 0.4948791713857346, 0.0, 0.0, 0.05766337435708873, 0.0, 0.006393353936359462, 0.0, 0.0, 0.0, 0.0, 0.0, 0.0, 0.0, 0.0, 0.0, 0.0, 0.06669380527866858, 0.0, 0.0, 0.0, 0.0, 0.0, 0.0, 0.0, 0.0, 0.0, 0.0, 0.14395172688315236, 0.0, 0.0, 0.0, 0.0, 0.0, 0.0, 0.0, 0.0, 0.0, 0.0, 0.0, 0.0, 0.0, 0.0, 0.0, 0.0, 0.0, 0.0, 0.0, 0.0, 0.0, 0.0, 0.0, 0.0, 0.0, 0.0, 0.0, 0.0, 0.0, 0.0, 0.0, 0.0, 0.4051753111899635, 0.0, 0.0, 0.0, 0.0, 0.0, 0.0, 0.0, 0.0, 0.0, 0.0, 0.6220727456801896
ul_er_perc:0.0, 15.240593109968964, 38.898054292385865, 82.12067572544387, 47.51404850328881, 33.65624534966321, 0.0, 32.08668003023195, 51.84395531103162, 71.2568735854027, 85.02332692573746, 0.0, 88.22114035349834, 90.44813075131046, 0.0, 64.23182427564348, 0.0, 41.71155005958253, 95.15789423203344, 58.98987312634378, 0.0, 85.96563570896579, 0.0, 71.58114143142203, 0.0, 0.0, 31.8366037512059, 0.0, 0.0, 0.0, 0.0, 0.0, 0.0, 16.826872650172472, 86.72154833526803, 0.0, 0.0, 0.0, 0.0, 0.0, 52.96989297230539, 26.28922682373334, 0.0, 0.0, 7.91985557984037, 67.11756432570458, 0.0, 0.0, 39.141055134335744, 9.278189369598362, 0.0, 0.0, 62.05676298739876, 0.0, 0.0, 0.0, 49.3750432263046, 0.0, 0.0, 11.244499952067924, 0.0, 0.7207493145994883, 22.212448658366366, 15.567418089381343, 1.6066399562665752, 0.0, 73.3134674669449, 0.0, 4.649840972958544, 22.96004572631088, 0.0, 0.0, 83.37684118858692, 47.63400165587504, 39.85912576477982, 0.0, 0.0, 0.0, 92.95288911491014, 0.0, 0.0, 0.0, 0.0, 0.0, 0.0, 0.0, 0.0, 0.0, 0.0, 96.65225813065719
dl_er_perc:0.0, 0.0, 0.0, 0.0, 0.0, 0.0, 0.0, 0.0, 0.0, 0.0, 0.0, 0.0, 17.77705504923331, 50.490202535029894, 0.0, 0.0, 0.0, 0.0, 49.487917138573465, 0.0, 0.0, 5.766337435708873, 0.0, 0.6393353936359463, 0.0, 0.0, 0.0, 0.0, 0.0, 0.0, 0.0, 0.0, 0.0, 0.0, 6.669380527866858, 0.0, 0.0, 0.0, 0.0, 0.0, 0.0, 0.0, 0.0, 0.0, 0.0, 14.395172688315236, 0.0, 0.0, 0.0, 0.0, 0.0, 0.0, 0.0, 0.0, 0.0, 0.0, 0.0, 0.0, 0.0, 0.0, 0.0, 0.0, 0.0, 0.0, 0.0, 0.0, 0.0, 0.0, 0.0, 0.0, 0.0, 0.0, 0.0, 0.0, 0.0, 0.0, 0.0, 0.0, 40.51753111899635, 0.0, 0.0, 0.0, 0.0, 0.0, 0.0, 0.0, 0.0, 0.0, 0.0, 62.20727456801895
ul_l:0.0007188148645811284, 0.0005378921947217106, 0.00039253735676369355, 0.00019788435064791127, 0.00031787903564636967, 0.00030815856091532574, 0.0007325314651686236, 0.0003592291709419088, 0.0004679921310697411, 0.00032230169799418344, 0.00022314672726227283, 0.0007501580606294947, 0.00019543499027424772, 7.970642573478556e-05, 0.0006816273744393796, 0.00031025394873542727, 0.0006773048737968849, 0.0003075554841542987, 9.506034018549845e-05, 0.00035571216788110095, 0.00041085768609761583, 0.00019626099346005453, 0.0006000371973900217, 0.0002221105189023425, 0.0007170886550303748, 0.0006189427984150131, 0.0004353491300039166, 0.0005242285051582904, 0.0007500114046016282, 0.0005193415425113124, 0.0005994609623361472, 0.0007435958709427422, 0.0007101012323097307, 0.00045405957569936913, 0.00018580432585728454, 0.0007583726895817533, 0.0007206516915634037, 0.0005250743944042133, 0.0007468315176748526, 0.0007607073634861376, 0.0002861977852259564, 0.00043950656976775196, 0.000747412435284706, 0.0007599138253572887, 0.00046414749704085795, 0.00024909184877792685, 0.00076018102241648, 0.0006360462315714035, 0.00048599830235414705, 0.0004880387458654511, 0.0007597838986550113, 0.0006390346384480129, 0.00020613592900975823, 0.0006012822002641645, 0.0006861453077916017, 0.0006217444219173173, 0.00034130598067932765, 0.0005818995236956359, 0.0006430504861676152, 0.0004371369371238573, 0.0006142684368730261, 0.00047985313058557846, 0.00047353099193506724, 0.00045148452158482014, 0.0003885801013491555, 0.0007317975333797219, 0.0002998775251781235, 0.0006193741915509037, 0.00043554564869959417, 0.000398251114246548, 0.0003987824249472921, 0.0007296106614928208, 0.0001480643203673303, 0.00019217924363880304, 0.0002923711419888168, 0.000685218357722019, 0.000427053626591445, 0.000329864246842943, 0.00012163458551345407, 0.0003132648183031808, 0.0005129280113582386, 0.0005713787248489596, 0.0004073998595920034, 0.00040328946100532493, 0.0005250225052224565, 0.00025568505424621463, 0.0006883116686677612, 0.0003937450255056208, 0.0006086621637619686, 7.151193439304671e-05
dl_l:0.0008777203129548921, 0.0008113270180081833, 0.0007426840931767236, 0.0006108357773826885, 0.0006108358568961925, 0.0005736245810076583, 0.0008840640779218507, 0.0006691505720593995, 0.0008429812974783544, 0.0006192918492712561, 0.0005910933625511454, 0.0008841310859634504, 0.0006420480841492988, 0.0003669618270531079, 0.0008666893312072399, 0.0007005632378771843, 0.0008516382998716677, 0.000648603118086516, 0.0003468976488637595, 0.0008039595936575528, 0.0007436164526970608, 0.0005540966573445221, 0.0008422946413729885, 0.0005775765494404213, 0.0008787129303322471, 0.0008255954835026374, 0.0007259767619786501, 0.0007852087723143972, 0.0008835977790926742, 0.0007621101049674586, 0.0007828132151798735, 0.0008841493634211381, 0.0008832759016466529, 0.0007138161503320806, 0.000564327194957542, 0.0008840989095549204, 0.0008841200267789436, 0.0007589622307672436, 0.0008841113921217323, 0.0008840962604728294, 0.0005853702952750394, 0.0008052319501445822, 0.000884155334554712, 0.0008840991638578012, 0.0006537740660311164, 0.0005310757172215232, 0.0008840962604728294, 0.0008715698392288398, 0.000755495167516104, 0.0007263128661477821, 0.0008840962604728294, 0.0008490494724943959, 0.00047490486056366195, 0.0008049468710644077, 0.0008832007341147157, 0.0008621342879651002, 0.0006980992825426455, 0.0008018572205156624, 0.000835573224928959, 0.0006858474689277589, 0.0008515966755693701, 0.000789824324114799, 0.0008239071736110532, 0.0006957932918675678, 0.0005606631156165365, 0.0008840856184073465, 0.0007137201423738134, 0.0008682711736702195, 0.0006373307069941083, 0.0007567502701010825, 0.0008342087221573154, 0.000881357656447863, 0.0004083143959367005, 0.0004242680042024649, 0.0005840509856451197, 0.0008659907162831977, 0.0006602112869676087, 0.0006061755545728785, 0.00045149489660586164, 0.0006159775571820236, 0.000791173817688186, 0.0007915362795843367, 0.0006569160025608119, 0.000687025978918509, 0.0007728063124223966, 0.0004953210604894959, 0.000875704468833593, 0.0006708852253572887, 0.000811851695384205, 0.00028357082888642594
ul_il:0.7719135012102123, 10.931621756351115, 18.721901013256318, 6.884646044159718, 4.572149277830408, 5.006261052938777, 0.8112696256082532, 3.827867015213491, 16.485654226597376, 7.149980322945408, 7.193617428140168, 0.0501036900915334, 8.383681053052799, 2.3809035507325653, 1.2283269808684885, 8.708667359237506, 1.7789738464941312, 1.543805355539122, 1.378011244878137, 15.20732979058477, 8.940585200305003, 4.295585967854112, 11.447738375123246, 3.255664892302947, 1.215449852201095, 3.1818510503892123, 7.171023487267349, 2.0394423348811945, 0.011448276631489736, 2.1218519450106683, 0.4923251131558262, 0.3759113875569804, 0.483111431572687, 3.055005756263476, 4.858737570809985, 0.0055979744255731205, 2.4550526422026904, 5.487150041177178, 1.123449013157428, 0.0010208389544912127, 4.8610844965518165, 4.363713677610005, 0.41834331936834274, 0.0475263905919859, 2.82157897949348, 3.8294252197979413, 1.7225255394736236, 2.767456924188737, 9.782653850272194, 7.643465512716636, 0.001019893524724794, 2.274394322906564, 0.34356455778324096, 0.9034973814724593, 1.7046140990867136, 4.5439652593462565, 5.5562862728225335, 4.009953442600946, 2.5534177376567966, 2.1038063633822124, 2.3988866512161025, 6.130456691427087, 6.840546573307585, 14.603572978924436, 1.6976618646052974, 0.3833882931250948, 9.975374291385135, 7.168937589431825, 12.613584553307984, 8.569719748223287, 3.6803390305430126, 0.26132614051354736, 2.902232836930522, 2.9737426630736037, 6.810741867748335, 0.4876177567550954, 1.1948594315545003, 2.331133277199546, 4.049765461106835, 6.823975605955402, 1.8718592777875354, 0.36614350202467727, 0.49782044013738463, 1.4952263840234732, 0.32309536448635684, 0.9302992843500588, 0.014678963101156657, 1.2781953852585377, 0.15570154546453027, 0.9658626486065531
dl_il:0.04587983992652061, 1.3619539871647808, 4.623419773471255, 5.559169062603521, 8.637839289671764, 4.365616121136528, 0.013251971464703628, 3.963291875686613, 1.1917777183589837, 4.135616917890995, 8.87399542105317, 0.006954491851515404, 19.314976100698377, 13.376150620011662, 0.18591873328514014, 2.1398390005822168, 0.02844041637898267, 4.937436225192091, 4.817083046512815, 2.63899486922476, 1.4264093411644128, 5.590282075156886, 0.23364557885524287, 4.472849744618369, 0.055389609971974396, 1.239937842899759, 1.2525313270591538, 3.1608688963229072, 0.005147297420847325, 1.675202939101516, 0.5449221168448797, 0.017521386919737335, 0.05762837191289406, 0.9910081652563612, 9.00647013251035, 0.0015159026836326364, 0.11671613766927692, 2.5855686631171433, 0.044804377734735536, 0.0008840962604728294, 8.668323722899746, 2.2487371185890055, 0.014932968074015214, 0.0008842098315422371, 1.0824380618951641, 6.637704281141483, 0.0008840962604728294, 0.17030713577217274, 2.3642031634265406, 0.9154035159541587, 0.0008840962604728294, 0.15397568074035214, 1.9176449194488865, 0.14527857358104934, 0.047043840041783816, 0.11441063099646918, 6.087384590331177, 0.1700356186723027, 0.042061358709819925, 0.22793983679606086, 0.06808396098347431, 0.262716095326149, 0.17168896030498326, 0.22896122677774933, 0.17392474854641463, 0.0031362043133373887, 0.2818059687539045, 0.5125148253797777, 0.4363558775090133, 0.10197112817123108, 0.05423121826641779, 0.002375166639426338, 0.9527092181047497, 0.40386625934725373, 0.07149478496130948, 0.018808184629707254, 0.11409434278338848, 0.23609096436173946, 12.034867279678236, 0.06841288663856884, 0.028981075685413457, 0.017761292927600602, 0.2098260432251548, 0.06268179289071174, 0.021758011614741543, 0.08347836709833502, 0.0014933081659452838, 0.05609196567540937, 0.009015690031000573, 1.4647989420673735
sinr_ul:3.71649542e-05,1.96914714e-04,1.10614118e-03,3.96094555e-03,8.59497868e-03,1.79836450e-02,2.62203714e-02,3.06642132e-02,2.82888814e-02,2.08892348e-02,1.41510153e-02,1.07442940e-02,1.51910386e-02,2.50769412e-02,2.58684704e-02,1.60586840e-02,9.88381861e-03,5.30382103e-03,3.87326801e-03,1.84619019e-03,1.01590824e-03,5.24130055e-04,1.32335024e-04,6.38353986e-05,5.04877715e-05,5.01900550e-05,3.34434968e-05,3.46591729e-05,1.97733434e-05,1.85080479e-05,1.34220562e-05,5.80547348e-06,5.45813746e-06,5.60699576e-06,1.31243396e-05,5.85509292e-06,6.02876093e-06,1.98477726e-06,1.91034811e-06,4.66422656e-06
sinr_ul_bin_edges:-30.901937  ,-27.16985792,-23.43777885,-19.70569977,-15.9736207 ,-12.24154162, -8.50946255, -4.77738348, -1.0453044 ,  2.68677467,  6.41885375, 10.15093283, 13.8830119 , 17.61509098, 21.34717005, 25.07924913, 28.8113282 , 32.54340728, 36.27548635, 40.00756542, 43.7396445 , 47.47172357, 51.20380265, 54.93588173, 58.6679608 , 62.40003988, 66.13211895, 69.86419802, 73.5962771 , 77.32835617, 81.06043525, 84.79251432, 88.5245934 , 92.25667248, 95.98875155, 99.72083062,103.4529097 ,107.18498877,110.91706785,114.64914692,118.381226  
sinr_dl:3.56963812e-05,1.91443996e-04,9.67346613e-04,3.77270243e-03,8.04545799e-03,1.69451228e-02,2.50383532e-02,4.17499052e-02,2.01470629e-02,2.24877581e-02,1.52446079e-02,1.19709207e-02,1.61311440e-02,2.41931844e-02,2.96235913e-02,1.58545857e-02,9.15237492e-03,5.59957233e-03,2.90484998e-03,1.55170397e-03,1.02522032e-03,3.54482787e-04,1.10911947e-04,5.52660994e-05,5.16964613e-05,4.49622503e-05,3.40761199e-05,3.63799289e-05,1.92406026e-05,1.80507233e-05,1.19747435e-05,5.79749737e-06,5.56964813e-06,5.36711547e-06,7.39244206e-06,1.33165223e-05,5.67091446e-06,1.97469343e-06,1.89874368e-06,4.73420091e-06
sinr_dl_bin_edges:-24.07986   ,-20.42250137,-16.76514275,-13.10778413, -9.4504255 , -5.79306688, -2.13570825,  1.52165037,  5.179009  ,  8.83636762, 12.49372625, 16.15108487, 19.8084435 , 23.46580212, 27.12316075, 30.78051937, 34.437878  , 38.09523662, 41.75259525, 45.40995387, 49.0673125 , 52.72467113, 56.38202975, 60.03938838, 63.696747  , 67.35410562, 71.01146425, 74.66882287, 78.3261815 , 81.98354012, 85.64089875, 89.29825737, 92.955616  , 96.61297462,100.27033325,103.92769187,107.5850505 ,111.24240912,114.89976775,118.55712637,122.214485  
rsrp_ul:3.63775256e-05,1.97311500e-04,1.10883261e-03,3.95587613e-03,8.58043416e-03,1.80524525e-02,2.62160701e-02,3.06895883e-02,2.82447557e-02,2.08661189e-02,1.41340697e-02,1.07373214e-02,1.52870910e-02,2.50900034e-02,2.58576263e-02,1.59602860e-02,9.82108881e-03,5.34181770e-03,3.84609882e-03,1.80146863e-03,1.00391556e-03,5.20171339e-04,1.30135824e-04,6.30345399e-05,5.09830897e-05,4.94952564e-05,3.34762506e-05,3.44185450e-05,1.97881837e-05,1.84243364e-05,1.33905002e-05,5.75295565e-06,5.57937509e-06,5.60417232e-06,1.30681363e-05,5.92653621e-06,5.82734732e-06,1.98377781e-06,1.90938614e-06,4.66187785e-06
rsrp_ul_bin_edges:-157.0798    ,-153.34584066,-149.61188133,-145.87792199,-142.14396265,-138.41000331,-134.67604397,-130.94208464,-127.2081253 ,-123.47416596,-119.74020663,-116.00624729,-112.27228795,-108.53832861,-104.80436927,-101.07040994, -97.3364506 , -93.60249126, -89.86853193, -86.13457259, -82.40061325, -78.66665391, -74.93269457, -71.19873524, -67.4647759 , -63.73081656, -59.99685723, -56.26289789, -52.52893855, -48.79497921, -45.06101987, -41.32706054, -37.5931012 , -33.85914186, -30.12518253, -26.39122319, -22.65726385, -18.92330451, -15.18934517, -11.45538584,  -7.7214265 
rsrp_dl:3.50759022e-05,1.91373718e-04,9.61246748e-04,3.76294076e-03,8.05346258e-03,1.69688155e-02,2.50455102e-02,4.17388305e-02,2.01556358e-02,2.24703670e-02,1.52294961e-02,1.19735869e-02,1.61788991e-02,2.42221881e-02,2.96273189e-02,1.58194597e-02,9.05935138e-03,5.58939310e-03,2.88601790e-03,1.54675618e-03,1.01955474e-03,3.52884834e-04,1.10618159e-04,5.47902801e-05,5.14750253e-05,4.49204375e-05,3.39876888e-05,3.64171885e-05,1.90310811e-05,1.79934823e-05,1.19956549e-05,5.77006183e-06,5.56760352e-06,5.36514521e-06,7.49095747e-06,1.32863266e-05,5.51698895e-06,1.97396852e-06,1.89804666e-06,4.73246300e-06
rsrp_dl_bin_edges:-155.77211   ,-152.11340827,-148.45470655,-144.79600483,-141.1373031 ,-137.47860137,-133.81989965,-130.16119793,-126.5024962 ,-122.84379447,-119.18509275,-115.52639102,-111.8676893 ,-108.20898757,-104.55028585,-100.89158412, -97.2328824 , -93.57418067, -89.91547895, -86.25677722, -82.5980755 , -78.93937377, -75.28067205, -71.62197032, -67.9632686 , -64.30456687, -60.64586515, -56.98716342, -53.3284617 , -49.66975997, -46.01105825, -42.35235652, -38.6936548 , -35.03495307, -31.37625135, -27.71754963, -24.0588479 , -20.40014617, -16.74144445, -13.08274273,  -9.424041  
cqi_ul:1.01605795,0.        ,0.27562239,0.        ,0.        ,0.19644404,0.        ,0.        ,0.09837054,0.        ,0.05400523,0.        ,0.        ,0.07687664,0.        ,0.        ,0.05589904,0.        ,0.12527007,0.        ,0.        ,0.13908921,0.        ,0.        ,0.14336868,0.        ,0.11763062,0.        ,0.        ,0.06803203,0.        ,0.        ,0.0722031 ,0.        ,0.06013234,0.        ,0.        ,0.03527106,0.        ,0.13239371
cqi_ul_bin_edges: 0.   , 0.375, 0.75 , 1.125, 1.5  , 1.875, 2.25 , 2.625, 3.   , 3.375, 3.75 , 4.125, 4.5  , 4.875, 5.25 , 5.625, 6.   , 6.375, 6.75 , 7.125, 7.5  , 7.875, 8.25 , 8.625, 9.   , 9.375, 9.75 ,10.125,10.5  ,10.875,11.25 ,11.625,12.   ,12.375,12.75 ,13.125,13.5  ,13.875,14.25 ,14.625,15.   
cqi_dl:0.46617661,0.        ,0.46325886,0.        ,0.        ,0.24730288,0.        ,0.        ,0.190152  ,0.        ,0.08392375,0.        ,0.        ,0.06748191,0.        ,0.        ,0.03725599,0.        ,0.06477255,0.        ,0.        ,0.06926485,0.        ,0.        ,0.09697425,0.        ,0.100212  ,0.        ,0.        ,0.10138706,0.        ,0.        ,0.17207165,0.        ,0.15414983,0.        ,0.        ,0.07939835,0.        ,0.27288415
cqi_dl_bin_edges: 0.   , 0.375, 0.75 , 1.125, 1.5  , 1.875, 2.25 , 2.625, 3.   , 3.375, 3.75 , 4.125, 4.5  , 4.875, 5.25 , 5.625, 6.   , 6.375, 6.75 , 7.125, 7.5  , 7.875, 8.25 , 8.625, 9.   , 9.375, 9.75 ,10.125,10.5  ,10.875,11.25 ,11.625,12.   ,12.375,12.75 ,13.125,13.5  ,13.875,14.25 ,14.625,15.   
mcs_ul:0.69197161,0.06313003,0.04210785,0.        ,0.02964155,0.02305695,0.        ,0.01430835,0.01462303,0.        ,0.01877683,0.02240709,0.01422634,0.        ,0.01571958,0.03076337,0.        ,0.0363456 ,0.03755749,0.        ,0.03695459,0.03869783,0.03810683,0.        ,0.03164206,0.03137434,0.        ,0.01982047,0.01661864,0.        ,0.02043607,0.01825077,0.01547328,0.        ,0.01674047,0.01044132,0.        ,0.0084539 ,0.        ,0.0709252 
mcs_ul_bin_edges: 0. , 0.7, 1.4, 2.1, 2.8, 3.5, 4.2, 4.9, 5.6, 6.3, 7. , 7.7, 8.4, 9.1, 9.8,10.5,11.2,11.9,12.6,13.3,14. ,14.7,15.4,16.1,16.8,17.5,18.2,18.9,19.6,20.3,21. ,21.7,22.4,23.1,23.8,24.5,25.2,25.9,26.6,27.3,28. 
mcs_dl:0.49791186,0.06062555,0.07185813,0.        ,0.0566781 ,0.04518904,0.        ,0.02510389,0.01985526,0.        ,0.01916624,0.01698478,0.01034965,0.        ,0.00960891,0.01800435,0.        ,0.01669523,0.01762287,0.        ,0.0194833 ,0.0257474 ,0.02620309,0.        ,0.02573894,0.02794606,0.        ,0.02466924,0.02963123,0.        ,0.04504989,0.04714537,0.04496113,0.        ,0.03761913,0.02217217,0.        ,0.02036266,0.        ,0.14618794
mcs_dl_bin_edges: 0. , 0.7, 1.4, 2.1, 2.8, 3.5, 4.2, 4.9, 5.6, 6.3, 7. , 7.7, 8.4, 9.1, 9.8,10.5,11.2,11.9,12.6,13.3,14. ,14.7,15.4,16.1,16.8,17.5,18.2,18.9,19.6,20.3,21. ,21.7,22.4,23.1,23.8,24.5,25.2,25.9,26.6,27.3,28. 
eff_ul:2.05782353,0.5582184 ,0.23866702,0.15919136,0.11206174,0.        ,0.08716824,0.0540936 ,0.        ,0.05528326,0.07098697,0.0847114 ,0.05378355,0.05942885,0.11630284,0.        ,0.1374068 ,0.14198844,0.        ,0.13970912,0.        ,0.14629955,0.14406523,0.        ,0.1196248 ,0.        ,0.11861266,0.07493252,0.06282782,0.07725985,0.        ,0.06899819,0.        ,0.05849772,0.        ,0.06328839,0.        ,0.03947404,0.03196049,0.26813716
eff_ul_bin_edges:0.        ,0.18515763,0.37031527,0.5554729 ,0.74063053,0.92578816,1.1109458 ,1.29610343,1.48126106,1.66641869,1.85157632,2.03673396,2.22189159,2.40704922,2.59220686,2.77736449,2.96252212,3.14767975,3.33283738,3.51799502,3.70315265,3.88831028,4.07346792,4.25862555,4.44378318,4.62894081,4.81409844,4.99925608,5.18441371,5.36957134,5.55472897,5.73988661,5.92504424,6.11020187,6.29535951,6.48051714,6.66567477,6.8508324 ,7.03599004,7.22114767,7.4063053 
eff_dl:0.94414811,0.93823878,0.22919869,0.27166416,0.2142751 ,0.        ,0.17083999,0.09490683,0.        ,0.07506404,0.07245918,0.06421202,0.0391275 ,0.0363271 ,0.06806656,0.        ,0.06311736,0.06662436,0.        ,0.07365785,0.        ,0.09733967,0.09906241,0.        ,0.09730767,0.        ,0.10565184,0.0932636 ,0.11202273,0.17031392,0.        ,0.17823603,0.        ,0.16997837,0.        ,0.14222148,0.        ,0.08382327,0.07698231,0.55267262
eff_dl_bin_edges:0.        ,0.18515763,0.37031527,0.5554729 ,0.74063053,0.92578816,1.1109458 ,1.29610343,1.48126106,1.66641869,1.85157632,2.03673396,2.22189159,2.40704922,2.59220686,2.77736449,2.96252212,3.14767975,3.33283738,3.51799502,3.70315265,3.88831028,4.07346792,4.25862555,4.44378318,4.62894081,4.81409844,4.99925608,5.18441371,5.36957134,5.55472897,5.73988661,5.92504424,6.11020187,6.29535951,6.48051714,6.66567477,6.8508324 ,7.03599004,7.22114767,7.4063053 
rul:1.23830763e+00,1.41177787e-02,2.07539118e-03,6.09587993e-04,3.20615364e-04,2.05445114e-04,1.34248959e-04,1.08073902e-04,6.70081458e-05,6.92184840e-05,5.86321276e-05,4.22290919e-05,2.91997302e-05,3.11774012e-05,2.71057257e-05,2.28013830e-05,2.01257105e-05,1.91950418e-05,2.51280547e-05,1.23313602e-05,1.59377013e-05,6.74734802e-06,7.21268236e-06,4.18800911e-06,4.42067629e-06,7.21268236e-06,4.65334346e-06,9.65568768e-06,1.01210220e-05,6.28201367e-06,6.28201367e-06,5.11867781e-06,4.76967705e-06,3.14100684e-06,4.18800911e-06,3.37367401e-06,3.02467325e-06,6.98001519e-07,2.55933890e-06,6.98001519e-07
rul_bin_edges: 0.       , 0.7959165, 1.591833 , 2.3877495, 3.183666 , 3.9795825, 4.775499 , 5.5714155, 6.367332 , 7.1632485, 7.959165 , 8.7550815, 9.550998 ,10.3469145,11.142831 ,11.9387475,12.734664 ,13.5305805,14.326497 ,15.1224135,15.91833  ,16.7142465,17.510163 ,18.3060795,19.101996 ,19.8979125,20.693829 ,21.4897455,22.285662 ,23.0815785,23.877495 ,24.6734115,25.469328 ,26.2652445,27.061161 ,27.8570775,28.652994 ,29.4489105,30.244827 ,31.0407435,31.83666  
rdl:7.10843574e-01,4.06230198e-03,1.32332464e-03,2.69417400e-04,1.46291193e-04,5.15736192e-05,3.81658057e-05,3.33204077e-05,2.36959872e-05,1.38060654e-05,4.71264731e-06,4.91177325e-06,5.17727451e-06,4.71264731e-06,7.69953645e-06,5.57552640e-06,4.91177325e-06,5.04452388e-06,1.99125943e-06,1.19475566e-06,5.31002514e-07,6.63753142e-07,3.31876571e-07,9.29254399e-07,1.39388160e-06,9.29254399e-07,3.98251885e-07,2.65501257e-07,4.64627200e-07,3.31876571e-07,2.65501257e-07,0.00000000e+00,6.63753142e-08,6.63753142e-08,0.00000000e+00,1.99125943e-07,1.99125943e-07,2.65501257e-07,2.65501257e-07,3.98251885e-07
rdl_bin_edges: 0.        , 1.39497375, 2.7899475 , 4.18492125, 5.579895  , 6.97486875, 8.3698425 , 9.76481625,11.15979   ,12.55476375,13.9497375 ,15.34471125,16.739685  ,18.13465875,19.5296325 ,20.92460625,22.31958   ,23.71455375,25.1095275 ,26.50450125,27.899475  ,29.29444875,30.6894225 ,32.08439625,33.47937   ,34.87434375,36.2693175 ,37.66429125,39.059265  ,40.45423875,41.8492125 ,43.24418625,44.63916   ,46.03413375,47.4291075 ,48.82408125,50.219055  ,51.61402875,53.0090025 ,54.40397625,55.79895   
lul:1.98642419e+03,0.00000000e+00,0.00000000e+00,5.87446893e+02,2.61818659e+02,1.04431175e+01,2.33986698e+02,1.95947499e-01,4.96286241e-02,2.70960879e-02,1.02679912e-02,0.00000000e+00,0.00000000e+00,0.00000000e+00,0.00000000e+00,0.00000000e+00,7.98621538e-03,6.27488351e-03,2.85221978e-04,5.70443956e-03,0.00000000e+00,0.00000000e+00,0.00000000e+00,0.00000000e+00,0.00000000e+00,0.00000000e+00,0.00000000e+00,0.00000000e+00,0.00000000e+00,0.00000000e+00,0.00000000e+00,0.00000000e+00,0.00000000e+00,0.00000000e+00,0.00000000e+00,0.00000000e+00,0.00000000e+00,0.00000000e+00,0.00000000e+00,2.85221978e-04
lul_bin_edges:0.        ,0.00032463,0.00064926,0.00097389,0.00129852,0.00162315,0.00194778,0.00227242,0.00259705,0.00292168,0.00324631,0.00357094,0.00389557,0.0042202 ,0.00454483,0.00486946,0.00519409,0.00551872,0.00584335,0.00616798,0.00649261,0.00681725,0.00714188,0.00746651,0.00779114,0.00811577,0.0084404 ,0.00876503,0.00908966,0.00941429,0.00973892,0.01006355,0.01038818,0.01071281,0.01103745,0.01136208,0.01168671,0.01201134,0.01233597,0.0126606 ,0.01298523
ldl:2.52468032e+03,0.00000000e+00,0.00000000e+00,0.00000000e+00,0.00000000e+00,1.42320873e+03,1.40145295e+01,1.80802343e+02,1.17795235e+03,1.86414607e+02,9.70261066e+00,1.93789923e+02,3.34208084e-01,1.95659796e-02,3.86031490e-02,1.06819673e-01,4.91793542e-02,0.00000000e+00,3.80743387e-02,0.00000000e+00,0.00000000e+00,0.00000000e+00,0.00000000e+00,0.00000000e+00,0.00000000e+00,0.00000000e+00,0.00000000e+00,0.00000000e+00,0.00000000e+00,0.00000000e+00,0.00000000e+00,7.40334364e-03,3.59590977e-02,2.11524104e-03,0.00000000e+00,0.00000000e+00,0.00000000e+00,0.00000000e+00,0.00000000e+00,1.05762052e-03
ldl_bin_edges:0.        ,0.00017509,0.00035019,0.00052528,0.00070038,0.00087547,0.00105057,0.00122566,0.00140076,0.00157585,0.00175095,0.00192604,0.00210114,0.00227623,0.00245132,0.00262642,0.00280151,0.00297661,0.0031517 ,0.0033268 ,0.00350189,0.00367699,0.00385208,0.00402718,0.00420227,0.00437737,0.00455246,0.00472755,0.00490265,0.00507774,0.00525284,0.00542793,0.00560303,0.00577812,0.00595322,0.00612831,0.00630341,0.0064785 ,0.00665359,0.00682869,0.00700378
ilul:2.98266042e-01,7.51737480e-03,5.22715035e-03,4.11911080e-03,3.03437407e-03,2.29102689e-03,1.90460447e-03,1.38545869e-03,1.50107406e-03,1.92065325e-03,1.66794923e-03,1.79534441e-03,1.30113842e-03,1.35339323e-03,1.12598208e-03,1.17659992e-03,1.45543135e-03,1.60580837e-03,1.16973105e-03,8.39447247e-04,6.88235685e-04,5.35066173e-04,6.00673567e-04,5.52559338e-04,4.19097721e-04,5.91525765e-04,4.95746673e-04,3.93740656e-04,3.88508756e-04,3.88348268e-04,1.66169021e-04,3.04605758e-04,1.22965717e-04,8.61819240e-05,4.84993993e-05,5.93804691e-05,7.27972453e-05,4.32033034e-05,1.65302387e-05,2.49076995e-05
ilul_bin_edges:  0.       ,  2.8847005,  5.769401 ,  8.6541015, 11.538802 , 14.4235025, 17.308203 , 20.1929035, 23.077604 , 25.9623045, 28.847005 , 31.7317055, 34.616406 , 37.5011065, 40.385807 , 43.2705075, 46.155208 , 49.0399085, 51.924609 , 54.8093095, 57.69401  , 60.5787105, 63.463411 , 66.3481115, 69.232812 , 72.1175125, 75.002213 , 77.8869135, 80.771614 , 83.6563145, 86.541015 , 89.4257155, 92.310416 , 95.1951165, 98.079817 ,100.9645175,103.849218 ,106.7339185,109.618619 ,112.5033195,115.38802  
ildl:4.14635961e-01,7.47301819e-03,5.07079866e-03,4.35668745e-03,3.95940532e-03,2.91619902e-03,2.04999792e-03,1.59879650e-03,1.47630685e-03,1.09648674e-03,1.57260347e-03,1.47613649e-03,1.37962692e-03,1.52737260e-03,1.56485204e-03,1.01428750e-03,6.25182711e-04,3.30457978e-04,4.70963309e-04,7.07935623e-04,5.47583222e-04,3.44555360e-04,2.70533454e-04,4.38850238e-04,4.33654224e-04,4.65682114e-04,4.91534414e-04,2.55456496e-04,3.39061214e-04,1.56263735e-04,2.67041052e-05,1.80582784e-05,6.81444470e-07,3.75646264e-05,1.96298598e-04,3.64572791e-05,1.13119782e-04,3.07714768e-04,8.30936350e-05,1.12906831e-04
ildl_bin_edges: 0.      , 2.174013, 4.348026, 6.522039, 8.696052,10.870065,13.044078,15.218091,17.392104,19.566117,21.74013 ,23.914143,26.088156,28.262169,30.436182,32.610195,34.784208,36.958221,39.132234,41.306247,43.48026 ,45.654273,47.828286,50.002299,52.176312,54.350325,56.524338,58.698351,60.872364,63.046377,65.22039 ,67.394403,69.568416,71.742429,73.916442,76.090455,78.264468,80.438481,82.612494,84.786507,86.96052 
eul:5.63009229e+01,0.00000000e+00,0.00000000e+00,0.00000000e+00,0.00000000e+00,0.00000000e+00,2.19420342e-03,1.14169934e-02,1.62038057e-02,1.93791570e-02,3.12005023e-02,1.65867507e-01,7.55405369e+00,6.46546715e-02,1.35338943e-02,1.59481127e-02,9.34766335e-03,8.61031586e-03,3.57375679e-03,2.40827205e-03,3.21102940e-04,1.96229574e-04,1.72444171e-04,1.78390522e-04,1.30819716e-04,7.13562088e-05,3.21102940e-04,0.00000000e+00,9.51416117e-05,0.00000000e+00,0.00000000e+00,0.00000000e+00,0.00000000e+00,0.00000000e+00,1.72444171e-04,0.00000000e+00,0.00000000e+00,0.00000000e+00,0.00000000e+00,1.48658768e-04
eul_bin_edges:0.        ,0.0155712 ,0.0311424 ,0.0467136 ,0.0622848 ,0.077856  ,0.0934272 ,0.10899841,0.12456961,0.14014081,0.15571201,0.17128321,0.18685441,0.20242561,0.21799681,0.23356801,0.24913921,0.26471041,0.28028161,0.29585281,0.31142401,0.32699522,0.34256642,0.35813762,0.37370882,0.38928002,0.40485122,0.42042242,0.43599362,0.45156482,0.46713602,0.48270722,0.49827842,0.51384962,0.52942083,0.54499203,0.56056323,0.57613443,0.59170563,0.60727683,0.62284803
edl:6.32561374e+01,0.00000000e+00,0.00000000e+00,0.00000000e+00,0.00000000e+00,0.00000000e+00,2.97317537e-04,1.78985157e-03,2.37259394e-03,2.75316039e-03,4.72734883e-03,2.26674890e-02,9.13068101e-01,8.97898961e-03,2.03365195e-03,2.43800380e-03,1.47469498e-03,1.23089460e-03,5.41117917e-04,3.56781044e-04,5.35171566e-05,3.56781044e-05,2.37854029e-05,2.37854029e-05,1.78390522e-05,0.00000000e+00,4.75708059e-05,0.00000000e+00,0.00000000e+00,0.00000000e+00,0.00000000e+00,0.00000000e+00,0.00000000e+00,0.00000000e+00,2.97317537e-05,0.00000000e+00,0.00000000e+00,0.00000000e+00,0.00000000e+00,2.37854029e-05
edl_bin_edges:0.        ,0.0155712 ,0.0311424 ,0.0467136 ,0.0622848 ,0.077856  ,0.0934272 ,0.10899841,0.12456961,0.14014081,0.15571201,0.17128321,0.18685441,0.20242561,0.21799681,0.23356801,0.24913921,0.26471041,0.28028161,0.29585281,0.31142401,0.32699522,0.34256642,0.35813762,0.37370882,0.38928002,0.40485122,0.42042242,0.43599362,0.45156482,0.46713602,0.48270722,0.49827842,0.51384962,0.52942083,0.54499203,0.56056323,0.57613443,0.59170563,0.60727683,0.62284803
gul:4.93100829e+00,0.00000000e+00,0.00000000e+00,1.79906388e-03,4.40659597e-02,7.49943110e-02,1.44517395e-01,3.43099065e+01,3.34252002e-01,6.94564518e-02,4.01901986e-02,1.79091997e-02,5.45642008e-03,1.44739501e-03,1.11423504e-03,5.40459519e-04,4.66423969e-04,1.27341147e-03,0.00000000e+00,0.00000000e+00,0.00000000e+00,2.25808429e-04,3.33159978e-04,0.00000000e+00,2.40615539e-04,0.00000000e+00,0.00000000e+00,0.00000000e+00,0.00000000e+00,0.00000000e+00,0.00000000e+00,0.00000000e+00,0.00000000e+00,0.00000000e+00,0.00000000e+00,0.00000000e+00,0.00000000e+00,0.00000000e+00,0.00000000e+00,3.33159978e-04
gul_bin_edges:0.       ,0.0250128,0.0500256,0.0750384,0.1000512,0.125064 ,0.1500768,0.1750896,0.2001024,0.2251152,0.250128 ,0.2751408,0.3001536,0.3251664,0.3501792,0.375192 ,0.4002048,0.4252176,0.4502304,0.4752432,0.500256 ,0.5252688,0.5502816,0.5752944,0.6003072,0.62532  ,0.6503328,0.6753456,0.7003584,0.7253712,0.750384 ,0.7753968,0.8004096,0.8254224,0.8504352,0.875448 ,0.9004608,0.9254736,0.9504864,0.9754992,1.000512 
gdl:6.01094635e-01,0.00000000e+00,0.00000000e+00,1.96934565e-03,5.13214437e-02,8.80874981e-02,1.71762477e-01,3.85116720e+01,3.88956870e-01,8.20054776e-02,4.82304594e-02,2.10927284e-02,6.48181245e-03,1.62878211e-03,1.30302569e-03,6.55214623e-04,6.36705735e-04,1.33263991e-03,0.00000000e+00,0.00000000e+00,0.00000000e+00,3.14651090e-04,3.33159978e-04,0.00000000e+00,3.18352868e-04,0.00000000e+00,0.00000000e+00,0.00000000e+00,0.00000000e+00,0.00000000e+00,0.00000000e+00,0.00000000e+00,0.00000000e+00,0.00000000e+00,0.00000000e+00,0.00000000e+00,0.00000000e+00,0.00000000e+00,0.00000000e+00,3.33159978e-04
gdl_bin_edges:0.       ,0.0250128,0.0500256,0.0750384,0.1000512,0.125064 ,0.1500768,0.1750896,0.2001024,0.2251152,0.250128 ,0.2751408,0.3001536,0.3251664,0.3501792,0.375192 ,0.4002048,0.4252176,0.4502304,0.4752432,0.500256 ,0.5252688,0.5502816,0.5752944,0.6003072,0.62532  ,0.6503328,0.6753456,0.7003584,0.7253712,0.750384 ,0.7753968,0.8004096,0.8254224,0.8504352,0.875448 ,0.9004608,0.9254736,0.9504864,0.9754992,1.000512 
ri:34.5316215, 0.       , 0.       , 0.       , 0.       , 0.       , 0.       , 0.       , 0.       , 0.       , 0.       , 0.       , 0.       , 0.       , 0.       , 0.       , 0.       , 0.       , 0.       , 0.       , 0.       , 0.       , 0.       , 0.       , 0.       , 0.       , 0.       , 0.       , 0.       , 0.       , 0.       , 0.       , 0.       , 0.       , 0.       , 0.       , 0.       , 0.       , 0.       , 5.4683785
ri_bin_edges:1.   ,1.025,1.05 ,1.075,1.1  ,1.125,1.15 ,1.175,1.2  ,1.225,1.25 ,1.275,1.3  ,1.325,1.35 ,1.375,1.4  ,1.425,1.45 ,1.475,1.5  ,1.525,1.55 ,1.575,1.6  ,1.625,1.65 ,1.675,1.7  ,1.725,1.75 ,1.775,1.8  ,1.825,1.85 ,1.875,1.9  ,1.925,1.95 ,1.975,2.   
