period:1
ue_log_freq:1000
mac_log_freq:1000
mimo_layers:2
frequency:2412000000.0
bandwidth:50000000
ue_speed:5.555555555555555
max_distance:1000
shannon_cfg_bandwidth_mhz:50.0
shannon_cfg_mimo_layers:2
shannon_cfg_bw_efficiency:0.67
shannon_cfg_sinr_offset_db:0
shannon_cfg_ul_divisor:2
shannon_cfg_sinr_sample_rate:1000
n_ue:3
sinr_period:9.463597741343282
sinr_rate:105.66805852612856
ul_fairness:0.9959756038050481
dl_fairness:0.9945761595374226
ul_agg_throughput:1.6171746863005807
dl_agg_throughput:1.449885888649767
ul_ave_throughput:0.5390582287668603
dl_ave_throughput:0.483295296216589
ul_se:0.03234349372601161
dl_se:0.02899771777299534
ul_ase:1.0295253806712904e-08
dl_ase:9.230260243911832e-09
ul_gr:0.0999989853395366, 0.0999989853395366, 0.1818281517843422
dl_gr:0.0999989853395366, 0.0999989853395366, 0.1999979700800592
ul_tr:0.03718647575164248, 0.04084211786327137, 0.0770292378298217
dl_tr:0.06690232585040148, 0.06993625651410486, 0.1447384645102549
ul_er:0.0, 0.0, 0.01816782031569684
dl_er:0.0, 0.0, 0.0
ul_er_ratio:0.0, 0.0, 0.1908443461343674
dl_er_ratio:0.0, 0.0, 0.0
ul_er_perc:0.0, 0.0, 19.08443461343674
dl_er_perc:0.0, 0.0, 0.0
ul_l:0.0023390832108628914, 0.002434223029509705, 0.002417862986485135
dl_l:0.004623700344266557, 0.0048512209427855725, 0.004949684315351846
ul_il:0.002673915820906791, 0.0036334412493525064, 0.002945450527954721
dl_il:0.005309849183788162, 0.005655872094694054, 0.00659251131600684
sinr_ul:0.00314978,0.00658472,0.09066652,0.02978882,0.01699646,0.02228299,0.03146408,0.02112926,0.02029632,0.02635389,0.03471892,0.03693821,0.04420016,0.01878802,0.01098766,0.00579868,0.00404838,0.00386454,0.0042191 ,0.00419471,0.00109558,0.00108995,0.00177469,0.0178913 ,0.01274734,0.01856478,0.01553318,0.00784726,0.00804799,0.00848885,0.00816618,0.00359252,0.00521712,0.00260575,0.00182909,0.00204483,0.00454177,0.00170715,0.0018047 ,0.00174092
sinr_ul_bin_edges:-20.902592 ,-19.1257687,-17.3489454,-15.5721221,-13.7952988,-12.0184755,-10.2416522, -8.4648289, -6.6880056, -4.9111823, -3.134359 , -1.3575357,  0.4192876,  2.1961109,  3.9729342,  5.7497575,  7.5265808,  9.3034041, 11.0802274, 12.8570507, 14.633874 , 16.4106973, 18.1875206, 19.9643439, 21.7411672, 23.5179905, 25.2948138, 27.0716371, 28.8484604, 30.6252837, 32.402107 , 34.1789303, 35.9557536, 37.7325769, 39.5094002, 41.2862235, 43.0630468, 44.8398701, 46.6166934, 48.3935167, 50.17034  
sinr_dl:0.00323729,0.00683303,0.09131977,0.02922383,0.0169315 ,0.02263477,0.03137076,0.02119534,0.02030392,0.02689673,0.0340244 ,0.0375751 ,0.04367997,0.01860926,0.01086416,0.00570326,0.0040255 ,0.00386598,0.00423194,0.0041306 ,0.00109223,0.00109036,0.00187481,0.01798245,0.01299608,0.01858674,0.01521808,0.00779202,0.00812607,0.00849953,0.00804162,0.0036314 ,0.0051853 ,0.00260297,0.00181664,0.00198929,0.00459602,0.00170967,0.00180725,0.00171717
sinr_dl_bin_edges:-11.74853  , -9.9723715, -8.196213 , -6.4200545, -4.643896 , -2.8677375, -1.091579 ,  0.6845795,  2.460738 ,  4.2368965,  6.013055 ,  7.7892135,  9.565372 , 11.3415305, 13.117689 , 14.8938475, 16.670006 , 18.4461645, 20.222323 , 21.9984815, 23.77464  , 25.5507985, 27.326957 , 29.1031155, 30.879274 , 32.6554325, 34.431591 , 36.2077495, 37.983908 , 39.7600665, 41.536225 , 43.3123835, 45.088542 , 46.8647005, 48.640859 , 50.4170175, 52.193176 , 53.9693345, 55.745493 , 57.5216515, 59.29781  
rsrp_ul:0.00325807,0.006914  ,0.09149796,0.02905421,0.01690403,0.02273889,0.03136263,0.02118493,0.02031599,0.02706484,0.03379867,0.03775114,0.04351844,0.01857623,0.01084208,0.00567534,0.0040144 ,0.00386614,0.00423211,0.00411199,0.00109228,0.00109415,0.00190679,0.01800944,0.01308293,0.01856309,0.01513987,0.00777356,0.00814704,0.00851113,0.00799314,0.00364843,0.00516486,0.00260307,0.00181483,0.0021001 ,0.00448735,0.00170598,0.00180733,0.00170786
rsrp_ul_bin_edges:-136.38902  ,-134.6129325,-132.836845 ,-131.0607575,-129.28467  ,-127.5085825,-125.732495 ,-123.9564075,-122.18032  ,-120.4042325,-118.628145 ,-116.8520575,-115.07597  ,-113.2998825,-111.523795 ,-109.7477075,-107.97162  ,-106.1955325,-104.419445 ,-102.6433575,-100.86727  , -99.0911825, -97.315095 , -95.5390075, -93.76292  , -91.9868325, -90.210745 , -88.4346575, -86.65857  , -84.8824825, -83.106395 , -81.3303075, -79.55422  , -77.7781325, -76.002045 , -74.2259575, -72.44987  , -70.6737825, -68.897695 , -67.1216075, -65.34552  
rsrp_dl:0.00325807,0.00691401,0.09149608,0.02905609,0.01690403,0.02273889,0.03136263,0.02118493,0.02031599,0.02706484,0.03379867,0.03775114,0.04351844,0.01857623,0.01084208,0.00567534,0.0040144 ,0.00386614,0.00423211,0.00411199,0.00109228,0.00109415,0.00190679,0.01800944,0.01308293,0.01856309,0.01513987,0.00777356,0.00814704,0.00851113,0.00799315,0.00364843,0.00516486,0.00260307,0.00181483,0.0021001 ,0.00448735,0.00170598,0.00180733,0.00170786
rsrp_dl_bin_edges:-129.39932  ,-127.6232326,-125.8471452,-124.0710578,-122.2949704,-120.518883 ,-118.7427956,-116.9667082,-115.1906208,-113.4145334,-111.638446 ,-109.8623586,-108.0862712,-106.3101838,-104.5340964,-102.758009 ,-100.9819216, -99.2058342, -97.4297468, -95.6536594, -93.877572 , -92.1014846, -90.3253972, -88.5493098, -86.7732224, -84.997135 , -83.2210476, -81.4449602, -79.6688728, -77.8927854, -76.116698 , -74.3406106, -72.5645232, -70.7884358, -69.0123484, -67.236261 , -65.4601736, -63.6840862, -61.9079988, -60.1319114, -58.355824 
cqi_ul:1.8646658 ,0.        ,0.12263877,0.        ,0.        ,0.04795508,0.        ,0.        ,0.03402633,0.        ,0.00557328,0.        ,0.        ,0.00556439,0.        ,0.        ,0.00830214,0.        ,0.09313685,0.        ,0.        ,0.06446158,0.        ,0.        ,0.11842548,0.        ,0.04527955,0.        ,0.        ,0.02500419,0.        ,0.        ,0.05362613,0.        ,0.05337724,0.        ,0.        ,0.00989323,0.        ,0.11473663
cqi_ul_bin_edges: 0.   , 0.375, 0.75 , 1.125, 1.5  , 1.875, 2.25 , 2.625, 3.   , 3.375, 3.75 , 4.125, 4.5  , 4.875, 5.25 , 5.625, 6.   , 6.375, 6.75 , 7.125, 7.5  , 7.875, 8.25 , 8.625, 9.   , 9.375, 9.75 ,10.125,10.5  ,10.875,11.25 ,11.625,12.   ,12.375,12.75 ,13.125,13.5  ,13.875,14.25 ,14.625,15.   
cqi_dl:1.08202474,0.        ,0.33280556,0.        ,0.        ,0.43121347,0.        ,0.        ,0.12184767,0.        ,0.0270664 ,0.        ,0.        ,0.01963536,0.        ,0.        ,0.01211543,0.        ,0.02281755,0.        ,0.        ,0.01924425,0.        ,0.        ,0.00575994,0.        ,0.00540439,0.        ,0.        ,0.00847992,0.        ,0.        ,0.09450572,0.        ,0.06951042,0.        ,0.        ,0.09911012,0.        ,0.31512574
cqi_dl_bin_edges: 0.   , 0.375, 0.75 , 1.125, 1.5  , 1.875, 2.25 , 2.625, 3.   , 3.375, 3.75 , 4.125, 4.5  , 4.875, 5.25 , 5.625, 6.   , 6.375, 6.75 , 7.125, 7.5  , 7.875, 8.25 , 8.625, 9.   , 9.375, 9.75 ,10.125,10.5  ,10.875,11.25 ,11.625,12.   ,12.375,12.75 ,13.125,13.5  ,13.875,14.25 ,14.625,15.   
mcs_ul:1.06462745e+00,1.41236683e-02,1.15665510e-02,0.00000000e+00,1.12189354e-02,7.00945371e-03,0.00000000e+00,1.54760357e-03,1.43808086e-03,0.00000000e+00,1.52379429e-03,1.45712829e-03,9.42847714e-04,0.00000000e+00,3.50472686e-03,3.31949061e-02,0.00000000e+00,1.66998330e-02,1.35951021e-02,0.00000000e+00,2.09378859e-02,2.17950201e-02,4.16472026e-02,0.00000000e+00,1.30570123e-02,1.11998880e-02,0.00000000e+00,7.97134886e-03,5.41899343e-03,0.00000000e+00,1.20903553e-02,1.66426907e-02,9.77133086e-03,0.00000000e+00,1.88236213e-02,2.65235443e-03,0.00000000e+00,2.64759257e-03,0.00000000e+00,6.14660520e-02
mcs_ul_bin_edges: 0. , 0.7, 1.4, 2.1, 2.8, 3.5, 4.2, 4.9, 5.6, 6.3, 7. , 7.7, 8.4, 9.1, 9.8,10.5,11.2,11.9,12.6,13.3,14. ,14.7,15.4,16.1,16.8,17.5,18.2,18.9,19.6,20.3,21. ,21.7,22.4,23.1,23.8,24.5,25.2,25.9,26.6,27.3,28. 
mcs_dl:0.7579448 ,0.11583218,0.11517504,0.        ,0.04399004,0.0212855 ,0.        ,0.00771421,0.00678565,0.        ,0.00539042,0.00512852,0.00331901,0.        ,0.0031714 ,0.00593804,0.        ,0.00628565,0.00603327,0.        ,0.00427615,0.00156189,0.00152379,0.        ,0.00143808,0.00145713,0.        ,0.00104761,0.00348568,0.        ,0.03345681,0.01718078,0.01449509,0.        ,0.02274263,0.01597603,0.        ,0.03711868,0.        ,0.16881736
mcs_dl_bin_edges: 0. , 0.7, 1.4, 2.1, 2.8, 3.5, 4.2, 4.9, 5.6, 6.3, 7. , 7.7, 8.4, 9.1, 9.8,10.5,11.2,11.9,12.6,13.3,14. ,14.7,15.4,16.1,16.8,17.5,18.2,18.9,19.6,20.3,21. ,21.7,22.4,23.1,23.8,24.5,25.2,25.9,26.6,27.3,28. 
eff_ul:3.77651232e+00,2.48380616e-01,5.33954415e-02,4.37280942e-02,4.24139111e-02,0.00000000e+00,2.64996932e-02,5.85081541e-03,0.00000000e+00,5.43675770e-03,5.76080286e-03,5.50876774e-03,3.56449677e-03,1.32498466e-02,1.25495490e-01,0.00000000e+00,6.31347989e-02,5.13971630e-02,0.00000000e+00,7.91570318e-02,0.00000000e+00,8.23974834e-02,1.57449943e-01,0.00000000e+00,4.93628795e-02,0.00000000e+00,4.23419010e-02,3.01362000e-02,2.04868552e-02,4.57083702e-02,0.00000000e+00,6.29187688e-02,0.00000000e+00,3.69411484e-02,0.00000000e+00,7.11639179e-02,0.00000000e+00,1.00273975e-02,1.00093950e-02,2.32376385e-01
eff_ul_bin_edges:0.        ,0.18515752,0.37031505,0.55547258,0.7406301 ,0.92578762,1.11094515,1.29610267,1.4812602 ,1.66641772,1.85157525,2.03673277,2.2218903 ,2.40704782,2.59220535,2.77736287,2.9625204 ,3.14767792,3.33283545,3.51799297,3.7031505 ,3.88830802,4.07346555,4.25862308,4.4437806 ,4.62893812,4.81409565,4.99925317,5.1844107 ,5.36956823,5.55472575,5.73988327,5.9250408 ,6.11019832,6.29535585,6.48051337,6.6656709 ,6.85082842,7.03598595,7.22114347,7.406301  
eff_dl:2.19142741,0.67403194,0.43791103,0.43542668,0.16630718,0.        ,0.08047121,0.02916406,0.        ,0.02565358,0.02037884,0.0193887 ,0.01254775,0.01198967,0.02244913,0.        ,0.02376331,0.02280918,0.        ,0.01616625,0.        ,0.00590482,0.0057608 ,0.        ,0.00543676,0.        ,0.00550877,0.00396055,0.01317784,0.12648563,0.        ,0.06495305,0.        ,0.05479964,0.        ,0.08597998,0.        ,0.06039842,0.14032956,0.63822495
eff_dl_bin_edges:0.        ,0.18515752,0.37031505,0.55547258,0.7406301 ,0.92578762,1.11094515,1.29610267,1.4812602 ,1.66641772,1.85157525,2.03673277,2.2218903 ,2.40704782,2.59220535,2.77736287,2.9625204 ,3.14767792,3.33283545,3.51799297,3.7031505 ,3.88830802,4.07346555,4.25862308,4.4437806 ,4.62893812,4.81409565,4.99925317,5.1844107 ,5.36956823,5.55472575,5.73988327,5.9250408 ,6.11019832,6.29535585,6.48051337,6.6656709 ,6.85082842,7.03598595,7.22114347,7.406301  
rul:8.62199699e-01,0.00000000e+00,0.00000000e+00,5.75037481e-06,2.87518741e-06,2.87518741e-06,0.00000000e+00,0.00000000e+00,2.87518741e-06,5.75037481e-06,0.00000000e+00,2.87518741e-06,0.00000000e+00,2.87518741e-06,2.87518741e-06,2.87518741e-06,2.87518741e-06,2.87518741e-06,2.87518741e-06,2.38640555e-04,0.00000000e+00,0.00000000e+00,0.00000000e+00,0.00000000e+00,0.00000000e+00,0.00000000e+00,0.00000000e+00,0.00000000e+00,0.00000000e+00,0.00000000e+00,0.00000000e+00,0.00000000e+00,0.00000000e+00,0.00000000e+00,0.00000000e+00,2.87518741e-06,0.00000000e+00,0.00000000e+00,0.00000000e+00,8.33804348e-05
rul_bin_edges: 0.        , 1.15933313, 2.31866625, 3.47799938, 4.6373325 , 5.79666563, 6.95599875, 8.11533188, 9.274665  ,10.43399813,11.59333125,12.75266438,13.9119975 ,15.07133063,16.23066375,17.38999688,18.54933   ,19.70866313,20.86799625,22.02732938,23.1866625 ,24.34599563,25.50532875,26.66466188,27.823995  ,28.98332813,30.14266125,31.30199438,32.4613275 ,33.62066062,34.77999375,35.93932687,37.09866   ,38.25799313,39.41732625,40.57665938,41.7359925 ,42.89532563,44.05465875,45.21399188,46.373325  
rdl:9.22257136e-01,0.00000000e+00,0.00000000e+00,0.00000000e+00,3.07581038e-06,3.07581038e-06,0.00000000e+00,3.07581038e-06,3.07581038e-06,0.00000000e+00,0.00000000e+00,6.15162076e-06,6.15162076e-06,6.15162076e-06,0.00000000e+00,3.07581038e-06,6.15162076e-06,6.15162076e-06,0.00000000e+00,3.16808469e-04,3.07581038e-06,0.00000000e+00,0.00000000e+00,0.00000000e+00,0.00000000e+00,0.00000000e+00,0.00000000e+00,0.00000000e+00,0.00000000e+00,0.00000000e+00,0.00000000e+00,3.07581038e-06,0.00000000e+00,0.00000000e+00,0.00000000e+00,0.00000000e+00,0.00000000e+00,0.00000000e+00,0.00000000e+00,1.26108226e-04
rdl_bin_edges: 0.       , 1.0837144, 2.1674288, 3.2511432, 4.3348576, 5.418572 , 6.5022864, 7.5860008, 8.6697152, 9.7534296,10.837144 ,11.9208584,13.0045728,14.0882872,15.1720016,16.255716 ,17.3394304,18.4231448,19.5068592,20.5905736,21.674288 ,22.7580024,23.8417168,24.9254312,26.0091456,27.09286  ,28.1765744,29.2602888,30.3440032,31.4277176,32.511432 ,33.5951464,34.6788608,35.7625752,36.8462896,37.930004 ,39.0137184,40.0974328,41.1811472,42.2648616,43.348576 
lul:2.63106527e+03,0.00000000e+00,0.00000000e+00,0.00000000e+00,0.00000000e+00,0.00000000e+00,0.00000000e+00,0.00000000e+00,0.00000000e+00,0.00000000e+00,0.00000000e+00,0.00000000e+00,0.00000000e+00,0.00000000e+00,0.00000000e+00,0.00000000e+00,0.00000000e+00,0.00000000e+00,0.00000000e+00,0.00000000e+00,0.00000000e+00,0.00000000e+00,0.00000000e+00,0.00000000e+00,0.00000000e+00,0.00000000e+00,0.00000000e+00,0.00000000e+00,0.00000000e+00,0.00000000e+00,0.00000000e+00,0.00000000e+00,0.00000000e+00,0.00000000e+00,3.39480166e+02,2.34484069e+02,7.31338769e+00,2.05093819e+02,3.41747088e-02,3.41747088e-02
lul_bin_edges:0.        ,0.00029261,0.00058522,0.00087783,0.00117044,0.00146306,0.00175567,0.00204828,0.00234089,0.0026335 ,0.00292611,0.00321872,0.00351133,0.00380394,0.00409656,0.00438917,0.00468178,0.00497439,0.005267  ,0.00555961,0.00585222,0.00614483,0.00643744,0.00673006,0.00702267,0.00731528,0.00760789,0.0079005 ,0.00819311,0.00848572,0.00877833,0.00907094,0.00936356,0.00965617,0.00994878,0.01024139,0.010534  ,0.01082661,0.01111922,0.01141183,0.01170445
ldl:1.82745838e+03,0.00000000e+00,0.00000000e+00,0.00000000e+00,0.00000000e+00,0.00000000e+00,0.00000000e+00,0.00000000e+00,0.00000000e+00,0.00000000e+00,0.00000000e+00,0.00000000e+00,0.00000000e+00,0.00000000e+00,0.00000000e+00,0.00000000e+00,0.00000000e+00,0.00000000e+00,0.00000000e+00,0.00000000e+00,0.00000000e+00,0.00000000e+00,0.00000000e+00,0.00000000e+00,0.00000000e+00,0.00000000e+00,0.00000000e+00,0.00000000e+00,0.00000000e+00,0.00000000e+00,0.00000000e+00,0.00000000e+00,0.00000000e+00,0.00000000e+00,8.42440748e+02,4.11178705e+02,3.00053944e+01,3.06353482e+02,3.41747088e-02,3.41747088e-02
ldl_bin_edges:0.        ,0.00029261,0.00058522,0.00087783,0.00117044,0.00146306,0.00175567,0.00204828,0.00234089,0.0026335 ,0.00292611,0.00321872,0.00351133,0.00380394,0.00409656,0.00438917,0.00468178,0.00497439,0.005267  ,0.00555961,0.00585222,0.00614483,0.00643744,0.00673006,0.00702267,0.00731528,0.00760789,0.0079005 ,0.00819311,0.00848572,0.00877833,0.00907094,0.00936356,0.00965617,0.00994878,0.01024139,0.010534  ,0.01082661,0.01111922,0.01141183,0.01170445
ilul:3.00302611e+00,2.00262487e-04,1.90249362e-04,1.70223114e-04,1.70223114e-04,1.10144368e-04,1.00131243e-05,0.00000000e+00,0.00000000e+00,0.00000000e+00,0.00000000e+00,0.00000000e+00,0.00000000e+00,0.00000000e+00,0.00000000e+00,0.00000000e+00,0.00000000e+00,0.00000000e+00,0.00000000e+00,0.00000000e+00,0.00000000e+00,0.00000000e+00,0.00000000e+00,0.00000000e+00,0.00000000e+00,0.00000000e+00,0.00000000e+00,0.00000000e+00,0.00000000e+00,0.00000000e+00,0.00000000e+00,0.00000000e+00,0.00000000e+00,2.00262487e-05,1.00131243e-05,1.00131243e-05,1.00131243e-05,2.00262487e-05,1.00131243e-05,1.00131243e-05
ilul_bin_edges: 0.       , 0.3328931, 0.6657862, 0.9986793, 1.3315724, 1.6644655, 1.9973586, 2.3302517, 2.6631448, 2.9960379, 3.328931 , 3.6618241, 3.9947172, 4.3276103, 4.6605034, 4.9933965, 5.3262896, 5.6591827, 5.9920758, 6.3249689, 6.657862 , 6.9907551, 7.3236482, 7.6565413, 7.9894344, 8.3223275, 8.6552206, 8.9881137, 9.3210068, 9.6538999, 9.986793 ,10.3196861,10.6525792,10.9854723,11.3183654,11.6512585,11.9841516,12.3170447,12.6499378,12.9828309,13.315724 
ildl:6.16453640e+00,2.67251064e-04,1.23346645e-04,1.43904419e-04,1.43904419e-04,1.23346645e-04,2.05577742e-04,1.02788871e-04,1.23346645e-04,6.16733225e-05,1.43904419e-04,4.11155483e-05,1.43904419e-04,1.02788871e-04,8.22310967e-05,4.11155483e-05,6.16733225e-05,6.16733225e-05,4.11155483e-05,6.16733225e-05,6.16733225e-05,4.11155483e-05,4.11155483e-05,4.11155483e-05,4.11155483e-05,6.16733225e-05,4.11155483e-05,4.11155483e-05,4.11155483e-05,6.16733225e-05,4.11155483e-05,4.11155483e-05,4.11155483e-05,6.16733225e-05,2.05577742e-05,2.05577742e-05,2.05577742e-05,2.05577742e-05,2.05577742e-05,2.05577742e-05
ildl_bin_edges:0.        ,0.16214304,0.32428608,0.48642912,0.64857216,0.8107152 ,0.97285824,1.13500128,1.29714432,1.45928736,1.6214304 ,1.78357344,1.94571648,2.10785952,2.27000256,2.4321456 ,2.59428864,2.75643168,2.91857472,3.08071776,3.2428608 ,3.40500384,3.56714688,3.72928992,3.89143296,4.053576  ,4.21571904,4.37786208,4.54000512,4.70214816,4.8642912 ,5.02643424,5.18857728,5.35072032,5.51286336,5.6750064 ,5.83714944,5.99929248,6.16143552,6.32357856,6.4857216 
eul:1.20912763e+02,0.00000000e+00,0.00000000e+00,0.00000000e+00,0.00000000e+00,0.00000000e+00,0.00000000e+00,0.00000000e+00,0.00000000e+00,4.15623467e-04,0.00000000e+00,0.00000000e+00,0.00000000e+00,0.00000000e+00,0.00000000e+00,0.00000000e+00,0.00000000e+00,0.00000000e+00,0.00000000e+00,0.00000000e+00,4.15623467e-04,4.15623467e-04,4.57185814e-03,3.03405131e-02,2.66871828e+00,1.04446177e+00,2.07811734e-02,4.15623467e-03,4.15623467e-04,4.15623467e-04,0.00000000e+00,0.00000000e+00,0.00000000e+00,0.00000000e+00,0.00000000e+00,0.00000000e+00,0.00000000e+00,0.00000000e+00,0.00000000e+00,4.15623467e-04
eul_bin_edges:0.        ,0.00802   ,0.01604   ,0.02406   ,0.03208   ,0.0401    ,0.04812   ,0.05614   ,0.06416   ,0.07218   ,0.08019999,0.08821999,0.09623999,0.10425999,0.11227999,0.12029999,0.12831999,0.13633999,0.14435999,0.15237999,0.16039999,0.16841999,0.17643999,0.18445999,0.19247999,0.20049999,0.20851999,0.21653999,0.22455999,0.23257999,0.24059998,0.24861998,0.25663998,0.26465998,0.27267998,0.28069998,0.28871998,0.29673998,0.30475998,0.31277998,0.32079998
edl: 0., 0., 0., 0., 0., 0., 0., 0., 0., 0., 0., 0., 0., 0., 0., 0., 0., 0., 0., 0.,40., 0., 0., 0., 0., 0., 0., 0., 0., 0., 0., 0., 0., 0., 0., 0., 0., 0., 0., 0.
edl_bin_edges:-0.5  ,-0.475,-0.45 ,-0.425,-0.4  ,-0.375,-0.35 ,-0.325,-0.3  ,-0.275,-0.25 ,-0.225,-0.2  ,-0.175,-0.15 ,-0.125,-0.1  ,-0.075,-0.05 ,-0.025, 0.   , 0.025, 0.05 , 0.075, 0.1  , 0.125, 0.15 , 0.175, 0.2  , 0.225, 0.25 , 0.275, 0.3  , 0.325, 0.35 , 0.375, 0.4  , 0.425, 0.45 , 0.475, 0.5  
gul:2.74702590e+00,1.51101534e-03,3.02203069e-03,2.41762455e-03,4.83524910e-03,1.81321841e-03,4.23084296e-03,3.47533529e-02,1.06369436e+01,4.96888330e+01,5.22811309e-02,3.62643683e-03,1.81321841e-03,2.41762455e-03,6.34626445e-03,1.39013412e-02,6.79956905e-02,4.75244546e+00,2.24485506e+01,1.53519159e-01,2.29674332e-02,3.62643683e-03,1.20881228e-03,3.02203069e-04,3.02203069e-04,3.02203069e-04,6.04406138e-04,0.00000000e+00,9.06609207e-04,3.02203069e-04,0.00000000e+00,3.02203069e-04,1.20881228e-03,0.00000000e+00,3.02203069e-04,0.00000000e+00,3.02203069e-04,0.00000000e+00,6.04406138e-04,3.02203069e-04
gul_bin_edges:0.        ,0.01103   ,0.02206   ,0.03309   ,0.04412   ,0.05515   ,0.06618   ,0.07721   ,0.08824   ,0.09927   ,0.11030001,0.12133001,0.13236001,0.14339001,0.15442001,0.16545001,0.17648001,0.18751001,0.19854001,0.20957001,0.22060001,0.23163001,0.24266001,0.25369001,0.26472001,0.27575001,0.28678001,0.29781001,0.30884001,0.31987001,0.33090002,0.34193002,0.35296002,0.36399002,0.37502002,0.38605002,0.39708002,0.40811002,0.41914002,0.43017002,0.44120002
gdl:1.51101534e-03,1.51101534e-03,3.02203069e-03,2.41762455e-03,4.83524910e-03,1.81321841e-03,4.23084296e-03,3.50555560e-02,1.06369436e+01,4.96888330e+01,5.22811309e-02,3.62643683e-03,1.81321841e-03,2.41762455e-03,6.64846751e-03,1.42035442e-02,7.31331427e-02,5.24805849e+00,2.46757872e+01,1.68024906e-01,2.44784486e-02,3.92863989e-03,1.20881228e-03,3.02203069e-04,3.02203069e-04,3.02203069e-04,6.04406138e-04,0.00000000e+00,9.06609207e-04,6.04406138e-04,0.00000000e+00,3.02203069e-04,1.20881228e-03,0.00000000e+00,3.02203069e-04,0.00000000e+00,3.02203069e-04,0.00000000e+00,6.04406138e-04,3.02203069e-04
gdl_bin_edges:0.        ,0.01103   ,0.02206   ,0.03309   ,0.04412   ,0.05515   ,0.06618   ,0.07721   ,0.08824   ,0.09927   ,0.11030001,0.12133001,0.13236001,0.14339001,0.15442001,0.16545001,0.17648001,0.18751001,0.19854001,0.20957001,0.22060001,0.23163001,0.24266001,0.25369001,0.26472001,0.27575001,0.28678001,0.29781001,0.30884001,0.31987001,0.33090002,0.34193002,0.35296002,0.36399002,0.37502002,0.38605002,0.39708002,0.40811002,0.41914002,0.43017002,0.44120002
ri: 0., 0., 0., 0., 0., 0., 0., 0., 0., 0., 0., 0., 0., 0., 0., 0., 0., 0., 0., 0.,40., 0., 0., 0., 0., 0., 0., 0., 0., 0., 0., 0., 0., 0., 0., 0., 0., 0., 0., 0.
ri_bin_edges:0.5  ,0.525,0.55 ,0.575,0.6  ,0.625,0.65 ,0.675,0.7  ,0.725,0.75 ,0.775,0.8  ,0.825,0.85 ,0.875,0.9  ,0.925,0.95 ,0.975,1.   ,1.025,1.05 ,1.075,1.1  ,1.125,1.15 ,1.175,1.2  ,1.225,1.25 ,1.275,1.3  ,1.325,1.35 ,1.375,1.4  ,1.425,1.45 ,1.475,1.5  
