period:1
ue_log_freq:1000
mac_log_freq:1000
mimo_layers:2
frequency:2412000000.0
bandwidth:50000000
ue_speed:5.555555555555555
max_distance:1000
shannon_cfg_bandwidth_mhz:50.0
shannon_cfg_mimo_layers:2
shannon_cfg_bw_efficiency:0.67
shannon_cfg_sinr_offset_db:0
shannon_cfg_ul_divisor:2
shannon_cfg_sinr_sample_rate:1000
n_ue:5
sinr_period:9.463597741343282
sinr_rate:105.66805852612856
ul_fairness:0.642603184501955
dl_fairness:0.998899476849774
ul_agg_throughput:0.012463123174203299
dl_agg_throughput:0.012708877553487177
ul_ave_throughput:0.00249262463484066
dl_ave_throughput:0.0025417755106974353
ul_se:0.000249262463484066
dl_se:0.0002541775510697435
ul_ase:7.934270638150432e-11
dl_ase:8.090722735148471e-11
ul_gr:0.005978512272707072, 0.005978512272707072, 0.005978512272707072, 0.005978512272707072, 0.005978512272707072
dl_gr:0.0027173157119048945, 0.0027173157119048945, 0.0027173157119048945, 0.0027173157119048945, 0.0027173157119048945
ul_tr:0.005450541692739292, 0.005450541821065496, 0.005450541802177657, 0.005450542035498028, 0.005450540256652409
dl_tr:0.0026481194850286097, 0.0026481194766957393, 0.0026481194850286097, 0.002648119479473363, 0.0026481194274762514
ul_er:0.0, 0.0, 0.0, 0.0, 0.0
dl_er:0.0, 0.0, 0.0, 0.0, 0.0
ul_er_ratio:0.0, 0.0, 0.0, 0.0, 0.0
dl_er_ratio:0.0, 0.0, 0.0, 0.0, 0.0
ul_er_perc:0.0, 0.0, 0.0, 0.0, 0.0
dl_er_perc:0.0, 0.0, 0.0, 0.0, 0.0
ul_l:2.789247640131104e-05, 2.7917030164990833e-05, 2.774257827342925e-05, 2.7560264424198656e-05, 2.8173817204599742e-05
dl_l:2.883914150324982e-05, 2.883914150324982e-05, 2.883914150324982e-05, 2.883914150324982e-05, 2.6184256485750792e-05
ul_il:5.0634620248875064e-05, 5.0846540269985e-05, 4.996642085439699e-05, 4.9599610293872564e-05, 0.016366832674540307
dl_il:3.568307431809344e-05, 3.568307431809344e-05, 3.568307431809344e-05, 3.568307431809344e-05, 0.0009929828892950392
sinr_ul:0.00113147,0.00046706,0.00249977,0.00344047,0.0020656 ,0.00338127,0.0036444 ,0.0072296 ,0.00968332,0.01189364,0.01054508,0.00986751,0.00769008,0.00636126,0.00616391,0.00845975,0.00430881,0.00343389,0.00257871,0.00524952,0.00663755,0.00234189,0.00049338,0.00089465,0.01059771,0.02231373,0.06195482,0.04027261,0.01463023,0.01799834,0.05149526,0.09353744,0.02742511,0.01839962,0.0352928 ,0.03597037,0.02193219,0.00869657,0.00657834,0.00449301
sinr_ul_bin_edges:-13.041712  ,-11.35266757, -9.66362315, -7.97457873, -6.2855343 , -4.59648987, -2.90744545, -1.21840103,  0.4706434 ,  2.15968783,  3.84873225,  5.53777667,  7.2268211 ,  8.91586553, 10.60490995, 12.29395438, 13.9829988 , 15.67204322, 17.36108765, 19.05013208, 20.7391765 , 22.42822093, 24.11726535, 25.80630977, 27.4953542 , 29.18439863, 30.87344305, 32.56248747, 34.2515319 , 35.94057632, 37.62962075, 39.31866518, 41.0077096 , 42.69675403, 44.38579845, 46.07484288, 47.7638873 , 49.45293172, 51.14197615, 52.83102057, 54.520065  
sinr_dl:0.00113152,0.00047366,0.00249987,0.00344061,0.00204595,0.00338798,0.00364455,0.00722331,0.00972318,0.01186123,0.01057182,0.00985476,0.00771013,0.00634178,0.006151  ,0.00846667,0.00428925,0.00342088,0.00260513,0.00524315,0.00663782,0.00234198,0.00051313,0.00086838,0.01047315,0.02167652,0.06208891,0.04060975,0.01481503,0.01805828,0.05151709,0.09350177,0.02749858,0.01841353,0.03526792,0.03600473,0.0219265 ,0.0087035 ,0.00658519,0.00448661
sinr_dl_bin_edges:-7.0896626 ,-5.40068678,-3.71171097,-2.02273516,-0.33375934, 1.35521647, 3.04419229, 4.7331681 , 6.42214392, 8.11111973, 9.80009555,11.48907136,13.17804718,14.86702299,16.55599881,18.24497462,19.93395044,21.62292625,23.31190207,25.00087788,26.6898537 ,28.37882951,30.06780533,31.75678114,33.44575696,35.13473277,36.82370859,38.51268441,40.20166022,41.89063603,43.57961185,45.26858766,46.95756348,48.64653929,50.33551511,52.02449092,53.71346674,55.40244255,57.09141837,58.78039418,60.46937   
rsrp_ul:0.00113155,0.0004671 ,0.00249995,0.00344071,0.00206574,0.0033815 ,0.00363808,0.00721037,0.00971031,0.01187474,0.01055898,0.00987478,0.00769062,0.00634855,0.00616434,0.0084735 ,0.00428938,0.00344071,0.00257889,0.00524989,0.00662486,0.00234863,0.00049999,0.00076972,0.01005899,0.02049955,0.06174207,0.04200566,0.01506546,0.01820355,0.05164361,0.09330059,0.02774939,0.01847986,0.03524265,0.03604526,0.02196662,0.0086906 ,0.00657222,0.00449332
rsrp_ul_bin_edges:-141.78555   ,-140.09662415,-138.4076983 ,-136.71877245,-135.0298466 ,-133.34092075,-131.6519949 ,-129.96306905,-128.2741432 ,-126.58521735,-124.8962915 ,-123.20736565,-121.5184398 ,-119.82951395,-118.1405881 ,-116.45166225,-114.7627364 ,-113.07381055,-111.3848847 ,-109.69595885,-108.007033  ,-106.31810715,-104.6291813 ,-102.94025545,-101.2513296 , -99.56240375, -97.8734779 , -96.18455205, -94.4956262 , -92.80670035, -91.1177745 , -89.42884865, -87.7399228 , -86.05099695, -84.3620711 , -82.67314525, -80.9842194 , -79.29529355, -77.6063677 , -75.91744185, -74.228516  
rsrp_dl:0.00113158,0.00047369,0.00250001,0.0034408 ,0.00204606,0.00338817,0.00364475,0.00721713,0.00972372,0.01186847,0.01056583,0.0098553 ,0.00771056,0.00634213,0.00615792,0.00846714,0.00427633,0.00343422,0.00260527,0.00523028,0.00663818,0.00234211,0.00051316,0.00075658,0.01007241,0.02051324,0.06172392,0.041987  ,0.01508558,0.01821718,0.05164494,0.09330299,0.02773037,0.01849349,0.03524356,0.03603961,0.02195403,0.00870398,0.00657897,0.00448686
rsrp_dl_bin_edges:-141.78433  ,-140.0954476,-138.4065652,-136.7176828,-135.0288004,-133.339918 ,-131.6510356,-129.9621532,-128.2732708,-126.5843884,-124.895506 ,-123.2066236,-121.5177412,-119.8288588,-118.1399764,-116.451094 ,-114.7622116,-113.0733292,-111.3844468,-109.6955644,-108.006682 ,-106.3177996,-104.6289172,-102.9400348,-101.2511524, -99.56227  , -97.8733876, -96.1845052, -94.4956228, -92.8067404, -91.117858 , -89.4289756, -87.7400932, -86.0512108, -84.3623284, -82.673446 , -80.9845636, -79.2956812, -77.6067988, -75.9179164, -74.229034 
cqi_ul:0.17771852,0.        ,0.12035556,0.        ,0.        ,0.07988148,0.        ,0.        ,0.05940741,0.        ,0.02026667,0.        ,0.        ,0.01333333,0.        ,0.        ,0.0117037 ,0.        ,0.04023704,0.        ,0.        ,0.01321481,0.        ,0.        ,0.00254815,0.        ,0.00574815,0.        ,0.        ,0.04503704,0.        ,0.        ,0.15368889,0.        ,0.32865185,0.        ,0.        ,0.11117037,0.        ,1.4837037 
cqi_ul_bin_edges: 0.   , 0.375, 0.75 , 1.125, 1.5  , 1.875, 2.25 , 2.625, 3.   , 3.375, 3.75 , 4.125, 4.5  , 4.875, 5.25 , 5.625, 6.   , 6.375, 6.75 , 7.125, 7.5  , 7.875, 8.25 , 8.625, 9.   , 9.375, 9.75 ,10.125,10.5  ,10.875,11.25 ,11.625,12.   ,12.375,12.75 ,13.125,13.5  ,13.875,14.25 ,14.625,15.   
cqi_dl:0.05825185,0.        ,0.06945185,0.        ,0.        ,0.12871111,0.        ,0.        ,0.07611852,0.        ,0.03466667,0.        ,0.        ,0.03973333,0.        ,0.        ,0.02044444,0.        ,0.02411852,0.        ,0.        ,0.01371852,0.        ,0.        ,0.01647407,0.        ,0.03884444,0.        ,0.        ,0.01333333,0.        ,0.        ,0.00402963,0.        ,0.00343704,0.        ,0.        ,0.03081481,0.        ,2.09451852
cqi_dl_bin_edges: 0.   , 0.375, 0.75 , 1.125, 1.5  , 1.875, 2.25 , 2.625, 3.   , 3.375, 3.75 , 4.125, 4.5  , 4.875, 5.25 , 5.625, 6.   , 6.375, 6.75 , 7.125, 7.5  , 7.875, 8.25 , 8.625, 9.   , 9.375, 9.75 ,10.125,10.5  ,10.875,11.25 ,11.625,12.   ,12.375,12.75 ,13.125,13.5  ,13.875,14.25 ,14.625,15.   
mcs_ul:1.59682540e-01,2.28888889e-02,1.99047619e-02,0.00000000e+00,2.15396825e-02,1.02857143e-02,0.00000000e+00,7.15873016e-03,3.69841270e-03,0.00000000e+00,3.65079365e-03,3.49206349e-03,2.39682540e-03,0.00000000e+00,3.87301587e-03,1.15238095e-02,0.00000000e+00,1.00317460e-02,4.84126984e-03,0.00000000e+00,2.23809524e-03,7.61904762e-04,6.03174603e-04,0.00000000e+00,3.33333333e-04,2.74603175e-03,0.00000000e+00,8.73015873e-03,1.53968254e-02,0.00000000e+00,2.75079365e-02,5.48253968e-02,9.78888889e-02,0.00000000e+00,7.81746032e-02,3.54126984e-02,0.00000000e+00,2.41428571e-02,0.00000000e+00,7.94841270e-01
mcs_ul_bin_edges: 0. , 0.7, 1.4, 2.1, 2.8, 3.5, 4.2, 4.9, 5.6, 6.3, 7. , 7.7, 8.4, 9.1, 9.8,10.5,11.2,11.9,12.6,13.3,14. ,14.7,15.4,16.1,16.8,17.5,18.2,18.9,19.6,20.3,21. ,21.7,22.4,23.1,23.8,24.5,25.2,25.9,26.6,27.3,28. 
mcs_dl:6.84126984e-02,3.93492063e-02,2.96031746e-02,0.00000000e+00,2.65714286e-02,1.42063492e-02,0.00000000e+00,9.46031746e-03,9.11111111e-03,0.00000000e+00,7.79365079e-03,1.34920635e-02,5.90476190e-03,0.00000000e+00,5.04761905e-03,5.71428571e-03,0.00000000e+00,7.20634921e-03,3.74603175e-03,0.00000000e+00,3.60317460e-03,3.66666667e-03,5.15873016e-03,0.00000000e+00,9.71428571e-03,1.10952381e-02,0.00000000e+00,3.17460317e-03,3.96825397e-03,0.00000000e+00,1.41269841e-03,7.46031746e-04,5.39682540e-04,0.00000000e+00,1.30158730e-03,2.60317460e-03,0.00000000e+00,1.39047619e-02,0.00000000e+00,1.12206349e+00
mcs_dl_bin_edges: 0. , 0.7, 1.4, 2.1, 2.8, 3.5, 4.2, 4.9, 5.6, 6.3, 7. , 7.7, 8.4, 9.1, 9.8,10.5,11.2,11.9,12.6,13.3,14. ,14.7,15.4,16.1,16.8,17.5,18.2,18.9,19.6,20.3,21. ,21.7,22.4,23.1,23.8,24.5,25.2,25.9,26.6,27.3,28. 
eff_ul:3.59933484e-01,2.43756221e-01,8.65328584e-02,7.52511820e-02,8.14321004e-02,0.00000000e+00,3.88857783e-02,2.70640216e-02,0.00000000e+00,1.39820777e-02,1.38020509e-02,1.32019618e-02,9.06134648e-03,1.46421758e-02,4.35664738e-02,0.00000000e+00,3.79256356e-02,1.83027197e-02,0.00000000e+00,8.46125730e-03,0.00000000e+00,2.88042802e-03,2.28033885e-03,0.00000000e+00,1.26018726e-03,0.00000000e+00,1.03815427e-02,3.30049044e-02,5.82086495e-02,1.03995453e-01,0.00000000e+00,2.07270800e-01,0.00000000e+00,3.70074991e-01,0.00000000e+00,2.95543916e-01,0.00000000e+00,1.33879894e-01,9.12735628e-02,3.00494652e+00
eff_ul_bin_edges:0.        ,0.18515767,0.37031534,0.555473  ,0.74063067,0.92578834,1.11094601,1.29610367,1.48126134,1.66641901,1.85157668,2.03673434,2.22189201,2.40704968,2.59220735,2.77736501,2.96252268,3.14768035,3.33283802,3.51799568,3.70315335,3.88831102,4.07346868,4.25862635,4.44378402,4.62894169,4.81409936,4.99925702,5.18441469,5.36957236,5.55473003,5.73988769,5.92504536,6.11020303,6.2953607 ,6.48051836,6.66567603,6.8508337 ,7.03599137,7.22114903,7.4063067 
eff_dl:1.17977531e-01,1.40660902e-01,1.48762105e-01,1.11916630e-01,1.00454927e-01,0.00000000e+00,5.37079808e-02,3.57653146e-02,0.00000000e+00,3.44451184e-02,2.94643783e-02,5.10075795e-02,2.23233171e-02,1.90828356e-02,2.16032101e-02,0.00000000e+00,2.72440483e-02,1.41621044e-02,0.00000000e+00,1.36220242e-02,0.00000000e+00,1.38620598e-02,1.95028980e-02,0.00000000e+00,3.67254572e-02,0.00000000e+00,4.19462330e-02,1.20017834e-02,1.50022293e-02,5.34079362e-03,0.00000000e+00,2.82041910e-03,0.00000000e+00,2.04030318e-03,0.00000000e+00,4.92073120e-03,0.00000000e+00,9.84146240e-03,5.25678113e-02,4.24203035e+00
eff_dl_bin_edges:0.        ,0.18515767,0.37031534,0.555473  ,0.74063067,0.92578834,1.11094601,1.29610367,1.48126134,1.66641901,1.85157668,2.03673434,2.22189201,2.40704968,2.59220735,2.77736501,2.96252268,3.14768035,3.33283802,3.51799568,3.70315335,3.88831102,4.07346868,4.25862635,4.44378402,4.62894169,4.81409936,4.99925702,5.18441469,5.36957236,5.55473003,5.73988769,5.92504536,6.11020303,6.2953607 ,6.48051836,6.66567603,6.8508337 ,7.03599137,7.22114903,7.4063067 
rul:7.54947929e+00,6.73159098e-04,7.57303986e-04,3.36579549e-04,3.36579549e-04,3.53408527e-03,8.41448873e-04,2.01947729e-03,8.41448873e-04,3.36579549e-04,2.01947729e-03,2.52434662e-04,6.73159098e-04,4.20724436e-04,4.88040346e-03,1.34631820e-03,1.68289775e-04,3.36579549e-04,0.00000000e+00,0.00000000e+00,8.41448873e-05,3.36579549e-04,4.20724436e-04,9.25593760e-04,5.89014211e-04,8.41448873e-04,3.36579549e-04,0.00000000e+00,0.00000000e+00,3.36579549e-04,0.00000000e+00,0.00000000e+00,0.00000000e+00,0.00000000e+00,0.00000000e+00,0.00000000e+00,0.00000000e+00,0.00000000e+00,0.00000000e+00,3.36579549e-04
rul_bin_edges:0.        ,0.13204004,0.26408007,0.39612011,0.52816014,0.66020017,0.79224021,0.92428025,1.05632028,1.18836031,1.32040035,1.45244039,1.58448042,1.71652045,1.84856049,1.98060053,2.11264056,2.2446806 ,2.37672063,2.50876067,2.6408007 ,2.77284073,2.90488077,3.0369208 ,3.16896084,3.30100088,3.43304091,3.56508095,3.69712098,3.82916101,3.96120105,4.09324108,4.22528112,4.35732116,4.48936119,4.62140122,4.75344126,4.88548129,5.01752133,5.14956137,5.2816014 
rdl:9.84257238e+00,3.18132229e-03,1.09700769e-04,2.19401538e-03,9.32456535e-03,0.00000000e+00,3.62012537e-03,2.96192076e-03,6.58204613e-04,1.09700769e-04,5.48503844e-04,6.58204613e-04,4.16862921e-03,1.20670846e-03,0.00000000e+00,1.09700769e-04,1.09700769e-04,0.00000000e+00,0.00000000e+00,4.38803075e-04,8.77606150e-04,1.09700769e-04,0.00000000e+00,1.09700769e-04,0.00000000e+00,0.00000000e+00,1.09700769e-04,0.00000000e+00,0.00000000e+00,0.00000000e+00,0.00000000e+00,0.00000000e+00,0.00000000e+00,0.00000000e+00,0.00000000e+00,0.00000000e+00,0.00000000e+00,0.00000000e+00,0.00000000e+00,4.38803075e-04
rdl_bin_edges:0.     ,0.10128,0.20256,0.30384,0.40512,0.5064 ,0.60768,0.70896,0.81024,0.91152,1.0128 ,1.11408,1.21536,1.31664,1.41792,1.5192 ,1.62048,1.72176,1.82304,1.92432,2.0256 ,2.12688,2.22816,2.32944,2.43072,2.532  ,2.63328,2.73456,2.83584,2.93712,3.0384 ,3.13968,3.24096,3.34224,3.44352,3.5448 ,3.64608,3.74736,3.84864,3.94992,4.0512 
lul:9.87955807e+03,0.00000000e+00,0.00000000e+00,0.00000000e+00,0.00000000e+00,0.00000000e+00,0.00000000e+00,0.00000000e+00,0.00000000e+00,0.00000000e+00,0.00000000e+00,0.00000000e+00,0.00000000e+00,0.00000000e+00,0.00000000e+00,0.00000000e+00,0.00000000e+00,0.00000000e+00,0.00000000e+00,0.00000000e+00,0.00000000e+00,0.00000000e+00,0.00000000e+00,0.00000000e+00,0.00000000e+00,0.00000000e+00,0.00000000e+00,0.00000000e+00,0.00000000e+00,7.22057153e+01,5.53724811e-01,6.64469773e-01,3.32234886e-01,1.10744962e-01,1.10744962e+00,2.21489924e-01,4.42979848e-01,3.32234886e-01,3.32234886e-01,1.17389660e+01
lul_bin_edges:0.        ,0.00010033,0.00020065,0.00030098,0.0004013 ,0.00050163,0.00060195,0.00070228,0.0008026 ,0.00090293,0.00100325,0.00110358,0.0012039 ,0.00130423,0.00140455,0.00150488,0.0016052 ,0.00170553,0.00180585,0.00190618,0.0020065 ,0.00210683,0.00220715,0.00230748,0.0024078 ,0.00250813,0.00260845,0.00270878,0.0028091 ,0.00290943,0.00300975,0.00311008,0.0032104 ,0.00331073,0.00341105,0.00351138,0.0036117 ,0.00371203,0.00381235,0.00391268,0.004013  
ldl:9.83556725e+03,0.00000000e+00,0.00000000e+00,0.00000000e+00,0.00000000e+00,0.00000000e+00,0.00000000e+00,0.00000000e+00,0.00000000e+00,0.00000000e+00,0.00000000e+00,0.00000000e+00,0.00000000e+00,0.00000000e+00,0.00000000e+00,0.00000000e+00,0.00000000e+00,0.00000000e+00,0.00000000e+00,0.00000000e+00,0.00000000e+00,0.00000000e+00,0.00000000e+00,0.00000000e+00,0.00000000e+00,0.00000000e+00,0.00000000e+00,0.00000000e+00,0.00000000e+00,7.55360626e+01,2.20543248e-01,4.41086497e-01,1.10271624e-01,0.00000000e+00,1.10271624e+00,0.00000000e+00,3.30814873e-01,0.00000000e+00,4.41086497e-01,1.12477057e+01
ldl_bin_edges:0.        ,0.00010076,0.00020151,0.00030227,0.00040302,0.00050378,0.00060453,0.00070529,0.00080605,0.0009068 ,0.00100756,0.00110831,0.00120907,0.00130982,0.00141058,0.00151134,0.00161209,0.00171285,0.0018136 ,0.00191436,0.00201511,0.00211587,0.00221663,0.00231738,0.00241814,0.00251889,0.00261965,0.0027204 ,0.00282116,0.00292192,0.00302267,0.00312343,0.00322418,0.00332494,0.00342569,0.00352645,0.0036272 ,0.00372796,0.00382872,0.00392947,0.00403023
ilul:1.89127358e+00,1.26136762e-04,2.10227936e-05,1.89205142e-04,8.40911744e-05,0.00000000e+00,4.20455872e-05,0.00000000e+00,0.00000000e+00,2.10227936e-05,8.40911744e-05,2.10227936e-05,0.00000000e+00,2.10227936e-05,0.00000000e+00,0.00000000e+00,0.00000000e+00,0.00000000e+00,2.10227936e-05,0.00000000e+00,0.00000000e+00,0.00000000e+00,0.00000000e+00,0.00000000e+00,8.40911744e-05,0.00000000e+00,0.00000000e+00,2.10227936e-05,0.00000000e+00,0.00000000e+00,0.00000000e+00,0.00000000e+00,0.00000000e+00,0.00000000e+00,6.30683808e-05,0.00000000e+00,2.10227936e-05,0.00000000e+00,0.00000000e+00,6.30683808e-05
ilul_bin_edges: 0.       , 0.5284975, 1.056995 , 1.5854925, 2.11399  , 2.6424875, 3.170985 , 3.6994825, 4.22798  , 4.7564775, 5.284975 , 5.8134725, 6.34197  , 6.8704675, 7.398965 , 7.9274625, 8.45596  , 8.9844575, 9.512955 ,10.0414525,10.56995  ,11.0984475,11.626945 ,12.1554425,12.68394  ,13.2124375,13.740935 ,14.2694325,14.79793  ,15.3264275,15.854925 ,16.3834225,16.91192  ,17.4404175,17.968915 ,18.4974125,19.02591  ,19.5544075,20.082905 ,20.6114025,21.1399   
ildl:7.01995916e+00,0.00000000e+00,0.00000000e+00,7.80004129e-05,7.80004129e-05,0.00000000e+00,0.00000000e+00,0.00000000e+00,0.00000000e+00,0.00000000e+00,0.00000000e+00,0.00000000e+00,7.80004129e-05,0.00000000e+00,0.00000000e+00,0.00000000e+00,0.00000000e+00,0.00000000e+00,0.00000000e+00,0.00000000e+00,0.00000000e+00,0.00000000e+00,0.00000000e+00,0.00000000e+00,0.00000000e+00,7.80004129e-05,0.00000000e+00,0.00000000e+00,0.00000000e+00,0.00000000e+00,0.00000000e+00,0.00000000e+00,0.00000000e+00,0.00000000e+00,0.00000000e+00,7.80004129e-05,0.00000000e+00,0.00000000e+00,0.00000000e+00,7.80004129e-05
ildl_bin_edges:0.        ,0.14244147,0.28488295,0.42732442,0.5697659 ,0.71220737,0.85464885,0.99709032,1.1395318 ,1.28197327,1.42441475,1.56685622,1.7092977 ,1.85173917,1.99418065,2.13662212,2.2790636 ,2.42150507,2.56394655,2.70638802,2.8488295 ,2.99127097,3.13371245,3.27615392,3.4185954 ,3.56103687,3.70347835,3.84591982,3.9883613 ,4.13080277,4.27324425,4.41568572,4.5581272 ,4.70056867,4.84301015,4.98545162,5.1278931 ,5.27033457,5.41277605,5.55521752,5.697659  
eul: 0., 0., 0., 0., 0., 0., 0., 0., 0., 0., 0., 0., 0., 0., 0., 0., 0., 0., 0., 0.,40., 0., 0., 0., 0., 0., 0., 0., 0., 0., 0., 0., 0., 0., 0., 0., 0., 0., 0., 0.
eul_bin_edges:-0.5  ,-0.475,-0.45 ,-0.425,-0.4  ,-0.375,-0.35 ,-0.325,-0.3  ,-0.275,-0.25 ,-0.225,-0.2  ,-0.175,-0.15 ,-0.125,-0.1  ,-0.075,-0.05 ,-0.025, 0.   , 0.025, 0.05 , 0.075, 0.1  , 0.125, 0.15 , 0.175, 0.2  , 0.225, 0.25 , 0.275, 0.3  , 0.325, 0.35 , 0.375, 0.4  , 0.425, 0.45 , 0.475, 0.5  
edl: 0., 0., 0., 0., 0., 0., 0., 0., 0., 0., 0., 0., 0., 0., 0., 0., 0., 0., 0., 0.,40., 0., 0., 0., 0., 0., 0., 0., 0., 0., 0., 0., 0., 0., 0., 0., 0., 0., 0., 0.
edl_bin_edges:-0.5  ,-0.475,-0.45 ,-0.425,-0.4  ,-0.375,-0.35 ,-0.325,-0.3  ,-0.275,-0.25 ,-0.225,-0.2  ,-0.175,-0.15 ,-0.125,-0.1  ,-0.075,-0.05 ,-0.025, 0.   , 0.025, 0.05 , 0.075, 0.1  , 0.125, 0.15 , 0.175, 0.2  , 0.225, 0.25 , 0.275, 0.3  , 0.325, 0.35 , 0.375, 0.4  , 0.425, 0.45 , 0.475, 0.5  
gul:3.77840962e+00,2.10426020e-04,1.47298214e-03,6.31278060e-04,0.00000000e+00,0.00000000e+00,0.00000000e+00,3.78766836e-03,0.00000000e+00,0.00000000e+00,2.10426020e-04,1.05213010e-03,1.26255612e-03,2.10426020e-04,2.10426020e-04,0.00000000e+00,0.00000000e+00,0.00000000e+00,0.00000000e+00,0.00000000e+00,2.10426020e-04,0.00000000e+00,0.00000000e+00,0.00000000e+00,0.00000000e+00,0.00000000e+00,0.00000000e+00,0.00000000e+00,0.00000000e+00,0.00000000e+00,0.00000000e+00,0.00000000e+00,0.00000000e+00,0.00000000e+00,0.00000000e+00,0.00000000e+00,0.00000000e+00,0.00000000e+00,0.00000000e+00,2.10426020e-04
gul_bin_edges: 0.   , 0.264, 0.528, 0.792, 1.056, 1.32 , 1.584, 1.848, 2.112, 2.376, 2.64 , 2.904, 3.168, 3.432, 3.696, 3.96 , 4.224, 4.488, 4.752, 5.016, 5.28 , 5.544, 5.808, 6.072, 6.336, 6.6  , 6.864, 7.128, 7.392, 7.656, 7.92 , 8.184, 8.448, 8.712, 8.976, 9.24 , 9.504, 9.768,10.032,10.296,10.56 
gdl:9.84344998e+00,3.29102306e-03,0.00000000e+00,0.00000000e+00,9.32456535e-03,0.00000000e+00,4.38803075e-03,2.74251922e-03,5.48503844e-04,0.00000000e+00,1.64551153e-03,0.00000000e+00,4.38803075e-03,1.64551153e-03,0.00000000e+00,0.00000000e+00,0.00000000e+00,0.00000000e+00,0.00000000e+00,5.48503844e-04,1.09700769e-03,0.00000000e+00,0.00000000e+00,0.00000000e+00,0.00000000e+00,0.00000000e+00,0.00000000e+00,0.00000000e+00,0.00000000e+00,0.00000000e+00,0.00000000e+00,0.00000000e+00,0.00000000e+00,0.00000000e+00,0.00000000e+00,0.00000000e+00,0.00000000e+00,0.00000000e+00,0.00000000e+00,5.48503844e-04
gdl_bin_edges:0.     ,0.10128,0.20256,0.30384,0.40512,0.5064 ,0.60768,0.70896,0.81024,0.91152,1.0128 ,1.11408,1.21536,1.31664,1.41792,1.5192 ,1.62048,1.72176,1.82304,1.92432,2.0256 ,2.12688,2.22816,2.32944,2.43072,2.532  ,2.63328,2.73456,2.83584,2.93712,3.0384 ,3.13968,3.24096,3.34224,3.44352,3.5448 ,3.64608,3.74736,3.84864,3.94992,4.0512 
ri: 0., 0., 0., 0., 0., 0., 0., 0., 0., 0., 0., 0., 0., 0., 0., 0., 0., 0., 0., 0.,40., 0., 0., 0., 0., 0., 0., 0., 0., 0., 0., 0., 0., 0., 0., 0., 0., 0., 0., 0.
ri_bin_edges:0.5  ,0.525,0.55 ,0.575,0.6  ,0.625,0.65 ,0.675,0.7  ,0.725,0.75 ,0.775,0.8  ,0.825,0.85 ,0.875,0.9  ,0.925,0.95 ,0.975,1.   ,1.025,1.05 ,1.075,1.1  ,1.125,1.15 ,1.175,1.2  ,1.225,1.25 ,1.275,1.3  ,1.325,1.35 ,1.375,1.4  ,1.425,1.45 ,1.475,1.5  
