period:1
ue_log_freq:1000
mac_log_freq:1000
mimo_layers:2
frequency:2412000000.0
bandwidth:50000000
ue_speed:5.555555555555555
max_distance:1000
shannon_cfg_bandwidth_mhz:50.0
shannon_cfg_mimo_layers:2
shannon_cfg_bw_efficiency:0.67
shannon_cfg_sinr_offset_db:0
shannon_cfg_ul_divisor:2
shannon_cfg_sinr_sample_rate:1000
n_ue:15
sinr_period:9.463597741343282
sinr_rate:105.66805852612856
ul_fairness:0.7534623771799247
dl_fairness:0.99990348791221
ul_agg_throughput:5.342179895564934
dl_agg_throughput:26.52440453411662
ul_ave_throughput:0.3561453263709956
dl_ave_throughput:1.7682936356077747
ul_se:0.10684359791129869
dl_se:0.5304880906823324
ul_ase:3.4009373490612184e-08
dl_ase:1.6885960376694964e-07
ul_gr:0.12153342466575334, 0.12153342466575334, 0.12153342466575334, 0.12153342466575334, 0.12153342466575334, 0.12153342466575334, 0.12153342466575334, 0.12153342466575334, 0.12153342466575334, 0.12153342466575334, 0.12153342466575334, 0.12153342466575334, 0.12153342466575334, 0.12153342466575334, 0.12153342466575334
dl_gr:1.4704028159718403, 1.4700716192838073, 1.470059619403806, 1.4704028159718403, 1.4704028159718403, 1.0130413895861041, 1.4704028159718403, 1.4700716192838073, 1.4700716192838073, 1.4700716192838073, 1.4700716192838073, 1.470059619403806, 1.470059619403806, 1.3054216657833422, 1.470059619403806
ul_tr:0.1215334250309897, 0.12153342504860953, 0.11597329586428137, 0.12115882855956442, 0.1215334250309897, 0.10326771561431786, 0.1215334250309897, 0.12153342504860953, 0.12153342504860953, 0.11955156227053731, 0.12153342504860953, 0.12057000636219138, 0.12020836566701332, 0.10060120041285686, 0.1200439355200748
dl_tr:1.4704027735860943, 1.4700715769470605, 1.4700595770517897, 1.4703361523996061, 1.4704027735860943, 1.0078666632379976, 1.470402773611594, 1.4700715769470605, 1.4700715769470605, 1.4700715769470605, 1.4700715769470605, 1.4700595770517897, 1.4700595770517897, 1.305421630349557, 1.469352648919171
ul_er:0.0, 0.0, 0.005556554434455655, 0.0003742762572374276, 0.0, 0.01822977770222298, 0.0, 0.0, 0.0, 0.0019805101948980513, 0.0, 0.0009632103678963211, 0.0013248567514324858, 0.020915730842691573, 0.0014878151218487817
dl_er:30.358056659433412, 30.358387856121443, 30.358399856001444, 30.358123238767618, 30.358056659433412, 30.82058921410786, 30.358056659433412, 30.358387856121443, 30.358387856121443, 30.358387856121443, 30.358387856121443, 30.358399856001444, 30.358399856001444, 30.523037809621908, 30.359106658933413
ul_er_ratio:0.0, 0.0, 0.045721725327537904, 0.0030796239247043757, 0.0, 0.150042418198114, 0.0, 0.0, 0.0, 0.016296193710193852, 0.0, 0.007925490609168261, 0.010901190020872881, 0.17212194734169248, 0.012242192793160878
dl_er_ratio:0.9538022637671031, 0.9538126694432557, 0.9538130464610185, 0.9538043568389728, 0.9538022637671031, 0.9683344153696329, 0.953802263766339, 0.9538126694432557, 0.9538126694432557, 0.9538126694432557, 0.9538126694432557, 0.9538130464610185, 0.9538130464610185, 0.9589857111114164, 0.9538352568464834
ul_er_perc:0.0, 0.0, 4.5721725327537905, 0.30796239247043755, 0.0, 15.004241819811401, 0.0, 0.0, 0.0, 1.6296193710193851, 0.0, 0.7925490609168261, 1.0901190020872882, 17.21219473416925, 1.2242192793160878
dl_er_perc:95.38022637671031, 95.38126694432557, 95.38130464610185, 95.38043568389728, 95.38022637671031, 96.83344153696329, 95.3802263766339, 95.38126694432557, 95.38126694432557, 95.38126694432557, 95.38126694432557, 95.38130464610185, 95.38130464610185, 95.89857111114164, 95.38352568464833
ul_l:0.000546257836287637, 0.0005463182938800612, 0.0012443351937320626, 0.0005572106693733062, 0.000546257836287637, 0.0071268951017189825, 0.000546257836287637, 0.0005463182938800612, 0.0005463182938800612, 0.0005906445168718312, 0.0005463182938800612, 0.0005651660875821243, 0.0005702117003589964, 0.006200197719515806, 0.0005796190816641834
dl_l:0.001615464953391466, 0.001615186181598184, 0.0016151752173348267, 0.0016163007234367656, 0.001615464953391466, 0.7978826028519876, 0.0016151276381806182, 0.001615186181598184, 0.001615186181598184, 0.001615186181598184, 0.001615186181598184, 0.0016151752173348267, 0.0016151752173348267, 0.16934480498198218, 0.0016242946646643534
ul_il:0.000783700348701513, 0.0007840529768612314, 0.0014873113784602153, 0.0007947525774682253, 0.000783700348701513, 0.00759104752588474, 0.000783700348701513, 0.0007840529768612314, 0.0007840529768612314, 0.000805680085290147, 0.0007840529768612314, 0.0007320716206517935, 0.0007846450378626213, 0.006782838831486685, 0.0008076346978290217
dl_il:1.7041203195771604, 1.7034005802353076, 1.703487396278414, 1.7041211362575595, 1.7041203195771604, 2.497259380000556, 1.7037171721766344, 1.7034005802353076, 1.7034005802353076, 1.7034005802353076, 1.7034005802353076, 1.703487396278414, 1.703487396278414, 1.9745160700606765, 1.703487587304604
sinr_ul:4.21269942e-04,5.41891257e-04,3.97748786e-04,6.04312787e-04,1.34432455e-03,4.05136841e-03,2.60210331e-03,2.18475357e-03,2.01166198e-03,4.02453017e-03,1.10238835e-02,4.30998051e-02,7.77901937e-02,6.74776744e-02,5.86855868e-02,3.45742906e-02,2.75426710e-02,3.22101128e-02,2.10146455e-02,1.52311550e-02,1.86745920e-02,1.14789274e-02,5.63633249e-03,3.12529827e-03,3.49228862e-03,1.35548203e-03,2.86475623e-04,1.53490623e-04,1.41428492e-04,1.32381893e-04,1.32985000e-04,8.02131744e-05,6.63417232e-05,6.48339567e-05,6.36277436e-05,6.30246370e-05,6.27230837e-05,6.18184239e-05,9.34815190e-05,3.34724149e-04
sinr_ul_bin_edges:-8.464792  ,-6.25403845,-4.0432849 ,-1.83253135, 0.3782222 , 2.58897575, 4.7997293 , 7.01048285, 9.2212364 ,11.43198995,13.6427435 ,15.85349705,18.0642506 ,20.27500415,22.4857577 ,24.69651125,26.9072648 ,29.11801835,31.3287719 ,33.53952545,35.750279  ,37.96103255,40.1717861 ,42.38253965,44.5932932 ,46.80404675,49.0148003 ,51.22555385,53.4363074 ,55.64706095,57.8578145 ,60.06856805,62.2793216 ,64.49007515,66.7008287 ,68.91158225,71.1223358 ,73.33308935,75.5438429 ,77.75459645,79.96535   
sinr_dl:4.21278032e-04,5.41901663e-04,3.97756424e-04,6.04324392e-04,1.34435037e-03,4.05084309e-03,2.60245484e-03,2.18509708e-03,2.01170061e-03,4.02430589e-03,1.10216827e-02,4.31048546e-02,7.77950047e-02,6.74747484e-02,5.86852059e-02,3.45806841e-02,2.75398828e-02,3.22134454e-02,2.10156521e-02,1.52154648e-02,1.86897270e-02,1.14746245e-02,5.63794852e-03,3.12505672e-03,3.49175256e-03,1.35580961e-03,2.86481124e-04,1.53493571e-04,1.41431208e-04,1.32384435e-04,1.32987553e-04,8.02147147e-05,6.63429971e-05,6.48352017e-05,6.36289654e-05,6.30258473e-05,6.27242882e-05,6.18196110e-05,9.34833141e-05,3.34730576e-04
sinr_dl_bin_edges: 1.2789001 , 3.4896112 , 5.70032229, 7.91103339,10.12174449,12.33245559,14.54316668,16.75387778,18.96458888,21.17529998,23.38601107,25.59672217,27.80743327,30.01814437,32.22885547,34.43956656,36.65027766,38.86098876,41.07169985,43.28241095,45.49312205,47.70383315,49.91454425,52.12525534,54.33596644,56.54667754,58.75738863,60.96809973,63.17881083,65.38952193,67.60023302,69.81094412,72.02165522,74.23236632,76.44307742,78.65378851,80.86449961,83.07521071,85.28592181,87.4966329 ,89.707344  
rsrp_ul:4.24128993e-04,5.41421971e-04,3.97526461e-04,6.02789174e-04,1.36126362e-03,4.01728452e-03,2.65602090e-03,2.18050066e-03,2.00788651e-03,3.95077819e-03,1.07002636e-02,4.38588073e-02,7.79641593e-02,6.72572450e-02,5.92326519e-02,3.55285874e-02,2.65689758e-02,3.27637380e-02,2.10661817e-02,1.43372528e-02,1.95141659e-02,1.10497241e-02,5.57443950e-03,3.23885818e-03,3.53904356e-03,1.39844670e-03,2.72373644e-04,1.53266856e-04,1.41174797e-04,1.33012656e-04,1.31501149e-04,8.19237042e-05,6.62040266e-05,6.49948207e-05,6.34833132e-05,6.31810117e-05,6.25764087e-05,6.22741073e-05,9.31088594e-05,3.35554656e-04
rsrp_ul_bin_edges:-119.00807   ,-116.80278813,-114.59750625,-112.39222437,-110.1869425 ,-107.98166063,-105.77637875,-103.57109688,-101.365815  , -99.16053313, -96.95525125, -94.74996938, -92.5446875 , -90.33940563, -88.13412375, -85.92884188, -83.72356   , -81.51827813, -79.31299625, -77.10771438, -74.9024325 , -72.69715063, -70.49186875, -68.28658688, -66.081305  , -63.87602313, -61.67074125, -59.46545938, -57.2601775 , -55.05489563, -52.84961375, -50.64433188, -48.43905   , -46.23376813, -44.02848625, -41.82320438, -39.6179225 , -37.41264063, -35.20735875, -33.00207688, -30.796795  
rsrp_dl:4.24128959e-04,5.41421928e-04,3.97526430e-04,6.02789126e-04,1.36126351e-03,4.01728420e-03,2.65602069e-03,2.18080279e-03,2.00758405e-03,3.95077788e-03,1.07002627e-02,4.38588038e-02,7.79641531e-02,6.72572397e-02,5.92326472e-02,3.55285846e-02,2.65689737e-02,3.27637354e-02,2.10661801e-02,1.43372517e-02,1.95141643e-02,1.10497232e-02,5.57443906e-03,3.23885792e-03,3.53904328e-03,1.39844659e-03,2.72373622e-04,1.53266844e-04,1.41174785e-04,1.33012646e-04,1.31501138e-04,8.19236977e-05,6.62040214e-05,6.49948155e-05,6.34833082e-05,6.31810067e-05,6.25764038e-05,6.22741023e-05,9.31088520e-05,3.35554629e-04
rsrp_dl_bin_edges:-115.99777   ,-113.79248795,-111.5872059 ,-109.38192385,-107.1766418 ,-104.97135975,-102.7660777 ,-100.56079565, -98.3555136 , -96.15023155, -93.9449495 , -91.73966745, -89.5343854 , -87.32910335, -85.1238213 , -82.91853925, -80.7132572 , -78.50797515, -76.3026931 , -74.09741105, -71.892129  , -69.68684695, -67.4815649 , -65.27628285, -63.0710008 , -60.86571875, -58.6604367 , -56.45515465, -54.2498726 , -52.04459055, -49.8393085 , -47.63402645, -45.4287444 , -43.22346235, -41.0181803 , -38.81289825, -36.6076162 , -34.40233415, -32.1970521 , -29.99177005, -27.786488  
cqi_ul:1.65522154e-03,0.00000000e+00,3.16568263e-03,0.00000000e+00,0.00000000e+00,3.13139726e-03,0.00000000e+00,0.00000000e+00,2.39426177e-03,0.00000000e+00,0.00000000e+00,5.86851274e-03,0.00000000e+00,0.00000000e+00,8.21896543e-03,0.00000000e+00,0.00000000e+00,2.28016767e-02,0.00000000e+00,0.00000000e+00,1.43579517e-02,0.00000000e+00,6.72945651e-03,0.00000000e+00,0.00000000e+00,1.26798732e-02,0.00000000e+00,0.00000000e+00,1.09389382e-02,0.00000000e+00,0.00000000e+00,2.62149759e-02,0.00000000e+00,0.00000000e+00,5.64222929e-02,0.00000000e+00,0.00000000e+00,1.11631265e-01,0.00000000e+00,2.57093239e+00
cqi_ul_bin_edges: 1.  , 1.35, 1.7 , 2.05, 2.4 , 2.75, 3.1 , 3.45, 3.8 , 4.15, 4.5 , 4.85, 5.2 , 5.55, 5.9 , 6.25, 6.6 , 6.95, 7.3 , 7.65, 8.  , 8.35, 8.7 , 9.05, 9.4 , 9.75,10.1 ,10.45,10.8 ,11.15,11.5 ,11.85,12.2 ,12.55,12.9 ,13.25,13.6 ,13.95,14.3 ,14.65,15.  
cqi_dl:4.69328640e-04,0.00000000e+00,0.00000000e+00,0.00000000e+00,2.06131272e-03,0.00000000e+00,0.00000000e+00,0.00000000e+00,4.06129272e-03,0.00000000e+00,0.00000000e+00,0.00000000e+00,3.75729576e-03,0.00000000e+00,0.00000000e+00,0.00000000e+00,1.69598304e-03,0.00000000e+00,0.00000000e+00,0.00000000e+00,4.05595944e-03,0.00000000e+00,0.00000000e+00,0.00000000e+00,1.00745659e-02,0.00000000e+00,0.00000000e+00,0.00000000e+00,3.01116989e-02,0.00000000e+00,0.00000000e+00,0.00000000e+00,2.05624610e-02,0.00000000e+00,0.00000000e+00,0.00000000e+00,1.35998640e-02,0.00000000e+00,0.00000000e+00,3.90955024e+00
cqi_dl_bin_edges: 5.  , 5.25, 5.5 , 5.75, 6.  , 6.25, 6.5 , 6.75, 7.  , 7.25, 7.5 , 7.75, 8.  , 8.25, 8.5 , 8.75, 9.  , 9.25, 9.5 , 9.75,10.  ,10.25,10.5 ,10.75,11.  ,11.25,11.5 ,11.75,12.  ,12.25,12.5 ,12.75,13.  ,13.25,13.5 ,13.75,14.  ,14.25,14.5 ,14.75,15.  
mcs_ul:1.63712649e-03,7.73325600e-04,1.01808506e-03,0.00000000e+00,5.47613571e-04,5.86660800e-04,0.00000000e+00,6.10470086e-04,1.43808086e-03,0.00000000e+00,1.49617551e-03,1.38474806e-03,1.61903143e-05,0.00000000e+00,2.70854434e-03,7.31802206e-03,0.00000000e+00,4.08281631e-03,3.45425117e-03,0.00000000e+00,3.72472466e-03,1.66093577e-03,0.00000000e+00,0.00000000e+00,1.70379249e-03,3.01520794e-03,0.00000000e+00,3.32472866e-03,2.68378269e-03,0.00000000e+00,2.78568643e-03,5.29328040e-03,7.81420757e-03,0.00000000e+00,1.00360901e-02,1.81750563e-02,0.00000000e+00,2.43683277e-02,3.14320666e-02,1.28548143e+00
mcs_ul_bin_edges: 0. , 0.7, 1.4, 2.1, 2.8, 3.5, 4.2, 4.9, 5.6, 6.3, 7. , 7.7, 8.4, 9.1, 9.8,10.5,11.2,11.9,12.6,13.3,14. ,14.7,15.4,16.1,16.8,17.5,18.2,18.9,19.6,20.3,21. ,21.7,22.4,23.1,23.8,24.5,25.2,25.9,26.6,27.3,28. 
mcs_dl:2.23489829e-04,7.55548000e-04,0.00000000e+00,3.80948571e-06,0.00000000e+00,2.22220000e-04,0.00000000e+00,9.89196457e-04,0.00000000e+00,9.44752457e-04,0.00000000e+00,1.03491029e-03,0.00000000e+00,7.54278172e-04,0.00000000e+00,4.11424457e-04,0.00000000e+00,0.00000000e+00,0.00000000e+00,3.96186514e-04,7.33960914e-04,0.00000000e+00,1.19744834e-03,0.00000000e+00,2.56886320e-03,0.00000000e+00,2.22854914e-03,0.00000000e+00,6.36692046e-03,0.00000000e+00,7.97198377e-03,0.00000000e+00,5.45264389e-03,0.00000000e+00,4.33900423e-03,0.00000000e+00,4.02027726e-03,0.00000000e+00,2.45584846e-03,1.86169059e+00
mcs_dl_bin_edges: 7.   , 7.525, 8.05 , 8.575, 9.1  , 9.625,10.15 ,10.675,11.2  ,11.725,12.25 ,12.775,13.3  ,13.825,14.35 ,14.875,15.4  ,15.925,16.45 ,16.975,17.5  ,18.025,18.55 ,19.075,19.6  ,20.125,20.65 ,21.175,21.7  ,22.225,22.75 ,23.275,23.8  ,24.325,24.85 ,25.375,25.9  ,26.425,26.95 ,27.475,28.   
eff_ul:1.26861189e-02,8.24021314e-03,3.08757378e-03,3.21288116e-03,7.56856560e-03,7.87431560e-03,0.00000000e+00,7.28787707e-03,1.43401763e-02,3.85144755e-02,2.14877091e-02,0.00000000e+00,1.81795943e-02,0.00000000e+00,1.96030861e-02,0.00000000e+00,8.74144265e-03,8.96699593e-03,1.58689263e-02,0.00000000e+00,0.00000000e+00,1.74979222e-02,0.00000000e+00,1.41246476e-02,0.00000000e+00,1.46609632e-02,0.00000000e+00,2.78583362e-02,0.00000000e+00,4.11258813e-02,0.00000000e+00,0.00000000e+00,5.28195657e-02,0.00000000e+00,9.56546397e-02,0.00000000e+00,1.28249595e-01,0.00000000e+00,1.65425787e-01,6.76544054e+00
eff_ul_bin_edges:0.23439987,0.36740481,0.50040975,0.63341468,0.76641962,0.89942456,1.0324295 ,1.16543444,1.29843938,1.43144431,1.56444925,1.69745419,1.83045913,1.96346407,2.09646901,2.22947394,2.36247888,2.49548382,2.62848876,2.7614937 ,2.89449863,3.02750357,3.16050851,3.29351345,3.42651839,3.55952333,3.69252826,3.8255332 ,3.95853814,4.09154308,4.22454802,4.35755296,4.49055789,4.62356283,4.75656777,4.88957271,5.02257765,5.15558259,5.28858752,5.42159246,5.5545974 
eff_dl:1.03666417e-03,3.50463173e-03,1.04844445e-03,4.58841700e-03,0.00000000e+00,4.38226219e-03,0.00000000e+00,4.80046195e-03,0.00000000e+00,0.00000000e+00,3.49874159e-03,0.00000000e+00,1.90840450e-03,1.83772286e-03,0.00000000e+00,3.40449939e-03,0.00000000e+00,5.55439953e-03,0.00000000e+00,0.00000000e+00,1.19157479e-02,0.00000000e+00,1.03371911e-02,0.00000000e+00,0.00000000e+00,2.95331487e-02,0.00000000e+00,0.00000000e+00,3.69782823e-02,0.00000000e+00,2.52922498e-02,0.00000000e+00,0.00000000e+00,2.01265993e-02,0.00000000e+00,0.00000000e+00,1.86481749e-02,0.00000000e+00,1.13915256e-02,8.63550682e+00
eff_dl_bin_edges:1.0273006 ,1.14048302,1.25366544,1.36684786,1.48003028,1.5932127 ,1.70639512,1.81957754,1.93275996,2.04594238,2.1591248 ,2.27230722,2.38548964,2.49867206,2.61185448,2.7250369 ,2.83821932,2.95140174,3.06458416,3.17776658,3.290949  ,3.40413142,3.51731384,3.63049626,3.74367868,3.8568611 ,3.97004352,4.08322594,4.19640836,4.30959078,4.4227732 ,4.53595562,4.64913804,4.76232046,4.87550288,4.9886853 ,5.10186772,5.21505014,5.32823256,5.44141498,5.5545974 
rul:1.19391487e+00,5.98828827e-02,9.83610500e-04,5.79781400e-03,2.95083150e-03,2.71020576e-04,7.74223887e-04,1.31204353e-03,1.21579324e-04,9.87832004e-05,7.59870773e-05,7.09212721e-05,3.96821403e-05,4.72808481e-05,3.20834326e-05,2.02632206e-05,1.43531146e-05,1.43531146e-05,7.59870773e-06,1.09759112e-05,1.68860172e-06,2.53290258e-06,4.22150429e-06,1.68860172e-06,3.37720343e-06,3.37720343e-06,4.22150429e-06,8.44300858e-07,0.00000000e+00,0.00000000e+00,0.00000000e+00,0.00000000e+00,0.00000000e+00,0.00000000e+00,0.00000000e+00,0.00000000e+00,0.00000000e+00,0.00000000e+00,0.00000000e+00,8.44300858e-07
rul_bin_edges: 0.        , 0.78960005, 1.5792001 , 2.36880015, 3.1584002 , 3.94800025, 4.7376003 , 5.52720035, 6.3168004 , 7.10640045, 7.8960005 , 8.68560055, 9.4752006 ,10.26480065,11.0544007 ,11.84400075,12.6336008 ,13.42320085,14.2128009 ,15.00240095,15.792001  ,16.58160105,17.3712011 ,18.16080115,18.9504012 ,19.74000125,20.5296013 ,21.31920135,22.1088014 ,22.89840145,23.6880015 ,24.47760155,25.2672016 ,26.05680165,26.8464017 ,27.63600175,28.4256018 ,29.21520185,30.0048019 ,30.79440195,31.584002  
rdl:2.44936994e-01,2.44628306e-01,8.73031698e-03,2.32595794e-06,2.32595794e-06,3.32279705e-07,3.32279705e-07,3.32279705e-07,6.64559411e-07,0.00000000e+00,1.66139853e-06,2.65823764e-06,0.00000000e+00,3.32279705e-07,1.86076635e-05,3.98735647e-06,3.98735647e-06,3.65507676e-06,2.65823764e-06,8.30699264e-05,0.00000000e+00,0.00000000e+00,0.00000000e+00,0.00000000e+00,0.00000000e+00,0.00000000e+00,0.00000000e+00,0.00000000e+00,0.00000000e+00,0.00000000e+00,0.00000000e+00,0.00000000e+00,0.00000000e+00,0.00000000e+00,0.00000000e+00,0.00000000e+00,0.00000000e+00,0.00000000e+00,0.00000000e+00,1.99367823e-06
rdl_bin_edges: 0.        , 2.00632175, 4.0126435 , 6.01896525, 8.025287  ,10.03160875,12.0379305 ,14.04425225,16.050574  ,18.05689575,20.0632175 ,22.06953925,24.075861  ,26.08218275,28.0885045 ,30.09482625,32.101148  ,34.10746975,36.1137915 ,38.12011325,40.126435  ,42.13275675,44.1390785 ,46.14540025,48.151722  ,50.15804375,52.1643655 ,54.17068725,56.177009  ,58.18333075,60.1896525 ,62.19597425,64.202296  ,66.20861775,68.2149395 ,70.22126125,72.227583  ,74.23390475,76.2402265 ,78.24654825,80.25287   
lul:2.50515565e+01,8.57544562e-03,8.49170104e-03,7.30252791e-03,5.67788294e-03,4.90743275e-03,4.25422498e-03,3.91924663e-03,3.60101721e-03,4.42171415e-03,2.84731593e-03,2.44534192e-03,2.71332459e-03,1.92612548e-03,1.82563198e-03,1.47390472e-03,1.20592204e-03,1.05518179e-03,7.53701276e-04,4.85718600e-04,5.35965352e-04,3.34978345e-04,3.18229427e-04,3.85225096e-04,2.51233759e-04,2.00987007e-04,1.33991338e-04,1.67489172e-04,2.51233759e-04,1.50740255e-04,2.17735924e-04,2.17735924e-04,3.68476179e-04,1.50740255e-04,2.17735924e-04,1.50740255e-04,3.34978345e-05,1.67489172e-05,5.02467517e-05,3.34978345e-05
lul_bin_edges:0.        ,0.03980317,0.07960634,0.11940951,0.15921268,0.19901585,0.23881902,0.27862219,0.31842536,0.35822853,0.3980317 ,0.43783487,0.47763804,0.51744121,0.55724438,0.59704755,0.63685072,0.67665389,0.71645706,0.75626023,0.7960634 ,0.83586657,0.87566974,0.91547291,0.95527608,0.99507925,1.03488242,1.07468559,1.11448876,1.15429193,1.1940951 ,1.23389827,1.27370144,1.31350461,1.35330778,1.39311095,1.43291412,1.47271729,1.51252046,1.55232363,1.5921268 
ldl:5.96960019e+00,0.00000000e+00,0.00000000e+00,0.00000000e+00,0.00000000e+00,0.00000000e+00,0.00000000e+00,0.00000000e+00,0.00000000e+00,4.02870097e-06,8.05740195e-06,0.00000000e+00,4.02870097e-06,0.00000000e+00,4.02870097e-06,0.00000000e+00,0.00000000e+00,4.02870097e-06,9.32644276e-03,4.02870097e-06,4.02870097e-06,0.00000000e+00,0.00000000e+00,8.05740195e-06,1.65378175e-02,4.83444117e-05,4.83444117e-05,4.83444117e-05,1.76859973e-03,4.83444117e-05,4.43157107e-05,4.83444117e-05,1.23278250e-03,1.62759519e-02,6.04305146e-05,6.24448651e-04,5.72075538e-04,1.49061936e-04,0.00000000e+00,2.66377708e-02
ldl_bin_edges:0.        ,0.16547766,0.33095532,0.49643297,0.66191063,0.82738829,0.99286595,1.1583436 ,1.32382126,1.48929892,1.65477658,1.82025423,1.98573189,2.15120955,2.31668721,2.48216486,2.64764252,2.81312018,2.97859784,3.14407549,3.30955315,3.47503081,3.64050847,3.80598612,3.97146378,4.13694144,4.3024191 ,4.46789675,4.63337441,4.79885207,4.96432973,5.12980738,5.29528504,5.4607627 ,5.62624036,5.79171801,5.95719567,6.12267333,6.28815099,6.45362864,6.6191063 
ilul:2.49560495e+01,3.90808636e-02,1.87293826e-02,2.03849263e-02,5.98671338e-03,5.85293207e-03,4.91646294e-03,3.97999381e-03,3.49503658e-03,3.09369267e-03,2.85957538e-03,2.59201278e-03,2.12377821e-03,2.17394620e-03,2.14050087e-03,1.53848500e-03,1.52176234e-03,1.22075440e-03,1.17058641e-03,6.35461196e-04,5.01679892e-04,4.68234566e-04,4.68234566e-04,5.35125218e-04,3.34453261e-04,2.17394620e-04,1.33781305e-04,1.83949294e-04,2.17394620e-04,1.83949294e-04,2.34117283e-04,1.83949294e-04,1.83949294e-04,2.17394620e-04,2.00671957e-04,1.67226631e-04,1.17058641e-04,5.01679892e-05,6.68906523e-05,3.34453261e-05
ilul_bin_edges:0.        ,0.03986566,0.07973132,0.11959698,0.15946264,0.1993283 ,0.23919396,0.27905962,0.31892528,0.35879094,0.3986566 ,0.43852226,0.47838792,0.51825358,0.55811924,0.5979849 ,0.63785056,0.67771622,0.71758188,0.75744754,0.7973132 ,0.83717886,0.87704452,0.91691018,0.95677584,0.9966415 ,1.03650716,1.07637282,1.11623848,1.15610414,1.1959698 ,1.23583546,1.27570112,1.31556678,1.35543244,1.3952981 ,1.43516376,1.47502942,1.51489508,1.55476074,1.5946264 
ildl:1.15597416e+00,5.82028757e-02,5.04484733e-02,4.95483287e-02,4.67432267e-02,3.05959472e-02,2.03549325e-02,2.00229855e-02,6.14768903e-01,1.56900299e-01,4.33624508e-05,3.28956523e-05,3.43909092e-05,4.18671938e-05,3.14003954e-05,4.15681425e-04,2.17858934e-03,1.33077866e-03,3.67833203e-03,1.76589843e-03,1.71505969e-03,2.63613796e-03,6.96640200e-03,1.88850949e-03,2.85893124e-03,2.46567867e-03,2.68548143e-03,2.63015693e-03,0.00000000e+00,0.00000000e+00,1.49525692e-06,0.00000000e+00,1.49525692e-06,0.00000000e+00,2.69146246e-05,3.88766800e-05,8.02952968e-04,9.85374312e-04,1.39956048e-03,2.69146246e-03
ildl_bin_edges: 0.       , 0.4458498, 0.8916996, 1.3375494, 1.7833992, 2.229249 , 2.6750988, 3.1209486, 3.5667984, 4.0126482, 4.458498 , 4.9043478, 5.3501976, 5.7960474, 6.2418972, 6.687747 , 7.1335968, 7.5794466, 8.0252964, 8.4711462, 8.916996 , 9.3628458, 9.8086956,10.2545454,10.7003952,11.146245 ,11.5920948,12.0379446,12.4837944,12.9296442,13.375494 ,13.8213438,14.2671936,14.7130434,15.1588932,15.604743 ,16.0505928,16.4964426,16.9422924,17.3881422,17.833992 
eul:1.67276533e+00,1.56231001e-04,8.48111148e-05,9.03907934e-05,1.07129829e-04,8.59270506e-05,1.06013894e-04,6.91880147e-05,6.47242719e-05,6.13764647e-05,3.45940074e-05,3.23621359e-05,4.57533646e-05,3.12462002e-05,3.12462002e-05,1.78549715e-05,2.45505859e-05,2.23187144e-05,2.45505859e-05,8.92748577e-06,1.67390358e-05,5.57967861e-06,5.57967861e-06,2.23187144e-06,1.11593572e-06,1.11593572e-06,0.00000000e+00,1.11593572e-06,3.34780716e-06,0.00000000e+00,0.00000000e+00,8.92748577e-06,0.00000000e+00,1.11593572e-06,3.34780716e-06,2.23187144e-06,0.00000000e+00,0.00000000e+00,2.23187144e-06,1.11593572e-06
eul_bin_edges: 0.    , 0.5974, 1.1948, 1.7922, 2.3896, 2.987 , 3.5844, 4.1818, 4.7792, 5.3766, 5.974 , 6.5714, 7.1688, 7.7662, 8.3636, 8.961 , 9.5584,10.1558,10.7532,11.3506,11.948 ,12.5454,13.1428,13.7402,14.3376,14.935 ,15.5324,16.1298,16.7272,17.3246,17.922 ,18.5194,19.1168,19.7142,20.3116,20.909 ,21.5064,22.1038,22.7012,23.2986,23.896 
edl:6.12629088e-02,3.16057323e-05,1.00869358e-04,9.20793144e-05,9.35203052e-05,4.97958400e-04,5.07709104e-05,4.11162718e-04,1.52961177e-03,1.82415030e-03,6.04063358e-04,2.74893018e-04,1.17873050e-04,5.55261802e-05,1.14558771e-04,1.59277520e-04,1.52696996e-04,2.19222739e-04,1.10572030e-04,1.43234489e-04,7.37883374e-04,1.24833036e-03,1.68797666e-03,3.20428329e-04,2.74748919e-05,3.20860626e-05,1.81084515e-05,2.61299671e-05,2.58898020e-05,2.13746974e-05,3.32388553e-05,2.40645470e-05,0.00000000e+00,0.00000000e+00,0.00000000e+00,0.00000000e+00,0.00000000e+00,0.00000000e+00,0.00000000e+00,7.20495418e-07
edl_bin_edges:  0.    , 13.8792, 27.7584, 41.6376, 55.5168, 69.396 , 83.2752, 97.1544,111.0336,124.9128,138.792 ,152.6712,166.5504,180.4296,194.3088,208.188 ,222.0672,235.9464,249.8256,263.7048,277.584 ,291.4632,305.3424,319.2216,333.1008,346.98  ,360.8592,374.7384,388.6176,402.4968,416.376 ,430.2552,444.1344,458.0136,471.8928,485.772 ,499.6512,513.5304,527.4096,541.2888,555.168 
gul:2.85471335e-01,3.14408335e-05,8.86059853e-05,1.71495455e-05,5.71651518e-06,6.85981821e-05,1.42912879e-05,4.57321214e-05,2.00078031e-05,1.42912879e-05,2.85825759e-06,2.28660607e-05,0.00000000e+00,2.85825759e-06,0.00000000e+00,0.00000000e+00,2.85825759e-06,5.71651518e-06,0.00000000e+00,0.00000000e+00,2.85825759e-06,0.00000000e+00,2.85825759e-06,0.00000000e+00,0.00000000e+00,0.00000000e+00,0.00000000e+00,0.00000000e+00,2.85825759e-06,0.00000000e+00,0.00000000e+00,0.00000000e+00,0.00000000e+00,0.00000000e+00,2.85825759e-06,0.00000000e+00,0.00000000e+00,0.00000000e+00,0.00000000e+00,2.85825759e-06
gul_bin_edges:  0.    ,  3.4986,  6.9972, 10.4958, 13.9944, 17.493 , 20.9916, 24.4902, 27.9888, 31.4874, 34.986 , 38.4846, 41.9832, 45.4818, 48.9804, 52.479 , 55.9776, 59.4762, 62.9748, 66.4734, 69.972 , 73.4706, 76.9692, 80.4678, 83.9664, 87.465 , 90.9636, 94.4622, 97.9608,101.4594,104.958 ,108.4566,111.9552,115.4538,118.9524,122.451 ,125.9496,129.4482,132.9468,136.4454,139.944 
gdl:9.00737053e-02,1.98785891e-05,1.29089618e-05,5.01207109e-05,1.89695073e-05,1.49089418e-05,8.06052546e-06,2.43088478e-04,3.93935455e-06,7.15144364e-06,9.64838836e-05,3.55147964e-05,1.88482964e-05,6.06054546e-06,2.09694873e-05,1.75755818e-06,5.93933455e-06,6.90902182e-06,6.54538909e-06,4.36359273e-06,9.87868909e-06,1.12120091e-05,2.84845636e-06,8.36355273e-06,6.30296727e-06,1.56968127e-05,3.24239182e-05,7.36962327e-05,6.42417818e-05,1.48483364e-05,2.90906182e-06,9.09081818e-07,1.21210909e-07,7.87870909e-07,3.63632727e-07,2.06058545e-06,1.03029273e-06,5.45449091e-07,6.66660000e-07,4.06056545e-06
gdl_bin_edges:  0., 11., 22., 33., 44., 55., 66., 77., 88., 99.,110.,121.,132.,143.,154.,165.,176.,187.,198.,209.,220.,231.,242.,253.,264.,275.,286.,297.,308.,319.,330.,341.,352.,363.,374.,385.,396.,407.,418.,429.,440.
ri: 0., 0., 0., 0., 0., 0., 0., 0., 0., 0., 0., 0., 0., 0., 0., 0., 0., 0., 0., 0.,40., 0., 0., 0., 0., 0., 0., 0., 0., 0., 0., 0., 0., 0., 0., 0., 0., 0., 0., 0.
ri_bin_edges:0.5  ,0.525,0.55 ,0.575,0.6  ,0.625,0.65 ,0.675,0.7  ,0.725,0.75 ,0.775,0.8  ,0.825,0.85 ,0.875,0.9  ,0.925,0.95 ,0.975,1.   ,1.025,1.05 ,1.075,1.1  ,1.125,1.15 ,1.175,1.2  ,1.225,1.25 ,1.275,1.3  ,1.325,1.35 ,1.375,1.4  ,1.425,1.45 ,1.475,1.5  
