period:1
ue_log_freq:1000
mac_log_freq:1000
mimo_layers:2
frequency:2412000000.0
bandwidth:50000000
ue_speed:5.555555555555555
max_distance:1000
shannon_cfg_bandwidth_mhz:50.0
shannon_cfg_mimo_layers:2
shannon_cfg_bw_efficiency:0.67
shannon_cfg_sinr_offset_db:0
shannon_cfg_ul_divisor:2
shannon_cfg_sinr_sample_rate:1000
n_ue:2
sinr_period:9.463597741343282
sinr_rate:105.66805852612856
ul_fairness:0.9999999820519224
dl_fairness:0.9999999991523811
ul_agg_throughput:0.5126616994053379
dl_agg_throughput:21.036554428242418
ul_ave_throughput:0.25633084970266895
dl_ave_throughput:10.518277214121209
ul_se:0.010253233988106758
dl_se:0.42073108856484837
ul_ase:3.2637057437700367e-09
dl_ase:1.3392286491505923e-07
ul_gr:0.12153342466575334, 0.12153342466575334
dl_gr:7.992323356766432, 7.992734632653674
ul_tr:0.12153342518574815, 0.12153342837671624
dl_tr:7.992324031497685, 7.9927353003495965
ul_er:0.0, 0.0
dl_er:23.836136118638816, 23.835724842751574
ul_er_ratio:0.0, 0.0
dl_er_ratio:0.7488937889612794, 0.748880867487332
ul_er_perc:0.0, 0.0
dl_er_perc:74.88937889612795, 74.8880867487332
ul_l:0.0005333479734282658, 0.0005326143026209738
dl_l:0.0005572681644623554, 0.0005596211673073269
ul_il:0.000534670044597554, 0.000533177393496065
dl_il:0.08564380827821821, 0.08602481502713973
sinr_ul:0.01067331,0.03109446,0.03938991,0.02509579,0.02260985,0.04566555,0.05055636,0.07613177,0.18349985,0.05346787,0.03619468,0.04529401,0.04057208,0.11776443,0.13953662,0.06039201,0.04359168,0.0601218 ,0.05531881,0.02204241,0.02047519,0.02031982,0.02143444,0.00245216,0.00247242,0.00476921,0.01221351,0.01165282,0.00961273,0.00888992,0.00735648,0.00781583,0.01436844,0.00468815,0.00545825,0.00774828,0.00797796,0.0069309 ,0.00739701,0.00801849
sinr_ul_bin_edges:17.483416 ,18.2235727,18.9637294,19.7038861,20.4440428,21.1841995,21.9243562,22.6645129,23.4046696,24.1448263,24.884983 ,25.6251397,26.3652964,27.1054531,27.8456098,28.5857665,29.3259232,30.0660799,30.8062366,31.5463933,32.28655  ,33.0267067,33.7668634,34.5070201,35.2471768,35.9873335,36.7274902,37.4676469,38.2078036,38.9479603,39.688117 ,40.4282737,41.1684304,41.9085871,42.6487438,43.3889005,44.1290572,44.8692139,45.6093706,46.3495273,47.089684 
sinr_dl:0.01067354,0.03109512,0.03939075,0.02508956,0.02261709,0.04564625,0.05055743,0.07612663,0.18351051,0.05347577,0.03619545,0.04530848,0.0405797 ,0.1180439 ,0.13926938,0.06040005,0.04358586,0.06012308,0.05530648,0.02204288,0.02048238,0.0203135 ,0.02143489,0.00245221,0.00247248,0.00477607,0.01220701,0.01165307,0.00961294,0.00889011,0.00736339,0.00780925,0.01436874,0.00468825,0.00545837,0.00774845,0.00797813,0.00693104,0.00739717,0.00801866
sinr_dl_bin_edges:27.226482  ,27.96662295,28.7067639 ,29.44690485,30.1870458 ,30.92718675,31.6673277 ,32.40746865,33.1476096 ,33.88775055,34.6278915 ,35.36803245,36.1081734 ,36.84831435,37.5884553 ,38.32859625,39.0687372 ,39.80887815,40.5490191 ,41.28916005,42.029301  ,42.76944195,43.5095829 ,44.24972385,44.9898648 ,45.73000575,46.4701467 ,47.21028765,47.9504286 ,48.69056955,49.4307105 ,50.17085145,50.9109924 ,51.65113335,52.3912743 ,53.13141525,53.8715562 ,54.61169715,55.3518381 ,56.09197905,56.83212   
rsrp_ul:0.01067292,0.03099617,0.0393801 ,0.02523306,0.02258515,0.04556985,0.05049321,0.07341019,0.18519821,0.05545043,0.03499851,0.04722903,0.04689042,0.13463727,0.11935929,0.05943246,0.0449265 ,0.05980493,0.0545091 ,0.02184021,0.02075666,0.02039097,0.02063477,0.00245829,0.00247184,0.00507235,0.01231856,0.01151267,0.00960292,0.00884444,0.00736134,0.00783539,0.01429603,0.00470665,0.00548545,0.00778798,0.00793697,0.00692792,0.00740874,0.00801824
rsrp_ul_bin_edges:-93.14092  ,-92.4026103,-91.6643006,-90.9259909,-90.1876812,-89.4493715,-88.7110618,-87.9727521,-87.2344424,-86.4961327,-85.757823 ,-85.0195133,-84.2812036,-83.5428939,-82.8045842,-82.0662745,-81.3279648,-80.5896551,-79.8513454,-79.1130357,-78.374726 ,-77.6364163,-76.8981066,-76.1597969,-75.4214872,-74.6831775,-73.9448678,-73.2065581,-72.4682484,-71.7299387,-70.991629 ,-70.2533193,-69.5150096,-68.7766999,-68.0383902,-67.3000805,-66.5617708,-65.8234611,-65.0851514,-64.3468417,-63.608532 
rsrp_dl:0.01067292,0.03099617,0.0393801 ,0.02523306,0.02258515,0.04556985,0.05049321,0.07341019,0.18519821,0.05545043,0.03499851,0.04722903,0.04689042,0.13463727,0.11935929,0.05943246,0.0449265 ,0.05980493,0.0545091 ,0.02184021,0.02075666,0.02039097,0.02063477,0.00245829,0.00247184,0.00507235,0.01231856,0.01151267,0.00960292,0.00884444,0.00736134,0.00783539,0.01429603,0.00470665,0.00548545,0.00778798,0.00793697,0.00692792,0.00740874,0.00801824
rsrp_dl_bin_edges:-90.13062  ,-89.3923103,-88.6540006,-87.9156909,-87.1773812,-86.4390715,-85.7007618,-84.9624521,-84.2241424,-83.4858327,-82.747523 ,-82.0092133,-81.2709036,-80.5325939,-79.7942842,-79.0559745,-78.3176648,-77.5793551,-76.8410454,-76.1027357,-75.364426 ,-74.6261163,-73.8878066,-73.1494969,-72.4111872,-71.6728775,-70.9345678,-70.1962581,-69.4579484,-68.7196387,-67.981329 ,-67.2430193,-66.5047096,-65.7663999,-65.0280902,-64.2897805,-63.5514708,-62.8131611,-62.0748514,-61.3365417,-60.598232 
cqi_ul: 0., 0., 0., 0., 0., 0., 0., 0., 0., 0., 0., 0., 0., 0., 0., 0., 0., 0., 0., 0.,40., 0., 0., 0., 0., 0., 0., 0., 0., 0., 0., 0., 0., 0., 0., 0., 0., 0., 0., 0.
cqi_ul_bin_edges:14.5  ,14.525,14.55 ,14.575,14.6  ,14.625,14.65 ,14.675,14.7  ,14.725,14.75 ,14.775,14.8  ,14.825,14.85 ,14.875,14.9  ,14.925,14.95 ,14.975,15.   ,15.025,15.05 ,15.075,15.1  ,15.125,15.15 ,15.175,15.2  ,15.225,15.25 ,15.275,15.3  ,15.325,15.35 ,15.375,15.4  ,15.425,15.45 ,15.475,15.5  
cqi_dl: 0., 0., 0., 0., 0., 0., 0., 0., 0., 0., 0., 0., 0., 0., 0., 0., 0., 0., 0., 0.,40., 0., 0., 0., 0., 0., 0., 0., 0., 0., 0., 0., 0., 0., 0., 0., 0., 0., 0., 0.
cqi_dl_bin_edges:14.5  ,14.525,14.55 ,14.575,14.6  ,14.625,14.65 ,14.675,14.7  ,14.725,14.75 ,14.775,14.8  ,14.825,14.85 ,14.875,14.9  ,14.925,14.95 ,14.975,15.   ,15.025,15.05 ,15.075,15.1  ,15.125,15.15 ,15.175,15.2  ,15.225,15.25 ,15.275,15.3  ,15.325,15.35 ,15.375,15.4  ,15.425,15.45 ,15.475,15.5  
mcs_ul: 0., 0., 0., 0., 0., 0., 0., 0., 0., 0., 0., 0., 0., 0., 0., 0., 0., 0., 0., 0.,40., 0., 0., 0., 0., 0., 0., 0., 0., 0., 0., 0., 0., 0., 0., 0., 0., 0., 0., 0.
mcs_ul_bin_edges:27.5  ,27.525,27.55 ,27.575,27.6  ,27.625,27.65 ,27.675,27.7  ,27.725,27.75 ,27.775,27.8  ,27.825,27.85 ,27.875,27.9  ,27.925,27.95 ,27.975,28.   ,28.025,28.05 ,28.075,28.1  ,28.125,28.15 ,28.175,28.2  ,28.225,28.25 ,28.275,28.3  ,28.325,28.35 ,28.375,28.4  ,28.425,28.45 ,28.475,28.5  
mcs_dl: 0., 0., 0., 0., 0., 0., 0., 0., 0., 0., 0., 0., 0., 0., 0., 0., 0., 0., 0., 0.,40., 0., 0., 0., 0., 0., 0., 0., 0., 0., 0., 0., 0., 0., 0., 0., 0., 0., 0., 0.
mcs_dl_bin_edges:27.5  ,27.525,27.55 ,27.575,27.6  ,27.625,27.65 ,27.675,27.7  ,27.725,27.75 ,27.775,27.8  ,27.825,27.85 ,27.875,27.9  ,27.925,27.95 ,27.975,28.   ,28.025,28.05 ,28.075,28.1  ,28.125,28.15 ,28.175,28.2  ,28.225,28.25 ,28.275,28.3  ,28.325,28.35 ,28.375,28.4  ,28.425,28.45 ,28.475,28.5  
eff_ul: 0., 0., 0., 0., 0., 0., 0., 0., 0., 0., 0., 0., 0., 0., 0., 0., 0., 0., 0., 0.,40., 0., 0., 0., 0., 0., 0., 0., 0., 0., 0., 0., 0., 0., 0., 0., 0., 0., 0., 0.
eff_ul_bin_edges:5.0545974,5.0795974,5.1045974,5.1295974,5.1545974,5.1795974,5.2045974,5.2295974,5.2545974,5.2795974,5.3045974,5.3295974,5.3545974,5.3795974,5.4045974,5.4295974,5.4545974,5.4795974,5.5045974,5.5295974,5.5545974,5.5795974,5.6045974,5.6295974,5.6545974,5.6795974,5.7045974,5.7295974,5.7545974,5.7795974,5.8045974,5.8295974,5.8545974,5.8795974,5.9045974,5.9295974,5.9545974,5.9795974,6.0045974,6.0295974,6.0545974
eff_dl: 0., 0., 0., 0., 0., 0., 0., 0., 0., 0., 0., 0., 0., 0., 0., 0., 0., 0., 0., 0.,40., 0., 0., 0., 0., 0., 0., 0., 0., 0., 0., 0., 0., 0., 0., 0., 0., 0., 0., 0.
eff_dl_bin_edges:5.0545974,5.0795974,5.1045974,5.1295974,5.1545974,5.1795974,5.2045974,5.2295974,5.2545974,5.2795974,5.3045974,5.3295974,5.3545974,5.3795974,5.4045974,5.4295974,5.4545974,5.4795974,5.5045974,5.5295974,5.5545974,5.5795974,5.6045974,5.6295974,5.6545974,5.6795974,5.7045974,5.7295974,5.7545974,5.7795974,5.8045974,5.8295974,5.8545974,5.8795974,5.9045974,5.9295974,5.9545974,5.9795974,6.0045974,6.0295974,6.0545974
rul:4.65241028e-01,6.05688556e-05,1.16478568e-05,5.82392842e-05,1.32785568e-04,2.79548564e-05,1.63069996e-05,3.96027133e-05,3.72731419e-05,6.75575697e-05,1.39774282e-05,2.09661423e-05,4.19322846e-05,1.86365709e-05,9.31828547e-06,1.16478568e-05,2.32957137e-06,0.00000000e+00,1.86365709e-05,2.32957137e-06,6.75575697e-05,2.32957137e-06,0.00000000e+00,0.00000000e+00,0.00000000e+00,0.00000000e+00,0.00000000e+00,0.00000000e+00,2.32957137e-06,0.00000000e+00,0.00000000e+00,2.32957137e-06,0.00000000e+00,0.00000000e+00,2.32957137e-06,0.00000000e+00,0.00000000e+00,0.00000000e+00,0.00000000e+00,9.31828547e-06
rul_bin_edges: 0.        , 2.14629613, 4.29259225, 6.43888838, 8.5851845 ,10.73148062,12.87777675,15.02407288,17.170369  ,19.31666513,21.46296125,23.60925738,25.7555535 ,27.90184963,30.04814575,32.19444188,34.340738  ,36.48703413,38.63333025,40.77962637,42.9259225 ,45.07221863,47.21851475,49.36481088,51.511107  ,53.65740313,55.80369925,57.94999538,60.0962915 ,62.24258763,64.38888375,66.53517987,68.681476  ,70.82777213,72.97406825,75.12036438,77.2666605 ,79.41295663,81.55925275,83.70554888,85.851845  
rdl:4.14670120e-01,3.23972713e-05,8.22392271e-05,9.22076183e-05,1.14636498e-04,4.23656624e-05,1.24604890e-05,7.47629337e-06,9.96839116e-06,2.99051735e-05,1.24604890e-05,1.49525867e-05,2.49209779e-06,2.49209779e-06,1.74446845e-05,9.96839116e-06,9.96839116e-06,2.49209779e-06,4.98419558e-06,6.73713717e-02,0.00000000e+00,0.00000000e+00,0.00000000e+00,2.49209779e-06,0.00000000e+00,2.49209779e-06,2.49209779e-06,2.49209779e-06,2.49209779e-06,4.98419558e-06,0.00000000e+00,0.00000000e+00,0.00000000e+00,0.00000000e+00,2.49209779e-06,0.00000000e+00,0.00000000e+00,2.49209779e-06,0.00000000e+00,1.58597103e-02
rdl_bin_edges: 0.        , 2.00632175, 4.0126435 , 6.01896525, 8.025287  ,10.03160875,12.0379305 ,14.04425225,16.050574  ,18.05689575,20.0632175 ,22.06953925,24.075861  ,26.08218275,28.0885045 ,30.09482625,32.101148  ,34.10746975,36.1137915 ,38.12011325,40.126435  ,42.13275675,44.1390785 ,46.14540025,48.151722  ,50.15804375,52.1643655 ,54.17068725,56.177009  ,58.18333075,60.1896525 ,62.19597425,64.202296  ,66.20861775,68.2149395 ,70.22126125,72.227583  ,74.23390475,76.2402265 ,78.24654825,80.25287   
lul:8.04055143e+03,0.00000000e+00,0.00000000e+00,0.00000000e+00,0.00000000e+00,0.00000000e+00,0.00000000e+00,0.00000000e+00,0.00000000e+00,0.00000000e+00,0.00000000e+00,0.00000000e+00,0.00000000e+00,0.00000000e+00,0.00000000e+00,0.00000000e+00,0.00000000e+00,0.00000000e+00,0.00000000e+00,0.00000000e+00,0.00000000e+00,0.00000000e+00,0.00000000e+00,0.00000000e+00,0.00000000e+00,0.00000000e+00,0.00000000e+00,0.00000000e+00,9.21903742e+02,9.21568278e+01,3.45048965e+00,1.48562749e+00,1.00639281e+00,9.15817462e+01,3.97764779e+00,1.52396626e+01,2.97125498e+00,5.42493651e+01,3.53483495e+02,2.73163764e+00
lul_bin_edges:0.        ,0.00010433,0.00020866,0.000313  ,0.00041733,0.00052166,0.00062599,0.00073032,0.00083466,0.00093899,0.00104332,0.00114765,0.00125198,0.00135632,0.00146065,0.00156498,0.00166931,0.00177364,0.00187798,0.00198231,0.00208664,0.00219097,0.0022953 ,0.00239964,0.00250397,0.0026083 ,0.00271263,0.00281696,0.0029213 ,0.00302563,0.00312996,0.00323429,0.00333862,0.00344296,0.00354729,0.00365162,0.00375595,0.00386028,0.00396462,0.00406895,0.00417328
ldl:7.97250673e+03,0.00000000e+00,0.00000000e+00,0.00000000e+00,0.00000000e+00,0.00000000e+00,0.00000000e+00,0.00000000e+00,0.00000000e+00,0.00000000e+00,0.00000000e+00,0.00000000e+00,0.00000000e+00,0.00000000e+00,0.00000000e+00,0.00000000e+00,0.00000000e+00,0.00000000e+00,0.00000000e+00,0.00000000e+00,0.00000000e+00,0.00000000e+00,0.00000000e+00,0.00000000e+00,0.00000000e+00,0.00000000e+00,0.00000000e+00,0.00000000e+00,8.85519341e+02,1.17339475e+02,4.41703423e+00,1.92044967e-01,1.68039346e+00,2.92820563e+02,1.11386081e+01,1.00823607e+00,1.72840470e+00,4.30660838e+01,2.70111246e+02,8.16191108e-01
ldl_bin_edges:0.        ,0.00010414,0.00020828,0.00031242,0.00041656,0.00052071,0.00062485,0.00072899,0.00083313,0.00093727,0.00104141,0.00114555,0.00124969,0.00135384,0.00145798,0.00156212,0.00166626,0.0017704 ,0.00187454,0.00197868,0.00208282,0.00218697,0.00229111,0.00239525,0.00249939,0.00260353,0.00270767,0.00281181,0.00291595,0.0030201 ,0.00312424,0.00322838,0.00333252,0.00343666,0.0035408 ,0.00364494,0.00374908,0.00385323,0.00395737,0.00406151,0.00416565
ilul:3.28007167e+03,0.00000000e+00,0.00000000e+00,0.00000000e+00,0.00000000e+00,0.00000000e+00,0.00000000e+00,0.00000000e+00,0.00000000e+00,0.00000000e+00,0.00000000e+00,4.00285300e+02,1.43105660e+01,3.88653078e+01,7.85908135e+00,1.66682905e+02,8.01548098e-01,1.95499536e-02,5.86498608e-02,3.12799258e-01,3.90999072e-02,5.86498608e-02,0.00000000e+00,1.75949583e-01,0.00000000e+00,0.00000000e+00,0.00000000e+00,5.86498608e-02,3.90999072e-02,1.95499536e-02,5.86498608e-02,5.86498608e-02,0.00000000e+00,1.95499536e-02,7.81998145e-02,5.86498608e-02,0.00000000e+00,3.90999072e-02,0.00000000e+00,5.86498608e-02
ilul_bin_edges:0.        ,0.00025575,0.00051151,0.00076726,0.00102301,0.00127876,0.00153452,0.00179027,0.00204602,0.00230177,0.00255753,0.00281328,0.00306903,0.00332478,0.00358054,0.00383629,0.00409204,0.00434779,0.00460355,0.0048593 ,0.00511505,0.0053708 ,0.00562656,0.00588231,0.00613806,0.00639381,0.00664957,0.00690532,0.00716107,0.00741682,0.00767258,0.00792833,0.00818408,0.00843983,0.00869559,0.00895134,0.00920709,0.00946284,0.0097186 ,0.00997435,0.0102301 
ildl:5.89230671e+01,6.14816212e-02,6.00682506e-02,3.67476357e-02,3.81610063e-02,4.31078034e-02,4.13410901e-02,4.13410901e-02,3.88676916e-02,3.35675518e-02,3.49809224e-02,3.00341253e-02,1.87271605e-02,2.04938737e-02,1.41337060e-02,1.30736781e-02,1.55470766e-02,1.37803634e-02,1.34270207e-02,1.51937340e-02,1.66071046e-02,1.41337060e-02,1.48403913e-02,1.59004193e-02,2.15539017e-02,2.47339855e-02,1.94338458e-02,1.83738178e-02,1.69604472e-02,1.66071046e-02,1.69604472e-02,1.73137899e-02,1.73137899e-02,1.87271605e-02,1.87271605e-02,1.80204752e-02,1.04236082e-01,3.58925464e+00,6.05664637e+00,1.12574968e+00
ildl_bin_edges:0.        ,0.01415043,0.02830086,0.04245129,0.05660171,0.07075214,0.08490257,0.099053  ,0.11320343,0.12735386,0.14150429,0.15565472,0.16980514,0.18395557,0.198106  ,0.21225643,0.22640686,0.24055729,0.25470772,0.26885815,0.28300857,0.297159  ,0.31130943,0.32545986,0.33961029,0.35376072,0.36791115,0.38206158,0.396212  ,0.41036243,0.42451286,0.43866329,0.45281372,0.46696415,0.48111458,0.49526501,0.50941543,0.52356586,0.53771629,0.55186672,0.56601715
eul: 0., 0., 0., 0., 0., 0., 0., 0., 0., 0., 0., 0., 0., 0., 0., 0., 0., 0., 0., 0.,40., 0., 0., 0., 0., 0., 0., 0., 0., 0., 0., 0., 0., 0., 0., 0., 0., 0., 0., 0.
eul_bin_edges:-0.5  ,-0.475,-0.45 ,-0.425,-0.4  ,-0.375,-0.35 ,-0.325,-0.3  ,-0.275,-0.25 ,-0.225,-0.2  ,-0.175,-0.15 ,-0.125,-0.1  ,-0.075,-0.05 ,-0.025, 0.   , 0.025, 0.05 , 0.075, 0.1  , 0.125, 0.15 , 0.175, 0.2  , 0.225, 0.25 , 0.275, 0.3  , 0.325, 0.35 , 0.375, 0.4  , 0.425, 0.45 , 0.475, 0.5  
edl:7.99282916e-02,2.18179636e-05,2.95451591e-05,8.31809864e-05,1.00453541e-04,7.09083818e-05,9.22718046e-05,3.78178036e-04,5.81812364e-05,1.92725345e-04,1.93634427e-03,1.86816314e-03,6.99083918e-04,1.89543559e-04,2.44997550e-04,5.27267455e-05,7.86355773e-05,7.77264955e-05,7.86355773e-05,9.86353773e-05,1.74543709e-04,2.08634277e-04,4.72722546e-05,7.68174136e-05,1.02726245e-04,2.99997000e-04,6.18630177e-04,1.55043904e-03,1.06771660e-03,3.10451441e-04,3.18178636e-05,1.59089318e-05,1.22726045e-05,1.36362273e-05,1.59089318e-05,1.72725545e-05,9.99990000e-06,1.90907182e-05,1.27271455e-05,2.31815864e-05
edl_bin_edges:  0., 11., 22., 33., 44., 55., 66., 77., 88., 99.,110.,121.,132.,143.,154.,165.,176.,187.,198.,209.,220.,231.,242.,253.,264.,275.,286.,297.,308.,319.,330.,341.,352.,363.,374.,385.,396.,407.,418.,429.,440.
gul:2.85477051e-01,2.85825759e-05,8.57477277e-05,1.71495455e-05,8.57477277e-06,6.57399245e-05,1.42912879e-05,4.28738638e-05,1.42912879e-05,1.71495455e-05,2.85825759e-06,2.85825759e-05,0.00000000e+00,2.85825759e-06,2.85825759e-06,0.00000000e+00,2.85825759e-06,2.85825759e-06,0.00000000e+00,0.00000000e+00,2.85825759e-06,0.00000000e+00,2.85825759e-06,0.00000000e+00,0.00000000e+00,0.00000000e+00,0.00000000e+00,0.00000000e+00,2.85825759e-06,0.00000000e+00,0.00000000e+00,0.00000000e+00,0.00000000e+00,0.00000000e+00,2.85825759e-06,0.00000000e+00,0.00000000e+00,0.00000000e+00,0.00000000e+00,2.85825759e-06
gul_bin_edges:  0.    ,  3.4986,  6.9972, 10.4958, 13.9944, 17.493 , 20.9916, 24.4902, 27.9888, 31.4874, 34.986 , 38.4846, 41.9832, 45.4818, 48.9804, 52.479 , 55.9776, 59.4762, 62.9748, 66.4734, 69.972 , 73.4706, 76.9692, 80.4678, 83.9664, 87.465 , 90.9636, 94.4622, 97.9608,101.4594,104.958 ,108.4566,111.9552,115.4538,118.9524,122.451 ,125.9496,129.4482,132.9468,136.4454,139.944 
gdl:6.94031621e-02,2.01738717e-05,5.51178995e-05,2.41365965e-05,2.08943671e-05,2.68384543e-04,9.36644043e-06,6.37638445e-05,2.33440515e-04,2.32359772e-04,9.04221749e-05,7.16892941e-05,3.09813030e-05,1.29689175e-05,3.60247709e-05,3.60247709e-05,4.17887342e-05,5.87203765e-05,4.10682388e-05,3.74657617e-05,2.11105157e-04,3.75378113e-04,4.94620104e-04,8.86209364e-05,1.08074313e-05,1.44099084e-05,7.56520189e-06,1.15279267e-05,1.08074313e-05,9.00619272e-06,1.47701561e-05,1.29689175e-05,0.00000000e+00,0.00000000e+00,0.00000000e+00,0.00000000e+00,0.00000000e+00,0.00000000e+00,0.00000000e+00,7.20495418e-07
gdl_bin_edges:  0.    , 13.8792, 27.7584, 41.6376, 55.5168, 69.396 , 83.2752, 97.1544,111.0336,124.9128,138.792 ,152.6712,166.5504,180.4296,194.3088,208.188 ,222.0672,235.9464,249.8256,263.7048,277.584 ,291.4632,305.3424,319.2216,333.1008,346.98  ,360.8592,374.7384,388.6176,402.4968,416.376 ,430.2552,444.1344,458.0136,471.8928,485.772 ,499.6512,513.5304,527.4096,541.2888,555.168 
ri: 0., 0., 0., 0., 0., 0., 0., 0., 0., 0., 0., 0., 0., 0., 0., 0., 0., 0., 0., 0.,40., 0., 0., 0., 0., 0., 0., 0., 0., 0., 0., 0., 0., 0., 0., 0., 0., 0., 0., 0.
ri_bin_edges:0.5  ,0.525,0.55 ,0.575,0.6  ,0.625,0.65 ,0.675,0.7  ,0.725,0.75 ,0.775,0.8  ,0.825,0.85 ,0.875,0.9  ,0.925,0.95 ,0.975,1.   ,1.025,1.05 ,1.075,1.1  ,1.125,1.15 ,1.175,1.2  ,1.225,1.25 ,1.275,1.3  ,1.325,1.35 ,1.375,1.4  ,1.425,1.45 ,1.475,1.5  
