period:1
ue_log_freq:1000
mac_log_freq:1000
mimo_layers:2
frequency:2412000000.0
bandwidth:50000000
ue_speed:5.555555555555555
max_distance:1000
shannon_cfg_bandwidth_mhz:50.0
shannon_cfg_mimo_layers:2
shannon_cfg_bw_efficiency:0.67
shannon_cfg_sinr_offset_db:0
shannon_cfg_ul_divisor:2
shannon_cfg_sinr_sample_rate:1000
n_ue:3
sinr_period:9.463597741343282
sinr_rate:105.66805852612856
ul_fairness:nan
dl_fairness:0.9999796174031461
ul_agg_throughput:0
dl_agg_throughput:39.99356582125408
ul_ave_throughput:0.0
dl_ave_throughput:13.331188607084693
ul_se:0.0
dl_se:0.7998713164250817
ul_ase:0.0
dl_ase:2.5460694769294655e-07
ul_gr:0.0, 0.0, 0.0
dl_gr:13.488139118608816, 13.484875151248488, 13.491554084459155
ul_tr:0.0, 0.0, 0.0
dl_tr:13.375209558204418, 13.371999468905312, 13.377617111028888
ul_er:0.0, 0.0, 0.0
dl_er:86.50978090219097, 86.51304486955131, 86.50636593634063
ul_er_ratio:0.0, 0.0, 0.0
dl_er_ratio:0.866093899628416, 0.8661261096947126, 0.8660684455816644
ul_er_perc:0.0, 0.0, 0.0
dl_er_perc:86.6093899628416, 86.61261096947126, 86.60684455816644
ul_l:0.0, 0.0, 0.0
dl_l:0.0009431372589454105, 0.0009439844678273217, 0.0009461285188528114
ul_il:0.0, 0.0, 0.0
dl_il:0.23950913722633774, 0.2398974795328677, 0.24003742544749057
sinr_ul:0.01451227,0.02072103,0.0246495 ,0.06033799,0.05470739,0.02653931,0.01339694,0.09692392,0.06593838,0.07289357,0.04325635,0.03412228,0.03116891,0.02352769,0.01560171,0.00838333,0.00937138,0.00663806,0.00729604,0.00720112,0.0012836 ,0.0004703 ,0.00043146,0.0003991 ,0.00038185,0.00036459,0.0003538 ,0.00034517,0.00033438,0.00033007,0.00032575,0.00031928,0.00031928,0.00031281,0.00031497,0.00031065,0.00031281,0.00038616,0.00059758,0.00212064
sinr_ul_bin_edges:17.38562 ,18.930734,20.475848,22.020962,23.566076,25.11119 ,26.656304,28.201418,29.746532,31.291646,32.83676 ,34.381874,35.926988,37.472102,39.017216,40.56233 ,42.107444,43.652558,45.197672,46.742786,48.2879  ,49.833014,51.378128,52.923242,54.468356,56.01347 ,57.558584,59.103698,60.648812,62.193926,63.73904 ,65.284154,66.829268,68.374382,69.919496,71.46461 ,73.009724,74.554838,76.099952,77.645066,79.19018 
sinr_dl:0.01451028,0.02072342,0.02464547,0.06033006,0.05472097,0.02653746,0.01344024,0.09695956,0.065896  ,0.0728901 ,0.04324607,0.03410973,0.03118006,0.02351934,0.01559542,0.00838559,0.00937365,0.00663814,0.00729829,0.00719473,0.00128362,0.0004703 ,0.00043147,0.00039911,0.00038185,0.00036675,0.00035165,0.00034517,0.00033439,0.00033007,0.00032576,0.00031929,0.00031929,0.00031281,0.00031497,0.00031066,0.00031281,0.00038616,0.00059758,0.00212067
sinr_dl_bin_edges:27.12846  ,28.6735561,30.2186522,31.7637483,33.3088444,34.8539405,36.3990366,37.9441327,39.4892288,41.0343249,42.579421 ,44.1245171,45.6696132,47.2147093,48.7598054,50.3049015,51.8499976,53.3950937,54.9401898,56.4852859,58.030382 ,59.5754781,61.1205742,62.6656703,64.2107664,65.7558625,67.3009586,68.8460547,70.3911508,71.9362469,73.481343 ,75.0264391,76.5715352,78.1166313,79.6617274,81.2068235,82.7519196,84.2970157,85.8421118,87.3872079,88.932304 
rsrp_ul:0.01449501,0.02074542,0.02438808,0.05922017,0.05623   ,0.02660479,0.01700987,0.10112368,0.06214553,0.0728985 ,0.04157295,0.03324842,0.03161722,0.0230788 ,0.01532465,0.0083591 ,0.00919738,0.00688561,0.00716216,0.00690074,0.00122718,0.000471  ,0.00042779,0.00040186,0.00038025,0.00036513,0.00035217,0.00034352,0.00033704,0.0003284 ,0.00032624,0.00031976,0.0003176 ,0.00031544,0.00031328,0.00031328,0.00030896,0.0003889 ,0.00059847,0.00212164
rsrp_ul_bin_edges:-93.267395  ,-91.72458027,-90.18176555,-88.63895082,-87.0961361 ,-85.55332137,-84.01050665,-82.46769192,-80.9248772 ,-79.38206247,-77.83924775,-76.29643302,-74.7536183 ,-73.21080357,-71.66798885,-70.12517413,-68.5823594 ,-67.03954468,-65.49672995,-63.95391522,-62.4111005 ,-60.86828577,-59.32547105,-57.78265632,-56.2398416 ,-54.69702687,-53.15421215,-51.61139742,-50.0685827 ,-48.52576797,-46.98295325,-45.44013852,-43.8973238 ,-42.35450907,-40.81169435,-39.26887962,-37.7260649 ,-36.18325017,-34.64043545,-33.09762072,-31.554806  
rsrp_dl:0.01449501,0.02074542,0.02438808,0.05922017,0.05623   ,0.02660479,0.01700987,0.10112368,0.06214553,0.0728985 ,0.04157295,0.03324842,0.03161722,0.0230788 ,0.01532465,0.0083591 ,0.00919738,0.00688561,0.00716216,0.00690074,0.00122718,0.000471  ,0.00042779,0.00040186,0.00038025,0.00036513,0.00035217,0.00034352,0.00033704,0.0003284 ,0.00032624,0.00031976,0.0003176 ,0.00031544,0.00031328,0.00031328,0.00030896,0.0003889 ,0.00059847,0.00212164
rsrp_dl_bin_edges:-90.257095  ,-88.71428028,-87.17146555,-85.62865083,-84.0858361 ,-82.54302138,-81.00020665,-79.45739193,-77.9145772 ,-76.37176248,-74.82894775,-73.28613302,-71.7433183 ,-70.20050357,-68.65768885,-67.11487413,-65.5720594 ,-64.02924468,-62.48642995,-60.94361523,-59.4008005 ,-57.85798578,-56.31517105,-54.77235633,-53.2295416 ,-51.68672688,-50.14391215,-48.60109742,-47.0582827 ,-45.51546797,-43.97265325,-42.42983853,-40.8870238 ,-39.34420908,-37.80139435,-36.25857963,-34.7157649 ,-33.17295018,-31.63013545,-30.08732072,-28.544506  
cqi_ul: 0., 0., 0., 0., 0., 0., 0., 0., 0., 0., 0., 0., 0., 0., 0., 0., 0., 0., 0., 0.,40., 0., 0., 0., 0., 0., 0., 0., 0., 0., 0., 0., 0., 0., 0., 0., 0., 0., 0., 0.
cqi_ul_bin_edges:14.5  ,14.525,14.55 ,14.575,14.6  ,14.625,14.65 ,14.675,14.7  ,14.725,14.75 ,14.775,14.8  ,14.825,14.85 ,14.875,14.9  ,14.925,14.95 ,14.975,15.   ,15.025,15.05 ,15.075,15.1  ,15.125,15.15 ,15.175,15.2  ,15.225,15.25 ,15.275,15.3  ,15.325,15.35 ,15.375,15.4  ,15.425,15.45 ,15.475,15.5  
cqi_dl: 0., 0., 0., 0., 0., 0., 0., 0., 0., 0., 0., 0., 0., 0., 0., 0., 0., 0., 0., 0.,40., 0., 0., 0., 0., 0., 0., 0., 0., 0., 0., 0., 0., 0., 0., 0., 0., 0., 0., 0.
cqi_dl_bin_edges:14.5  ,14.525,14.55 ,14.575,14.6  ,14.625,14.65 ,14.675,14.7  ,14.725,14.75 ,14.775,14.8  ,14.825,14.85 ,14.875,14.9  ,14.925,14.95 ,14.975,15.   ,15.025,15.05 ,15.075,15.1  ,15.125,15.15 ,15.175,15.2  ,15.225,15.25 ,15.275,15.3  ,15.325,15.35 ,15.375,15.4  ,15.425,15.45 ,15.475,15.5  
mcs_ul: 0., 0., 0., 0., 0., 0., 0., 0., 0., 0., 0., 0., 0., 0., 0., 0., 0., 0., 0., 0.,40., 0., 0., 0., 0., 0., 0., 0., 0., 0., 0., 0., 0., 0., 0., 0., 0., 0., 0., 0.
mcs_ul_bin_edges:27.5  ,27.525,27.55 ,27.575,27.6  ,27.625,27.65 ,27.675,27.7  ,27.725,27.75 ,27.775,27.8  ,27.825,27.85 ,27.875,27.9  ,27.925,27.95 ,27.975,28.   ,28.025,28.05 ,28.075,28.1  ,28.125,28.15 ,28.175,28.2  ,28.225,28.25 ,28.275,28.3  ,28.325,28.35 ,28.375,28.4  ,28.425,28.45 ,28.475,28.5  
mcs_dl: 0., 0., 0., 0., 0., 0., 0., 0., 0., 0., 0., 0., 0., 0., 0., 0., 0., 0., 0., 0.,40., 0., 0., 0., 0., 0., 0., 0., 0., 0., 0., 0., 0., 0., 0., 0., 0., 0., 0., 0.
mcs_dl_bin_edges:27.5  ,27.525,27.55 ,27.575,27.6  ,27.625,27.65 ,27.675,27.7  ,27.725,27.75 ,27.775,27.8  ,27.825,27.85 ,27.875,27.9  ,27.925,27.95 ,27.975,28.   ,28.025,28.05 ,28.075,28.1  ,28.125,28.15 ,28.175,28.2  ,28.225,28.25 ,28.275,28.3  ,28.325,28.35 ,28.375,28.4  ,28.425,28.45 ,28.475,28.5  
eff_ul: 0., 0., 0., 0., 0., 0., 0., 0., 0., 0., 0., 0., 0., 0., 0., 0., 0., 0., 0., 0.,40., 0., 0., 0., 0., 0., 0., 0., 0., 0., 0., 0., 0., 0., 0., 0., 0., 0., 0., 0.
eff_ul_bin_edges:5.0545974,5.0795974,5.1045974,5.1295974,5.1545974,5.1795974,5.2045974,5.2295974,5.2545974,5.2795974,5.3045974,5.3295974,5.3545974,5.3795974,5.4045974,5.4295974,5.4545974,5.4795974,5.5045974,5.5295974,5.5545974,5.5795974,5.6045974,5.6295974,5.6545974,5.6795974,5.7045974,5.7295974,5.7545974,5.7795974,5.8045974,5.8295974,5.8545974,5.8795974,5.9045974,5.9295974,5.9545974,5.9795974,6.0045974,6.0295974,6.0545974
eff_dl: 0., 0., 0., 0., 0., 0., 0., 0., 0., 0., 0., 0., 0., 0., 0., 0., 0., 0., 0., 0.,40., 0., 0., 0., 0., 0., 0., 0., 0., 0., 0., 0., 0., 0., 0., 0., 0., 0., 0., 0.
eff_dl_bin_edges:5.0545974,5.0795974,5.1045974,5.1295974,5.1545974,5.1795974,5.2045974,5.2295974,5.2545974,5.2795974,5.3045974,5.3295974,5.3545974,5.3795974,5.4045974,5.4295974,5.4545974,5.4795974,5.5045974,5.5295974,5.5545974,5.5795974,5.6045974,5.6295974,5.6545974,5.6795974,5.7045974,5.7295974,5.7545974,5.7795974,5.8045974,5.8295974,5.8545974,5.8795974,5.9045974,5.9295974,5.9545974,5.9795974,6.0045974,6.0295974,6.0545974
rul: 0., 0., 0., 0., 0., 0., 0., 0., 0., 0., 0., 0., 0., 0., 0., 0., 0., 0., 0., 0.,40., 0., 0., 0., 0., 0., 0., 0., 0., 0., 0., 0., 0., 0., 0., 0., 0., 0., 0., 0.
rul_bin_edges:-0.5  ,-0.475,-0.45 ,-0.425,-0.4  ,-0.375,-0.35 ,-0.325,-0.3  ,-0.275,-0.25 ,-0.225,-0.2  ,-0.175,-0.15 ,-0.125,-0.1  ,-0.075,-0.05 ,-0.025, 0.   , 0.025, 0.05 , 0.075, 0.1  , 0.125, 0.15 , 0.175, 0.2  , 0.225, 0.25 , 0.275, 0.3  , 0.325, 0.35 , 0.375, 0.4  , 0.425, 0.45 , 0.475, 0.5  
rdl:2.34548247e-01,0.00000000e+00,0.00000000e+00,0.00000000e+00,0.00000000e+00,0.00000000e+00,0.00000000e+00,0.00000000e+00,0.00000000e+00,0.00000000e+00,0.00000000e+00,0.00000000e+00,0.00000000e+00,8.47157305e-02,0.00000000e+00,0.00000000e+00,0.00000000e+00,0.00000000e+00,0.00000000e+00,0.00000000e+00,0.00000000e+00,0.00000000e+00,0.00000000e+00,0.00000000e+00,0.00000000e+00,0.00000000e+00,1.30153825e-02,0.00000000e+00,0.00000000e+00,0.00000000e+00,0.00000000e+00,0.00000000e+00,0.00000000e+00,0.00000000e+00,0.00000000e+00,0.00000000e+00,0.00000000e+00,0.00000000e+00,0.00000000e+00,3.32279360e-06
rdl_bin_edges:  0.        ,  3.00948575,  6.0189715 ,  9.02845725, 12.037943  , 15.04742875, 18.0569145 , 21.06640025, 24.075886  , 27.08537175, 30.0948575 , 33.10434325, 36.113829  , 39.12331475, 42.1328005 , 45.14228625, 48.151772  , 51.16125775, 54.1707435 , 57.18022925, 60.189715  , 63.19920075, 66.2086865 , 69.21817225, 72.227658  , 75.23714375, 78.2466295 , 81.25611525, 84.265601  , 87.27508675, 90.2845725 , 93.29405825, 96.303544  , 99.31302975,102.3225155 ,105.33200125,108.341487  ,111.35097275,114.3604585 ,117.36994425,120.37943   
lul: 0., 0., 0., 0., 0., 0., 0., 0., 0., 0., 0., 0., 0., 0., 0., 0., 0., 0., 0., 0.,40., 0., 0., 0., 0., 0., 0., 0., 0., 0., 0., 0., 0., 0., 0., 0., 0., 0., 0., 0.
lul_bin_edges:-0.5  ,-0.475,-0.45 ,-0.425,-0.4  ,-0.375,-0.35 ,-0.325,-0.3  ,-0.275,-0.25 ,-0.225,-0.2  ,-0.175,-0.15 ,-0.125,-0.1  ,-0.075,-0.05 ,-0.025, 0.   , 0.025, 0.05 , 0.075, 0.1  , 0.125, 0.15 , 0.175, 0.2  , 0.225, 0.25 , 0.275, 0.3  , 0.325, 0.35 , 0.375, 0.4  , 0.425, 0.45 , 0.475, 0.5  
ldl:6.35692451e+03,0.00000000e+00,0.00000000e+00,0.00000000e+00,0.00000000e+00,0.00000000e+00,0.00000000e+00,0.00000000e+00,0.00000000e+00,0.00000000e+00,0.00000000e+00,0.00000000e+00,0.00000000e+00,0.00000000e+00,0.00000000e+00,0.00000000e+00,0.00000000e+00,0.00000000e+00,0.00000000e+00,0.00000000e+00,0.00000000e+00,0.00000000e+00,0.00000000e+00,0.00000000e+00,0.00000000e+00,0.00000000e+00,0.00000000e+00,1.91512546e+03,8.40533456e-01,5.40342936e-01,6.30400092e-01,3.51282947e+02,7.80495352e-01,2.70171468e-01,5.10323884e-01,2.14486127e+02,1.64264253e+02,9.00571560e-02,3.00190520e-02,3.00190520e-02
ldl_bin_edges:0.        ,0.00011104,0.00022208,0.00033312,0.00044416,0.0005552 ,0.00066624,0.00077728,0.00088832,0.00099936,0.00111039,0.00122143,0.00133247,0.00144351,0.00155455,0.00166559,0.00177663,0.00188767,0.00199871,0.00210975,0.00222079,0.00233183,0.00244287,0.00255391,0.00266495,0.00277599,0.00288703,0.00299807,0.00310911,0.00322014,0.00333118,0.00344222,0.00355326,0.0036643 ,0.00377534,0.00388638,0.00399742,0.00410846,0.0042195 ,0.00433054,0.00444158
ilul: 0., 0., 0., 0., 0., 0., 0., 0., 0., 0., 0., 0., 0., 0., 0., 0., 0., 0., 0., 0.,40., 0., 0., 0., 0., 0., 0., 0., 0., 0., 0., 0., 0., 0., 0., 0., 0., 0., 0., 0.
ilul_bin_edges:-0.5  ,-0.475,-0.45 ,-0.425,-0.4  ,-0.375,-0.35 ,-0.325,-0.3  ,-0.275,-0.25 ,-0.225,-0.2  ,-0.175,-0.15 ,-0.125,-0.1  ,-0.075,-0.05 ,-0.025, 0.   , 0.025, 0.05 , 0.075, 0.1  , 0.125, 0.15 , 0.175, 0.2  , 0.225, 0.25 , 0.275, 0.3  , 0.325, 0.35 , 0.375, 0.4  , 0.425, 0.45 , 0.475, 0.5  
ildl:3.31808221e+01,3.13348841e-03,3.13348841e-03,2.66346515e-03,3.44683725e-03,3.29016283e-03,3.60351167e-03,3.44683725e-03,3.44683725e-03,3.44683725e-03,3.44683725e-03,3.44683725e-03,3.44683725e-03,3.13348841e-03,3.60351167e-03,3.29016283e-03,3.60351167e-03,3.29016283e-03,3.76018609e-03,3.44683725e-03,3.29016283e-03,3.29016283e-03,3.60351167e-03,3.44683725e-03,3.13348841e-03,2.66346515e-03,3.44683725e-03,3.29016283e-03,3.29016283e-03,3.44683725e-03,3.60351167e-03,3.29016283e-03,3.44683725e-03,3.29016283e-03,3.44683725e-03,3.60351167e-03,9.40046523e-02,4.05880754e+00,4.99102034e+00,4.56047903e+00
ildl_bin_edges:0.        ,0.02127533,0.04255066,0.06382599,0.08510132,0.10637665,0.12765198,0.14892731,0.17020264,0.19147797,0.2127533 ,0.23402863,0.25530396,0.27657929,0.29785462,0.31912995,0.34040528,0.36168061,0.38295594,0.40423127,0.4255066 ,0.44678193,0.46805726,0.48933259,0.51060792,0.53188325,0.55315858,0.57443391,0.59570924,0.61698457,0.6382599 ,0.65953523,0.68081056,0.70208589,0.72336122,0.74463655,0.76591188,0.78718721,0.80846254,0.82973787,0.8510132 
eul: 0., 0., 0., 0., 0., 0., 0., 0., 0., 0., 0., 0., 0., 0., 0., 0., 0., 0., 0., 0.,40., 0., 0., 0., 0., 0., 0., 0., 0., 0., 0., 0., 0., 0., 0., 0., 0., 0., 0., 0.
eul_bin_edges:-0.5  ,-0.475,-0.45 ,-0.425,-0.4  ,-0.375,-0.35 ,-0.325,-0.3  ,-0.275,-0.25 ,-0.225,-0.2  ,-0.175,-0.15 ,-0.125,-0.1  ,-0.075,-0.05 ,-0.025, 0.   , 0.025, 0.05 , 0.075, 0.1  , 0.125, 0.15 , 0.175, 0.2  , 0.225, 0.25 , 0.275, 0.3  , 0.325, 0.35 , 0.375, 0.4  , 0.425, 0.45 , 0.475, 0.5  
edl:2.19905435e-02,4.34660147e-06,1.08665037e-06,0.00000000e+00,8.69320293e-06,2.71662592e-06,2.71662592e-06,5.43325183e-06,9.77985330e-06,2.17330073e-06,2.17330073e-06,4.88992665e-06,8.69320293e-06,1.68430807e-05,5.59624939e-05,4.16241423e-03,1.36515342e-01,1.06491736e-04,4.07493888e-05,1.41264548e-05,7.60655257e-06,1.62997555e-06,1.62997555e-06,8.14987775e-06,5.43325183e-06,2.71662592e-06,3.25995110e-06,4.88992665e-06,2.71662592e-06,0.00000000e+00,0.00000000e+00,0.00000000e+00,0.00000000e+00,0.00000000e+00,1.08665037e-06,0.00000000e+00,0.00000000e+00,1.62997555e-06,0.00000000e+00,3.25995110e-06
edl_bin_edges:  0.   ,  6.135, 12.27 , 18.405, 24.54 , 30.675, 36.81 , 42.945, 49.08 , 55.215, 61.35 , 67.485, 73.62 , 79.755, 85.89 , 92.025, 98.16 ,104.295,110.43 ,116.565,122.7  ,128.835,134.97 ,141.105,147.24 ,153.375,159.51 ,165.645,171.78 ,177.915,184.05 ,190.185,196.32 ,202.455,208.59 ,214.725,220.86 ,226.995,233.13 ,239.265,245.4  
gul: 0., 0., 0., 0., 0., 0., 0., 0., 0., 0., 0., 0., 0., 0., 0., 0., 0., 0., 0., 0.,40., 0., 0., 0., 0., 0., 0., 0., 0., 0., 0., 0., 0., 0., 0., 0., 0., 0., 0., 0.
gul_bin_edges:-0.5  ,-0.475,-0.45 ,-0.425,-0.4  ,-0.375,-0.35 ,-0.325,-0.3  ,-0.275,-0.25 ,-0.225,-0.2  ,-0.175,-0.15 ,-0.125,-0.1  ,-0.075,-0.05 ,-0.025, 0.   , 0.025, 0.05 , 0.075, 0.1  , 0.125, 0.15 , 0.175, 0.2  , 0.225, 0.25 , 0.275, 0.3  , 0.325, 0.35 , 0.375, 0.4  , 0.425, 0.45 , 0.475, 0.5  
gdl:1.61626906e-01,0.00000000e+00,1.24551144e-06,0.00000000e+00,6.22755722e-07,6.22755722e-07,6.22755722e-07,6.22755722e-07,6.22755722e-07,1.86826717e-06,6.22755722e-07,1.86826717e-06,6.22755722e-07,6.22755722e-07,6.22755722e-07,8.71858010e-06,1.12096030e-05,3.36288090e-05,2.42214610e-02,8.91786193e-04,1.18323587e-05,6.22755722e-07,2.49102289e-06,2.49102289e-06,0.00000000e+00,0.00000000e+00,0.00000000e+00,2.49102289e-06,6.22755722e-07,6.22755722e-07,0.00000000e+00,1.86826717e-06,6.22755722e-07,0.00000000e+00,0.00000000e+00,0.00000000e+00,0.00000000e+00,0.00000000e+00,0.00000000e+00,6.22755722e-07
gdl_bin_edges:  0.    ,  5.3525, 10.705 , 16.0575, 21.41  , 26.7625, 32.115 , 37.4675, 42.82  , 48.1725, 53.525 , 58.8775, 64.23  , 69.5825, 74.935 , 80.2875, 85.64  , 90.9925, 96.345 ,101.6975,107.05  ,112.4025,117.755 ,123.1075,128.46  ,133.8125,139.165 ,144.5175,149.87  ,155.2225,160.575 ,165.9275,171.28  ,176.6325,181.985 ,187.3375,192.69  ,198.0425,203.395 ,208.7475,214.1   
ri: 0., 0., 0., 0., 0., 0., 0., 0., 0., 0., 0., 0., 0., 0., 0., 0., 0., 0., 0., 0.,40., 0., 0., 0., 0., 0., 0., 0., 0., 0., 0., 0., 0., 0., 0., 0., 0., 0., 0., 0.
ri_bin_edges:0.5  ,0.525,0.55 ,0.575,0.6  ,0.625,0.65 ,0.675,0.7  ,0.725,0.75 ,0.775,0.8  ,0.825,0.85 ,0.875,0.9  ,0.925,0.95 ,0.975,1.   ,1.025,1.05 ,1.075,1.1  ,1.125,1.15 ,1.175,1.2  ,1.225,1.25 ,1.275,1.3  ,1.325,1.35 ,1.375,1.4  ,1.425,1.45 ,1.475,1.5  
