period:1
ue_log_freq:1000
mac_log_freq:1000
mimo_layers:2
frequency:2412000000.0
bandwidth:50000000
ue_speed:5.555555555555555
max_distance:1000
shannon_cfg_bandwidth_mhz:50.0
shannon_cfg_mimo_layers:2
shannon_cfg_bw_efficiency:0.67
shannon_cfg_sinr_offset_db:0
shannon_cfg_ul_divisor:2
shannon_cfg_sinr_sample_rate:1000
n_ue:20
sinr_period:9.463597741343282
sinr_rate:105.66805852612856
ul_fairness:0.8663110759226292
dl_fairness:0.9401190480986524
ul_agg_throughput:0.0798588090448355
dl_agg_throughput:0.030595088165380306
ul_ave_throughput:0.003992940452241775
dl_ave_throughput:0.0015297544082690153
ul_se:0.0015971761808967098
dl_se:0.0006119017633076061
ul_ase:5.083969683566932e-10
dl_ase:1.947743806341049e-10
ul_gr:0.0054505416044108666, 0.0054505416044108666, 0.0054505416044108666, 0.0054505416044108666, 0.0054505416044108666, 0.0054505416044108666, 0.0054505416044108666, 0.0054505416044108666, 0.0054505416044108666, 0.0054505416044108666, 0.0054505416044108666, 0.0054505416044108666, 0.0054505416044108666, 0.0054505416044108666, 0.0054505416044108666, 0.0054505416044108666, 0.0054505416044108666, 0.0054505416044108666, 0.0054505416044108666, 0.0054505416044108666
dl_gr:0.0026481195555802454, 0.0026481195555802454, 0.0026481195555802454, 0.0026481195555802454, 0.0026481195555802454, 0.0026481195555802454, 0.0026481195555802454, 0.0026481195555802454, 0.0026481195555802454, 0.0026481195555802454, 0.0026481195555802454, 0.0026481195555802454, 0.0026481195555802454, 0.0026481195555802454, 0.0026481195555802454, 0.0026481195555802454, 0.0026481195555802454, 0.0026481195555802454, 0.0026481195555802454, 0.0026481195555802454
ul_tr:0.005450541344703072, 0.005450541281784346, 0.0054505414778067895, 0.005450541325593023, 0.005450541427809566, 0.005450541399088939, 0.0054505415689128376, 0.005450541166712961, 0.005450541834286985, 0.005450541503583135, 0.005450541911227154, 0.0, 0.005450541671851564, 0.005450541671851564, 0.0, 0.00545054204116438, 0.0054505390308371765, 0.0054505378806732965, 0.00545054204116438, 0.005450543780606633
dl_tr:0.002648119310149436, 0.0026481193284817513, 0.0026481199175323595, 0.002648119310149436, 0.002648119320482196, 0.002648119310149436, 0.002648119310149436, 0.00264811951069385, 0.002648119310149436, 0.002648119310149436, 0.002648119310149436, 0.0026481223207766237, 0.0026481193284817513, 0.0026481193284817513, 0.0, 0.0026481197393055937, 0.002648119527192934, 0.002648119728487306, 0.002648119312288206, 0.0026481193529692797
ul_er:0.0, 0.0, 0.0, 0.0, 0.0, 0.0, 0.0, 0.0, 0.0, 0.0, 0.0, 0.0, 0.0, 0.0, 0.0, 0.0, 0.0, 0.0, 0.0, 0.0
dl_er:0.0, 0.0, 0.0, 0.0, 0.0, 0.0, 0.0, 0.0, 0.0, 0.0, 0.0, 0.0, 0.0, 0.0, 0.0, 0.0, 0.0, 0.0, 0.0, 0.0
ul_er_ratio:0.0, 0.0, 0.0, 0.0, 0.0, 0.0, 0.0, 0.0, 0.0, 0.0, 0.0, 0.0, 0.0, 0.0, 0.0, 0.0, 0.0, 0.0, 0.0, 0.0
dl_er_ratio:0.0, 0.0, 0.0, 0.0, 0.0, 0.0, 0.0, 0.0, 0.0, 0.0, 0.0, 0.0, 0.0, 0.0, 0.0, 0.0, 0.0, 0.0, 0.0, 0.0
ul_er_perc:0.0, 0.0, 0.0, 0.0, 0.0, 0.0, 0.0, 0.0, 0.0, 0.0, 0.0, 0.0, 0.0, 0.0, 0.0, 0.0, 0.0, 0.0, 0.0, 0.0
dl_er_perc:0.0, 0.0, 0.0, 0.0, 0.0, 0.0, 0.0, 0.0, 0.0, 0.0, 0.0, 0.0, 0.0, 0.0, 0.0, 0.0, 0.0, 0.0, 0.0, 0.0
ul_l:4.045497369590579e-05, 4.0980187778456755e-05, 4.371987516249097e-05, 4.2546611460474426e-05, 4.265353315926893e-05, 4.162528223987556e-05, 3.7984894700294436e-05, 4.055629073940337e-05, 3.6864708505083044e-05, 3.575371017165713e-05, 3.098681778790067e-05, 0.0, 3.9865119232264875e-05, 3.9865119232264875e-05, 0.0, 6.0744270296094656e-05, 9.388977314593633e-05, 8.727065948002888e-05, 6.0744270296094656e-05, 7.204323832564856e-05
dl_l:3.198244086995167e-05, 3.200947074606966e-05, 3.288516986834065e-05, 3.198244086995167e-05, 3.223113137047941e-05, 3.198244086995167e-05, 3.198244086995167e-05, 3.257577672351536e-05, 3.198244086995167e-05, 3.198244086995167e-05, 3.198244086995167e-05, 3.4922849080606635e-05, 3.200947074606966e-05, 3.200947074606966e-05, 0.0, 3.291929569468363e-05, 3.638190738847842e-05, 3.611750584967502e-05, 3.291090196655742e-05, 3.597811613799233e-05
ul_il:0.00016395905636353535, 0.00017144325740236658, 0.00021918483777567913, 0.0001981165799011166, 0.00019892709676129107, 0.00018396909837231266, 0.00013968633990333871, 0.0001682010971334926, 0.00012592956034109215, 0.00010028951578801178, 6.762369178934505e-05, 0.0, 0.00015240221574356981, 0.00015240221574356981, 0.0, 0.0006130951599966669, 0.0019505854710627191, 0.0016034525756069107, 0.0006130951599966669, 0.0009795203118715629
dl_il:4.832834088106217e-05, 4.747291246597411e-05, 5.390306684073108e-05, 4.832834088106217e-05, 4.9409243086495195e-05, 4.832834088106217e-05, 4.832834088106217e-05, 5.1572490389422815e-05, 4.832834088106217e-05, 4.832834088106217e-05, 4.832834088106217e-05, 6.846398223432031e-05, 4.747291246597411e-05, 4.747291246597411e-05, 0.0, 5.247001188267318e-05, 8.122447972890395e-05, 8.026954582523194e-05, 5.320476181878785e-05, 7.867124523082052e-05
sinr_ul:0.03201999,0.        ,0.        ,0.        ,0.        ,0.        ,0.        ,0.03201999,0.        ,0.        ,0.03201999,0.        ,0.03201999,0.        ,0.03201999,0.        ,0.        ,0.        ,0.        ,0.        ,0.03201999,0.06403998,0.03201999,0.03201999,0.12807997,0.        ,0.        ,0.        ,0.03201999,0.06403998,0.        ,0.        ,0.03201999,0.        ,0.03201999,0.        ,0.        ,0.        ,0.        ,0.03201999
sinr_ul_bin_edges:-11.676211  ,-10.11468655, -8.5531621 , -6.99163765, -5.4301132 , -3.86858875, -2.3070643 , -0.74553985,  0.8159846 ,  2.37750905,  3.9390335 ,  5.50055795,  7.0620824 ,  8.62360685, 10.1851313 , 11.74665575, 13.3081802 , 14.86970465, 16.4312291 , 17.99275355, 19.554278  , 21.11580245, 22.6773269 , 24.23885135, 25.8003758 , 27.36190025, 28.9234247 , 30.48494915, 32.0464736 , 33.60799805, 35.1695225 , 36.73104695, 38.2925714 , 39.85409585, 41.4156203 , 42.97714475, 44.5386692 , 46.10019365, 47.6617181 , 49.22324255, 50.784767  
sinr_dl:0.03201908,0.        ,0.        ,0.        ,0.        ,0.        ,0.        ,0.03201908,0.        ,0.        ,0.03201908,0.        ,0.03201908,0.        ,0.03201908,0.        ,0.        ,0.        ,0.        ,0.        ,0.03201908,0.06403816,0.03201908,0.03201908,0.12807633,0.        ,0.        ,0.        ,0.03201908,0.06403816,0.        ,0.        ,0.03201908,0.        ,0.03201908,0.        ,0.        ,0.        ,0.        ,0.03201908
sinr_dl_bin_edges:-2.2294312 ,-0.66786237, 0.89370646, 2.45527529, 4.01684412, 5.57841295, 7.13998178, 8.70155061,10.26311944,11.82468827,13.3862571 ,14.94782593,16.50939476,18.07096359,19.63253242,21.19410125,22.75567008,24.31723891,25.87880774,27.44037657,29.0019454 ,30.56351423,32.12508306,33.68665189,35.24822072,36.80978955,38.37135838,39.93292721,41.49449604,43.05606487,44.6176337 ,46.17920253,47.74077136,49.30234019,50.86390902,52.42547785,53.98704668,55.54861551,57.11018434,58.67175317,60.233322  
rsrp_ul:0.03201255,0.        ,0.        ,0.        ,0.        ,0.        ,0.        ,0.03201255,0.        ,0.        ,0.03201255,0.        ,0.03201255,0.        ,0.03201255,0.        ,0.        ,0.        ,0.        ,0.        ,0.03201255,0.06402511,0.03201255,0.03201255,0.12805022,0.        ,0.        ,0.        ,0.03201255,0.06402511,0.        ,0.        ,0.03201255,0.        ,0.03201255,0.        ,0.        ,0.        ,0.        ,0.03201255
rsrp_ul_bin_edges:-134.42279   ,-132.86090275,-131.2990155 ,-129.73712825,-128.175241  ,-126.61335375,-125.0514665 ,-123.48957925,-121.927692  ,-120.36580475,-118.8039175 ,-117.24203025,-115.680143  ,-114.11825575,-112.5563685 ,-110.99448125,-109.432594  ,-107.87070675,-106.3088195 ,-104.74693225,-103.185045  ,-101.62315775,-100.0612705 , -98.49938325, -96.937496  , -95.37560875, -93.8137215 , -92.25183425, -90.689947  , -89.12805975, -87.5661725 , -86.00428525, -84.442398  , -82.88051075, -81.3186235 , -79.75673625, -78.194849  , -76.63296175, -75.0710745 , -73.50918725, -71.9473    
rsrp_dl:0.03201256,0.        ,0.        ,0.        ,0.        ,0.        ,0.        ,0.03201256,0.        ,0.        ,0.03201256,0.        ,0.03201256,0.        ,0.03201256,0.        ,0.        ,0.        ,0.        ,0.        ,0.03201256,0.06402511,0.03201256,0.03201256,0.12805022,0.        ,0.        ,0.        ,0.03201256,0.06402511,0.        ,0.        ,0.03201256,0.        ,0.03201256,0.        ,0.        ,0.        ,0.        ,0.03201256
rsrp_dl_bin_edges:-131.41249   ,-129.85060285,-128.2887157 ,-126.72682855,-125.1649414 ,-123.60305425,-122.0411671 ,-120.47927995,-118.9173928 ,-117.35550565,-115.7936185 ,-114.23173135,-112.6698442 ,-111.10795705,-109.5460699 ,-107.98418275,-106.4222956 ,-104.86040845,-103.2985213 ,-101.73663415,-100.174747  , -98.61285985, -97.0509727 , -95.48908555, -93.9271984 , -92.36531125, -90.8034241 , -89.24153695, -87.6796498 , -86.11776265, -84.5558755 , -82.99398835, -81.4321012 , -79.87021405, -78.3083269 , -76.74643975, -75.1845526 , -73.62266545, -72.0607783 , -70.49889115, -68.937004  
cqi_ul:0.26666667,0.        ,0.13333333,0.        ,0.        ,0.26666667,0.        ,0.        ,0.        ,0.        ,0.        ,0.        ,0.        ,0.        ,0.        ,0.        ,0.        ,0.        ,0.4       ,0.        ,0.        ,0.13333333,0.        ,0.        ,0.26666667,0.        ,0.4       ,0.        ,0.        ,0.        ,0.        ,0.        ,0.        ,0.        ,0.        ,0.        ,0.        ,0.4       ,0.        ,0.4       
cqi_ul_bin_edges: 0.   , 0.375, 0.75 , 1.125, 1.5  , 1.875, 2.25 , 2.625, 3.   , 3.375, 3.75 , 4.125, 4.5  , 4.875, 5.25 , 5.625, 6.   , 6.375, 6.75 , 7.125, 7.5  , 7.875, 8.25 , 8.625, 9.   , 9.375, 9.75 ,10.125,10.5  ,10.875,11.25 ,11.625,12.   ,12.375,12.75 ,13.125,13.5  ,13.875,14.25 ,14.625,15.   
cqi_dl:0.13333333,0.        ,0.        ,0.        ,0.        ,0.13333333,0.        ,0.        ,0.13333333,0.        ,0.        ,0.        ,0.        ,0.13333333,0.        ,0.        ,0.        ,0.        ,0.13333333,0.        ,0.        ,0.        ,0.        ,0.        ,0.        ,0.        ,0.        ,0.        ,0.        ,0.        ,0.        ,0.        ,0.26666667,0.        ,0.26666667,0.        ,0.        ,0.13333333,0.        ,1.33333333
cqi_dl_bin_edges: 0.   , 0.375, 0.75 , 1.125, 1.5  , 1.875, 2.25 , 2.625, 3.   , 3.375, 3.75 , 4.125, 4.5  , 4.875, 5.25 , 5.625, 6.   , 6.375, 6.75 , 7.125, 7.5  , 7.875, 8.25 , 8.625, 9.   , 9.375, 9.75 ,10.125,10.5  ,10.875,11.25 ,11.625,12.   ,12.375,12.75 ,13.125,13.5  ,13.875,14.25 ,14.625,15.   
mcs_ul:0.21428571,0.07142857,0.07142857,0.        ,0.        ,0.        ,0.        ,0.        ,0.        ,0.        ,0.        ,0.        ,0.        ,0.        ,0.        ,0.07142857,0.        ,0.14285714,0.        ,0.        ,0.07142857,0.07142857,0.07142857,0.        ,0.14285714,0.07142857,0.        ,0.        ,0.        ,0.        ,0.        ,0.        ,0.        ,0.        ,0.        ,0.21428571,0.        ,0.        ,0.        ,0.21428571
mcs_ul_bin_edges: 0. , 0.7, 1.4, 2.1, 2.8, 3.5, 4.2, 4.9, 5.6, 6.3, 7. , 7.7, 8.4, 9.1, 9.8,10.5,11.2,11.9,12.6,13.3,14. ,14.7,15.4,16.1,16.8,17.5,18.2,18.9,19.6,20.3,21. ,21.7,22.4,23.1,23.8,24.5,25.2,25.9,26.6,27.3,28. 
mcs_dl:0.07142857,0.        ,0.07142857,0.        ,0.        ,0.07142857,0.        ,0.        ,0.        ,0.        ,0.07142857,0.        ,0.        ,0.        ,0.        ,0.07142857,0.        ,0.        ,0.        ,0.        ,0.        ,0.        ,0.        ,0.        ,0.        ,0.        ,0.        ,0.        ,0.        ,0.        ,0.07142857,0.07142857,0.07142857,0.        ,0.07142857,0.        ,0.        ,0.07142857,0.        ,0.71428571
mcs_dl_bin_edges: 0. , 0.7, 1.4, 2.1, 2.8, 3.5, 4.2, 4.9, 5.6, 6.3, 7. , 7.7, 8.4, 9.1, 9.8,10.5,11.2,11.9,12.6,13.3,14. ,14.7,15.4,16.1,16.8,17.5,18.2,18.9,19.6,20.3,21. ,21.7,22.4,23.1,23.8,24.5,25.2,25.9,26.6,27.3,28. 
eff_ul:0.54008056,0.27004028,0.27004028,0.27004028,0.        ,0.        ,0.        ,0.        ,0.        ,0.        ,0.        ,0.        ,0.        ,0.        ,0.27004028,0.        ,0.54008056,0.        ,0.        ,0.27004028,0.        ,0.27004028,0.27004028,0.        ,0.54008056,0.        ,0.27004028,0.        ,0.        ,0.        ,0.        ,0.        ,0.        ,0.        ,0.        ,0.        ,0.        ,0.81012084,0.        ,0.81012084
eff_ul_bin_edges:0.        ,0.18515756,0.37031512,0.55547269,0.74063025,0.92578781,1.11094538,1.29610294,1.4812605 ,1.66641806,1.85157562,2.03673319,2.22189075,2.40704831,2.59220587,2.77736344,2.962521  ,3.14767856,3.33283612,3.51799369,3.70315125,3.88830881,4.07346637,4.25862394,4.4437815 ,4.62893906,4.81409662,4.99925419,5.18441175,5.36956931,5.55472687,5.73988444,5.925042  ,6.11019956,6.29535712,6.48051469,6.66567225,6.85082981,7.03598737,7.22114494,7.4063025 
eff_dl:0.27004028,0.        ,0.        ,0.27004028,0.        ,0.        ,0.27004028,0.        ,0.        ,0.        ,0.27004028,0.        ,0.        ,0.        ,0.27004028,0.        ,0.        ,0.        ,0.        ,0.        ,0.        ,0.        ,0.        ,0.        ,0.        ,0.        ,0.        ,0.        ,0.        ,0.27004028,0.        ,0.27004028,0.        ,0.27004028,0.        ,0.27004028,0.        ,0.        ,0.27004028,2.7004028 
eff_dl_bin_edges:0.        ,0.18515756,0.37031512,0.55547269,0.74063025,0.92578781,1.11094538,1.29610294,1.4812605 ,1.66641806,1.85157562,2.03673319,2.22189075,2.40704831,2.59220587,2.77736344,2.962521  ,3.14767856,3.33283612,3.51799369,3.70315125,3.88830881,4.07346637,4.25862394,4.4437815 ,4.62893906,4.81409662,4.99925419,5.18441175,5.36956931,5.55472687,5.73988444,5.925042  ,6.11019956,6.29535712,6.48051469,6.66567225,6.85082981,7.03598737,7.22114494,7.4063025 
rul:1.32615901e+01,1.28103681e-02,5.16127873e-03,6.05243477e-03,1.06196095e-02,1.65606497e-02,5.75538275e-03,8.91156039e-03,6.64653879e-03,3.86167617e-03,6.20096077e-03,2.67346812e-03,2.11649559e-03,9.02295490e-03,1.96796959e-03,8.91156039e-04,8.54024538e-04,6.68367030e-04,9.28287541e-04,7.42630033e-04,3.71315016e-04,2.97052013e-04,2.97052013e-04,4.45578020e-04,2.97052013e-04,6.31235528e-04,3.34183515e-04,2.22789010e-04,1.85657508e-04,1.11394505e-04,7.42630033e-05,1.11394505e-04,1.85657508e-04,7.42630033e-05,0.00000000e+00,0.00000000e+00,0.00000000e+00,7.42630033e-05,3.71315016e-05,2.97052013e-04
rul_bin_edges:0.        ,0.07480504,0.14961008,0.22441512,0.29922016,0.3740252 ,0.44883024,0.52363528,0.59844032,0.67324536,0.7480504 ,0.82285544,0.89766048,0.97246552,1.04727056,1.1220756 ,1.19688064,1.27168568,1.34649072,1.42129576,1.4961008 ,1.57090584,1.64571088,1.72051592,1.79532096,1.870126  ,1.94493104,2.01973608,2.09454112,2.16934616,2.2441512 ,2.31895624,2.39376128,2.46856632,2.54337136,2.6181764 ,2.69298144,2.76778648,2.84259152,2.91739656,2.9922016 
rdl:1.53494161e+01,4.32383949e-03,5.86501000e-03,3.51044394e-03,4.70913212e-03,1.84084256e-03,3.12515132e-03,1.30143288e-02,4.36664978e-03,3.21077190e-03,2.86828956e-03,3.98135716e-03,4.70913212e-04,9.41826424e-04,7.70585256e-04,1.62679110e-03,1.71241168e-03,4.28102920e-04,4.28102920e-04,5.56533796e-04,5.99344088e-04,1.62679110e-03,2.56861752e-04,7.27774964e-04,2.56861752e-04,9.41826424e-04,2.14051460e-04,1.28430876e-04,3.42482336e-04,4.28102920e-05,1.28430876e-04,0.00000000e+00,0.00000000e+00,0.00000000e+00,0.00000000e+00,4.28102920e-05,4.28102920e-05,0.00000000e+00,0.00000000e+00,4.28102920e-05
rdl_bin_edges:0.        ,0.06488214,0.12976428,0.19464643,0.25952857,0.32441071,0.38929285,0.454175  ,0.51905714,0.58393928,0.64882142,0.71370357,0.77858571,0.84346785,0.90834999,0.97323214,1.03811428,1.10299642,1.16787856,1.23276071,1.29764285,1.36252499,1.42740713,1.49228928,1.55717142,1.62205356,1.6869357 ,1.75181785,1.81669999,1.88158213,1.94646427,2.01134642,2.07622856,2.1411107 ,2.20599284,2.27087499,2.33575713,2.40063927,2.46552141,2.53040356,2.5952857 
lul:9.84694117e+03,0.00000000e+00,0.00000000e+00,0.00000000e+00,0.00000000e+00,0.00000000e+00,0.00000000e+00,0.00000000e+00,0.00000000e+00,0.00000000e+00,0.00000000e+00,0.00000000e+00,0.00000000e+00,0.00000000e+00,0.00000000e+00,0.00000000e+00,0.00000000e+00,0.00000000e+00,0.00000000e+00,0.00000000e+00,0.00000000e+00,0.00000000e+00,0.00000000e+00,0.00000000e+00,0.00000000e+00,0.00000000e+00,0.00000000e+00,0.00000000e+00,0.00000000e+00,7.96096835e+01,1.43685770e+01,7.57262843e+00,6.37987011e+00,4.43817051e+00,4.68781760e+00,7.15654995e+00,2.41325521e+00,1.27597402e+00,8.87634102e-01,1.07070864e+01
lul_bin_edges:0.        ,0.00010014,0.00020027,0.00030041,0.00040054,0.00050068,0.00060081,0.00070095,0.00080109,0.00090122,0.00100136,0.00110149,0.00120163,0.00130177,0.0014019 ,0.00150204,0.00160217,0.00170231,0.00180244,0.00190258,0.00200272,0.00210285,0.00220299,0.00230312,0.00240326,0.00250339,0.00260353,0.00270367,0.0028038 ,0.00290394,0.00300407,0.00310421,0.00320435,0.00330448,0.00340462,0.00350475,0.00360489,0.00370502,0.00380516,0.0039053 ,0.00400543
ldl:9.89983482e+03,0.00000000e+00,0.00000000e+00,0.00000000e+00,0.00000000e+00,0.00000000e+00,0.00000000e+00,0.00000000e+00,0.00000000e+00,0.00000000e+00,0.00000000e+00,0.00000000e+00,0.00000000e+00,0.00000000e+00,0.00000000e+00,0.00000000e+00,0.00000000e+00,0.00000000e+00,0.00000000e+00,0.00000000e+00,0.00000000e+00,0.00000000e+00,0.00000000e+00,0.00000000e+00,0.00000000e+00,0.00000000e+00,0.00000000e+00,0.00000000e+00,0.00000000e+00,4.06021171e+01,3.07709616e+01,3.24928024e+00,2.08287195e+00,3.58253975e+00,2.47167471e+00,1.88847056e+00,1.19417992e+00,9.16463656e-01,1.11086504e-01,1.16363113e+01
ldl_bin_edges:0.        ,0.00010002,0.00020003,0.00030005,0.00040007,0.00050008,0.0006001 ,0.00070012,0.00080013,0.00090015,0.00100017,0.00110018,0.0012002 ,0.00130022,0.00140023,0.00150025,0.00160027,0.00170028,0.0018003 ,0.00190032,0.00200033,0.00210035,0.00220037,0.00230038,0.0024004 ,0.00250041,0.00260043,0.00270045,0.00280046,0.00290048,0.0030005 ,0.00310051,0.00320053,0.00330055,0.00340056,0.00350058,0.0036006 ,0.00370061,0.00380063,0.00390065,0.00400066
ilul:1.41231570e+02,3.91741076e-01,2.04386649e-01,1.76659778e-01,1.18829447e-01,7.56547478e-02,7.80313367e-02,4.27786008e-02,4.19864045e-02,3.20839506e-02,3.01034599e-02,3.04995580e-02,2.29736930e-02,1.22790428e-02,1.38634355e-02,1.50517299e-02,1.02985521e-02,8.71415943e-03,1.42595336e-02,9.50635574e-03,6.33757050e-03,6.33757050e-03,4.35707972e-03,3.96098156e-03,1.98049078e-03,2.77268709e-03,1.58439262e-03,1.58439262e-03,1.58439262e-03,2.37658894e-03,1.98049078e-03,3.96098156e-04,1.98049078e-03,1.18829447e-03,3.96098156e-04,3.96098156e-04,3.96098156e-04,7.92196312e-04,7.92196312e-04,7.92196312e-04
ilul_bin_edges:0.        ,0.00701246,0.01402492,0.02103739,0.02804985,0.03506231,0.04207477,0.04908724,0.0560997 ,0.06311216,0.07012462,0.07713709,0.08414955,0.09116201,0.09817447,0.10518694,0.1121994 ,0.11921186,0.12622432,0.13323679,0.14024925,0.14726171,0.15427417,0.16128664,0.1682991 ,0.17531156,0.18232402,0.18933649,0.19634895,0.20336141,0.21037387,0.21738634,0.2243988 ,0.23141126,0.23842372,0.24543619,0.25244865,0.25946111,0.26647357,0.27348604,0.2804985 
ildl:8.38211109e+02,0.00000000e+00,3.28490775e+00,1.38027262e+00,9.52317565e-01,1.46257167e+00,3.05682181e-01,3.24493392e-01,1.66949499e-01,1.15218668e-01,4.93794293e-02,2.35140139e-02,1.64598098e-02,7.05420418e-02,2.58654153e-02,1.88112112e-02,1.88112112e-02,4.46766265e-02,4.70280279e-03,1.41084084e-02,2.35140139e-03,2.35140139e-03,4.70280279e-03,7.05420418e-03,7.05420418e-03,1.41084084e-02,2.35140139e-03,7.05420418e-03,0.00000000e+00,0.00000000e+00,0.00000000e+00,0.00000000e+00,0.00000000e+00,7.05420418e-03,0.00000000e+00,0.00000000e+00,0.00000000e+00,0.00000000e+00,2.35140139e-03,4.70280279e-03
ildl_bin_edges:0.        ,0.00118126,0.00236253,0.00354379,0.00472505,0.00590631,0.00708758,0.00826884,0.0094501 ,0.01063137,0.01181263,0.01299389,0.01417516,0.01535642,0.01653768,0.01771894,0.01890021,0.02008147,0.02126273,0.022444  ,0.02362526,0.02480652,0.02598779,0.02716905,0.02835031,0.02953157,0.03071284,0.0318941 ,0.03307536,0.03425663,0.03543789,0.03661915,0.03780042,0.03898168,0.04016294,0.0413442 ,0.04252547,0.04370673,0.04488799,0.04606926,0.04725052
eul: 0., 0., 0., 0., 0., 0., 0., 0., 0., 0., 0., 0., 0., 0., 0., 0., 0., 0., 0., 0.,40., 0., 0., 0., 0., 0., 0., 0., 0., 0., 0., 0., 0., 0., 0., 0., 0., 0., 0., 0.
eul_bin_edges:-0.5  ,-0.475,-0.45 ,-0.425,-0.4  ,-0.375,-0.35 ,-0.325,-0.3  ,-0.275,-0.25 ,-0.225,-0.2  ,-0.175,-0.15 ,-0.125,-0.1  ,-0.075,-0.05 ,-0.025, 0.   , 0.025, 0.05 , 0.075, 0.1  , 0.125, 0.15 , 0.175, 0.2  , 0.225, 0.25 , 0.275, 0.3  , 0.325, 0.35 , 0.375, 0.4  , 0.425, 0.45 , 0.475, 0.5  
edl: 0., 0., 0., 0., 0., 0., 0., 0., 0., 0., 0., 0., 0., 0., 0., 0., 0., 0., 0., 0.,40., 0., 0., 0., 0., 0., 0., 0., 0., 0., 0., 0., 0., 0., 0., 0., 0., 0., 0., 0.
edl_bin_edges:-0.5  ,-0.475,-0.45 ,-0.425,-0.4  ,-0.375,-0.35 ,-0.325,-0.3  ,-0.275,-0.25 ,-0.225,-0.2  ,-0.175,-0.15 ,-0.125,-0.1  ,-0.075,-0.05 ,-0.025, 0.   , 0.025, 0.05 , 0.075, 0.1  , 0.125, 0.15 , 0.175, 0.2  , 0.225, 0.25 , 0.275, 0.3  , 0.325, 0.35 , 0.375, 0.4  , 0.425, 0.45 , 0.475, 0.5  
gul:7.55452998e+00,0.00000000e+00,4.20724548e-04,0.00000000e+00,0.00000000e+00,3.36579638e-03,4.20724548e-04,8.41449096e-04,0.00000000e+00,0.00000000e+00,0.00000000e+00,0.00000000e+00,0.00000000e+00,4.20724548e-04,5.46941912e-03,1.68289819e-03,0.00000000e+00,0.00000000e+00,0.00000000e+00,0.00000000e+00,0.00000000e+00,4.20724548e-04,4.20724548e-04,1.68289819e-03,8.41449096e-04,1.68289819e-03,4.20724548e-04,0.00000000e+00,0.00000000e+00,4.20724548e-04,0.00000000e+00,0.00000000e+00,0.00000000e+00,0.00000000e+00,0.00000000e+00,0.00000000e+00,0.00000000e+00,0.00000000e+00,0.00000000e+00,4.20724548e-04
gul_bin_edges:0.     ,0.13204,0.26408,0.39612,0.52816,0.6602 ,0.79224,0.92428,1.05632,1.18836,1.3204 ,1.45244,1.58448,1.71652,1.84856,1.9806 ,2.11264,2.24468,2.37672,2.50876,2.6408 ,2.77284,2.90488,3.03692,3.16896,3.301  ,3.43304,3.56508,3.69712,3.82916,3.9612 ,4.09324,4.22528,4.35732,4.48936,4.6214 ,4.75344,4.88548,5.01752,5.14956,5.2816 
gdl:9.84344998e+00,3.83952691e-03,0.00000000e+00,0.00000000e+00,9.32456535e-03,0.00000000e+00,4.38803075e-03,2.74251922e-03,5.48503844e-04,0.00000000e+00,1.64551153e-03,0.00000000e+00,4.38803075e-03,1.09700769e-03,0.00000000e+00,0.00000000e+00,0.00000000e+00,0.00000000e+00,0.00000000e+00,5.48503844e-04,1.09700769e-03,0.00000000e+00,0.00000000e+00,0.00000000e+00,0.00000000e+00,0.00000000e+00,0.00000000e+00,0.00000000e+00,0.00000000e+00,0.00000000e+00,0.00000000e+00,0.00000000e+00,0.00000000e+00,0.00000000e+00,0.00000000e+00,0.00000000e+00,0.00000000e+00,0.00000000e+00,0.00000000e+00,5.48503844e-04
gdl_bin_edges:0.     ,0.10128,0.20256,0.30384,0.40512,0.5064 ,0.60768,0.70896,0.81024,0.91152,1.0128 ,1.11408,1.21536,1.31664,1.41792,1.5192 ,1.62048,1.72176,1.82304,1.92432,2.0256 ,2.12688,2.22816,2.32944,2.43072,2.532  ,2.63328,2.73456,2.83584,2.93712,3.0384 ,3.13968,3.24096,3.34224,3.44352,3.5448 ,3.64608,3.74736,3.84864,3.94992,4.0512 
ri: 0., 0., 0., 0., 0., 0., 0., 0., 0., 0., 0., 0., 0., 0., 0., 0., 0., 0., 0., 0.,40., 0., 0., 0., 0., 0., 0., 0., 0., 0., 0., 0., 0., 0., 0., 0., 0., 0., 0., 0.
ri_bin_edges:0.5  ,0.525,0.55 ,0.575,0.6  ,0.625,0.65 ,0.675,0.7  ,0.725,0.75 ,0.775,0.8  ,0.825,0.85 ,0.875,0.9  ,0.925,0.95 ,0.975,1.   ,1.025,1.05 ,1.075,1.1  ,1.125,1.15 ,1.175,1.2  ,1.225,1.25 ,1.275,1.3  ,1.325,1.35 ,1.375,1.4  ,1.425,1.45 ,1.475,1.5  
