period:1
ue_log_freq:1000
mac_log_freq:1000
mimo_layers:2
frequency:2412000000.0
bandwidth:50000000
ue_speed:5.555555555555555
max_distance:1000
shannon_cfg_bandwidth_mhz:50.0
shannon_cfg_mimo_layers:2
shannon_cfg_bw_efficiency:0.67
shannon_cfg_sinr_offset_db:0
shannon_cfg_ul_divisor:2
shannon_cfg_sinr_sample_rate:1000
n_ue:90
sinr_period:9.463597741343282
sinr_rate:105.66805852612856
ul_fairness:0.7524282224034766
dl_fairness:0.6820472225964131
ul_agg_throughput:25.100720504304963
dl_agg_throughput:57.72929980570727
ul_ave_throughput:0.2788968944922774
dl_ave_throughput:0.6414366645078585
ul_se:0.5020144100860993
dl_se:1.1545859961141454
ul_ase:1.597961497371291e-07
dl_ase:3.675161370124922e-07
ul_gr:0.14399880447352106, 0.14399880447352106, 0.14306340627192274, 0.1275247070049083, 0.1265699169635753, 0.14399880447352106, 0.14399880447352106, 0.14399880447352106, 0.14399880447352106, 0.10690500048649597, 0.10911729484470964, 0.14399880447352106, 0.09677443412456563, 0.0978371200683911, 0.14399880447352106, 0.1186262135806035, 0.14399880447352106, 0.13414808059296174, 0.09124484542088816, 0.1320294154479296, 0.14399880447352106, 0.10658295077282691, 0.14399880447352106, 0.12403814206819944, 0.14399880447352106, 0.14399880447352106, 0.14399880447352106, 0.14399880447352106, 0.14399880447352106, 0.14399880447352106, 0.14399880447352106, 0.14399880447352106, 0.14399880447352106, 0.14399880447352106, 0.10750857505595787, 0.14399880447352106, 0.14399880447352106, 0.14399880447352106, 0.14399880447352106, 0.14399880447352106, 0.12775925344431296, 0.14399880447352106, 0.14399880447352106, 0.14399880447352106, 0.14399880447352106, 0.11533475501917484, 0.14399880447352106, 0.14399880447352106, 0.14193752285731787, 0.14399880447352106, 0.14399880447352106, 0.14399880447352106, 0.118326213680936, 0.14399880447352106, 0.14399880447352106, 0.14399880447352106, 0.12899744632824725, 0.14399880447352106, 0.14399880447352106, 0.14399880447352106, 0.14399880447352106, 0.14399880447352106, 0.14399880447352106, 0.14399880447352106, 0.14399880447352106, 0.14399880447352106, 0.14399880447352106, 0.14399880447352106, 0.14399880447352106, 0.14399880447352106, 0.14399880447352106, 0.14399880447352106, 0.10889233392130067, 0.14399880447352106, 0.14399880447352106, 0.14399880447352106, 0.14399880447352106, 0.14399880447352106, 0.0943888720118749, 0.14399880447352106, 0.14399880447352106, 0.14399880447352106, 0.14399880447352106, 0.14399880447352106, 0.14399880447352106, 0.14399880447352106, 0.14399880447352106, 0.14399880447352106, 0.14399880447352106, 0.0905260370133749
dl_gr:0.14399880447352106, 0.14399880447352106, 0.14399880447352106, 0.14399880447352106, 0.14399880447352106, 0.14399880447352106, 0.14399880447352106, 0.14399880447352106, 0.14399880447352106, 0.14399880447352106, 0.14399880447352106, 0.14399880447352106, 0.14399880447352106, 0.14399880447352106, 0.14399880447352106, 0.14399880447352106, 0.14399880447352106, 0.14399880447352106, 0.13730374708611595, 0.14399880447352106, 0.14399880447352106, 0.14399880447352106, 0.14399880447352106, 0.14399880447352106, 0.14399880447352106, 0.14399880447352106, 0.14399880447352106, 0.14399880447352106, 0.14399880447352106, 0.14399880447352106, 0.14399880447352106, 0.14399880447352106, 0.14399880447352106, 0.14399880447352106, 0.14399880447352106, 0.14399880447352106, 0.14399880447352106, 0.14399880447352106, 0.14399880447352106, 0.14399880447352106, 0.14399880447352106, 0.14399880447352106, 0.14399880447352106, 0.14399880447352106, 0.14399880447352106, 0.14399880447352106, 0.14399880447352106, 0.14399880447352106, 0.14399880447352106, 0.14399880447352106, 0.14399880447352106, 0.14399880447352106, 0.14399880447352106, 0.14399880447352106, 0.14399880447352106, 0.14399880447352106, 0.14399880447352106, 0.14399880447352106, 0.14399880447352106, 0.14399880447352106, 0.14399880447352106, 0.14399880447352106, 0.14399880447352106, 0.14399880447352106, 0.14399880447352106, 0.14399880447352106, 0.14399880447352106, 0.14399880447352106, 0.14399880447352106, 0.14399880447352106, 0.14399880447352106, 0.14399880447352106, 0.14399880447352106, 0.14399880447352106, 0.14399880447352106, 0.14399880447352106, 0.14399880447352106, 0.14399880447352106, 0.14218717237420522, 0.14399880447352106, 0.14399880447352106, 0.14399880447352106, 0.14399880447352106, 0.14399880447352106, 0.14399880447352106, 0.14399880447352106, 0.14399880447352106, 0.14399880447352106, 0.14399880447352106, 0.12972611985363455
ul_tr:0.13634648868808594, 0.10139707125115623, 0.09995410172127732, 0.0402092254322714, 0.03924135725999783, 0.06092174556343697, 0.1439927767400855, 0.05965699087220106, 0.07920137699761669, 0.019582253026608112, 0.021803003067474437, 0.143992776839568, 0.009459044303830802, 0.010512634590586744, 0.14399277663189472, 0.031300726694210884, 0.14399277707190775, 0.04681728111624069, 0.003913791067157774, 0.045340633887034285, 0.10012976651469571, 0.019261141121023992, 0.1430234980547912, 0.03670794340602161, 0.14399277706593278, 0.11196927301299987, 0.06001043380895993, 0.08565202747840435, 0.14261255620468996, 0.08446107009502421, 0.11027278771412738, 0.14399277695208373, 0.14399277690631745, 0.07107821890242581, 0.02019918694248381, 0.14399277703752472, 0.1439927765573037, 0.09316356467346104, 0.13337931480531828, 0.1439927770219248, 0.040436668625586446, 0.06059951213037391, 0.14399277676292696, 0.1439927769081424, 0.08388757153625387, 0.02800828494314214, 0.14399277675667702, 0.12278877159026175, 0.054624340443679635, 0.08768839884405963, 0.1439927769923917, 0.11754748239353838, 0.030993910550270416, 0.10760407201123322, 0.13311289362706144, 0.10710739802651643, 0.04167139421448155, 0.13975885919928166, 0.1439667389896334, 0.08742970532306397, 0.14399157620139832, 0.10369653590660911, 0.11549897926273948, 0.14399158424148967, 0.0812906797418605, 0.14399157675641036, 0.07727532499254172, 0.14399277650962908, 0.14399157854789543, 0.11801870564957792, 0.10976239938453844, 0.1439915768513596, 0.02156512498522512, 0.06878457757064523, 0.10599895240551331, 0.1384546616968192, 0.10820629304634963, 0.12878504037166358, 0.0070654368559762, 0.14138281143218806, 0.1439915810577162, 0.13422456007666603, 0.09532917255071206, 0.14329784140629662, 0.1330371546314364, 0.08757873779381839, 0.12559215389436756, 0.1439927813395555, 0.1439927816221948, 0.0031988278356930365
dl_tr:0.14399277676796862, 0.14310761245252956, 0.14399277587162607, 0.14023832414507378, 0.0836132687400605, 0.13274508730622245, 0.14399277676370198, 0.10661564845295456, 0.14399277542827144, 0.0940407162612395, 0.11160660178571011, 0.14399277694489213, 0.06702983189613419, 0.08302152751344574, 0.14399277652799558, 0.11192507456517861, 0.14399277615305703, 0.10372197779614335, 0.04996630860136999, 0.14319787641524653, 0.13832588523796469, 0.1072008020033583, 0.14399277656399534, 0.09622166287573436, 0.14399277702104984, 0.1439927771650653, 0.13912845764177798, 0.14399277576720193, 0.1437581415530704, 0.140565255119449, 0.12441183722843144, 0.14399277695272542, 0.14399277682319317, 0.12847831010970742, 0.10910207294718378, 0.14399277697631685, 0.14399277710287414, 0.143992777919084, 0.14399277686938444, 0.14399277699550003, 0.14333805132897223, 0.1420383915273456, 0.1439927766750194, 0.14399277699550003, 0.13418701213138226, 0.06535100053159558, 0.14399277699550003, 0.14191994419707335, 0.14399277963172807, 0.13886744287950933, 0.14399277699550003, 0.14399277629230592, 0.12353362650861242, 0.1393275064766627, 0.14301032557782853, 0.14318800059915332, 0.09656913826613946, 0.14354209707787435, 0.14399277806957445, 0.14056923486305115, 0.1439927771023908, 0.14399277639447172, 0.14370812977164354, 0.14399278057362855, 0.1419780118485846, 0.14399277697511687, 0.1439927750111499, 0.14399277638636346, 0.14399277548507095, 0.13595767140455495, 0.14399278785776784, 0.14399277748951259, 0.14105278760359496, 0.1374960613822885, 0.1219321613666136, 0.14306619396260864, 0.14207759692693395, 0.14306619709333254, 0.05558594192674227, 0.14237520000281664, 0.14399278126796444, 0.14256723861140325, 0.12850188337118024, 0.14381726706031617, 0.14399278317719852, 0.1435069551632153, 0.14399277804839958, 0.14399278623849798, 0.14399278362803644, 0.04239211159654503
ul_er:0.0, 0.0, 0.0009353982015983201, 0.01647289267865268, 0.01742888750994575, 0.0, 0.0, 0.0, 0.0, 0.03709259919706503, 0.03488030483885134, 0.0, 0.04722316555899535, 0.04616047961516988, 0.0, 0.025371386102957475, 0.0, 0.009849519090599246, 0.05275275426267281, 0.011969389025591451, 0.0, 0.03741464891073408, 0.0, 0.01995945761536154, 0.0, 0.0, 0.0, 0.0, 0.0, 0.0, 0.0, 0.0, 0.0, 0.0, 0.0364890246276031, 0.0, 0.0, 0.0, 0.0, 0.0, 0.016238346239248008, 0.0, 0.0, 0.0, 0.0, 0.02866284466438613, 0.0, 0.0, 0.0020600768262431144, 0.0, 0.0, 0.0, 0.025671386002624978, 0.0, 0.0, 0.0, 0.015000153355313706, 0.0, 0.0, 0.0, 0.0, 0.0, 0.0, 0.0, 0.0, 0.0, 0.0, 0.0, 0.0, 0.0, 0.0, 0.0, 0.035105265762260314, 0.0, 0.0, 0.0, 0.0, 0.0, 0.04960872767168607, 0.0, 0.0, 0.0, 0.0, 0.0, 0.0, 0.0, 0.0, 0.0, 0.0, 0.053471562670186094
dl_er:0.0, 0.0, 0.0, 0.0, 0.0, 0.0, 0.0, 0.0, 0.0, 0.0, 0.0, 0.0, 0.0, 0.0, 0.0, 0.0, 0.0, 0.0, 0.006693852597445021, 0.0, 0.0, 0.0, 0.0, 0.0, 0.0, 0.0, 0.0, 0.0, 0.0, 0.0, 0.0, 0.0, 0.0, 0.0, 0.0, 0.0, 0.0, 0.0, 0.0, 0.0, 0.0, 0.0, 0.0, 0.0, 0.0, 0.0, 0.0, 0.0, 0.0, 0.0, 0.0, 0.0, 0.0, 0.0, 0.0, 0.0, 0.0, 0.0, 0.0, 0.0, 0.0, 0.0, 0.0, 0.0, 0.0, 0.0, 0.0, 0.0, 0.0, 0.0, 0.0, 0.0, 0.0, 0.0, 0.0, 0.0, 0.0, 0.0, 0.0018116320993158393, 0.0, 0.0, 0.0, 0.0, 0.0, 0.0, 0.0, 0.0, 0.0, 0.0, 0.014271479829926418
ul_er_ratio:0.0, 0.0, 0.00927151192456479, 0.2906188623088511, 0.3075491835388997, 0.0, 0.0, 0.0, 0.0, 0.6544807395469734, 0.6153540808961636, 0.0, 0.8331214621532546, 0.8145040247405547, 0.0, 0.4476873165777784, 0.0, 0.1738146331652297, 0.9309329509258533, 0.2088533282186932, 0.0, 0.6601522253111763, 0.0, 0.3522211581192852, 0.0, 0.0, 0.0, 0.0, 0.0, 0.0, 0.0, 0.0, 0.0, 0.0, 0.6436792344822806, 0.0, 0.0, 0.0, 0.0, 0.0, 0.2865168412919734, 0.0, 0.0, 0.0, 0.0, 0.5057750721202938, 0.0, 0.0, 0.036342912663869076, 0.0, 0.0, 0.0, 0.45303541257675217, 0.0, 0.0, 0.0, 0.2646857902872671, 0.0, 0.0, 0.0, 0.0, 0.0, 0.0, 0.0, 0.0, 0.0, 0.0, 0.0, 0.0, 0.0, 0.0, 0.0, 0.6194639793235941, 0.0, 0.0, 0.0, 0.0, 0.0, 0.8753323156175049, 0.0, 0.0, 0.0, 0.0, 0.0, 0.0, 0.0, 0.0, 0.0, 0.0, 0.9435538063680506
dl_er_ratio:0.0, 0.0, 0.0, 0.0, 0.0, 0.0, 0.0, 0.0, 0.0, 0.0, 0.0, 0.0, 0.0, 0.0, 0.0, 0.0, 0.0, 0.0, 0.11814037333845454, 0.0, 0.0, 0.0, 0.0, 0.0, 0.0, 0.0, 0.0, 0.0, 0.0, 0.0, 0.0, 0.0, 0.0, 0.0, 0.0, 0.0, 0.0, 0.0, 0.0, 0.0, 0.0, 0.0, 0.0, 0.0, 0.0, 0.0, 0.0, 0.0, 0.0, 0.0, 0.0, 0.0, 0.0, 0.0, 0.0, 0.0, 0.0, 0.0, 0.0, 0.0, 0.0, 0.0, 0.0, 0.0, 0.0, 0.0, 0.0, 0.0, 0.0, 0.0, 0.0, 0.0, 0.0, 0.0, 0.0, 0.0, 0.0, 0.0, 0.03156286881555953, 0.0, 0.0, 0.0, 0.0, 0.0, 0.0, 0.0, 0.0, 0.0, 0.0, 0.2518633124136786
ul_er_perc:0.0, 0.0, 0.927151192456479, 29.061886230885108, 30.75491835388997, 0.0, 0.0, 0.0, 0.0, 65.44807395469734, 61.53540808961636, 0.0, 83.31214621532546, 81.45040247405547, 0.0, 44.768731657777835, 0.0, 17.381463316522968, 93.09329509258532, 20.88533282186932, 0.0, 66.01522253111763, 0.0, 35.222115811928525, 0.0, 0.0, 0.0, 0.0, 0.0, 0.0, 0.0, 0.0, 0.0, 0.0, 64.36792344822805, 0.0, 0.0, 0.0, 0.0, 0.0, 28.651684129197342, 0.0, 0.0, 0.0, 0.0, 50.57750721202938, 0.0, 0.0, 3.6342912663869074, 0.0, 0.0, 0.0, 45.30354125767522, 0.0, 0.0, 0.0, 26.468579028726708, 0.0, 0.0, 0.0, 0.0, 0.0, 0.0, 0.0, 0.0, 0.0, 0.0, 0.0, 0.0, 0.0, 0.0, 0.0, 61.94639793235941, 0.0, 0.0, 0.0, 0.0, 0.0, 87.5332315617505, 0.0, 0.0, 0.0, 0.0, 0.0, 0.0, 0.0, 0.0, 0.0, 0.0, 94.35538063680507
dl_er_perc:0.0, 0.0, 0.0, 0.0, 0.0, 0.0, 0.0, 0.0, 0.0, 0.0, 0.0, 0.0, 0.0, 0.0, 0.0, 0.0, 0.0, 0.0, 11.814037333845453, 0.0, 0.0, 0.0, 0.0, 0.0, 0.0, 0.0, 0.0, 0.0, 0.0, 0.0, 0.0, 0.0, 0.0, 0.0, 0.0, 0.0, 0.0, 0.0, 0.0, 0.0, 0.0, 0.0, 0.0, 0.0, 0.0, 0.0, 0.0, 0.0, 0.0, 0.0, 0.0, 0.0, 0.0, 0.0, 0.0, 0.0, 0.0, 0.0, 0.0, 0.0, 0.0, 0.0, 0.0, 0.0, 0.0, 0.0, 0.0, 0.0, 0.0, 0.0, 0.0, 0.0, 0.0, 0.0, 0.0, 0.0, 0.0, 0.0, 3.1562868815559533, 0.0, 0.0, 0.0, 0.0, 0.0, 0.0, 0.0, 0.0, 0.0, 0.0, 25.18633124136786
ul_l:0.0029588484757927017, 0.0024177072011216574, 0.0019435784248231264, 0.0015881407455571204, 0.001104854112321564, 0.0012924099316739027, 0.003065537673762719, 0.0014934868351822068, 0.0026042942120024, 0.0009011130687652602, 0.0012182981546895442, 0.003133518289860918, 0.000616698372277731, 0.00042288762866809446, 0.002954597607929101, 0.0011161648210114914, 0.0028842250030249746, 0.0011742017404054966, 0.0002963812025758119, 0.0015839575318189014, 0.0016324242984250132, 0.001023228180994325, 0.0028119530580328496, 0.001124342734355547, 0.0029972598715335705, 0.002558878440882159, 0.0018190281636436363, 0.002216733838527179, 0.0031337581719469002, 0.002155068757125357, 0.002489314403620803, 0.0031078166332647226, 0.002963072486730944, 0.0018516054122432314, 0.0010748888048024599, 0.0031662400193723387, 0.003018387732391396, 0.0021854734015891533, 0.0031150555293014224, 0.0031772600993325052, 0.001198064160052833, 0.0018273140817901515, 0.003116398442767144, 0.0031774101745943783, 0.0018888002458696178, 0.0008702744285197624, 0.0031776993374630215, 0.002664005586989275, 0.002018983322365647, 0.0020602256392288397, 0.003175373129251423, 0.0026978306640144667, 0.0008644139993916717, 0.0024934266105540786, 0.002860601296434196, 0.002610070425815618, 0.0011914396309864086, 0.0026199963864792794, 0.0027326330279222673, 0.0021840212538303846, 0.002637378923788135, 0.0023283589992791724, 0.0022915473631761403, 0.0019419166791210072, 0.001706300972135232, 0.0031001647631386403, 0.0013988883168748595, 0.0025827482972283562, 0.0020152681157965353, 0.0016564246982208482, 0.0013613413279347673, 0.0031130832731985562, 0.00072031694920459, 0.000992214935723869, 0.0012158489645602954, 0.0029344925047316275, 0.001860923158519512, 0.0016317800946525447, 0.0004826718453579553, 0.0013511656574095217, 0.0023766195495145874, 0.0025946164520204, 0.0014036738008241598, 0.0018604365655269539, 0.00220838632239398, 0.0006805707293272555, 0.0031140345256897854, 0.0016381105032824725, 0.0025217843611161574, 0.00026310583833384724
dl_l:0.003981895017014858, 0.0037929269519087344, 0.0036197597469954414, 0.0035170728709569086, 0.002287391505814118, 0.002647939142669644, 0.0040130490395838365, 0.0030417471104457463, 0.003941423223065641, 0.0025057597095732537, 0.0029583488562395315, 0.0040130134339613835, 0.0025096769378580176, 0.0021650977192306732, 0.003977610626714778, 0.0029464295603961635, 0.003883193906265781, 0.0027937244623136475, 0.001352431396494196, 0.0037039258361263655, 0.0032421374951842065, 0.0027995836654119547, 0.003941996212954892, 0.002961039272083566, 0.003996224075506871, 0.003733343768410263, 0.003315444728825593, 0.003575474109908251, 0.0040121698469137755, 0.003456402703762469, 0.0035218726633728056, 0.00401304293929134, 0.004009322634117215, 0.0032148177012774892, 0.002907892164329464, 0.004013039823788134, 0.004013097750280414, 0.0034555960630836408, 0.00401309043873801, 0.0040130316646802945, 0.0026932451533803886, 0.0036693833506095783, 0.0040131213531237235, 0.0040130316646802945, 0.0029228533753193724, 0.002058449323629803, 0.0040130316646802945, 0.003958754856947858, 0.0034133120702494147, 0.0033379120797893346, 0.0040130316646802945, 0.0038665600779493508, 0.0021931149418213183, 0.0036357927574161885, 0.004007600644100467, 0.0039173912809609916, 0.0027142883074099382, 0.003739362607663269, 0.0038233296313955716, 0.003518295944732127, 0.003921294391780068, 0.003813930828902259, 0.0038931057672202734, 0.003227836294700877, 0.0026055687804501628, 0.004013037389445921, 0.003351822895381705, 0.003939514988698428, 0.0030771746051541237, 0.0033828065940833827, 0.002738476649679586, 0.003987572341140491, 0.0021443379354872043, 0.0021780293016408197, 0.002585237185145957, 0.0039044663145057124, 0.0030264493707019106, 0.0028915697344313795, 0.0019947626973325218, 0.0027564780052574556, 0.0036442142347805433, 0.0036621767888900926, 0.002796016663452804, 0.0031217333540903827, 0.0033746420027949767, 0.0017863955530787244, 0.003979226928577262, 0.0025495844190156747, 0.003569351997090024, 0.0011998849410363246
ul_il:0.5475054384221364, 5.8168410094394885, 18.578937035271164, 11.302532317527353, 3.0948062048839793, 5.075580837771169, 0.5790160666965043, 3.5766174886433366, 15.809668625383905, 4.735470953164427, 8.771320612118231, 0.05082702851946817, 5.831333578932496, 3.9122626128885525, 0.7334602155060017, 7.895668591212223, 1.3996609855161148, 1.2093260270187982, 0.8023954075539989, 15.562617533466756, 7.111864172101114, 5.741519006197535, 5.180023402062377, 3.109584543173572, 0.739954776501255, 3.0469350844927163, 7.086784276915824, 2.3077893588229657, 0.011228182122207315, 2.1358134264335145, 0.26726802348479933, 0.20858317827233103, 0.29599486302546313, 2.6896728634147298, 7.423466665131908, 0.00703926821914734, 1.4648052196927102, 5.234366361232894, 0.7354340466173015, 0.0034497327365788618, 5.200520230632865, 4.55405046899576, 0.2469845081752752, 0.023674978257732855, 1.5823185044726635, 2.592031739127952, 1.0929725612100598, 0.8131473059418539, 9.504594698789502, 6.768340374265672, 0.0034478705045824618, 1.644313445835014, 0.6579877914986334, 0.7236448238602395, 0.8416137111226822, 3.79460939094199, 4.38305929223021, 1.7534487072668077, 1.6256424190482615, 2.3908600600342473, 1.1180332442696028, 5.424268897654619, 7.227531077594828, 8.707304456878742, 0.9541586432590445, 0.2579893334692528, 6.826084046514086, 5.21876708860295, 5.383906113902513, 4.030602535687103, 2.360966500627451, 0.23206751823832886, 3.729712682492719, 3.5981733182404554, 2.5965461056226515, 0.210988452822124, 0.6588370941058641, 1.496454181239867, 3.9413336815024413, 2.5267860600496936, 0.7383844525407164, 0.19141265111975148, 0.45063913682405565, 0.7793780603657927, 0.28067967467452193, 0.8298195290342147, 0.012524954224407296, 1.3807537686182847, 0.19171309160907993, 0.9221820567389137
dl_il:0.03763883175365538, 0.7114249683419404, 0.6408172599173724, 1.0427490535840485, 7.711643665917591, 3.0128011055777506, 0.005451634212505729, 3.6081129714566043, 0.14881835999253337, 3.8329158055975125, 5.949993566823647, 0.005149510761709486, 18.280031825026814, 11.999006869992316, 0.007657652090060916, 1.4969546718105307, 0.015466515498557511, 1.8836569115941852, 3.215201903856403, 0.7677067747905667, 0.6897350339206298, 1.6841038922500702, 0.019320586119774004, 3.6953911960594605, 0.02664563495908117, 0.19533286163468971, 0.5727668781905509, 0.7209005522048767, 0.006996167961037825, 0.3161575590117007, 0.4595360745958592, 0.013652866414349884, 0.01540441004668961, 0.38218808555675365, 4.233063129141774, 0.004375787972381064, 0.04117705951749485, 0.6552218069690753, 0.016256430361520323, 0.0040130316646802945, 0.36681595072751144, 0.23668976509189005, 0.006521333490200915, 0.0040130316646802945, 0.3233765600530387, 6.005763441706054, 0.0040130316646802945, 0.08482078088621511, 0.22608964628373765, 0.11372988492191315, 0.0040130316646802945, 0.032947119188275927, 0.8789322536480587, 0.04044311740993074, 0.014549850922754813, 0.028031509770061084, 6.166379704550349, 0.04591281378295514, 0.018473032737922182, 0.06361398937746518, 0.033811555675856864, 0.04824707414482296, 0.0299287421118124, 0.09296740974525462, 0.11953742789320673, 0.004245083083203473, 0.09748790626130865, 0.36927006145669866, 0.18522494613764973, 0.06066092906180366, 0.15278529964210216, 0.005030856695464205, 0.22815596527082774, 0.17094661932856808, 0.058630859910536584, 0.010703021177021025, 0.07571418107411022, 0.1141488184345189, 11.976653681611692, 0.05821571758556929, 0.016411825501536654, 0.014327233950007918, 0.16447013456932028, 0.05292546964398713, 0.02534848905773452, 0.10275459353539054, 0.004299309877898518, 0.07369144997868768, 0.013740051894053383, 0.6637602448354556
sinr_ul:1.22270100e-04,1.90663928e-04,1.34531852e-03,3.87370635e-03,8.26587564e-03,1.76770005e-02,2.63187692e-02,2.90653175e-02,2.83507310e-02,2.13259701e-02,1.46152351e-02,1.09847289e-02,1.42607089e-02,2.61234398e-02,2.65031298e-02,1.67449733e-02,9.50177893e-03,5.28977625e-03,3.77148785e-03,1.73711888e-03,9.69375813e-04,5.24642211e-04,1.25099162e-04,6.31327650e-05,5.03523507e-05,5.05012487e-05,3.37998530e-05,3.12934028e-05,1.95800910e-05,1.86370702e-05,1.36986188e-05,5.80702320e-06,5.53404347e-06,5.38514544e-06,1.35497208e-05,5.93110489e-06,5.80702320e-06,1.98530708e-06,1.91085806e-06,4.66547163e-06
sinr_ul_bin_edges:-30.82962  ,-27.0985369,-23.3674538,-19.6363707,-15.9052876,-12.1742045, -8.4431214, -4.7120383, -0.9809552,  2.7501279,  6.481211 , 10.2122941, 13.9433772, 17.6744603, 21.4055434, 25.1366265, 28.8677096, 32.5987927, 36.3298758, 40.0609589, 43.792042 , 47.5231251, 51.2542082, 54.9852913, 58.7163744, 62.4474575, 66.1785406, 69.9096237, 73.6407068, 77.3717899, 81.102873 , 84.8339561, 88.5650392, 92.2961223, 96.0272054, 99.7582885,103.4893716,107.2204547,110.9515378,114.6826209,118.413704 
sinr_dl:1.20215193e-04,1.83919620e-04,1.19939098e-03,3.73072374e-03,7.70950213e-03,1.66261968e-02,2.55304293e-02,3.97486241e-02,2.08104505e-02,2.27702418e-02,1.50589919e-02,1.23371791e-02,1.41473981e-02,2.64244189e-02,3.04293883e-02,1.58196203e-02,9.43955226e-03,5.43197389e-03,2.77579058e-03,1.57358800e-03,9.21472502e-04,3.48082001e-04,1.09652669e-04,5.41044357e-05,5.18247544e-05,4.43524657e-05,3.42712085e-05,3.40179106e-05,1.77815140e-05,1.81867906e-05,1.22089597e-05,5.72453299e-06,5.47123507e-06,5.64854361e-06,1.35007791e-05,6.10447987e-06,5.42057548e-06,1.97572377e-06,1.89973440e-06,4.73667110e-06
sinr_dl_bin_edges:-23.983242 ,-20.3277907,-16.6723394,-13.0168881, -9.3614368, -5.7059855, -2.0505342,  1.6049171,  5.2603684,  8.9158197, 12.571271 , 16.2267223, 19.8821736, 23.5376249, 27.1930762, 30.8485275, 34.5039788, 38.1594301, 41.8148814, 45.4703327, 49.125784 , 52.7812353, 56.4366866, 60.0921379, 63.7475892, 67.4030405, 71.0584918, 74.7139431, 78.3693944, 82.0248457, 85.680297 , 89.3357483, 92.9911996, 96.6466509,100.3021022,103.9575535,107.6130048,111.2684561,114.9239074,118.5793587,122.23481  
rsrp_ul:1.24224782e-04,1.94628756e-04,1.41584972e-03,3.92313481e-03,8.46133621e-03,1.79405262e-02,2.64156403e-02,2.90822281e-02,2.81818963e-02,2.11445276e-02,1.45549540e-02,1.09425798e-02,1.44053580e-02,2.62631646e-02,2.63432255e-02,1.65873102e-02,9.48137459e-03,5.25666451e-03,3.75015354e-03,1.71129320e-03,9.62071786e-04,5.18397663e-04,1.22064999e-04,6.28323190e-05,5.04197708e-05,5.02459951e-05,3.37869562e-05,3.11058458e-05,1.96366513e-05,1.85939972e-05,1.35048524e-05,5.78424746e-06,5.53599650e-06,5.38704592e-06,1.34055521e-05,6.18144900e-06,5.68494708e-06,1.98600771e-06,1.91153242e-06,4.66711812e-06
rsrp_ul_bin_edges:-156.9223    ,-153.19253317,-149.46276635,-145.73299952,-142.0032327 ,-138.27346587,-134.54369905,-130.81393223,-127.0841654 ,-123.35439858,-119.62463175,-115.89486493,-112.1650981 ,-108.43533128,-104.70556445,-100.97579763, -97.2460308 , -93.51626398, -89.78649715, -86.05673033, -82.3269635 , -78.59719668, -74.86742985, -71.13766303, -67.4078962 , -63.67812938, -59.94836255, -56.21859573, -52.4888289 , -48.75906208, -45.02929525, -41.29952843, -37.5697616 , -33.83999478, -30.11022795, -26.38046113, -22.6506943 , -18.92092748, -15.19116065, -11.46139383,  -7.731627  
rsrp_dl:1.21614350e-04,1.88122198e-04,1.25761906e-03,3.75593253e-03,7.84625385e-03,1.68007691e-02,2.56053694e-02,3.95624150e-02,2.09579023e-02,2.26283261e-02,1.50062987e-02,1.22897382e-02,1.42402550e-02,2.65574831e-02,3.02938560e-02,1.57399626e-02,9.35520923e-03,5.41318141e-03,2.76077243e-03,1.56651951e-03,9.19961887e-04,3.41356280e-04,1.09224888e-04,5.36623321e-05,5.19141258e-05,4.42118836e-05,3.42547087e-05,3.39253365e-05,1.77607624e-05,1.81408073e-05,1.20600897e-05,5.72600899e-06,5.52331841e-06,5.62466370e-06,1.35295965e-05,6.13139016e-06,5.34596415e-06,1.97623319e-06,1.92556055e-06,4.71255607e-06
rsrp_dl_bin_edges:-155.61461   ,-151.96010097,-148.30559195,-144.65108292,-140.9965739 ,-137.34206488,-133.68755585,-130.03304682,-126.3785378 ,-122.72402877,-119.06951975,-115.41501073,-111.7605017 ,-108.10599267,-104.45148365,-100.79697462, -97.1424656 , -93.48795657, -89.83344755, -86.17893852, -82.5244295 , -78.86992047, -75.21541145, -71.56090242, -67.9063934 , -64.25188437, -60.59737535, -56.94286632, -53.2883573 , -49.63384827, -45.97933925, -42.32483022, -38.6703212 , -35.01581217, -31.36130315, -27.70679412, -24.0522851 , -20.39777607, -16.74326705, -13.08875802,  -9.434249  
cqi_ul:0.99210531,0.        ,0.28944203,0.        ,0.        ,0.19229395,0.        ,0.        ,0.10382185,0.        ,0.05362573,0.        ,0.        ,0.06802289,0.        ,0.        ,0.05418128,0.        ,0.13090533,0.        ,0.        ,0.143243  ,0.        ,0.        ,0.14891703,0.        ,0.11548595,0.        ,0.        ,0.07145916,0.        ,0.        ,0.08030699,0.        ,0.0584884 ,0.        ,0.        ,0.03385947,0.        ,0.1305083 
cqi_ul_bin_edges: 0.   , 0.375, 0.75 , 1.125, 1.5  , 1.875, 2.25 , 2.625, 3.   , 3.375, 3.75 , 4.125, 4.5  , 4.875, 5.25 , 5.625, 6.   , 6.375, 6.75 , 7.125, 7.5  , 7.875, 8.25 , 8.625, 9.   , 9.375, 9.75 ,10.125,10.5  ,10.875,11.25 ,11.625,12.   ,12.375,12.75 ,13.125,13.5  ,13.875,14.25 ,14.625,15.   
cqi_dl:0.46137887,0.        ,0.44646048,0.        ,0.        ,0.2491315 ,0.        ,0.        ,0.19604306,0.        ,0.08293388,0.        ,0.        ,0.06938584,0.        ,0.        ,0.03958362,0.        ,0.06495822,0.        ,0.        ,0.0623459 ,0.        ,0.        ,0.08308449,0.        ,0.11614669,0.        ,0.        ,0.10717787,0.        ,0.        ,0.17812839,0.        ,0.15498192,0.        ,0.        ,0.070892  ,0.        ,0.28403393
cqi_dl_bin_edges: 0.   , 0.375, 0.75 , 1.125, 1.5  , 1.875, 2.25 , 2.625, 3.   , 3.375, 3.75 , 4.125, 4.5  , 4.875, 5.25 , 5.625, 6.   , 6.375, 6.75 , 7.125, 7.5  , 7.875, 8.25 , 8.625, 9.   , 9.375, 9.75 ,10.125,10.5  ,10.875,11.25 ,11.625,12.   ,12.375,12.75 ,13.125,13.5  ,13.875,14.25 ,14.625,15.   
mcs_ul:0.68654322,0.0590011 ,0.04401352,0.        ,0.032191  ,0.02342785,0.        ,0.01445477,0.01427329,0.        ,0.01736467,0.01907616,0.01403242,0.        ,0.01499326,0.03311494,0.        ,0.03701292,0.03763646,0.        ,0.03910086,0.04174608,0.0380309 ,0.        ,0.03261124,0.02925624,0.        ,0.01876532,0.01950857,0.        ,0.02514648,0.01788292,0.01518426,0.        ,0.01614881,0.00965706,0.        ,0.00848194,0.        ,0.06991516
mcs_ul_bin_edges: 0. , 0.7, 1.4, 2.1, 2.8, 3.5, 4.2, 4.9, 5.6, 6.3, 7. , 7.7, 8.4, 9.1, 9.8,10.5,11.2,11.9,12.6,13.3,14. ,14.7,15.4,16.1,16.8,17.5,18.2,18.9,19.6,20.3,21. ,21.7,22.4,23.1,23.8,24.5,25.2,25.9,26.6,27.3,28. 
mcs_dl:0.48634251,0.06110994,0.07235337,0.        ,0.06078256,0.0442405 ,0.        ,0.024399  ,0.02002986,0.        ,0.01895566,0.01821532,0.01102967,0.        ,0.01017584,0.01841347,0.        ,0.01638558,0.01671587,0.        ,0.01668372,0.02016213,0.02434742,0.        ,0.02862185,0.03359959,0.        ,0.02703615,0.03036853,0.        ,0.04580359,0.04963437,0.04515954,0.        ,0.03786648,0.02101424,0.        ,0.01696362,0.        ,0.15216103
mcs_dl_bin_edges: 0. , 0.7, 1.4, 2.1, 2.8, 3.5, 4.2, 4.9, 5.6, 6.3, 7. , 7.7, 8.4, 9.1, 9.8,10.5,11.2,11.9,12.6,13.3,14. ,14.7,15.4,16.1,16.8,17.5,18.2,18.9,19.6,20.3,21. ,21.7,22.4,23.1,23.8,24.5,25.2,25.9,26.6,27.3,28. 
eff_ul:2.00931221,0.58620733,0.22305733,0.16639587,0.12170009,0.        ,0.08857044,0.05464718,0.        ,0.05396108,0.06564822,0.07211863,0.05305045,0.05668296,0.12519308,0.        ,0.13992965,0.14228698,0.        ,0.14782326,0.        ,0.15782367,0.14377819,0.        ,0.12328882,0.        ,0.11060503,0.07094346,0.07375336,0.09506785,0.        ,0.0676075 ,0.        ,0.05740506,0.        ,0.06105157,0.        ,0.03650913,0.0320665 ,0.26431862
eff_ul_bin_edges:0.        ,0.18515763,0.37031527,0.5554729 ,0.74063053,0.92578816,1.1109458 ,1.29610343,1.48126106,1.66641869,1.85157632,2.03673396,2.22189159,2.40704922,2.59220686,2.77736449,2.96252212,3.14767975,3.33283738,3.51799502,3.70315265,3.88831028,4.07346792,4.25862555,4.44378318,4.62894081,4.81409844,4.99925608,5.18441371,5.36957134,5.55472897,5.73988661,5.92504424,6.11020187,6.29535951,6.48051714,6.66567477,6.8508324 ,7.03599004,7.22114767,7.4063053 
eff_dl:0.93443124,0.904217  ,0.23102995,0.27353642,0.22979227,0.        ,0.16725399,0.09224196,0.        ,0.07572414,0.07166307,0.06886417,0.04169836,0.0384704 ,0.06961328,0.        ,0.0619467 ,0.06319538,0.        ,0.06307386,0.        ,0.07622421,0.09204693,0.        ,0.1082067 ,0.        ,0.12702534,0.10221186,0.11481013,0.17316332,0.        ,0.18764586,0.        ,0.17072848,0.        ,0.14315661,0.        ,0.07944566,0.06413201,0.5752543 
eff_dl_bin_edges:0.        ,0.18515763,0.37031527,0.5554729 ,0.74063053,0.92578816,1.1109458 ,1.29610343,1.48126106,1.66641869,1.85157632,2.03673396,2.22189159,2.40704922,2.59220686,2.77736449,2.96252212,3.14767975,3.33283738,3.51799502,3.70315265,3.88831028,4.07346792,4.25862555,4.44378318,4.62894081,4.81409844,4.99925608,5.18441371,5.36957134,5.55472897,5.73988661,5.92504424,6.11020187,6.29535951,6.48051714,6.66567477,6.8508324 ,7.03599004,7.22114767,7.4063053 
rul:8.91572935e-01,3.01674743e-03,5.69617134e-04,2.77176062e-04,1.71067657e-04,1.13492024e-04,8.10538800e-05,5.36764180e-05,3.05300183e-05,2.43078678e-05,2.16530836e-05,1.78368313e-05,1.12828328e-05,6.80288450e-06,7.46658055e-06,5.80734043e-06,3.06959423e-06,2.57182219e-06,1.49331611e-06,1.57627812e-06,9.95544074e-07,7.46658055e-07,3.31848025e-07,8.29620061e-07,4.97772037e-07,4.97772037e-07,4.14810031e-07,6.63696049e-07,1.65924012e-07,1.65924012e-07,0.00000000e+00,2.48886018e-07,8.29620061e-08,2.48886018e-07,2.48886018e-07,8.29620061e-08,2.48886018e-07,2.48886018e-07,0.00000000e+00,2.48886018e-07
rul_bin_edges: 0.      , 1.116075, 2.23215 , 3.348225, 4.4643  , 5.580375, 6.69645 , 7.812525, 8.9286  ,10.044675,11.16075 ,12.276825,13.3929  ,14.508975,15.62505 ,16.741125,17.8572  ,18.973275,20.08935 ,21.205425,22.3215  ,23.437575,24.55365 ,25.669725,26.7858  ,27.901875,29.01795 ,30.134025,31.2501  ,32.366175,33.48225 ,34.598325,35.7144  ,36.830475,37.94655 ,39.062625,40.1787  ,41.294775,42.41085 ,43.526925,44.643   
rdl:1.12849848e+00,5.52469936e-03,2.60791886e-03,1.37257777e-03,7.24896590e-04,1.80169292e-04,1.09599470e-04,9.00846461e-05,3.59705671e-05,3.14346892e-05,7.91141506e-06,1.00211257e-05,1.18143798e-05,1.42405471e-05,9.38821253e-06,2.84810942e-06,3.05908049e-06,6.85655971e-06,1.89873961e-06,9.49369807e-07,1.47679748e-06,1.05485534e-06,1.16034087e-06,6.32913204e-07,5.27427670e-07,6.32913204e-07,1.37131194e-06,1.05485534e-07,1.05485534e-07,2.10971068e-07,0.00000000e+00,0.00000000e+00,9.49369807e-07,0.00000000e+00,1.05485534e-07,0.00000000e+00,0.00000000e+00,0.00000000e+00,0.00000000e+00,1.05485534e-07
rdl_bin_edges: 0.        , 0.87776795, 1.7555359 , 2.63330385, 3.5110718 , 4.38883975, 5.2666077 , 6.14437565, 7.0221436 , 7.89991155, 8.7776795 , 9.65544745,10.5332154 ,11.41098335,12.2887513 ,13.16651925,14.0442872 ,14.92205515,15.7998231 ,16.67759105,17.555359  ,18.43312695,19.3108949 ,20.18866285,21.0664308 ,21.94419875,22.8219667 ,23.69973465,24.5775026 ,25.45527055,26.3330385 ,27.21080645,28.0885744 ,28.96634235,29.8441103 ,30.72187825,31.5996462 ,32.47741415,33.3551821 ,34.23295005,35.110718  
lul:1.54104154e+03,0.00000000e+00,0.00000000e+00,0.00000000e+00,0.00000000e+00,0.00000000e+00,0.00000000e+00,0.00000000e+00,0.00000000e+00,0.00000000e+00,0.00000000e+00,0.00000000e+00,5.63684722e+02,1.64819246e+02,1.90106495e+02,3.92618055e+01,5.25246188e-02,6.71019359e-03,1.15692993e-02,4.39633373e-03,0.00000000e+00,0.00000000e+00,0.00000000e+00,0.00000000e+00,0.00000000e+00,0.00000000e+00,0.00000000e+00,0.00000000e+00,0.00000000e+00,2.31385986e-04,0.00000000e+00,0.00000000e+00,0.00000000e+00,0.00000000e+00,0.00000000e+00,0.00000000e+00,0.00000000e+00,0.00000000e+00,0.00000000e+00,2.31385986e-04
lul_bin_edges:0.        ,0.00040016,0.00080032,0.00120049,0.00160065,0.00200081,0.00240097,0.00280113,0.00320129,0.00360146,0.00400162,0.00440178,0.00480194,0.0052021 ,0.00560226,0.00600243,0.00640259,0.00680275,0.00720291,0.00760307,0.00800323,0.0084034 ,0.00880356,0.00920372,0.00960388,0.01000404,0.01040421,0.01080437,0.01120453,0.01160469,0.01200485,0.01240501,0.01280518,0.01320534,0.0136055 ,0.01400566,0.01440582,0.01480598,0.01520615,0.01560631,0.01600647
ldl:9.98918844e+02,0.00000000e+00,0.00000000e+00,0.00000000e+00,0.00000000e+00,0.00000000e+00,0.00000000e+00,0.00000000e+00,0.00000000e+00,0.00000000e+00,0.00000000e+00,0.00000000e+00,0.00000000e+00,9.04760014e+02,4.96060175e+02,1.66776532e+02,1.02915428e+02,2.62003396e-02,1.38416889e-02,1.53247269e-02,3.21324920e-03,0.00000000e+00,2.47173015e-04,0.00000000e+00,0.00000000e+00,0.00000000e+00,0.00000000e+00,0.00000000e+00,2.47173015e-04,0.00000000e+00,0.00000000e+00,0.00000000e+00,2.47173015e-04,0.00000000e+00,2.47173015e-04,0.00000000e+00,0.00000000e+00,0.00000000e+00,0.00000000e+00,2.47173015e-04
ldl_bin_edges:0.        ,0.0003746 ,0.00074921,0.00112381,0.00149841,0.00187302,0.00224762,0.00262222,0.00299683,0.00337143,0.00374603,0.00412064,0.00449524,0.00486984,0.00524445,0.00561905,0.00599365,0.00636826,0.00674286,0.00711746,0.00749207,0.00786667,0.00824127,0.00861588,0.00899048,0.00936508,0.00973969,0.01011429,0.01048889,0.01086349,0.0112381 ,0.0116127 ,0.0119873 ,0.01236191,0.01273651,0.01311111,0.01348572,0.01386032,0.01423492,0.01460953,0.01498413
ilul:3.06009131e-01,7.82677928e-03,5.61253430e-03,3.09394503e-03,2.66600653e-03,2.41839616e-03,2.07938837e-03,1.89169263e-03,1.48254643e-03,1.47167351e-03,1.46157955e-03,1.49173161e-03,1.75582987e-03,1.22938600e-03,9.90960805e-04,1.20406996e-03,1.29981653e-03,9.11604746e-04,5.66300410e-04,4.91325975e-04,6.71004968e-04,3.95222380e-04,4.22161247e-04,3.91067953e-04,6.89667435e-04,3.61370287e-04,2.18334643e-04,1.87501001e-04,4.16578735e-04,3.19436533e-04,1.32357466e-04,1.12559022e-04,1.07658096e-04,7.49744353e-06,3.30082254e-05,3.89802151e-05,1.80133384e-05,1.53194517e-05,1.68773621e-05,2.34335681e-05
ilul_bin_edges:  0.       ,  2.8528005,  5.705601 ,  8.5584015, 11.411202 , 14.2640025, 17.116803 , 19.9696035, 22.822404 , 25.6752045, 28.528005 , 31.3808055, 34.233606 , 37.0864065, 39.939207 , 42.7920075, 45.644808 , 48.4976085, 51.350409 , 54.2032095, 57.05601  , 59.9088105, 62.761611 , 65.6144115, 68.467212 , 71.3200125, 74.172813 , 77.0256135, 79.878414 , 82.7312145, 85.584015 , 88.4368155, 91.289616 , 94.1424165, 96.995217 , 99.8480175,102.700818 ,105.5536185,108.406419 ,111.2592195,114.11202  
ildl:4.80394306e-01,6.51853756e-03,3.93606450e-03,3.50348029e-03,2.08824738e-03,1.44762321e-03,8.73063863e-04,1.48676745e-03,1.51487710e-03,8.61458525e-04,2.66019077e-04,1.03268482e-03,9.13159354e-04,4.32679340e-04,7.63574158e-04,8.04573344e-04,3.42024528e-04,3.21287121e-04,7.25381182e-04,8.47189667e-04,4.87043689e-04,4.49754406e-04,1.82974323e-04,1.00643012e-04,2.50085519e-04,6.00195733e-04,3.30704567e-04,8.35108700e-04,2.55032057e-04,2.51655094e-04,2.52749039e-04,1.37884732e-04,0.00000000e+00,0.00000000e+00,8.08568624e-07,1.44495969e-04,1.87873298e-05,1.60572216e-04,7.35797448e-05,7.80982165e-05
ildl_bin_edges: 0.        , 1.94672525, 3.8934505 , 5.84017575, 7.786901  , 9.73362625,11.6803515 ,13.62707675,15.573802  ,17.52052725,19.4672525 ,21.41397775,23.360703  ,25.30742825,27.2541535 ,29.20087875,31.147604  ,33.09432925,35.0410545 ,36.98777975,38.934505  ,40.88123025,42.8279555 ,44.77468075,46.721406  ,48.66813125,50.6148565 ,52.56158175,54.508307  ,56.45503225,58.4017575 ,60.34848275,62.295208  ,64.24193325,66.1886585 ,68.13538375,70.082109  ,72.02883425,73.9755595 ,75.92228475,77.86901   
eul:9.34934239e+01,0.00000000e+00,0.00000000e+00,0.00000000e+00,0.00000000e+00,0.00000000e+00,0.00000000e+00,3.18203682e-04,8.45512640e-04,9.27336444e-04,1.88194749e-03,2.26379191e-03,5.05489277e-03,1.18242670e+00,3.48956704e+00,7.66416296e-03,1.18189939e-03,1.15462479e-03,1.35463853e-03,1.09098405e-04,2.27288344e-04,3.36386749e-04,0.00000000e+00,2.81837547e-04,1.72739141e-04,0.00000000e+00,0.00000000e+00,0.00000000e+00,0.00000000e+00,0.00000000e+00,0.00000000e+00,0.00000000e+00,0.00000000e+00,0.00000000e+00,2.72746013e-05,0.00000000e+00,0.00000000e+00,0.00000000e+00,4.54576688e-05,1.18189939e-04
eul_bin_edges:0.        ,0.0101844 ,0.0203688 ,0.0305532 ,0.0407376 ,0.050922  ,0.0611064 ,0.0712908 ,0.0814752 ,0.0916596 ,0.101844  ,0.11202841,0.12221281,0.13239721,0.14258161,0.15276601,0.16295041,0.17313481,0.18331921,0.19350361,0.20368801,0.21387241,0.22405681,0.23424121,0.24442561,0.25461001,0.26479441,0.27497881,0.28516321,0.29534761,0.30553201,0.31571642,0.32590082,0.33608522,0.34626962,0.35645402,0.36663842,0.37682282,0.38700722,0.39719162,0.40737602
edl:1.61121186e+02,0.00000000e+00,0.00000000e+00,0.00000000e+00,0.00000000e+00,0.00000000e+00,0.00000000e+00,0.00000000e+00,0.00000000e+00,0.00000000e+00,0.00000000e+00,0.00000000e+00,0.00000000e+00,8.96686239e-05,1.49447706e-05,4.48343119e-05,4.48343119e-05,1.04613394e-04,1.19558165e-04,4.48343119e-05,3.28784954e-04,5.97790826e-04,6.95380178e-02,2.11169609e-01,8.07017615e-04,2.39116330e-04,1.64392477e-04,4.48343119e-05,1.49447706e-05,7.47238532e-05,8.96686239e-05,0.00000000e+00,0.00000000e+00,2.98895413e-05,0.00000000e+00,5.97790826e-05,0.00000000e+00,0.00000000e+00,2.98895413e-05,2.98895413e-05
edl_bin_edges:0.       ,0.0061956,0.0123912,0.0185868,0.0247824,0.030978 ,0.0371736,0.0433692,0.0495648,0.0557604,0.061956 ,0.0681516,0.0743472,0.0805428,0.0867384,0.092934 ,0.0991296,0.1053252,0.1115208,0.1177164,0.123912 ,0.1301076,0.1363032,0.1424988,0.1486944,0.15489  ,0.1610856,0.1672812,0.1734768,0.1796724,0.185868 ,0.1920636,0.1982592,0.2044548,0.2106504,0.216846 ,0.2230416,0.2292372,0.2354328,0.2416284,0.247824 
gul:2.46753430e+00,0.00000000e+00,0.00000000e+00,5.54519262e-03,2.42393218e-02,5.56525275e-02,1.30763380e-01,4.87901152e+01,5.18745367e-02,3.19338138e-02,1.27190766e-02,7.56075790e-03,1.91048841e-03,8.59719786e-04,0.00000000e+00,0.00000000e+00,0.00000000e+00,4.15531230e-04,0.00000000e+00,4.29859893e-04,4.05978788e-04,3.67769020e-04,4.29859893e-04,0.00000000e+00,4.29859893e-04,0.00000000e+00,0.00000000e+00,0.00000000e+00,0.00000000e+00,0.00000000e+00,0.00000000e+00,0.00000000e+00,0.00000000e+00,0.00000000e+00,0.00000000e+00,0.00000000e+00,0.00000000e+00,0.00000000e+00,0.00000000e+00,4.29859893e-04
gul_bin_edges:0.      ,0.019386,0.038772,0.058158,0.077544,0.09693 ,0.116316,0.135702,0.155088,0.174474,0.19386 ,0.213246,0.232632,0.252018,0.271404,0.29079 ,0.310176,0.329562,0.348948,0.368334,0.38772 ,0.407106,0.426492,0.445878,0.465264,0.48465 ,0.504036,0.523422,0.542808,0.562194,0.58158 ,0.600966,0.620352,0.639738,0.659124,0.67851 ,0.697896,0.717282,0.736668,0.756054,0.77544 
gdl:9.11016400e-02,0.00000000e+00,0.00000000e+00,5.58817861e-03,2.48984403e-02,5.75009250e-02,1.36829180e-01,5.11536043e+01,5.44489198e-02,3.30418971e-02,1.28862444e-02,7.71837319e-03,2.13019458e-03,8.59719786e-04,0.00000000e+00,0.00000000e+00,0.00000000e+00,4.29859893e-04,0.00000000e+00,4.29859893e-04,4.29859893e-04,4.29859893e-04,4.29859893e-04,0.00000000e+00,4.29859893e-04,0.00000000e+00,0.00000000e+00,0.00000000e+00,0.00000000e+00,0.00000000e+00,0.00000000e+00,0.00000000e+00,0.00000000e+00,0.00000000e+00,0.00000000e+00,0.00000000e+00,0.00000000e+00,0.00000000e+00,0.00000000e+00,4.29859893e-04
gdl_bin_edges:0.      ,0.019386,0.038772,0.058158,0.077544,0.09693 ,0.116316,0.135702,0.155088,0.174474,0.19386 ,0.213246,0.232632,0.252018,0.271404,0.29079 ,0.310176,0.329562,0.348948,0.368334,0.38772 ,0.407106,0.426492,0.445878,0.465264,0.48465 ,0.504036,0.523422,0.542808,0.562194,0.58158 ,0.600966,0.620352,0.639738,0.659124,0.67851 ,0.697896,0.717282,0.736668,0.756054,0.77544 
ri:34.63948726, 0.        , 0.        , 0.        , 0.        , 0.        , 0.        , 0.        , 0.        , 0.        , 0.        , 0.        , 0.        , 0.        , 0.        , 0.        , 0.        , 0.        , 0.        , 0.        , 0.        , 0.        , 0.        , 0.        , 0.        , 0.        , 0.        , 0.        , 0.        , 0.        , 0.        , 0.        , 0.        , 0.        , 0.        , 0.        , 0.        , 0.        , 0.        , 5.36051274
ri_bin_edges:1.   ,1.025,1.05 ,1.075,1.1  ,1.125,1.15 ,1.175,1.2  ,1.225,1.25 ,1.275,1.3  ,1.325,1.35 ,1.375,1.4  ,1.425,1.45 ,1.475,1.5  ,1.525,1.55 ,1.575,1.6  ,1.625,1.65 ,1.675,1.7  ,1.725,1.75 ,1.775,1.8  ,1.825,1.85 ,1.875,1.9  ,1.925,1.95 ,1.975,2.   
