period:1.0
ue_log_freq:1000
mac_log_freq:1000
mimo_layers:2
frequency:2412000000.0
bandwidth:50000000.0
ue_speed:5.55556
max_distance:1000.0
shannon_cfg_bandwidth_mhz:50.0
shannon_cfg_mimo_layers:2
shannon_cfg_bw_efficiency:0.67
shannon_cfg_sinr_offset_db:0.0
shannon_cfg_ul_divisor:2.0
shannon_cfg_sinr_sample_rate:1000
n_ue:160
sinr_period:9.463590170471146
sinr_rate:105.66814306057537
ul_fairness:0.034733581952286784
dl_fairness:0.17638866029842018
ul_agg_throughput:100.48403644774268
dl_agg_throughput:172.4263070001683
ul_ave_throughput:0.6280252277983918
dl_ave_throughput:1.0776644187510518
ul_se:2.0096807289548537
dl_se:3.448526140003366
ul_ase:6.397012440993769e-07
dl_ase:1.0976999631262984e-06
ul_gr:0.05333249854085861, 0.05333249854085861, 0.05333249854085861, 0.05333503005746805, 0.05333530154334813, 0.05333530154334813, 0.05949851366209227, 0.05333530154334813, 0.05333530154334813, 0.05333530154334813, 0.05333530154334813, 0.05333530154334813, 0.05333530154334813, 0.055708036519001525, 0.05333530154334813, 0.05333530154334813, 0.05333530154334813, 0.05333530154334813, 0.05333530154334813, 0.05333530154334813, 0.05333530154334813, 0.10438832104898807, 0.05333530154334813, 0.05333530154334813, 0.05333249854085861, 0.053347314411369466, 0.053347314411369466, 0.053347314411369466, 0.053347314411369466, 0.053347314411369466, 0.053347314411369466, 0.053347314411369466, 0.053347314411369466, 0.053347314411369466, 0.053347314411369466, 0.053333470690271244, 0.053347314411369466, 0.053347314411369466, 0.053347314411369466, 0.053347314411369466, 0.053347314411369466, 0.053347314411369466, 0.053347314411369466, 0.053347314411369466, 0.053347314411369466, 0.053347314411369466, 0.059220910720612044, 0.053347314411369466, 0.053347314411369466, 0.053347314411369466, 0.053347314411369466, 0.053347314411369466, 0.053347314411369466, 0.053347314411369466, 0.053347314411369466, 0.053347314411369466, 0.053347314411369466, 0.05333249854085861, 0.053347314411369466, 0.053347314411369466, 0.053347314411369466, 0.053347314411369466, 0.053347314411369466, 0.053347314411369466, 0.053347314411369466, 0.053347314411369466, 0.053347314411369466, 0.053347314411369466, 0.05333249854085861, 0.05333249854085861, 0.05333249854085861, 0.05333249854085861, 0.05333249854085861, 0.1947579427582995, 0.05333249854085861, 0.053331153780929154, 0.05333249854085861, 0.053331153780929154, 0.053331153780929154, 0.053331153780929154, 0.053331153780929154, 0.053331153780929154, 0.053331153780929154, 0.1429255755276955, 0.053331153780929154, 0.053331153780929154, 0.053331153780929154, 0.053331153780929154, 0.053331153780929154, 0.053331153780929154, 0.053331153780929154, 0.05333212594213522, 0.1194512182690448, 0.053331153780929154, 0.05333249854085861, 0.13518154099879362, 0.08384181780236896, 0.05342112818006902, 0.05342112818006902, 0.05342112818006902, 0.05342112818006902, 0.05342112818006902, 0.05342112818006902, 0.05342112818006902, 0.19872485722139085, 0.05333249854085861, 6.300828187195227, 0.05342112818006902, 0.05342112818006902, 0.05342112818006902, 0.05342112818006902, 0.05342112818006902, 0.05342112818006902, 0.05342112818006902, 1.5723267466837694, 0.05342112818006902, 0.05333249854085861, 0.05342112818006902, 0.05342112818006902, 0.05342112818006902, 0.05342112818006902, 4.1944793085545, 0.05342112818006902, 0.05342112818006902, 0.07673114864245793, 0.05342112818006902, 0.05342112818006902, 0.05333249854085861, 0.05342112818006902, 0.05342112818006902, 0.05342112818006902, 0.05342112818006902, 0.05342112818006902, 0.05342112818006902, 0.05342140010282148, 0.05342140010282148, 0.05342140010282148, 15.494268119741216, 0.05333249854085861, 0.12747387978030816, 0.08989093796606892, 0.1449434329140728, 0.05333503005746805, 0.05333503005746805, 0.05333530154334813, 0.05333530154334813, 0.05333530154334813, 0.05333530154334813, 0.05333530154334813, 0.05333249854085861, 0.05333530154334813, 0.05333530154334813, 0.05333530154334813, 0.14494417070489068, 0.05333530154334813, 0.05333530154334813, 0.05333530154334813, 0.05333530154334813, 0.05333530154334813, 0.05333530154334813
dl_gr:0.36646790335364304, 0.1934345893595069, 0.05333249854085861, 0.00010681217772845966, 0.00010681272142362665, 0.00010681272142362665, 0.00010681272142362665, 0.00010681272142362665, 0.00010681272142362665, 0.00010681272142362665, 0.00010681272142362665, 0.00010681272142362665, 0.00010681272142362665, 0.20350427632119839, 0.00010681272142362665, 0.00010681272142362665, 0.00010681272142362665, 0.00010681272142362665, 0.00010681272142362665, 0.00010681272142362665, 0.00010681272142362665, 0.00010681272142362665, 0.00010681272142362665, 0.00010681272142362665, 0.05333249854085861, 0.10811544569776438, 0.0535968562935212, 0.0535968562935212, 0.7199087022030378, 0.0535968562935212, 2.1195483976055707, 0.0535968562935212, 7.858730545262043, 0.11825683104613757, 0.26100024432951907, 0.053333470690271244, 0.0535968562935212, 0.16927898358920065, 0.0535968562935212, 0.11541458647228896, 0.0535968562935212, 0.11541458647228896, 0.0535968562935212, 0.0535968562935212, 0.0535968562935212, 2.7112097161705417, 0.3380269968983192, 0.0535968562935212, 0.0535968562935212, 0.0535968562935212, 0.0535968562935212, 0.0535968562935212, 0.10705839475505967, 0.10864291240786741, 1.0065803640509834, 0.2778473754937492, 0.0535968562935212, 0.2779118211632003, 0.0535968562935212, 0.239214399152991, 0.14516231624384088, 0.0535968562935212, 0.7984545343486583, 0.26775782872500714, 0.0535968562935212, 0.0535968562935212, 0.0535968562935212, 0.0535968562935212, 0.05333249854085861, 0.36094676845284995, 0.2998341825644158, 0.05333249854085861, 0.36646790335364304, 0.36646718381063637, 0.05333249854085861, 0.053331153780929154, 0.36646718381063637, 0.053331153780929154, 0.053331153780929154, 0.053331153780929154, 0.20300826297098093, 0.053331153780929154, 0.053331153780929154, 0.32069410375047086, 0.22315401008709282, 0.19980848612515717, 0.053331153780929154, 0.26874549401869113, 0.053331153780929154, 0.25891761269687513, 0.06702869288811292, 0.11123237209658045, 0.3388373624641908, 0.36646743296024065, 0.05333249854085861, 2.736736161093776, 1.4430162732811762, 2.7787496971362837, 0.10072300440806688, 0.05334388011686977, 0.05334388011686977, 0.05334388011686977, 0.29783033523704816, 0.05334388011686977, 0.33259220800374634, 0.05333249854085861, 5.900124199574464, 1.7609711185087904, 0.05334388011686977, 0.05334388011686977, 3.9561180506774987, 0.05334388011686977, 0.05334388011686977, 0.05334388011686977, 4.34394771401521, 0.05334388011686977, 0.05333249854085861, 3.929094625823331, 0.05334388011686977, 0.05334388011686977, 5.484379887813171, 5.757382890999602, 0.10353431267751886, 0.05334388011686977, 5.718411874293742, 2.6692410184365105, 0.10869563978051289, 0.05333249854085861, 0.05334388011686977, 0.05334388011686977, 0.05334388011686977, 0.44017872522371193, 0.05334388011686977, 2.7451772490812285, 0.7564908758659655, 0.05334415164641627, 0.28972129270018376, 5.900154232223846, 0.05333249854085861, 0.00010681217772845966, 0.00010681217772845966, 0.00010681217772845966, 0.00010681217772845966, 0.00010681217772845966, 0.00010681272142362665, 0.00010681272142362665, 0.00010681272142362665, 0.00010681272142362665, 0.00010681272142362665, 0.05333249854085861, 0.00010681272142362665, 0.00010681272142362665, 0.00010681272142362665, 0.00010681272142362665, 0.00010681272142362665, 0.00010681272142362665, 0.00010681272142362665, 0.00010681272142362665, 0.00010681272142362665, 0.00010681272142362665
ul_tr:0.0, 0.0, 0.0, 0.0, 0.0, 0.0, 0.006150507164963147, 0.0, 0.0, 0.0, 0.0, 0.0, 0.0, 0.05571335339981064, 0.0, 0.0, 0.0, 0.0, 0.0, 0.0, 0.0, 0.06161405140794885, 0.0, 0.0, 0.0, 0.0, 0.0, 0.0, 0.0, 0.0, 0.0, 0.0, 0.0, 0.0, 0.0, 0.0, 0.0, 0.0, 0.0, 0.0, 0.0, 0.0, 0.0, 0.0, 0.0, 0.0, 0.005888349437895122, 0.0, 0.0, 0.0, 0.0, 0.0, 0.0, 0.0, 0.0, 0.0, 0.0, 0.0, 0.0, 0.0, 0.0, 0.0, 0.0, 0.0, 0.0, 0.0, 0.0, 0.0, 0.0, 0.0, 0.0, 0.0, 0.0, 0.19477414903831866, 0.0, 0.0, 0.0, 0.0, 0.0, 0.0, 0.0, 0.0, 0.0, 0.08958146482057232, 0.0, 0.0, 0.0, 0.0, 0.0, 0.0, 0.0, 0.0, 0.06611617508271488, 0.0, 0.0, 0.08166112681910036, 0.03019716982031691, 0.0, 0.0, 0.0, 0.0, 0.0, 0.0, 0.0, 0.14460774041474514, 0.0, 6.247884654883436, 0.0, 0.0, 0.0, 0.0, 0.0, 0.0, 0.0, 1.5149799115541949, 0.0, 0.0, 0.0, 0.0, 0.0, 0.0, 4.138274425168586, 0.0, 0.0, 0.02190913910097833, 0.0, 0.0, 0.0, 0.0, 0.0, 0.0, 0.0, 0.0, 0.0, 0.0, 0.0, 0.0, 15.433985788362454, 0.0, 0.07413698294731164, 0.05655220155097554, 0.13720824581119534, 0.0, 0.0, 0.0, 0.0, 0.0, 0.0, 0.0, 0.0, 0.0, 0.0, 0.0, 0.1449629753844235, 0.0, 0.0, 0.0, 0.0, 0.0, 0.0
dl_tr:0.36440842486826697, 0.19314389911896185, 0.0, 9.280401614602687e-05, 2.4514395080832347e-05, 7.354318585332085e-05, 0.00010506169462882275, 0.00010155966221443987, 0.0, 0.0, 0.0, 0.0, 7.354318727857638e-05, 0.2035095975193324, 0.0, 6.128598770208087e-05, 9.455552388321049e-05, 0.0, 0.0, 0.0, 0.0, 0.0001068127196929592, 0.0, 0.0, 0.0, 0.05445574043480475, 0.0, 0.0, 0.6660720837948956, 0.0, 2.0655876524614674, 0.0, 7.805002054541475, 0.06419877585566233, 0.20743676857443907, 0.0, 0.0, 0.1154617485068412, 0.0, 0.06175141540492527, 0.0, 0.06188334849913466, 0.0, 0.0, 0.0, 2.7119054355260213, 0.2846269817366562, 0.0, 0.0, 0.0, 0.0, 0.0, 0.05359695317424767, 0.05387364246650649, 1.0065743085904222, 0.22420955289403227, 0.0, 0.27511573428999075, 0.0, 0.18566162764812477, 0.09158201597131163, 0.0, 0.7449261974107687, 0.2690810616811398, 0.0, 0.0, 0.0, 0.0, 0.0, 0.30763504860032675, 0.28502361019938105, 0.0, 0.36473547500020354, 0.3664609290252369, 0.0, 0.0, 0.36645433984054093, 0.0, 0.0, 0.0, 0.20299789065250926, 0.0, 0.0, 0.26732999538680025, 0.16978761047773813, 0.14641405536280203, 0.0, 0.2261362457271566, 0.0, 0.20557409739454433, 0.0648307146794973, 0.05785707991830315, 0.33874116328151566, 0.35462943690222287, 0.0, 2.736143762623919, 1.389773765503087, 2.725243447100561, 0.04749730699029819, 0.0, 0.0, 0.0, 0.24453171369035617, 0.0, 0.3325250676855104, 0.0, 5.877082515168453, 1.707596943726135, 0.0, 0.0, 3.902511281924513, 0.0, 0.0, 0.0, 4.298987364016879, 0.0, 0.0, 3.929083864153488, 0.0, 0.0, 5.481217062485471, 5.757270787340888, 0.050161219448889835, 0.0, 5.664396227375309, 2.6693977395811777, 0.055161402869315576, 0.0, 0.0, 0.0, 0.0, 0.38679743219100265, 0.0, 2.6915751311570055, 0.7031375142989053, 0.0, 0.2362902915435846, 5.900087513986042, 0.0, 0.00010506116086471848, 0.00010681217856324792, 0.00010681216897336314, 0.0, 0.0, 5.603290202386285e-05, 0.0, 0.00010155964271898033, 9.980860184468787e-05, 0.0, 0.0, 0.0, 7.004113389257646e-05, 0.0, 0.0001068127213218227, 5.778392108156534e-05, 8.75513743535448e-06, 9.630663242659934e-05, 0.0, 3.502056440118907e-05, 0.00010681274025736043
ul_er:0.31313343920201775, 0.31313343920201775, 0.31313343920201775, 0.09161732083865681, 0.09160793256505273, 0.09160793256505273, 0.08544472044630859, 0.09160793256505273, 0.09160793256505273, 0.09160793256505273, 0.09160793256505273, 0.09160793256505273, 0.09160793256505273, 0.31075962617271885, 0.09160793256505273, 0.09160793256505273, 0.09160793256505273, 0.09160793256505273, 0.09160793256505273, 0.09160793256505273, 0.09160793256505273, 0.040555849655902594, 0.09160793256505273, 0.09160793256505273, 0.31313343920201775, 0.05733766339536589, 0.05733766339536589, 0.05733766339536589, 0.05733766339536589, 0.05733766339536589, 0.05733766339536589, 0.05733766339536589, 0.05733766339536589, 0.05733766339536589, 0.05733766339536589, 0.313131845315053, 0.05733766339536589, 0.05733766339536589, 0.05733766339536589, 0.05733766339536589, 0.05733766339536589, 0.05733766339536589, 0.05733766339536589, 0.05733766339536589, 0.05733766339536589, 0.05733766339536589, 0.3072450270222643, 0.05733766339536589, 0.05733766339536589, 0.05733766339536589, 0.05733766339536589, 0.05733766339536589, 0.05733766339536589, 0.05733766339536589, 0.05733766339536589, 0.05733766339536589, 0.05733766339536589, 0.31313343920201775, 0.05733766339536589, 0.05733766339536589, 0.05733766339536589, 0.05733766339536589, 0.05733766339536589, 0.05733766339536589, 0.05733766339536589, 0.05733766339536589, 0.05733766339536589, 0.05733766339536589, 0.31313343920201775, 0.31313356869534453, 0.31313356869534453, 0.31313356869534453, 0.31313343920201775, 0.1717092410523369, 0.31313356869534453, 0.3131351625991947, 0.31313356869534453, 0.3131351625991947, 0.3131351625991947, 0.3131351625991947, 0.3131351625991947, 0.3131351625991947, 0.3131351625991947, 0.22354036221518084, 0.3131351625991947, 0.3131351625991947, 0.3131351625991947, 0.3131351625991947, 0.3131351625991947, 0.3131351625991947, 0.3131351625991947, 0.31313356869534453, 0.247014476368435, 0.3131351625991947, 0.31313343920201775, 62.619845319840984, 62.671185043037404, 62.701286300379735, 62.701286300379735, 62.701286300379735, 62.701286300379735, 62.701286300379735, 62.701286300379735, 62.701286300379735, 62.5559825713384, 0.31313343920201775, 56.45387924136457, 62.701286300379735, 62.701286300379735, 62.701286300379735, 62.701286300379735, 62.701286300379735, 62.701286300379735, 62.701286300379735, 61.18238068187603, 62.701286300379735, 0.31313343920201775, 62.701286300379735, 62.701286300379735, 62.701286300379735, 62.701286300379735, 58.56022812000529, 62.701286300379735, 62.701286300379735, 62.67797627991734, 62.701286300379735, 62.701286300379735, 0.31313343920201775, 62.701286300379735, 62.701286300379735, 62.701286300379735, 62.701286300379735, 62.701286300379735, 62.701286300379735, 62.701605460736964, 62.701605460736964, 62.701605460736964, 47.260758741098556, 0.31313343920201775, 0.017478471115816695, 0.05505249494800389, 0.0, 0.09161732083865681, 0.09161732083865681, 0.09160793256505273, 0.09160793256505273, 0.09160793256505273, 0.09160793256505273, 0.09160793256505273, 0.31313343920201775, 0.09160793256505273, 0.09160793256505273, 0.09160793256505273, 0.0, 0.09160793256505273, 0.09160793256505273, 0.09160793256505273, 0.09160793256505273, 0.09160793256505273, 0.09160793256505273
dl_er:0.0, 0.17303331399413616, 0.31313343920201775, 0.0, 0.0, 0.0, 0.0, 0.0, 0.0, 0.0, 0.0, 0.0, 0.0, 0.16296362581080945, 0.0, 0.0, 0.0, 0.0, 0.0, 0.0, 0.0, 0.0, 0.0, 0.0, 0.31313343920201775, 16.917098016858738, 16.97161660626298, 16.97161660626298, 16.305304760353465, 16.97161660626298, 14.905665064950929, 16.97161660626298, 9.166482917294458, 16.90695663151036, 16.764213218226985, 0.313131845315053, 16.97161660626298, 16.855934478967303, 16.97161660626298, 16.909798876084214, 16.97161660626298, 16.909798876084214, 16.97161660626298, 16.97161660626298, 16.97161660626298, 14.313342020605125, 0.028438940844557108, 16.97161660626298, 16.97161660626298, 16.97161660626298, 16.97161660626298, 16.97161660626298, 16.91815506780144, 16.916570550148634, 16.018633098505514, 16.74736608706275, 16.97161660626298, 0.08855608219044274, 16.97161660626298, 16.785999063403512, 16.88005114631266, 16.97161660626298, 16.226758928207843, 16.756793908050657, 16.97161660626298, 16.97161660626298, 16.97161660626298, 16.97161660626298, 0.31313343920201775, 0.00551869040894237, 0.06663300124622058, 0.31313356869534453, 0.0, 0.0, 0.31313356869534453, 0.3131351625991947, 0.0, 0.3131351625991947, 0.3131351625991947, 0.3131351625991947, 0.16345983822709295, 0.3131351625991947, 0.3131351625991947, 0.04577183521404066, 0.14331230629303107, 0.16665783025496672, 0.3131351625991947, 0.09772193894154954, 0.3131351625991947, 0.10754870368324876, 0.29943940830996096, 0.25523332254089937, 0.02762944874772216, 0.0, 0.31313343920201775, 3.163418071130069, 4.457137958942669, 3.12137450243818, 5.7994011951663955, 5.846780319457594, 5.846780319457594, 5.846780319457594, 5.6022938643374145, 5.846780319457594, 5.567531991570717, 0.31313343920201775, 0.0, 4.139153081065674, 5.846780319457594, 5.846780319457594, 1.9440061488969653, 5.846780319457594, 5.846780319457594, 5.846780319457594, 1.5561764855592544, 5.846780319457594, 0.31313343920201775, 1.9710295737511325, 5.846780319457594, 5.846780319457594, 0.4157443117612925, 0.1427413085748608, 5.796589886896945, 5.846780319457594, 0.18171232528072156, 3.230883181137953, 5.791428559793951, 0.31313343920201775, 5.846780319457594, 5.846780319457594, 5.846780319457594, 5.459945474350753, 5.846780319457594, 3.154946950493235, 5.14366335635788, 5.846810080577429, 5.610432939523662, 0.0, 0.31313343920201775, 0.0, 0.0, 0.0, 0.0, 0.0, 0.0, 0.0, 0.0, 0.0, 0.0, 0.31313343920201775, 0.0, 0.0, 0.0, 0.0, 0.0, 0.0, 0.0, 0.0, 0.0, 0.0
ul_er_ratio:1.0, 1.0, 1.0, 1.0, 1.0, 1.0, 0.9328512268011848, 1.0, 1.0, 1.0, 1.0, 1.0, 1.0, 0.8479741849868517, 1.0, 1.0, 1.0, 1.0, 1.0, 1.0, 1.0, 0.3969451788991855, 1.0, 1.0, 1.0, 1.0, 1.0, 1.0, 1.0, 1.0, 1.0, 1.0, 1.0, 1.0, 1.0, 1.0, 1.0, 1.0, 1.0, 1.0, 1.0, 1.0, 1.0, 1.0, 1.0, 1.0, 0.981195395059893, 1.0, 1.0, 1.0, 1.0, 1.0, 1.0, 1.0, 1.0, 1.0, 1.0, 1.0, 1.0, 1.0, 1.0, 1.0, 1.0, 1.0, 1.0, 1.0, 1.0, 1.0, 1.0, 1.0, 1.0, 1.0, 1.0, 0.4685321236792256, 1.0, 1.0, 1.0, 1.0, 1.0, 1.0, 1.0, 1.0, 1.0, 0.7139085905680295, 1.0, 1.0, 1.0, 1.0, 1.0, 1.0, 1.0, 1.0, 0.7888543495301054, 1.0, 1.0, 0.9986976209752063, 0.9995183970631173, 1.0, 1.0, 1.0, 1.0, 1.0, 1.0, 1.0, 0.9976936781664137, 1.0, 0.9003555200580681, 1.0, 1.0, 1.0, 1.0, 1.0, 1.0, 1.0, 0.9758366237874304, 1.0, 1.0, 1.0, 1.0, 1.0, 1.0, 0.9339972366614818, 1.0, 1.0, 0.9996505713056003, 1.0, 1.0, 1.0, 1.0, 1.0, 1.0, 1.0, 1.0, 1.0, 1.0, 1.0, 1.0, 0.7538232924593888, 1.0, 0.19078081634320143, 0.4932811671461095, 0.0, 1.0, 1.0, 1.0, 1.0, 1.0, 1.0, 1.0, 1.0, 1.0, 1.0, 1.0, 0.0, 1.0, 1.0, 1.0, 1.0, 1.0, 1.0
dl_er_ratio:0.0, 0.47253981896654185, 1.0, 0.0, 0.0, 0.0, 0.0, 0.0, 0.0, 0.0, 0.0, 0.0, 0.0, 0.4446808537059246, 0.0, 0.0, 0.0, 0.0, 0.0, 0.0, 0.0, 0.0, 0.0, 0.0, 1.0, 0.9967913520934168, 1.0, 1.0, 0.9607532087754829, 1.0, 0.8782890286972046, 1.0, 0.5401108348801636, 0.9962171829604602, 0.9877774542407038, 1.0, 1.0, 0.9931966853546247, 1.0, 0.9963614746829645, 1.0, 0.996353729248507, 1.0, 1.0, 1.0, 0.8407127154824755, 0.09084010361165924, 1.0, 1.0, 1.0, 1.0, 1.0, 0.9968419905553649, 0.9968254429963624, 0.9408774128548417, 0.9867891138895691, 1.0, 0.24350548537820854, 1.0, 0.9890604914258029, 0.9946038183187441, 1.0, 0.9561077057524293, 0.9841957572130945, 1.0, 1.0, 1.0, 1.0, 1.0, 0.017622942732224638, 0.18948314656250437, 1.0, 0.0, 0.0, 1.0, 1.0, 0.0, 1.0, 1.0, 1.0, 0.44605373374672863, 1.0, 1.0, 0.14618833472230017, 0.45772067834165137, 0.5323308732309493, 1.0, 0.3017429960632773, 1.0, 0.3434713259879438, 0.8220257150176067, 0.8152064724314178, 0.07541393288803748, 0.0, 1.0, 0.5362123764905324, 0.7623063540206215, 0.5338769403744664, 0.9918764953807941, 1.0, 1.0, 1.0, 0.958177012392964, 1.0, 0.9436403640937959, 1.0, 0.0, 0.7079408326873118, 1.0, 1.0, 0.332506688280551, 1.0, 1.0, 1.0, 0.2657784693201897, 1.0, 1.0, 0.33406638609496436, 1.0, 1.0, 0.07050144733471257, 0.024193392531122557, 0.9914206678997424, 1.0, 0.03108261224437326, 0.5475812464780356, 0.9905652007030457, 1.0, 1.0, 1.0, 1.0, 0.9338439472414246, 1.0, 0.5396279884745974, 0.8797397876456291, 1.0, 0.959585859941509, 0.0, 1.0, 0.0, 0.0, 0.0, 0.0, 0.0, 0.0, 0.0, 0.0, 0.0, 0.0, 1.0, 0.0, 0.0, 0.0, 0.0, 0.0, 0.0, 0.0, 0.0, 0.0, 0.0
ul_er_perc:100.0, 100.0, 100.0, 100.0, 100.0, 100.0, 93.28512268011848, 100.0, 100.0, 100.0, 100.0, 100.0, 100.0, 84.79741849868518, 100.0, 100.0, 100.0, 100.0, 100.0, 100.0, 100.0, 39.69451788991855, 100.0, 100.0, 100.0, 100.0, 100.0, 100.0, 100.0, 100.0, 100.0, 100.0, 100.0, 100.0, 100.0, 100.0, 100.0, 100.0, 100.0, 100.0, 100.0, 100.0, 100.0, 100.0, 100.0, 100.0, 98.1195395059893, 100.0, 100.0, 100.0, 100.0, 100.0, 100.0, 100.0, 100.0, 100.0, 100.0, 100.0, 100.0, 100.0, 100.0, 100.0, 100.0, 100.0, 100.0, 100.0, 100.0, 100.0, 100.0, 100.0, 100.0, 100.0, 100.0, 46.85321236792256, 100.0, 100.0, 100.0, 100.0, 100.0, 100.0, 100.0, 100.0, 100.0, 71.39085905680295, 100.0, 100.0, 100.0, 100.0, 100.0, 100.0, 100.0, 100.0, 78.88543495301053, 100.0, 100.0, 99.86976209752063, 99.95183970631173, 100.0, 100.0, 100.0, 100.0, 100.0, 100.0, 100.0, 99.76936781664138, 100.0, 90.0355520058068, 100.0, 100.0, 100.0, 100.0, 100.0, 100.0, 100.0, 97.58366237874304, 100.0, 100.0, 100.0, 100.0, 100.0, 100.0, 93.39972366614818, 100.0, 100.0, 99.96505713056003, 100.0, 100.0, 100.0, 100.0, 100.0, 100.0, 100.0, 100.0, 100.0, 100.0, 100.0, 100.0, 75.38232924593888, 100.0, 19.078081634320142, 49.32811671461095, 0.0, 100.0, 100.0, 100.0, 100.0, 100.0, 100.0, 100.0, 100.0, 100.0, 100.0, 100.0, 0.0, 100.0, 100.0, 100.0, 100.0, 100.0, 100.0
dl_er_perc:0.0, 47.25398189665418, 100.0, 0.0, 0.0, 0.0, 0.0, 0.0, 0.0, 0.0, 0.0, 0.0, 0.0, 44.46808537059246, 0.0, 0.0, 0.0, 0.0, 0.0, 0.0, 0.0, 0.0, 0.0, 0.0, 100.0, 99.67913520934168, 100.0, 100.0, 96.0753208775483, 100.0, 87.82890286972047, 100.0, 54.01108348801637, 99.62171829604603, 98.77774542407039, 100.0, 100.0, 99.31966853546247, 100.0, 99.63614746829646, 100.0, 99.6353729248507, 100.0, 100.0, 100.0, 84.07127154824755, 9.084010361165925, 100.0, 100.0, 100.0, 100.0, 100.0, 99.6841990555365, 99.68254429963625, 94.08774128548417, 98.67891138895692, 100.0, 24.350548537820853, 100.0, 98.90604914258029, 99.46038183187441, 100.0, 95.61077057524294, 98.41957572130944, 100.0, 100.0, 100.0, 100.0, 100.0, 1.7622942732224638, 18.948314656250435, 100.0, 0.0, 0.0, 100.0, 100.0, 0.0, 100.0, 100.0, 100.0, 44.605373374672865, 100.0, 100.0, 14.618833472230017, 45.772067834165135, 53.23308732309493, 100.0, 30.174299606327732, 100.0, 34.347132598794374, 82.20257150176067, 81.52064724314178, 7.541393288803748, 0.0, 100.0, 53.62123764905324, 76.23063540206215, 53.38769403744664, 99.18764953807941, 100.0, 100.0, 100.0, 95.81770123929641, 100.0, 94.3640364093796, 100.0, 0.0, 70.79408326873119, 100.0, 100.0, 33.250668828055105, 100.0, 100.0, 100.0, 26.57784693201897, 100.0, 100.0, 33.40663860949643, 100.0, 100.0, 7.0501447334712575, 2.4193392531122555, 99.14206678997424, 100.0, 3.108261224437326, 54.75812464780356, 99.05652007030457, 100.0, 100.0, 100.0, 100.0, 93.38439472414247, 100.0, 53.96279884745974, 87.97397876456291, 100.0, 95.95858599415091, 0.0, 100.0, 0.0, 0.0, 0.0, 0.0, 0.0, 0.0, 0.0, 0.0, 0.0, 0.0, 100.0, 0.0, 0.0, 0.0, 0.0, 0.0, 0.0, 0.0, 0.0, 0.0, 0.0
ul_l:0.0, 0.0, 0.0, 0.0, 0.0, 0.0, 2.8670410318341002e-05, 0.0, 0.0, 0.0, 0.0, 0.0, 0.0, 3.4582244129025035e-05, 0.0, 0.0, 0.0, 0.0, 0.0, 0.0, 0.0, 2.9722125150669868e-05, 0.0, 0.0, 0.0, 0.0, 0.0, 0.0, 0.0, 0.0, 0.0, 0.0, 0.0, 0.0, 0.0, 0.0, 0.0, 0.0, 0.0, 0.0, 0.0, 0.0, 0.0, 0.0, 0.0, 0.0, 8.649755773244153e-06, 0.0, 0.0, 0.0, 0.0, 0.0, 0.0, 0.0, 0.0, 0.0, 0.0, 0.0, 0.0, 0.0, 0.0, 0.0, 0.0, 0.0, 0.0, 0.0, 0.0, 0.0, 0.0, 0.0, 0.0, 0.0, 0.0, 0.0006843690846572805, 0.0, 0.0, 0.0, 0.0, 0.0, 0.0, 0.0, 0.0, 0.0, 0.0001871563799127549, 0.0, 0.0, 0.0, 0.0, 0.0, 0.0, 0.0, 0.0, 0.00018334003349010982, 0.0, 0.0, 3.0831646446296134e-05, 1.369647839272716e-05, 0.0, 0.0, 0.0, 0.0, 0.0, 0.0, 0.0, 6.126748508587077e-05, 0.0, 0.0006210234074036182, 0.0, 0.0, 0.0, 0.0, 0.0, 0.0, 0.0, 0.0006528270432372313, 0.0, 0.0, 0.0, 0.0, 0.0, 0.0, 0.0004394619799753637, 0.0, 0.0, 1.0897624346679697e-05, 0.0, 0.0, 0.0, 0.0, 0.0, 0.0, 0.0, 0.0, 0.0, 0.0, 0.0, 0.0, 0.003322571708568796, 0.0, 0.00020865298018752195, 2.8964480986170003e-05, 0.00013997172830695776, 0.0, 0.0, 0.0, 0.0, 0.0, 0.0, 0.0, 0.0, 0.0, 0.0, 0.0, 0.00021268868231410598, 0.0, 0.0, 0.0, 0.0, 0.0, 0.0
dl_l:0.002713726310455161, 0.0005027839304166795, 0.0, 1.0654898008215538e-06, 4.0641450401107626e-07, 8.88664309056481e-07, 1.199000691248931e-06, 6.322359306918597e-08, 0.0, 0.0, 0.0, 0.0, 7.38678176283748e-07, 0.00032460667940984844, 0.0, 9.520869329519077e-07, 1.1807530388483934e-06, 0.0, 0.0, 0.0, 0.0, 1.4968078948975852e-06, 0.0, 0.0, 0.0, 2.3743195398460727e-05, 0.0, 0.0, 4.524997575996661e-05, 0.0, 5.335557280866963e-05, 0.0, 0.00019407819002473836, 5.367679090992385e-06, 2.207014999134666e-05, 0.0, 0.0, 2.001210599014538e-05, 0.0, 2.5784180942806537e-05, 0.0, 1.4748624716984974e-05, 0.0, 0.0, 0.0, 0.00010062013794182922, 0.00201941719955563, 0.0, 0.0, 0.0, 0.0, 0.0, 5.163456626929185e-06, 3.2914296865455873e-06, 5.6947889007207716e-05, 1.8660940283320434e-05, 0.0, 0.0008811115474391474, 0.0, 6.71236913273201e-05, 5.5343707792075585e-06, 0.0, 4.04410364168058e-05, 3.2368720787351875e-05, 0.0, 0.0, 0.0, 0.0, 0.0, 0.002342366364725285, 0.00104848737157764, 0.0, 0.003950873983806208, 0.005362695655008196, 0.0, 0.0, 0.003274375761150475, 0.0, 0.0, 0.0, 0.0016088400331482208, 0.0, 0.0, 0.0028700648349530185, 0.0007629793902487568, 0.0005002364725186682, 0.0, 0.0007027780376906906, 0.0, 0.0025432143728556377, 4.7790023642832776e-05, 2.754660938215802e-05, 0.0029755556992268066, 0.0038888790036201303, 0.0, 0.0005124600339875901, 0.00017358497056913218, 0.00042062954836860806, 1.3046974409288498e-05, 0.0, 0.0, 0.0, 8.88210067617506e-05, 0.0, 5.7118779486709626e-05, 0.0, 0.0005930618525104603, 0.0002795442420008348, 0.0, 0.0, 0.0007719371344755623, 0.0, 0.0, 0.0, 0.0005197388647497174, 0.0, 0.0, 0.0007721696658257745, 0.0, 0.0, 0.0006407193813817711, 0.0009280603345870364, 2.7302378272709685e-05, 0.0, 0.000769103519626078, 0.00062529044621344, 1.4721032742876341e-05, 0.0, 0.0, 0.0, 0.0, 8.518895297875373e-05, 0.0, 0.0005276376088721253, 0.00011046114806140783, 0.0, 7.971637629659417e-05, 0.0006644924468998304, 0.0, 1.4591886473884872e-06, 1.5488002560356717e-06, 1.473708057742916e-06, 0.0, 0.0, 4.668079839760557e-07, 0.0, 6.280999944007817e-07, 2.1693304302235616e-07, 0.0, 0.0, 0.0, 1.5137934193916196e-07, 0.0, 1.8233676660422689e-06, 2.8427317058272593e-08, 9.021401026183981e-08, 1.5650557885735229e-07, 0.0, 1.4866088182595594e-07, 1.460977623488211e-07
ul_il:0.0, 0.0, 0.0, 0.0, 0.0, 0.0, 3.337690002697805e-05, 0.0, 0.0, 0.0, 0.0, 0.0, 0.0, 0.9536764721251978, 0.0, 0.0, 0.0, 0.0, 0.0, 0.0, 0.0, 0.3038259693157592, 0.0, 0.0, 0.0, 0.0, 0.0, 0.0, 0.0, 0.0, 0.0, 0.0, 0.0, 0.0, 0.0, 0.0, 0.0, 0.0, 0.0, 0.0, 0.0, 0.0, 0.0, 0.0, 0.0, 0.0, 0.00047927093715908743, 0.0, 0.0, 0.0, 0.0, 0.0, 0.0, 0.0, 0.0, 0.0, 0.0, 0.0, 0.0, 0.0, 0.0, 0.0, 0.0, 0.0, 0.0, 0.0, 0.0, 0.0, 0.0, 0.0, 0.0, 0.0, 0.0, 0.7570777011137542, 0.0, 0.0, 0.0, 0.0, 0.0, 0.0, 0.0, 0.0, 0.0, 0.30756738160298586, 0.0, 0.0, 0.0, 0.0, 0.0, 0.0, 0.0, 0.0, 0.2781042043124597, 0.0, 0.0, 0.9659259297311881, 0.34782532605099337, 0.0, 0.0, 0.0, 0.0, 0.0, 0.0, 0.0, 1.4917624582109152, 0.0, 0.3584641728443378, 0.0, 0.0, 0.0, 0.0, 0.0, 0.0, 0.0, 0.7885105843423021, 0.0, 0.0, 0.0, 0.0, 0.0, 0.0, 0.9713836363993491, 0.0, 0.0, 0.20575715852243226, 0.0, 0.0, 0.0, 0.0, 0.0, 0.0, 0.0, 0.0, 0.0, 0.0, 0.0, 0.0, 0.9224874594365303, 0.0, 0.006652690668844072, 0.5700874844031941, 0.3543868195234703, 0.0, 0.0, 0.0, 0.0, 0.0, 0.0, 0.0, 0.0, 0.0, 0.0, 0.0, 0.31896356286275446, 0.0, 0.0, 0.0, 0.0, 0.0, 0.0
dl_il:0.034586116155356866, 0.9393155665030729, 0.0, 0.00025464422663330907, 4.238903118255487e-07, 0.00022765831397157635, 0.0004021829690286883, 0.0013175747953740279, 0.0, 0.0, 0.0, 0.0, 0.0005326608586319583, 0.3415492633193345, 0.0, 5.07060534598078e-05, 0.0002536557919630859, 0.0, 0.0, 0.0, 0.0, 0.00024973042989320766, 0.0, 0.0, 0.0, 0.06679451044998372, 0.0, 0.0, 0.11229822182548357, 0.0, 0.0031886901217728137, 0.0, 0.00673105084873814, 0.19764084227358797, 0.18703232342496387, 0.0, 0.0, 0.020382152164727982, 0.0, 0.01665499717779503, 0.0, 0.0017445204546951993, 0.0, 0.0, 0.0, 0.011760769639554402, 0.08166822784727117, 0.0, 0.0, 0.0, 0.0, 0.0, 0.22054839689294295, 0.08146539865629453, 0.01871099775901525, 0.05340827805545364, 0.0, 0.36715920796939705, 0.0, 0.18380984113065366, 0.12218645849140163, 0.0, 0.060205290268636746, 0.20545047219828463, 0.0, 0.0, 0.0, 0.0, 0.0, 0.08750683376410327, 0.12431436015774977, 0.0, 0.055314130376642845, 0.005370333822994736, 0.0, 0.0, 0.018704549415318284, 0.0, 0.0, 0.0, 0.3336630344800053, 0.0, 0.0, 0.04737713890390617, 0.030765518241704298, 0.10506995316729718, 0.0, 0.19265193435004507, 0.0, 0.006289202717825275, 0.532368313679878, 0.6921756612173716, 0.08296127621014568, 0.013176825919235762, 0.0, 0.24569442020105772, 0.13674813273847206, 0.03595929029364496, 0.6606716646306081, 0.0, 0.0, 0.0, 0.7773161889503098, 0.0, 0.6164509938088029, 0.0, 0.0008300880350390414, 0.11783780175598245, 0.0, 0.0, 0.10474477224617883, 0.0, 0.0, 0.0, 0.07075872072857557, 0.0, 0.0, 0.1724433375578709, 0.0, 0.0, 0.04831994410898412, 0.01851786191937259, 0.848678204410103, 0.0, 0.022681118839248594, 0.6141700767538996, 0.47771798393397064, 0.0, 0.0, 0.0, 0.0, 0.5679651456821662, 0.0, 0.128591058361348, 0.22796733199867858, 0.0, 1.2016645638079388, 0.009764294681935487, 0.0, 0.00020151292459927617, 0.0002277633705676051, 0.00019579517321551283, 0.0, 0.0, 0.00045448532224263955, 0.0, 0.0009697698907684163, 0.0010472916416296779, 0.0, 0.0, 0.0, 0.00044489910027487067, 0.0, 1.8584634765545465e-05, 0.00039768067658915994, 6.414489861342998e-05, 0.0017959999053095857, 0.0, 0.00021668191695799565, 0.0007355134234057499
sinr_ul:1.44942582e-05,2.44632982e-04,1.89425816e-03,6.98822511e-03,1.42766294e-02,2.64060993e-02,3.61203198e-02,3.11600258e-02,2.68340065e-02,1.90322591e-02,1.51196445e-02,1.11093735e-02,7.18087554e-03,7.43152782e-03,9.68172627e-03,1.04763969e-02,7.34099865e-03,6.27468261e-03,9.06459994e-03,6.47316217e-03,3.42429951e-03,1.68829583e-03,6.20681674e-04,5.74933397e-04,1.18194764e-04,8.59898947e-05,4.59301793e-05,3.81249427e-05,2.11998163e-05,3.05842904e-05,3.00468536e-05,1.61975196e-05,1.98107488e-05,2.02158935e-05,1.91658246e-05,1.10960037e-05,4.39044558e-06,1.38079927e-06,1.83555352e-06,6.44924210e-07
sinr_ul_bin_edges:-67.00779   ,-63.16011125,-59.3124325 ,-55.46475375,-51.617075  ,-47.76939625,-43.9217175 ,-40.07403875,-36.22636   ,-32.37868125,-28.5310025 ,-24.68332375,-20.835645  ,-16.98796625,-13.1402875 , -9.29260875, -5.44493   , -1.59725125,  2.2504275 ,  6.09810625,  9.945785  , 13.79346375, 17.6411425 , 21.48882125, 25.3365    , 29.18417875, 33.0318575 , 36.87953625, 40.727215  , 44.57489375, 48.4225725 , 52.27025125, 56.11793   , 59.96560875, 63.8132875 , 67.66096625, 71.508645  , 75.35632375, 79.2040025 , 83.05168125, 86.89936   
sinr_dl:1.32317974e-05,2.28786126e-04,1.72448522e-03,6.57568043e-03,1.34540562e-02,2.53297756e-02,3.54954560e-02,3.25983671e-02,2.75362727e-02,2.03751632e-02,1.57212053e-02,1.18606576e-02,9.52288831e-03,6.14922694e-03,1.00852270e-02,1.13952509e-02,8.28658810e-03,7.87109785e-03,8.44187829e-03,4.83369618e-03,4.11172411e-03,1.81507539e-03,6.65798069e-04,4.85975497e-04,1.59608029e-04,7.65066066e-05,4.70154687e-05,3.81942704e-05,2.37059161e-05,3.34800737e-05,2.81249485e-05,1.64870388e-05,2.00374446e-05,2.16397655e-05,1.69255687e-05,7.83450590e-06,1.08283160e-05,2.74081208e-06,1.50955496e-06,1.54328803e-06
sinr_dl_bin_edges:-4.52083700e+01,-4.14359773e+01,-3.76635845e+01,-3.38911918e+01,-3.01187990e+01,-2.63464063e+01,-2.25740135e+01,-1.88016208e+01,-1.50292280e+01,-1.12568353e+01,-7.48444250e+00,-3.71204975e+00, 6.03430000e-02, 3.83273575e+00, 7.60512850e+00, 1.13775213e+01, 1.51499140e+01, 1.89223068e+01, 2.26946995e+01, 2.64670923e+01, 3.02394850e+01, 3.40118778e+01, 3.77842705e+01, 4.15566632e+01, 4.53290560e+01, 4.91014488e+01, 5.28738415e+01, 5.66462343e+01, 6.04186270e+01, 6.41910198e+01, 6.79634125e+01, 7.17358053e+01, 7.55081980e+01, 7.92805908e+01, 8.30529835e+01, 8.68253763e+01, 9.05977690e+01, 9.43701618e+01, 9.81425545e+01, 1.01914947e+02, 1.05687340e+02
rsrp_ul:1.44944573e-05,2.47208264e-04,1.90916491e-03,6.98603058e-03,1.41984791e-02,2.64112673e-02,3.61319022e-02,3.12550799e-02,2.69331587e-02,1.90753263e-02,1.51536407e-02,1.10574012e-02,7.26341081e-03,7.38163329e-03,9.57039562e-03,1.04489814e-02,7.33488205e-03,6.32429076e-03,9.02534777e-03,6.56719702e-03,3.45476051e-03,1.65828339e-03,6.17743510e-04,5.65052187e-04,1.17924654e-04,8.53617638e-05,4.50966248e-05,3.83788740e-05,2.12204811e-05,3.00892358e-05,3.06435330e-05,1.62566259e-05,1.95493165e-05,1.98140555e-05,1.99133326e-05,1.11024895e-05,4.52538135e-06,1.38987946e-06,1.82835334e-06,6.45301180e-07
rsrp_ul_bin_edges:-177.44815   ,-173.60271897,-169.75728795,-165.91185692,-162.0664259 ,-158.22099488,-154.37556385,-150.53013283,-146.6847018 ,-142.83927077,-138.99383975,-135.14840872,-131.3029777 ,-127.45754668,-123.61211565,-119.76668462,-115.9212536 ,-112.07582258,-108.23039155,-104.38496052,-100.5395295 , -96.69409848, -92.84866745, -89.00323642, -85.1578054 , -81.31237438, -77.46694335, -73.62151232, -69.7760813 , -65.93065028, -62.08521925, -58.23978822, -54.3943572 , -50.54892618, -46.70349515, -42.85806412, -39.0126331 , -35.16720208, -31.32177105, -27.47634003, -23.630909  
rsrp_dl:1.31636428e-05,2.31359461e-04,1.74551592e-03,6.55149441e-03,1.33903022e-02,2.52887586e-02,3.55234994e-02,3.26741698e-02,2.76507887e-02,2.03806269e-02,1.57680696e-02,1.18594127e-02,9.63446175e-03,6.03934432e-03,9.95946872e-03,1.14380918e-02,8.31596260e-03,7.90715554e-03,8.46466113e-03,4.85038047e-03,4.13659882e-03,1.77434092e-03,6.63717622e-04,4.74616830e-04,1.56647350e-04,7.66950960e-05,4.72794172e-05,3.78370349e-05,2.36017365e-05,3.30525570e-05,2.89093848e-05,1.65136212e-05,1.97623407e-05,2.09690080e-05,1.80071883e-05,7.81380338e-06,1.08178142e-05,2.89431378e-06,1.50200540e-06,1.53575833e-06
rsrp_dl_bin_edges:-170.15327   ,-166.38309675,-162.6129235 ,-158.84275025,-155.072577  ,-151.30240375,-147.5322305 ,-143.76205725,-139.991884  ,-136.22171075,-132.4515375 ,-128.68136425,-124.911191  ,-121.14101775,-117.3708445 ,-113.60067125,-109.830498  ,-106.06032475,-102.2901515 , -98.51997825, -94.749805  , -90.97963175, -87.2094585 , -83.43928525, -79.669112  , -75.89893875, -72.1287655 , -68.35859225, -64.588419  , -60.81824575, -57.0480725 , -53.27789925, -49.507726  , -45.73755275, -41.9673795 , -38.19720625, -34.427033  , -30.65685975, -26.8866865 , -23.11651325, -19.34634   
cqi_ul:2.40999145e+00,0.00000000e+00,8.74086004e-02,0.00000000e+00,0.00000000e+00,9.16786649e-02,0.00000000e+00,0.00000000e+00,3.36579456e-02,0.00000000e+00,1.43970560e-02,0.00000000e+00,0.00000000e+00,9.35447237e-03,0.00000000e+00,0.00000000e+00,3.14454154e-03,0.00000000e+00,3.51400354e-03,0.00000000e+00,0.00000000e+00,2.97936530e-03,0.00000000e+00,0.00000000e+00,4.00868388e-03,0.00000000e+00,1.78639754e-03,0.00000000e+00,0.00000000e+00,4.40978981e-04,0.00000000e+00,0.00000000e+00,6.36272097e-04,0.00000000e+00,6.28721668e-04,0.00000000e+00,0.00000000e+00,2.83522846e-04,0.00000000e+00,2.75599138e-03
cqi_ul_bin_edges: 0.   , 0.375, 0.75 , 1.125, 1.5  , 1.875, 2.25 , 2.625, 3.   , 3.375, 3.75 , 4.125, 4.5  , 4.875, 5.25 , 5.625, 6.   , 6.375, 6.75 , 7.125, 7.5  , 7.875, 8.25 , 8.625, 9.   , 9.375, 9.75 ,10.125,10.5  ,10.875,11.25 ,11.625,12.   ,12.375,12.75 ,13.125,13.5  ,13.875,14.25 ,14.625,15.   
cqi_dl:1.93420165,0.        ,0.11138272,0.        ,0.        ,0.07748155,0.        ,0.        ,0.09011622,0.        ,0.06503641,0.        ,0.        ,0.04563436,0.        ,0.        ,0.02551222,0.        ,0.04028509,0.        ,0.        ,0.03769954,0.        ,0.        ,0.04728833,0.        ,0.04739242,0.        ,0.        ,0.02431552,0.        ,0.        ,0.03038063,0.        ,0.022372  ,0.        ,0.        ,0.01649378,0.        ,0.05107423
cqi_dl_bin_edges: 0.   , 0.375, 0.75 , 1.125, 1.5  , 1.875, 2.25 , 2.625, 3.   , 3.375, 3.75 , 4.125, 4.5  , 4.875, 5.25 , 5.625, 6.   , 6.375, 6.75 , 7.125, 7.5  , 7.875, 8.25 , 8.625, 9.   , 9.375, 9.75 ,10.125,10.5  ,10.875,11.25 ,11.625,12.   ,12.375,12.75 ,13.125,13.5  ,13.875,14.25 ,14.625,15.   
mcs_ul:1.33789288e+00,3.10772108e-02,1.80363597e-02,0.00000000e+00,1.06566941e-02,7.37434816e-03,0.00000000e+00,4.41513753e-03,3.29757104e-03,0.00000000e+00,2.86317899e-03,2.14814550e-03,1.05139419e-03,0.00000000e+00,6.33181633e-04,1.06575576e-03,0.00000000e+00,8.16746133e-04,7.15078941e-04,0.00000000e+00,8.81009614e-04,8.90099216e-04,1.25741001e-03,0.00000000e+00,5.34968490e-04,4.22030192e-04,0.00000000e+00,1.18119370e-04,1.18073922e-04,0.00000000e+00,1.70748162e-04,1.70157338e-04,1.92154173e-04,0.00000000e+00,1.44661006e-04,6.80811144e-05,0.00000000e+00,8.38061248e-05,0.00000000e+00,1.47642395e-03
mcs_ul_bin_edges: 0. , 0.7, 1.4, 2.1, 2.8, 3.5, 4.2, 4.9, 5.6, 6.3, 7. , 7.7, 8.4, 9.1, 9.8,10.5,11.2,11.9,12.6,13.3,14. ,14.7,15.4,16.1,16.8,17.5,18.2,18.9,19.6,20.3,21. ,21.7,22.4,23.1,23.8,24.5,25.2,25.9,26.6,27.3,28. 
mcs_dl:1.09584877,0.01527875,0.02622922,0.        ,0.02709223,0.02118431,0.        ,0.01865895,0.01618199,0.        ,0.01355173,0.01089525,0.00652947,0.        ,0.00713779,0.01250629,0.        ,0.00907501,0.00991998,0.        ,0.0102762 ,0.01444556,0.01088748,0.        ,0.01257328,0.01281552,0.        ,0.00760799,0.0054159 ,0.        ,0.00881209,0.00746552,0.00543531,0.        ,0.00654969,0.00499714,0.        ,0.00383881,0.        ,0.02736119
mcs_dl_bin_edges: 0. , 0.7, 1.4, 2.1, 2.8, 3.5, 4.2, 4.9, 5.6, 6.3, 7. , 7.7, 8.4, 9.1, 9.8,10.5,11.2,11.9,12.6,13.3,14. ,14.7,15.4,16.1,16.8,17.5,18.2,18.9,19.6,20.3,21. ,21.7,22.4,23.1,23.8,24.5,25.2,25.9,26.6,27.3,28. 
eff_ul:4.88096674e+00,1.77029039e-01,1.17489526e-01,6.81876944e-02,4.02883628e-02,0.00000000e+00,2.78792288e-02,1.66917301e-02,0.00000000e+00,1.24666934e-02,1.08244445e-02,8.12121133e-03,3.97486783e-03,2.39378658e-03,4.02916273e-03,0.00000000e+00,3.08776475e-03,2.70340497e-03,0.00000000e+00,3.33071725e-03,0.00000000e+00,3.36508111e-03,4.75372475e-03,0.00000000e+00,2.02248505e-03,0.00000000e+00,1.59551408e-03,4.46558377e-04,4.46386558e-04,6.45525134e-04,0.00000000e+00,6.43291483e-04,0.00000000e+00,7.26452027e-04,0.00000000e+00,5.46900852e-04,0.00000000e+00,2.57385321e-04,3.16834801e-04,5.58172198e-03
eff_ul_bin_edges:0.        ,0.18515734,0.37031467,0.55547201,0.74062934,0.92578668,1.11094401,1.29610135,1.48125868,1.66641602,1.85157335,2.03673069,2.22188802,2.40704536,2.59220269,2.77736003,2.96251736,3.1476747 ,3.33283203,3.51798937,3.7031467 ,3.88830403,4.07346137,4.2586187 ,4.44377604,4.62893337,4.81409071,4.99924804,5.18440538,5.36956271,5.55472005,5.73987738,5.92503472,6.11019206,6.29534939,6.48050673,6.66566406,6.8508214 ,7.03597873,7.22113607,7.4062934 
eff_dl:3.91734748,0.22558393,0.05776238,0.09916137,0.10242405,0.        ,0.08008874,0.07054143,0.        ,0.06117711,0.05123324,0.04119023,0.0246851 ,0.0269849 ,0.04728088,0.        ,0.0343087 ,0.03750316,0.        ,0.03884988,0.        ,0.05461241,0.04116085,0.        ,0.04753415,0.        ,0.04844994,0.02876255,0.02047519,0.03331473,0.        ,0.02822389,0.        ,0.02054855,0.        ,0.02476156,0.        ,0.01889204,0.01451289,0.10344087
eff_dl_bin_edges:0.        ,0.18515734,0.37031467,0.55547201,0.74062934,0.92578668,1.11094401,1.29610135,1.48125868,1.66641602,1.85157335,2.03673069,2.22188802,2.40704536,2.59220269,2.77736003,2.96251736,3.1476747 ,3.33283203,3.51798937,3.7031467 ,3.88830403,4.07346137,4.2586187 ,4.44377604,4.62893337,4.81409071,4.99924804,5.18440538,5.36956271,5.55472005,5.73987738,5.92503472,6.11019206,6.29534939,6.48050673,6.66566406,6.8508214 ,7.03597873,7.22113607,7.4062934 
rul:1.65239687e-01,1.58220440e-04,1.64940737e-04,2.44532111e-04,1.18755216e-04,5.21708688e-05,4.39753842e-05,2.83299397e-05,2.14457326e-05,1.71682184e-05,1.06435552e-05,1.27902434e-05,7.93640155e-06,7.01639231e-06,5.69453995e-06,5.70511477e-05,1.05748188e-07,9.14721830e-07,5.39315761e-07,4.70579439e-07,3.06669747e-07,3.91268297e-07,5.28740942e-07,4.91729076e-07,2.11496377e-08,4.07130526e-07,4.49429801e-07,5.28740942e-08,3.01382337e-07,3.17244565e-07,4.03958080e-06,0.00000000e+00,0.00000000e+00,0.00000000e+00,0.00000000e+00,0.00000000e+00,0.00000000e+00,0.00000000e+00,0.00000000e+00,5.28740942e-09
rul_bin_edges:  0.      ,  6.016858, 12.033716, 18.050574, 24.067432, 30.08429 , 36.101148, 42.118006, 48.134864, 54.151722, 60.16858 , 66.185438, 72.202296, 78.219154, 84.236012, 90.25287 , 96.269728,102.286586,108.303444,114.320302,120.33716 ,126.354018,132.370876,138.387734,144.404592,150.42145 ,156.438308,162.455166,168.472024,174.488882,180.50574 ,186.522598,192.539456,198.556314,204.573172,210.59003 ,216.606888,222.623746,228.640604,234.657462,240.67432 
rdl:5.67505724e-02,1.55264530e-04,1.32307334e-04,7.84693882e-05,3.85932029e-05,1.70063413e-05,7.17560235e-06,3.67424325e-06,2.21837668e-06,1.50500206e-06,1.25568491e-06,8.33483610e-07,8.31663777e-07,8.75339774e-07,1.89808604e-06,4.95540583e-06,2.84257947e-06,4.13102139e-07,6.24202791e-07,3.62146809e-07,1.40127157e-07,5.27751631e-08,4.91354967e-08,4.18561638e-08,6.36941624e-08,6.18743291e-08,4.00363306e-08,2.72974982e-08,7.27933284e-08,1.03730493e-07,1.09189993e-07,2.51136983e-07,1.81983321e-07,2.72974982e-08,1.09189993e-08,1.45586657e-08,1.27388325e-08,5.09553299e-08,9.09916605e-09,1.09189993e-08
rdl_bin_edges:  0.       , 17.4815975, 34.963195 , 52.4447925, 69.92639  , 87.4079875,104.889585 ,122.3711825,139.85278  ,157.3343775,174.815975 ,192.2975725,209.77917  ,227.2607675,244.742365 ,262.2239625,279.70556  ,297.1871575,314.668755 ,332.1503525,349.63195  ,367.1135475,384.595145 ,402.0767425,419.55834  ,437.0399375,454.521535 ,472.0031325,489.48473  ,506.9663275,524.447925 ,541.9295225,559.41112  ,576.8927175,594.374315 ,611.8559125,629.33751  ,646.8191075,664.300705 ,681.7823025,699.2639   
lul:3.55436684e+03,0.00000000e+00,0.00000000e+00,0.00000000e+00,0.00000000e+00,0.00000000e+00,0.00000000e+00,0.00000000e+00,0.00000000e+00,0.00000000e+00,0.00000000e+00,0.00000000e+00,0.00000000e+00,0.00000000e+00,0.00000000e+00,0.00000000e+00,0.00000000e+00,2.22263067e-01,2.82778773e+00,4.73621977e+00,6.90450934e+00,6.46978056e+00,4.07022802e+00,1.01197480e+00,2.34338867e-01,7.21130301e-02,1.79997769e-02,2.27845277e-03,2.05060749e-03,7.97458469e-04,9.11381107e-04,1.13922638e-03,2.27845277e-04,1.13922638e-04,0.00000000e+00,2.27845277e-04,0.00000000e+00,2.27845277e-04,0.00000000e+00,3.41767915e-04
lul_bin_edges:0.        ,0.00027926,0.00055851,0.00083777,0.00111702,0.00139628,0.00167554,0.00195479,0.00223405,0.0025133 ,0.00279256,0.00307182,0.00335107,0.00363033,0.00390959,0.00418884,0.0044681 ,0.00474735,0.00502661,0.00530587,0.00558512,0.00586438,0.00614363,0.00642289,0.00670215,0.0069814 ,0.00726066,0.00753991,0.00781917,0.00809843,0.00837768,0.00865694,0.0089362 ,0.00921545,0.00949471,0.00977396,0.01005322,0.01033248,0.01061173,0.01089099,0.01117024
ldl:2.02322529e+03,0.00000000e+00,0.00000000e+00,0.00000000e+00,0.00000000e+00,0.00000000e+00,0.00000000e+00,0.00000000e+00,0.00000000e+00,0.00000000e+00,6.08984388e+00,3.04729018e+01,4.71515038e+01,2.33546028e+01,2.31483825e+00,3.26736030e-01,2.83646232e-02,9.77154482e-03,7.05722682e-03,3.05360776e-03,2.03573850e-04,2.03573850e-04,6.78579502e-04,3.39289751e-04,0.00000000e+00,3.39289751e-04,0.00000000e+00,0.00000000e+00,1.35715900e-04,0.00000000e+00,6.78579502e-05,0.00000000e+00,0.00000000e+00,0.00000000e+00,6.78579502e-05,0.00000000e+00,6.78579502e-05,0.00000000e+00,0.00000000e+00,6.78579502e-05
ldl_bin_edges:0.        ,0.00046883,0.00093765,0.00140648,0.00187531,0.00234413,0.00281296,0.00328178,0.00375061,0.00421944,0.00468826,0.00515709,0.00562592,0.00609474,0.00656357,0.00703239,0.00750122,0.00797005,0.00843887,0.0089077 ,0.00937653,0.00984535,0.01031418,0.010783  ,0.01125183,0.01172066,0.01218948,0.01265831,0.01312714,0.01359596,0.01406479,0.01453362,0.01500244,0.01547127,0.01594009,0.01640892,0.01687775,0.01734657,0.0178154 ,0.01828423,0.01875305
ilul:1.34128048e-01,2.75104371e-05,5.38424045e-06,4.45342013e-06,1.90006899e-06,3.15539547e-06,3.82575689e-06,1.05891485e-06,1.19127921e-06,1.29375484e-06,1.52005519e-06,2.97179330e-06,1.62253083e-07,2.04524280e-06,1.58837228e-06,3.03157075e-07,3.20236347e-07,3.24506165e-07,3.15966529e-07,1.92568790e-06,6.29371168e-06,1.24678684e-06,1.22970757e-06,1.30229448e-06,1.15712067e-06,5.33727245e-07,2.68998532e-07,1.92141808e-07,2.01108426e-06,9.39359952e-08,0.00000000e+00,0.00000000e+00,0.00000000e+00,0.00000000e+00,2.81807985e-07,5.16647973e-07,5.33727245e-07,3.41585437e-06,5.16647973e-07,4.74803757e-06
ilul_bin_edges:  0.       ,  7.4508075, 14.901615 , 22.3524225, 29.80323  , 37.2540375, 44.704845 , 52.1556525, 59.60646  , 67.0572675, 74.508075 , 81.9588825, 89.40969  , 96.8604975,104.311305 ,111.7621125,119.21292  ,126.6637275,134.114535 ,141.5653425,149.01615  ,156.4669575,163.917765 ,171.3685725,178.81938  ,186.2701875,193.720995 ,201.1718025,208.62261  ,216.0734175,223.524225 ,230.9750325,238.42584  ,245.8766475,253.327455 ,260.7782625,268.22907  ,275.6798775,283.130685 ,290.5814925,298.0323   
ildl:1.36830602e-01,4.98704828e-05,1.93807600e-05,1.56545289e-05,9.86252754e-06,6.39342815e-06,4.32329974e-06,5.36490119e-06,2.50594491e-06,3.32963811e-06,4.49762635e-06,1.38589649e-06,7.32171731e-07,1.74762419e-06,6.49366595e-07,1.09389943e-06,1.94809978e-06,8.80349343e-07,1.19413723e-06,2.11371006e-06,1.27694236e-06,9.71870809e-07,8.75991178e-07,1.46434346e-06,1.15927191e-06,9.84945305e-07,2.59310821e-06,2.26624583e-06,1.33795667e-06,1.30744952e-08,1.61252107e-07,3.26862380e-07,4.17512213e-06,1.56022309e-06,5.18621643e-07,3.70444030e-07,4.09667516e-07,2.35340913e-06,2.15729171e-06,2.15729171e-06
ildl_bin_edges:  0.       ,  7.2997675, 14.599535 , 21.8993025, 29.19907  , 36.4988375, 43.798605 , 51.0983725, 58.39814  , 65.6979075, 72.997675 , 80.2974425, 87.59721  , 94.8969775,102.196745 ,109.4965125,116.79628  ,124.0960475,131.395815 ,138.6955825,145.99535  ,153.2951175,160.594885 ,167.8946525,175.19442  ,182.4941875,189.793955 ,197.0937225,204.39349  ,211.6932575,218.993025 ,226.2927925,233.59256  ,240.8923275,248.192095 ,255.4918625,262.79163  ,270.0913975,277.391165 ,284.6909325,291.9907   
eul:2.06766566e-02,7.81784896e-06,8.51077473e-06,9.50394584e-06,8.51212414e-06,8.25640957e-06,9.34741344e-06,9.68274363e-06,1.05821302e-05,1.50331831e-05,2.63797582e-05,4.54186865e-05,7.00678171e-05,9.03967883e-05,7.78053757e-05,5.13412789e-05,2.56200363e-05,1.23370474e-05,6.84289498e-06,4.91390299e-06,4.88691465e-06,6.23700663e-06,5.89897760e-06,6.13580033e-06,3.94637081e-06,2.32302183e-06,9.58086262e-07,9.37170295e-07,5.35718657e-07,6.09936606e-07,1.59905947e-07,5.33019822e-08,1.87569001e-07,7.96156190e-08,7.96156190e-08,2.63136368e-08,2.69883454e-08,2.63136368e-08,2.63136368e-08,2.63136368e-08
eul_bin_edges:   0.    ,  47.1516,  94.3032, 141.4548, 188.6064, 235.758 , 282.9096, 330.0612, 377.2128, 424.3644, 471.516 , 518.6676, 565.8192, 612.9708, 660.1224, 707.274 , 754.4256, 801.5772, 848.7288, 895.8804, 943.032 , 990.1836,1037.3352,1084.4868,1131.6384,1178.79  ,1225.9416,1273.0932,1320.2448,1367.3964,1414.548 ,1461.6996,1508.8512,1556.0028,1603.1544,1650.306 ,1697.4576,1744.6092,1791.7608,1838.9124,1886.064 
edl:6.78635517e-02,1.06194760e-04,1.76921770e-04,2.87268371e-04,2.85015347e-04,2.81542776e-04,1.31370338e-04,1.01347957e-04,2.56192336e-04,2.12055490e-04,2.86346985e-05,3.55596640e-05,1.37288729e-05,1.34195025e-05,1.68248189e-05,1.31146157e-05,2.98833893e-05,8.77446254e-06,2.00956265e-05,3.95299177e-05,1.28119707e-04,2.03202563e-04,1.09355719e-04,7.05050707e-06,5.70541828e-06,7.24106132e-06,5.88700527e-06,6.14481396e-06,6.06186681e-06,2.23015721e-05,3.72881031e-05,7.54818993e-06,0.00000000e+00,0.00000000e+00,0.00000000e+00,0.00000000e+00,0.00000000e+00,0.00000000e+00,0.00000000e+00,2.64534129e-07
edl_bin_edges:  0.   , 14.191, 28.382, 42.573, 56.764, 70.955, 85.146, 99.337,113.528,127.719,141.91 ,156.101,170.292,184.483,198.674,212.865,227.056,241.247,255.438,269.629,283.82 ,298.011,312.202,326.393,340.584,354.775,368.966,383.157,397.348,411.539,425.73 ,439.921,454.112,468.303,482.494,496.685,510.876,525.067,539.258,553.449,567.64 
gul:2.12017068e-02,2.24677976e-07,1.79472497e-07,7.69167844e-08,7.01696981e-08,8.29891622e-08,7.15191154e-08,8.70374140e-08,1.05254547e-07,2.15232055e-07,3.11715390e-07,5.15477397e-07,8.84543021e-07,1.09370270e-06,9.73604561e-07,6.38274369e-07,2.61786951e-07,1.31568184e-07,6.61214463e-08,5.19525649e-08,7.89409103e-08,7.82662017e-08,6.54467376e-08,7.15191154e-08,4.79043131e-08,5.19525649e-08,1.34941727e-08,7.42179499e-09,4.04825181e-09,1.07953382e-08,2.02412591e-09,6.74708635e-10,1.34941727e-09,1.34941727e-09,1.34941727e-09,6.74708635e-10,0.00000000e+00,6.74708635e-10,6.74708635e-10,6.74708635e-10
gul_bin_edges:   0.    ,  47.1516,  94.3032, 141.4548, 188.6064, 235.758 , 282.9096, 330.0612, 377.2128, 424.3644, 471.516 , 518.6676, 565.8192, 612.9708, 660.1224, 707.274 , 754.4256, 801.5772, 848.7288, 895.8804, 943.032 , 990.1836,1037.3352,1084.4868,1131.6384,1178.79  ,1225.9416,1273.0932,1320.2448,1367.3964,1414.548 ,1461.6996,1508.8512,1556.0028,1603.1544,1650.306 ,1697.4576,1744.6092,1791.7608,1838.9124,1886.064 
gdl:7.03180461e-02,3.37607928e-05,5.50476099e-05,9.15013404e-05,9.38069995e-05,7.78295028e-05,3.79375482e-05,1.87897703e-05,1.58491544e-05,9.16859733e-06,2.73121527e-06,2.68167962e-06,1.25865567e-06,6.77737671e-07,1.04024852e-06,5.85421244e-07,1.03349366e-06,4.34562693e-07,6.75486051e-07,1.01773232e-06,1.89586418e-06,4.84773822e-06,2.21559425e-06,2.43174978e-07,2.83704141e-07,1.73374753e-07,1.46355311e-07,2.27413637e-07,1.08077768e-07,3.69265708e-07,8.62370525e-07,1.64368272e-07,0.00000000e+00,0.00000000e+00,0.00000000e+00,0.00000000e+00,0.00000000e+00,0.00000000e+00,0.00000000e+00,4.50324034e-09
gdl_bin_edges:  0.    , 14.1292, 28.2584, 42.3876, 56.5168, 70.646 , 84.7752, 98.9044,113.0336,127.1628,141.292 ,155.4212,169.5504,183.6796,197.8088,211.938 ,226.0672,240.1964,254.3256,268.4548,282.584 ,296.7132,310.8424,324.9716,339.1008,353.23  ,367.3592,381.4884,395.6176,409.7468,423.876 ,438.0052,452.1344,466.2636,480.3928,494.522 ,508.6512,522.7804,536.9096,551.0388,565.168 
ri:37.88359378, 0.        , 0.        , 0.        , 0.        , 0.        , 0.        , 0.        , 0.        , 0.        , 0.        , 0.        , 0.        , 0.        , 0.        , 0.        , 0.        , 0.        , 0.        , 0.        , 0.        , 0.        , 0.        , 0.        , 0.        , 0.        , 0.        , 0.        , 0.        , 0.        , 0.        , 0.        , 0.        , 0.        , 0.        , 0.        , 0.        , 0.        , 0.        , 2.11640622
ri_bin_edges:1.   ,1.025,1.05 ,1.075,1.1  ,1.125,1.15 ,1.175,1.2  ,1.225,1.25 ,1.275,1.3  ,1.325,1.35 ,1.375,1.4  ,1.425,1.45 ,1.475,1.5  ,1.525,1.55 ,1.575,1.6  ,1.625,1.65 ,1.675,1.7  ,1.725,1.75 ,1.775,1.8  ,1.825,1.85 ,1.875,1.9  ,1.925,1.95 ,1.975,2.   
