period:1
ue_log_freq:1000
mac_log_freq:1000
mimo_layers:2
frequency:2412000000.0
bandwidth:50000000
ue_speed:5.555555555555555
max_distance:1000
shannon_cfg_bandwidth_mhz:50.0
shannon_cfg_mimo_layers:2
shannon_cfg_bw_efficiency:0.67
shannon_cfg_sinr_offset_db:0
shannon_cfg_ul_divisor:2
shannon_cfg_sinr_sample_rate:1000
n_ue:3
sinr_period:9.463597741343282
sinr_rate:105.66805852612856
ul_fairness:0.9988752719714429
dl_fairness:0.9959086628817668
ul_agg_throughput:1.5527792690613789
dl_agg_throughput:1.39121784823774
ul_ave_throughput:0.5175930896871263
dl_ave_throughput:0.4637392827459133
ul_se:0.031055585381227577
dl_se:0.0278243569647548
ul_ase:9.885299848069543e-09
dl_ase:8.856767898588262e-09
ul_gr:0.09999899211299887, 0.09999899211299887, 0.19238604828911712
dl_gr:0.09999899211299887, 0.09999899211299887, 0.19999798417235828
ul_tr:0.04883852927737723, 0.05532397449896501, 0.08758110949630503
dl_tr:0.07884423637355627, 0.0824411923801462, 0.17195625678293217
ul_er:0.0, 0.0, 0.007609921903380967
dl_er:0.0, 0.0, 0.0
ul_er_ratio:0.0, 0.0, 0.0799436857809492
dl_er_ratio:0.0, 0.0, 0.0
ul_er_perc:0.0, 0.0, 7.994368578094919
dl_er_perc:0.0, 0.0, 0.0
ul_l:0.002412966034859651, 0.002534256392206078, 0.0024913987026979733
dl_l:0.005049036573569265, 0.0052994451102638986, 0.0054475921702332964
ul_il:0.05439265654712453, 0.06246261099830502, 0.06873985219957801
dl_il:0.011816817616598835, 0.013936140167098331, 0.02413698390565594
sinr_ul:0.00317524,0.00666744,0.09090974,0.02952616,0.01696774,0.02241985,0.03145043,0.02114263,0.02029115,0.02669976,0.03430496,0.03725701,0.04389444,0.01872322,0.01092672,0.00574281,0.00403422,0.00386543,0.00422365,0.00415426,0.00109155,0.00109717,0.00184363,0.01796176,0.01295415,0.01855817,0.01528541,0.00779275,0.00812096,0.00851482,0.00802343,0.00363849,0.00517641,0.00260133,0.00181549,0.00209495,0.00448997,0.00170859,0.00180612,0.00170671
sinr_ul_bin_edges:-19.666536  ,-17.88925973,-16.11198345,-14.33470718,-12.5574309 ,-10.78015463, -9.00287835, -7.22560208, -5.4483258 , -3.67104953, -1.89377325, -0.11649698,  1.6607793 ,  3.43805557,  5.21533185,  6.99260812,  8.7698844 , 10.54716067, 12.32443695, 14.10171322, 15.8789895 , 17.65626577, 19.43354205, 21.21081832, 22.9880946 , 24.76537087, 26.54264715, 28.31992342, 30.0971997 , 31.87447597, 33.65175225, 35.42902852, 37.2063048 , 38.98358107, 40.76085735, 42.53813362, 44.3154099 , 46.09268617, 47.86996245, 49.64723872, 51.424515  
sinr_dl:0.00320393,0.00674738,0.09111868,0.02935119,0.01694254,0.0225269 ,0.03142586,0.02115754,0.02030779,0.02682444,0.03412519,0.03744542,0.04373697,0.01867394,0.01090048,0.00571004,0.00402929,0.00386422,0.00423001,0.00413622,0.00109174,0.00109174,0.00187959,0.01797613,0.01301829,0.01857264,0.01520177,0.00777909,0.00813925,0.00851441,0.00800044,0.00364475,0.00516793,0.00260366,0.00181393,0.00212345,0.00446074,0.00170889,0.00180643,0.00170326
sinr_dl_bin_edges:-7.341812  ,-5.56484333,-3.78787465,-2.01090597,-0.2339373 , 1.54303138, 3.32000005, 5.09696873, 6.8739374 , 8.65090608,10.42787475,12.20484342,13.9818121 ,15.75878078,17.53574945,19.31271813,21.0896868 ,22.86665548,24.64362415,26.42059283,28.1975615 ,29.97453018,31.75149885,33.52846753,35.3054362 ,37.08240488,38.85937355,40.63634223,42.4133109 ,44.19027958,45.96724825,47.74421693,49.5211856 ,51.29815428,53.07512295,54.85209163,56.6290603 ,58.40602898,60.18299765,61.95996633,63.736935  
rsrp_ul:0.00311502,0.00652431,0.09051373,0.02980826,0.01699768,0.02222875,0.03151946,0.02109107,0.02027951,0.02650581,0.03456889,0.03702417,0.04396082,0.01891318,0.01096443,0.00577273,0.00404278,0.00386473,0.00422459,0.00416274,0.00109269,0.00109457,0.0018424 ,0.01794981,0.01296052,0.01853833,0.01528836,0.00778756,0.00813617,0.00854289,0.00795812,0.00365481,0.00515797,0.00260148,0.00181241,0.00226598,0.00431455,0.00170933,0.00180679,0.00168684
rsrp_ul_bin_edges:-137.52284,-135.74438,-133.96592,-132.18746,-130.409  ,-128.63054,-126.85208,-125.07362,-123.29516,-121.5167 ,-119.73824,-117.95978,-116.18132,-114.40286,-112.6244 ,-110.84594,-109.06748,-107.28902,-105.51056,-103.7321 ,-101.95364,-100.17518, -98.39672, -96.61826, -94.8398 , -93.06134, -91.28288, -89.50442, -87.72596, -85.9475 , -84.16904, -82.39058, -80.61212, -78.83366, -77.0552 , -75.27674, -73.49828, -71.71982, -69.94136, -68.1629 , -66.38444
rsrp_dl:0.00311502,0.00652431,0.09051373,0.02980826,0.01699768,0.02222875,0.03151946,0.02109107,0.02027951,0.02650581,0.03456889,0.03702417,0.04396082,0.01891318,0.01096443,0.00577273,0.00404278,0.00386473,0.00422459,0.00416274,0.00109269,0.00109457,0.0018424 ,0.01794981,0.01296052,0.01853833,0.01528836,0.00778756,0.00813617,0.00854289,0.00795812,0.00365481,0.00515797,0.00260148,0.00181241,0.00226598,0.00431455,0.00170933,0.00180679,0.00168684
rsrp_dl_bin_edges:-131.50224,-129.72378,-127.94532,-126.16686,-124.3884 ,-122.60994,-120.83148,-119.05302,-117.27456,-115.4961 ,-113.71764,-111.93918,-110.16072,-108.38226,-106.6038 ,-104.82534,-103.04688,-101.26842, -99.48996, -97.7115 , -95.93304, -94.15458, -92.37612, -90.59766, -88.8192 , -87.04074, -85.26228, -83.48382, -81.70536, -79.9269 , -78.14844, -76.36998, -74.59152, -72.81306, -71.0346 , -69.25614, -67.47768, -65.69922, -63.92076, -62.1423 , -60.36384
cqi_ul:1.7766489 ,0.        ,0.1934914 ,0.        ,0.        ,0.05245281,0.        ,0.        ,0.03703074,0.        ,0.01165322,0.        ,0.        ,0.00559994,0.        ,0.        ,0.0034133 ,0.        ,0.05710165,0.        ,0.        ,0.06510157,0.        ,0.        ,0.06543935,0.        ,0.11443441,0.        ,0.        ,0.0307108 ,0.        ,0.        ,0.03943961,0.        ,0.05281725,0.        ,0.        ,0.03849739,0.        ,0.12283433
cqi_ul_bin_edges: 0.   , 0.375, 0.75 , 1.125, 1.5  , 1.875, 2.25 , 2.625, 3.   , 3.375, 3.75 , 4.125, 4.5  , 4.875, 5.25 , 5.625, 6.   , 6.375, 6.75 , 7.125, 7.5  , 7.875, 8.25 , 8.625, 9.   , 9.375, 9.75 ,10.125,10.5  ,10.875,11.25 ,11.625,12.   ,12.375,12.75 ,13.125,13.5  ,13.875,14.25 ,14.625,15.   
cqi_dl:0.78259662,0.        ,0.29291263,0.        ,0.        ,0.34154325,0.        ,0.        ,0.33054781,0.        ,0.13798973,0.        ,0.        ,0.06687933,0.        ,0.        ,0.02407976,0.        ,0.02556419,0.        ,0.        ,0.01956425,0.        ,0.        ,0.02139534,0.        ,0.02191089,0.        ,0.        ,0.00599994,0.        ,0.        ,0.00600883,0.        ,0.00699549,0.        ,0.        ,0.07315482,0.        ,0.50952379
cqi_dl_bin_edges: 0.   , 0.375, 0.75 , 1.125, 1.5  , 1.875, 2.25 , 2.625, 3.   , 3.375, 3.75 , 4.125, 4.5  , 4.875, 5.25 , 5.625, 6.   , 6.375, 6.75 , 7.125, 7.5  , 7.875, 8.25 , 8.625, 9.   , 9.375, 9.75 ,10.125,10.5  ,10.875,11.25 ,11.625,12.   ,12.375,12.75 ,13.125,13.5  ,13.875,14.25 ,14.625,15.   
mcs_ul:1.05543230e+00,1.66093577e-02,1.14903613e-02,0.00000000e+00,1.02570403e-02,9.58085657e-03,0.00000000e+00,4.80947571e-03,1.43331900e-03,0.00000000e+00,1.54284171e-03,1.45712829e-03,9.38085857e-04,0.00000000e+00,8.90467286e-04,2.54759357e-03,0.00000000e+00,2.80425767e-02,1.93664730e-02,0.00000000e+00,1.55093687e-02,2.14140716e-02,1.36427207e-02,0.00000000e+00,4.38757517e-02,1.74283971e-02,0.00000000e+00,8.17134686e-03,8.28086957e-03,0.00000000e+00,1.03522774e-02,1.07760827e-02,1.53712749e-02,0.00000000e+00,1.29236803e-02,1.31808206e-02,0.00000000e+00,7.44278272e-03,0.00000000e+00,6.58041039e-02
mcs_ul_bin_edges: 0. , 0.7, 1.4, 2.1, 2.8, 3.5, 4.2, 4.9, 5.6, 6.3, 7. , 7.7, 8.4, 9.1, 9.8,10.5,11.2,11.9,12.6,13.3,14. ,14.7,15.4,16.1,16.8,17.5,18.2,18.9,19.6,20.3,21. ,21.7,22.4,23.1,23.8,24.5,25.2,25.9,26.6,27.3,28. 
mcs_dl:0.57616567,0.07071834,0.11225126,0.        ,0.07758018,0.09949901,0.        ,0.04856618,0.02535689,0.        ,0.02236644,0.01346177,0.00824754,0.        ,0.00465233,0.00777135,0.        ,0.00592375,0.00522852,0.        ,0.00525233,0.00549518,0.00596661,0.        ,0.00583804,0.00589994,0.        ,0.00215236,0.00106189,0.        ,0.00161903,0.00159998,0.00162856,0.        ,0.00211903,0.01971885,0.        ,0.01947123,0.        ,0.27295918
mcs_dl_bin_edges: 0. , 0.7, 1.4, 2.1, 2.8, 3.5, 4.2, 4.9, 5.6, 6.3, 7. , 7.7, 8.4, 9.1, 9.8,10.5,11.2,11.9,12.6,13.3,14. ,14.7,15.4,16.1,16.8,17.5,18.2,18.9,19.6,20.3,21. ,21.7,22.4,23.1,23.8,24.5,25.2,25.9,26.6,27.3,28. 
eff_ul:3.59825196e+00,3.91878668e-01,6.27927597e-02,4.34400600e-02,3.87774095e-02,0.00000000e+00,3.62210529e-02,1.81825365e-02,0.00000000e+00,5.41875592e-03,5.83281369e-03,5.50876848e-03,3.54649474e-03,3.36646963e-03,9.63134359e-03,0.00000000e+00,1.06016790e-01,7.32162138e-02,0.00000000e+00,5.86341796e-02,0.00000000e+00,8.09572937e-02,5.15771951e-02,0.00000000e+00,1.65875140e-01,0.00000000e+00,6.58891916e-02,3.08923095e-02,3.13063673e-02,3.91374597e-02,0.00000000e+00,4.07396832e-02,0.00000000e+00,5.81121067e-02,0.00000000e+00,4.88588159e-02,0.00000000e+00,4.98309515e-02,2.81379253e-02,2.48776705e-01
eff_ul_bin_edges:0.       ,0.1851575,0.370315 ,0.5554725,0.74063  ,0.9257875,1.110945 ,1.2961025,1.48126  ,1.6664175,1.851575 ,2.0367325,2.22189  ,2.4070475,2.592205 ,2.7773625,2.96252  ,3.1476775,3.332835 ,3.5179925,3.70315  ,3.8883075,4.073465 ,4.2586225,4.44378  ,4.6289375,4.814095 ,4.9992525,5.18441  ,5.3695675,5.554725 ,5.7398825,5.92504  ,6.1101975,6.295355 ,6.4805125,6.66567  ,6.8508275,7.035985 ,7.2211425,7.4063   
eff_dl:1.58499511,0.59323676,0.2673553 ,0.4243732 ,0.29329692,0.        ,0.37616248,0.18360761,0.        ,0.09586337,0.0845578 ,0.0508931 ,0.03118035,0.01758845,0.0293801 ,0.        ,0.02239512,0.01976676,0.        ,0.01985677,0.        ,0.0207749 ,0.02255715,0.        ,0.02207108,0.        ,0.02230511,0.00813714,0.00401456,0.00612085,0.        ,0.00604884,0.        ,0.00615686,0.        ,0.00801112,0.        ,0.0745484 ,0.07361227,1.03193996
eff_dl_bin_edges:0.       ,0.1851575,0.370315 ,0.5554725,0.74063  ,0.9257875,1.110945 ,1.2961025,1.48126  ,1.6664175,1.851575 ,2.0367325,2.22189  ,2.4070475,2.592205 ,2.7773625,2.96252  ,3.1476775,3.332835 ,3.5179925,3.70315  ,3.8883075,4.073465 ,4.2586225,4.44378  ,4.6289375,4.814095 ,4.9992525,5.18441  ,5.3695675,5.554725 ,5.7398825,5.92504  ,6.1101975,6.295355 ,6.4805125,6.66567  ,6.8508275,7.035985 ,7.2211425,7.4063   
rul:8.42491964e+00,9.87086242e-01,1.18350246e+00,0.00000000e+00,3.44841657e-01,3.68027382e-05,1.32489858e-03,3.68027382e-05,3.68027382e-05,3.68027382e-05,7.36054765e-05,3.68027382e-05,1.32489858e-03,6.62449288e-04,3.68027382e-05,0.00000000e+00,5.52041074e-04,3.49626013e-03,1.36538159e-02,9.20068456e-04,4.56353954e-02,0.00000000e+00,0.00000000e+00,3.68027382e-05,6.25646550e-04,0.00000000e+00,0.00000000e+00,0.00000000e+00,0.00000000e+00,0.00000000e+00,0.00000000e+00,0.00000000e+00,2.20816429e-04,0.00000000e+00,0.00000000e+00,1.72972870e-03,1.14088489e-03,5.15238335e-03,6.25646550e-04,2.31857251e-02
rul_bin_edges:0.        ,0.09057207,0.18114413,0.27171619,0.36228826,0.45286033,0.54343239,0.63400446,0.72457652,0.81514859,0.90572065,0.99629272,1.08686478,1.17743685,1.26800891,1.35858098,1.44915304,1.53972511,1.63029717,1.72086924,1.8114413 ,1.90201337,1.99258543,2.0831575 ,2.17372956,2.26430163,2.35487369,2.44544576,2.53601782,2.62658989,2.71716195,2.80773402,2.89830608,2.98887815,3.07945021,3.17002228,3.26059434,3.35116641,3.44173847,3.53231054,3.6228826 
rdl:5.85074062e+00,2.30587874e+00,2.74245593e+00,0.00000000e+00,8.02130366e-01,7.87405876e-05,6.85043112e-03,3.93702938e-05,7.87405876e-05,3.93702938e-05,0.00000000e+00,7.87405876e-05,3.93702938e-05,9.29138934e-03,3.93702938e-05,2.36221763e-03,4.33073232e-03,1.49213414e-02,1.46457493e-02,2.33072139e-02,3.93702938e-05,0.00000000e+00,0.00000000e+00,3.93702938e-05,0.00000000e+00,7.87405876e-05,2.44095822e-03,7.87405876e-05,0.00000000e+00,0.00000000e+00,0.00000000e+00,1.57481175e-03,2.08662557e-03,1.57481175e-04,2.04725528e-03,6.02365495e-03,4.33073232e-03,3.03151262e-03,2.79529086e-03,9.17327846e-03
rdl_bin_edges:0.        ,0.08466536,0.16933072,0.25399607,0.33866143,0.42332679,0.50799215,0.5926575 ,0.67732286,0.76198822,0.84665358,0.93131893,1.01598429,1.10064965,1.18531501,1.26998036,1.35464572,1.43931108,1.52397644,1.60864179,1.69330715,1.77797251,1.86263787,1.94730322,2.03196858,2.11663394,2.2012993 ,2.28596465,2.37063001,2.45529537,2.53996073,2.62462608,2.70929144,2.7939568 ,2.87862216,2.96328751,3.04795287,3.13261823,3.21728359,3.30194894,3.3866143 
lul:2762.73123197,   0.        ,   0.        ,   0.        ,   0.        ,   0.        ,   0.        ,   0.        ,   0.        ,   0.        ,   0.        ,   0.        ,   0.        ,   0.        ,   0.        ,   0.        ,   0.        ,   0.        ,   0.        ,   0.        ,   0.        ,   0.        ,   0.        ,   0.        ,   0.        ,   0.        ,   0.        ,   0.        ,   0.        ,   0.        ,   0.        ,   0.        ,   0.        ,   0.        ,   0.        ,   0.        , 287.82448231,  56.90592226, 293.48490172, 219.82703458
lul_bin_edges:0.        ,0.00027618,0.00055237,0.00082855,0.00110474,0.00138092,0.0016571 ,0.00193329,0.00220947,0.00248566,0.00276184,0.00303802,0.00331421,0.00359039,0.00386658,0.00414276,0.00441895,0.00469513,0.00497131,0.0052475 ,0.00552368,0.00579987,0.00607605,0.00635223,0.00662842,0.0069046 ,0.00718079,0.00745697,0.00773315,0.00800934,0.00828552,0.00856171,0.00883789,0.00911407,0.00939026,0.00966644,0.00994263,0.01021881,0.01049499,0.01077118,0.01104736
ldl:1793.49604661,   0.        ,   0.        ,   0.        ,   0.        ,   0.        ,   0.        ,   0.        ,   0.        ,   0.        ,   0.        ,   0.        ,   0.        ,   0.        ,   0.        ,   0.        ,   0.        ,   0.        ,   0.        ,   0.        ,   0.        ,   0.        ,   0.        ,   0.        ,   0.        ,   0.        ,   0.        ,   0.        ,   0.        ,   0.        ,   0.        ,   0.        ,   0.        ,   0.        ,   0.        ,   0.        , 677.10202559, 124.60164187, 606.2683336 , 419.30552517
ldl_bin_edges:0.        ,0.00027618,0.00055237,0.00082855,0.00110474,0.00138092,0.0016571 ,0.00193329,0.00220947,0.00248566,0.00276184,0.00303802,0.00331421,0.00359039,0.00386658,0.00414276,0.00441895,0.00469513,0.00497131,0.0052475 ,0.00552368,0.00579987,0.00607605,0.00635223,0.00662842,0.0069046 ,0.00718079,0.00745697,0.00773315,0.00800934,0.00828552,0.00856171,0.00883789,0.00911407,0.00939026,0.00966644,0.00994263,0.01021881,0.01049499,0.01077118,0.01104736
ilul:2.12217838e+00,2.70129642e-03,1.37559422e-03,5.77321927e-04,0.00000000e+00,0.00000000e+00,0.00000000e+00,6.41468807e-05,3.06479541e-04,1.42548624e-04,1.35421193e-04,1.49676055e-04,1.42548624e-04,2.49460092e-04,2.99352110e-04,2.99352110e-04,5.20302477e-04,5.77321927e-04,5.63067064e-04,5.70194495e-04,5.91576789e-04,6.69978532e-04,7.84017431e-04,7.62635138e-04,8.26782018e-04,6.20086514e-04,7.76890000e-04,5.20302477e-04,2.63714954e-04,9.97840367e-05,0.00000000e+00,0.00000000e+00,0.00000000e+00,0.00000000e+00,0.00000000e+00,2.56587523e-04,3.06479541e-04,2.92224679e-04,3.27861835e-04,2.99352110e-04
ilul_bin_edges: 0.      , 0.467672, 0.935344, 1.403016, 1.870688, 2.33836 , 2.806032, 3.273704, 3.741376, 4.209048, 4.67672 , 5.144392, 5.612064, 6.079736, 6.547408, 7.01508 , 7.482752, 7.950424, 8.418096, 8.885768, 9.35344 , 9.821112,10.288784,10.756456,11.224128,11.6918  ,12.159472,12.627144,13.094816,13.562488,14.03016 ,14.497832,14.965504,15.433176,15.900848,16.36852 ,16.836192,17.303864,17.771536,18.239208,18.70688 
ildl:1.02004368e+01,5.21428078e-03,4.76832256e-03,4.59680016e-03,4.66540912e-03,4.90554047e-03,5.00845391e-03,4.42527777e-03,4.11653746e-03,3.80779715e-03,3.36183893e-03,3.53336132e-03,3.46475236e-03,3.39614340e-03,3.29322997e-03,3.29322997e-03,2.98448966e-03,2.16118217e-03,1.98965977e-03,1.23496124e-03,1.40648363e-03,1.40648363e-03,1.37217915e-03,1.50939707e-03,1.30357020e-03,1.40648363e-03,1.40648363e-03,1.40648363e-03,1.44078811e-03,1.30357020e-03,1.09774332e-03,9.60525407e-04,1.06343884e-03,1.09774332e-03,5.14567182e-04,5.14567182e-04,3.77349267e-04,3.43044788e-04,3.77349267e-04,4.80262704e-04
ildl_bin_edges:0.        ,0.09716807,0.19433614,0.29150421,0.38867228,0.48584035,0.58300842,0.68017649,0.77734456,0.87451263,0.9716807 ,1.06884877,1.16601684,1.26318491,1.36035298,1.45752105,1.55468912,1.65185719,1.74902526,1.84619333,1.9433614 ,2.04052947,2.13769754,2.23486561,2.33203368,2.42920175,2.52636982,2.62353789,2.72070596,2.81787403,2.9150421 ,3.01221017,3.10937824,3.20654631,3.30371438,3.40088245,3.49805052,3.59521859,3.69238666,3.78955473,3.8867228 
eul:1.72306603e+02,0.00000000e+00,0.00000000e+00,0.00000000e+00,0.00000000e+00,0.00000000e+00,0.00000000e+00,0.00000000e+00,0.00000000e+00,0.00000000e+00,0.00000000e+00,0.00000000e+00,0.00000000e+00,0.00000000e+00,0.00000000e+00,0.00000000e+00,0.00000000e+00,0.00000000e+00,0.00000000e+00,0.00000000e+00,0.00000000e+00,0.00000000e+00,0.00000000e+00,0.00000000e+00,0.00000000e+00,0.00000000e+00,0.00000000e+00,0.00000000e+00,0.00000000e+00,1.16345555e-03,2.90863887e-03,3.49036664e-03,5.81727774e-03,2.86210065e-01,9.66249833e-01,7.93476684e-01,1.41941577e-01,5.23554997e-03,4.07209442e-03,2.90863887e-03
eul_bin_edges:0.        ,0.00573   ,0.01146   ,0.01719   ,0.02292   ,0.02865   ,0.03438   ,0.04011   ,0.04584   ,0.05157   ,0.0573    ,0.06303   ,0.06876   ,0.07449   ,0.08022   ,0.08595   ,0.09168   ,0.09741   ,0.10314   ,0.10887   ,0.11459999,0.12032999,0.12605999,0.13178999,0.13751999,0.14324999,0.14897999,0.15470999,0.16043999,0.16616999,0.17189999,0.17762999,0.18335999,0.18908999,0.19481999,0.20054999,0.20627999,0.21200999,0.21773999,0.22346999,0.22919999
edl: 0., 0., 0., 0., 0., 0., 0., 0., 0., 0., 0., 0., 0., 0., 0., 0., 0., 0., 0., 0.,40., 0., 0., 0., 0., 0., 0., 0., 0., 0., 0., 0., 0., 0., 0., 0., 0., 0., 0., 0.
edl_bin_edges:-0.5  ,-0.475,-0.45 ,-0.425,-0.4  ,-0.375,-0.35 ,-0.325,-0.3  ,-0.275,-0.25 ,-0.225,-0.2  ,-0.175,-0.15 ,-0.125,-0.1  ,-0.075,-0.05 ,-0.025, 0.   , 0.025, 0.05 , 0.075, 0.1  , 0.125, 0.15 , 0.175, 0.2  , 0.225, 0.25 , 0.275, 0.3  , 0.325, 0.35 , 0.375, 0.4  , 0.425, 0.45 , 0.475, 0.5  
gul:1.92663728e+00,0.00000000e+00,0.00000000e+00,0.00000000e+00,0.00000000e+00,0.00000000e+00,0.00000000e+00,0.00000000e+00,0.00000000e+00,0.00000000e+00,2.02324734e-03,5.05811836e-03,1.61859788e-02,2.17499090e-01,3.34270810e+01,6.68804642e+01,5.62462762e-01,4.45114416e-02,6.06974203e-03,0.00000000e+00,1.51743551e-03,5.05811836e-04,5.05811836e-04,2.02324734e-03,5.05811836e-04,7.08136571e-03,3.03487102e-02,7.23310926e-02,1.04652469e+00,1.50514428e+01,2.21636630e+01,9.98624308e+00,2.05359605e-01,6.52497269e-02,1.71976024e-02,3.03487102e-03,1.01162367e-03,2.02324734e-03,0.00000000e+00,5.05811836e-04
gul_bin_edges:0.     ,0.00659,0.01318,0.01977,0.02636,0.03295,0.03954,0.04613,0.05272,0.05931,0.0659 ,0.07249,0.07908,0.08567,0.09226,0.09885,0.10544,0.11203,0.11862,0.12521,0.1318 ,0.13839,0.14498,0.15157,0.15816,0.16475,0.17134,0.17793,0.18452,0.19111,0.1977 ,0.20429,0.21088,0.21747,0.22406,0.23065,0.23724,0.24383,0.25042,0.25701,0.2636 
gdl:1.51743551e-03,0.00000000e+00,0.00000000e+00,0.00000000e+00,0.00000000e+00,0.00000000e+00,0.00000000e+00,0.00000000e+00,0.00000000e+00,0.00000000e+00,2.02324734e-03,5.05811836e-03,1.61859788e-02,2.17499090e-01,3.34270810e+01,6.68804642e+01,5.62462762e-01,4.45114416e-02,6.06974203e-03,0.00000000e+00,1.51743551e-03,5.05811836e-04,5.05811836e-04,2.02324734e-03,5.05811836e-04,7.58717754e-03,3.33835812e-02,7.53659636e-02,1.07130947e+00,1.56422310e+01,2.31201532e+01,1.03200789e+01,2.11935159e-01,6.92962216e-02,1.92208498e-02,3.03487102e-03,1.01162367e-03,2.02324734e-03,0.00000000e+00,5.05811836e-04
gdl_bin_edges:0.     ,0.00659,0.01318,0.01977,0.02636,0.03295,0.03954,0.04613,0.05272,0.05931,0.0659 ,0.07249,0.07908,0.08567,0.09226,0.09885,0.10544,0.11203,0.11862,0.12521,0.1318 ,0.13839,0.14498,0.15157,0.15816,0.16475,0.17134,0.17793,0.18452,0.19111,0.1977 ,0.20429,0.21088,0.21747,0.22406,0.23065,0.23724,0.24383,0.25042,0.25701,0.2636 
ri: 0., 0., 0., 0., 0., 0., 0., 0., 0., 0., 0., 0., 0., 0., 0., 0., 0., 0., 0., 0.,40., 0., 0., 0., 0., 0., 0., 0., 0., 0., 0., 0., 0., 0., 0., 0., 0., 0., 0., 0.
ri_bin_edges:0.5  ,0.525,0.55 ,0.575,0.6  ,0.625,0.65 ,0.675,0.7  ,0.725,0.75 ,0.775,0.8  ,0.825,0.85 ,0.875,0.9  ,0.925,0.95 ,0.975,1.   ,1.025,1.05 ,1.075,1.1  ,1.125,1.15 ,1.175,1.2  ,1.225,1.25 ,1.275,1.3  ,1.325,1.35 ,1.375,1.4  ,1.425,1.45 ,1.475,1.5  
