period:1.0
ue_log_freq:1000
mac_log_freq:1000
mimo_layers:1
frequency:28000000000.0
bandwidth:300000000.0
ue_speed:0.27778
max_distance:10.0
shannon_cfg_bandwidth_mhz:300.0
shannon_cfg_mimo_layers:1
shannon_cfg_bw_efficiency:0.67
shannon_cfg_sinr_offset_db:0.0
shannon_cfg_ul_divisor:2.0
shannon_cfg_sinr_sample_rate:1000
n_ue:20
sinr_period:16.304296531427745
sinr_rate:61.33352629304954
ul_fairness:0.9999953472496187
dl_fairness:0.9999950948335725
ul_agg_throughput:227.775048914739
dl_agg_throughput:426.6937588616705
ul_ave_throughput:11.38875244573695
dl_ave_throughput:21.334687943083527
ul_se:0.75925016304913
dl_se:1.4223125295389016
ul_ase:0.0024167683298519306
dl_ase:0.004527361393953071
ul_gr:21.615336391149874, 21.633478391638626, 21.631594826775945, 21.631780927495914, 21.633641934695568, 21.641049307291766, 21.631902174934677, 21.622504088576424, 21.62530123879166, 21.63957741977931, 21.628797676560705, 21.639707126341712, 21.62598642780608, 21.63335996390774, 21.62486136436265, 21.626491155516288, 21.627167885407076, 21.633168223772014, 21.625154613981994, 21.641985450307352
dl_gr:40.33621162847529, 40.35281124875463, 40.361118108164, 40.350513186833844, 40.353654341410234, 40.35076132112712, 40.35294941444066, 40.33630467883527, 40.32883527266575, 40.35229806192079, 40.335137319773665, 40.335393913190586, 40.33786961670771, 40.35584525443164, 40.33723800214298, 40.36462300505668, 40.36634866627817, 40.334793315412526, 40.338549166306365, 40.33770043423501
ul_tr:21.405231701035774, 21.421337682576088, 21.42133782638119, 21.421337538770985, 21.42133782638119, 21.429390960956447, 21.42133739496588, 21.413284116585523, 21.41328469180593, 21.4264050106209, 21.418183616369348, 21.42744212963137, 21.413284116585523, 21.421337682576088, 21.413284260390622, 21.413284404195725, 21.41328440419573, 21.421337682576088, 21.41328469180593, 21.429390960956447
dl_tr:40.11318291858562, 40.12826873432712, 40.13848157377296, 40.14821939432674, 40.12873622008759, 40.1277764738613, 40.13083373291726, 40.10360926668797, 40.10780393029682, 40.12734108577551, 40.11225375265522, 40.11225527003402, 40.11318253924093, 40.143355308758004, 40.113183677275025, 40.143354929413306, 40.143355308758004, 40.11318253924093, 40.113183677275025, 40.11318329793032
ul_er:260.35241460984645, 260.3342726093577, 260.3361561742204, 260.3359700735004, 260.3341090663007, 260.32670169370454, 260.33584882606164, 260.34524691241984, 260.34244976220464, 260.32817358121696, 260.3389533244356, 260.32804387465455, 260.34804124292725, 260.33439103708855, 260.34288963663363, 260.34125984548, 260.3405831155892, 260.3345827772243, 260.34259638701434, 260.33204222042593
dl_er:241.63153937252102, 241.61493975224167, 241.60663289283232, 241.6235144838995, 241.6140966595861, 241.61698967986916, 241.61480158655561, 241.63772299189802, 241.63891572833055, 241.6154529390755, 241.63261368122264, 241.6323570878057, 241.6298813842886, 241.61818241630166, 241.63051299885328, 241.60312799593964, 241.60140233471813, 241.63295768558376, 241.6292018346899, 241.6300505667613
ul_er_ratio:0.9240296333345361, 0.9239719214095473, 0.9239724291899918, 0.9239723799169424, 0.9239718768079739, 0.9239434691223458, 0.923972347671865, 0.924001292743888, 0.9240005363748822, 0.9239536581172647, 0.9239835276262438, 0.9239502221110065, 0.9240020464509694, 0.9239719533657132, 0.9240006564391496, 0.9240002163542022, 0.9240000338142933, 0.9239720051042107, 0.9240005759247466, 0.9239449107033701
dl_er_ratio:0.8576257876548986, 0.8575714781205095, 0.8575361931305804, 0.857515092654121, 0.8575696289771256, 0.857574012743271, 0.8575636009856455, 0.8576580548363406, 0.8576458885523403, 0.8575745611359412, 0.857629158898275, 0.8576290246179116, 0.8576249509726053, 0.857527199656578, 0.8576252666856069, 0.8575195881325374, 0.8575187142982941, 0.8576265055229085, 0.8576246041063937, 0.8576250341571828
ul_er_perc:92.40296333345361, 92.39719214095473, 92.39724291899918, 92.39723799169424, 92.39718768079739, 92.39434691223458, 92.3972347671865, 92.4001292743888, 92.40005363748823, 92.39536581172646, 92.39835276262438, 92.39502221110065, 92.40020464509693, 92.39719533657133, 92.40006564391496, 92.40002163542022, 92.40000338142933, 92.39720051042107, 92.40005759247467, 92.39449107033701
dl_er_perc:85.76257876548986, 85.75714781205095, 85.75361931305804, 85.7515092654121, 85.75696289771257, 85.75740127432711, 85.75636009856456, 85.76580548363407, 85.76458885523402, 85.75745611359412, 85.7629158898275, 85.76290246179116, 85.76249509726053, 85.7527199656578, 85.7625266685607, 85.75195881325374, 85.75187142982941, 85.76265055229085, 85.76246041063938, 85.76250341571829
ul_l:0.00018633925037126153, 0.00018547551464180313, 0.00018625206130420887, 0.00018771813439103708, 0.0001891794696148279, 0.00018963082600898548, 0.00018849936908660266, 0.00018920622631539373, 0.00019094234808165873, 0.00018754809860706433, 0.0001873622377558885, 0.00019059251033704908, 0.00018672794536909976, 0.00018743961567193638, 0.00018695962838317955, 0.0001862971561648213, 0.00018685403740436492, 0.00018709428531120176, 0.00018630687316202043, 0.00018728636014248926
dl_l:0.0001823687533620317, 0.00018421414228433932, 0.00019002073514295918, 0.00018657393644002483, 0.00018562106265578886, 0.00019189543096979152, 0.00018646131788822677, 0.00018644568351410792, 0.0001911137087899694, 0.00019094794679775176, 0.00019551876732522514, 0.000193450197702878, 0.00018466561557982597, 0.0001855402597044946, 0.0001861820375904656, 0.00018585639269131716, 0.00018613772212718762, 0.00018617142331710436, 0.00018568666100907946, 0.0001889062681109837
ul_il:0.04774260912483787, 0.047747371851006644, 0.04777544071067917, 0.0477217631911198, 0.047785610250559246, 0.047798210982085455, 0.047741314757260754, 0.04768645428146324, 0.04777286754073726, 0.04775015565126793, 0.04774263457678064, 0.04777314611894092, 0.04773704213077805, 0.04777092469267064, 0.047721539429178325, 0.047722961426546605, 0.04773015082715191, 0.04773913469156156, 0.047750303079459364, 0.04779332385168337
dl_il:0.026095240638964602, 0.026098961533526328, 0.026082713562306147, 0.0260724942702784, 0.02606099996862981, 0.026058717456986295, 0.02610310169458804, 0.026067780691969474, 0.026089823512985694, 0.026088978345239395, 0.026032578332644697, 0.02607024346800948, 0.02606826869421208, 0.026110550658946935, 0.026087688388198582, 0.026113801486437205, 0.02611622456446792, 0.02605735105908228, 0.026087774046656763, 0.026087552459330414
sinr_ul:0.00633835,0.01889733,0.02274185,0.02582893,0.05400918,0.07172464,0.08490785,0.08778272,0.09969269,0.08849215,0.08578147,0.08626629,0.08413182,0.08139326,0.079313  ,0.07415651,0.0514379 ,0.03245074,0.01878115,0.01643448,0.01498465,0.01587375,0.01636787,0.01615721,0.01712067,0.01781305,0.01857204,0.01993513,0.0235566 ,0.02545098,0.02943801,0.04020174,0.03794955,0.02690236,0.03007308,0.03858772,0.03543713,0.02968739,0.01659247,0.00673798
sinr_ul_bin_edges:49.977524 ,50.5843195,51.191115 ,51.7979105,52.404706 ,53.0115015,53.618297 ,54.2250925,54.831888 ,55.4386835,56.045479 ,56.6522745,57.25907  ,57.8658655,58.472661 ,59.0794565,59.686252 ,60.2930475,60.899843 ,61.5066385,62.113434 ,62.7202295,63.327025 ,63.9338205,64.540616 ,65.1474115,65.754207 ,66.3610025,66.967798 ,67.5745935,68.181389 ,68.7881845,69.39498  ,70.0017755,70.608571 ,71.2153665,71.822162 ,72.4289575,73.035753 ,73.6425485,74.249344 
sinr_dl:0.00665454,0.01953705,0.02254788,0.0257464 ,0.05495191,0.07184886,0.08432961,0.08783837,0.09966142,0.08858604,0.08597076,0.08637096,0.08420552,0.08049201,0.07981414,0.07461616,0.05096384,0.03246764,0.0190872 ,0.01635248,0.01499365,0.01583749,0.01635869,0.01615704,0.01717616,0.01776405,0.01854584,0.0199357 ,0.0235034 ,0.025416  ,0.02932186,0.04043912,0.03759272,0.02710523,0.02971896,0.03871577,0.0355886 ,0.02954678,0.01784626,0.00675071
sinr_dl_bin_edges:35.270897  ,35.87682657,36.48275615,37.08868572,37.6946153 ,38.30054487,38.90647445,39.51240402,40.1183336 ,40.72426317,41.33019275,41.93612232,42.5420519 ,43.14798147,43.75391105,44.35984062,44.9657702 ,45.57169977,46.17762935,46.78355892,47.3894885 ,47.99541807,48.60134765,49.20727722,49.8132068 ,50.41913637,51.02506595,51.63099553,52.2369251 ,52.84285467,53.44878425,54.05471382,54.6606434 ,55.26657298,55.87250255,56.47843212,57.0843617 ,57.69029127,58.29622085,58.90215043,59.50808   
rsrp_ul:0.00667047,0.01956774,0.02253377,0.02576041,0.05502049,0.07178663,0.08427126,0.08791674,0.09959627,0.0886505 ,0.08597921,0.0863934 ,0.08424954,0.08035585,0.07979119,0.07471077,0.05089255,0.03250068,0.01911787,0.0163473 ,0.01499304,0.01584313,0.01634419,0.01615339,0.01716947,0.01776981,0.01855631,0.01995555,0.02348314,0.02543619,0.02927559,0.04044164,0.03756093,0.02712398,0.02971305,0.03878333,0.03559082,0.02949277,0.01791563,0.00674493
rsrp_ul_bin_edges:-105.84109   ,-105.23519812,-104.62930625,-104.02341437,-103.4175225 ,-102.81163062,-102.20573875,-101.59984687,-100.993955  ,-100.38806312, -99.78217125, -99.17627937, -98.5703875 , -97.96449562, -97.35860375, -96.75271187, -96.14682   , -95.54092812, -94.93503625, -94.32914437, -93.7232525 , -93.11736062, -92.51146875, -91.90557687, -91.299685  , -90.69379312, -90.08790125, -89.48200937, -88.8761175 , -88.27022562, -87.66433375, -87.05844187, -86.45255   , -85.84665812, -85.24076625, -84.63487437, -84.0289825 , -83.42309063, -82.81719875, -82.21130687, -81.605415  
rsrp_dl:0.00667047,0.01956774,0.02253377,0.02576042,0.0550205 ,0.07178664,0.08427127,0.08791676,0.09959629,0.08865051,0.08597922,0.08639341,0.08424956,0.08035587,0.0797912 ,0.07471079,0.05089257,0.03250069,0.01911787,0.0163473 ,0.01499304,0.01584314,0.0163442 ,0.01615339,0.01716947,0.01776982,0.01855631,0.01995556,0.02348315,0.0254362 ,0.02927715,0.0404401 ,0.03756094,0.02712398,0.02971306,0.03878179,0.03559237,0.02949277,0.01791563,0.00674493
rsrp_dl_bin_edges:-115.84109   ,-115.23519825,-114.6293065 ,-114.02341475,-113.417523  ,-112.81163125,-112.2057395 ,-111.59984775,-110.993956  ,-110.38806425,-109.7821725 ,-109.17628075,-108.570389  ,-107.96449725,-107.3586055 ,-106.75271375,-106.146822  ,-105.54093025,-104.9350385 ,-104.32914675,-103.723255  ,-103.11736325,-102.5114715 ,-101.90557975,-101.299688  ,-100.69379625,-100.0879045 , -99.48201275, -98.876121  , -98.27022925, -97.6643375 , -97.05844575, -96.452554  , -95.84666225, -95.2407705 , -94.63487875, -94.028987  , -93.42309525, -92.8172035 , -92.21131175, -91.60542   
cqi_ul: 0., 0., 0., 0., 0., 0., 0., 0., 0., 0., 0., 0., 0., 0., 0., 0., 0., 0., 0., 0.,40., 0., 0., 0., 0., 0., 0., 0., 0., 0., 0., 0., 0., 0., 0., 0., 0., 0., 0., 0.
cqi_ul_bin_edges:14.5  ,14.525,14.55 ,14.575,14.6  ,14.625,14.65 ,14.675,14.7  ,14.725,14.75 ,14.775,14.8  ,14.825,14.85 ,14.875,14.9  ,14.925,14.95 ,14.975,15.   ,15.025,15.05 ,15.075,15.1  ,15.125,15.15 ,15.175,15.2  ,15.225,15.25 ,15.275,15.3  ,15.325,15.35 ,15.375,15.4  ,15.425,15.45 ,15.475,15.5  
cqi_dl: 0., 0., 0., 0., 0., 0., 0., 0., 0., 0., 0., 0., 0., 0., 0., 0., 0., 0., 0., 0.,40., 0., 0., 0., 0., 0., 0., 0., 0., 0., 0., 0., 0., 0., 0., 0., 0., 0., 0., 0.
cqi_dl_bin_edges:14.5  ,14.525,14.55 ,14.575,14.6  ,14.625,14.65 ,14.675,14.7  ,14.725,14.75 ,14.775,14.8  ,14.825,14.85 ,14.875,14.9  ,14.925,14.95 ,14.975,15.   ,15.025,15.05 ,15.075,15.1  ,15.125,15.15 ,15.175,15.2  ,15.225,15.25 ,15.275,15.3  ,15.325,15.35 ,15.375,15.4  ,15.425,15.45 ,15.475,15.5  
mcs_ul: 0., 0., 0., 0., 0., 0., 0., 0., 0., 0., 0., 0., 0., 0., 0., 0., 0., 0., 0., 0.,40., 0., 0., 0., 0., 0., 0., 0., 0., 0., 0., 0., 0., 0., 0., 0., 0., 0., 0., 0.
mcs_ul_bin_edges:27.5  ,27.525,27.55 ,27.575,27.6  ,27.625,27.65 ,27.675,27.7  ,27.725,27.75 ,27.775,27.8  ,27.825,27.85 ,27.875,27.9  ,27.925,27.95 ,27.975,28.   ,28.025,28.05 ,28.075,28.1  ,28.125,28.15 ,28.175,28.2  ,28.225,28.25 ,28.275,28.3  ,28.325,28.35 ,28.375,28.4  ,28.425,28.45 ,28.475,28.5  
mcs_dl: 0., 0., 0., 0., 0., 0., 0., 0., 0., 0., 0., 0., 0., 0., 0., 0., 0., 0., 0., 0.,40., 0., 0., 0., 0., 0., 0., 0., 0., 0., 0., 0., 0., 0., 0., 0., 0., 0., 0., 0.
mcs_dl_bin_edges:27.5  ,27.525,27.55 ,27.575,27.6  ,27.625,27.65 ,27.675,27.7  ,27.725,27.75 ,27.775,27.8  ,27.825,27.85 ,27.875,27.9  ,27.925,27.95 ,27.975,28.   ,28.025,28.05 ,28.075,28.1  ,28.125,28.15 ,28.175,28.2  ,28.225,28.25 ,28.275,28.3  ,28.325,28.35 ,28.375,28.4  ,28.425,28.45 ,28.475,28.5  
eff_ul: 0., 0., 0., 0., 0., 0., 0., 0., 0., 0., 0., 0., 0., 0., 0., 0., 0., 0., 0., 0.,40., 0., 0., 0., 0., 0., 0., 0., 0., 0., 0., 0., 0., 0., 0., 0., 0., 0., 0., 0.
eff_ul_bin_edges:5.054651,5.079651,5.104651,5.129651,5.154651,5.179651,5.204651,5.229651,5.254651,5.279651,5.304651,5.329651,5.354651,5.379651,5.404651,5.429651,5.454651,5.479651,5.504651,5.529651,5.554651,5.579651,5.604651,5.629651,5.654651,5.679651,5.704651,5.729651,5.754651,5.779651,5.804651,5.829651,5.854651,5.879651,5.904651,5.929651,5.954651,5.979651,6.004651,6.029651,6.054651
eff_dl: 0., 0., 0., 0., 0., 0., 0., 0., 0., 0., 0., 0., 0., 0., 0., 0., 0., 0., 0., 0.,40., 0., 0., 0., 0., 0., 0., 0., 0., 0., 0., 0., 0., 0., 0., 0., 0., 0., 0., 0.
eff_dl_bin_edges:5.054651,5.079651,5.104651,5.129651,5.154651,5.179651,5.204651,5.229651,5.254651,5.279651,5.304651,5.329651,5.354651,5.379651,5.404651,5.429651,5.454651,5.479651,5.504651,5.529651,5.554651,5.579651,5.604651,5.629651,5.654651,5.679651,5.704651,5.729651,5.754651,5.779651,5.804651,5.829651,5.854651,5.879651,5.904651,5.929651,5.954651,5.979651,6.004651,6.029651,6.054651
rul:4.43533068e-02,0.00000000e+00,0.00000000e+00,0.00000000e+00,0.00000000e+00,0.00000000e+00,0.00000000e+00,0.00000000e+00,4.38797999e-08,4.38797999e-08,4.38797999e-08,4.38797999e-08,4.38797999e-08,8.77595998e-08,0.00000000e+00,0.00000000e+00,0.00000000e+00,0.00000000e+00,0.00000000e+00,0.00000000e+00,2.32975410e-03,0.00000000e+00,0.00000000e+00,0.00000000e+00,0.00000000e+00,0.00000000e+00,0.00000000e+00,0.00000000e+00,0.00000000e+00,0.00000000e+00,0.00000000e+00,0.00000000e+00,0.00000000e+00,0.00000000e+00,0.00000000e+00,0.00000000e+00,0.00000000e+00,0.00000000e+00,0.00000000e+00,2.10623039e-06
rul_bin_edges:  0.        , 21.41993875, 42.8398775 , 64.25981625, 85.679755  ,107.09969375,128.5196325 ,149.93957125,171.35951   ,192.77944875,214.1993875 ,235.61932625,257.039265  ,278.45920375,299.8791425 ,321.29908125,342.71902   ,364.13895875,385.5588975 ,406.97883625,428.398775  ,449.81871375,471.2386525 ,492.65859125,514.07853   ,535.49846875,556.9184075 ,578.33834625,599.758285  ,621.17822375,642.5981625 ,664.01810125,685.43804   ,706.85797875,728.2779175 ,749.69785625,771.117795  ,792.53773375,813.9576725 ,835.37761125,856.79755   
rdl:2.36768169e-02,0.00000000e+00,2.34240712e-08,4.68481423e-08,0.00000000e+00,1.40544427e-07,2.34240712e-08,1.40544427e-07,2.34240712e-08,0.00000000e+00,0.00000000e+00,2.34240712e-08,2.34240712e-08,2.34240712e-08,0.00000000e+00,0.00000000e+00,0.00000000e+00,0.00000000e+00,0.00000000e+00,0.00000000e+00,1.24318573e-03,0.00000000e+00,0.00000000e+00,0.00000000e+00,0.00000000e+00,0.00000000e+00,0.00000000e+00,0.00000000e+00,0.00000000e+00,0.00000000e+00,0.00000000e+00,0.00000000e+00,0.00000000e+00,0.00000000e+00,0.00000000e+00,0.00000000e+00,0.00000000e+00,0.00000000e+00,0.00000000e+00,1.33517206e-06
rdl_bin_edges:   0.       ,  40.1255025,  80.251005 , 120.3765075, 160.50201  , 200.6275125, 240.753015 , 280.8785175, 321.00402  , 361.1295225, 401.255025 , 441.3805275, 481.50603  , 521.6315325, 561.757035 , 601.8825375, 642.00804  , 682.1335425, 722.259045 , 762.3845475, 802.51005  , 842.6355525, 882.761055 , 922.8865575, 963.01206  ,1003.1375625,1043.263065 ,1083.3885675,1123.51407  ,1163.6395725,1203.765075 ,1243.8905775,1284.01608  ,1324.1415825,1364.267085 ,1404.3925875,1444.51809  ,1484.6435925,1524.769095 ,1564.8945975,1605.0201   
lul:4.93654369e+03,0.00000000e+00,0.00000000e+00,0.00000000e+00,0.00000000e+00,0.00000000e+00,0.00000000e+00,0.00000000e+00,0.00000000e+00,0.00000000e+00,0.00000000e+00,0.00000000e+00,0.00000000e+00,0.00000000e+00,0.00000000e+00,1.36747580e-01,4.00963441e+00,5.14073225e+01,7.17631766e+01,4.47555295e+01,3.47680723e+01,2.56352875e+01,1.36552227e+01,7.15971260e+00,3.42357335e+00,1.55794565e+00,6.98389428e-01,3.12565898e-01,1.70934475e-01,3.41868951e-02,1.95353686e-02,9.76768431e-03,1.95353686e-02,9.76768431e-03,9.76768431e-03,4.88384215e-03,0.00000000e+00,0.00000000e+00,4.88384215e-03,4.88384215e-03
lul_bin_edges:0.        ,0.00019245,0.0003849 ,0.00057735,0.00076981,0.00096226,0.00115471,0.00134716,0.00153961,0.00173206,0.00192451,0.00211697,0.00230942,0.00250187,0.00269432,0.00288677,0.00307922,0.00327168,0.00346413,0.00365658,0.00384903,0.00404148,0.00423393,0.00442638,0.00461884,0.00481129,0.00500374,0.00519619,0.00538864,0.00558109,0.00577354,0.005966  ,0.00615845,0.0063509 ,0.00654335,0.0067358 ,0.00692825,0.0071207 ,0.00731316,0.00750561,0.00769806
ldl:4.27367464e+03,0.00000000e+00,0.00000000e+00,0.00000000e+00,0.00000000e+00,0.00000000e+00,0.00000000e+00,0.00000000e+00,0.00000000e+00,0.00000000e+00,0.00000000e+00,0.00000000e+00,0.00000000e+00,1.60666050e-01,1.11578343e+01,6.93189443e+01,5.60978196e+01,3.66234032e+01,2.71990710e+01,1.33479663e+01,6.40127366e+00,2.67213009e+00,1.04432932e+00,3.97437070e-01,2.02946589e-01,3.80524854e-02,4.22805393e-03,4.22805393e-03,1.69122157e-02,1.26841618e-02,8.45610787e-03,0.00000000e+00,4.22805393e-03,0.00000000e+00,4.22805393e-03,0.00000000e+00,0.00000000e+00,0.00000000e+00,0.00000000e+00,4.22805393e-03
ldl_bin_edges:0.        ,0.0002223 ,0.0004446 ,0.0006669 ,0.00088921,0.00111151,0.00133381,0.00155611,0.00177841,0.00200071,0.00222301,0.00244532,0.00266762,0.00288992,0.00311222,0.00333452,0.00355682,0.00377913,0.00400143,0.00422373,0.00444603,0.00466833,0.00489063,0.00511293,0.00533524,0.00555754,0.00577984,0.00600214,0.00622444,0.00644674,0.00666904,0.00689135,0.00711365,0.00733595,0.00755825,0.00778055,0.00800285,0.00822515,0.00844746,0.00866976,0.00889206
ilul:3.27755269e+01,7.13348864e-04,4.53949277e-04,7.45773812e-04,5.51224122e-04,5.83649070e-04,6.16074018e-04,5.51224122e-04,5.83649070e-04,6.80923915e-04,5.51224122e-04,5.83649070e-04,6.80923915e-04,5.83649070e-04,5.18799173e-04,6.48498967e-04,5.51224122e-04,5.83649070e-04,5.18799173e-04,7.13348864e-04,4.53949277e-04,5.83649070e-04,6.48498967e-04,5.18799173e-04,5.83649070e-04,6.16074018e-04,8.75473605e-04,4.21524328e-04,3.79371896e-03,2.91500286e-02,1.50451760e-01,2.84237097e-01,3.14684124e-01,3.31836921e-01,3.46882097e-01,1.95457589e-01,4.10824095e-02,7.71713771e-03,1.13487319e-03,1.29699793e-04
ilul_bin_edges:0.        ,0.02898702,0.05797404,0.08696106,0.11594808,0.1449351 ,0.17392212,0.20290914,0.23189616,0.26088318,0.2898702 ,0.31885722,0.34784424,0.37683126,0.40581828,0.4348053 ,0.46379232,0.49277934,0.52176636,0.55075338,0.5797404 ,0.60872742,0.63771444,0.66670146,0.69568848,0.7246755 ,0.75366252,0.78264954,0.81163656,0.84062358,0.8696106 ,0.89859762,0.92758464,0.95657166,0.98555868,1.0145457 ,1.04353272,1.07251974,1.10150676,1.13049378,1.1594808 
ildl:5.61756498e+01,6.66894665e-04,7.22469220e-04,4.44596443e-04,7.22469220e-04,8.33618331e-04,5.55745554e-04,6.66894665e-04,5.55745554e-04,5.55745554e-04,8.33618331e-04,5.55745554e-04,6.11320110e-04,5.55745554e-04,8.33618331e-04,6.66894665e-04,7.22469220e-04,6.11320110e-04,6.11320110e-04,6.11320110e-04,7.22469220e-04,8.89192887e-04,6.11320110e-04,1.22264022e-03,4.33481532e-03,7.93604651e-02,2.54309166e-01,1.90843023e-01,2.15740424e-01,2.54698187e-01,2.62034029e-01,2.92877907e-01,5.90535226e-01,6.20212038e-01,1.16484268e-01,3.10106019e-02,1.48384063e-02,8.22503420e-03,8.33618331e-04,2.22298222e-04
ildl_bin_edges:0.        ,0.01691246,0.03382493,0.05073739,0.06764985,0.08456232,0.10147478,0.11838724,0.13529971,0.15221217,0.16912463,0.1860371 ,0.20294956,0.21986202,0.23677449,0.25368695,0.27059941,0.28751188,0.30442434,0.3213368 ,0.33824927,0.35516173,0.37207419,0.38898665,0.40589912,0.42281158,0.43972404,0.45663651,0.47354897,0.49046143,0.5073739 ,0.52428636,0.54119882,0.55811129,0.57502375,0.59193621,0.60884868,0.62576114,0.6426736 ,0.65958607,0.67649853
eul:3.16375571e-03,0.00000000e+00,0.00000000e+00,0.00000000e+00,0.00000000e+00,0.00000000e+00,0.00000000e+00,0.00000000e+00,8.55902714e-06,1.29611430e-03,1.59424603e-02,1.03756228e-02,3.76782254e-03,3.46667587e-03,2.09630623e-03,5.68828318e-04,1.84404625e-04,7.39854644e-05,3.65493592e-05,9.98553167e-06,1.09108319e-05,2.85300905e-06,1.42650452e-06,1.42650452e-06,2.19758805e-06,1.42650452e-06,7.32529350e-07,3.62409257e-06,0.00000000e+00,7.32529350e-07,0.00000000e+00,0.00000000e+00,0.00000000e+00,1.46505870e-06,0.00000000e+00,0.00000000e+00,0.00000000e+00,0.00000000e+00,7.32529350e-07,7.32529350e-07
eul_bin_edges:  0.     , 24.37875, 48.7575 , 73.13625, 97.515  ,121.89375,146.2725 ,170.65125,195.03   ,219.40875,243.7875 ,268.16625,292.545  ,316.92375,341.3025 ,365.68125,390.06   ,414.43875,438.8175 ,463.19625,487.575  ,511.95375,536.3325 ,560.71125,585.09   ,609.46875,633.8475 ,658.22625,682.605  ,706.98375,731.3625 ,755.74125,780.12   ,804.49875,828.8775 ,853.25625,877.635  ,902.01375,926.3925 ,950.77125,975.15   
edl:5.89076971e-03,0.00000000e+00,0.00000000e+00,0.00000000e+00,0.00000000e+00,0.00000000e+00,0.00000000e+00,0.00000000e+00,7.24818515e-06,1.19899633e-03,1.47801676e-02,9.63098746e-03,3.49817463e-03,3.22285926e-03,1.94956903e-03,5.30505466e-04,1.71488976e-04,6.86264339e-05,3.41590002e-05,9.48432738e-06,1.02168567e-05,2.69879234e-06,1.38795035e-06,1.31084200e-06,2.00481717e-06,1.34939617e-06,6.55420998e-07,3.35421334e-06,0.00000000e+00,6.55420998e-07,0.00000000e+00,0.00000000e+00,0.00000000e+00,1.34939617e-06,0.00000000e+00,0.00000000e+00,0.00000000e+00,0.00000000e+00,6.55420998e-07,6.55420998e-07
edl_bin_edges:  0.     , 24.37875, 48.7575 , 73.13625, 97.515  ,121.89375,146.2725 ,170.65125,195.03   ,219.40875,243.7875 ,268.16625,292.545  ,316.92375,341.3025 ,365.68125,390.06   ,414.43875,438.8175 ,463.19625,487.575  ,511.95375,536.3325 ,560.71125,585.09   ,609.46875,633.8475 ,658.22625,682.605  ,706.98375,731.3625 ,755.74125,780.12   ,804.49875,828.8775 ,853.25625,877.635  ,902.01375,926.3925 ,950.77125,975.15   
gul:3.78570397e-02,0.00000000e+00,0.00000000e+00,0.00000000e+00,0.00000000e+00,7.71083527e-07,7.71083527e-07,1.15662529e-05,1.22602281e-05,1.18823971e-04,1.34060582e-03,8.52895489e-04,3.04269560e-04,2.82409342e-04,1.69137172e-04,4.41830861e-05,1.37638409e-05,5.43613886e-06,2.77590070e-06,8.09637703e-07,6.55420998e-07,2.31325058e-07,1.15662529e-07,1.15662529e-07,1.15662529e-07,1.15662529e-07,3.85541763e-08,2.31325058e-07,0.00000000e+00,3.85541763e-08,0.00000000e+00,0.00000000e+00,0.00000000e+00,7.71083527e-08,0.00000000e+00,0.00000000e+00,0.00000000e+00,0.00000000e+00,3.85541763e-08,3.85541763e-08
gul_bin_edges:  0.     , 24.37875, 48.7575 , 73.13625, 97.515  ,121.89375,146.2725 ,170.65125,195.03   ,219.40875,243.7875 ,268.16625,292.545  ,316.92375,341.3025 ,365.68125,390.06   ,414.43875,438.8175 ,463.19625,487.575  ,511.95375,536.3325 ,560.71125,585.09   ,609.46875,633.8475 ,658.22625,682.605  ,706.98375,731.3625 ,755.74125,780.12   ,804.49875,828.8775 ,853.25625,877.635  ,902.01375,926.3925 ,950.77125,975.15   
gdl:3.51299872e-02,0.00000000e+00,0.00000000e+00,0.00000000e+00,0.00000000e+00,7.71083527e-07,7.71083527e-07,1.15662529e-05,1.35710701e-05,2.15941942e-04,2.50289857e-03,1.59753085e-03,5.73917469e-04,5.26264507e-04,3.15874367e-04,8.25059373e-05,2.66794900e-05,1.07951694e-05,5.16625963e-06,1.31084200e-06,1.34939617e-06,3.85541763e-07,1.54216705e-07,2.31325058e-07,3.08433411e-07,1.92770882e-07,1.15662529e-07,5.01204292e-07,0.00000000e+00,1.15662529e-07,0.00000000e+00,0.00000000e+00,0.00000000e+00,1.92770882e-07,0.00000000e+00,0.00000000e+00,0.00000000e+00,0.00000000e+00,1.15662529e-07,1.15662529e-07
gdl_bin_edges:  0.     , 24.37875, 48.7575 , 73.13625, 97.515  ,121.89375,146.2725 ,170.65125,195.03   ,219.40875,243.7875 ,268.16625,292.545  ,316.92375,341.3025 ,365.68125,390.06   ,414.43875,438.8175 ,463.19625,487.575  ,511.95375,536.3325 ,560.71125,585.09   ,609.46875,633.8475 ,658.22625,682.605  ,706.98375,731.3625 ,755.74125,780.12   ,804.49875,828.8775 ,853.25625,877.635  ,902.01375,926.3925 ,950.77125,975.15   
ri: 0., 0., 0., 0., 0., 0., 0., 0., 0., 0., 0., 0., 0., 0., 0., 0., 0., 0., 0., 0.,40., 0., 0., 0., 0., 0., 0., 0., 0., 0., 0., 0., 0., 0., 0., 0., 0., 0., 0., 0.
ri_bin_edges:0.5  ,0.525,0.55 ,0.575,0.6  ,0.625,0.65 ,0.675,0.7  ,0.725,0.75 ,0.775,0.8  ,0.825,0.85 ,0.875,0.9  ,0.925,0.95 ,0.975,1.   ,1.025,1.05 ,1.075,1.1  ,1.125,1.15 ,1.175,1.2  ,1.225,1.25 ,1.275,1.3  ,1.325,1.35 ,1.375,1.4  ,1.425,1.45 ,1.475,1.5  
