period:1
ue_log_freq:1000
mac_log_freq:1000
mimo_layers:2
frequency:2412000000.0
bandwidth:50000000
ue_speed:5.555555555555555
max_distance:1000
shannon_cfg_bandwidth_mhz:50.0
shannon_cfg_mimo_layers:2
shannon_cfg_bw_efficiency:0.67
shannon_cfg_sinr_offset_db:0
shannon_cfg_ul_divisor:2
shannon_cfg_sinr_sample_rate:1000
n_ue:30
sinr_period:9.463597741343282
sinr_rate:105.66805852612856
ul_fairness:0.8666301174772479
dl_fairness:0.7225653967847727
ul_agg_throughput:14.803904285470136
dl_agg_throughput:21.878997431816515
ul_ave_throughput:0.4934634761823379
dl_ave_throughput:0.7292999143938839
ul_se:0.2960780857094027
dl_se:0.4375799486363303
ul_ase:9.42445817636746e-08
dl_ase:1.3928602364673927e-07
ul_gr:0.23999760527385605, 0.23999760527385605, 0.23999760527385605, 0.23999760527385605, 0.23999760527385605, 0.23999760527385605, 0.23999760527385605, 0.23999760527385605, 0.23999760527385605, 0.23999760527385605, 0.23999760527385605, 0.23999760527385605, 0.11579310372405231, 0.21928097981948486, 0.23999760527385605, 0.23999760527385605, 0.23999760527385605, 0.21429982330134748, 0.23999760527385605, 0.23999760527385605, 0.23999760527385605, 0.23999760527385605, 0.22490772096576697, 0.22401974035226377, 0.2076218889375255, 0.16087028231701403, 0.23999760527385605, 0.23999760527385605, 0.13333951161117824, 0.12066659915375705
dl_gr:0.23999760527385605, 0.23999760527385605, 0.23999760527385605, 0.23999760527385605, 0.23999760527385605, 0.23999760527385605, 0.23999760527385605, 0.23999760527385605, 0.23999760527385605, 0.23999760527385605, 0.23999760527385605, 0.23999760527385605, 0.23999760527385605, 0.23999760527385605, 0.23999760527385605, 0.23999760527385605, 0.23999760527385605, 0.23999760527385605, 0.23999760527385605, 0.23999760527385605, 0.23999760527385605, 0.23999760527385605, 0.23999760527385605, 0.23999760527385605, 0.23999760527385605, 0.23999760527385605, 0.23999760527385605, 0.23999760527385605, 0.23999760527385605, 0.17393015755616206
ul_tr:0.23409542579930168, 0.19101383273201056, 0.2399776103086391, 0.239977607881326, 0.22631910439886335, 0.19438031624830626, 0.19487348127676438, 0.1964338801944984, 0.23997760788090935, 0.18906488225617288, 0.2399776064567962, 0.2367766789013175, 0.028524274680460995, 0.13219123903600802, 0.2236394804120799, 0.23997760997002526, 0.17278619186390115, 0.21427985013620723, 0.22751889276256032, 0.2340196579404505, 0.23633384669352756, 0.23875360353375388, 0.15312349244756293, 0.13668545764135298, 0.120353401640903, 0.07357330904584128, 0.15313772680194332, 0.2399776068723844, 0.046076127923517306, 0.03337424622761478
dl_tr:0.23997760848536262, 0.2399776172102899, 0.239977612280956, 0.23997760788090935, 0.23968761849186257, 0.2399776379760752, 0.2399776171280406, 0.23997762687483437, 0.23997760788090935, 0.23733564809686586, 0.23997760793057557, 0.2399776079263256, 0.2342377295151957, 0.23983164647082106, 0.23997765859445336, 0.23997761525093123, 0.2399776613320639, 0.23997770433667218, 0.23854966304296632, 0.2377370410121749, 0.236837640956317, 0.23997766152892058, 0.23579668850451246, 0.2398209310896909, 0.22682137731218907, 0.2240436109438005, 0.23643568362905307, 0.2399776276149949, 0.23997772015810703, 0.08659689683719303
ul_er:0.0, 0.0, 0.0, 0.0, 0.0, 0.0, 0.0, 0.0, 0.0, 0.0, 0.0, 0.0, 0.12420250356645363, 0.020714627471021076, 0.0, 0.0, 0.0, 0.02569778197250856, 0.0, 0.0, 0.0, 0.0, 0.015089884308089099, 0.01597586693824218, 0.03237371835298039, 0.07912532497349191, 0.0, 0.0, 0.10665609567932768, 0.11932900813674886
dl_er:0.0, 0.0, 0.0, 0.0, 0.0, 0.0, 0.0, 0.0, 0.0, 0.0, 0.0, 0.0, 0.0, 0.0, 0.0, 0.0, 0.0, 0.0, 0.0, 0.0, 0.0, 0.0, 0.0, 0.0, 0.0, 0.0, 0.0, 0.0, 0.0, 0.06606544973434388
ul_er_ratio:0.0, 0.0, 0.0, 0.0, 0.0, 0.0, 0.0, 0.0, 0.0, 0.0, 0.0, 0.0, 0.8132333110939749, 0.13547307205553702, 0.0, 0.0, 0.0, 0.10708407173909788, 0.0, 0.0, 0.0, 0.0, 0.08970680334185772, 0.10464907848950714, 0.21197098690970495, 0.5181796515840073, 0.0, 0.0, 0.6983208465337957, 0.7814437788733642
dl_er_ratio:0.0, 0.0, 0.0, 0.0, 0.0, 0.0, 0.0, 0.0, 0.0, 0.0, 0.0, 0.0, 0.0, 0.0, 0.0, 0.0, 0.0, 0.0, 0.0, 0.0, 0.0, 0.0, 0.0, 0.0, 0.0, 0.0, 0.0, 0.0, 0.0, 0.4327553664543332
ul_er_perc:0.0, 0.0, 0.0, 0.0, 0.0, 0.0, 0.0, 0.0, 0.0, 0.0, 0.0, 0.0, 81.32333110939749, 13.547307205553702, 0.0, 0.0, 0.0, 10.708407173909789, 0.0, 0.0, 0.0, 0.0, 8.970680334185772, 10.464907848950714, 21.197098690970495, 51.817965158400725, 0.0, 0.0, 69.83208465337957, 78.14437788733642
dl_er_perc:0.0, 0.0, 0.0, 0.0, 0.0, 0.0, 0.0, 0.0, 0.0, 0.0, 0.0, 0.0, 0.0, 0.0, 0.0, 0.0, 0.0, 0.0, 0.0, 0.0, 0.0, 0.0, 0.0, 0.0, 0.0, 0.0, 0.0, 0.0, 0.0, 43.27553664543332
ul_l:0.00852541821951067, 0.006757124936133865, 0.008240004117194857, 0.009079703166498612, 0.007180006020841493, 0.006094407593545053, 0.005521063974604378, 0.006482647848967926, 0.009079703696319196, 0.0066501281651361235, 0.008905403813101558, 0.008784518418834007, 0.0013232642873851049, 0.003438183914096549, 0.004174501437817185, 0.007537357685748451, 0.003741206605144957, 0.002110935143390472, 0.0041819450983033475, 0.008329418881180157, 0.004692013748414597, 0.00530822767634853, 0.002912034331938901, 0.003168806075086874, 0.0016422629633836383, 0.002098352088740927, 0.003537879530983075, 0.006329077646198781, 0.001129780194248381, 0.0008676767100649161
dl_l:0.009016304499675004, 0.008489465624448963, 0.008902796786897609, 0.009079703166498612, 0.008569236422479812, 0.007640766703802468, 0.00873448471263156, 0.008199884981162656, 0.009079703166498612, 0.008245380181452653, 0.009079726038199681, 0.009079710860830327, 0.004768482744531295, 0.006853652578461845, 0.007330947651052908, 0.008877352340634661, 0.006896867096557529, 0.004785467727931434, 0.007334152598553345, 0.008995618146657112, 0.007159286659419504, 0.00652959856351197, 0.005921309462700311, 0.006722329852655394, 0.004933148473871051, 0.004144887013333222, 0.006472645600794993, 0.008311932853334555, 0.004199709027108107, 0.002861423351538737
ul_il:0.3396549159222673, 3.6257409493180885, 0.11160509686812611, 0.009079703166498612, 0.43636743145135454, 0.7569357090282581, 0.5761212387916768, 0.33748655691949236, 0.009079703696319196, 0.3135288192476688, 0.14545018786184696, 0.034753537697085855, 5.690015546935634, 2.407494365213198, 4.5811095317521024, 0.09539716130945575, 1.2437459280271124, 3.40357099961517, 0.607696071361526, 0.058974627511249905, 0.15774673016851526, 0.23896788653742052, 0.44255794937285103, 1.4192641059182716, 1.8892399758389804, 1.2201274441285823, 2.5897691545437747, 0.829536302748748, 3.243781624080141, 0.9056617317843018
dl_il:0.010297060405538285, 0.03398202506804526, 0.009617240062516142, 0.009079703166498612, 0.023534515835905535, 0.0244670868717969, 0.04864429231150991, 0.023193769765522787, 0.009079703166498612, 0.021181054989262586, 0.009079748095290873, 0.009079865741193823, 0.30370417484947204, 0.07992682298180016, 0.07485647226804361, 0.015988468398067515, 0.07837014454197465, 0.1986658770949075, 0.04568859881933485, 0.009095966965333623, 0.037731822382642645, 0.07186708724239797, 0.046077755949233766, 0.23855203843392137, 0.24161191126012285, 0.25755454218662344, 0.143117231275631, 0.025200555541412158, 0.23382068286242197, 0.007995707731789734
sinr_ul:4.25116855e-04,1.54533355e-03,6.38959725e-03,8.77874229e-03,1.63802187e-02,2.49812242e-02,3.26011332e-02,3.08673037e-02,2.60803394e-02,1.66430288e-02,1.21686676e-02,8.46647282e-03,1.30085591e-02,2.23892375e-02,2.64690081e-02,1.88166545e-02,1.25163010e-02,1.03670296e-02,4.58028590e-03,2.55670631e-03,2.03617379e-03,1.00311564e-03,4.74909824e-04,3.11602231e-04,7.04774853e-05,6.73914889e-05,7.40639136e-05,6.81421367e-05,1.91832209e-05,2.11015429e-05,2.79407782e-05,5.17112910e-06,4.92091318e-06,4.67069725e-06,4.42048133e-06,4.33707602e-06,4.08686010e-06,4.00345479e-06,5.50475033e-06,1.94334368e-05
sinr_ul_bin_edges:-26.418793  ,-23.08836392,-19.75793485,-16.42750578,-13.0970767 , -9.76664763, -6.43621855, -3.10578948,  0.2246396 ,  3.55506868,  6.88549775, 10.21592682, 13.5463559 , 16.87678497, 20.20721405, 23.53764313, 26.8680722 , 30.19850127, 33.52893035, 36.85935943, 40.1897885 , 43.52021757, 46.85064665, 50.18107573, 53.5115048 , 56.84193388, 60.17236295, 63.50279202, 66.8332211 , 70.16365018, 73.49407925, 76.82450833, 80.1549374 , 83.48536648, 86.81579555, 90.14622463, 93.4766537 , 96.80708277,100.13751185,103.46794093,106.79837   
sinr_dl:4.25866298e-04,1.43647748e-03,6.27681358e-03,8.32738839e-03,1.55603746e-02,2.39995412e-02,3.76734245e-02,3.29882126e-02,2.27250994e-02,1.86069697e-02,1.23684679e-02,1.02352967e-02,1.34327497e-02,2.41391359e-02,2.82098238e-02,2.03153839e-02,1.26268376e-02,8.00724206e-03,3.59200431e-03,2.65793131e-03,1.85995463e-03,6.95584464e-04,4.25780971e-04,2.06234991e-04,6.83468051e-05,6.80908246e-05,8.20844276e-05,4.58205173e-05,1.94545213e-05,2.22703073e-05,2.38915174e-05,5.03428402e-06,4.86363033e-06,4.60764978e-06,4.43699609e-06,4.26634239e-06,4.18101554e-06,3.92503500e-06,5.71689881e-06,1.96251750e-05
sinr_dl_bin_edges:-1.95892350e+01,-1.63338064e+01,-1.30783777e+01,-9.82294913e+00,-6.56752050e+00,-3.31209188e+00,-5.66632500e-02, 3.19876537e+00, 6.45419400e+00, 9.70962262e+00, 1.29650512e+01, 1.62204799e+01, 1.94759085e+01, 2.27313371e+01, 2.59867657e+01, 2.92421944e+01, 3.24976230e+01, 3.57530516e+01, 3.90084802e+01, 4.22639089e+01, 4.55193375e+01, 4.87747661e+01, 5.20301947e+01, 5.52856234e+01, 5.85410520e+01, 6.17964806e+01, 6.50519092e+01, 6.83073379e+01, 7.15627665e+01, 7.48181951e+01, 7.80736237e+01, 8.13290524e+01, 8.45844810e+01, 8.78399096e+01, 9.10953382e+01, 9.43507669e+01, 9.76061955e+01, 1.00861624e+02, 1.04117053e+02, 1.07372481e+02, 1.10627910e+02
rsrp_ul:4.25170171e-04,1.61112729e-03,6.40448529e-03,8.75196829e-03,1.64251267e-02,2.50209185e-02,3.27950538e-02,3.07595068e-02,2.59763215e-02,1.65605408e-02,1.21856823e-02,8.44953797e-03,1.31304956e-02,2.22712791e-02,2.66189547e-02,1.87854507e-02,1.26044320e-02,1.00721721e-02,4.57289322e-03,2.55093764e-03,2.04830462e-03,9.81168347e-04,4.71948062e-04,3.05265345e-04,7.02085279e-05,6.74568873e-05,7.45444465e-05,6.62061415e-05,1.92614845e-05,2.13460607e-05,2.71828742e-05,5.16974909e-06,4.83621689e-06,4.75283384e-06,4.41930164e-06,4.33591859e-06,4.08576944e-06,4.00238639e-06,5.50328129e-06,1.94282506e-05
rsrp_ul_bin_edges:-152.57054  ,-149.2392219,-145.9079038,-142.5765857,-139.2452676,-135.9139495,-132.5826314,-129.2513133,-125.9199952,-122.5886771,-119.257359 ,-115.9260409,-112.5947228,-109.2634047,-105.9320866,-102.6007685, -99.2694504, -95.9381323, -92.6068142, -89.2754961, -85.944178 , -82.6128599, -79.2815418, -75.9502237, -72.6189056, -69.2875875, -65.9562694, -62.6249513, -59.2936332, -55.9623151, -52.630997 , -49.2996789, -45.9683608, -42.6370427, -39.3057246, -35.9744065, -32.6430884, -29.3117703, -25.9804522, -22.6491341, -19.317816 
rsrp_dl:4.25783644e-04,1.46631322e-03,6.34281986e-03,8.26861428e-03,1.56105882e-02,2.40465813e-02,3.78485914e-02,3.27559085e-02,2.27375802e-02,1.85509779e-02,1.23647024e-02,1.02595005e-02,1.33879140e-02,2.42181403e-02,2.82961426e-02,2.02468611e-02,1.25406122e-02,7.94605609e-03,3.59412240e-03,2.65366180e-03,1.85413378e-03,6.94084497e-04,4.23906817e-04,2.00649796e-04,6.85894710e-05,6.79922989e-05,8.30922198e-05,4.36788671e-05,1.96213661e-05,2.23512953e-05,2.33750187e-05,5.03330695e-06,4.86268637e-06,4.60675551e-06,4.43613494e-06,4.26551436e-06,4.18020408e-06,3.92427321e-06,5.71578925e-06,1.96213661e-05
rsrp_dl_bin_edges:-151.26286   ,-148.00679942,-144.75073885,-141.49467827,-138.2386177 ,-134.98255712,-131.72649655,-128.47043597,-125.2143754 ,-121.95831483,-118.70225425,-115.44619367,-112.1901331 ,-108.93407253,-105.67801195,-102.42195137, -99.1658908 , -95.90983023, -92.65376965, -89.39770907, -86.1416485 , -82.88558793, -79.62952735, -76.37346677, -73.1174062 , -69.86134563, -66.60528505, -63.34922447, -60.0931639 , -56.83710333, -53.58104275, -50.32498218, -47.0689216 , -43.81286103, -40.55680045, -37.30073988, -34.0446793 , -30.78861873, -27.53255815, -24.27649758, -21.020437  
cqi_ul:1.11496997,0.        ,0.26790962,0.        ,0.        ,0.16110829,0.        ,0.        ,0.08103266,0.        ,0.04825367,0.        ,0.        ,0.06957572,0.        ,0.        ,0.05604694,0.        ,0.12859745,0.        ,0.        ,0.13259075,0.        ,0.        ,0.13617516,0.        ,0.10860354,0.        ,0.        ,0.05341881,0.        ,0.        ,0.0745579 ,0.        ,0.07015275,0.        ,0.        ,0.03992856,0.        ,0.12374489
cqi_ul_bin_edges: 0.   , 0.375, 0.75 , 1.125, 1.5  , 1.875, 2.25 , 2.625, 3.   , 3.375, 3.75 , 4.125, 4.5  , 4.875, 5.25 , 5.625, 6.   , 6.375, 6.75 , 7.125, 7.5  , 7.875, 8.25 , 8.625, 9.   , 9.375, 9.75 ,10.125,10.5  ,10.875,11.25 ,11.625,12.   ,12.375,12.75 ,13.125,13.5  ,13.875,14.25 ,14.625,15.   
cqi_dl:0.53639627,0.        ,0.49211294,0.        ,0.        ,0.24625128,0.        ,0.        ,0.17107783,0.        ,0.06908313,0.        ,0.        ,0.05844914,0.        ,0.        ,0.03263751,0.        ,0.05544398,0.        ,0.        ,0.06972164,0.        ,0.        ,0.08129043,0.        ,0.12224046,0.        ,0.        ,0.10785243,0.        ,0.        ,0.14974542,0.        ,0.13163075,0.        ,0.        ,0.07418605,0.        ,0.26854739
cqi_dl_bin_edges: 0.   , 0.375, 0.75 , 1.125, 1.5  , 1.875, 2.25 , 2.625, 3.   , 3.375, 3.75 , 4.125, 4.5  , 4.875, 5.25 , 5.625, 6.   , 6.375, 6.75 , 7.125, 7.5  , 7.875, 8.25 , 8.625, 9.   , 9.375, 9.75 ,10.125,10.5  ,10.875,11.25 ,11.625,12.   ,12.375,12.75 ,13.125,13.5  ,13.875,14.25 ,14.625,15.   
mcs_ul:0.74082835,0.05027617,0.03603184,0.        ,0.02662398,0.01678637,0.        ,0.01230268,0.01354751,0.        ,0.01554114,0.02173156,0.01533638,0.        ,0.01468877,0.03428979,0.        ,0.0346017 ,0.03144974,0.        ,0.03958102,0.04171195,0.03123903,0.        ,0.02887436,0.0293061 ,0.        ,0.01354513,0.01506416,0.        ,0.02180379,0.01814588,0.01510186,0.        ,0.02247997,0.01249077,0.        ,0.00889953,0.        ,0.06629191
mcs_ul_bin_edges: 0. , 0.7, 1.4, 2.1, 2.8, 3.5, 4.2, 4.9, 5.6, 6.3, 7. , 7.7, 8.4, 9.1, 9.8,10.5,11.2,11.9,12.6,13.3,14. ,14.7,15.4,16.1,16.8,17.5,18.2,18.9,19.6,20.3,21. ,21.7,22.4,23.1,23.8,24.5,25.2,25.9,26.6,27.3,28. 
mcs_dl:0.55098708,0.0591126 ,0.07280773,0.        ,0.0553289 ,0.03631994,0.        ,0.0197042 ,0.01730462,0.        ,0.01538241,0.01592963,0.0093404 ,0.        ,0.00814398,0.01399195,0.        ,0.01571019,0.01705065,0.        ,0.02030023,0.01836731,0.02518114,0.        ,0.02620058,0.03928539,0.        ,0.02871563,0.02904976,0.        ,0.03692152,0.04331194,0.03775286,0.        ,0.03276362,0.02096808,0.        ,0.01877445,0.        ,0.14386467
mcs_dl_bin_edges: 0. , 0.7, 1.4, 2.1, 2.8, 3.5, 4.2, 4.9, 5.6, 6.3, 7. , 7.7, 8.4, 9.1, 9.8,10.5,11.2,11.9,12.6,13.3,14. ,14.7,15.4,16.1,16.8,17.5,18.2,18.9,19.6,20.3,21. ,21.7,22.4,23.1,23.8,24.5,25.2,25.9,26.6,27.3,28. 
eff_ul:2.25815016,0.54259771,0.1900722 ,0.13622063,0.10065364,0.        ,0.06346191,0.04651103,0.        ,0.05121719,0.05875425,0.08215754,0.05798014,0.0555318 ,0.12963471,0.        ,0.13081387,0.1188977 ,0.        ,0.14963852,0.        ,0.15769465,0.11810109,0.        ,0.10916133,0.        ,0.11079356,0.05120819,0.056951  ,0.08243058,0.        ,0.06860164,0.        ,0.05709352,0.        ,0.08498694,0.        ,0.04722213,0.03364523,0.2506207 
eff_ul_bin_edges:0.        ,0.18515763,0.37031527,0.5554729 ,0.74063053,0.92578816,1.1109458 ,1.29610343,1.48126106,1.66641869,1.85157632,2.03673396,2.22189159,2.40704922,2.59220686,2.77736449,2.96252212,3.14767975,3.33283738,3.51799502,3.70315265,3.88831028,4.07346792,4.25862555,4.44378318,4.62894081,4.81409844,4.99925608,5.18441371,5.36957134,5.55472897,5.73988661,5.92504424,6.11020187,6.29535951,6.48051714,6.66567477,6.8508324 ,7.03599004,7.22114767,7.4063053 
eff_dl:1.08636408,0.99667699,0.22347889,0.27525416,0.20917438,0.        ,0.13730979,0.07449296,0.        ,0.06542119,0.05815417,0.06022296,0.03531196,0.03078882,0.05289743,0.        ,0.05939334,0.06446105,0.        ,0.07674628,0.        ,0.06943875,0.09519887,0.        ,0.09905291,0.        ,0.14852086,0.10856125,0.10982443,0.1395841 ,0.        ,0.1637435 ,0.        ,0.14272705,0.        ,0.1238649 ,0.        ,0.07927113,0.07097797,0.54388939
eff_dl_bin_edges:0.        ,0.18515763,0.37031527,0.5554729 ,0.74063053,0.92578816,1.1109458 ,1.29610343,1.48126106,1.66641869,1.85157632,2.03673396,2.22189159,2.40704922,2.59220686,2.77736449,2.96252212,3.14767975,3.33283738,3.51799502,3.70315265,3.88831028,4.07346792,4.25862555,4.44378318,4.62894081,4.81409844,4.99925608,5.18441371,5.36957134,5.55472897,5.73988661,5.92504424,6.11020187,6.29535951,6.48051714,6.66567477,6.8508324 ,7.03599004,7.22114767,7.4063053 
rul:1.08465095e+00,1.96343515e-02,5.04657658e-03,2.35215753e-03,1.22068117e-03,6.39610916e-04,2.60800189e-04,2.89296172e-04,2.34782118e-04,1.81816759e-04,1.13674192e-04,1.22037143e-04,7.40276072e-05,1.42479913e-05,7.40276072e-05,1.76551197e-05,1.57966860e-05,1.57966860e-05,2.78765048e-05,3.12836332e-05,4.33634519e-06,5.57530096e-06,7.12399567e-06,1.54869471e-06,3.71686731e-06,6.81425673e-06,0.00000000e+00,3.09738942e-07,5.26556202e-06,3.40712836e-06,3.09738942e-06,0.00000000e+00,9.29216826e-07,6.19477884e-07,3.09738942e-07,1.23895577e-06,3.09738942e-07,2.47791154e-06,4.64608413e-06,3.09738942e-07
rul_bin_edges: 0.       , 0.8968051, 1.7936102, 2.6904153, 3.5872204, 4.4840255, 5.3808306, 6.2776357, 7.1744408, 8.0712459, 8.968051 , 9.8648561,10.7616612,11.6584663,12.5552714,13.4520765,14.3488816,15.2456867,16.1424918,17.0392969,17.936102 ,18.8329071,19.7297122,20.6265173,21.5233224,22.4201275,23.3169326,24.2137377,25.1105428,26.0073479,26.904153 ,27.8009581,28.6977632,29.5945683,30.4913734,31.3881785,32.2849836,33.1817887,34.0785938,34.9753989,35.872204 
rdl:1.00481254e+00,2.20637551e-04,5.12077125e-03,5.60419378e-03,5.29530121e-04,7.85243385e-04,7.91466495e-04,2.20071813e-04,6.76056084e-05,4.18645609e-05,3.45099759e-05,3.81872684e-05,2.12151491e-05,1.27290895e-05,1.41434327e-05,1.69721193e-06,1.41434327e-06,0.00000000e+00,3.39442385e-06,2.26294924e-06,1.41434327e-06,0.00000000e+00,5.65737309e-07,1.69721193e-06,0.00000000e+00,0.00000000e+00,0.00000000e+00,2.54581789e-06,2.54581789e-06,2.26294924e-06,0.00000000e+00,0.00000000e+00,0.00000000e+00,0.00000000e+00,0.00000000e+00,0.00000000e+00,0.00000000e+00,0.00000000e+00,0.00000000e+00,1.13147462e-06
rdl_bin_edges: 0.       , 0.9819945, 1.963989 , 2.9459835, 3.927978 , 4.9099725, 5.891967 , 6.8739615, 7.855956 , 8.8379505, 9.819945 ,10.8019395,11.783934 ,12.7659285,13.747923 ,14.7299175,15.711912 ,16.6939065,17.675901 ,18.6578955,19.63989  ,20.6218845,21.603879 ,22.5858735,23.567868 ,24.5498625,25.531857 ,26.5138515,27.495846 ,28.4778405,29.459835 ,30.4418295,31.423824 ,32.4058185,33.387813 ,34.3698075,35.351802 ,36.3337965,37.315791 ,38.2977855,39.27978  
lul:9.23936336e+02,0.00000000e+00,0.00000000e+00,0.00000000e+00,0.00000000e+00,0.00000000e+00,0.00000000e+00,0.00000000e+00,0.00000000e+00,0.00000000e+00,0.00000000e+00,0.00000000e+00,0.00000000e+00,0.00000000e+00,0.00000000e+00,0.00000000e+00,0.00000000e+00,0.00000000e+00,0.00000000e+00,7.34878116e+02,2.46003378e+02,1.06358444e-01,1.74618342e-02,0.00000000e+00,0.00000000e+00,0.00000000e+00,0.00000000e+00,0.00000000e+00,0.00000000e+00,0.00000000e+00,0.00000000e+00,0.00000000e+00,5.29146490e-04,0.00000000e+00,0.00000000e+00,0.00000000e+00,5.29146490e-04,0.00000000e+00,0.00000000e+00,5.29146490e-04
lul_bin_edges:0.        ,0.00052495,0.0010499 ,0.00157485,0.0020998 ,0.00262475,0.0031497 ,0.00367465,0.0041996 ,0.00472455,0.0052495 ,0.00577445,0.0062994 ,0.00682435,0.0073493 ,0.00787425,0.0083992 ,0.00892415,0.0094491 ,0.00997405,0.010499  ,0.01102395,0.0115489 ,0.01207385,0.0125988 ,0.01312375,0.0136487 ,0.01417365,0.0146986 ,0.01522355,0.0157485 ,0.01627345,0.0167984 ,0.01732335,0.0178483 ,0.01837325,0.0188982 ,0.01942315,0.0199481 ,0.02047305,0.020998  
ldl:4.65637030e+02,0.00000000e+00,0.00000000e+00,0.00000000e+00,0.00000000e+00,0.00000000e+00,0.00000000e+00,0.00000000e+00,0.00000000e+00,0.00000000e+00,0.00000000e+00,0.00000000e+00,0.00000000e+00,0.00000000e+00,0.00000000e+00,2.82645725e+02,6.82284223e+02,1.69254036e+02,6.93285237e-02,9.33268589e-03,0.00000000e+00,0.00000000e+00,0.00000000e+00,0.00000000e+00,0.00000000e+00,0.00000000e+00,0.00000000e+00,0.00000000e+00,0.00000000e+00,0.00000000e+00,4.44413614e-04,4.44413614e-04,4.44413614e-04,0.00000000e+00,0.00000000e+00,0.00000000e+00,0.00000000e+00,0.00000000e+00,0.00000000e+00,1.33324084e-03
ldl_bin_edges:0.        ,0.00062504,0.00125008,0.00187511,0.00250015,0.00312519,0.00375023,0.00437527,0.00500031,0.00562534,0.00625038,0.00687542,0.00750046,0.0081255 ,0.00875053,0.00937557,0.01000061,0.01062565,0.01125069,0.01187572,0.01250076,0.0131258 ,0.01375084,0.01437588,0.01500092,0.01562595,0.01625099,0.01687603,0.01750107,0.01812611,0.01875114,0.01937618,0.02000122,0.02062626,0.0212513 ,0.02187634,0.02250137,0.02312641,0.02375145,0.02437649,0.02500153
ilul:3.84153544e-01,7.49367215e-03,4.49054241e-03,1.10123542e-03,1.51136254e-03,1.48764186e-03,1.58607695e-03,8.41110095e-04,2.41698830e-03,1.12724796e-03,7.25027735e-04,8.74227373e-04,4.36254241e-04,1.22155771e-04,6.31290942e-04,4.77163820e-04,5.44085931e-04,2.29070719e-04,3.25099365e-04,1.44615932e-04,6.76096670e-05,3.27734996e-05,8.73196039e-05,2.60125329e-04,0.00000000e+00,8.86947158e-05,1.03018798e-04,7.82667841e-05,1.48970453e-06,6.32551461e-05,0.00000000e+00,7.98710812e-05,2.54968660e-04,0.00000000e+00,1.89192475e-04,2.89461049e-04,5.80984766e-05,0.00000000e+00,7.01307055e-05,9.43097559e-05
ilul_bin_edges: 0.      , 2.424025, 4.84805 , 7.272075, 9.6961  ,12.120125,14.54415 ,16.968175,19.3922  ,21.816225,24.24025 ,26.664275,29.0883  ,31.512325,33.93635 ,36.360375,38.7844  ,41.208425,43.63245 ,46.056475,48.4805  ,50.904525,53.32855 ,55.752575,58.1766  ,60.600625,63.02465 ,65.448675,67.8727  ,70.296725,72.72075 ,75.144775,77.5688  ,79.992825,82.41685 ,84.840875,87.2649  ,89.688925,92.11295 ,94.536975,96.961   
ildl:2.08987789e+00,7.01298528e-03,3.88650808e-03,2.92656246e-03,3.76111777e-03,3.07679425e-03,3.46952616e-03,1.60641545e-03,1.21013476e-03,1.49344588e-03,1.55850689e-03,8.71226053e-04,7.56482092e-04,6.22219829e-04,9.62902929e-04,6.44695450e-04,1.07823835e-03,5.05701477e-04,4.82042928e-04,3.54286766e-04,7.89012597e-04,3.84451415e-04,5.29360025e-04,1.52597639e-04,1.40176901e-04,1.39585437e-04,1.50823247e-04,1.37811046e-04,2.11744010e-04,4.96829521e-05,5.08658795e-05,4.96829521e-05,4.85000247e-05,4.61341698e-05,4.61341698e-05,4.55427061e-05,4.49512424e-05,4.43597787e-05,4.37683150e-05,2.42500123e-05
ildl_bin_edges: 0.        , 0.46964075, 0.9392815 , 1.40892225, 1.878563  , 2.34820375, 2.8178445 , 3.28748525, 3.757126  , 4.22676675, 4.6964075 , 5.16604825, 5.635689  , 6.10532975, 6.5749705 , 7.04461125, 7.514252  , 7.98389275, 8.4535335 , 8.92317425, 9.392815  , 9.86245575,10.3320965 ,10.80173725,11.271378  ,11.74101875,12.2106595 ,12.68030025,13.149941  ,13.61958175,14.0892225 ,14.55886325,15.028504  ,15.49814475,15.9677855 ,16.43742625,16.907067  ,17.37670775,17.8463485 ,18.31598925,18.78563   
eul:3.93030667e+01,0.00000000e+00,3.54034478e-04,7.78875851e-04,1.30992757e-03,1.23912067e-03,9.91296537e-04,2.00619537e-03,2.39563330e-03,1.95191009e-02,3.14284667e+00,3.44593558e-03,1.93538848e-03,1.07390458e-03,1.06210343e-03,1.12110918e-03,6.72665508e-04,0.00000000e+00,1.29812642e-04,2.47824134e-04,3.54034478e-05,0.00000000e+00,0.00000000e+00,0.00000000e+00,0.00000000e+00,9.44091940e-05,0.00000000e+00,4.72045970e-05,0.00000000e+00,0.00000000e+00,3.54034478e-05,0.00000000e+00,0.00000000e+00,0.00000000e+00,0.00000000e+00,0.00000000e+00,0.00000000e+00,0.00000000e+00,0.00000000e+00,8.26080448e-05
eul_bin_edges:0.        ,0.023538  ,0.047076  ,0.070614  ,0.094152  ,0.11769001,0.14122801,0.16476601,0.18830401,0.21184201,0.23538001,0.25891801,0.28245601,0.30599401,0.32953201,0.35307002,0.37660802,0.40014602,0.42368402,0.44722202,0.47076002,0.49429802,0.51783602,0.54137402,0.56491202,0.58845002,0.61198803,0.63552603,0.65906403,0.68260203,0.70614003,0.72967803,0.75321603,0.77675403,0.80029203,0.82383003,0.84736804,0.87090604,0.89444404,0.91798204,0.94152004
edl:4.27374156e+01,0.00000000e+00,2.39626866e-05,1.19813433e-04,2.15664179e-04,1.55757463e-04,1.43776120e-04,2.39626866e-04,2.87552239e-04,9.46526120e-04,3.92197291e-01,4.67272389e-04,2.75570896e-04,1.67738806e-04,1.43776120e-04,1.31794776e-04,1.79720149e-04,0.00000000e+00,1.19813433e-05,1.19813433e-05,2.39626866e-05,0.00000000e+00,0.00000000e+00,0.00000000e+00,0.00000000e+00,0.00000000e+00,1.19813433e-05,1.19813433e-05,0.00000000e+00,0.00000000e+00,0.00000000e+00,0.00000000e+00,0.00000000e+00,0.00000000e+00,0.00000000e+00,0.00000000e+00,0.00000000e+00,0.00000000e+00,0.00000000e+00,1.19813433e-05
edl_bin_edges:0.      ,0.023184,0.046368,0.069552,0.092736,0.11592 ,0.139104,0.162288,0.185472,0.208656,0.23184 ,0.255024,0.278208,0.301392,0.324576,0.34776 ,0.370944,0.394128,0.417312,0.440496,0.46368 ,0.486864,0.510048,0.533232,0.556416,0.5796  ,0.602784,0.625968,0.649152,0.672336,0.69552 ,0.718704,0.741888,0.765072,0.788256,0.81144 ,0.834624,0.857808,0.880992,0.904176,0.92736 
gul:3.18186127e+00,0.00000000e+00,2.12420687e-03,4.88567579e-03,6.47883094e-03,7.61174127e-03,5.38132406e-03,1.18011493e-02,1.67222285e-02,2.16621896e-01,3.89584968e+01,3.54978570e-02,1.08098527e-02,6.36081945e-03,6.37262060e-03,5.95958037e-03,3.57574822e-03,0.00000000e+00,9.32290791e-04,1.16831378e-03,3.18631030e-04,0.00000000e+00,0.00000000e+00,0.00000000e+00,0.00000000e+00,2.59625284e-04,0.00000000e+00,3.06829881e-04,0.00000000e+00,0.00000000e+00,3.18631030e-04,0.00000000e+00,0.00000000e+00,0.00000000e+00,0.00000000e+00,0.00000000e+00,0.00000000e+00,0.00000000e+00,0.00000000e+00,6.25460911e-04
gul_bin_edges:0.        ,0.023538  ,0.047076  ,0.070614  ,0.094152  ,0.11769001,0.14122801,0.16476601,0.18830401,0.21184201,0.23538001,0.25891801,0.28245601,0.30599401,0.32953201,0.35307002,0.37660802,0.40014602,0.42368402,0.44722202,0.47076002,0.49429802,0.51783602,0.54137402,0.56491202,0.58845002,0.61198803,0.63552603,0.65906403,0.68260203,0.70614003,0.72967803,0.75321603,0.77675403,0.80029203,0.82383003,0.84736804,0.87090604,0.89444404,0.91798204,0.94152004
gdl:3.90193199e-01,0.00000000e+00,2.44283790e-03,5.54654015e-03,7.58813897e-03,8.68564585e-03,6.23100681e-03,1.35359182e-02,1.88228331e-02,2.33768966e-01,4.17165080e+01,3.85307523e-02,1.24738148e-02,7.30491139e-03,7.29311024e-03,6.91547346e-03,4.13040224e-03,0.00000000e+00,1.05030228e-03,1.38073446e-03,3.54034478e-04,0.00000000e+00,0.00000000e+00,0.00000000e+00,0.00000000e+00,3.42233328e-04,0.00000000e+00,3.42233328e-04,0.00000000e+00,0.00000000e+00,3.54034478e-04,0.00000000e+00,0.00000000e+00,0.00000000e+00,0.00000000e+00,0.00000000e+00,0.00000000e+00,0.00000000e+00,0.00000000e+00,6.96267806e-04
gdl_bin_edges:0.        ,0.023538  ,0.047076  ,0.070614  ,0.094152  ,0.11769001,0.14122801,0.16476601,0.18830401,0.21184201,0.23538001,0.25891801,0.28245601,0.30599401,0.32953201,0.35307002,0.37660802,0.40014602,0.42368402,0.44722202,0.47076002,0.49429802,0.51783602,0.54137402,0.56491202,0.58845002,0.61198803,0.63552603,0.65906403,0.68260203,0.70614003,0.72967803,0.75321603,0.77675403,0.80029203,0.82383003,0.84736804,0.87090604,0.89444404,0.91798204,0.94152004
ri:34.14014328, 0.        , 0.        , 0.        , 0.        , 0.        , 0.        , 0.        , 0.        , 0.        , 0.        , 0.        , 0.        , 0.        , 0.        , 0.        , 0.        , 0.        , 0.        , 0.        , 0.        , 0.        , 0.        , 0.        , 0.        , 0.        , 0.        , 0.        , 0.        , 0.        , 0.        , 0.        , 0.        , 0.        , 0.        , 0.        , 0.        , 0.        , 0.        , 5.85985672
ri_bin_edges:1.   ,1.025,1.05 ,1.075,1.1  ,1.125,1.15 ,1.175,1.2  ,1.225,1.25 ,1.275,1.3  ,1.325,1.35 ,1.375,1.4  ,1.425,1.45 ,1.475,1.5  ,1.525,1.55 ,1.575,1.6  ,1.625,1.65 ,1.675,1.7  ,1.725,1.75 ,1.775,1.8  ,1.825,1.85 ,1.875,1.9  ,1.925,1.95 ,1.975,2.   
