period:1
ue_log_freq:1000
mac_log_freq:1000
mimo_layers:2
frequency:2412000000.0
bandwidth:50000000
ue_speed:5.555555555555555
max_distance:1000
shannon_cfg_bandwidth_mhz:50.0
shannon_cfg_mimo_layers:2
shannon_cfg_bw_efficiency:0.67
shannon_cfg_sinr_offset_db:0
shannon_cfg_ul_divisor:2
shannon_cfg_sinr_sample_rate:1000
n_ue:1
sinr_period:9.463597741343282
sinr_rate:105.66805852612856
ul_fairness:1.0
dl_fairness:1.0
ul_agg_throughput:0.0014730410076923075
dl_agg_throughput:0.0025431350690909085
ul_ave_throughput:0.0014730410076923075
dl_ave_throughput:0.0025431350690909085
ul_se:2.9460820153846153e-05
dl_se:5.086270138181817e-05
ul_ase:9.377670310051896e-12
dl_ase:1.6190100687846676e-11
ul_gr:0.005978512272707072
dl_gr:0.0027173157119048945
ul_tr:0.00545054186884062
dl_tr:0.002648119507249598
ul_er:0.0
dl_er:0.0
ul_er_ratio:0.0
dl_er_ratio:0.0
ul_er_perc:0.0
dl_er_perc:0.0
ul_l:2.76374291428254e-05
dl_l:2.8838500055552475e-05
ul_il:4.8461741969890566e-05
dl_il:3.4660296783512036e-05
sinr_ul: 0., 0., 0., 0., 0., 0., 0., 0., 0., 0., 0., 0., 0., 0., 0., 0., 0., 0., 0., 0.,40., 0., 0., 0., 0., 0., 0., 0., 0., 0., 0., 0., 0., 0., 0., 0., 0., 0., 0., 0.
sinr_ul_bin_edges:32.135014,32.160014,32.185014,32.210014,32.235014,32.260014,32.285014,32.310014,32.335014,32.360014,32.385014,32.410014,32.435014,32.460014,32.485014,32.510014,32.535014,32.560014,32.585014,32.610014,32.635014,32.660014,32.685014,32.710014,32.735014,32.760014,32.785014,32.810014,32.835014,32.860014,32.885014,32.910014,32.935014,32.960014,32.985014,33.010014,33.035014,33.060014,33.085014,33.110014,33.135014
sinr_dl: 0., 0., 0., 0., 0., 0., 0., 0., 0., 0., 0., 0., 0., 0., 0., 0., 0., 0., 0., 0.,40., 0., 0., 0., 0., 0., 0., 0., 0., 0., 0., 0., 0., 0., 0., 0., 0., 0., 0., 0.
sinr_dl_bin_edges:41.571747,41.596747,41.621747,41.646747,41.671747,41.696747,41.721747,41.746747,41.771747,41.796747,41.821747,41.846747,41.871747,41.896747,41.921747,41.946747,41.971747,41.996747,42.021747,42.046747,42.071747,42.096747,42.121747,42.146747,42.171747,42.196747,42.221747,42.246747,42.271747,42.296747,42.321747,42.346747,42.371747,42.396747,42.421747,42.446747,42.471747,42.496747,42.521747,42.546747,42.571747
rsrp_ul: 0., 0., 0., 0., 0., 0., 0., 0., 0., 0., 0., 0., 0., 0., 0., 0., 0., 0., 0., 0.,40., 0., 0., 0., 0., 0., 0., 0., 0., 0., 0., 0., 0., 0., 0., 0., 0., 0., 0., 0.
rsrp_ul_bin_edges:-90.69526,-90.67026,-90.64526,-90.62026,-90.59526,-90.57026,-90.54526,-90.52026,-90.49526,-90.47026,-90.44526,-90.42026,-90.39526,-90.37026,-90.34526,-90.32026,-90.29526,-90.27026,-90.24526,-90.22026,-90.19526,-90.17026,-90.14526,-90.12026,-90.09526,-90.07026,-90.04526,-90.02026,-89.99526,-89.97026,-89.94526,-89.92026,-89.89526,-89.87026,-89.84526,-89.82026,-89.79526,-89.77026,-89.74526,-89.72026,-89.69526
rsrp_dl: 0., 0., 0., 0., 0., 0., 0., 0., 0., 0., 0., 0., 0., 0., 0., 0., 0., 0., 0., 0.,40., 0., 0., 0., 0., 0., 0., 0., 0., 0., 0., 0., 0., 0., 0., 0., 0., 0., 0., 0.
rsrp_dl_bin_edges:-87.68496,-87.65996,-87.63496,-87.60996,-87.58496,-87.55996,-87.53496,-87.50996,-87.48496,-87.45996,-87.43496,-87.40996,-87.38496,-87.35996,-87.33496,-87.30996,-87.28496,-87.25996,-87.23496,-87.20996,-87.18496,-87.15996,-87.13496,-87.10996,-87.08496,-87.05996,-87.03496,-87.00996,-86.98496,-86.95996,-86.93496,-86.90996,-86.88496,-86.85996,-86.83496,-86.80996,-86.78496,-86.75996,-86.73496,-86.70996,-86.68496
cqi_ul: 0., 0., 0., 0., 0., 0., 0., 0., 0., 0., 0., 0., 0., 0., 0., 0., 0., 0., 0., 0.,40., 0., 0., 0., 0., 0., 0., 0., 0., 0., 0., 0., 0., 0., 0., 0., 0., 0., 0., 0.
cqi_ul_bin_edges:12.5  ,12.525,12.55 ,12.575,12.6  ,12.625,12.65 ,12.675,12.7  ,12.725,12.75 ,12.775,12.8  ,12.825,12.85 ,12.875,12.9  ,12.925,12.95 ,12.975,13.   ,13.025,13.05 ,13.075,13.1  ,13.125,13.15 ,13.175,13.2  ,13.225,13.25 ,13.275,13.3  ,13.325,13.35 ,13.375,13.4  ,13.425,13.45 ,13.475,13.5  
cqi_dl: 0., 0., 0., 0., 0., 0., 0., 0., 0., 0., 0., 0., 0., 0., 0., 0., 0., 0., 0., 0.,40., 0., 0., 0., 0., 0., 0., 0., 0., 0., 0., 0., 0., 0., 0., 0., 0., 0., 0., 0.
cqi_dl_bin_edges:14.5  ,14.525,14.55 ,14.575,14.6  ,14.625,14.65 ,14.675,14.7  ,14.725,14.75 ,14.775,14.8  ,14.825,14.85 ,14.875,14.9  ,14.925,14.95 ,14.975,15.   ,15.025,15.05 ,15.075,15.1  ,15.125,15.15 ,15.175,15.2  ,15.225,15.25 ,15.275,15.3  ,15.325,15.35 ,15.375,15.4  ,15.425,15.45 ,15.475,15.5  
mcs_ul: 0., 0., 0., 0., 0., 0., 0., 0., 0., 0., 0., 0., 0., 0., 0., 0., 0., 0., 0., 0.,40., 0., 0., 0., 0., 0., 0., 0., 0., 0., 0., 0., 0., 0., 0., 0., 0., 0., 0., 0.
mcs_ul_bin_edges:23.5  ,23.525,23.55 ,23.575,23.6  ,23.625,23.65 ,23.675,23.7  ,23.725,23.75 ,23.775,23.8  ,23.825,23.85 ,23.875,23.9  ,23.925,23.95 ,23.975,24.   ,24.025,24.05 ,24.075,24.1  ,24.125,24.15 ,24.175,24.2  ,24.225,24.25 ,24.275,24.3  ,24.325,24.35 ,24.375,24.4  ,24.425,24.45 ,24.475,24.5  
mcs_dl: 0., 0., 0., 0., 0., 0., 0., 0., 0., 0., 0., 0., 0., 0., 0., 0., 0., 0., 0., 0.,40., 0., 0., 0., 0., 0., 0., 0., 0., 0., 0., 0., 0., 0., 0., 0., 0., 0., 0., 0.
mcs_dl_bin_edges:27.5  ,27.525,27.55 ,27.575,27.6  ,27.625,27.65 ,27.675,27.7  ,27.725,27.75 ,27.775,27.8  ,27.825,27.85 ,27.875,27.9  ,27.925,27.95 ,27.975,28.   ,28.025,28.05 ,28.075,28.1  ,28.125,28.15 ,28.175,28.2  ,28.225,28.25 ,28.275,28.3  ,28.325,28.35 ,28.375,28.4  ,28.425,28.45 ,28.475,28.5  
eff_ul: 0., 0., 0., 0., 0., 0., 0., 0., 0., 0., 0., 0., 0., 0., 0., 0., 0., 0., 0., 0.,40., 0., 0., 0., 0., 0., 0., 0., 0., 0., 0., 0., 0., 0., 0., 0., 0., 0., 0., 0.
eff_ul_bin_edges:6.0703015,6.0953015,6.1203015,6.1453015,6.1703015,6.1953015,6.2203015,6.2453015,6.2703015,6.2953015,6.3203015,6.3453015,6.3703015,6.3953015,6.4203015,6.4453015,6.4703015,6.4953015,6.5203015,6.5453015,6.5703015,6.5953015,6.6203015,6.6453015,6.6703015,6.6953015,6.7203015,6.7453015,6.7703015,6.7953015,6.8203015,6.8453015,6.8703015,6.8953015,6.9203015,6.9453015,6.9703015,6.9953015,7.0203015,7.0453015,7.0703015
eff_dl: 0., 0., 0., 0., 0., 0., 0., 0., 0., 0., 0., 0., 0., 0., 0., 0., 0., 0., 0., 0.,40., 0., 0., 0., 0., 0., 0., 0., 0., 0., 0., 0., 0., 0., 0., 0., 0., 0., 0., 0.
eff_dl_bin_edges:6.9063025,6.9313025,6.9563025,6.9813025,7.0063025,7.0313025,7.0563025,7.0813025,7.1063025,7.1313025,7.1563025,7.1813025,7.2063025,7.2313025,7.2563025,7.2813025,7.3063025,7.3313025,7.3563025,7.3813025,7.4063025,7.4313025,7.4563025,7.4813025,7.5063025,7.5313025,7.5563025,7.5813025,7.6063025,7.6313025,7.6563025,7.6813025,7.7063025,7.7313025,7.7563025,7.7813025,7.8063025,7.8313025,7.8563025,7.8813025,7.9063025
rul:7.55453070e+00,0.00000000e+00,4.20724588e-04,0.00000000e+00,0.00000000e+00,3.36579670e-03,4.20724588e-04,8.41449175e-04,0.00000000e+00,0.00000000e+00,0.00000000e+00,0.00000000e+00,0.00000000e+00,4.20724588e-04,5.46941964e-03,1.68289835e-03,0.00000000e+00,0.00000000e+00,0.00000000e+00,0.00000000e+00,0.00000000e+00,4.20724588e-04,4.20724588e-04,1.68289835e-03,8.41449175e-04,1.68289835e-03,4.20724588e-04,0.00000000e+00,0.00000000e+00,4.20724588e-04,0.00000000e+00,0.00000000e+00,0.00000000e+00,0.00000000e+00,0.00000000e+00,0.00000000e+00,0.00000000e+00,0.00000000e+00,0.00000000e+00,4.20724588e-04
rul_bin_edges:0.        ,0.13203999,0.26407997,0.39611996,0.52815995,0.66019994,0.79223992,0.92427991,1.0563199 ,1.18835989,1.32039987,1.45243986,1.58447985,1.71651984,1.84855982,1.98059981,2.1126398 ,2.24467979,2.37671977,2.50875976,2.64079975,2.77283974,2.90487972,3.03691971,3.1689597 ,3.30099969,3.43303967,3.56507966,3.69711965,3.82915964,3.96119962,4.09323961,4.2252796 ,4.35731959,4.48935957,4.62139956,4.75343955,4.88547954,5.01751952,5.14955951,5.2815995 
rdl:9.84344998e+00,3.29102306e-03,5.48503844e-04,0.00000000e+00,9.32456535e-03,0.00000000e+00,4.38803075e-03,3.29102306e-03,5.48503844e-04,0.00000000e+00,5.48503844e-04,5.48503844e-04,4.38803075e-03,1.09700769e-03,0.00000000e+00,0.00000000e+00,0.00000000e+00,0.00000000e+00,0.00000000e+00,5.48503844e-04,1.09700769e-03,0.00000000e+00,0.00000000e+00,0.00000000e+00,0.00000000e+00,0.00000000e+00,0.00000000e+00,0.00000000e+00,0.00000000e+00,0.00000000e+00,0.00000000e+00,0.00000000e+00,0.00000000e+00,0.00000000e+00,0.00000000e+00,0.00000000e+00,0.00000000e+00,0.00000000e+00,0.00000000e+00,5.48503844e-04
rdl_bin_edges:0.     ,0.10128,0.20256,0.30384,0.40512,0.5064 ,0.60768,0.70896,0.81024,0.91152,1.0128 ,1.11408,1.21536,1.31664,1.41792,1.5192 ,1.62048,1.72176,1.82304,1.92432,2.0256 ,2.12688,2.22816,2.32944,2.43072,2.532  ,2.63328,2.73456,2.83584,2.93712,3.0384 ,3.13968,3.24096,3.34224,3.44352,3.5448 ,3.64608,3.74736,3.84864,3.94992,4.0512 
lul:9.80297346e+03,0.00000000e+00,0.00000000e+00,0.00000000e+00,0.00000000e+00,0.00000000e+00,0.00000000e+00,0.00000000e+00,0.00000000e+00,0.00000000e+00,0.00000000e+00,0.00000000e+00,0.00000000e+00,0.00000000e+00,0.00000000e+00,0.00000000e+00,0.00000000e+00,0.00000000e+00,0.00000000e+00,0.00000000e+00,0.00000000e+00,0.00000000e+00,0.00000000e+00,0.00000000e+00,0.00000000e+00,0.00000000e+00,0.00000000e+00,0.00000000e+00,0.00000000e+00,6.48148635e+01,0.00000000e+00,0.00000000e+00,0.00000000e+00,0.00000000e+00,5.49278504e-01,0.00000000e+00,0.00000000e+00,0.00000000e+00,5.49278504e-01,1.86754691e+01
lul_bin_edges:0.        ,0.00010114,0.00020227,0.00030341,0.00040455,0.00050569,0.00060682,0.00070796,0.0008091 ,0.00091023,0.00101137,0.00111251,0.00121365,0.00131478,0.00141592,0.00151706,0.00161819,0.00171933,0.00182047,0.00192161,0.00202274,0.00212388,0.00222502,0.00232615,0.00242729,0.00252843,0.00262957,0.0027307 ,0.00283184,0.00293298,0.00303411,0.00313525,0.00323639,0.00333753,0.00343866,0.0035398 ,0.00364094,0.00374208,0.00384321,0.00394435,0.00404549
ldl:9.85845416e+03,0.00000000e+00,0.00000000e+00,0.00000000e+00,0.00000000e+00,0.00000000e+00,0.00000000e+00,0.00000000e+00,0.00000000e+00,0.00000000e+00,0.00000000e+00,0.00000000e+00,0.00000000e+00,0.00000000e+00,0.00000000e+00,0.00000000e+00,0.00000000e+00,0.00000000e+00,0.00000000e+00,0.00000000e+00,0.00000000e+00,0.00000000e+00,0.00000000e+00,0.00000000e+00,0.00000000e+00,0.00000000e+00,0.00000000e+00,0.00000000e+00,0.00000000e+00,7.18465658e+01,5.52665891e-01,5.52665891e-01,0.00000000e+00,0.00000000e+00,1.10533178e+00,0.00000000e+00,0.00000000e+00,5.52665891e-01,0.00000000e+00,1.54746449e+01
ldl_bin_edges:0.        ,0.00010052,0.00020103,0.00030155,0.00040207,0.00050259,0.0006031 ,0.00070362,0.00080414,0.00090466,0.00100517,0.00110569,0.00120621,0.00130672,0.00140724,0.00150776,0.00160828,0.00170879,0.00180931,0.00190983,0.00201035,0.00211086,0.00221138,0.0023119 ,0.00241241,0.00251293,0.00261345,0.00271397,0.00281448,0.002915  ,0.00301552,0.00311604,0.00321655,0.00331707,0.00341759,0.0035181 ,0.00361862,0.00371914,0.00381966,0.00392017,0.00402069
ilul:3.59041734e+03,0.00000000e+00,0.00000000e+00,0.00000000e+00,0.00000000e+00,0.00000000e+00,0.00000000e+00,0.00000000e+00,0.00000000e+00,0.00000000e+00,9.05299381e+00,0.00000000e+00,2.01177640e-01,0.00000000e+00,5.63297392e+00,0.00000000e+00,0.00000000e+00,2.01177640e-01,1.60942112e+00,2.01177640e-01,0.00000000e+00,2.81648696e+00,0.00000000e+00,2.01177640e-01,0.00000000e+00,1.60942112e+00,0.00000000e+00,0.00000000e+00,2.61530932e+00,1.00588820e+00,0.00000000e+00,0.00000000e+00,2.41413168e+00,0.00000000e+00,0.00000000e+00,2.01177640e-01,2.61530932e+00,0.00000000e+00,0.00000000e+00,6.03532920e-01
ilul_bin_edges:0.        ,0.00027614,0.00055227,0.00082841,0.00110455,0.00138068,0.00165682,0.00193295,0.00220909,0.00248523,0.00276136,0.0030375 ,0.00331364,0.00358977,0.00386591,0.00414205,0.00441818,0.00469432,0.00497046,0.00524659,0.00552273,0.00579886,0.006075  ,0.00635114,0.00662727,0.00690341,0.00717955,0.00745568,0.00773182,0.00800796,0.00828409,0.00856023,0.00883636,0.0091125 ,0.00938864,0.00966477,0.00994091,0.01021705,0.01049318,0.01076932,0.01104546
ildl:5.64396866e+03,0.00000000e+00,0.00000000e+00,0.00000000e+00,0.00000000e+00,0.00000000e+00,0.00000000e+00,0.00000000e+00,0.00000000e+00,0.00000000e+00,0.00000000e+00,0.00000000e+00,0.00000000e+00,0.00000000e+00,0.00000000e+00,0.00000000e+00,0.00000000e+00,3.00581356e+01,3.16401427e-01,0.00000000e+00,0.00000000e+00,0.00000000e+00,7.27723283e+00,0.00000000e+00,3.16401427e-01,0.00000000e+00,0.00000000e+00,0.00000000e+00,6.64442997e+00,0.00000000e+00,0.00000000e+00,3.16401427e-01,0.00000000e+00,0.00000000e+00,5.69522569e+00,0.00000000e+00,0.00000000e+00,0.00000000e+00,3.16401427e-01,6.32802855e-01
ildl_bin_edges:0.        ,0.00017558,0.00035115,0.00052673,0.0007023 ,0.00087788,0.00105346,0.00122903,0.00140461,0.00158018,0.00175576,0.00193134,0.00210691,0.00228249,0.00245806,0.00263364,0.00280921,0.00298479,0.00316037,0.00333594,0.00351152,0.00368709,0.00386267,0.00403825,0.00421382,0.0043894 ,0.00456497,0.00474055,0.00491613,0.0050917 ,0.00526728,0.00544285,0.00561843,0.00579401,0.00596958,0.00614516,0.00632073,0.00649631,0.00667188,0.00684746,0.00702304
eul: 0., 0., 0., 0., 0., 0., 0., 0., 0., 0., 0., 0., 0., 0., 0., 0., 0., 0., 0., 0.,40., 0., 0., 0., 0., 0., 0., 0., 0., 0., 0., 0., 0., 0., 0., 0., 0., 0., 0., 0.
eul_bin_edges:-0.5  ,-0.475,-0.45 ,-0.425,-0.4  ,-0.375,-0.35 ,-0.325,-0.3  ,-0.275,-0.25 ,-0.225,-0.2  ,-0.175,-0.15 ,-0.125,-0.1  ,-0.075,-0.05 ,-0.025, 0.   , 0.025, 0.05 , 0.075, 0.1  , 0.125, 0.15 , 0.175, 0.2  , 0.225, 0.25 , 0.275, 0.3  , 0.325, 0.35 , 0.375, 0.4  , 0.425, 0.45 , 0.475, 0.5  
edl: 0., 0., 0., 0., 0., 0., 0., 0., 0., 0., 0., 0., 0., 0., 0., 0., 0., 0., 0., 0.,40., 0., 0., 0., 0., 0., 0., 0., 0., 0., 0., 0., 0., 0., 0., 0., 0., 0., 0., 0.
edl_bin_edges:-0.5  ,-0.475,-0.45 ,-0.425,-0.4  ,-0.375,-0.35 ,-0.325,-0.3  ,-0.275,-0.25 ,-0.225,-0.2  ,-0.175,-0.15 ,-0.125,-0.1  ,-0.075,-0.05 ,-0.025, 0.   , 0.025, 0.05 , 0.075, 0.1  , 0.125, 0.15 , 0.175, 0.2  , 0.225, 0.25 , 0.275, 0.3  , 0.325, 0.35 , 0.375, 0.4  , 0.425, 0.45 , 0.475, 0.5  
gul:3.77840962e+00,2.10426020e-04,1.47298214e-03,6.31278060e-04,0.00000000e+00,0.00000000e+00,0.00000000e+00,3.78766836e-03,0.00000000e+00,0.00000000e+00,2.10426020e-04,1.05213010e-03,1.26255612e-03,2.10426020e-04,2.10426020e-04,0.00000000e+00,0.00000000e+00,0.00000000e+00,0.00000000e+00,0.00000000e+00,2.10426020e-04,0.00000000e+00,0.00000000e+00,0.00000000e+00,0.00000000e+00,0.00000000e+00,0.00000000e+00,0.00000000e+00,0.00000000e+00,0.00000000e+00,0.00000000e+00,0.00000000e+00,0.00000000e+00,0.00000000e+00,0.00000000e+00,0.00000000e+00,0.00000000e+00,0.00000000e+00,0.00000000e+00,2.10426020e-04
gul_bin_edges: 0.   , 0.264, 0.528, 0.792, 1.056, 1.32 , 1.584, 1.848, 2.112, 2.376, 2.64 , 2.904, 3.168, 3.432, 3.696, 3.96 , 4.224, 4.488, 4.752, 5.016, 5.28 , 5.544, 5.808, 6.072, 6.336, 6.6  , 6.864, 7.128, 7.392, 7.656, 7.92 , 8.184, 8.448, 8.712, 8.976, 9.24 , 9.504, 9.768,10.032,10.296,10.56 
gdl:9.84344998e+00,3.29102306e-03,0.00000000e+00,0.00000000e+00,9.32456535e-03,0.00000000e+00,4.38803075e-03,2.74251922e-03,5.48503844e-04,0.00000000e+00,1.64551153e-03,0.00000000e+00,4.38803075e-03,1.64551153e-03,0.00000000e+00,0.00000000e+00,0.00000000e+00,0.00000000e+00,0.00000000e+00,5.48503844e-04,1.09700769e-03,0.00000000e+00,0.00000000e+00,0.00000000e+00,0.00000000e+00,0.00000000e+00,0.00000000e+00,0.00000000e+00,0.00000000e+00,0.00000000e+00,0.00000000e+00,0.00000000e+00,0.00000000e+00,0.00000000e+00,0.00000000e+00,0.00000000e+00,0.00000000e+00,0.00000000e+00,0.00000000e+00,5.48503844e-04
gdl_bin_edges:0.     ,0.10128,0.20256,0.30384,0.40512,0.5064 ,0.60768,0.70896,0.81024,0.91152,1.0128 ,1.11408,1.21536,1.31664,1.41792,1.5192 ,1.62048,1.72176,1.82304,1.92432,2.0256 ,2.12688,2.22816,2.32944,2.43072,2.532  ,2.63328,2.73456,2.83584,2.93712,3.0384 ,3.13968,3.24096,3.34224,3.44352,3.5448 ,3.64608,3.74736,3.84864,3.94992,4.0512 
ri: 0., 0., 0., 0., 0., 0., 0., 0., 0., 0., 0., 0., 0., 0., 0., 0., 0., 0., 0., 0.,40., 0., 0., 0., 0., 0., 0., 0., 0., 0., 0., 0., 0., 0., 0., 0., 0., 0., 0., 0.
ri_bin_edges:0.5  ,0.525,0.55 ,0.575,0.6  ,0.625,0.65 ,0.675,0.7  ,0.725,0.75 ,0.775,0.8  ,0.825,0.85 ,0.875,0.9  ,0.925,0.95 ,0.975,1.   ,1.025,1.05 ,1.075,1.1  ,1.125,1.15 ,1.175,1.2  ,1.225,1.25 ,1.275,1.3  ,1.325,1.35 ,1.375,1.4  ,1.425,1.45 ,1.475,1.5  
