period:1.0
ue_log_freq:1000
mac_log_freq:1000
mimo_layers:1
frequency:28000000000.0
bandwidth:300000000.0
ue_speed:0.27778
max_distance:10.0
shannon_cfg_bandwidth_mhz:300.0
shannon_cfg_mimo_layers:1
shannon_cfg_bw_efficiency:0.67
shannon_cfg_sinr_offset_db:0.0
shannon_cfg_ul_divisor:2.0
shannon_cfg_sinr_sample_rate:1000
n_ue:10
sinr_period:16.304296531427745
sinr_rate:61.33352629304954
ul_fairness:0.9999906813960723
dl_fairness:0.8999903191653631
ul_agg_throughput:323.13522987644143
dl_agg_throughput:605.2663976900978
ul_ave_throughput:32.31352298764414
dl_ave_throughput:60.52663976900978
ul_se:1.0771174329214714
dl_se:2.0175546589669926
ul_ase:0.003428571274798103
dl_ase:0.0064220759386536
ul_gr:42.962759419905964, 42.93826236673068, 43.00947288259056, 43.04769551685319, 42.96783524269915, 43.03253162042249, 43.00961591947553, 42.958670948943784, 43.04157870339713, 43.05893980531091
dl_gr:0.14011257532613736, 89.19176809482815, 89.21452287927951, 89.29351499900669, 89.31679425203629, 89.37030594000397, 89.3842599827826, 89.46798225283094, 89.43717568372956, 89.54623137540561
ul_tr:42.79770454605656, 42.76933458115357, 42.84309417985564, 42.88281038805377, 42.803376958479575, 42.86838214144759, 42.846792960598634, 42.793711153433556, 42.87881932574001, 42.89584071703861
dl_tr:0.0, 88.99782018144492, 89.01907785179787, 89.09347876379047, 89.12415623105754, 89.1756770882193, 89.19229663169325, 89.27914862578638, 89.24480162275344, 89.35108864215614
ul_er:155.6969644394411, 155.72399642407788, 155.652785908218, 155.61202834249386, 155.6918886166479, 155.62719223892458, 155.6501079398715, 155.7010529104033, 155.61814515594992, 155.60078405403615
dl_er:198.51961128402093, 109.4679557645189, 109.44520098006755, 109.36874379180186, 109.34292960731078, 109.29195285080459, 109.27799880802597, 109.19427653797761, 109.2225481756175, 109.11349248394147
ul_er_ratio:0.7843886449706947, 0.7845301181427282, 0.7841612926129955, 0.78396007340893, 0.7843607159371813, 0.7840335620818428, 0.7841437686622484, 0.7844088666254648, 0.7839824934466677, 0.7838963722103074
dl_er_ratio:1.0, 0.5515709458860236, 0.5514604523506575, 0.5510809179876336, 0.5509373463384236, 0.5506789841969839, 0.5506012804884277, 0.5501707669320437, 0.5503300582517983, 0.54978823861077
ul_er_perc:78.43886449706947, 78.45301181427283, 78.41612926129955, 78.39600734089301, 78.43607159371813, 78.40335620818428, 78.41437686622484, 78.44088666254649, 78.39824934466677, 78.38963722103074
dl_er_perc:100.0, 55.15709458860236, 55.146045235065756, 55.10809179876336, 55.09373463384236, 55.067898419698395, 55.06012804884277, 55.01707669320437, 55.03300582517983, 54.978823861077
ul_l:0.0003774228917329978, 0.0003769462067810078, 0.0003774599081160188, 0.00037794449998940465, 0.0003773752631335673, 0.00037798174189921193, 0.0003777488194305013, 0.000376736748253758, 0.0003778876220475465, 0.00037824532176014835
dl_l:0.0, 0.0004207360480988014, 0.0004210126475504934, 0.0004215236031746242, 0.0004209208799642408, 0.0004218531464273889, 0.00042180504743262036, 0.0004217952834037481, 0.00042095594968280243, 0.0004201692405430104
ul_il:0.03547718544190451, 0.035417466852102515, 0.0354477724139408, 0.03543338618599166, 0.035391797028316005, 0.035471476609860275, 0.035409245488946424, 0.03533599204535726, 0.03541880405506523, 0.03542542723417919
dl_il:0.0, 0.020708886232785904, 0.02070155193460698, 0.020707508731665453, 0.020711783954128864, 0.02071249726974108, 0.020701599157115422, 0.02071634314503278, 0.02069656526717436, 0.02072201323693795
sinr_ul:0.02169768,0.0183882 ,0.01679622,0.02454035,0.03461412,0.04965321,0.06853464,0.07909282,0.09011782,0.09329959,0.11593969,0.10502919,0.09524828,0.07761314,0.0865375 ,0.08657053,0.04475174,0.034482  ,0.02892217,0.01765056,0.01463834,0.01610041,0.01660245,0.01694374,0.01715733,0.01744358,0.0182671 ,0.01926897,0.02024442,0.023675  ,0.02672686,0.03449742,0.03553012,0.02188705,0.02959595,0.02958935,0.03313663,0.03449962,0.02805021,0.01922273
sinr_ul_bin_edges:50.17849   ,50.77997325,51.3814565 ,51.98293975,52.584423  ,53.18590625,53.7873895 ,54.38887275,54.990356  ,55.59183925,56.1933225 ,56.79480575,57.396289  ,57.99777225,58.5992555 ,59.20073875,59.802222  ,60.40370525,61.0051885 ,61.60667175,62.208155  ,62.80963825,63.4111215 ,64.01260475,64.614088  ,65.21557125,65.8170545 ,66.41853775,67.020021  ,67.62150425,68.2229875 ,68.82447075,69.425954  ,70.02743725,70.6289205 ,71.23040375,71.831887  ,72.43337025,73.0348535 ,73.63633675,74.23782   
rsrp_ul:0.02166664,0.01838575,0.01579094,0.0245847 ,0.03472864,0.0493871 ,0.06816647,0.07873921,0.09034108,0.09406177,0.11556569,0.10299187,0.09675334,0.07752977,0.08636971,0.08533838,0.045706  ,0.0346011 ,0.02907064,0.0178382 ,0.01461009,0.01613618,0.01661556,0.01691463,0.01714772,0.01745778,0.01826261,0.01926974,0.02025269,0.02376888,0.02679689,0.03512666,0.03431743,0.02177219,0.02885074,0.03084303,0.03354778,0.03387543,0.02795355,0.01921037
rsrp_ul_bin_edges:-105.69278   ,-105.09049625,-104.4882125 ,-103.88592875,-103.283645  ,-102.68136125,-102.0790775 ,-101.47679375,-100.87451   ,-100.27222625, -99.6699425 , -99.06765875, -98.465375  , -97.86309125, -97.2608075 , -96.65852375, -96.05624   , -95.45395625, -94.8516725 , -94.24938875, -93.647105  , -93.04482125, -92.4425375 , -91.84025375, -91.23797   , -90.63568625, -90.0334025 , -89.43111875, -88.828835  , -88.22655125, -87.6242675 , -87.02198375, -86.4197    , -85.81741625, -85.2151325 , -84.61284875, -84.010565  , -83.40828125, -82.8059975 , -82.20371375, -81.60143   
cqi_ul: 0., 0., 0., 0., 0., 0., 0., 0., 0., 0., 0., 0., 0., 0., 0., 0., 0., 0., 0., 0.,40., 0., 0., 0., 0., 0., 0., 0., 0., 0., 0., 0., 0., 0., 0., 0., 0., 0., 0., 0.
cqi_ul_bin_edges:14.5  ,14.525,14.55 ,14.575,14.6  ,14.625,14.65 ,14.675,14.7  ,14.725,14.75 ,14.775,14.8  ,14.825,14.85 ,14.875,14.9  ,14.925,14.95 ,14.975,15.   ,15.025,15.05 ,15.075,15.1  ,15.125,15.15 ,15.175,15.2  ,15.225,15.25 ,15.275,15.3  ,15.325,15.35 ,15.375,15.4  ,15.425,15.45 ,15.475,15.5  
cqi_dl:0.26666667,0.        ,0.        ,0.        ,0.        ,0.        ,0.        ,0.        ,0.        ,0.        ,0.        ,0.        ,0.        ,0.        ,0.        ,0.        ,0.        ,0.        ,0.        ,0.        ,0.        ,0.        ,0.        ,0.        ,0.        ,0.        ,0.        ,0.        ,0.        ,0.        ,0.        ,0.        ,0.        ,0.        ,0.        ,0.        ,0.        ,0.        ,0.        ,2.4       
cqi_dl_bin_edges: 0.   , 0.375, 0.75 , 1.125, 1.5  , 1.875, 2.25 , 2.625, 3.   , 3.375, 3.75 , 4.125, 4.5  , 4.875, 5.25 , 5.625, 6.   , 6.375, 6.75 , 7.125, 7.5  , 7.875, 8.25 , 8.625, 9.   , 9.375, 9.75 ,10.125,10.5  ,10.875,11.25 ,11.625,12.   ,12.375,12.75 ,13.125,13.5  ,13.875,14.25 ,14.625,15.   
mcs_ul: 0., 0., 0., 0., 0., 0., 0., 0., 0., 0., 0., 0., 0., 0., 0., 0., 0., 0., 0., 0.,40., 0., 0., 0., 0., 0., 0., 0., 0., 0., 0., 0., 0., 0., 0., 0., 0., 0., 0., 0.
mcs_ul_bin_edges:27.5  ,27.525,27.55 ,27.575,27.6  ,27.625,27.65 ,27.675,27.7  ,27.725,27.75 ,27.775,27.8  ,27.825,27.85 ,27.875,27.9  ,27.925,27.95 ,27.975,28.   ,28.025,28.05 ,28.075,28.1  ,28.125,28.15 ,28.175,28.2  ,28.225,28.25 ,28.275,28.3  ,28.325,28.35 ,28.375,28.4  ,28.425,28.45 ,28.475,28.5  
mcs_dl:0.14285714,0.        ,0.        ,0.        ,0.        ,0.        ,0.        ,0.        ,0.        ,0.        ,0.        ,0.        ,0.        ,0.        ,0.        ,0.        ,0.        ,0.        ,0.        ,0.        ,0.        ,0.        ,0.        ,0.        ,0.        ,0.        ,0.        ,0.        ,0.        ,0.        ,0.        ,0.        ,0.        ,0.        ,0.        ,0.        ,0.        ,0.        ,0.        ,1.28571429
mcs_dl_bin_edges: 0. , 0.7, 1.4, 2.1, 2.8, 3.5, 4.2, 4.9, 5.6, 6.3, 7. , 7.7, 8.4, 9.1, 9.8,10.5,11.2,11.9,12.6,13.3,14. ,14.7,15.4,16.1,16.8,17.5,18.2,18.9,19.6,20.3,21. ,21.7,22.4,23.1,23.8,24.5,25.2,25.9,26.6,27.3,28. 
eff_ul: 0., 0., 0., 0., 0., 0., 0., 0., 0., 0., 0., 0., 0., 0., 0., 0., 0., 0., 0., 0.,40., 0., 0., 0., 0., 0., 0., 0., 0., 0., 0., 0., 0., 0., 0., 0., 0., 0., 0., 0.
eff_ul_bin_edges:5.054651,5.079651,5.104651,5.129651,5.154651,5.179651,5.204651,5.229651,5.254651,5.279651,5.304651,5.329651,5.354651,5.379651,5.404651,5.429651,5.454651,5.479651,5.504651,5.529651,5.554651,5.579651,5.604651,5.629651,5.654651,5.679651,5.704651,5.729651,5.754651,5.779651,5.804651,5.829651,5.854651,5.879651,5.904651,5.929651,5.954651,5.979651,6.004651,6.029651,6.054651
eff_dl:0.72011725,0.        ,0.        ,0.        ,0.        ,0.        ,0.        ,0.        ,0.        ,0.        ,0.        ,0.        ,0.        ,0.        ,0.        ,0.        ,0.        ,0.        ,0.        ,0.        ,0.        ,0.        ,0.        ,0.        ,0.        ,0.        ,0.        ,0.        ,0.        ,0.        ,0.        ,0.        ,0.        ,0.        ,0.        ,0.        ,0.        ,0.        ,0.        ,6.48105525
eff_dl_bin_edges:0.        ,0.13886627,0.27773255,0.41659882,0.5554651 ,0.69433137,0.83319765,0.97206392,1.1109302 ,1.24979647,1.38866275,1.52752902,1.6663953 ,1.80526157,1.94412785,2.08299412,2.2218604 ,2.36072667,2.49959295,2.63845922,2.7773255 ,2.91619177,3.05505805,3.19392432,3.3327906 ,3.47165687,3.61052315,3.74938942,3.8882557 ,4.02712197,4.16598825,4.30485452,4.4437208 ,4.58258707,4.72145335,4.86031962,4.9991859 ,5.13805217,5.27691845,5.41578472,5.554651  
rul:4.20349815e-02,0.00000000e+00,6.18309705e-08,0.00000000e+00,0.00000000e+00,1.85492912e-07,0.00000000e+00,0.00000000e+00,0.00000000e+00,6.18309705e-08,6.18309705e-08,0.00000000e+00,0.00000000e+00,0.00000000e+00,0.00000000e+00,0.00000000e+00,0.00000000e+00,0.00000000e+00,0.00000000e+00,0.00000000e+00,4.63206716e-03,0.00000000e+00,0.00000000e+00,0.00000000e+00,0.00000000e+00,0.00000000e+00,0.00000000e+00,0.00000000e+00,0.00000000e+00,0.00000000e+00,0.00000000e+00,0.00000000e+00,0.00000000e+00,0.00000000e+00,0.00000000e+00,0.00000000e+00,0.00000000e+00,0.00000000e+00,0.00000000e+00,1.80546434e-05
rul_bin_edges:  0.        , 21.41993875, 42.8398775 , 64.25981625, 85.679755  ,107.09969375,128.5196325 ,149.93957125,171.35951   ,192.77944875,214.1993875 ,235.61932625,257.039265  ,278.45920375,299.8791425 ,321.29908125,342.71902   ,364.13895875,385.5588975 ,406.97883625,428.398775  ,449.81871375,471.2386525 ,492.65859125,514.07853   ,535.49846875,556.9184075 ,578.33834625,599.758285  ,621.17822375,642.5981625 ,664.01810125,685.43804   ,706.85797875,728.2779175 ,749.69785625,771.117795  ,792.53773375,813.9576725 ,835.37761125,856.79755   
rdl:2.24294936e-02,3.30068291e-08,3.30068291e-08,1.98040974e-07,0.00000000e+00,0.00000000e+00,9.90204872e-08,0.00000000e+00,6.60136581e-08,3.30068291e-08,3.30068291e-08,0.00000000e+00,0.00000000e+00,0.00000000e+00,0.00000000e+00,0.00000000e+00,0.00000000e+00,0.00000000e+00,3.30068291e-08,0.00000000e+00,2.49168553e-03,0.00000000e+00,0.00000000e+00,0.00000000e+00,0.00000000e+00,0.00000000e+00,0.00000000e+00,0.00000000e+00,0.00000000e+00,0.00000000e+00,0.00000000e+00,0.00000000e+00,0.00000000e+00,0.00000000e+00,0.00000000e+00,0.00000000e+00,0.00000000e+00,0.00000000e+00,0.00000000e+00,9.90204872e-08
rdl_bin_edges:   0.       ,  40.1255025,  80.251005 , 120.3765075, 160.50201  , 200.6275125, 240.753015 , 280.8785175, 321.00402  , 361.1295225, 401.255025 , 441.3805275, 481.50603  , 521.6315325, 561.757035 , 601.8825375, 642.00804  , 682.1335425, 722.259045 , 762.3845475, 802.51005  , 842.6355525, 882.761055 , 922.8865575, 963.01206  ,1003.1375625,1043.263065 ,1083.3885675,1123.51407  ,1163.6395725,1203.765075 ,1243.8905775,1284.01608  ,1324.1415825,1364.267085 ,1404.3925875,1444.51809  ,1484.6435925,1524.769095 ,1564.8945975,1605.0201   
lul:3.71117885e+03,0.00000000e+00,0.00000000e+00,0.00000000e+00,0.00000000e+00,0.00000000e+00,0.00000000e+00,0.00000000e+00,0.00000000e+00,0.00000000e+00,0.00000000e+00,0.00000000e+00,2.37517805e+01,2.32113470e+01,8.03062382e+01,1.24741884e+02,9.43848045e+01,4.58385890e+01,1.51867279e+01,2.59298914e+00,3.16617621e-01,1.41932037e-01,3.27535470e-02,2.18356980e-02,1.63767735e-02,0.00000000e+00,1.09178490e-02,5.45892449e-03,0.00000000e+00,0.00000000e+00,5.45892449e-03,0.00000000e+00,5.45892449e-03,0.00000000e+00,5.45892449e-03,0.00000000e+00,0.00000000e+00,0.00000000e+00,0.00000000e+00,5.45892449e-03
lul_bin_edges:0.        ,0.00024261,0.00048523,0.00072784,0.00097046,0.00121307,0.00145569,0.0016983 ,0.00194092,0.00218353,0.00242615,0.00266876,0.00291138,0.00315399,0.00339661,0.00363922,0.00388184,0.00412445,0.00436707,0.00460968,0.0048523 ,0.00509491,0.00533752,0.00558014,0.00582275,0.00606537,0.00630798,0.0065506 ,0.00679321,0.00703583,0.00727844,0.00752106,0.00776367,0.00800629,0.0082489 ,0.00849152,0.00873413,0.00897675,0.00921936,0.00946198,0.00970459
ldl:3.70955755e+03,0.00000000e+00,0.00000000e+00,0.00000000e+00,0.00000000e+00,0.00000000e+00,0.00000000e+00,0.00000000e+00,0.00000000e+00,0.00000000e+00,0.00000000e+00,0.00000000e+00,2.47180101e+01,2.36589788e+01,8.02243544e+01,1.23753818e+02,9.41992011e+01,4.64609064e+01,1.58308810e+01,2.71854440e+00,3.43912243e-01,1.47390961e-01,3.82124715e-02,2.72946225e-02,2.72946225e-02,0.00000000e+00,2.18356980e-02,5.45892449e-03,5.45892449e-03,0.00000000e+00,5.45892449e-03,0.00000000e+00,5.45892449e-03,0.00000000e+00,5.45892449e-03,0.00000000e+00,0.00000000e+00,0.00000000e+00,0.00000000e+00,5.45892449e-03
ldl_bin_edges:0.        ,0.00024261,0.00048523,0.00072784,0.00097046,0.00121307,0.00145569,0.0016983 ,0.00194092,0.00218353,0.00242615,0.00266876,0.00291138,0.00315399,0.00339661,0.00363922,0.00388184,0.00412445,0.00436707,0.00460968,0.0048523 ,0.00509491,0.00533752,0.00558014,0.00582275,0.00606537,0.00630798,0.0065506 ,0.00679321,0.00703583,0.00727844,0.00752106,0.00776367,0.00800629,0.0082489 ,0.00849152,0.00873413,0.00897675,0.00921936,0.00946198,0.00970459
ilul:8.56979595e+01,1.13448962e-03,1.13448962e-03,1.13448962e-03,1.38659843e-03,1.26054402e-03,1.26054402e-03,1.26054402e-03,1.26054402e-03,1.26054402e-03,1.26054402e-03,1.13448962e-03,1.13448962e-03,8.82380817e-04,8.82380817e-04,1.13448962e-03,1.13448962e-03,1.13448962e-03,1.00843522e-03,1.38659843e-03,3.52952327e-03,3.90768648e-03,6.17666572e-03,8.44564497e-03,1.17230594e-02,1.77736708e-02,3.20178182e-02,6.18927116e-02,9.95829780e-02,1.44962563e-01,3.40094778e-01,7.75234575e-01,1.71862572e+00,1.92913658e+00,1.22247560e+00,1.14230500e+00,1.15415411e+00,6.39600038e-01,1.26810729e-01,1.87821060e-02
ilul_bin_edges:0.        ,0.0105067 ,0.0210134 ,0.0315201 ,0.04202679,0.05253349,0.06304019,0.07354689,0.08405359,0.09456029,0.10506699,0.11557368,0.12608038,0.13658708,0.14709378,0.15760048,0.16810718,0.17861387,0.18912057,0.19962727,0.21013397,0.22064067,0.23114737,0.24165407,0.25216076,0.26266746,0.27317416,0.28368086,0.29418756,0.30469426,0.31520096,0.32570765,0.33621435,0.34672105,0.35722775,0.36773445,0.37824115,0.38874784,0.39925454,0.40976124,0.42026794
ildl:1.50021156e+02,1.98687143e-03,1.10381746e-03,2.20763492e-03,1.54534445e-03,1.76610794e-03,1.98687143e-03,1.98687143e-03,1.76610794e-03,1.10381746e-03,1.76610794e-03,1.98687143e-03,1.98687143e-03,1.32458095e-03,1.98687143e-03,8.83053969e-04,1.54534445e-03,1.76610794e-03,1.10381746e-03,5.73985080e-03,8.83053969e-03,1.85441333e-02,3.00238349e-02,5.23209477e-02,7.92540937e-02,4.47046072e-01,1.00668152e+00,1.20735554e+00,1.83962218e+00,2.12793930e+00,2.30962766e+00,1.13560740e+00,1.14642482e+00,1.35548784e+00,1.23428869e+00,1.43739110e+00,8.62302201e-01,2.29594032e-01,7.19688985e-02,3.04653619e-02
ildl_bin_edges:0.        ,0.00599925,0.0119985 ,0.01799775,0.023997  ,0.02999625,0.03599551,0.04199476,0.04799401,0.05399326,0.05999251,0.06599176,0.07199101,0.07799026,0.08398951,0.08998876,0.09598802,0.10198727,0.10798652,0.11398577,0.11998502,0.12598427,0.13198352,0.13798277,0.14398202,0.14998127,0.15598053,0.16197978,0.16797903,0.17397828,0.17997753,0.18597678,0.19197603,0.19797528,0.20397453,0.20997378,0.21597304,0.22197229,0.22797154,0.23397079,0.23997004
eul:6.93277315e-03,0.00000000e+00,0.00000000e+00,0.00000000e+00,7.88550252e-05,1.14096668e-02,8.05932183e-03,3.92917890e-03,1.20180978e-03,2.24683970e-04,5.78833939e-05,1.46294041e-05,5.91941208e-06,2.11407574e-06,2.02951271e-06,2.07179423e-06,6.34222723e-07,1.01475636e-06,6.76504238e-07,3.38252119e-07,0.00000000e+00,0.00000000e+00,0.00000000e+00,0.00000000e+00,0.00000000e+00,0.00000000e+00,7.18785753e-07,0.00000000e+00,0.00000000e+00,0.00000000e+00,0.00000000e+00,0.00000000e+00,0.00000000e+00,0.00000000e+00,0.00000000e+00,0.00000000e+00,0.00000000e+00,0.00000000e+00,0.00000000e+00,3.38252119e-07
eul_bin_edges:   0.     ,  31.32375,  62.6475 ,  93.97125, 125.295  , 156.61875, 187.9425 , 219.26625, 250.59   , 281.91375, 313.2375 , 344.56125, 375.885  , 407.20875, 438.5325 , 469.85625, 501.18   , 532.50375, 563.8275 , 595.15125, 626.475  , 657.79875, 689.1225 , 720.44625, 751.77   , 783.09375, 814.4175 , 845.74125, 877.065  , 908.38875, 939.7125 , 971.03625,1002.36   ,1033.68375,1065.0075 ,1096.33125,1127.655  ,1158.97875,1190.3025 ,1221.62625,1252.95   
edl:1.29594534e-02,0.00000000e+00,0.00000000e+00,0.00000000e+00,5.96169360e-05,8.61126473e-03,6.12354724e-03,3.00545464e-03,9.22159839e-04,1.75045472e-04,4.44801537e-05,1.14582905e-05,4.48184058e-06,1.69126060e-06,1.56441605e-06,1.60669757e-06,5.07378179e-07,7.18785753e-07,4.65096664e-07,2.53689089e-07,0.00000000e+00,0.00000000e+00,0.00000000e+00,0.00000000e+00,0.00000000e+00,0.00000000e+00,5.91941208e-07,0.00000000e+00,0.00000000e+00,0.00000000e+00,0.00000000e+00,0.00000000e+00,0.00000000e+00,0.00000000e+00,0.00000000e+00,0.00000000e+00,0.00000000e+00,0.00000000e+00,0.00000000e+00,2.95970604e-07
edl_bin_edges:   0.     ,  31.32375,  62.6475 ,  93.97125, 125.295  , 156.61875, 187.9425 , 219.26625, 250.59   , 281.91375, 313.2375 , 344.56125, 375.885  , 407.20875, 438.5325 , 469.85625, 501.18   , 532.50375, 563.8275 , 595.15125, 626.475  , 657.79875, 689.1225 , 720.44625, 751.77   , 783.09375, 814.4175 , 845.74125, 877.065  , 908.38875, 939.7125 , 971.03625,1002.36   ,1033.68375,1065.0075 ,1096.33125,1127.655  ,1158.97875,1190.3025 ,1221.62625,1252.95   
gul:2.49926457e-02,0.00000000e+00,0.00000000e+00,0.00000000e+00,2.38890559e-05,3.22481114e-03,2.23884849e-03,1.05200637e-03,3.16519420e-04,5.60652887e-05,1.31495511e-05,3.12883210e-06,1.26844545e-06,4.22815149e-07,5.07378179e-07,4.65096664e-07,2.11407574e-07,2.53689089e-07,1.69126060e-07,8.45630298e-08,0.00000000e+00,0.00000000e+00,0.00000000e+00,0.00000000e+00,0.00000000e+00,0.00000000e+00,1.26844545e-07,0.00000000e+00,0.00000000e+00,0.00000000e+00,0.00000000e+00,0.00000000e+00,0.00000000e+00,0.00000000e+00,0.00000000e+00,0.00000000e+00,0.00000000e+00,0.00000000e+00,0.00000000e+00,8.45630298e-08
gul_bin_edges:   0.     ,  31.32375,  62.6475 ,  93.97125, 125.295  , 156.61875, 187.9425 , 219.26625, 250.59   , 281.91375, 313.2375 , 344.56125, 375.885  , 407.20875, 438.5325 , 469.85625, 501.18   , 532.50375, 563.8275 , 595.15125, 626.475  , 657.79875, 689.1225 , 720.44625, 751.77   , 783.09375, 814.4175 , 845.74125, 877.065  , 908.38875, 939.7125 , 971.03625,1002.36   ,1033.68375,1065.0075 ,1096.33125,1127.655  ,1158.97875,1190.3025 ,1221.62625,1252.95   
gdl:1.89658809e-02,0.00000000e+00,0.00000000e+00,0.00000000e+00,4.31271452e-05,6.02321320e-03,4.17470765e-03,1.97573063e-03,5.96169360e-04,1.05703787e-04,2.65527913e-05,6.29994572e-06,2.70601695e-06,8.45630298e-07,9.72474842e-07,9.30193327e-07,3.38252119e-07,5.49659693e-07,3.80533634e-07,1.69126060e-07,0.00000000e+00,0.00000000e+00,0.00000000e+00,0.00000000e+00,0.00000000e+00,0.00000000e+00,2.53689089e-07,0.00000000e+00,0.00000000e+00,0.00000000e+00,0.00000000e+00,0.00000000e+00,0.00000000e+00,0.00000000e+00,0.00000000e+00,0.00000000e+00,0.00000000e+00,0.00000000e+00,0.00000000e+00,1.26844545e-07
gdl_bin_edges:   0.     ,  31.32375,  62.6475 ,  93.97125, 125.295  , 156.61875, 187.9425 , 219.26625, 250.59   , 281.91375, 313.2375 , 344.56125, 375.885  , 407.20875, 438.5325 , 469.85625, 501.18   , 532.50375, 563.8275 , 595.15125, 626.475  , 657.79875, 689.1225 , 720.44625, 751.77   , 783.09375, 814.4175 , 845.74125, 877.065  , 908.38875, 939.7125 , 971.03625,1002.36   ,1033.68375,1065.0075 ,1096.33125,1127.655  ,1158.97875,1190.3025 ,1221.62625,1252.95   
ri: 0., 0., 0., 0., 0., 0., 0., 0., 0., 0., 0., 0., 0., 0., 0., 0., 0., 0., 0., 0.,40., 0., 0., 0., 0., 0., 0., 0., 0., 0., 0., 0., 0., 0., 0., 0., 0., 0., 0., 0.
ri_bin_edges:0.5  ,0.525,0.55 ,0.575,0.6  ,0.625,0.65 ,0.675,0.7  ,0.725,0.75 ,0.775,0.8  ,0.825,0.85 ,0.875,0.9  ,0.925,0.95 ,0.975,1.   ,1.025,1.05 ,1.075,1.1  ,1.125,1.15 ,1.175,1.2  ,1.225,1.25 ,1.275,1.3  ,1.325,1.35 ,1.375,1.4  ,1.425,1.45 ,1.475,1.5  
