period:1
ue_log_freq:1000
mac_log_freq:1000
mimo_layers:2
frequency:2412000000.0
bandwidth:50000000
ue_speed:5.555555555555555
max_distance:1000
shannon_cfg_bandwidth_mhz:50.0
shannon_cfg_mimo_layers:2
shannon_cfg_bw_efficiency:0.67
shannon_cfg_sinr_offset_db:0
shannon_cfg_ul_divisor:2
shannon_cfg_sinr_sample_rate:1000
n_ue:20
sinr_period:9.463597741343282
sinr_rate:105.66805852612856
ul_fairness:0.936161236579425
dl_fairness:0.9334289438294625
ul_agg_throughput:0.10300150202021427
dl_agg_throughput:0.03820292183929402
ul_ave_throughput:0.005150075101010713
dl_ave_throughput:0.0019101460919647008
ul_se:0.0020600300404042854
dl_se:0.0007640584367858803
ul_ase:6.557279276962777e-10
dl_ase:2.432073540510786e-10
ul_gr:0.0054505416044108666, 0.0054505416044108666, 0.0054505416044108666, 0.0054505416044108666, 0.0054505416044108666, 0.0054505416044108666, 0.0054505416044108666, 0.0054505416044108666, 0.0054505416044108666, 0.0054505416044108666, 0.0054505416044108666, 0.0054505416044108666, 0.0054505416044108666, 0.0054505416044108666, 0.0054505416044108666, 0.0054505416044108666, 0.0054505416044108666, 0.0054505416044108666, 0.0054505416044108666, 0.0054505416044108666
dl_gr:0.0026481195555802454, 0.0026481195555802454, 0.0026481195555802454, 0.0026481195555802454, 0.0026481195555802454, 0.0026481195555802454, 0.0026481195555802454, 0.0026481195555802454, 0.0026481195555802454, 0.0026481195555802454, 0.0026481195555802454, 0.0026481195555802454, 0.0026481195555802454, 0.0026481195555802454, 0.0026481195555802454, 0.0026481195555802454, 0.0026481195555802454, 0.0026481195555802454, 0.0026481195555802454, 0.0026481195555802454
ul_tr:0.005450541734959168, 0.00545054174106994, 0.005450542184100883, 0.005450541620965501, 0.005450541433864785, 0.0054505416160768845, 0.005450541746069662, 0.0054505416160768845, 0.005450541412199322, 0.005450541518915615, 0.005450541734959168, 0.005450542524304205, 0.00545054174106994, 0.00545054174106994, 0.0, 0.0054505421928781736, 0.005450541633853675, 0.0054505412772068215, 0.005450541547469585, 0.0054505381196044665
dl_tr:0.0026481195345814126, 0.002648119533470363, 0.0026481195323593133, 0.002648119474029221, 0.0026481198423420928, 0.002648119504583079, 0.0026481195356924617, 0.0026481197917893455, 0.0026481194340314427, 0.0026481195345814126, 0.0026481195345814126, 0.0026481178818676746, 0.002648119533470363, 0.002648119533470363, 0.0, 0.0026481195301372145, 0.0026481198881173266, 0.002648119405644131, 0.0026481198145658575, 0.00264811932081551
ul_er:0.0, 0.0, 0.0, 0.0, 0.0, 0.0, 0.0, 0.0, 0.0, 0.0, 0.0, 0.0, 0.0, 0.0, 0.0, 0.0, 0.0, 0.0, 0.0, 0.0
dl_er:0.0, 0.0, 0.0, 0.0, 0.0, 0.0, 0.0, 0.0, 0.0, 0.0, 0.0, 0.0, 0.0, 0.0, 0.0, 0.0, 0.0, 0.0, 0.0, 0.0
ul_er_ratio:0.0, 0.0, 0.0, 0.0, 0.0, 0.0, 0.0, 0.0, 0.0, 0.0, 0.0, 0.0, 0.0, 0.0, 0.0, 0.0, 0.0, 0.0, 0.0, 0.0
dl_er_ratio:0.0, 0.0, 0.0, 0.0, 0.0, 0.0, 0.0, 0.0, 0.0, 0.0, 0.0, 0.0, 0.0, 0.0, 0.0, 0.0, 0.0, 0.0, 0.0, 0.0
ul_er_perc:0.0, 0.0, 0.0, 0.0, 0.0, 0.0, 0.0, 0.0, 0.0, 0.0, 0.0, 0.0, 0.0, 0.0, 0.0, 0.0, 0.0, 0.0, 0.0, 0.0
dl_er_perc:0.0, 0.0, 0.0, 0.0, 0.0, 0.0, 0.0, 0.0, 0.0, 0.0, 0.0, 0.0, 0.0, 0.0, 0.0, 0.0, 0.0, 0.0, 0.0, 0.0
ul_l:2.8620555069162827e-05, 2.8618022487639574e-05, 3.0169809627242932e-05, 2.9462979345591907e-05, 3.1323556130214984e-05, 2.9454579423365366e-05, 2.8620402705405257e-05, 2.9454579423365366e-05, 2.8859415260263326e-05, 2.8808139814454752e-05, 2.8620555069162827e-05, 3.594275425254153e-05, 2.8618022487639574e-05, 2.8618022487639574e-05, 0.0, 3.0171075690239432e-05, 3.703997632353758e-05, 3.7102595511360484e-05, 3.066572732625965e-05, 3.637363594244764e-05
dl_l:2.9396417676795735e-05, 2.9396417676795735e-05, 2.940095997444586e-05, 2.9381358468973945e-05, 2.9397626115215823e-05, 2.9381426776290206e-05, 2.9374994005888562e-05, 2.9377471596022443e-05, 2.936965427476251e-05, 2.9396417676795735e-05, 2.9396417676795735e-05, 3.059746703516471e-05, 2.9396417676795735e-05, 2.9396417676795735e-05, 0.0, 2.940551288261763e-05, 3.1375402983167605e-05, 3.1339723259818904e-05, 2.9402210888283982e-05, 3.053946220209988e-05
ul_il:5.3883929726126326e-05, 5.39090093272596e-05, 6.179022343203156e-05, 5.7644243442031e-05, 6.837780354980279e-05, 5.7701948947280715e-05, 5.3883929726126326e-05, 5.7701948947280715e-05, 5.517214539192267e-05, 5.4661368868396206e-05, 5.3883929726126326e-05, 0.00010318979268373979, 5.39090093272596e-05, 5.39090093272596e-05, 0.0, 6.181823682017667e-05, 0.00012523763145380813, 0.00012536455116382423, 6.501255046941837e-05, 0.00011652473780345535
dl_il:3.640561861563246e-05, 3.640561861563246e-05, 3.682171006055219e-05, 3.6592711760457747e-05, 3.6954994511416035e-05, 3.6640453163713126e-05, 3.6405618604521965e-05, 3.675893883117604e-05, 3.65277721959891e-05, 3.640561861563246e-05, 3.640561861563246e-05, 4.238871074940281e-05, 3.640561861563246e-05, 3.640561861563246e-05, 0.0, 3.6877258502305424e-05, 4.451812658185656e-05, 4.454939560024443e-05, 3.698096481862119e-05, 4.270424505305261e-05
sinr_ul:0.03035007,0.        ,0.        ,0.        ,0.        ,0.        ,0.        ,0.        ,0.03035007,0.        ,0.        ,0.03035007,0.03035007,0.        ,0.03035007,0.        ,0.        ,0.        ,0.        ,0.        ,0.        ,0.03035007,0.09105021,0.09105021,0.03035007,0.03035007,0.        ,0.        ,0.        ,0.06070014,0.        ,0.        ,0.03035007,0.03035007,0.        ,0.        ,0.        ,0.        ,0.        ,0.06070014
sinr_ul_bin_edges:-8.392578 ,-6.7451353,-5.0976926,-3.4502499,-1.8028072,-0.1553645, 1.4920782, 3.1395209, 4.7869636, 6.4344063, 8.081849 , 9.7292917,11.3767344,13.0241771,14.6716198,16.3190625,17.9665052,19.6139479,21.2613906,22.9088333,24.556276 ,26.2037187,27.8511614,29.4986041,31.1460468,32.7934895,34.4409322,36.0883749,37.7358176,39.3832603,41.030703 ,42.6781457,44.3255884,45.9730311,47.6204738,49.2679165,50.9153592,52.5628019,54.2102446,55.8576873,57.50513  
sinr_dl:0.03043675,0.        ,0.        ,0.        ,0.        ,0.        ,0.        ,0.03043675,0.        ,0.        ,0.        ,0.03043675,0.03043675,0.        ,0.03043675,0.        ,0.        ,0.        ,0.        ,0.        ,0.        ,0.03043675,0.09131026,0.06087351,0.03043675,0.03043675,0.03043675,0.        ,0.        ,0.06087351,0.        ,0.        ,0.03043675,0.06087351,0.        ,0.        ,0.        ,0.        ,0.        ,0.03043675
sinr_dl_bin_edges:-6.62011800e+00,-4.97736730e+00,-3.33461660e+00,-1.69186590e+00,-4.91152000e-02, 1.59363550e+00, 3.23638620e+00, 4.87913690e+00, 6.52188760e+00, 8.16463830e+00, 9.80738900e+00, 1.14501397e+01, 1.30928904e+01, 1.47356411e+01, 1.63783918e+01, 1.80211425e+01, 1.96638932e+01, 2.13066439e+01, 2.29493946e+01, 2.45921453e+01, 2.62348960e+01, 2.78776467e+01, 2.95203974e+01, 3.11631481e+01, 3.28058988e+01, 3.44486495e+01, 3.60914002e+01, 3.77341509e+01, 3.93769016e+01, 4.10196523e+01, 4.26624030e+01, 4.43051537e+01, 4.59479044e+01, 4.75906551e+01, 4.92334058e+01, 5.08761565e+01, 5.25189072e+01, 5.41616579e+01, 5.58044086e+01, 5.74471593e+01, 5.90899100e+01
rsrp_ul:0.03044033,0.        ,0.        ,0.        ,0.        ,0.        ,0.        ,0.        ,0.03044033,0.        ,0.        ,0.03044033,0.03044033,0.        ,0.03044033,0.        ,0.        ,0.        ,0.        ,0.        ,0.        ,0.03044033,0.091321  ,0.03044033,0.06088067,0.03044033,0.03044033,0.        ,0.        ,0.03044033,0.06088067,0.        ,0.03044033,0.03044033,0.        ,0.        ,0.        ,0.        ,0.        ,0.03044033
rsrp_ul_bin_edges:-143.62686  ,-141.9843025,-140.341745 ,-138.6991875,-137.05663  ,-135.4140725,-133.771515 ,-132.1289575,-130.4864   ,-128.8438425,-127.201285 ,-125.5587275,-123.91617  ,-122.2736125,-120.631055 ,-118.9884975,-117.34594  ,-115.7033825,-114.060825 ,-112.4182675,-110.77571  ,-109.1331525,-107.490595 ,-105.8480375,-104.20548  ,-102.5629225,-100.920365 , -99.2778075, -97.63525  , -95.9926925, -94.350135 , -92.7075775, -91.06502  , -89.4224625, -87.779905 , -86.1373475, -84.49479  , -82.8522325, -81.209675 , -79.5671175, -77.92456  
rsrp_dl:0.03044033,0.        ,0.        ,0.        ,0.        ,0.        ,0.        ,0.03044033,0.        ,0.        ,0.        ,0.03044033,0.03044033,0.        ,0.03044033,0.        ,0.        ,0.        ,0.        ,0.        ,0.        ,0.03044033,0.09132099,0.03044033,0.06088066,0.03044033,0.03044033,0.        ,0.        ,0.03044033,0.06088066,0.        ,0.03044033,0.03044033,0.        ,0.        ,0.        ,0.        ,0.        ,0.03044033
rsrp_dl_bin_edges:-146.89023   ,-145.24767225,-143.6051145 ,-141.96255675,-140.319999  ,-138.67744125,-137.0348835 ,-135.39232575,-133.749768  ,-132.10721025,-130.4646525 ,-128.82209475,-127.179537  ,-125.53697925,-123.8944215 ,-122.25186375,-120.609306  ,-118.96674825,-117.3241905 ,-115.68163275,-114.039075  ,-112.39651725,-110.7539595 ,-109.11140175,-107.468844  ,-105.82628625,-104.1837285 ,-102.54117075,-100.898613  , -99.25605525, -97.6134975 , -95.97093975, -94.328382  , -92.68582425, -91.0432665 , -89.40070875, -87.758151  , -86.11559325, -84.4730355 , -82.83047775, -81.18792   
cqi_ul:0.13333333,0.        ,0.13333333,0.        ,0.        ,0.13333333,0.        ,0.        ,0.13333333,0.        ,0.13333333,0.        ,0.        ,0.        ,0.        ,0.        ,0.        ,0.        ,0.        ,0.        ,0.        ,0.        ,0.        ,0.        ,0.        ,0.        ,0.13333333,0.        ,0.        ,0.4       ,0.        ,0.        ,0.4       ,0.        ,0.13333333,0.        ,0.        ,0.13333333,0.        ,0.8       
cqi_ul_bin_edges: 0.   , 0.375, 0.75 , 1.125, 1.5  , 1.875, 2.25 , 2.625, 3.   , 3.375, 3.75 , 4.125, 4.5  , 4.875, 5.25 , 5.625, 6.   , 6.375, 6.75 , 7.125, 7.5  , 7.875, 8.25 , 8.625, 9.   , 9.375, 9.75 ,10.125,10.5  ,10.875,11.25 ,11.625,12.   ,12.375,12.75 ,13.125,13.5  ,13.875,14.25 ,14.625,15.   
cqi_dl:0.13333333,0.        ,0.13333333,0.        ,0.        ,0.        ,0.        ,0.        ,0.26666667,0.        ,0.        ,0.        ,0.        ,0.13333333,0.        ,0.        ,0.        ,0.        ,0.        ,0.        ,0.        ,0.        ,0.        ,0.        ,0.        ,0.        ,0.        ,0.        ,0.        ,0.        ,0.        ,0.        ,0.53333333,0.        ,0.4       ,0.        ,0.        ,0.13333333,0.        ,0.93333333
cqi_dl_bin_edges: 0.   , 0.375, 0.75 , 1.125, 1.5  , 1.875, 2.25 , 2.625, 3.   , 3.375, 3.75 , 4.125, 4.5  , 4.875, 5.25 , 5.625, 6.   , 6.375, 6.75 , 7.125, 7.5  , 7.875, 8.25 , 8.625, 9.   , 9.375, 9.75 ,10.125,10.5  ,10.875,11.25 ,11.625,12.   ,12.375,12.75 ,13.125,13.5  ,13.875,14.25 ,14.625,15.   
mcs_ul:0.14285714,0.        ,0.07142857,0.        ,0.07142857,0.        ,0.        ,0.07142857,0.        ,0.        ,0.        ,0.        ,0.        ,0.        ,0.        ,0.        ,0.        ,0.        ,0.        ,0.        ,0.        ,0.        ,0.        ,0.        ,0.        ,0.07142857,0.        ,0.07142857,0.14285714,0.        ,0.        ,0.21428571,0.        ,0.        ,0.07142857,0.        ,0.        ,0.07142857,0.        ,0.42857143
mcs_ul_bin_edges: 0. , 0.7, 1.4, 2.1, 2.8, 3.5, 4.2, 4.9, 5.6, 6.3, 7. , 7.7, 8.4, 9.1, 9.8,10.5,11.2,11.9,12.6,13.3,14. ,14.7,15.4,16.1,16.8,17.5,18.2,18.9,19.6,20.3,21. ,21.7,22.4,23.1,23.8,24.5,25.2,25.9,26.6,27.3,28. 
mcs_dl:0.14285714,0.        ,0.        ,0.        ,0.07142857,0.07142857,0.        ,0.        ,0.        ,0.        ,0.07142857,0.        ,0.        ,0.        ,0.        ,0.        ,0.        ,0.        ,0.        ,0.        ,0.        ,0.        ,0.        ,0.        ,0.        ,0.        ,0.        ,0.        ,0.        ,0.        ,0.14285714,0.14285714,0.07142857,0.        ,0.14285714,0.        ,0.        ,0.07142857,0.        ,0.5       
mcs_dl_bin_edges: 0. , 0.7, 1.4, 2.1, 2.8, 3.5, 4.2, 4.9, 5.6, 6.3, 7. , 7.7, 8.4, 9.1, 9.8,10.5,11.2,11.9,12.6,13.3,14. ,14.7,15.4,16.1,16.8,17.5,18.2,18.9,19.6,20.3,21. ,21.7,22.4,23.1,23.8,24.5,25.2,25.9,26.6,27.3,28. 
eff_ul:0.27004081,0.27004081,0.        ,0.27004081,0.27004081,0.        ,0.        ,0.27004081,0.        ,0.        ,0.        ,0.        ,0.        ,0.        ,0.        ,0.        ,0.        ,0.        ,0.        ,0.        ,0.        ,0.        ,0.        ,0.        ,0.        ,0.        ,0.27004081,0.27004081,0.54008162,0.        ,0.        ,0.81012243,0.        ,0.        ,0.        ,0.27004081,0.        ,0.        ,0.27004081,1.62024485
eff_ul_bin_edges:0.       ,0.1851572,0.3703144,0.5554716,0.7406288,0.925786 ,1.1109432,1.2961004,1.4812576,1.6664148,1.851572 ,2.0367292,2.2218864,2.4070436,2.5922008,2.777358 ,2.9625152,3.1476724,3.3328296,3.5179868,3.703144 ,3.8883012,4.0734584,4.2586156,4.4437728,4.62893  ,4.8140872,4.9992444,5.1844016,5.3695588,5.554716 ,5.7398732,5.9250304,6.1101876,6.2953448,6.480502 ,6.6656592,6.8508164,7.0359736,7.2211308,7.406288 
eff_dl:0.27004081,0.27004081,0.        ,0.        ,0.27004081,0.        ,0.27004081,0.        ,0.        ,0.        ,0.27004081,0.        ,0.        ,0.        ,0.        ,0.        ,0.        ,0.        ,0.        ,0.        ,0.        ,0.        ,0.        ,0.        ,0.        ,0.        ,0.        ,0.        ,0.        ,0.54008162,0.        ,0.54008162,0.        ,0.27004081,0.        ,0.54008162,0.        ,0.        ,0.27004081,1.89028566
eff_dl_bin_edges:0.       ,0.1851572,0.3703144,0.5554716,0.7406288,0.925786 ,1.1109432,1.2961004,1.4812576,1.6664148,1.851572 ,2.0367292,2.2218864,2.4070436,2.5922008,2.777358 ,2.9625152,3.1476724,3.3328296,3.5179868,3.703144 ,3.8883012,4.0734584,4.2586156,4.4437728,4.62893  ,4.8140872,4.9992444,5.1844016,5.3695588,5.554716 ,5.7398732,5.9250304,6.1101876,6.2953448,6.480502 ,6.6656592,6.8508164,7.0359736,7.2211308,7.406288 
rul:8.73672217e+00,9.74066852e-04,1.68026532e-03,1.55850696e-03,1.29063858e-03,9.98418523e-04,4.40765250e-03,2.43516713e-03,6.57495125e-04,4.38330083e-04,6.08791782e-04,7.30550139e-04,3.65275069e-04,6.57495125e-04,5.35736768e-04,6.08791782e-04,4.18848746e-03,2.26470543e-03,9.25363509e-04,1.94813370e-04,3.65275069e-04,4.87033426e-04,1.94813370e-04,2.19165042e-04,3.89626741e-04,1.70461699e-04,8.03605153e-04,1.07147354e-03,3.16571727e-04,0.00000000e+00,2.67868384e-04,1.46110028e-04,0.00000000e+00,2.19165042e-04,2.43516713e-05,0.00000000e+00,0.00000000e+00,2.43516713e-05,0.00000000e+00,1.46110028e-04
rul_bin_edges:0.        ,0.11406295,0.2281259 ,0.34218885,0.4562518 ,0.57031475,0.6843777 ,0.79844065,0.9125036 ,1.02656655,1.1406295 ,1.25469245,1.3687554 ,1.48281835,1.5968813 ,1.71094425,1.8250072 ,1.93907015,2.0531331 ,2.16719605,2.281259  ,2.39532195,2.5093849 ,2.62344785,2.7375108 ,2.85157375,2.9656367 ,3.07969965,3.1937626 ,3.30782555,3.4218885 ,3.53595145,3.6500144 ,3.76407735,3.8781403 ,3.99220325,4.1062662 ,4.22032915,4.3343921 ,4.44845505,4.562518  
rdl:1.16435010e+01,4.80215288e-03,6.81386557e-04,8.43621451e-04,1.23298520e-03,9.83143460e-03,2.59575831e-04,3.92608445e-03,4.38034215e-03,8.76068430e-04,1.33032613e-03,1.20053822e-03,1.03830332e-03,1.71968988e-03,1.94681873e-03,1.78458384e-03,6.48939578e-04,3.24469789e-05,3.24469789e-05,0.00000000e+00,6.48939578e-05,1.62234894e-04,1.62234894e-04,4.86704683e-04,0.00000000e+00,0.00000000e+00,0.00000000e+00,3.24469789e-05,0.00000000e+00,9.73409367e-05,3.24469789e-05,3.24469789e-05,0.00000000e+00,6.48939578e-05,0.00000000e+00,6.48939578e-05,0.00000000e+00,3.24469789e-05,3.24469789e-05,2.27128852e-04
rdl_bin_edges:0.        ,0.08560499,0.17120999,0.25681498,0.34241998,0.42802497,0.51362997,0.59923496,0.68483996,0.77044495,0.85604995,0.94165494,1.02725994,1.11286493,1.19846993,1.28407492,1.36967992,1.45528491,1.54088991,1.6264949 ,1.7120999 ,1.79770489,1.88330989,1.96891488,2.05451988,2.14012487,2.22572987,2.31133486,2.39693986,2.48254485,2.56814985,2.65375484,2.73935984,2.82496483,2.91056983,2.99617482,3.08177982,3.16738481,3.25298981,3.3385948 ,3.4241998 
lul:9.87567400e+03,0.00000000e+00,0.00000000e+00,0.00000000e+00,0.00000000e+00,0.00000000e+00,0.00000000e+00,0.00000000e+00,0.00000000e+00,0.00000000e+00,0.00000000e+00,0.00000000e+00,0.00000000e+00,0.00000000e+00,0.00000000e+00,0.00000000e+00,0.00000000e+00,0.00000000e+00,0.00000000e+00,0.00000000e+00,0.00000000e+00,0.00000000e+00,0.00000000e+00,0.00000000e+00,0.00000000e+00,0.00000000e+00,0.00000000e+00,0.00000000e+00,0.00000000e+00,6.89654026e+01,9.13632391e-01,1.24586235e+00,7.75203241e-01,1.24586235e+00,2.60246802e+00,1.55040648e+00,6.36774091e-01,6.64459921e-01,6.92145751e-01,1.24863093e+01
lul_bin_edges:0.        ,0.00010033,0.00020065,0.00030098,0.00040131,0.00050163,0.00060196,0.00070229,0.00080261,0.00090294,0.00100327,0.00110359,0.00120392,0.00130424,0.00140457,0.0015049 ,0.00160522,0.00170555,0.00180588,0.0019062 ,0.00200653,0.00210686,0.00220718,0.00230751,0.00240784,0.00250816,0.00260849,0.00270882,0.00280914,0.00290947,0.0030098 ,0.00311012,0.00321045,0.00331078,0.0034111 ,0.00351143,0.00361176,0.00371208,0.00381241,0.00391273,0.00401306
ldl:9.90990185e+03,0.00000000e+00,0.00000000e+00,0.00000000e+00,0.00000000e+00,0.00000000e+00,0.00000000e+00,0.00000000e+00,0.00000000e+00,0.00000000e+00,0.00000000e+00,0.00000000e+00,0.00000000e+00,0.00000000e+00,0.00000000e+00,0.00000000e+00,0.00000000e+00,0.00000000e+00,0.00000000e+00,0.00000000e+00,0.00000000e+00,0.00000000e+00,0.00000000e+00,0.00000000e+00,0.00000000e+00,0.00000000e+00,0.00000000e+00,0.00000000e+00,0.00000000e+00,3.24703534e+01,4.32752870e+01,5.55523582e-02,4.99971224e-01,1.05549481e+00,6.94404478e-01,1.05549481e+00,6.94404478e-01,5.55523582e-02,1.94433254e-01,1.00272007e+01
ldl_bin_edges:0.        ,0.0001    ,0.0002    ,0.0003    ,0.0004    ,0.0005    ,0.0006    ,0.0007    ,0.0008    ,0.0009    ,0.001     ,0.0011    ,0.0012    ,0.0013    ,0.0014    ,0.0015    ,0.0016    ,0.0017    ,0.0018    ,0.0019    ,0.002     ,0.0021    ,0.0022    ,0.0023    ,0.0024    ,0.00250001,0.00260001,0.00270001,0.00280001,0.00290001,0.00300001,0.00310001,0.00320001,0.00330001,0.00340001,0.00350001,0.00360001,0.00370001,0.00380001,0.00390001,0.00400001
ilul:8.04233720e+02,0.00000000e+00,1.80369486e+00,1.07996230e+00,1.17240166e+00,5.11798417e-01,5.77182356e-01,8.22935781e-01,6.47075532e-01,1.44295589e-01,1.17240166e-01,9.46939803e-02,1.03712455e-01,5.18562273e-02,4.50923716e-02,3.15646601e-02,3.60738973e-02,4.28377530e-02,3.15646601e-02,1.80369486e-02,1.35277115e-02,3.60738973e-02,1.12730929e-02,2.02915672e-02,0.00000000e+00,4.50923716e-03,2.02915672e-02,1.35277115e-02,2.25461858e-03,0.00000000e+00,2.25461858e-03,9.01847432e-03,2.25461858e-03,0.00000000e+00,0.00000000e+00,0.00000000e+00,0.00000000e+00,2.25461858e-03,0.00000000e+00,4.50923716e-03
ilul_bin_edges:0.        ,0.00123197,0.00246394,0.00369591,0.00492788,0.00615985,0.00739182,0.00862379,0.00985576,0.01108773,0.0123197 ,0.01355167,0.01478365,0.01601562,0.01724759,0.01847956,0.01971153,0.0209435 ,0.02217547,0.02340744,0.02463941,0.02587138,0.02710335,0.02833532,0.02956729,0.03079926,0.03203123,0.0332632 ,0.03449517,0.03572714,0.03695911,0.03819108,0.03942305,0.04065502,0.041887  ,0.04311897,0.04435094,0.04558291,0.04681488,0.04804685,0.04927882
ildl:2.33128304e+03,0.00000000e+00,0.00000000e+00,0.00000000e+00,0.00000000e+00,0.00000000e+00,0.00000000e+00,1.04809951e+01,4.44331463e-01,3.73761172e+00,3.33248597e-01,2.71826307e+00,3.98591460e-01,3.92057173e-02,2.30660304e+00,1.63357156e-01,2.22165732e-01,3.26714311e-02,1.43754297e-01,2.61371449e-02,3.92057173e-02,2.61371449e-02,0.00000000e+00,2.61371449e-02,0.00000000e+00,2.61371449e-02,0.00000000e+00,0.00000000e+00,0.00000000e+00,0.00000000e+00,0.00000000e+00,0.00000000e+00,0.00000000e+00,0.00000000e+00,0.00000000e+00,0.00000000e+00,0.00000000e+00,0.00000000e+00,6.53428622e-03,1.96028587e-02
ildl_bin_edges:0.        ,0.00042508,0.00085017,0.00127525,0.00170034,0.00212542,0.00255051,0.00297559,0.00340068,0.00382576,0.00425084,0.00467593,0.00510101,0.0055261 ,0.00595118,0.00637627,0.00680135,0.00722644,0.00765152,0.0080766 ,0.00850169,0.00892677,0.00935186,0.00977694,0.01020203,0.01062711,0.0110522 ,0.01147728,0.01190236,0.01232745,0.01275253,0.01317762,0.0136027 ,0.01402779,0.01445287,0.01487796,0.01530304,0.01572812,0.01615321,0.01657829,0.01700338
eul: 0., 0., 0., 0., 0., 0., 0., 0., 0., 0., 0., 0., 0., 0., 0., 0., 0., 0., 0., 0.,40., 0., 0., 0., 0., 0., 0., 0., 0., 0., 0., 0., 0., 0., 0., 0., 0., 0., 0., 0.
eul_bin_edges:-0.5  ,-0.475,-0.45 ,-0.425,-0.4  ,-0.375,-0.35 ,-0.325,-0.3  ,-0.275,-0.25 ,-0.225,-0.2  ,-0.175,-0.15 ,-0.125,-0.1  ,-0.075,-0.05 ,-0.025, 0.   , 0.025, 0.05 , 0.075, 0.1  , 0.125, 0.15 , 0.175, 0.2  , 0.225, 0.25 , 0.275, 0.3  , 0.325, 0.35 , 0.375, 0.4  , 0.425, 0.45 , 0.475, 0.5  
edl: 0., 0., 0., 0., 0., 0., 0., 0., 0., 0., 0., 0., 0., 0., 0., 0., 0., 0., 0., 0.,40., 0., 0., 0., 0., 0., 0., 0., 0., 0., 0., 0., 0., 0., 0., 0., 0., 0., 0., 0.
edl_bin_edges:-0.5  ,-0.475,-0.45 ,-0.425,-0.4  ,-0.375,-0.35 ,-0.325,-0.3  ,-0.275,-0.25 ,-0.225,-0.2  ,-0.175,-0.15 ,-0.125,-0.1  ,-0.075,-0.05 ,-0.025, 0.   , 0.025, 0.05 , 0.075, 0.1  , 0.125, 0.15 , 0.175, 0.2  , 0.225, 0.25 , 0.275, 0.3  , 0.325, 0.35 , 0.375, 0.4  , 0.425, 0.45 , 0.475, 0.5  
gul:7.55452998e+00,0.00000000e+00,4.20724548e-04,0.00000000e+00,0.00000000e+00,3.36579638e-03,4.20724548e-04,8.41449096e-04,0.00000000e+00,0.00000000e+00,0.00000000e+00,0.00000000e+00,0.00000000e+00,4.20724548e-04,5.46941912e-03,1.68289819e-03,0.00000000e+00,0.00000000e+00,0.00000000e+00,0.00000000e+00,0.00000000e+00,4.20724548e-04,4.20724548e-04,1.68289819e-03,8.41449096e-04,1.68289819e-03,4.20724548e-04,0.00000000e+00,0.00000000e+00,4.20724548e-04,0.00000000e+00,0.00000000e+00,0.00000000e+00,0.00000000e+00,0.00000000e+00,0.00000000e+00,0.00000000e+00,0.00000000e+00,0.00000000e+00,4.20724548e-04
gul_bin_edges:0.     ,0.13204,0.26408,0.39612,0.52816,0.6602 ,0.79224,0.92428,1.05632,1.18836,1.3204 ,1.45244,1.58448,1.71652,1.84856,1.9806 ,2.11264,2.24468,2.37672,2.50876,2.6408 ,2.77284,2.90488,3.03692,3.16896,3.301  ,3.43304,3.56508,3.69712,3.82916,3.9612 ,4.09324,4.22528,4.35732,4.48936,4.6214 ,4.75344,4.88548,5.01752,5.14956,5.2816 
gdl:9.84344998e+00,3.83952691e-03,0.00000000e+00,0.00000000e+00,9.32456535e-03,0.00000000e+00,4.38803075e-03,2.74251922e-03,5.48503844e-04,0.00000000e+00,1.64551153e-03,0.00000000e+00,4.38803075e-03,1.09700769e-03,0.00000000e+00,0.00000000e+00,0.00000000e+00,0.00000000e+00,0.00000000e+00,5.48503844e-04,1.09700769e-03,0.00000000e+00,0.00000000e+00,0.00000000e+00,0.00000000e+00,0.00000000e+00,0.00000000e+00,0.00000000e+00,0.00000000e+00,0.00000000e+00,0.00000000e+00,0.00000000e+00,0.00000000e+00,0.00000000e+00,0.00000000e+00,0.00000000e+00,0.00000000e+00,0.00000000e+00,0.00000000e+00,5.48503844e-04
gdl_bin_edges:0.     ,0.10128,0.20256,0.30384,0.40512,0.5064 ,0.60768,0.70896,0.81024,0.91152,1.0128 ,1.11408,1.21536,1.31664,1.41792,1.5192 ,1.62048,1.72176,1.82304,1.92432,2.0256 ,2.12688,2.22816,2.32944,2.43072,2.532  ,2.63328,2.73456,2.83584,2.93712,3.0384 ,3.13968,3.24096,3.34224,3.44352,3.5448 ,3.64608,3.74736,3.84864,3.94992,4.0512 
ri: 0., 0., 0., 0., 0., 0., 0., 0., 0., 0., 0., 0., 0., 0., 0., 0., 0., 0., 0., 0.,40., 0., 0., 0., 0., 0., 0., 0., 0., 0., 0., 0., 0., 0., 0., 0., 0., 0., 0., 0.
ri_bin_edges:0.5  ,0.525,0.55 ,0.575,0.6  ,0.625,0.65 ,0.675,0.7  ,0.725,0.75 ,0.775,0.8  ,0.825,0.85 ,0.875,0.9  ,0.925,0.95 ,0.975,1.   ,1.025,1.05 ,1.075,1.1  ,1.125,1.15 ,1.175,1.2  ,1.225,1.25 ,1.275,1.3  ,1.325,1.35 ,1.375,1.4  ,1.425,1.45 ,1.475,1.5  
