period:1
ue_log_freq:1000
mac_log_freq:1000
mimo_layers:2
frequency:2412000000.0
bandwidth:50000000
ue_speed:5.555555555555555
max_distance:1000
shannon_cfg_bandwidth_mhz:50.0
shannon_cfg_mimo_layers:2
shannon_cfg_bw_efficiency:0.67
shannon_cfg_sinr_offset_db:0
shannon_cfg_ul_divisor:2
shannon_cfg_sinr_sample_rate:1000
n_ue:100
sinr_period:9.463597741343282
sinr_rate:105.66805852612856
ul_fairness:0.2003403379060595
dl_fairness:0.6333976762217693
ul_agg_throughput:5.781595273691261
dl_agg_throughput:34.89132896110049
ul_ave_throughput:0.05781595273691261
dl_ave_throughput:0.34891328961100493
ul_se:0.11563190547382522
dl_se:0.6978265792220097
ul_ase:3.680677867058815e-08
dl_ase:2.2212509900818192e-07
ul_gr:0.03499965754889047, 0.03499965754889047, 0.03499965824205611, 0.03499965718857531, 0.03499965718857531, 0.03499965929551582, 0.03499965824205611, 0.03499965718857531, 0.034999657885175964, 0.03499965718857531, 0.03499965718857531, 0.03499965893866032, 0.03499965754889047, 0.03499965998192256, 0.034999657885175964, 0.03499965893866032, 0.03499964913105449, 0.034999650184636924, 0.034999650881174495, 0.03499964913105449, 0.03499964913105449, 0.03499964913105449, 0.03499964878453892, 0.03499965859892197, 0.0349996512277345, 0.03499964913105449, 0.03499964913105449, 0.034999652977872005, 0.0349996512277345, 0.0349996512277345, 0.0349996512277345, 0.0349996512277345, 0.0349996512277345, 0.03499965088119449, 0.03499965824205611, 0.0349996512277345, 0.0349996512277345, 0.03499965088119449, 0.0349996512277345, 0.0349996512277345, 0.0349996512277345, 0.0349996512277345, 0.0349996512277345, 0.0349996512277345, 0.03499965192429643, 0.03499965754546582, 0.03499965192429643, 0.03499965192429643, 0.03499965192429643, 0.03499965192429643, 0.03499965192429643, 0.03499965192429643, 0.03499965192429643, 0.03499965192429643, 0.03499965192429643, 0.03499965192429643, 0.03499965859892197, 0.03499965192429643, 0.03499965192429643, 0.03499965192429643, 0.0349996519277775, 0.03499965192429643, 0.034999652977872005, 0.034999651577746, 0.03499965192429643, 0.03499965192429643, 0.034999652977872005, 0.03499965754546582, 0.03499965192429643, 0.034999649827588485, 0.03499965192429643, 0.034999652977872005, 0.034999652977872005, 0.034999660678565074, 0.034999652977872005, 0.0349996522708538, 0.034999651577746, 0.03499965192429643, 0.03499965824205611, 0.0349996522708538, 0.03499965332443644, 0.0349996522708538, 0.0349996522708538, 0.03499965192429643, 0.03499965332443644, 0.034999661025206526, 0.034999652281306505, 0.034999651934779434, 0.0349996512277345, 0.03499965824205611, 0.034999652281306505, 0.03499965088119449, 0.03499966173542548, 0.034999662092228614, 0.0349996519382403, 0.03499965264520981, 0.034999654045285815, 0.03499966210238605, 0.03499966279900797, 0.03499966279900797
dl_gr:0.03499965754889047, 0.03499965754889047, 0.03499965824205611, 0.03499965718857531, 0.03499965718857531, 0.03499965929551582, 0.03499965824205611, 0.03499965718857531, 0.034999657885175964, 0.03499965718857531, 0.03499965718857531, 0.03499965893866032, 0.03499965754889047, 0.03499965998192256, 0.034999657885175964, 0.03499965893866032, 0.03499964913105449, 0.034999650184636924, 0.034999650881174495, 0.03499964913105449, 0.03499964913105449, 0.03499964913105449, 0.03499964878453892, 0.03499965859892197, 0.0349996512277345, 0.03499964913105449, 0.03499964913105449, 0.034999652977872005, 0.0349996512277345, 0.0349996512277345, 0.0349996512277345, 0.0349996512277345, 0.0349996512277345, 0.03499965088119449, 0.03499965824205611, 0.0349996512277345, 0.0349996512277345, 0.03499965088119449, 0.0349996512277345, 0.0349996512277345, 0.0349996512277345, 0.0349996512277345, 0.0349996512277345, 0.0349996512277345, 0.03499965192429643, 0.03499965754546582, 0.03499965192429643, 0.03499965192429643, 0.03499965192429643, 0.03499965192429643, 0.03499965192429643, 0.03499965192429643, 0.03499965192429643, 0.03499965192429643, 0.03499965192429643, 0.03499965192429643, 0.03499965859892197, 0.03499965192429643, 0.03499965192429643, 0.03499965192429643, 0.0349996519277775, 0.03499965192429643, 0.034999652977872005, 0.034999651577746, 0.03499965192429643, 0.03499965192429643, 0.034999652977872005, 0.03499965754546582, 0.03499965192429643, 0.034999649827588485, 0.03499965192429643, 0.034999652977872005, 0.034999652977872005, 0.034999660678565074, 0.034999652977872005, 0.0349996522708538, 0.034999651577746, 0.03499965192429643, 0.03499965824205611, 0.0349996522708538, 0.03499965332443644, 0.0349996522708538, 0.0349996522708538, 0.03499965192429643, 0.03499965332443644, 0.034999661025206526, 0.034999652281306505, 0.034999651934779434, 0.0349996512277345, 0.03499965824205611, 0.034999652281306505, 0.03499965088119449, 0.03499966173542548, 0.034999662092228614, 0.0349996519382403, 0.03499965264520981, 0.034999654045285815, 0.03499966210238605, 0.03499966279900797, 0.03499966279900797
ul_tr:0.031179168958998776, 0.03206930581921458, 0.0, 0.0, 0.0, 0.0, 0.0025199286105305266, 0.0, 0.03158366100259018, 0.0, 0.030458146788477306, 0.0, 0.0006015283995919878, 0.03258698946352708, 0.0, 0.0, 0.003906894619719578, 0.0, 0.0, 0.0, 0.0301002250199816, 0.0, 0.0, 0.030703656855765676, 0.031164624304407397, 0.0, 0.0, 0.0, 0.0, 0.03255005254983949, 0.031200888870878383, 0.0, 0.030604357666259966, 0.02485398916976358, 0.0, 0.0, 0.0, 0.02270970455312425, 0.0, 0.0, 0.0, 0.03129177273672631, 0.0, 0.0, 0.03250670466858685, 0.0, 0.0, 0.0, 0.033423298618725894, 0.0, 0.03182403142316231, 0.0, 0.0, 0.0, 0.032131287685168514, 0.0, 0.0, 0.0, 0.0, 0.0, 0.03253843277783, 0.02775076472732273, 0.0, 0.0, 0.00019194239542954296, 0.0, 0.0, 0.0, 0.0, 0.0, 0.0, 0.03194080151913872, 0.0, 0.027682357642827855, 0.0, 0.0, 0.0, 0.030039783059015904, 0.0, 0.024011240118047988, 0.031847536163126314, 0.0, 0.0, 0.0, 0.031041856244177417, 0.0, 0.0, 0.024461447599907874, 0.030918500374599856, 0.0, 0.0, 0.0, 0.0, 0.030730802005880294, 0.030705976841980516, 0.03252147102406096, 0.032335920831402576, 0.0, 0.03120546079918398, 0.0
dl_tr:0.03499719594963849, 0.03499719594631839, 0.027486385179147955, 0.011297308241061463, 0.009769811369512169, 0.0028978493696947875, 0.034999655086341314, 0.012514671818689123, 0.0349957995499485, 0.034995449570874256, 0.034995449578174694, 0.010035063380396524, 0.034995804275675266, 0.03499894593564485, 0.0, 0.02692981847718563, 0.03499894593938515, 0.012692836156992689, 0.014861484665797366, 0.01339043805936525, 0.03499509665742259, 0.014198996108268662, 0.0011942050230816159, 0.03499860400752023, 0.03499649953631827, 0.015207231474047926, 0.0033009524870089607, 0.0011816383266193956, 0.001574251211899071, 0.03499231254076867, 0.03499755001201808, 0.001446528898130832, 0.034996499635467186, 0.034996500024982, 0.0, 0.034993362939081514, 0.01965253963311698, 0.034996854534769785, 0.003998299238576272, 0.0331835337467109, 0.0, 0.034996154131471835, 0.0013654566010440942, 0.0, 0.03499301076018302, 0.019180192073322933, 0.025600145600827084, 0.015986139576437644, 0.03499755530915091, 0.002851410990959096, 0.03499720770754775, 0.0, 0.0, 0.0, 0.03499720770256726, 0.004517195576267627, 0.0013866277202006058, 0.03193478331577158, 0.0264606314330133, 0.035000701309100914, 0.03499685768475864, 0.034994061936360635, 0.03500070421358922, 0.012623143698642878, 0.03499685452529253, 0.0017580312275927595, 0.023582603705910234, 0.0002509552987719509, 0.00033497980601060104, 0.01660735347902311, 0.0032194541126112615, 0.03499615415515397, 0.0002630576481083297, 0.03499580377260654, 0.012565506114920343, 0.00033976790049905487, 0.0021388925629606662, 0.03499965131956196, 0.0, 0.03500070072770005, 0.03499650064417142, 0.0006374208096890658, 0.0003554629230215324, 0.0, 0.03499720003539054, 0.0009628617656565657, 0.03500000382245579, 0.03499685359361856, 0.0349996516766509, 0.0005482854612730636, 0.00438596669687575, 0.022882762088307067, 0.0, 0.03499860478691635, 0.034999304816899016, 0.03499791142439398, 0.03499826179140866, 0.02550357363457269, 0.034998254811184334, 0.009445013038411151
ul_er:0.0, 0.0, 0.0, 0.0, 0.0, 0.0, 0.0, 0.0, 0.0, 0.0, 0.0, 0.0, 0.0, 0.0, 0.0, 0.0, 0.0, 0.0, 0.0, 0.0, 0.0, 0.0, 0.0, 0.0, 0.0, 0.0, 0.0, 0.0, 0.0, 0.0, 0.0, 0.0, 0.0, 0.0, 0.0, 0.0, 0.0, 1.4401152092167373e-06, 0.0, 0.0, 0.0, 0.0, 0.0, 0.0, 0.0, 0.0, 0.0, 0.0, 0.0, 0.0, 0.0, 0.0, 0.0, 0.0, 0.0, 0.0, 0.0, 0.0, 0.0, 0.0, 0.0, 0.0, 0.0, 0.0, 0.0, 0.0, 0.0, 0.0, 0.0, 0.0, 0.0, 0.0, 0.0, 0.0, 0.0, 0.0, 0.0, 0.0, 0.0, 0.0, 0.0, 0.0, 0.0, 0.0, 0.0, 0.0, 0.0, 3.4002380166611663e-07, 0.0, 0.0, 0.0, 0.0, 0.0, 0.0, 0.0, 0.0, 0.0, 0.0, 0.0, 0.0
dl_er:0.0, 0.0, 0.0, 0.0, 0.0, 0.0, 0.0, 0.0, 0.0, 0.0, 0.0, 0.0, 0.0, 0.0, 0.0, 0.0, 0.0, 0.0, 0.0, 0.0, 0.0, 0.0, 0.0, 0.0, 0.0, 0.0, 0.0, 0.0, 0.0, 0.0, 0.0, 0.0, 0.0, 0.0, 0.0, 0.0, 0.0, 0.0, 0.0, 0.0, 0.0, 0.0, 0.0, 0.0, 0.0, 0.0, 0.0, 0.0, 0.0, 0.0, 0.0, 0.0, 0.0, 0.0, 0.0, 0.0, 0.0, 0.0, 0.0, 0.0, 0.0, 0.0, 0.0, 0.0, 0.0, 0.0, 0.0, 0.0, 0.0, 0.0, 0.0, 0.0, 0.0, 0.0, 0.0, 0.0, 0.0, 0.0, 0.0, 0.0, 0.0, 0.0, 0.0, 0.0, 0.0, 0.0, 0.0, 0.0, 0.0, 0.0, 0.0, 0.0, 0.0, 0.0, 0.0, 0.0, 0.0, 0.0, 0.0, 0.0
ul_er_ratio:0.0, 0.0, 0.0, 0.0, 0.0, 0.0, 0.0, 0.0, 0.0, 0.0, 0.0, 0.0, 0.0, 0.0, 0.0, 0.0, 0.0, 0.0, 0.0, 0.0, 0.0, 0.0, 0.0, 0.0, 0.0, 0.0, 0.0, 0.0, 0.0, 0.0, 0.0, 0.0, 0.0, 0.0, 0.0, 0.0, 0.0, 6.341006718277457e-05, 0.0, 0.0, 0.0, 0.0, 0.0, 0.0, 0.0, 0.0, 0.0, 0.0, 0.0, 0.0, 0.0, 0.0, 0.0, 0.0, 0.0, 0.0, 0.0, 0.0, 0.0, 0.0, 0.0, 0.0, 0.0, 0.0, 0.0, 0.0, 0.0, 0.0, 0.0, 0.0, 0.0, 0.0, 0.0, 0.0, 0.0, 0.0, 0.0, 0.0, 0.0, 0.0, 0.0, 0.0, 0.0, 0.0, 0.0, 0.0, 0.0, 1.3900202507544837e-05, 0.0, 0.0, 0.0, 0.0, 0.0, 0.0, 0.0, 0.0, 0.0, 0.0, 0.0, 0.0
dl_er_ratio:0.0, 0.0, 0.0, 0.0, 0.0, 0.0, 0.0, 0.0, 0.0, 0.0, 0.0, 0.0, 0.0, 0.0, 0.0, 0.0, 0.0, 0.0, 0.0, 0.0, 0.0, 0.0, 0.0, 0.0, 0.0, 0.0, 0.0, 0.0, 0.0, 0.0, 0.0, 0.0, 0.0, 0.0, 0.0, 0.0, 0.0, 0.0, 0.0, 0.0, 0.0, 0.0, 0.0, 0.0, 0.0, 0.0, 0.0, 0.0, 0.0, 0.0, 0.0, 0.0, 0.0, 0.0, 0.0, 0.0, 0.0, 0.0, 0.0, 0.0, 0.0, 0.0, 0.0, 0.0, 0.0, 0.0, 0.0, 0.0, 0.0, 0.0, 0.0, 0.0, 0.0, 0.0, 0.0, 0.0, 0.0, 0.0, 0.0, 0.0, 0.0, 0.0, 0.0, 0.0, 0.0, 0.0, 0.0, 0.0, 0.0, 0.0, 0.0, 0.0, 0.0, 0.0, 0.0, 0.0, 0.0, 0.0, 0.0, 0.0
ul_er_perc:0.0, 0.0, 0.0, 0.0, 0.0, 0.0, 0.0, 0.0, 0.0, 0.0, 0.0, 0.0, 0.0, 0.0, 0.0, 0.0, 0.0, 0.0, 0.0, 0.0, 0.0, 0.0, 0.0, 0.0, 0.0, 0.0, 0.0, 0.0, 0.0, 0.0, 0.0, 0.0, 0.0, 0.0, 0.0, 0.0, 0.0, 0.006341006718277456, 0.0, 0.0, 0.0, 0.0, 0.0, 0.0, 0.0, 0.0, 0.0, 0.0, 0.0, 0.0, 0.0, 0.0, 0.0, 0.0, 0.0, 0.0, 0.0, 0.0, 0.0, 0.0, 0.0, 0.0, 0.0, 0.0, 0.0, 0.0, 0.0, 0.0, 0.0, 0.0, 0.0, 0.0, 0.0, 0.0, 0.0, 0.0, 0.0, 0.0, 0.0, 0.0, 0.0, 0.0, 0.0, 0.0, 0.0, 0.0, 0.0, 0.0013900202507544836, 0.0, 0.0, 0.0, 0.0, 0.0, 0.0, 0.0, 0.0, 0.0, 0.0, 0.0, 0.0
dl_er_perc:0.0, 0.0, 0.0, 0.0, 0.0, 0.0, 0.0, 0.0, 0.0, 0.0, 0.0, 0.0, 0.0, 0.0, 0.0, 0.0, 0.0, 0.0, 0.0, 0.0, 0.0, 0.0, 0.0, 0.0, 0.0, 0.0, 0.0, 0.0, 0.0, 0.0, 0.0, 0.0, 0.0, 0.0, 0.0, 0.0, 0.0, 0.0, 0.0, 0.0, 0.0, 0.0, 0.0, 0.0, 0.0, 0.0, 0.0, 0.0, 0.0, 0.0, 0.0, 0.0, 0.0, 0.0, 0.0, 0.0, 0.0, 0.0, 0.0, 0.0, 0.0, 0.0, 0.0, 0.0, 0.0, 0.0, 0.0, 0.0, 0.0, 0.0, 0.0, 0.0, 0.0, 0.0, 0.0, 0.0, 0.0, 0.0, 0.0, 0.0, 0.0, 0.0, 0.0, 0.0, 0.0, 0.0, 0.0, 0.0, 0.0, 0.0, 0.0, 0.0, 0.0, 0.0, 0.0, 0.0, 0.0, 0.0, 0.0, 0.0
ul_l:0.0033181430644779347, 0.002151457707104213, 0.0, 0.0, 0.0, 0.0, 0.00022255364583029152, 0.0, 0.005814068045542188, 0.0, 0.0007767858935036102, 0.0, 5.397740098802965e-05, 0.10313585972630708, 0.0, 0.0, 0.00029615147223077844, 0.0, 0.0, 0.0, 0.005628738007832626, 0.0, 0.0, 0.002897592510800324, 0.006101550359823383, 0.0, 0.0, 0.0, 0.0, 0.003626621318279645, 0.028078540544586014, 0.0, 0.0067480148601454125, 0.001972163373241859, 0.0, 0.0, 0.0, 0.06457469473257961, 0.0, 0.0, 0.0, 0.010037551367490074, 0.0, 0.0, 0.0011710024786368638, 0.0, 0.0, 0.0, 0.0025689656673017302, 0.0, 0.004197540676705671, 0.0, 0.0, 0.0, 0.0011909234154055407, 0.0, 0.0, 0.0, 0.0, 0.0, 0.0011592498277454971, 0.0021847477333873386, 0.0, 0.0, 1.684195472547255e-05, 0.0, 0.0, 0.0, 0.0, 0.0, 0.0, 0.018772260195855633, 0.0, 0.0021819977854146875, 0.0, 0.0, 0.0, 0.0032484201840094007, 0.0, 0.0019274370697616738, 0.0008550734233163317, 0.0, 0.0, 0.0, 0.007098400381404141, 0.0, 0.0, 0.07564549326826177, 0.09134300612031583, 0.0, 0.0, 0.0, 0.0, 0.000979659637179859, 0.004766094706434386, 0.001923963951598064, 0.09399384176614066, 0.0, 0.0011226509922197666, 0.0
dl_l:0.0008005426180695422, 0.0008058008711751352, 0.0007341858737746887, 0.0003150586336710203, 0.00028470873261195667, 5.0787487236489457e-05, 0.000906219594420721, 0.0003046920495279717, 0.0008234261355054855, 0.0008416641709272556, 0.000849316447982879, 0.00027303109726983614, 0.0008988569453283597, 0.0008123248679054325, 0.0, 0.0006441901867652058, 0.0008058527060644851, 0.0003023919592131449, 0.0011402775977438196, 0.001224873531787543, 0.0009102419471077686, 0.0003545127395781662, 2.009729563969478e-05, 0.0008219078858165745, 0.0009064896454100869, 0.00042203104206936553, 6.157531287402993e-05, 2.167822043483914e-05, 3.06361587032833e-05, 0.0009528595237291357, 0.001035666279601164, 2.6603343649928493e-05, 0.0009615160267844106, 0.0009716305996389712, 0.0, 0.0010533132948915404, 0.0004926406123701133, 0.0010543328417033362, 0.00010075554543308897, 0.0010806453231510835, 0.0, 0.001062286458824294, 2.5462452102689244e-05, 0.0, 0.0011486387759155915, 0.0005138250097203889, 0.0008844281477847784, 0.0005700799761186119, 0.001096466492031203, 0.00018342051176517652, 0.0011638205898589857, 0.0, 0.0, 0.0, 0.0011669750745584558, 0.0001224127100480048, 2.3425218315549466e-05, 0.0010850326121342134, 0.0009061508423172317, 0.0012242682463626362, 0.0011851550758388255, 0.0011825093740934092, 0.0011750953843465911, 0.0007872023363922752, 0.0011826035821172116, 3.072177564056406e-05, 0.0008497069311598044, 3.14462536401456e-06, 4.32002607460746e-06, 0.0005901373421267914, 7.587758692369236e-05, 0.0011912937304287385, 3.2729335390185113e-06, 0.001200371697487774, 0.0004251013979598164, 4.6454300863094945e-06, 7.476880645758118e-05, 0.0011953469397949794, 0.0, 0.0012054706909170008, 0.0012137825890299028, 9.557992893218256e-06, 5.0660519417135885e-06, 0.0, 0.001217130568088809, 1.5291808885888588e-05, 0.001210277929087327, 0.0012338244063494444, 0.0012284494687481873, 9.468589674483724e-06, 0.00011544443947715817, 0.0008568508401202097, 0.0, 0.0012351131838041903, 0.0012359386864441867, 0.0012421695341803673, 0.001243689396196848, 0.000860592508802176, 0.0012359913306609197, 0.0003217294883836515
ul_il:0.24627750819097172, 0.26533934950602317, 0.0, 0.0, 0.0, 0.0, 0.00022255364583029152, 0.0, 0.7278597316106747, 0.0, 0.3100204828822199, 0.0, 5.397740098802965e-05, 0.11031124863600289, 0.0, 0.0, 0.0003039443369489559, 0.0, 0.0, 0.0, 0.15254270882632512, 0.0, 0.0, 0.30977830538789664, 0.17201269007969316, 0.0, 0.0, 0.0, 0.0, 0.24039750919154423, 0.15198322720576254, 0.0, 0.1455365586608405, 0.0019898981459696777, 0.0, 0.0, 0.0, 0.9366375118699496, 0.0, 0.0, 0.0, 0.5076283600918992, 0.0, 0.0, 0.3398387196745475, 0.0, 0.0, 0.0, 0.002582970004555456, 0.0, 0.22980293334379134, 0.0, 0.0, 0.0, 0.29706054199098214, 0.0, 0.0, 0.0, 0.0, 0.0, 0.27279674980073704, 0.002201306609419942, 0.0, 0.0, 1.684195472547255e-05, 0.0, 0.0, 0.0, 0.0, 0.0, 0.0, 0.5074483857649998, 0.0, 0.002198074070009301, 0.0, 0.0, 0.0, 0.21924964752449047, 0.0, 0.00194276011027213, 0.37614806466998896, 0.0, 0.0, 0.0, 0.1289350490060246, 0.0, 0.0, 0.08429777192385068, 0.15571356054872337, 0.0, 0.0, 0.0, 0.0, 0.35033861096025803, 0.19911199694098244, 0.7371009212758279, 0.2111855272684577, 0.0, 0.37641367547127114, 0.0
dl_il:0.0014580780586187587, 0.0014621026973739213, 0.001218672340917046, 0.0005287366414164851, 0.00046613346641998524, 9.322141227049081e-05, 0.0015329330088594431, 0.0005293653280346821, 0.0014741452461432302, 0.0014859099025421527, 0.0014898198615246915, 0.000514792927616657, 0.0015278413301589048, 0.001465589537423994, 0.0, 0.0011548127678030682, 0.0014606706513181054, 0.0005599060055243866, 0.0013637758341557323, 0.0014158629983628693, 0.0015332081613789105, 0.0006086665802744219, 3.825581143480043e-05, 0.0014736089786763602, 0.0015304451620775873, 0.0007009097803594288, 0.00011076209538463077, 3.870624273484614e-05, 5.949472525327279e-05, 0.0015599197320998888, 0.0016158415315298377, 4.713221425928334e-05, 0.0015652550049134423, 0.001569666726900152, 0.0, 0.0016296974627826504, 0.0008454852013311196, 0.001629196946412713, 0.00019989553380804273, 0.0014676074365512896, 0.0, 0.0016331463519936795, 4.5774633475012754e-05, 0.0, 0.0016935589080318031, 0.0008678077948817953, 0.0012900283859835983, 0.0008129319955735573, 0.0016593011813161316, 0.00022648375197019703, 0.0017045673824332434, 0.0, 0.0, 0.0, 0.0017072635590099012, 0.00018512254610361035, 4.3839215830474916e-05, 0.001579108739529953, 0.001323032457190719, 0.0016123208630823083, 0.001717257856910122, 0.001716349304257426, 0.0017112389580022202, 0.0010057917325139263, 0.001716170109871987, 5.9525327052705275e-05, 0.0012116345140532646, 8.021523003920157e-06, 1.1574892310231024e-05, 0.0008470376061425528, 0.00012705904700670067, 0.001720467320564851, 8.24484805732516e-06, 0.0017293656700753067, 0.0006244994689502055, 1.1011401624178659e-05, 0.00010885537335960236, 0.0017230503424272427, 0.0, 0.00173086886890758, 0.0017357497046144614, 2.2217796330596365e-05, 1.1606889073798119e-05, 0.0, 0.00174117327879888, 3.106602663966397e-05, 0.001733972082690615, 0.0017535968941765924, 0.0017463368957476174, 2.1528966199309967e-05, 0.00019609314296043683, 0.0012013695314175136, 0.0, 0.0017533192555807791, 0.001750229792532552, 0.001757505442102684, 0.0017586991452858114, 0.0012467949607172144, 0.0017498489481644448, 0.00046841847673330194
sinr_ul:9.54180141e-07,2.02197133e-03,1.74614966e-02,2.38169088e-02,1.78837531e-02,2.15526394e-02,1.36804624e-02,1.47987615e-02,1.97634880e-02,3.19492589e-02,1.91241237e-02,1.68898155e-02,1.40150615e-02,1.13723006e-02,1.01386729e-02,6.92028689e-03,2.05594651e-02,7.11443074e-03,3.22729168e-03,6.02564759e-03,1.39391724e-02,1.85469719e-02,2.87820806e-02,2.13628211e-02,1.57838571e-02,2.93676928e-02,2.72314107e-02,2.96723307e-02,2.21879325e-02,1.78772647e-02,3.19537118e-02,2.12584338e-02,2.00075673e-02,1.85413741e-02,7.42320344e-03,6.09530274e-03,2.28125388e-03,6.39936815e-05,1.19210178e-02,1.34574386e-02
sinr_ul_bin_edges:-45.14717,-43.57502,-42.00287,-40.43072,-38.85857,-37.28642,-35.71427,-34.14212,-32.56997,-30.99782,-29.42567,-27.85352,-26.28137,-24.70922,-23.13707,-21.56492,-19.99277,-18.42062,-16.84847,-15.27632,-13.70417,-12.13202,-10.55987, -8.98772, -7.41557, -5.84342, -4.27127, -2.69912, -1.12697,  0.44518,  2.01733,  3.58948,  5.16163,  6.73378,  8.30593,  9.87808, 11.45023, 13.02238, 14.59453, 16.16668, 17.73883
sinr_dl:1.00215323e-06,1.19189424e-03,1.90377713e-02,2.24970039e-02,1.55230863e-02,2.32143451e-02,1.63103111e-02,1.03104197e-02,1.82317729e-02,3.37276675e-02,3.80282410e-02,2.02483056e-02,1.82891629e-02,1.00534676e-02,1.37504777e-02,1.64329747e-02,6.37182387e-03,3.07520741e-03,6.04164779e-03,1.36360986e-02,1.78722003e-02,2.86009188e-02,2.28499622e-02,1.52946622e-02,3.09808991e-02,1.84525807e-02,4.02975836e-02,1.67954201e-02,2.24782302e-02,2.54645800e-02,2.54242266e-02,2.68985945e-02,1.52043348e-02,1.56788877e-02,5.84569342e-03,5.23023772e-03,1.98633452e-03,5.24861053e-04,1.30235825e-02,1.31737719e-02
sinr_dl_bin_edges:-12.146118 ,-10.6492246, -9.1523312, -7.6554378, -6.1585444, -4.661651 , -3.1647576, -1.6678642, -0.1709708,  1.3259226,  2.822816 ,  4.3197094,  5.8166028,  7.3134962,  8.8103896, 10.307283 , 11.8041764, 13.3010698, 14.7979632, 16.2948566, 17.79175  , 19.2886434, 20.7855368, 22.2824302, 23.7793236, 25.276217 , 26.7731104, 28.2700038, 29.7668972, 31.2637906, 32.760684 , 34.2575774, 35.7544708, 37.2513642, 38.7482576, 40.245151 , 41.7420444, 43.2389378, 44.7358312, 46.2327246, 47.729618 
rsrp_ul:9.53968219e-07,1.59071021e-03,1.78448659e-02,2.23515390e-02,1.81868317e-02,2.14600875e-02,1.46988695e-02,1.48577370e-02,1.92840224e-02,3.14197701e-02,1.91456970e-02,1.73233633e-02,1.44598051e-02,1.11869945e-02,1.05287564e-02,6.64559700e-03,2.00213126e-02,7.35172428e-03,3.73465838e-03,5.91568412e-03,1.41264886e-02,1.81548420e-02,2.70307531e-02,2.30223058e-02,1.52874043e-02,2.96289173e-02,2.72613590e-02,3.00189631e-02,2.06583726e-02,1.95978143e-02,3.17850763e-02,2.07241328e-02,2.00230933e-02,1.88876804e-02,7.51981348e-03,6.33663850e-03,2.42091695e-03,7.09752355e-05,1.15686454e-02,1.37971788e-02
rsrp_ul_bin_edges:-126.66079   ,-125.08829075,-123.5157915 ,-121.94329225,-120.370793  ,-118.79829375,-117.2257945 ,-115.65329525,-114.080796  ,-112.50829675,-110.9357975 ,-109.36329825,-107.790799  ,-106.21829975,-104.6458005 ,-103.07330125,-101.500802  , -99.92830275, -98.3558035 , -96.78330425, -95.210805  , -93.63830575, -92.0658065 , -90.49330725, -88.920808  , -87.34830875, -85.7758095 , -84.20331025, -82.630811  , -81.05831175, -79.4858125 , -77.91331325, -76.340814  , -74.76831475, -73.1958155 , -71.62331625, -70.050817  , -68.47831775, -66.9058185 , -65.33331925, -63.76082   
rsrp_dl:1.00192007e-06,9.87559216e-04,1.91899755e-02,2.05781691e-02,1.65239998e-02,2.21077671e-02,1.71219457e-02,1.14584255e-02,1.82562528e-02,3.18411534e-02,3.87766445e-02,2.03247502e-02,1.82104316e-02,1.11388130e-02,9.81120209e-03,1.97817763e-02,6.45263243e-03,3.42569831e-03,6.02033732e-03,1.37855518e-02,1.74964634e-02,2.75340994e-02,2.35952844e-02,1.49993446e-02,3.23450524e-02,1.68637175e-02,3.54065194e-02,2.00724667e-02,2.51851980e-02,2.50097284e-02,2.51023058e-02,2.65681817e-02,1.46850089e-02,1.71957538e-02,5.84687156e-03,5.40502480e-03,2.07370737e-03,5.27076752e-04,1.26440977e-02,1.35448238e-02
rsrp_dl_bin_edges:-120.64019   ,-119.14294825,-117.6457065 ,-116.14846475,-114.651223  ,-113.15398125,-111.6567395 ,-110.15949775,-108.662256  ,-107.16501425,-105.6677725 ,-104.17053075,-102.673289  ,-101.17604725, -99.6788055 , -98.18156375, -96.684322  , -95.18708025, -93.6898385 , -92.19259675, -90.695355  , -89.19811325, -87.7008715 , -86.20362975, -84.706388  , -83.20914625, -81.7119045 , -80.21466275, -78.717421  , -77.22017925, -75.7229375 , -74.22569575, -72.728454  , -71.23121225, -69.7339705 , -68.23672875, -66.739487  , -65.24224525, -63.7450035 , -62.24776175, -60.75052   
cqi_ul:2.13094071,0.        ,0.        ,0.19847779,0.        ,0.        ,0.17164075,0.        ,0.        ,0.        ,0.17861761,0.        ,0.        ,0.17654279,0.        ,0.        ,0.15156388,0.        ,0.        ,0.        ,0.07624014,0.        ,0.        ,0.069976  ,0.        ,0.        ,0.03552437,0.        ,0.        ,0.        ,0.0104398 ,0.        ,0.        ,0.0035006 ,0.        ,0.        ,0.10202077,0.        ,0.        ,0.02784812
cqi_ul_bin_edges: 0. , 0.3, 0.6, 0.9, 1.2, 1.5, 1.8, 2.1, 2.4, 2.7, 3. , 3.3, 3.6, 3.9, 4.2, 4.5, 4.8, 5.1, 5.4, 5.7, 6. , 6.3, 6.6, 6.9, 7.2, 7.5, 7.8, 8.1, 8.4, 8.7, 9. , 9.3, 9.6, 9.9,10.2,10.5,10.8,11.1,11.4,11.7,12. 
cqi_dl:0.2621521 ,0.        ,0.10718753,0.        ,0.        ,0.07227735,0.        ,0.        ,0.16069222,0.        ,0.19809032,0.        ,0.        ,0.09961707,0.        ,0.        ,0.07916108,0.        ,0.02383625,0.        ,0.        ,0.09736383,0.        ,0.        ,0.02131206,0.        ,0.02207558,0.        ,0.        ,0.03012741,0.        ,0.        ,0.09014594,0.        ,0.1308363 ,0.        ,0.        ,0.07985527,0.        ,1.19193635
cqi_dl_bin_edges: 0.   , 0.375, 0.75 , 1.125, 1.5  , 1.875, 2.25 , 2.625, 3.   , 3.375, 3.75 , 4.125, 4.5  , 4.875, 5.25 , 5.625, 6.   , 6.375, 6.75 , 7.125, 7.5  , 7.875, 8.25 , 8.625, 9.   , 9.375, 9.75 ,10.125,10.5  ,10.875,11.25 ,11.625,12.   ,12.375,12.75 ,13.125,13.5  ,13.875,14.25 ,14.625,15.   
mcs_ul:1.32708203e+00,3.71321022e-02,0.00000000e+00,5.19779607e-02,0.00000000e+00,4.54498269e-02,0.00000000e+00,6.75142355e-02,0.00000000e+00,2.87818295e-02,5.14282825e-02,0.00000000e+00,3.12429262e-02,0.00000000e+00,2.11992517e-02,0.00000000e+00,2.36381649e-04,0.00000000e+00,2.01498991e-02,0.00000000e+00,2.83537969e-02,9.81492972e-03,0.00000000e+00,1.17827160e-02,0.00000000e+00,7.59421504e-03,0.00000000e+00,2.88367428e-03,0.00000000e+00,0.00000000e+00,2.81075963e-03,0.00000000e+00,2.27290047e-05,0.00000000e+00,1.88668922e-03,0.00000000e+00,2.08366787e-02,0.00000000e+00,3.48110162e-02,1.51898847e-02
mcs_ul_bin_edges: 0.  , 0.55, 1.1 , 1.65, 2.2 , 2.75, 3.3 , 3.85, 4.4 , 4.95, 5.5 , 6.05, 6.6 , 7.15, 7.7 , 8.25, 8.8 , 9.35, 9.9 ,10.45,11.  ,11.55,12.1 ,12.65,13.2 ,13.75,14.3 ,14.85,15.4 ,15.95,16.5 ,17.05,17.6 ,18.15,18.7 ,19.25,19.8 ,20.35,20.9 ,21.45,22.  
mcs_dl:2.19858226e-01,1.67222993e-02,3.49374289e-02,0.00000000e+00,5.11476885e-02,6.35419372e-02,0.00000000e+00,4.25778797e-02,2.65869229e-02,0.00000000e+00,2.67793665e-02,1.74086384e-02,2.10730659e-04,0.00000000e+00,2.47883546e-02,2.92822752e-03,0.00000000e+00,9.84119323e-03,3.27795470e-02,0.00000000e+00,1.93796487e-02,6.09547362e-03,0.00000000e+00,0.00000000e+00,5.32169921e-03,7.52258450e-03,0.00000000e+00,4.30362011e-03,8.45994305e-03,0.00000000e+00,7.67973957e-03,2.42525987e-02,2.40398679e-02,0.00000000e+00,3.15715960e-02,3.85192787e-02,0.00000000e+00,2.42928876e-02,1.84774357e-02,6.38546615e-01
mcs_dl_bin_edges: 0. , 0.7, 1.4, 2.1, 2.8, 3.5, 4.2, 4.9, 5.6, 6.3, 7. , 7.7, 8.4, 9.1, 9.8,10.5,11.2,11.9,12.6,13.3,14. ,14.7,15.4,16.1,16.8,17.5,18.2,18.9,19.6,20.3,21. ,21.7,22.4,23.1,23.8,24.5,25.2,25.9,26.6,27.3,28. 
eff_ul:6.55287832e+00,0.00000000e+00,9.28815672e-01,5.02376044e-01,0.00000000e+00,2.56232613e-01,3.80625189e-01,1.62263399e-01,2.89937368e-01,0.00000000e+00,1.76138330e-01,0.00000000e+00,1.19515079e-01,1.14931790e-01,0.00000000e+00,1.59850278e-01,0.00000000e+00,5.53336560e-02,0.00000000e+00,6.64274502e-02,0.00000000e+00,0.00000000e+00,4.28139268e-02,0.00000000e+00,1.62572983e-02,0.00000000e+00,1.58462272e-02,1.28139372e-04,0.00000000e+00,0.00000000e+00,0.00000000e+00,1.06365930e-02,0.00000000e+00,0.00000000e+00,1.17471000e-01,0.00000000e+00,1.96254161e-01,0.00000000e+00,0.00000000e+00,8.56360545e-02
eff_ul_bin_edges:0.        ,0.09755747,0.19511493,0.2926724 ,0.39022987,0.48778734,0.5853448 ,0.68290227,0.78045974,0.87801721,0.97557467,1.07313214,1.17068961,1.26824708,1.36580455,1.46336201,1.56091948,1.65847695,1.75603441,1.85359188,1.95114935,2.04870682,2.14626428,2.24382175,2.34137922,2.43893669,2.53649415,2.63405162,2.73160909,2.82916656,2.92672402,3.02428149,3.12183896,3.21939643,3.31695389,3.41451136,3.51206883,3.6096263 ,3.70718376,3.80474123,3.9022987 
eff_dl:0.7079327 ,0.40034378,0.26040991,0.25782879,0.32030657,0.21462951,0.13402119,0.13499127,0.08775466,0.12601711,0.01476081,0.        ,0.04960816,0.1652374 ,0.        ,0.09769027,0.        ,0.03072648,0.02682599,0.03792036,0.        ,0.02169398,0.        ,0.04264546,0.        ,0.03871256,0.        ,0.        ,0.12225417,0.        ,0.12118182,0.        ,0.15914827,0.        ,0.19417063,0.        ,0.12245726,0.        ,0.09314233,3.21882974
eff_dl_bin_edges:0.        ,0.13886495,0.2777299 ,0.41659485,0.5554598 ,0.69432475,0.8331897 ,0.97205465,1.1109196 ,1.24978455,1.3886495 ,1.52751445,1.6663794 ,1.80524435,1.9441093 ,2.08297425,2.2218392 ,2.36070415,2.4995691 ,2.63843405,2.777299  ,2.91616395,3.0550289 ,3.19389385,3.3327588 ,3.47162375,3.6104887 ,3.74935365,3.8882186 ,4.02708355,4.1659485 ,4.30481345,4.4436784 ,4.58254335,4.7214083 ,4.86027325,4.9991382 ,5.13800315,5.2768681 ,5.41573305,5.554598  
rul:5.94732711e+00,9.27504865e-03,9.66495821e-03,1.12161984e-02,4.29740321e-03,3.16726535e-03,3.61236211e-03,2.25667656e-03,2.42583733e-03,6.61646531e-04,8.42204650e-04,5.78265871e-04,6.17256827e-04,3.98907473e-04,4.19902603e-04,4.02506638e-04,1.16972868e-04,4.39098151e-04,1.13973564e-05,2.21948519e-05,8.51802424e-05,5.93862253e-05,2.69937388e-05,3.17926257e-05,2.27947128e-05,1.73959650e-05,2.87933214e-05,3.23924865e-05,2.57940171e-05,1.19972172e-05,1.79958259e-05,3.59916517e-06,4.79888690e-06,1.07974955e-05,3.59916517e-06,0.00000000e+00,5.99860862e-07,0.00000000e+00,0.00000000e+00,5.99860862e-07
rul_bin_edges:0.        ,0.16671841,0.33343682,0.50015524,0.66687365,0.83359206,1.00031048,1.16702889,1.3337473 ,1.50046571,1.66718412,1.83390254,2.00062095,2.16733936,2.33405777,2.50077619,2.6674946 ,2.83421301,3.00093143,3.16764984,3.33436825,3.50108666,3.66780507,3.83452349,4.0012419 ,4.16796031,4.33467872,4.50139714,4.66811555,4.83483396,5.00155238,5.16827079,5.3349892 ,5.50170761,5.66842602,5.83514444,6.00186285,6.16858126,6.33529967,6.50201809,6.6687365 
rdl:9.17817948e+00,4.81332798e-03,2.12067024e-01,1.41894679e-01,5.49885966e-02,1.23451436e-02,2.53302706e-03,1.72007528e-03,5.86170906e-05,0.00000000e+00,0.00000000e+00,0.00000000e+00,9.60935911e-07,9.60935911e-07,9.60935911e-07,0.00000000e+00,0.00000000e+00,0.00000000e+00,0.00000000e+00,0.00000000e+00,0.00000000e+00,0.00000000e+00,0.00000000e+00,0.00000000e+00,0.00000000e+00,0.00000000e+00,0.00000000e+00,9.60935911e-07,0.00000000e+00,0.00000000e+00,0.00000000e+00,0.00000000e+00,0.00000000e+00,0.00000000e+00,0.00000000e+00,0.00000000e+00,0.00000000e+00,0.00000000e+00,0.00000000e+00,9.60935911e-07
rdl_bin_edges:0.        ,0.10407338,0.20814677,0.31222015,0.41629353,0.52036691,0.6244403 ,0.72851368,0.83258706,0.93666044,1.04073383,1.14480721,1.24888059,1.35295397,1.45702736,1.56110074,1.66517412,1.7692475 ,1.87332089,1.97739427,2.08146765,2.18554103,2.28961441,2.3936878 ,2.49776118,2.60183456,2.70590795,2.80998133,2.91405471,3.01812809,3.12220148,3.22627486,3.33034824,3.43442162,3.53849501,3.64256839,3.74664177,3.85071515,3.95478854,4.05886192,4.1629353 
lul:4.71613858e-01,2.83059913e-07,1.98141939e-06,2.74096349e-05,2.18899666e-05,5.37813834e-06,1.66061816e-05,3.25518900e-06,3.01930574e-06,2.21730265e-06,1.83988943e-06,1.46247622e-06,1.17941630e-06,1.36812291e-06,1.50965287e-06,1.69835948e-06,1.60400617e-06,1.32094626e-06,1.17941630e-06,7.54826434e-07,1.17941630e-06,1.27376961e-06,1.27376961e-06,9.43533043e-07,7.54826434e-07,7.07649782e-07,7.54826434e-07,1.08506300e-06,1.41529956e-06,1.69835948e-06,1.55682952e-06,1.22659296e-06,9.43533043e-07,1.22659296e-06,8.49179738e-07,7.54826434e-07,8.02003086e-07,6.60473130e-07,2.83059913e-07,2.83059913e-07
lul_bin_edges: 0.      , 2.119859, 4.239718, 6.359577, 8.479436,10.599295,12.719154,14.839013,16.958872,19.078731,21.19859 ,23.318449,25.438308,27.558167,29.678026,31.797885,33.917744,36.037603,38.157462,40.277321,42.39718 ,44.517039,46.636898,48.756757,50.876616,52.996475,55.116334,57.236193,59.356052,61.475911,63.59577 ,65.715629,67.835488,69.955347,72.075206,74.195065,76.314924,78.434783,80.554642,82.674501,84.79436 
ldl:9.12112945e-01,0.00000000e+00,0.00000000e+00,9.12185281e-08,9.12185281e-08,0.00000000e+00,0.00000000e+00,9.12185281e-08,0.00000000e+00,0.00000000e+00,0.00000000e+00,0.00000000e+00,0.00000000e+00,0.00000000e+00,0.00000000e+00,0.00000000e+00,0.00000000e+00,0.00000000e+00,0.00000000e+00,0.00000000e+00,0.00000000e+00,0.00000000e+00,0.00000000e+00,0.00000000e+00,0.00000000e+00,0.00000000e+00,0.00000000e+00,0.00000000e+00,0.00000000e+00,0.00000000e+00,0.00000000e+00,0.00000000e+00,0.00000000e+00,9.12185281e-08,9.12185281e-08,0.00000000e+00,0.00000000e+00,0.00000000e+00,9.12185281e-08,1.82437056e-07
ldl_bin_edges: 0.        , 1.09635457, 2.19270915, 3.28906372, 4.3854183 , 5.48177287, 6.57812745, 7.67448202, 8.7708366 , 9.86719117,10.96354575,12.05990032,13.1562549 ,14.25260947,15.34896405,16.44531862,17.5416732 ,18.63802777,19.73438235,20.83073692,21.9270915 ,23.02344607,24.11980065,25.21615522,26.3125098 ,27.40886437,28.50521895,29.60157352,30.6979281 ,31.79428267,32.89063725,33.98699182,35.0833464 ,36.17970097,37.27605555,38.37241012,39.4687647 ,40.56511927,41.66147385,42.75782842,43.854183  
ilul:4.68005394e-01,7.07636847e-07,4.86382393e-05,1.05357691e-03,8.97047643e-04,7.47830620e-04,5.52805905e-04,2.49654280e-04,8.13310616e-05,2.49088170e-05,7.78400531e-06,6.69896215e-06,5.61391898e-06,5.37804004e-06,3.91559055e-06,3.44383265e-06,3.20795371e-06,1.32092211e-06,1.17939474e-06,7.54812637e-07,1.17939474e-06,1.27374632e-06,1.27374632e-06,9.43515796e-07,7.54812637e-07,7.07636847e-07,7.54812637e-07,1.08504317e-06,1.41527369e-06,1.69832843e-06,1.55680106e-06,1.22657053e-06,9.43515796e-07,1.22657053e-06,8.49164216e-07,7.54812637e-07,8.01988426e-07,6.60461057e-07,2.83054739e-07,2.83054739e-07
ilul_bin_edges: 0.        , 2.11989775, 4.2397955 , 6.35969325, 8.479591  ,10.59948875,12.7193865 ,14.83928425,16.959182  ,19.07907975,21.1989775 ,23.31887525,25.438773  ,27.55867075,29.6785685 ,31.79846625,33.918364  ,36.03826175,38.1581595 ,40.27805725,42.397955  ,44.51785275,46.6377505 ,48.75764825,50.877546  ,52.99744375,55.1173415 ,57.23723925,59.357137  ,61.47703475,63.5969325 ,65.71683025,67.836728  ,69.95662575,72.0765235 ,74.19642125,76.316319  ,78.43621675,80.5561145 ,82.67601225,84.79591   
ildl:9.12009961e-01,0.00000000e+00,0.00000000e+00,9.12082289e-08,9.12082289e-08,0.00000000e+00,0.00000000e+00,9.12082289e-08,0.00000000e+00,0.00000000e+00,0.00000000e+00,0.00000000e+00,0.00000000e+00,0.00000000e+00,0.00000000e+00,0.00000000e+00,0.00000000e+00,0.00000000e+00,0.00000000e+00,0.00000000e+00,0.00000000e+00,0.00000000e+00,0.00000000e+00,0.00000000e+00,0.00000000e+00,0.00000000e+00,0.00000000e+00,0.00000000e+00,0.00000000e+00,0.00000000e+00,0.00000000e+00,0.00000000e+00,0.00000000e+00,9.12082289e-08,9.12082289e-08,0.00000000e+00,0.00000000e+00,0.00000000e+00,9.12082289e-08,1.82416458e-07
ildl_bin_edges: 0.        , 1.09647838, 2.19295675, 3.28943512, 4.3859135 , 5.48239188, 6.57887025, 7.67534862, 8.771827  , 9.86830538,10.96478375,12.06126213,13.1577405 ,14.25421887,15.35069725,16.44717562,17.543654  ,18.64013238,19.73661075,20.83308913,21.9295675 ,23.02604588,24.12252425,25.21900263,26.315481  ,27.41195937,28.50843775,29.60491612,30.7013945 ,31.79787287,32.89435125,33.99082963,35.087308  ,36.18378637,37.28026475,38.37674312,39.4732215 ,40.56969987,41.66617825,42.76265662,43.859135  
eul:3.70370259e+02,0.00000000e+00,0.00000000e+00,0.00000000e+00,0.00000000e+00,0.00000000e+00,0.00000000e+00,0.00000000e+00,0.00000000e+00,0.00000000e+00,0.00000000e+00,0.00000000e+00,3.70399447e-05,3.70399447e-05,0.00000000e+00,0.00000000e+00,0.00000000e+00,0.00000000e+00,0.00000000e+00,0.00000000e+00,0.00000000e+00,0.00000000e+00,0.00000000e+00,0.00000000e+00,0.00000000e+00,0.00000000e+00,0.00000000e+00,0.00000000e+00,0.00000000e+00,0.00000000e+00,0.00000000e+00,0.00000000e+00,0.00000000e+00,0.00000000e+00,0.00000000e+00,0.00000000e+00,0.00000000e+00,0.00000000e+00,0.00000000e+00,3.70399447e-05
eul_bin_edges:0.    ,0.0027,0.0054,0.0081,0.0108,0.0135,0.0162,0.0189,0.0216,0.0243,0.027 ,0.0297,0.0324,0.0351,0.0378,0.0405,0.0432,0.0459,0.0486,0.0513,0.054 ,0.0567,0.0594,0.0621,0.0648,0.0675,0.0702,0.0729,0.0756,0.0783,0.081 ,0.0837,0.0864,0.0891,0.0918,0.0945,0.0972,0.0999,0.1026,0.1053,0.108 
edl: 0., 0., 0., 0., 0., 0., 0., 0., 0., 0., 0., 0., 0., 0., 0., 0., 0., 0., 0., 0.,40., 0., 0., 0., 0., 0., 0., 0., 0., 0., 0., 0., 0., 0., 0., 0., 0., 0., 0., 0.
edl_bin_edges:-0.5  ,-0.475,-0.45 ,-0.425,-0.4  ,-0.375,-0.35 ,-0.325,-0.3  ,-0.275,-0.25 ,-0.225,-0.2  ,-0.175,-0.15 ,-0.125,-0.1  ,-0.075,-0.05 ,-0.025, 0.   , 0.025, 0.05 , 0.075, 0.1  , 0.125, 0.15 , 0.175, 0.2  , 0.225, 0.25 , 0.275, 0.3  , 0.325, 0.35 , 0.375, 0.4  , 0.425, 0.45 , 0.475, 0.5  
gul:4.11581406e-02,8.67260819e-02,7.32358766e+01,9.40757499e-02,2.71937714e-02,2.93986718e-03,7.34966796e-04,1.46993359e-03,0.00000000e+00,0.00000000e+00,0.00000000e+00,0.00000000e+00,0.00000000e+00,0.00000000e+00,0.00000000e+00,0.00000000e+00,0.00000000e+00,0.00000000e+00,0.00000000e+00,0.00000000e+00,0.00000000e+00,0.00000000e+00,0.00000000e+00,0.00000000e+00,0.00000000e+00,0.00000000e+00,0.00000000e+00,0.00000000e+00,0.00000000e+00,0.00000000e+00,0.00000000e+00,0.00000000e+00,0.00000000e+00,0.00000000e+00,0.00000000e+00,0.00000000e+00,0.00000000e+00,0.00000000e+00,0.00000000e+00,7.34966796e-04
gul_bin_edges:0.        ,0.01360713,0.02721425,0.04082138,0.0544285 ,0.06803563,0.08164275,0.09524988,0.108857  ,0.12246413,0.13607125,0.14967838,0.1632855 ,0.17689263,0.19049975,0.20410688,0.217714  ,0.23132113,0.24492825,0.25853538,0.2721425 ,0.28574963,0.29935675,0.31296388,0.326571  ,0.34017813,0.35378525,0.36739238,0.3809995 ,0.39460663,0.40821375,0.42182088,0.435428  ,0.44903513,0.46264225,0.47624938,0.4898565 ,0.50346363,0.51707075,0.53067788,0.544285  
gdl:4.11581406e-02,8.67260819e-02,7.32358766e+01,9.40757499e-02,2.71937714e-02,2.93986718e-03,7.34966796e-04,1.46993359e-03,0.00000000e+00,0.00000000e+00,0.00000000e+00,0.00000000e+00,0.00000000e+00,0.00000000e+00,0.00000000e+00,0.00000000e+00,0.00000000e+00,0.00000000e+00,0.00000000e+00,0.00000000e+00,0.00000000e+00,0.00000000e+00,0.00000000e+00,0.00000000e+00,0.00000000e+00,0.00000000e+00,0.00000000e+00,0.00000000e+00,0.00000000e+00,0.00000000e+00,0.00000000e+00,0.00000000e+00,0.00000000e+00,0.00000000e+00,0.00000000e+00,0.00000000e+00,0.00000000e+00,0.00000000e+00,0.00000000e+00,7.34966796e-04
gdl_bin_edges:0.        ,0.01360713,0.02721425,0.04082138,0.0544285 ,0.06803563,0.08164275,0.09524988,0.108857  ,0.12246413,0.13607125,0.14967838,0.1632855 ,0.17689263,0.19049975,0.20410688,0.217714  ,0.23132113,0.24492825,0.25853538,0.2721425 ,0.28574963,0.29935675,0.31296388,0.326571  ,0.34017813,0.35378525,0.36739238,0.3809995 ,0.39460663,0.40821375,0.42182088,0.435428  ,0.44903513,0.46264225,0.47624938,0.4898565 ,0.50346363,0.51707075,0.53067788,0.544285  
ri:26.1039707, 0.       , 0.       , 0.       , 0.       , 0.       , 0.       , 0.       , 0.       , 0.       , 0.       , 0.       , 0.       , 0.       , 0.       , 0.       , 0.       , 0.       , 0.       , 0.       , 0.       , 0.       , 0.       , 0.       , 0.       , 0.       , 0.       , 0.       , 0.       , 0.       , 0.       , 0.       , 0.       , 0.       , 0.       , 0.       , 0.       , 0.       , 0.       ,13.8960293
ri_bin_edges:1.   ,1.025,1.05 ,1.075,1.1  ,1.125,1.15 ,1.175,1.2  ,1.225,1.25 ,1.275,1.3  ,1.325,1.35 ,1.375,1.4  ,1.425,1.45 ,1.475,1.5  ,1.525,1.55 ,1.575,1.6  ,1.625,1.65 ,1.675,1.7  ,1.725,1.75 ,1.775,1.8  ,1.825,1.85 ,1.875,1.9  ,1.925,1.95 ,1.975,2.   
