period:1
ue_log_freq:1000
mac_log_freq:1000
mimo_layers:2
frequency:2412000000.0
bandwidth:50000000
ue_speed:5.555555555555555
max_distance:1000
shannon_cfg_bandwidth_mhz:50.0
shannon_cfg_mimo_layers:2
shannon_cfg_bw_efficiency:0.67
shannon_cfg_sinr_offset_db:0
shannon_cfg_ul_divisor:2
shannon_cfg_sinr_sample_rate:1000
n_ue:300
sinr_period:9.463597741343282
sinr_rate:105.66805852612856
ul_fairness:0.8895812736413319
dl_fairness:0.9698118382929822
ul_agg_throughput:0.9142417870795841
dl_agg_throughput:0.46053378055167987
ul_ave_throughput:0.003047472623598614
dl_ave_throughput:0.001535112601838933
ul_se:0.018284835741591683
dl_se:0.009210675611033598
ul_ase:5.820243983795357e-09
dl_ase:2.9318491054239214e-09
ul_gr:0.005978512272707072, 0.005978512272707072, 0.005978512272707072, 0.005978512272707072, 0.005978512272707072, 0.005978512272707072, 0.005978512272707072, 0.005978512272707072, 0.005978512272707072, 0.005978512272707072, 0.005978512272707072, 0.005978512272707072, 0.005978512272707072, 0.005978512272707072, 0.005978512272707072, 0.005978512272707072, 0.005978512272707072, 0.005978512272707072, 0.005978512272707072, 0.005978512272707072, 0.005978512272707072, 0.005978512272707072, 0.005978512272707072, 0.005978512272707072, 0.005978512272707072, 0.005978512272707072, 0.005978512272707072, 0.005978512272707072, 0.005978512272707072, 0.005978512272707072, 0.005978512272707072, 0.005978512272707072, 0.005978512272707072, 0.005978512272707072, 0.005978512272707072, 0.005978512272707072, 0.005978512272707072, 0.005978512272707072, 0.005978512272707072, 0.005978512272707072, 0.005978512272707072, 0.005978512272707072, 0.005978512272707072, 0.005978512272707072, 0.005978512272707072, 0.005978512272707072, 0.005978512272707072, 0.005978512272707072, 0.005978512272707072, 0.005978512272707072, 0.005978512272707072, 0.005978512272707072, 0.005978512272707072, 0.005978512272707072, 0.005978512272707072, 0.005978512272707072, 0.005978512272707072, 0.005978512272707072, 0.005978512272707072, 0.005978512272707072, 0.005978512272707072, 0.005978512272707072, 0.005978512272707072, 0.005978512272707072, 0.005978512272707072, 0.005978512272707072, 0.005978512272707072, 0.005978512272707072, 0.005978512272707072, 0.005978512272707072, 0.005978512272707072, 0.005978512272707072, 0.005978512272707072, 0.005978512272707072, 0.005978512272707072, 0.005978512272707072, 0.005978512272707072, 0.005978512272707072, 0.005978512272707072, 0.005978512272707072, 0.005978512272707072, 0.005978512272707072, 0.005978512272707072, 0.005978512272707072, 0.005978512272707072, 0.005978512272707072, 0.005978512272707072, 0.005978512272707072, 0.005978512272707072, 0.005978512272707072, 0.005978512272707072, 0.005978512272707072, 0.005978512272707072, 0.005978512272707072, 0.005978512272707072, 0.005978512272707072, 0.005978512272707072, 0.005978512272707072, 0.005978512272707072, 0.005978512272707072, 0.005978512272707072, 0.005978512272707072, 0.005978512272707072, 0.005978512272707072, 0.005978512272707072, 0.005978512272707072, 0.005978512272707072, 0.005978512272707072, 0.005978512272707072, 0.005978512272707072, 0.005978512272707072, 0.005978512272707072, 0.005978512272707072, 0.005978512272707072, 0.005978512272707072, 0.005978512272707072, 0.005978512272707072, 0.005978512272707072, 0.005978512272707072, 0.005978512272707072, 0.005978512272707072, 0.005978512272707072, 0.005978512272707072, 0.005978512272707072, 0.005978512272707072, 0.005978512272707072, 0.005978512272707072, 0.005978512272707072, 0.005978512272707072, 0.005978512272707072, 0.005978512272707072, 0.005978512272707072, 0.005978512272707072, 0.005978512272707072, 0.005978512272707072, 0.005978512272707072, 0.005978512272707072, 0.005978512272707072, 0.005978512272707072, 0.005978512272707072, 0.005978512272707072, 0.005978512272707072, 0.005978512272707072, 0.005978512272707072, 0.005978512272707072, 0.005978512272707072, 0.005978512272707072, 0.005978512272707072, 0.005978512272707072, 0.005978512272707072, 0.005978512272707072, 0.005978512272707072, 0.005978512272707072, 0.005978512272707072, 0.005978512272707072, 0.005978512272707072, 0.005978512272707072, 0.005978512272707072, 0.005978512272707072, 0.005978512272707072, 0.005978512272707072, 0.005978512272707072, 0.005978512272707072, 0.005978512272707072, 0.005978512272707072, 0.005978512272707072, 0.005978512272707072, 0.005978512272707072, 0.005978512272707072, 0.005978512272707072, 0.005978512272707072, 0.005978512272707072, 0.005978512272707072, 0.005978512272707072, 0.005978512272707072, 0.005978512272707072, 0.005978512272707072, 0.005978512272707072, 0.005978512272707072, 0.005978512272707072, 0.005978512272707072, 0.005978512272707072, 0.005978512272707072, 0.005978512272707072, 0.005978512272707072, 0.005978512272707072, 0.005978512272707072, 0.005978512272707072, 0.005978512272707072, 0.005978512272707072, 0.005978512272707072, 0.005978512272707072, 0.005978512272707072, 0.005978512272707072, 0.005978512272707072, 0.005978512272707072, 0.005978512272707072, 0.005978512272707072, 0.005978512272707072, 0.005978512272707072, 0.005978512272707072, 0.005978512272707072, 0.005978512272707072, 0.005978512272707072, 0.005978512272707072, 0.005978512272707072, 0.005978512272707072, 0.005978512272707072, 0.005978512272707072, 0.005978512272707072, 0.005978512272707072, 0.005978512272707072, 0.005978512272707072, 0.005978512272707072, 0.005978512272707072, 0.005978512272707072, 0.005978512272707072, 0.005978512272707072, 0.005978512272707072, 0.005978512272707072, 0.005978512272707072, 0.005978512272707072, 0.005978512272707072, 0.005978512272707072, 0.005978512272707072, 0.005978512272707072, 0.005978512272707072, 0.005978512272707072, 0.005978512272707072, 0.005978512272707072, 0.005978512272707072, 0.005978512272707072, 0.005978512272707072, 0.005978512272707072, 0.005978512272707072, 0.005978512272707072, 0.005978512272707072, 0.005978512272707072, 0.005978512272707072, 0.005978512272707072, 0.005978512272707072, 0.005978512272707072, 0.005978512272707072, 0.005978512272707072, 0.005978512272707072, 0.005978512272707072, 0.005978512272707072, 0.005978512272707072, 0.005978512272707072, 0.005978512272707072, 0.005978512272707072, 0.005978512272707072, 0.005978512272707072, 0.005978512272707072, 0.005978512272707072, 0.005978512272707072, 0.005978512272707072, 0.005978512272707072, 0.005978512272707072, 0.005978512272707072, 0.005978512272707072, 0.005978512272707072, 0.005978512272707072, 0.005978512272707072, 0.005978512272707072, 0.005978512272707072, 0.005978512272707072, 0.005978512272707072, 0.005978512272707072, 0.005978512272707072, 0.005978512272707072, 0.005978512272707072, 0.005978512272707072, 0.005978512272707072, 0.005978512272707072, 0.005978512272707072, 0.005978512272707072, 0.005978512272707072, 0.005978512272707072, 0.005978512272707072, 0.005978512272707072, 0.005978512272707072, 0.005978512272707072, 0.005978512272707072, 0.005978512272707072, 0.005978512272707072, 0.005978512272707072, 0.005978512272707072, 0.005978512272707072, 0.005978512272707072, 0.005978512272707072, 0.005978512272707072, 0.005978512272707072, 0.005978512272707072, 0.005978512272707072, 0.005978512272707072, 0.005978512272707072, 0.005978512272707072, 0.005978512272707072, 0.005978512272707072
dl_gr:0.0027173157119048945, 0.0027173157119048945, 0.0027173157119048945, 0.0027173157119048945, 0.0027173157119048945, 0.0027173157119048945, 0.0027173157119048945, 0.0027173157119048945, 0.0027173157119048945, 0.0027173157119048945, 0.0027173157119048945, 0.0027173157119048945, 0.0027173157119048945, 0.0027173157119048945, 0.0027173157119048945, 0.0027173157119048945, 0.0027173157119048945, 0.0027173157119048945, 0.0027173157119048945, 0.0027173157119048945, 0.0027173157119048945, 0.0027173157119048945, 0.0027173157119048945, 0.0027173157119048945, 0.0027173157119048945, 0.0027173157119048945, 0.0027173157119048945, 0.0027173157119048945, 0.0027173157119048945, 0.0027173157119048945, 0.0027173157119048945, 0.0027173157119048945, 0.0027173157119048945, 0.0027173157119048945, 0.0027173157119048945, 0.0027173157119048945, 0.0027173157119048945, 0.0027173157119048945, 0.0027173157119048945, 0.0027173157119048945, 0.0027173157119048945, 0.0027173157119048945, 0.0027173157119048945, 0.0027173157119048945, 0.0027173157119048945, 0.0027173157119048945, 0.0027173157119048945, 0.0027173157119048945, 0.0027173157119048945, 0.0027173157119048945, 0.0027173157119048945, 0.0027173157119048945, 0.0027173157119048945, 0.0027173157119048945, 0.0027173157119048945, 0.0027173157119048945, 0.0027173157119048945, 0.0027173157119048945, 0.0027173157119048945, 0.0027173157119048945, 0.0027173157119048945, 0.0027173157119048945, 0.0027173157119048945, 0.0027173157119048945, 0.0027173157119048945, 0.0027173157119048945, 0.0027173157119048945, 0.0027173157119048945, 0.0027173157119048945, 0.0027173157119048945, 0.0027173157119048945, 0.0027173157119048945, 0.0027173157119048945, 0.0027173157119048945, 0.0027173157119048945, 0.0027173157119048945, 0.0027173157119048945, 0.0027173157119048945, 0.0027173157119048945, 0.0027173157119048945, 0.0027173157119048945, 0.0027173157119048945, 0.0027173157119048945, 0.0027173157119048945, 0.0027173157119048945, 0.0027173157119048945, 0.0027173157119048945, 0.0027173157119048945, 0.0027173157119048945, 0.0027173157119048945, 0.0027173157119048945, 0.0027173157119048945, 0.0027173157119048945, 0.0027173157119048945, 0.0027173157119048945, 0.0027173157119048945, 0.0027173157119048945, 0.0027173157119048945, 0.0027173157119048945, 0.0027173157119048945, 0.0027173157119048945, 0.0027173157119048945, 0.0027173157119048945, 0.0027173157119048945, 0.0027173157119048945, 0.0027173157119048945, 0.0027173157119048945, 0.0027173157119048945, 0.0027173157119048945, 0.0027173157119048945, 0.0027173157119048945, 0.0027173157119048945, 0.0027173157119048945, 0.0027173157119048945, 0.0027173157119048945, 0.0027173157119048945, 0.0027173157119048945, 0.0027173157119048945, 0.0027173157119048945, 0.0027173157119048945, 0.0027173157119048945, 0.0027173157119048945, 0.0027173157119048945, 0.0027173157119048945, 0.0027173157119048945, 0.0027173157119048945, 0.0027173157119048945, 0.0027173157119048945, 0.0027173157119048945, 0.0027173157119048945, 0.0027173157119048945, 0.0027173157119048945, 0.0027173157119048945, 0.0027173157119048945, 0.0027173157119048945, 0.0027173157119048945, 0.0027173157119048945, 0.0027173157119048945, 0.0027173157119048945, 0.0027173157119048945, 0.0027173157119048945, 0.0027173157119048945, 0.0027173157119048945, 0.0027173157119048945, 0.0027173157119048945, 0.0027173157119048945, 0.0027173157119048945, 0.0027173157119048945, 0.0027173157119048945, 0.0027173157119048945, 0.0027173157119048945, 0.0027173157119048945, 0.0027173157119048945, 0.0027173157119048945, 0.0027173157119048945, 0.0027173157119048945, 0.0027173157119048945, 0.0027173157119048945, 0.0027173157119048945, 0.0027173157119048945, 0.0027173157119048945, 0.0027173157119048945, 0.0027173157119048945, 0.0027173157119048945, 0.0027173157119048945, 0.0027173157119048945, 0.0027173157119048945, 0.0027173157119048945, 0.0027173157119048945, 0.0027173157119048945, 0.0027173157119048945, 0.0027173157119048945, 0.0027173157119048945, 0.0027173157119048945, 0.0027173157119048945, 0.0027173157119048945, 0.0027173157119048945, 0.0027173157119048945, 0.0027173157119048945, 0.0027173157119048945, 0.0027173157119048945, 0.0027173157119048945, 0.0027173157119048945, 0.0027173157119048945, 0.0027173157119048945, 0.0027173157119048945, 0.0027173157119048945, 0.0027173157119048945, 0.0027173157119048945, 0.0027173157119048945, 0.0027173157119048945, 0.0027173157119048945, 0.0027173157119048945, 0.0027173157119048945, 0.0027173157119048945, 0.0027173157119048945, 0.0027173157119048945, 0.0027173157119048945, 0.0027173157119048945, 0.0027173157119048945, 0.0027173157119048945, 0.0027173157119048945, 0.0027173157119048945, 0.0027173157119048945, 0.0027173157119048945, 0.0027173157119048945, 0.0027173157119048945, 0.0027173157119048945, 0.0027173157119048945, 0.0027173157119048945, 0.0027173157119048945, 0.0027173157119048945, 0.0027173157119048945, 0.0027173157119048945, 0.0027173157119048945, 0.0027173157119048945, 0.0027173157119048945, 0.0027173157119048945, 0.0027173157119048945, 0.0027173157119048945, 0.0027173157119048945, 0.0027173157119048945, 0.0027173157119048945, 0.0027173157119048945, 0.0027173157119048945, 0.0027173157119048945, 0.0027173157119048945, 0.0027173157119048945, 0.0027173157119048945, 0.0027173157119048945, 0.0027173157119048945, 0.0027173157119048945, 0.0027173157119048945, 0.0027173157119048945, 0.0027173157119048945, 0.0027173157119048945, 0.0027173157119048945, 0.0027173157119048945, 0.0027173157119048945, 0.0027173157119048945, 0.0027173157119048945, 0.0027173157119048945, 0.0027173157119048945, 0.0027173157119048945, 0.0027173157119048945, 0.0027173157119048945, 0.0027173157119048945, 0.0027173157119048945, 0.0027173157119048945, 0.0027173157119048945, 0.0027173157119048945, 0.0027173157119048945, 0.0027173157119048945, 0.0027173157119048945, 0.0027173157119048945, 0.0027173157119048945, 0.0027173157119048945, 0.0027173157119048945, 0.0027173157119048945, 0.0027173157119048945, 0.0027173157119048945, 0.0027173157119048945, 0.0027173157119048945, 0.0027173157119048945, 0.0027173157119048945, 0.0027173157119048945, 0.0027173157119048945, 0.0027173157119048945, 0.0027173157119048945, 0.0027173157119048945, 0.0027173157119048945, 0.0027173157119048945, 0.0027173157119048945, 0.0027173157119048945, 0.0027173157119048945, 0.0027173157119048945, 0.0027173157119048945, 0.0027173157119048945, 0.0027173157119048945, 0.0027173157119048945, 0.0027173157119048945, 0.0027173157119048945, 0.0027173157119048945, 0.0027173157119048945, 0.0027173157119048945, 0.0027173157119048945, 0.0027173157119048945, 0.0027173157119048945, 0.0027173157119048945, 0.0027173157119048945, 0.0027173157119048945, 0.0027173157119048945, 0.0027173157119048945, 0.0027173157119048945, 0.0027173157119048945, 0.0027173157119048945, 0.0027173157119048945, 0.0027173157119048945, 0.0027173157119048945, 0.0027173157119048945
ul_tr:0.0054505416870007225, 0.005450541614438087, 0.0054505411810777185, 0.0054505417053663675, 0.00545054147289595, 0.005450541646580746, 0.005450541701399922, 0.005450540559288928, 0.005450541851452698, 0.005450542276173545, 0.005450541014176989, 0.005450541331103828, 0.005450541610371646, 0.005450541325326926, 0.005450541246307427, 0.005450541622154325, 0.0054505416737125716, 0.005450540613639797, 0.0054505409794566965, 0.00545054145357719, 0.005450541608771734, 0.005450541711649353, 0.005450540786978502, 0.005450541235642464, 0.0054505413921221045, 0.005450541709043943, 0.005450539698750069, 0.005450540661981557, 0.005450541438926726, 0.005450540605649686, 0.005450541711649353, 0.0054505400700294426, 0.005450541711649353, 0.005450539757479918, 0.005450541767567802, 0.005450541514143659, 0.005450540416410199, 0.00545054163925893, 0.005450541346169658, 0.005450541711649353, 0.004065906036864619, 0.005450541593917005, 0.005450541329381701, 0.005450540340631632, 0.005450541539331148, 0.005450541652258207, 0.0054505416890672734, 0.005450541545253041, 0.00545054033557969, 0.005450541572629299, 0.00545054148044553, 0.005450540630388867, 0.005450541510443864, 0.005450541574240319, 0.0054505415263818675, 0.005450541711649353, 0.005450540475490251, 0.005450540671012721, 0.005450539925287484, 0.005450541395572469, 0.0053399703701961, 0.00545054144161991, 0.005450540939942225, 0.005450541696037998, 0.005450541486750736, 0.005450540288100661, 0.005450540583673129, 0.005339969843847565, 0.005450541369840009, 0.005450540660052219, 0.0054505414155269155, 0.005450541194661408, 0.00545054123227043, 0.005450541544314205, 0.005450541534849731, 0.005450541284656408, 0.005450540223570912, 0.00545054149237709, 0.005450542359378923, 0.005450541374007, 0.005450541023887562, 0.005450541596150214, 0.004875995539886672, 0.005450539977264596, 0.005450541603022055, 0.005450541304860841, 0.005450541629998333, 0.005450541580758402, 0.005450541538275651, 0.005450540737209044, 0.005450541493844786, 0.005450541711649353, 0.005450541679845565, 0.00545054140822732, 0.00545054125082662, 0.005450541112949281, 0.005450541011878785, 0.005450541629409477, 0.005450541619898895, 0.0054505415871673795, 0.005450541550186101, 0.00545054142998889, 0.005450541416060218, 0.005450541711649353, 0.005450541563474252, 0.0053399698943058715, 0.0054505396104549755, 0.0054505411862729855, 0.005450541449393368, 0.005450541783189823, 0.005450541574540303, 0.005450541463957558, 0.0054505417053663675, 0.0054505415986056335, 0.005450540464663074, 0.005450541101572135, 0.005450541428426198, 0.005450540855935782, 0.005450541539981112, 0.0054505416018793395, 0.005450541121309927, 0.005450541644241986, 0.0053399680126659625, 0.005450541634103661, 0.005450542328959502, 0.0054505412102372084, 0.005450540703594244, 0.005450541211704905, 0.005450541034453641, 0.004874529661102161, 0.0054505401283539805, 0.005450540328109549, 0.005450541040797733, 0.005450541673545914, 0.005450540631109383, 0.00545054125130826, 0.005450540444675296, 0.005450541610893839, 0.005450541700294429, 0.005450540881401033, 0.00545054169010055, 0.005450541598730792, 0.005450540876734626, 0.005339968652313761, 0.005450541704766401, 0.005450540389050609, 0.005450541629153936, 0.0054505417036442416, 0.005450541030776068, 0.0054505414961391035, 0.0054505407973779235, 0.005450540442042108, 0.005450541374849175, 0.005450541086567413, 0.0054505413364757515, 0.005450541721409921, 0.00545054112093217, 0.005450539701944336, 0.005450541416326871, 0.0054505418226504085, 0.005450541652466696, 0.005450540582662074, 0.005450541630198321, 0.005450540569679463, 0.0054505416743569806, 0.0054505416653352606, 0.005450541652002666, 0.005450541690489418, 0.005450542139986667, 0.005450540844549192, 0.005450541651686017, 0.005450541236553526, 0.005450541450180546, 0.005450541612088217, 0.005450541686211877, 0.005450540903790345, 0.005450540951963781, 0.005339968810266096, 0.005450541566990722, 0.005450541130103883, 0.00545054054936448, 0.005450541705677462, 0.0054505417047941785, 0.0054505415834898065, 0.005450541529915005, 0.00545054159124493, 0.005450541444797511, 0.005450541481158268, 0.005450541570884951, 0.005450541513696628, 0.005450541601022165, 0.005450541586322982, 0.0054505416559635575, 0.005450541522765402, 0.005450540330220544, 0.005450541502199879, 0.005450541603322038, 0.00545054071258819, 0.005450541694989167, 0.005450541408377313, 0.00545054183810344, 0.005450541667474029, 0.005450541530698295, 0.005450541702460974, 0.005450541530070551, 0.005450541646391868, 0.00441259909931115, 0.005450541764634965, 0.0053399693390256105, 0.005450541769485029, 0.0054505417041275485, 0.005450541821321038, 0.005450541323526471, 0.005450541636131326, 0.005450541879762235, 0.00545054121643242, 0.005450541463079829, 0.005450541574806956, 0.005450541676162436, 0.0054505416253541475, 0.005450540513465919, 0.005450541149647242, 0.005450541674406978, 0.0054505417053663675, 0.005450541786872951, 0.005450541612821509, 0.005450540858118994, 0.00545054150281651, 0.005450542126314093, 0.005450541701199934, 0.005450541559141159, 0.005450541320743292, 0.005450541690739403, 0.005450541652880396, 0.005450540803738681, 0.005450541600969557, 0.005450541042980945, 0.00545054169753347, 0.005450539132937059, 0.005450540704460864, 0.005450540381730458, 0.0054505404566357425, 0.0054505411722293225, 0.005450540178245653, 0.005450541574634743, 0.005450541582078774, 0.005450541707591411, 0.005450541608277318, 0.005450541527176268, 0.005450541262790956, 0.005450541693094828, 0.005033096346147436, 0.005450541633565913, 0.005339968868023999, 0.00545054160057219, 0.005450540215136936, 0.00545054146254097, 0.0054505415613439814, 0.005450541298888951, 0.00545053993170935, 0.005450541689117271, 0.005450541658924504, 0.005450540862674296, 0.005450540839872784, 0.0054505416742736505, 0.005450541110282763, 0.005450541561835454, 0.005450540893917004, 0.005339968067835121, 0.00545054055454697, 0.0054505415941892114, 0.0054505417053663675, 0.005450541362796511, 0.0054505416083273145, 0.0054505416208740064, 0.0054505411307982895, 0.005450540690394978, 0.0054505416847008496, 0.005450539484323094, 0.005450541672893339, 0.005450541460396644, 0.00545054143789234, 0.005450541528792844, 0.0054505413627870675, 0.0054505415795455805, 0.005450541486228543, 0.005450541458852286, 0.005450541515982445, 0.005450541469468362, 0.00545053992869285, 0.005450541089212267, 0.0053399691422448756, 0.005450540243132605, 0.005450541574834732, 0.0054505416558024555, 0.005450541554726959, 0.0054505405604577525, 0.005450540777273485, 0.0054505413545791895, 0.0054505416011554906
dl_tr:0.0026481192249652795, 0.002648119237901783, 0.002648119549284484, 0.0026481192301261044, 0.0026481192937503474, 0.002648119225987445, 0.002648119225987445, 0.00264811993885673, 0.0026481196429198376, 0.0026481195449430586, 0.0026481195772423754, 0.002648119496416866, 0.0026481192876840177, 0.002648119442433198, 0.0026481194844564194, 0.002648119225931892, 0.002648119225987445, 0.0026481200314693626, 0.0026481199060829955, 0.002648119700344425, 0.002648119242930948, 0.002648119225987445, 0.00264811908746403, 0.002648119824026443, 0.0026481196927670685, 0.002648119489633909, 0.002648118830080551, 0.0026481197118571193, 0.002648119719382257, 0.002648119760716627, 0.002648119225987445, 0.0026481193366946283, 0.002648119225987445, 0.002648119649302817, 0.0026481192502638743, 0.0026481197167212934, 0.002648120182718738, 0.0026481192369868342, 0.0026481196559624467, 0.002648119225987445, 0.002648119304677518, 0.002648119657435698, 0.0026481197538747846, 0.0026481201137025724, 0.002648119541408811, 0.002648119225987445, 0.0026481192301038834, 0.0026481196513027058, 0.002648120430571635, 0.0026481204527926227, 0.0026481195343592027, 0.002648119441984334, 0.002648119345480807, 0.002648119225987445, 0.002648119353363702, 0.002648119225987445, 0.0026481193427220708, 0.002648119601099939, 0.0026481192328792844, 0.002648119453697017, 0.0026481201570657184, 0.0026481197583745346, 0.0026481195177323483, 0.002648119331831565, 0.002648119380017777, 0.002648119545508583, 0.0026481195269818345, 0.0026481194901994336, 0.0026481195045997444, 0.0026481197323870893, 0.0026481197319137826, 0.002648119545936337, 0.0026481193391200484, 0.002648119257319038, 0.0026481196952002667, 0.002648119410986056, 0.002648120327174601, 0.0026481194113660345, 0.002648119980039998, 0.0026481193429476143, 0.002648119715893561, 0.002648119225987445, 0.002648119776006889, 0.0026481204192455978, 0.0026481192598744514, 0.002648119214000333, 0.0026481192262652075, 0.002648119339075607, 0.0026481194019221154, 0.002648118804750847, 0.0026481194889839453, 0.002648119225987445, 0.002648119225987445, 0.0026481195811066047, 0.002648119590294984, 0.002648119922564302, 0.0026481197235709132, 0.0026481192422643184, 0.002648119262207655, 0.0026481193074273652, 0.0026481193145380813, 0.00264812000134437, 0.002648119483417588, 0.002648119225987445, 0.002648119382423199, 0.0026200319799511143, 0.00264811932369535, 0.002648119520812177, 0.0026481194342036557, 0.0026481197619187824, 0.002648119225987445, 0.0026481196586023, 0.0026481192301038834, 0.0026481192438808955, 0.0026481198785456364, 0.002648119539227821, 0.0026481193994778067, 0.002648119981806566, 0.0026481195698916725, 0.0026481195969468357, 0.002648119523893117, 0.0026481192255208047, 0.002648119749641687, 0.0026481197341114387, 0.0026481190953280376, 0.0026481196876284646, 0.002648119399344481, 0.0026481193243708683, 0.0026481195670907173, 0.002620031180513305, 0.0026481195291872674, 0.0026481200626687408, 0.002648119424248653, 0.0026481192249652795, 0.0026481192618021225, 0.002648119686478529, 0.0026481197950858288, 0.0026481192273540358, 0.0026481192249652795, 0.002648119719154492, 0.0026481192249652795, 0.002648119243836453, 0.0026481197403922002, 0.0026481195677140164, 0.0026481192249652795, 0.0026481195183289813, 0.0026481192301038834, 0.0026481192249652795, 0.002648119551763791, 0.00264811933037609, 0.0026481201519137827, 0.0026481198408588413, 0.002648119617126826, 0.0026481191624465306, 0.002648119825554136, 0.0026481201612521526, 0.0026481198047441806, 0.002648119896065774, 0.0026481194442031, 0.0026481193277762345, 0.0026481192272095992, 0.002648119565379701, 0.002648119278595633, 0.0026481187180178883, 0.002648119227154047, 0.0026481192363202043, 0.002648119224987501, 0.002648119224987501, 0.0026481196787289593, 0.002648119650641631, 0.00264811923465363, 0.0026481189160324427, 0.0026481194120048885, 0.002648119224987501, 0.0026481192372201545, 0.0026481197213377035, 0.0026481190719626693, 0.0026481198199822227, 0.0026481192822176546, 0.0026481194538747845, 0.0026481197198822285, 0.002648119684156436, 0.002648119224987501, 0.0026481193407588465, 0.002648119384078662, 0.0026481192474306983, 0.002648119691406033, 0.0026481195347202928, 0.002648119804243098, 0.002648119962568746, 0.002648119328859508, 0.0026481192222098772, 0.0026481192495972443, 0.0026481193633798123, 0.002648119694797511, 0.0026481193825343037, 0.0026481192310427197, 0.0026481188229876117, 0.002648119224987501, 0.002648119491550469, 0.0026481196355313593, 0.00264811951341981, 0.002648119754374757, 0.002648119224987501, 0.002648119234042553, 0.0026481193584245322, 0.0026481191617421258, 0.0026481193059274483, 0.0026481199718315644, 0.0026481197100161106, 0.0026481192274318095, 0.002648119169813899, 0.0026481195006299654, 0.0026481192742069887, 0.002648120528282318, 0.0026481194325370812, 0.002648119748431753, 0.002648119247902894, 0.0026481192550969392, 0.0026481192645408593, 0.002648119655558024, 0.0026481193853897006, 0.0026481193834453644, 0.0026481192301038834, 0.0026481194919782238, 0.00264811924795678, 0.0026481198183212046, 0.002648119199838898, 0.0026481193280651076, 0.0026481192301038834, 0.0026481192533692574, 0.0026481191964946387, 0.0026481192567912896, 0.0026481192513249266, 0.0026481207519293373, 0.0026481192301038834, 0.0026481191245808565, 0.0026481192301038834, 0.002648120304057553, 0.0026481195626842954, 0.002648119691806011, 0.0026481196615743574, 0.0026481196497455694, 0.0026481200312727074, 0.00264811925084162, 0.002648119303488695, 0.0026481192301038834, 0.0026481192301038834, 0.0026481194826009666, 0.0026481197297705686, 0.002648119232770402, 0.0026481195546747406, 0.0026481190139925562, 0.0026481193538870065, 0.002648119230659408, 0.0026481195001711016, 0.0026481195675462474, 0.002648119248380646, 0.0026481199482250987, 0.0026481196344706128, 0.0026481192301038834, 0.0026481192301038834, 0.0026481195096866843, 0.002648119513227043, 0.0026481192359368924, 0.002648119693133715, 0.0026481193368257322, 0.0026481196075240263, 0.0026481192621587686, 0.0026481193689428368, 0.002648119632298206, 0.0026481192301038834, 0.0026481195478306758, 0.0026481192639575585, 0.00264811923138159, 0.0026481195470084993, 0.0026481199372590408, 0.0026481192301038834, 0.0026481195984789734, 0.0026481192317926784, 0.002648119524359758, 0.0026481193332037107, 0.0026481193105438584, 0.00264811972307094, 0.0026481192301261044, 0.00264811939813177, 0.002648119497166824, 0.002648119352074885, 0.002648119483177046, 0.002648119977691239, 0.0026481196799955555, 0.0026481199883773127, 0.0026481196550747184, 0.002648119255152492, 0.0026481192415143606, 0.0026481195704683076, 0.002648120138270096, 0.0026481194900672186, 0.0026481194401199934, 0.0026481192387367374
ul_er:0.0, 0.0, 0.0, 0.0, 0.0, 0.0, 0.0, 0.0, 0.0, 0.0, 0.0, 0.0, 0.0, 0.0, 0.0, 0.0, 0.0, 0.0, 0.0, 0.0, 0.0, 0.0, 0.0, 0.0, 0.0, 0.0, 0.0, 0.0, 0.0, 0.0, 0.0, 0.0, 0.0, 0.0, 0.0, 0.0, 0.0, 0.0, 0.0, 0.0, 0.0, 0.0, 0.0, 0.0, 0.0, 0.0, 0.0, 0.0, 0.0, 0.0, 0.0, 0.0, 0.0, 0.0, 0.0, 0.0, 0.0, 0.0, 0.0, 0.0, 0.0, 0.0, 0.0, 0.0, 0.0, 0.0, 0.0, 0.0, 0.0, 0.0, 0.0, 0.0, 0.0, 0.0, 0.0, 0.0, 0.0, 0.0, 0.0, 0.0, 0.0, 0.0, 0.0, 0.0, 0.0, 0.0, 0.0, 0.0, 0.0, 0.0, 0.0, 0.0, 0.0, 0.0, 0.0, 0.0, 0.0, 0.0, 0.0, 0.0, 0.0, 0.0, 0.0, 0.0, 0.0, 0.0, 0.0, 0.0, 0.0, 0.0, 0.0, 0.0, 0.0, 0.0, 0.0, 0.0, 0.0, 0.0, 0.0, 0.0, 0.0, 0.0, 0.0, 0.0, 0.0, 0.0, 0.0, 0.0, 0.0, 0.0, 0.0, 0.0, 0.0, 0.0, 0.0, 0.0, 0.0, 0.0, 0.0, 0.0, 0.0, 0.0, 0.0, 0.0, 0.0, 0.0, 0.0, 0.0, 0.0, 0.0, 0.0, 0.0, 0.0, 0.0, 0.0, 0.0, 0.0, 0.0, 0.0, 0.0, 0.0, 0.0, 0.0, 0.0, 0.0, 0.0, 0.0, 0.0, 0.0, 0.0, 0.0, 0.0, 0.0, 0.0, 0.0, 0.0, 0.0, 0.0, 0.0, 0.0, 0.0, 0.0, 0.0, 0.0, 0.0, 0.0, 0.0, 0.0, 0.0, 0.0, 0.0, 0.0, 0.0, 0.0, 0.0, 0.0, 0.0, 0.0, 0.0, 0.0, 0.0, 0.0, 0.0, 0.0, 0.0, 0.0, 0.0, 0.0, 0.0, 0.0, 0.0, 0.0, 0.0, 0.0, 0.0, 0.0, 0.0, 0.0, 0.0, 0.0, 0.0, 0.0, 0.0, 0.0, 0.0, 0.0, 0.0, 0.0, 0.0, 0.0, 0.0, 0.0, 0.0, 0.0, 0.0, 0.0, 0.0, 0.0, 0.0, 0.0, 0.0, 0.0, 0.0, 0.0, 0.0, 0.0, 0.0, 0.0, 0.0, 0.0, 0.0, 0.0, 0.0, 0.0, 0.0, 0.0, 0.0, 0.0, 0.0, 0.0, 0.0, 0.0, 0.0, 0.0, 0.0, 0.0, 0.0, 0.0, 0.0, 0.0, 0.0, 0.0, 0.0, 0.0, 0.0, 0.0, 0.0, 0.0, 0.0, 0.0, 0.0, 0.0, 0.0, 0.0, 0.0, 0.0, 0.0, 0.0, 0.0, 0.0, 0.0, 0.0, 0.0, 0.0, 0.0, 0.0, 0.0, 0.0, 0.0, 0.0
dl_er:0.0, 0.0, 0.0, 0.0, 0.0, 0.0, 0.0, 0.0, 0.0, 0.0, 0.0, 0.0, 0.0, 0.0, 0.0, 0.0, 0.0, 0.0, 0.0, 0.0, 0.0, 0.0, 0.0, 0.0, 0.0, 0.0, 0.0, 0.0, 0.0, 0.0, 0.0, 0.0, 0.0, 0.0, 0.0, 0.0, 0.0, 0.0, 0.0, 0.0, 0.0, 0.0, 0.0, 0.0, 0.0, 0.0, 0.0, 0.0, 0.0, 0.0, 0.0, 0.0, 0.0, 0.0, 0.0, 0.0, 0.0, 0.0, 0.0, 0.0, 0.0, 0.0, 0.0, 0.0, 0.0, 0.0, 0.0, 0.0, 0.0, 0.0, 0.0, 0.0, 0.0, 0.0, 0.0, 0.0, 0.0, 0.0, 0.0, 0.0, 0.0, 0.0, 0.0, 0.0, 0.0, 0.0, 0.0, 0.0, 0.0, 0.0, 0.0, 0.0, 0.0, 0.0, 0.0, 0.0, 0.0, 0.0, 0.0, 0.0, 0.0, 0.0, 0.0, 0.0, 0.0, 0.0, 0.0, 0.0, 0.0, 0.0, 0.0, 0.0, 0.0, 0.0, 0.0, 0.0, 0.0, 0.0, 0.0, 0.0, 0.0, 0.0, 0.0, 0.0, 0.0, 0.0, 0.0, 0.0, 0.0, 0.0, 0.0, 0.0, 0.0, 0.0, 0.0, 0.0, 0.0, 0.0, 0.0, 0.0, 0.0, 0.0, 0.0, 0.0, 0.0, 0.0, 0.0, 0.0, 0.0, 0.0, 0.0, 0.0, 0.0, 0.0, 0.0, 0.0, 0.0, 0.0, 0.0, 0.0, 0.0, 0.0, 0.0, 0.0, 0.0, 0.0, 0.0, 0.0, 0.0, 0.0, 0.0, 0.0, 0.0, 0.0, 0.0, 0.0, 0.0, 0.0, 0.0, 0.0, 0.0, 0.0, 0.0, 0.0, 0.0, 0.0, 0.0, 0.0, 0.0, 0.0, 0.0, 0.0, 0.0, 0.0, 0.0, 0.0, 0.0, 0.0, 0.0, 0.0, 0.0, 0.0, 0.0, 0.0, 0.0, 0.0, 0.0, 0.0, 0.0, 0.0, 0.0, 0.0, 0.0, 0.0, 0.0, 0.0, 0.0, 0.0, 0.0, 0.0, 0.0, 0.0, 0.0, 0.0, 0.0, 0.0, 0.0, 0.0, 0.0, 0.0, 0.0, 0.0, 0.0, 0.0, 0.0, 0.0, 0.0, 0.0, 0.0, 0.0, 0.0, 0.0, 0.0, 0.0, 0.0, 0.0, 0.0, 0.0, 0.0, 0.0, 0.0, 0.0, 0.0, 0.0, 0.0, 0.0, 0.0, 0.0, 0.0, 0.0, 0.0, 0.0, 0.0, 0.0, 0.0, 0.0, 0.0, 0.0, 0.0, 0.0, 0.0, 0.0, 0.0, 0.0, 0.0, 0.0, 0.0, 0.0, 0.0, 0.0, 0.0, 0.0, 0.0, 0.0, 0.0, 0.0, 0.0, 0.0, 0.0, 0.0, 0.0, 0.0, 0.0, 0.0, 0.0, 0.0, 0.0, 0.0, 0.0, 0.0
ul_er_ratio:0.0, 0.0, 0.0, 0.0, 0.0, 0.0, 0.0, 0.0, 0.0, 0.0, 0.0, 0.0, 0.0, 0.0, 0.0, 0.0, 0.0, 0.0, 0.0, 0.0, 0.0, 0.0, 0.0, 0.0, 0.0, 0.0, 0.0, 0.0, 0.0, 0.0, 0.0, 0.0, 0.0, 0.0, 0.0, 0.0, 0.0, 0.0, 0.0, 0.0, 0.0, 0.0, 0.0, 0.0, 0.0, 0.0, 0.0, 0.0, 0.0, 0.0, 0.0, 0.0, 0.0, 0.0, 0.0, 0.0, 0.0, 0.0, 0.0, 0.0, 0.0, 0.0, 0.0, 0.0, 0.0, 0.0, 0.0, 0.0, 0.0, 0.0, 0.0, 0.0, 0.0, 0.0, 0.0, 0.0, 0.0, 0.0, 0.0, 0.0, 0.0, 0.0, 0.0, 0.0, 0.0, 0.0, 0.0, 0.0, 0.0, 0.0, 0.0, 0.0, 0.0, 0.0, 0.0, 0.0, 0.0, 0.0, 0.0, 0.0, 0.0, 0.0, 0.0, 0.0, 0.0, 0.0, 0.0, 0.0, 0.0, 0.0, 0.0, 0.0, 0.0, 0.0, 0.0, 0.0, 0.0, 0.0, 0.0, 0.0, 0.0, 0.0, 0.0, 0.0, 0.0, 0.0, 0.0, 0.0, 0.0, 0.0, 0.0, 0.0, 0.0, 0.0, 0.0, 0.0, 0.0, 0.0, 0.0, 0.0, 0.0, 0.0, 0.0, 0.0, 0.0, 0.0, 0.0, 0.0, 0.0, 0.0, 0.0, 0.0, 0.0, 0.0, 0.0, 0.0, 0.0, 0.0, 0.0, 0.0, 0.0, 0.0, 0.0, 0.0, 0.0, 0.0, 0.0, 0.0, 0.0, 0.0, 0.0, 0.0, 0.0, 0.0, 0.0, 0.0, 0.0, 0.0, 0.0, 0.0, 0.0, 0.0, 0.0, 0.0, 0.0, 0.0, 0.0, 0.0, 0.0, 0.0, 0.0, 0.0, 0.0, 0.0, 0.0, 0.0, 0.0, 0.0, 0.0, 0.0, 0.0, 0.0, 0.0, 0.0, 0.0, 0.0, 0.0, 0.0, 0.0, 0.0, 0.0, 0.0, 0.0, 0.0, 0.0, 0.0, 0.0, 0.0, 0.0, 0.0, 0.0, 0.0, 0.0, 0.0, 0.0, 0.0, 0.0, 0.0, 0.0, 0.0, 0.0, 0.0, 0.0, 0.0, 0.0, 0.0, 0.0, 0.0, 0.0, 0.0, 0.0, 0.0, 0.0, 0.0, 0.0, 0.0, 0.0, 0.0, 0.0, 0.0, 0.0, 0.0, 0.0, 0.0, 0.0, 0.0, 0.0, 0.0, 0.0, 0.0, 0.0, 0.0, 0.0, 0.0, 0.0, 0.0, 0.0, 0.0, 0.0, 0.0, 0.0, 0.0, 0.0, 0.0, 0.0, 0.0, 0.0, 0.0, 0.0, 0.0, 0.0, 0.0, 0.0, 0.0, 0.0, 0.0, 0.0, 0.0, 0.0, 0.0, 0.0, 0.0, 0.0, 0.0, 0.0, 0.0, 0.0, 0.0, 0.0, 0.0
dl_er_ratio:0.0, 0.0, 0.0, 0.0, 0.0, 0.0, 0.0, 0.0, 0.0, 0.0, 0.0, 0.0, 0.0, 0.0, 0.0, 0.0, 0.0, 0.0, 0.0, 0.0, 0.0, 0.0, 0.0, 0.0, 0.0, 0.0, 0.0, 0.0, 0.0, 0.0, 0.0, 0.0, 0.0, 0.0, 0.0, 0.0, 0.0, 0.0, 0.0, 0.0, 0.0, 0.0, 0.0, 0.0, 0.0, 0.0, 0.0, 0.0, 0.0, 0.0, 0.0, 0.0, 0.0, 0.0, 0.0, 0.0, 0.0, 0.0, 0.0, 0.0, 0.0, 0.0, 0.0, 0.0, 0.0, 0.0, 0.0, 0.0, 0.0, 0.0, 0.0, 0.0, 0.0, 0.0, 0.0, 0.0, 0.0, 0.0, 0.0, 0.0, 0.0, 0.0, 0.0, 0.0, 0.0, 0.0, 0.0, 0.0, 0.0, 0.0, 0.0, 0.0, 0.0, 0.0, 0.0, 0.0, 0.0, 0.0, 0.0, 0.0, 0.0, 0.0, 0.0, 0.0, 0.0, 0.0, 0.0, 0.0, 0.0, 0.0, 0.0, 0.0, 0.0, 0.0, 0.0, 0.0, 0.0, 0.0, 0.0, 0.0, 0.0, 0.0, 0.0, 0.0, 0.0, 0.0, 0.0, 0.0, 0.0, 0.0, 0.0, 0.0, 0.0, 0.0, 0.0, 0.0, 0.0, 0.0, 0.0, 0.0, 0.0, 0.0, 0.0, 0.0, 0.0, 0.0, 0.0, 0.0, 0.0, 0.0, 0.0, 0.0, 0.0, 0.0, 0.0, 0.0, 0.0, 0.0, 0.0, 0.0, 0.0, 0.0, 0.0, 0.0, 0.0, 0.0, 0.0, 0.0, 0.0, 0.0, 0.0, 0.0, 0.0, 0.0, 0.0, 0.0, 0.0, 0.0, 0.0, 0.0, 0.0, 0.0, 0.0, 0.0, 0.0, 0.0, 0.0, 0.0, 0.0, 0.0, 0.0, 0.0, 0.0, 0.0, 0.0, 0.0, 0.0, 0.0, 0.0, 0.0, 0.0, 0.0, 0.0, 0.0, 0.0, 0.0, 0.0, 0.0, 0.0, 0.0, 0.0, 0.0, 0.0, 0.0, 0.0, 0.0, 0.0, 0.0, 0.0, 0.0, 0.0, 0.0, 0.0, 0.0, 0.0, 0.0, 0.0, 0.0, 0.0, 0.0, 0.0, 0.0, 0.0, 0.0, 0.0, 0.0, 0.0, 0.0, 0.0, 0.0, 0.0, 0.0, 0.0, 0.0, 0.0, 0.0, 0.0, 0.0, 0.0, 0.0, 0.0, 0.0, 0.0, 0.0, 0.0, 0.0, 0.0, 0.0, 0.0, 0.0, 0.0, 0.0, 0.0, 0.0, 0.0, 0.0, 0.0, 0.0, 0.0, 0.0, 0.0, 0.0, 0.0, 0.0, 0.0, 0.0, 0.0, 0.0, 0.0, 0.0, 0.0, 0.0, 0.0, 0.0, 0.0, 0.0, 0.0, 0.0, 0.0, 0.0, 0.0, 0.0, 0.0, 0.0, 0.0, 0.0, 0.0, 0.0, 0.0, 0.0
ul_er_perc:0.0, 0.0, 0.0, 0.0, 0.0, 0.0, 0.0, 0.0, 0.0, 0.0, 0.0, 0.0, 0.0, 0.0, 0.0, 0.0, 0.0, 0.0, 0.0, 0.0, 0.0, 0.0, 0.0, 0.0, 0.0, 0.0, 0.0, 0.0, 0.0, 0.0, 0.0, 0.0, 0.0, 0.0, 0.0, 0.0, 0.0, 0.0, 0.0, 0.0, 0.0, 0.0, 0.0, 0.0, 0.0, 0.0, 0.0, 0.0, 0.0, 0.0, 0.0, 0.0, 0.0, 0.0, 0.0, 0.0, 0.0, 0.0, 0.0, 0.0, 0.0, 0.0, 0.0, 0.0, 0.0, 0.0, 0.0, 0.0, 0.0, 0.0, 0.0, 0.0, 0.0, 0.0, 0.0, 0.0, 0.0, 0.0, 0.0, 0.0, 0.0, 0.0, 0.0, 0.0, 0.0, 0.0, 0.0, 0.0, 0.0, 0.0, 0.0, 0.0, 0.0, 0.0, 0.0, 0.0, 0.0, 0.0, 0.0, 0.0, 0.0, 0.0, 0.0, 0.0, 0.0, 0.0, 0.0, 0.0, 0.0, 0.0, 0.0, 0.0, 0.0, 0.0, 0.0, 0.0, 0.0, 0.0, 0.0, 0.0, 0.0, 0.0, 0.0, 0.0, 0.0, 0.0, 0.0, 0.0, 0.0, 0.0, 0.0, 0.0, 0.0, 0.0, 0.0, 0.0, 0.0, 0.0, 0.0, 0.0, 0.0, 0.0, 0.0, 0.0, 0.0, 0.0, 0.0, 0.0, 0.0, 0.0, 0.0, 0.0, 0.0, 0.0, 0.0, 0.0, 0.0, 0.0, 0.0, 0.0, 0.0, 0.0, 0.0, 0.0, 0.0, 0.0, 0.0, 0.0, 0.0, 0.0, 0.0, 0.0, 0.0, 0.0, 0.0, 0.0, 0.0, 0.0, 0.0, 0.0, 0.0, 0.0, 0.0, 0.0, 0.0, 0.0, 0.0, 0.0, 0.0, 0.0, 0.0, 0.0, 0.0, 0.0, 0.0, 0.0, 0.0, 0.0, 0.0, 0.0, 0.0, 0.0, 0.0, 0.0, 0.0, 0.0, 0.0, 0.0, 0.0, 0.0, 0.0, 0.0, 0.0, 0.0, 0.0, 0.0, 0.0, 0.0, 0.0, 0.0, 0.0, 0.0, 0.0, 0.0, 0.0, 0.0, 0.0, 0.0, 0.0, 0.0, 0.0, 0.0, 0.0, 0.0, 0.0, 0.0, 0.0, 0.0, 0.0, 0.0, 0.0, 0.0, 0.0, 0.0, 0.0, 0.0, 0.0, 0.0, 0.0, 0.0, 0.0, 0.0, 0.0, 0.0, 0.0, 0.0, 0.0, 0.0, 0.0, 0.0, 0.0, 0.0, 0.0, 0.0, 0.0, 0.0, 0.0, 0.0, 0.0, 0.0, 0.0, 0.0, 0.0, 0.0, 0.0, 0.0, 0.0, 0.0, 0.0, 0.0, 0.0, 0.0, 0.0, 0.0, 0.0, 0.0, 0.0, 0.0, 0.0, 0.0, 0.0, 0.0, 0.0, 0.0, 0.0, 0.0, 0.0, 0.0, 0.0, 0.0
dl_er_perc:0.0, 0.0, 0.0, 0.0, 0.0, 0.0, 0.0, 0.0, 0.0, 0.0, 0.0, 0.0, 0.0, 0.0, 0.0, 0.0, 0.0, 0.0, 0.0, 0.0, 0.0, 0.0, 0.0, 0.0, 0.0, 0.0, 0.0, 0.0, 0.0, 0.0, 0.0, 0.0, 0.0, 0.0, 0.0, 0.0, 0.0, 0.0, 0.0, 0.0, 0.0, 0.0, 0.0, 0.0, 0.0, 0.0, 0.0, 0.0, 0.0, 0.0, 0.0, 0.0, 0.0, 0.0, 0.0, 0.0, 0.0, 0.0, 0.0, 0.0, 0.0, 0.0, 0.0, 0.0, 0.0, 0.0, 0.0, 0.0, 0.0, 0.0, 0.0, 0.0, 0.0, 0.0, 0.0, 0.0, 0.0, 0.0, 0.0, 0.0, 0.0, 0.0, 0.0, 0.0, 0.0, 0.0, 0.0, 0.0, 0.0, 0.0, 0.0, 0.0, 0.0, 0.0, 0.0, 0.0, 0.0, 0.0, 0.0, 0.0, 0.0, 0.0, 0.0, 0.0, 0.0, 0.0, 0.0, 0.0, 0.0, 0.0, 0.0, 0.0, 0.0, 0.0, 0.0, 0.0, 0.0, 0.0, 0.0, 0.0, 0.0, 0.0, 0.0, 0.0, 0.0, 0.0, 0.0, 0.0, 0.0, 0.0, 0.0, 0.0, 0.0, 0.0, 0.0, 0.0, 0.0, 0.0, 0.0, 0.0, 0.0, 0.0, 0.0, 0.0, 0.0, 0.0, 0.0, 0.0, 0.0, 0.0, 0.0, 0.0, 0.0, 0.0, 0.0, 0.0, 0.0, 0.0, 0.0, 0.0, 0.0, 0.0, 0.0, 0.0, 0.0, 0.0, 0.0, 0.0, 0.0, 0.0, 0.0, 0.0, 0.0, 0.0, 0.0, 0.0, 0.0, 0.0, 0.0, 0.0, 0.0, 0.0, 0.0, 0.0, 0.0, 0.0, 0.0, 0.0, 0.0, 0.0, 0.0, 0.0, 0.0, 0.0, 0.0, 0.0, 0.0, 0.0, 0.0, 0.0, 0.0, 0.0, 0.0, 0.0, 0.0, 0.0, 0.0, 0.0, 0.0, 0.0, 0.0, 0.0, 0.0, 0.0, 0.0, 0.0, 0.0, 0.0, 0.0, 0.0, 0.0, 0.0, 0.0, 0.0, 0.0, 0.0, 0.0, 0.0, 0.0, 0.0, 0.0, 0.0, 0.0, 0.0, 0.0, 0.0, 0.0, 0.0, 0.0, 0.0, 0.0, 0.0, 0.0, 0.0, 0.0, 0.0, 0.0, 0.0, 0.0, 0.0, 0.0, 0.0, 0.0, 0.0, 0.0, 0.0, 0.0, 0.0, 0.0, 0.0, 0.0, 0.0, 0.0, 0.0, 0.0, 0.0, 0.0, 0.0, 0.0, 0.0, 0.0, 0.0, 0.0, 0.0, 0.0, 0.0, 0.0, 0.0, 0.0, 0.0, 0.0, 0.0, 0.0, 0.0, 0.0, 0.0, 0.0, 0.0, 0.0, 0.0, 0.0, 0.0, 0.0, 0.0, 0.0, 0.0, 0.0, 0.0, 0.0, 0.0
ul_l:0.00015674623993667018, 0.00017824795378034556, 0.00039672967435698016, 0.0001524969990389423, 0.0002313516872840398, 0.0001573888037386812, 0.00015555080458863399, 0.0005013014549969446, 0.00036783284214765853, 0.0004868921325148603, 0.0003392242293594801, 0.0002638404412643742, 0.00022514108029553917, 0.0004626707995666908, 0.00034061481190489416, 0.00016815322842064334, 0.00015890269580578857, 0.0003638220604355314, 0.0004867364336536859, 0.00031714417965668574, 0.00018039156586856285, 0.00015459633558691184, 0.00032735317338481194, 0.0005018506321093272, 0.0003725767431587134, 0.0002847400027054053, 0.0003430781753791456, 0.0003330870282873174, 0.0003437145731903783, 0.0004684468900005554, 0.00015459633558691184, 0.0003499495342036554, 0.00015459633558691184, 0.0005755489583689795, 0.0001931665234486973, 0.0005109201171657131, 0.0004786717771846009, 0.00019068459032831509, 0.00027800602582078775, 0.00015459633558691184, 0.00029948829819454473, 0.000302963845353036, 0.0002975284653741459, 0.0004098727053163713, 0.00027785759490028334, 0.0001591728703460919, 0.00015309629706127437, 0.00031888312095994665, 0.00043614006429642795, 0.0004949746187378479, 0.00026489401850452756, 0.00029162210553858114, 0.00020358480767179602, 0.00016765252423198713, 0.0002119090754846953, 0.00015459633558691184, 0.00031799891231042724, 0.0004773054350702739, 0.0002975553047164047, 0.00022196510390533862, 0.0002389507105383034, 0.0003083208552358202, 0.0002530487081939892, 0.00026354175448586187, 0.00020212051711016054, 0.00037150213652019327, 0.0003437866593689239, 0.00033549574339758904, 0.00032138967098494534, 0.00044248305342480974, 0.00033796194796400196, 0.00023391896642408757, 0.00023291293662574305, 0.00018921159800566636, 0.0003906312505916338, 0.0002572238379701128, 0.00037813703852563745, 0.00022984608360091107, 0.0003179694585134159, 0.00024045714580856617, 0.000422630654263652, 0.00016435178085106382, 0.0001842102473862563, 0.00037415767007944003, 0.00016999763802010996, 0.00030644251881562136, 0.0001703134985889673, 0.00021123063728126218, 0.00019817524120882172, 0.00021309201386034108, 0.00022356624193655905, 0.00015459633558691184, 0.00015848308423420924, 0.00036875006126326317, 0.0003380950179823344, 0.0003396878530748291, 0.0003623394527248486, 0.0001658501268929504, 0.0001977338122048775, 0.00018845688620632188, 0.00019238829611688239, 0.0005583455970112772, 0.00026167636077440137, 0.00015459633558691184, 0.00023163241908782844, 0.00023980385353591468, 0.0003950258901116605, 0.0002585937439586689, 0.0003181028927226266, 0.0003374521983223154, 0.00017040919182823177, 0.0003193426640464418, 0.0001524969990389423, 0.00016609871203266484, 0.0003659319306594078, 0.00025967120232764845, 0.00019959735917449026, 0.0003038757400699961, 0.0002971285641797678, 0.0002621071191600466, 0.00027845534940836616, 0.0001626079913560358, 0.0002959469438808955, 0.0003635467288483973, 9.796453669240598e-05, 0.00037948205738570084, 0.00028300589111716017, 0.00023638032958724515, 0.00021748091900449974, 5.098471544914171e-05, 0.0003396655009055053, 0.0003432898899116715, 0.0002673249836120216, 0.00015635276517415696, 0.0002551448658518971, 0.0003991951221209933, 0.0003008588829565024, 0.00016683115640797732, 0.0001541530786234098, 0.0003061172450919394, 0.0001539553081551025, 0.0001977173228098439, 0.0003130059060496639, 0.00026664126877951223, 0.00015527554391422696, 0.00031934685237486804, 0.00015646236845730794, 0.00016542165107494026, 0.0003291602861007722, 0.0002067508394422532, 0.0003305784196600189, 0.00031811043622576523, 0.00024081117653463696, 0.0002199885661796567, 0.0003352535408255097, 0.0003003381933837009, 0.00027312002783178713, 0.0003898695011054941, 0.0002293333401866563, 0.0001998905122270985, 0.0001750261150102772, 0.0003160029663352036, 0.00019962012928170659, 0.00021473306072440418, 0.00016223634390867176, 0.00018774097300149992, 0.00015961051571579355, 0.00015394344087550692, 0.0004789760505138603, 0.0002754836691906005, 0.0001613869189600578, 0.00023213430732737072, 0.0002296639063163158, 0.00016682358038997832, 0.0001784813893228154, 0.0002936944451363813, 0.0002070958780789956, 0.00024572115621354363, 0.00019633449982778733, 0.0003929874926337426, 0.00026935730986611857, 0.00026038091168823955, 0.00015320173538692293, 0.00018679864497527917, 0.00021138588722293205, 0.00017018138085661904, 0.00019670541778790072, 0.00020864603448141772, 0.00024728244709738346, 0.00023622898980056665, 0.0001853558233764791, 0.00017129227688461756, 0.00016218621256041332, 0.00020701405717460142, 0.00022815556310760513, 0.0002110546034998056, 0.00016833941450474977, 0.00019517001522693182, 0.00015522341261041053, 0.00020783478190656071, 0.00019039305463585359, 0.0002673295369868341, 0.00021002610127215156, 0.0001528177438586745, 0.00017209694744736405, 0.00017490219769457252, 0.00016077958010666076, 0.00016970153652574857, 0.0001604174040608855, 0.00018516853495361367, 0.00014276640647186263, 0.0001494143982389867, 0.0003721848829120604, 0.00015851167918448978, 0.0001309569211988223, 0.0001443794992444864, 0.00011822925398033443, 0.00010438461957669019, 0.00010068531724904172, 9.845056510749402e-05, 9.807921911004945e-05, 4.762105299150048e-05, 3.5178475784678624e-05, 0.0001524969990389423, 0.00041433060186656296, 0.00019230649118937837, 0.00047647104208099555, 0.0002066342291428254, 0.0003126053094161435, 0.00015247019168379536, 0.0002070601920559969, 0.00027146900651074944, 0.00016731375808566194, 0.00017354967340147767, 0.0006112320373590356, 0.00015993249048941723, 0.00032611718598966725, 0.0001533003985223043, 0.0006221167144991945, 0.0002963744757457919, 0.00043990397477917893, 0.00035929555268596186, 0.0002861821507582912, 0.00044971764634742516, 0.00018421524182545414, 0.00020131424110327202, 0.0001538117249875007, 0.0001696570962502083, 0.0002584266467974001, 0.00047359683918671183, 0.0001617536953613688, 0.0003691670196877951, 0.0002045586, 0.0004356773275429144, 0.00016601435963002053, 0.00041732195066940725, 0.00045609081711016055, 0.000188305538942281, 0.0005099649886061886, 0.0006885796366979611, 0.00015364643062607631, 0.00015520454193100383, 0.0004270765433253708, 0.00028676598549525026, 0.00015944974625298593, 0.0003061559078384534, 0.00019936604646408532, 0.00038561539005055274, 0.0006333565609521693, 0.0003939944133437031, 0.00045380265114160326, 0.0001524969990389423, 0.00031480616605188605, 0.00016820134108105106, 0.00017117793771457142, 0.0003944497143492028, 0.00045056077804010887, 0.00015349046054663633, 0.0005861137392533747, 0.00016717111217710127, 0.00031866779246708513, 0.00021757591603244265, 0.0002249283630187212, 0.00044831699536136883, 0.00016227381962668743, 0.00019750802497083496, 0.00022448782725959668, 0.00021838488918948944, 0.00022477647896227988, 0.000597781568390645, 0.00034887477756235765, 0.0005301215342258764, 0.0005481859314815843, 0.00017439871098272317, 0.0001806670179434476, 0.0004103376816454641, 0.0003493805896394645, 0.0003645907210488306, 0.0004078013995666907, 0.0001746554039997778
dl_l:6.158331028831732e-05, 6.114349566135215e-05, 9.486970038331203e-05, 6.074703643130937e-05, 6.803654121993222e-05, 6.277311652130437e-05, 6.277311652130437e-05, 0.00011864397116826841, 8.634718341758791e-05, 0.0001241365510193878, 9.290132389867228e-05, 6.81416091494917e-05, 6.581752638186767e-05, 0.00011583963393144824, 8.574450221098829e-05, 6.277311652130437e-05, 6.255055189711684e-05, 0.00011497088195100273, 0.00011265013882006556, 8.260018845064162e-05, 6.256626015776901e-05, 6.255574383645353e-05, 0.00011624207839008945, 0.00011715015810232766, 8.801604287539581e-05, 7.679617452363758e-05, 0.0001081459714238098, 0.00010077851777679018, 8.503100541636577e-05, 0.00012784709253374813, 6.255574383645353e-05, 0.00011636883177601244, 6.255574383645353e-05, 0.00012925524956946836, 6.53776859730015e-05, 0.00013164942468196208, 0.00013096854058663405, 6.278832148213988e-05, 7.350385538581191e-05, 6.255574383645353e-05, 8.20208651408255e-05, 7.282295675795788e-05, 8.074247621243264e-05, 0.00012203892356535749, 7.085636412421532e-05, 6.255574383645353e-05, 6.098395835231376e-05, 7.599917750680518e-05, 0.00010980257035164713, 0.00012192216657963446, 6.757628642853175e-05, 0.00010112666486306317, 6.402531925448586e-05, 6.255574383645353e-05, 6.514139976112438e-05, 6.255574383645353e-05, 9.417900631631576e-05, 9.95101492194878e-05, 0.0001099587397144603, 6.413735434698071e-05, 0.00011980587872340426, 7.608482926504084e-05, 7.86451881617688e-05, 7.064725615799122e-05, 6.350168403422033e-05, 8.553944466418532e-05, 9.171584246430754e-05, 8.22050239097828e-05, 7.731894221987669e-05, 0.00010317524445864117, 0.00010015350077773458, 6.814746308538414e-05, 6.787654911393812e-05, 6.287646522415422e-05, 9.678908738958946e-05, 6.897521804344204e-05, 9.996901169935004e-05, 6.922089508916172e-05, 8.175244820287763e-05, 7.161047001833232e-05, 0.00010261617246264096, 6.25821141103272e-05, 0.0001036211454419199, 0.0001062252530303872, 6.275531999888895e-05, 8.510662645964114e-05, 6.235992034331427e-05, 6.356611417143493e-05, 6.405355184711961e-05, 7.900024514749182e-05, 7.142071598800066e-05, 6.235992034331427e-05, 6.235992034331427e-05, 8.866061106049664e-05, 7.751548595078052e-05, 8.426699213932558e-05, 9.351845647464031e-05, 6.239396816287985e-05, 6.325886737959004e-05, 6.303734468640632e-05, 6.321507144047552e-05, 0.00012474365286928505, 6.828264171990446e-05, 6.239064814732515e-05, 7.018950509971667e-05, 7.37459549247264e-05, 0.00010135088575634687, 8.232533953113714e-05, 7.972092483195378e-05, 7.90439026387423e-05, 6.241776012999279e-05, 8.52523638742292e-05, 6.098395835231376e-05, 6.115801190489417e-05, 9.431768481195489e-05, 7.794603539803344e-05, 6.415129608355092e-05, 8.597053646464086e-05, 8.531342240431087e-05, 7.724099037831232e-05, 7.964716238542302e-05, 6.163756074662519e-05, 8.645106100216655e-05, 8.978004966946281e-05, 5.960556874618077e-05, 8.807926745180824e-05, 7.423055758568968e-05, 6.90049640853286e-05, 6.598130173323705e-05, 4.235341859896672e-05, 8.559602530414978e-05, 9.31943621687684e-05, 7.826108603966446e-05, 6.163756074662519e-05, 8.370795444141992e-05, 9.84224440697739e-05, 7.853534030331648e-05, 6.163756074662519e-05, 6.163756074662519e-05, 7.975861831564912e-05, 6.163756074662519e-05, 6.436004370868286e-05, 8.262832427087385e-05, 8.172119414476974e-05, 6.163756074662519e-05, 9.120722594855842e-05, 6.09928588189545e-05, 6.163756074662519e-05, 8.46889522137659e-05, 6.279815325259707e-05, 8.766712912615966e-05, 8.734996818510084e-05, 7.180713060385535e-05, 6.41918017387923e-05, 8.957036135214712e-05, 8.21531771901561e-05, 7.834378580078885e-05, 0.0001233578252930393, 6.66690082273207e-05, 6.313119668351759e-05, 6.139555284150881e-05, 8.624190591078273e-05, 6.183152557080164e-05, 8.343512353758124e-05, 6.141984369757235e-05, 6.145011233820344e-05, 6.141984369757235e-05, 6.141984369757235e-05, 0.0001195802403422032, 7.45374571023832e-05, 6.158778701183268e-05, 7.33993561191045e-05, 6.439275950224987e-05, 6.141984369757235e-05, 6.183625835231377e-05, 8.063068103994222e-05, 6.556432875951337e-05, 7.883763820343315e-05, 6.200610890506083e-05, 0.0001029196405421921, 7.967666057441254e-05, 7.533961779345591e-05, 6.141984369757235e-05, 6.307752743180935e-05, 6.507815108605079e-05, 6.182417915671352e-05, 6.583397336814621e-05, 6.632275495805788e-05, 7.5096104949725e-05, 7.201648365646354e-05, 6.236607354591412e-05, 6.141984369757235e-05, 6.19894735070274e-05, 6.300189393367035e-05, 7.560605733014833e-05, 6.572069035053608e-05, 6.164532217099051e-05, 7.422974899172268e-05, 6.141984369757235e-05, 6.768133699238932e-05, 6.751797659574469e-05, 9.669869338925614e-05, 7.019149507805122e-05, 6.141984369757235e-05, 6.14555515138048e-05, 6.275378337870118e-05, 6.618330271651574e-05, 6.182977551802678e-05, 7.032362494861397e-05, 6.78672072551525e-05, 6.04311209155047e-05, 6.774594033109272e-05, 8.220674114215877e-05, 6.096292360979946e-05, 6.645620738292319e-05, 6.14213594355869e-05, 6.0178141058830075e-05, 5.462626224098662e-05, 5.401175498583412e-05, 5.328390583856452e-05, 5.317946401311039e-05, 4.0476786667407366e-05, 3.5500769818343426e-05, 6.098395835231376e-05, 9.113779029498362e-05, 6.115751743236487e-05, 0.00012022121797677908, 7.371937764568636e-05, 0.00012304437777901228, 6.09928588189545e-05, 6.25450364813066e-05, 8.553741025498583e-05, 6.158254998055663e-05, 6.290377468473974e-05, 0.000139735985578579, 6.09928588189545e-05, 0.00012382505978001223, 6.09928588189545e-05, 0.0001540409632075996, 8.031487367924004e-05, 0.0001036072355258041, 7.963945374701406e-05, 8.507482758180101e-05, 0.0001223140224209766, 6.111916660185545e-05, 6.335919495583579e-05, 6.09928588189545e-05, 6.09928588189545e-05, 7.252293477029055e-05, 0.00011090905067496251, 6.09928588189545e-05, 0.00011394750283317595, 0.00010455354344203101, 0.00012803508455641352, 6.09928588189545e-05, 0.00010499757927892895, 0.00010968682948169547, 6.119693378701184e-05, 0.00011415129913338148, 0.00014125502830398311, 6.09928588189545e-05, 6.09928588189545e-05, 9.508326762957613e-05, 7.367191170490529e-05, 6.121070832731514e-05, 7.557433163713127e-05, 6.175745121937671e-05, 0.00010124243593689238, 0.0001485570380312205, 9.57466669851675e-05, 0.00010672138890061662, 6.09928588189545e-05, 7.526126796844619e-05, 6.0992858813399256e-05, 6.118697374034776e-05, 9.543204314204765e-05, 0.00011432450253874786, 6.09928588189545e-05, 0.00012845250624409754, 6.074703643130937e-05, 7.549070466640742e-05, 6.360938096216877e-05, 6.409631349369478e-05, 0.00010285442488750627, 6.074703643130937e-05, 6.557973704794178e-05, 6.419992268762846e-05, 6.33130261485473e-05, 6.283362834842509e-05, 0.00015393292689295038, 8.890115991889339e-05, 0.00012633021347702907, 0.0001205268442808733, 6.0763848413977e-05, 6.074703643130937e-05, 0.00010101855979667795, 9.274128012888172e-05, 8.622298796733514e-05, 9.261273207044054e-05, 6.070426475195823e-05
ul_il:0.0053900618016943505, 0.00710451462329315, 0.10509720173823675, 0.005151469270234986, 0.016779170400716626, 0.005420810691067163, 0.005221151601405478, 0.13493257630875505, 0.06184389069235043, 0.11268460147636797, 0.04914276056730737, 0.016764114701211044, 0.013853855012565966, 0.11208237539366148, 0.030046827533042605, 0.006122471049269485, 0.0054363447582856505, 0.24673517073951445, 0.09111909059864454, 0.028424727809288373, 0.007355240565685239, 0.0051691389743292035, 0.10961451254749735, 0.10509861041098272, 0.037024426470446084, 0.02364528798235098, 0.06784776492630963, 0.11740821815669684, 0.0519875956937559, 0.10463169408469529, 0.0051691389743292035, 0.09227206699180603, 0.0051691389743292035, 0.11183976734389757, 0.009362203498455643, 0.20312029664313094, 0.12091329429890009, 0.008025861721032165, 0.020779473841953222, 0.0051691389743292035, 0.07770587427015165, 0.024109063707816233, 0.024497191448991727, 0.09009904313212044, 0.02076873419143381, 0.005589833056657964, 0.005182452215904672, 0.04058238181175491, 0.08471884950463864, 0.09635343664484751, 0.01719668639414477, 0.10924683657113494, 0.009762893576912393, 0.0061183810192156, 0.010702386818537859, 0.0051691389743292035, 0.09269709462387644, 0.10707688711699352, 0.09164279743562025, 0.011415424114715847, 0.13479272271036055, 0.028896606753674794, 0.018107730665274154, 0.017440313990011665, 0.009644816341497693, 0.04812210020678852, 0.05743738978826733, 0.027954274180312207, 0.03553159377320705, 0.06902370962314873, 0.0858285285995389, 0.013229637509127272, 0.014923355082039888, 0.007827447225915227, 0.05842917464418088, 0.01662828081737126, 0.05207202689256708, 0.013572088314593634, 0.04115282283078162, 0.016440682757985665, 0.04542129736144103, 0.005945354959663352, 0.059491303688622856, 0.06074907303600911, 0.006810667456524637, 0.02667282948451753, 0.006269785730953836, 0.010550937484600856, 0.009497810595305816, 0.04360893466995167, 0.01350099374435309, 0.0051691389743292035, 0.005443358086934059, 0.04456115898643965, 0.027158498112854836, 0.03309085799685018, 0.046295172096155766, 0.005966733449380589, 0.008790295115232489, 0.00822016768653408, 0.0085365091593967, 0.16457883010573301, 0.017374746404660853, 0.0051691389743292035, 0.014017812229848341, 0.029055835282850953, 0.05706165519642799, 0.037541775785845236, 0.03519983441511583, 0.04365037272056553, 0.006354005349975002, 0.044710226963113164, 0.005151469270234986, 0.006163778056691295, 0.047474836210510525, 0.025787783519560025, 0.00954088940677185, 0.027625114526770737, 0.027916362064751957, 0.025626470083728686, 0.034280906699038945, 0.005888846077867897, 0.03544294200292206, 0.03850831829766679, 0.31360029236575193, 0.03602667749412255, 0.045042372074745846, 0.020558500200188876, 0.012027858816504637, 0.20246879259551134, 0.027948987922187658, 0.04978124722013778, 0.020235455468846173, 0.005403363855024721, 0.0641500591726904, 0.09016159281706572, 0.03336590985369146, 0.006219465221893228, 0.005283108983406478, 0.024424577675462474, 0.005268710096122438, 0.009623327534386977, 0.035677919653202605, 0.03404324215957446, 0.0053322857000333325, 0.03973514300214432, 0.005445559946775178, 0.006233595609199488, 0.03408214928739514, 0.009973014036142435, 0.035272813712871505, 0.02877655040132215, 0.015512979900233325, 0.03909285624278651, 0.032984410250008325, 0.02611247680980501, 0.029013523379373365, 0.09076470319787788, 0.012344636974090327, 0.01112454912914838, 0.0070678624249319475, 0.03173778601808233, 0.009143658242908727, 0.03995389264401978, 0.005785358509432809, 0.008056456363318707, 0.005784272827915117, 0.005271375361941003, 0.12270618455846898, 0.025531443904788623, 0.0058897339650186105, 0.01858310305861341, 0.012050098192967058, 0.006284513265607466, 0.007112409065140826, 0.021052248547914005, 0.017201054102672076, 0.02087422493857008, 0.00904067085123604, 0.09866025214960279, 0.01858654251130493, 0.016802570971057165, 0.005207207877356814, 0.008366993556830177, 0.010338025200711072, 0.006519362116449086, 0.00913380239887784, 0.01067686987466252, 0.015521646164446422, 0.01443731581628243, 0.008369372074551414, 0.0066851666519804455, 0.005868101942186545, 0.009913014747102938, 0.014383788816949059, 0.010411253250630519, 0.0065560922807732895, 0.012865346316626853, 0.005325581529931671, 0.010154972005838567, 0.011127412221409921, 0.05350279314875285, 0.010692665610632743, 0.005191698991461585, 0.006668041891189379, 0.0072189013509582805, 0.008338728613327039, 0.0065541522718848945, 0.009732095443942003, 0.00852329681248264, 0.004560855406132993, 0.012872494206410755, 0.05079959006647408, 0.006191334061902117, 0.018840623931437143, 0.005155800015632465, 0.005364684869668353, 0.0024151062814065883, 0.0022377453916226876, 0.0021651528362868727, 0.002133984276440198, 0.0005953928697572358, 7.792240113327038e-05, 0.005151469270234986, 0.09312143743599802, 0.008318184318426755, 0.19652543894392532, 0.02110147189325593, 0.3347832214340203, 0.0051490788591467135, 0.010258832992500418, 0.036063337044308655, 0.006232849975884673, 0.006612128743042053, 0.20215451098009, 0.005697247319365591, 0.1308280394117049, 0.0052484564809455025, 0.17624824512394868, 0.031119850741358812, 0.07002525575774124, 0.08225287465203043, 0.029324596125581914, 0.0918744664096217, 0.007864239589295038, 0.009935101248347313, 0.005227289794928059, 0.00646532230586634, 0.023496695533642576, 0.07479997794155324, 0.005785553077467919, 0.07362490878626743, 0.34800852072277644, 0.12377185078540637, 0.006043073971273818, 0.10986734247759014, 0.06944963794417533, 0.007990383324926392, 0.12093492411881007, 0.16738529972018779, 0.00523681774434198, 0.005328163171962668, 0.08847207736749069, 0.024936582423615357, 0.0055883220388033995, 0.0313940786529915, 0.009398385659735572, 0.043841812805738574, 0.18221351764196989, 0.40585018343791457, 0.06095790376427421, 0.005151469270234986, 0.02566583424048664, 0.006387124013921449, 0.0066734774336981275, 0.08239396877510138, 0.10296025476235764, 0.0052002166973779225, 0.18318794203750902, 0.006322300966474084, 0.028442627856974618, 0.01196104745756347, 0.011932971677829009, 0.0536077979025443, 0.005852309862613188, 0.009797180696955723, 0.01184335445984112, 0.01159894280989945, 0.011775893068268428, 0.15994548010591078, 0.08576692650663853, 0.12349411195141938, 0.1285448311282429, 0.006820195360452197, 0.007489721056630188, 0.09662587638146214, 0.08804106531147712, 0.03659628462998167, 0.05044503320649965, 0.007201944906221876
dl_il:0.000583609886906283, 0.0005969970259707793, 0.0034772358564579744, 0.000594908136131326, 0.0007380094815565802, 0.000593786567218488, 0.000593786567218488, 0.004200805223170934, 0.002016271206055219, 0.004722202270890506, 0.0023591201527192935, 0.0007798429442253208, 0.0006505831100883285, 0.004842548464990834, 0.002099444473229265, 0.000593786567218488, 0.0005932589497305706, 0.004105830799655574, 0.003058623109932781, 0.002171202099461141, 0.0005950627955724683, 0.0005932079839508917, 0.005716087190056107, 0.00463855295151936, 0.002199944116699072, 0.0010741754584856398, 0.00424106656827954, 0.0045961774850563865, 0.001957000822015444, 0.004581114617060163, 0.0005932079839508917, 0.005094652619760014, 0.0005932079839508917, 0.00445029529921671, 0.000672907960785512, 0.004265688246475196, 0.004410377104421977, 0.0005968262352147103, 0.0013407962194933619, 0.0005932079839508917, 0.007474827426231876, 0.0009790708811621576, 0.0011441449756402424, 0.004023144739886673, 0.0008495470902783178, 0.0005932079839508917, 0.0005954533956169102, 0.0010451250941669907, 0.003135300854658075, 0.00424930814094217, 0.0008276810429476139, 0.0030475035902061, 0.000654828543308705, 0.0005932079839508917, 0.00067511628537859, 0.0005932079839508917, 0.004340899379023388, 0.0019523942484028663, 0.004030758432920394, 0.0006835284651130494, 0.0037828379529526134, 0.0010488091564468639, 0.0010665389488306207, 0.0007865624431142715, 0.0006508931174990278, 0.001617083325509694, 0.002289687354019221, 0.0014375906890061662, 0.0015999952288095107, 0.0029019299581523245, 0.0028594497249319483, 0.0007912185585911894, 0.0008868507668518415, 0.000597314065668574, 0.0030308261977445698, 0.0008093704686684074, 0.002698795102155436, 0.0008510646407255154, 0.001642205768935059, 0.0009743736112438197, 0.002501567602399867, 0.0005931340253152603, 0.0030663028291872674, 0.0034934186586800735, 0.0006039901914171435, 0.00202881263204822, 0.0005926793598355647, 0.0006386346407088496, 0.0006670814612743737, 0.0063755747958724514, 0.0010274019020776626, 0.0005926225663796457, 0.0005926225663796457, 0.0021316058852063778, 0.00107929313262041, 0.0013029627604521973, 0.0025604143324537525, 0.0005937590006332982, 0.0006077861347147381, 0.0006193163346147436, 0.0006460711343480919, 0.0038340794369035053, 0.0008366880305149714, 0.0005926225663796457, 0.0010393714158824512, 0.0013524469354646966, 0.0026520788463640908, 0.0014967975252263763, 0.001408693152130437, 0.0015571677078162324, 0.0005926225663796457, 0.001913210318876729, 0.0005954533956169102, 0.000599195688211766, 0.0023914615904505306, 0.001367782637075718, 0.0006600244342203211, 0.0013908017414588076, 0.0017189739714849174, 0.002501516951947114, 0.001813708345086384, 0.000583609886906283, 0.0018184174090050552, 0.0018363191416087997, 0.030628364974195885, 0.0016194874074995833, 0.003182627281923227, 0.0007948949763290929, 0.0006902616139603355, 0.019309376966462972, 0.0016532936945503026, 0.002315560567607355, 0.001367951131376035, 0.000583609886906283, 0.003035428046569635, 0.004262728115760236, 0.0012470423157435698, 0.000583609886906283, 0.000583609886906283, 0.0010487007568635075, 0.000583609886906283, 0.0006430833366312984, 0.001681098954796956, 0.0019509725934670295, 0.000583609886906283, 0.0019496674774290318, 0.0005953987213210378, 0.000583609886906283, 0.001564676776090217, 0.0006268476436031331, 0.0017228860276040218, 0.0017979049579523363, 0.0011285746648575078, 0.005325567729248375, 0.0017818551516471308, 0.0014742347427420697, 0.0012495329185489693, 0.0043019314672351535, 0.0007021410220321093, 0.0007045491531637131, 0.0005836999511249375, 0.0017043330913115939, 0.0005901602059607801, 0.001750248694866952, 0.0005830877262485418, 0.0005840417361924338, 0.0005830877262485418, 0.0005830877262485418, 0.005721617484200878, 0.001164883881462141, 0.0005843757508027332, 0.0014801525722070996, 0.0006453893540581078, 0.0005830877262485418, 0.0005881048341869897, 0.0013913299401255486, 0.001435527316915727, 0.0014532775170990502, 0.0005992005719404478, 0.0031122467598855615, 0.001335494173612577, 0.0010963811506805178, 0.0005830877262485418, 0.0006112883284206433, 0.0007191958440919949, 0.0005912122975556913, 0.0008127744461529916, 0.000830677895994667, 0.0010690307829620575, 0.0009549413388533969, 0.000655741477951225, 0.0005830877262485418, 0.0005905755609243932, 0.0006262001201155492, 0.0011851778048052885, 0.0007348054450474973, 0.0005871035317037943, 0.0011360926782789844, 0.0005830877262485418, 0.0008188492552747068, 0.0009090477348202879, 0.00384819768528415, 0.0009651148359535582, 0.0005830877262485418, 0.0005866116045053052, 0.0006609276685850786, 0.001617710966685184, 0.0005990690690072774, 0.000969271372490417, 0.0009415490711793788, 0.0005707746264207545, 0.0008860780910227209, 0.0011711407840731072, 0.0005818060673295928, 0.0008452146275484695, 0.000638867739975557, 0.0006222390752013777, 0.00041416941387145163, 0.00040345209212265987, 0.00039316609088939505, 0.00038157594966390756, 0.0001226191789400589, 5.7363891394922515e-05, 0.0005954533956169102, 0.002260353164707516, 0.0005970307911504916, 0.003993810992011555, 0.002185814129720571, 0.009795637432125994, 0.0005953987213210378, 0.0006202094408755068, 0.0025704371635631353, 0.0006076710506916281, 0.0006578513122882062, 0.007667626724354204, 0.0005953987213210378, 0.004875122877112383, 0.0005953987213210378, 0.006974105321987668, 0.0011239094925226377, 0.003033782765301928, 0.0038433623100327754, 0.002503569295322482, 0.0048338641448252865, 0.0005990416870451642, 0.0006561582280151103, 0.0005953987213210378, 0.0005953987213210378, 0.0013678448071718237, 0.0032757582394644744, 0.0005953987213210378, 0.004547435981306594, 0.006788991490489418, 0.005905606130926061, 0.0005953987213210378, 0.005320481081784345, 0.004451634235136939, 0.0005982987629298372, 0.0033464819908116217, 0.005768347995050275, 0.0005953987213210378, 0.0005953987213210378, 0.0022307576105660798, 0.0009940305369757236, 0.000596733791206044, 0.0010370745015888007, 0.0006404290036386868, 0.0029291722605855235, 0.0060962587772957055, 0.007898204198033441, 0.0035729806842508746, 0.0005953987213210378, 0.0009447377919448919, 0.0005972298155380257, 0.0005968766224931948, 0.003349423021554358, 0.003945477632859285, 0.0005953987213210378, 0.006212647468146214, 0.000594908136131326, 0.0010413919139714463, 0.0006614557120993278, 0.0006440254900672185, 0.0029737469617132383, 0.000594908136131326, 0.0007656346474418088, 0.0007604527375423588, 0.0006461497602355424, 0.0006736387623187601, 0.0074343041270818295, 0.0017301734818510085, 0.004465065309693907, 0.004262205114082551, 0.0005953451067996223, 0.0005954271180767734, 0.0030004924819621135, 0.00256732447456808, 0.0013127214803455363, 0.001729670047547358, 0.0005961517994833621
sinr_ul:1.00434098e-04,4.15658948e-04,1.95642192e-03,5.04420293e-03,7.97646494e-03,1.49588290e-02,1.80445923e-02,1.74664026e-02,1.51373505e-02,1.18856264e-02,1.67429845e-02,3.68191604e-02,4.30838570e-02,3.43944159e-02,2.14721139e-02,1.15448768e-02,7.03744900e-03,4.13641186e-03,2.15002617e-03,8.97651817e-04,2.72700518e-04,1.14255767e-04,8.67637609e-05,7.91971538e-05,6.57790373e-05,6.02806362e-05,8.62088764e-05,4.74174042e-05,4.16667828e-05,3.51090567e-05,4.30287721e-05,3.61179377e-05,2.19936045e-05,1.72014200e-05,1.78067486e-05,2.45662509e-05,2.84504425e-05,3.23850782e-05,1.88660736e-05,3.12753092e-06
sinr_ul_bin_edges:-16.678015  ,-13.00691412, -9.33581325, -5.66471238, -1.9936115 ,  1.67748938,  5.34859025,  9.01969112, 12.690792  , 16.36189287, 20.03299375, 23.70409462, 27.3751955 , 31.04629637, 34.71739725, 38.38849812, 42.059599  , 45.73069987, 49.40180075, 53.07290162, 56.7440025 , 60.41510337, 64.08620425, 67.75730512, 71.428406  , 75.09950687, 78.77060775, 82.44170862, 86.1128095 , 89.78391037, 93.45501125, 97.12611212,100.797213  ,104.46831387,108.13941475,111.81051562,115.4816165 ,119.15271737,122.82381825,126.49491912,130.16602   
sinr_dl:9.96983630e-05,4.08389546e-04,1.94154228e-03,5.01804993e-03,7.94389889e-03,1.48891980e-02,1.80276762e-02,1.74769109e-02,1.52049095e-02,1.19141564e-02,1.65345240e-02,3.64673783e-02,4.31371685e-02,3.46763937e-02,2.16645957e-02,1.17446086e-02,7.09393752e-03,4.18349281e-03,2.23679894e-03,9.20467409e-04,2.83185776e-04,1.14294527e-04,8.69709124e-05,7.96475777e-05,6.53544487e-05,6.16170227e-05,8.62638318e-05,4.74249052e-05,4.17177547e-05,3.53035237e-05,4.22733180e-05,3.71217309e-05,2.26770846e-05,1.72729687e-05,1.76770147e-05,2.41922573e-05,2.80812005e-05,3.27277301e-05,2.01012910e-05,3.38388567e-06
sinr_dl_bin_edges:-10.738847  , -7.07223157, -3.40561615,  0.26099927,  3.9276147 ,  7.59423012, 11.26084555, 14.92746097, 18.5940764 , 22.26069183, 25.92730725, 29.59392267, 33.2605381 , 36.92715353, 40.59376895, 44.26038437, 47.9269998 , 51.59361523, 55.26023065, 58.92684607, 62.5934615 , 66.26007692, 69.92669235, 73.59330777, 77.2599232 , 80.92653863, 84.59315405, 88.25976947, 91.9263849 , 95.59300032, 99.25961575,102.92623117,106.5928466 ,110.25946203,113.92607745,117.59269288,121.2593083 ,124.92592372,128.59253915,132.25915457,135.92577   
rsrp_ul:1.03672842e-04,4.37971047e-04,1.96534016e-03,5.09138186e-03,8.02441938e-03,1.49987283e-02,1.80359436e-02,1.75033389e-02,1.51043706e-02,1.18551132e-02,1.68420143e-02,3.67629554e-02,4.30811915e-02,3.44205956e-02,2.14616923e-02,1.15947949e-02,7.08424355e-03,4.15065055e-03,2.13748858e-03,8.98060314e-04,2.74508315e-04,1.14176472e-04,8.68569355e-05,7.93327009e-05,6.56981820e-05,6.08503530e-05,8.55439818e-05,4.77208163e-05,4.17115283e-05,3.49447671e-05,4.29739838e-05,3.66617065e-05,2.24717071e-05,1.71693942e-05,1.76743764e-05,2.43906394e-05,2.79760129e-05,3.27733437e-05,1.96438069e-05,3.33288241e-06
rsrp_ul_bin_edges:-145.34094   ,-141.67377725,-138.00661449,-134.33945174,-130.67228899,-127.00512624,-123.33796348,-119.67080073,-116.00363798,-112.33647523,-108.66931247,-105.00214972,-101.33498697, -97.66782422, -94.00066146, -90.33349871, -86.66633596, -82.99917321, -79.33201045, -75.6648477 , -71.99768495, -68.3305222 , -64.66335944, -60.99619669, -57.32903394, -53.66187119, -49.99470843, -46.32754568, -42.66038293, -38.99322018, -35.32605742, -31.65889467, -27.99173192, -24.32456917, -20.65740641, -16.99024366, -13.32308091,  -9.65591816,  -5.98875541,  -2.32159265,   1.3455701 
rsrp_dl:1.02461829e-04,4.25517354e-04,1.94733079e-03,5.05267738e-03,7.97842512e-03,1.49273287e-02,1.80278227e-02,1.74911492e-02,1.51908887e-02,1.18888073e-02,1.65925483e-02,3.64309680e-02,4.31338521e-02,3.47047870e-02,2.16773240e-02,1.17893278e-02,7.11399505e-03,4.20831507e-03,2.20760506e-03,9.21802622e-04,2.83476042e-04,1.14391277e-04,8.71961792e-05,7.97149997e-05,6.55108685e-05,6.16186333e-05,8.57302724e-05,4.77683416e-05,4.19552630e-05,3.55356023e-05,4.15508749e-05,3.75575427e-05,2.31512174e-05,1.71864933e-05,1.76414299e-05,2.39599936e-05,2.79027773e-05,3.30081768e-05,2.06237919e-05,3.53839568e-06
rsrp_dl_bin_edges:-145.36969   ,-141.70617576,-138.04266151,-134.37914727,-130.71563302,-127.05211877,-123.38860453,-119.72509028,-116.06157604,-112.39806179,-108.73454755,-105.0710333 ,-101.40751906, -97.74400481, -94.08049057, -90.41697633, -86.75346208, -83.08994784, -79.42643359, -75.76291935, -72.0994051 , -68.43589085, -64.77237661, -61.10886237, -57.44534812, -53.78183388, -50.11831963, -46.45480539, -42.79129114, -39.1277769 , -35.46426265, -31.80074841, -28.13723416, -24.47371992, -20.81020567, -17.14669143, -13.48317718,  -9.81966293,  -6.15614869,  -2.49263445,   1.1708798 
cqi_ul:0.19795852,0.        ,0.18983901,0.        ,0.        ,0.21540494,0.        ,0.        ,0.14180543,0.        ,0.06924   ,0.        ,0.        ,0.05881383,0.        ,0.        ,0.03748444,0.        ,0.07233975,0.        ,0.        ,0.10990864,0.        ,0.        ,0.17968296,0.        ,0.21190025,0.        ,0.        ,0.15740346,0.        ,0.        ,0.23324988,0.        ,0.20819506,0.        ,0.        ,0.11566864,0.        ,0.46777185
cqi_ul_bin_edges: 0.   , 0.375, 0.75 , 1.125, 1.5  , 1.875, 2.25 , 2.625, 3.   , 3.375, 3.75 , 4.125, 4.5  , 4.875, 5.25 , 5.625, 6.   , 6.375, 6.75 , 7.125, 7.5  , 7.875, 8.25 , 8.625, 9.   , 9.375, 9.75 ,10.125,10.5  ,10.875,11.25 ,11.625,12.   ,12.375,12.75 ,13.125,13.5  ,13.875,14.25 ,14.625,15.   
cqi_dl:0.05764296,0.        ,0.08431556,0.        ,0.        ,0.17603506,0.        ,0.        ,0.16002568,0.        ,0.08963951,0.        ,0.        ,0.08858123,0.        ,0.        ,0.05082321,0.        ,0.07859951,0.        ,0.        ,0.06193778,0.        ,0.        ,0.06182519,0.        ,0.06420889,0.        ,0.        ,0.07058222,0.        ,0.        ,0.15535951,0.        ,0.23249778,0.        ,0.        ,0.17426963,0.        ,1.06032296
cqi_dl_bin_edges: 0.   , 0.375, 0.75 , 1.125, 1.5  , 1.875, 2.25 , 2.625, 3.   , 3.375, 3.75 , 4.125, 4.5  , 4.875, 5.25 , 5.625, 6.   , 6.375, 6.75 , 7.125, 7.5  , 7.875, 8.25 , 8.625, 9.   , 9.375, 9.75 ,10.125,10.5  ,10.875,11.25 ,11.625,12.   ,12.375,12.75 ,13.125,13.5  ,13.875,14.25 ,14.625,15.   
mcs_ul:0.20774868,0.06315476,0.05224074,0.        ,0.04273413,0.03323307,0.        ,0.02003042,0.01706243,0.        ,0.01637513,0.01513228,0.01003915,0.        ,0.0100418 ,0.01809921,0.        ,0.02065423,0.02762672,0.        ,0.03125291,0.04340741,0.05285132,0.        ,0.05653042,0.05698757,0.        ,0.04315397,0.04114921,0.        ,0.06302778,0.06194762,0.05841058,0.        ,0.05312249,0.03289339,0.        ,0.02907196,0.        ,0.25059206
mcs_ul_bin_edges: 0. , 0.7, 1.4, 2.1, 2.8, 3.5, 4.2, 4.9, 5.6, 6.3, 7. , 7.7, 8.4, 9.1, 9.8,10.5,11.2,11.9,12.6,13.3,14. ,14.7,15.4,16.1,16.8,17.5,18.2,18.9,19.6,20.3,21. ,21.7,22.4,23.1,23.8,24.5,25.2,25.9,26.6,27.3,28. 
mcs_dl:0.07604921,0.04544894,0.04885556,0.        ,0.04517937,0.04054868,0.        ,0.02519074,0.02283042,0.        ,0.02465688,0.02279735,0.01401614,0.        ,0.01321058,0.02229762,0.        ,0.01980926,0.01739683,0.        ,0.01578413,0.01619312,0.01692751,0.        ,0.01541984,0.01897778,0.        ,0.01676058,0.02104339,0.        ,0.0365619 ,0.04667434,0.06093148,0.        ,0.0636209 ,0.04743201,0.        ,0.04592672,0.        ,0.56803016
mcs_dl_bin_edges: 0. , 0.7, 1.4, 2.1, 2.8, 3.5, 4.2, 4.9, 5.6, 6.3, 7. , 7.7, 8.4, 9.1, 9.8,10.5,11.2,11.9,12.6,13.3,14. ,14.7,15.4,16.1,16.8,17.5,18.2,18.9,19.6,20.3,21. ,21.7,22.4,23.1,23.8,24.5,25.2,25.9,26.6,27.3,28. 
eff_ul:0.40092558,0.38448113,0.23876048,0.19749935,0.16155901,0.        ,0.12563967,0.07572625,0.        ,0.06450559,0.0619072 ,0.0572085 ,0.03795364,0.03796364,0.06842517,0.        ,0.0780846 ,0.10444452,0.        ,0.11815356,0.        ,0.16410439,0.19980769,0.        ,0.21371676,0.        ,0.21544501,0.16314624,0.15556712,0.23828041,0.        ,0.2341968 ,0.        ,0.22082481,0.        ,0.20083284,0.        ,0.12435548,0.10990833,0.94737878
eff_ul_bin_edges:0.        ,0.18515767,0.37031534,0.555473  ,0.74063067,0.92578834,1.11094601,1.29610367,1.48126134,1.66641901,1.85157668,2.03673434,2.22189201,2.40704968,2.59220735,2.77736501,2.96252268,3.14768035,3.33283802,3.51799568,3.70315335,3.88831102,4.07346868,4.25862635,4.44378402,4.62894169,4.81409936,4.99925702,5.18441469,5.36957236,5.55473003,5.73988769,5.92504536,6.11020303,6.2953607 ,6.48051836,6.66567603,6.8508337 ,7.03599137,7.22114903,7.4063067 
eff_dl:0.11674435,0.17076437,0.17182253,0.18470145,0.17080338,0.        ,0.15329678,0.09523515,0.        ,0.08631183,0.09321685,0.08618681,0.05298887,0.04994342,0.08429753,0.        ,0.07489013,0.06576977,0.        ,0.05967287,0.        ,0.0612191 ,0.06399551,0.        ,0.05829566,0.        ,0.07174666,0.06336442,0.07955582,0.13822454,0.        ,0.17645522,0.        ,0.23035523,0.        ,0.24052274,0.        ,0.17931965,0.1736288 ,2.1474731 
eff_dl_bin_edges:0.        ,0.18515767,0.37031534,0.555473  ,0.74063067,0.92578834,1.11094601,1.29610367,1.48126134,1.66641901,1.85157668,2.03673434,2.22189201,2.40704968,2.59220735,2.77736501,2.96252268,3.14768035,3.33283802,3.51799568,3.70315335,3.88831102,4.07346868,4.25862635,4.44378402,4.62894169,4.81409936,4.99925702,5.18441469,5.36957236,5.55473003,5.73988769,5.92504536,6.11020303,6.2953607 ,6.48051836,6.66567603,6.8508337 ,7.03599137,7.22114903,7.4063067 
rul:4.41514302e+00,1.55410338e-03,1.14879191e-03,9.20343624e-04,9.62921799e-04,1.30272839e-03,2.56287860e-04,1.80138432e-04,1.17908792e-04,7.86058612e-05,5.15850964e-05,3.35712532e-05,1.47385990e-05,9.00692159e-06,1.39197879e-05,2.45643316e-06,6.55048843e-06,4.91286632e-06,4.09405527e-06,2.45643316e-06,4.09405527e-06,8.18811054e-07,8.18811054e-07,8.18811054e-07,1.63762211e-06,8.18811054e-07,8.18811054e-07,0.00000000e+00,8.18811054e-07,8.18811054e-07,0.00000000e+00,8.18811054e-07,0.00000000e+00,8.18811054e-07,8.18811054e-07,8.18811054e-07,0.00000000e+00,8.18811054e-07,8.18811054e-07,8.18811054e-07
rul_bin_edges:0.        ,0.22615095,0.4523019 ,0.67845285,0.9046038 ,1.13075475,1.3569057 ,1.58305665,1.8092076 ,2.03535855,2.2615095 ,2.48766045,2.7138114 ,2.93996235,3.1661133 ,3.39226425,3.6184152 ,3.84456615,4.0707171 ,4.29686805,4.523019  ,4.74916995,4.9753209 ,5.20147185,5.4276228 ,5.65377375,5.8799247 ,6.10607565,6.3322266 ,6.55837755,6.7845285 ,7.01067945,7.2368304 ,7.46298135,7.6891323 ,7.91528325,8.1414342 ,8.36758515,8.5937361 ,8.81988705,9.046038  
rdl:8.99538317e+00,5.36573720e-02,2.04920347e-02,1.61146874e-03,7.64565460e-04,6.30136368e-04,3.61278184e-04,2.20127638e-04,1.91561456e-04,2.26849092e-04,1.86520365e-04,1.15945092e-04,6.72145459e-05,4.36894548e-05,4.70501821e-05,4.03287275e-05,3.19269093e-05,3.69680002e-05,6.21734550e-05,2.01643638e-05,1.34429092e-05,5.88127277e-05,2.18447274e-05,1.34429092e-05,1.17625455e-05,1.00821819e-05,1.17625455e-05,2.18447274e-05,1.51232728e-05,1.00821819e-05,1.17625455e-05,1.68036365e-05,8.40181824e-06,8.40181824e-06,8.40181824e-06,3.36072729e-06,1.17625455e-05,6.72145459e-06,8.40181824e-06,5.04109094e-06
rdl_bin_edges:0.       ,0.1101993,0.2203986,0.3305979,0.4407972,0.5509965,0.6611958,0.7713951,0.8815944,0.9917937,1.101993 ,1.2121923,1.3223916,1.4325909,1.5427902,1.6529895,1.7631888,1.8733881,1.9835874,2.0937867,2.203986 ,2.3141853,2.4243846,2.5345839,2.6447832,2.7549825,2.8651818,2.9753811,3.0855804,3.1957797,3.305979 ,3.4161783,3.5263776,3.6365769,3.7467762,3.8569755,3.9671748,4.0773741,4.1875734,4.2977727,4.407972 
lul:4.45729497e+03,0.00000000e+00,0.00000000e+00,0.00000000e+00,0.00000000e+00,0.00000000e+00,0.00000000e+00,0.00000000e+00,0.00000000e+00,0.00000000e+00,0.00000000e+00,0.00000000e+00,0.00000000e+00,0.00000000e+00,1.10851936e+02,4.62462475e+01,7.06897084e+01,4.64806957e+01,3.06670759e+01,6.02039684e+01,5.79767106e+00,2.27289466e+00,8.25042864e-01,3.15878667e-01,1.60176434e-01,2.71136646e-01,2.05813296e-02,1.11855052e-01,5.01110633e-02,4.92162229e-02,3.40039358e-02,8.94840416e-04,0.00000000e+00,8.94840416e-04,1.70019679e-02,0.00000000e+00,2.05813296e-02,4.47420208e-03,0.00000000e+00,1.96864892e-02
lul_bin_edges:0.        ,0.00020694,0.00041387,0.00062081,0.00082774,0.00103468,0.00124162,0.00144855,0.00165549,0.00186243,0.00206936,0.0022763 ,0.00248323,0.00269017,0.00289711,0.00310404,0.00331098,0.00351792,0.00372485,0.00393179,0.00413872,0.00434566,0.0045526 ,0.00475953,0.00496647,0.00517341,0.00538034,0.00558728,0.00579421,0.00600115,0.00620809,0.00641502,0.00662196,0.0068289 ,0.00703583,0.00724277,0.0074497 ,0.00765664,0.00786358,0.00807051,0.00827745
ldl:6.83120045e+03,0.00000000e+00,0.00000000e+00,0.00000000e+00,0.00000000e+00,0.00000000e+00,0.00000000e+00,0.00000000e+00,0.00000000e+00,0.00000000e+00,0.00000000e+00,0.00000000e+00,0.00000000e+00,0.00000000e+00,0.00000000e+00,0.00000000e+00,0.00000000e+00,0.00000000e+00,0.00000000e+00,0.00000000e+00,6.96681781e+00,2.52382101e+01,1.33614815e+01,2.54983978e+01,3.68198004e+01,1.92966096e+01,1.19207405e+01,1.08023216e+01,4.68855706e+00,1.91063231e+00,1.12100785e+00,5.17786534e-01,4.60830015e-01,4.49179818e-01,2.84782593e-02,1.03557307e-01,1.42391297e-02,0.00000000e+00,0.00000000e+00,1.07440706e-01
ldl_bin_edges:0.        ,0.00014305,0.0002861 ,0.00042915,0.0005722 ,0.00071526,0.00085831,0.00100136,0.00114441,0.00128746,0.00143051,0.00157356,0.00171661,0.00185966,0.00200272,0.00214577,0.00228882,0.00243187,0.00257492,0.00271797,0.00286102,0.00300407,0.00314713,0.00329018,0.00343323,0.00357628,0.00371933,0.00386238,0.00400543,0.00414848,0.00429153,0.00443459,0.00457764,0.00472069,0.00486374,0.00500679,0.00514984,0.00529289,0.00543594,0.00557899,0.00572205
ilul:3.38616808e-01,5.55065024e-04,2.59499496e-05,1.82215143e-05,5.66123598e-05,1.89126751e-05,1.69648581e-06,7.53993693e-07,1.82215143e-06,1.25665616e-06,8.79659309e-07,2.19914827e-06,1.06815773e-06,1.00532492e-06,2.45047950e-06,5.78061832e-06,1.88498423e-07,0.00000000e+00,3.76996847e-07,4.39829654e-07,1.25665616e-07,6.28328078e-08,1.88498423e-07,6.28328078e-08,1.88498423e-07,1.00532492e-06,1.25665616e-07,1.25665616e-07,0.00000000e+00,3.14164039e-07,2.51331231e-07,6.28328078e-08,2.51331231e-07,1.25665616e-07,8.16826501e-07,1.25665616e-07,1.25665616e-07,6.28328078e-08,2.51331231e-07,2.51331231e-07
ilul_bin_edges:  0.        ,  2.94710525,  5.8942105 ,  8.84131575, 11.788421  , 14.73552625, 17.6826315 , 20.62973675, 23.576842  , 26.52394725, 29.4710525 , 32.41815775, 35.365263  , 38.31236825, 41.2594735 , 44.20657875, 47.153684  , 50.10078925, 53.0478945 , 55.99499975, 58.942105  , 61.88921025, 64.8363155 , 67.78342075, 70.730526  , 73.67763125, 76.6247365 , 79.57184175, 82.518947  , 85.46605225, 88.4131575 , 91.36026275, 94.307368  , 97.25447325,100.2015785 ,103.14868375,106.095789  ,109.04289425,111.9899995 ,114.93710475,117.88421   
ildl:4.90649868e-01,7.45041456e-06,2.63490271e-06,9.99445856e-07,1.81717428e-07,4.54293571e-07,3.63434857e-07,1.81717428e-07,1.81717428e-07,1.81717428e-07,1.81717428e-07,3.63434857e-07,1.81717428e-07,1.81717428e-07,0.00000000e+00,1.81717428e-07,9.08587142e-08,9.08587142e-08,0.00000000e+00,0.00000000e+00,9.08587142e-08,0.00000000e+00,0.00000000e+00,0.00000000e+00,0.00000000e+00,0.00000000e+00,9.08587142e-08,0.00000000e+00,0.00000000e+00,0.00000000e+00,0.00000000e+00,0.00000000e+00,9.08587142e-08,0.00000000e+00,0.00000000e+00,0.00000000e+00,0.00000000e+00,0.00000000e+00,9.08587142e-08,1.81717428e-07
ildl_bin_edges: 0.        , 2.03805325, 4.0761065 , 6.11415975, 8.152213  ,10.19026625,12.2283195 ,14.26637275,16.304426  ,18.34247925,20.3805325 ,22.41858575,24.456639  ,26.49469225,28.5327455 ,30.57079875,32.608852  ,34.64690525,36.6849585 ,38.72301175,40.761065  ,42.79911825,44.8371715 ,46.87522475,48.913278  ,50.95133125,52.9893845 ,55.02743775,57.065491  ,59.10354425,61.1415975 ,63.17965075,65.217704  ,67.25575725,69.2938105 ,71.33186375,73.369917  ,75.40797025,77.4460235 ,79.48407675,81.52213   
eul: 0., 0., 0., 0., 0., 0., 0., 0., 0., 0., 0., 0., 0., 0., 0., 0., 0., 0., 0., 0.,40., 0., 0., 0., 0., 0., 0., 0., 0., 0., 0., 0., 0., 0., 0., 0., 0., 0., 0., 0.
eul_bin_edges:-0.5  ,-0.475,-0.45 ,-0.425,-0.4  ,-0.375,-0.35 ,-0.325,-0.3  ,-0.275,-0.25 ,-0.225,-0.2  ,-0.175,-0.15 ,-0.125,-0.1  ,-0.075,-0.05 ,-0.025, 0.   , 0.025, 0.05 , 0.075, 0.1  , 0.125, 0.15 , 0.175, 0.2  , 0.225, 0.25 , 0.275, 0.3  , 0.325, 0.35 , 0.375, 0.4  , 0.425, 0.45 , 0.475, 0.5  
edl: 0., 0., 0., 0., 0., 0., 0., 0., 0., 0., 0., 0., 0., 0., 0., 0., 0., 0., 0., 0.,40., 0., 0., 0., 0., 0., 0., 0., 0., 0., 0., 0., 0., 0., 0., 0., 0., 0., 0., 0.
edl_bin_edges:-0.5  ,-0.475,-0.45 ,-0.425,-0.4  ,-0.375,-0.35 ,-0.325,-0.3  ,-0.275,-0.25 ,-0.225,-0.2  ,-0.175,-0.15 ,-0.125,-0.1  ,-0.075,-0.05 ,-0.025, 0.   , 0.025, 0.05 , 0.075, 0.1  , 0.125, 0.15 , 0.175, 0.2  , 0.225, 0.25 , 0.275, 0.3  , 0.325, 0.35 , 0.375, 0.4  , 0.425, 0.45 , 0.475, 0.5  
gul:3.77840962e+00,2.10426020e-04,1.47298214e-03,6.31278060e-04,0.00000000e+00,0.00000000e+00,0.00000000e+00,3.78766836e-03,0.00000000e+00,0.00000000e+00,2.10426020e-04,1.05213010e-03,1.26255612e-03,2.10426020e-04,2.10426020e-04,0.00000000e+00,0.00000000e+00,0.00000000e+00,0.00000000e+00,0.00000000e+00,2.10426020e-04,0.00000000e+00,0.00000000e+00,0.00000000e+00,0.00000000e+00,0.00000000e+00,0.00000000e+00,0.00000000e+00,0.00000000e+00,0.00000000e+00,0.00000000e+00,0.00000000e+00,0.00000000e+00,0.00000000e+00,0.00000000e+00,0.00000000e+00,0.00000000e+00,0.00000000e+00,0.00000000e+00,2.10426020e-04
gul_bin_edges: 0.   , 0.264, 0.528, 0.792, 1.056, 1.32 , 1.584, 1.848, 2.112, 2.376, 2.64 , 2.904, 3.168, 3.432, 3.696, 3.96 , 4.224, 4.488, 4.752, 5.016, 5.28 , 5.544, 5.808, 6.072, 6.336, 6.6  , 6.864, 7.128, 7.392, 7.656, 7.92 , 8.184, 8.448, 8.712, 8.976, 9.24 , 9.504, 9.768,10.032,10.296,10.56 
gdl:9.84344998e+00,3.29102306e-03,0.00000000e+00,0.00000000e+00,9.32456535e-03,0.00000000e+00,4.38803075e-03,2.74251922e-03,5.48503844e-04,0.00000000e+00,1.64551153e-03,0.00000000e+00,4.38803075e-03,1.64551153e-03,0.00000000e+00,0.00000000e+00,0.00000000e+00,0.00000000e+00,0.00000000e+00,5.48503844e-04,1.09700769e-03,0.00000000e+00,0.00000000e+00,0.00000000e+00,0.00000000e+00,0.00000000e+00,0.00000000e+00,0.00000000e+00,0.00000000e+00,0.00000000e+00,0.00000000e+00,0.00000000e+00,0.00000000e+00,0.00000000e+00,0.00000000e+00,0.00000000e+00,0.00000000e+00,0.00000000e+00,0.00000000e+00,5.48503844e-04
gdl_bin_edges:0.     ,0.10128,0.20256,0.30384,0.40512,0.5064 ,0.60768,0.70896,0.81024,0.91152,1.0128 ,1.11408,1.21536,1.31664,1.41792,1.5192 ,1.62048,1.72176,1.82304,1.92432,2.0256 ,2.12688,2.22816,2.32944,2.43072,2.532  ,2.63328,2.73456,2.83584,2.93712,3.0384 ,3.13968,3.24096,3.34224,3.44352,3.5448 ,3.64608,3.74736,3.84864,3.94992,4.0512 
ri: 0., 0., 0., 0., 0., 0., 0., 0., 0., 0., 0., 0., 0., 0., 0., 0., 0., 0., 0., 0.,40., 0., 0., 0., 0., 0., 0., 0., 0., 0., 0., 0., 0., 0., 0., 0., 0., 0., 0., 0.
ri_bin_edges:0.5  ,0.525,0.55 ,0.575,0.6  ,0.625,0.65 ,0.675,0.7  ,0.725,0.75 ,0.775,0.8  ,0.825,0.85 ,0.875,0.9  ,0.925,0.95 ,0.975,1.   ,1.025,1.05 ,1.075,1.1  ,1.125,1.15 ,1.175,1.2  ,1.225,1.25 ,1.275,1.3  ,1.325,1.35 ,1.375,1.4  ,1.425,1.45 ,1.475,1.5  
