period:1
ue_log_freq:1000
mac_log_freq:1000
mimo_layers:2
frequency:2412000000.0
bandwidth:50000000
ue_speed:5.555555555555555
max_distance:1000
shannon_cfg_bandwidth_mhz:50.0
shannon_cfg_mimo_layers:2
shannon_cfg_bw_efficiency:0.67
shannon_cfg_sinr_offset_db:0
shannon_cfg_ul_divisor:2
shannon_cfg_sinr_sample_rate:1000
n_ue:3
sinr_period:9.463597741343282
sinr_rate:105.66805852612856
ul_fairness:0.9957330584896598
dl_fairness:0.9985611468649337
ul_agg_throughput:2.498403797953474
dl_agg_throughput:3.0358088969349373
ul_ave_throughput:0.8328012659844913
dl_ave_throughput:1.0119362989783125
ul_se:0.049968075959069484
dl_se:0.06071617793869875
ul_ase:1.5905332571354417e-08
dl_ase:1.932655968918198e-08
ul_gr:0.09999901228876712, 0.09999901228876712, 0.19999802379126214
dl_gr:0.09999901228876712, 0.09999901228876712, 0.19999802379126214
ul_tr:0.09998900530468693, 0.09998900526851731, 0.19997801004599952
dl_tr:0.09998900526009741, 0.09998900526009741, 0.19997801004599952
ul_er:0.0, 0.0, 0.0
dl_er:0.0, 0.0, 0.0
ul_er_ratio:0.0, 0.0, 0.0
dl_er_ratio:0.0, 0.0, 0.0
ul_er_perc:0.0, 0.0, 0.0
dl_er_perc:0.0, 0.0, 0.0
ul_l:0.008826150595679044, 0.008826151096669035, 0.008826150595679044
dl_l:0.008826150595679044, 0.008826150595679044, 0.008826150595679044
ul_il:0.008826150595679044, 0.008826151096669035, 0.008826150595679044
dl_il:0.008826150595679044, 0.008826150595679044, 0.008826150595679044
sinr_ul:0.00945963,0.00739309,0.00548235,0.00201656,0.00201362,0.00201362,0.00201656,0.0020195 ,0.0020195 ,0.00199893,0.00200187,0.00198129,0.00196365,0.02881394,0.02185591,0.01689975,0.02264372,0.10754519,0.10105162,0.05192506,0.04833875,0.03606005,0.05489405,0.0541327 ,0.06635555,0.01390724,0.01642353,0.03022789,0.02978401,0.01481557,0.01338399,0.00970655,0.00949196,0.02974285,0.01416886,0.00904514,0.00900693,0.00987999,0.00998581,0.00942141
sinr_ul_bin_edges: 5.5912476 , 6.72517816, 7.85910872, 8.99303928,10.12696984,11.2609004 ,12.39483096,13.52876152,14.66269208,15.79662264,16.9305532 ,18.06448376,19.19841432,20.33234488,21.46627544,22.600206  ,23.73413656,24.86806712,26.00199768,27.13592824,28.2698588 ,29.40378936,30.53771992,31.67165048,32.80558104,33.9395116 ,35.07344216,36.20737272,37.34130328,38.47523384,39.6091644 ,40.74309496,41.87702552,43.01095608,44.14488664,45.2788172 ,46.41274776,47.54667832,48.68060888,49.81453944,50.94847   
sinr_dl:0.00949197,0.0075195 ,0.00536183,0.00201657,0.00201363,0.00201363,0.00201657,0.00201951,0.00201951,0.00199893,0.00200481,0.00197541,0.00196365,0.02947537,0.02124743,0.01689682,0.0233463 ,0.11370373,0.09732722,0.05137245,0.04725995,0.0371683 ,0.05579361,0.05108437,0.06645554,0.01390431,0.01712023,0.03058948,0.02876987,0.01479795,0.01316647,0.00969186,0.00947727,0.03129204,0.01258737,0.00904809,0.00900987,0.00992409,0.00996818,0.00899518
sinr_dl_bin_edges:15.238149  ,16.37207877,17.50600855,18.63993832,19.7738681 ,20.90779787,22.04172765,23.17565742,24.3095872 ,25.44351698,26.57744675,27.71137652,28.8453063 ,29.97923607,31.11316585,32.24709563,33.3810254 ,34.51495517,35.64888495,36.78281472,37.9167445 ,39.05067427,40.18460405,41.31853383,42.4524636 ,43.58639338,44.72032315,45.85425292,46.9881827 ,48.12211247,49.25604225,50.38997202,51.5239018 ,52.65783157,53.79176135,54.92569113,56.0596209 ,57.19355067,58.32748045,59.46141022,60.59534   
rsrp_ul:0.00962425,0.00751068,0.00526776,0.00201656,0.00201363,0.00201363,0.0020195 ,0.00201656,0.0020195 ,0.00200187,0.00200187,0.00197541,0.00196365,0.02999273,0.02076827,0.01689976,0.023896  ,0.11779562,0.09480795,0.05127837,0.04640157,0.03802078,0.0566402 ,0.04857688,0.06653489,0.01389842,0.01766405,0.03087755,0.02797323,0.01478324,0.01299303,0.00968598,0.00946551,0.03166536,0.0121817 ,0.00905397,0.00903045,0.00993291,0.0099623 ,0.008663  
rsrp_ul_bin_edges:-111.598915  ,-110.46498487,-109.33105475,-108.19712463,-107.0631945 ,-105.92926438,-104.79533425,-103.66140413,-102.527474  ,-101.39354388,-100.25961375, -99.12568363, -97.9917535 , -96.85782338, -95.72389325, -94.58996312, -93.456033  , -92.32210287, -91.18817275, -90.05424263, -88.9203125 , -87.78638238, -86.65245225, -85.51852213, -84.384592  , -83.25066187, -82.11673175, -80.98280163, -79.8488715 , -78.71494137, -77.58101125, -76.44708112, -75.313151  , -74.17922087, -73.04529075, -71.91136063, -70.7774305 , -69.64350038, -68.50957025, -67.37564012, -66.24171   
rsrp_dl:0.00962425,0.00751068,0.00526776,0.00201657,0.00201363,0.00201363,0.0020195 ,0.00201657,0.0020195 ,0.00200187,0.00200187,0.00197541,0.00196365,0.02999273,0.02076827,0.01689976,0.023896  ,0.11779562,0.09480795,0.05127837,0.04640157,0.03802078,0.0566402 ,0.04857688,0.06653489,0.01389842,0.01766405,0.03087755,0.02797323,0.01478324,0.01299303,0.00968598,0.00946551,0.03166536,0.0121817 ,0.00905397,0.00903045,0.00993291,0.0099623 ,0.008663  
rsrp_dl_bin_edges:-105.401024 ,-104.2670939,-103.1331638,-101.9992337,-100.8653036, -99.7313735, -98.5974434, -97.4635133, -96.3295832, -95.1956531, -94.061723 , -92.9277929, -91.7938628, -90.6599327, -89.5260026, -88.3920725, -87.2581424, -86.1242123, -84.9902822, -83.8563521, -82.722422 , -81.5884919, -80.4545618, -79.3206317, -78.1867016, -77.0527715, -75.9188414, -74.7849113, -73.6509812, -72.5170511, -71.383121 , -70.2491909, -69.1152608, -67.9813307, -66.8474006, -65.7134705, -64.5795404, -63.4456103, -62.3116802, -61.1777501, -60.04382  
cqi_ul:0.04326623,0.        ,0.04499955,0.        ,0.        ,0.01894267,0.        ,0.        ,0.0109618 ,0.        ,0.        ,0.01090465,0.        ,0.        ,0.00659041,0.        ,0.        ,0.13970336,0.        ,0.        ,0.08640866,0.        ,0.39355797,0.        ,0.        ,0.45061454,0.        ,0.        ,0.19523614,0.        ,0.        ,0.25331175,0.        ,0.        ,0.29030186,0.        ,0.        ,0.20468367,0.        ,0.70765959
cqi_ul_bin_edges: 1.  , 1.35, 1.7 , 2.05, 2.4 , 2.75, 3.1 , 3.45, 3.8 , 4.15, 4.5 , 4.85, 5.2 , 5.55, 5.9 , 6.25, 6.6 , 6.95, 7.3 , 7.65, 8.  , 8.35, 8.7 , 9.05, 9.4 , 9.75,10.1 ,10.45,10.8 ,11.15,11.5 ,11.85,12.2 ,12.55,12.9 ,13.25,13.6 ,13.95,14.3 ,14.65,15.  
cqi_dl:0.05632671,0.        ,0.        ,0.0375875 ,0.        ,0.        ,0.        ,0.00860597,0.        ,0.        ,0.01489682,0.        ,0.        ,0.        ,0.0139635 ,0.        ,0.        ,0.        ,0.0144847 ,0.        ,0.        ,0.01344229,0.        ,0.        ,0.        ,0.00973324,0.        ,0.        ,0.        ,0.13818044,0.        ,0.        ,0.14338038,0.        ,0.        ,0.        ,0.13176838,0.        ,0.        ,3.0539937 
cqi_dl_bin_edges: 4.   , 4.275, 4.55 , 4.825, 5.1  , 5.375, 5.65 , 5.925, 6.2  , 6.475, 6.75 , 7.025, 7.3  , 7.575, 7.85 , 8.125, 8.4  , 8.675, 8.95 , 9.225, 9.5  , 9.775,10.05 ,10.325,10.6  ,10.875,11.15 ,11.425,11.7  ,11.975,12.25 ,12.525,12.8  ,13.075,13.35 ,13.625,13.9  ,14.175,14.45 ,14.725,15.   
mcs_ul:0.02163312,0.01649507,0.0060047 ,0.        ,0.005119  ,0.00435234,0.        ,0.00284759,0.00263331,0.        ,0.00280473,0.00264759,0.0016857 ,0.        ,0.00160951,0.01652841,0.        ,0.05332328,0.02351405,0.        ,0.01969028,0.03851866,0.15826032,0.        ,0.15094135,0.07436592,0.        ,0.04838523,0.04921856,0.        ,0.04883285,0.07783732,0.10761321,0.        ,0.03753772,0.08752293,0.        ,0.0148189 ,0.        ,0.3538298 
mcs_ul_bin_edges: 0. , 0.7, 1.4, 2.1, 2.8, 3.5, 4.2, 4.9, 5.6, 6.3, 7. , 7.7, 8.4, 9.1, 9.8,10.5,11.2,11.9,12.6,13.3,14. ,14.7,15.4,16.1,16.8,17.5,18.2,18.9,19.6,20.3,21. ,21.7,22.4,23.1,23.8,24.5,25.2,25.9,26.6,27.3,28. 
mcs_dl:0.01307813,0.01386073,0.        ,0.01177959,0.        ,0.00619704,0.00210433,0.        ,0.00201157,0.        ,0.00365214,0.        ,0.00347243,0.0033333 ,0.        ,0.00334489,0.        ,0.00348982,0.        ,0.00343765,0.00319417,0.        ,0.00323475,0.        ,0.00231302,0.        ,0.00234201,0.00351881,0.        ,0.06256749,0.        ,0.03724021,0.        ,0.03133302,0.02877652,0.        ,0.03424314,0.        ,0.        ,1.46060568
mcs_dl_bin_edges: 5.   , 5.575, 6.15 , 6.725, 7.3  , 7.875, 8.45 , 9.025, 9.6  ,10.175,10.75 ,11.325,11.9  ,12.475,13.05 ,13.625,14.2  ,14.775,15.35 ,15.925,16.5  ,17.075,17.65 ,18.225,18.8  ,19.375,19.95 ,20.525,21.1  ,21.675,22.25 ,22.825,23.4  ,23.975,24.55 ,25.125,25.7  ,26.275,26.85 ,27.425,28.   
eff_ul:0.14885725,0.        ,0.02344311,0.01998521,0.        ,0.01699207,0.01111735,0.        ,0.01028076,0.01095003,0.01033653,0.        ,0.00658117,0.0708127 ,0.        ,0.20818078,0.        ,0.09180181,0.07687333,0.        ,0.1503817 ,0.        ,0.61786821,0.58929401,0.        ,0.29033392,0.        ,0.18890203,0.19215543,0.19064957,0.        ,0.30388668,0.        ,0.42013551,0.        ,0.14655198,0.        ,0.34170055,0.05785485,1.38139603
eff_ul_bin_edges:0.23439996,0.41369746,0.59299496,0.77229246,0.95158996,1.13088747,1.31018497,1.48948247,1.66877997,1.84807747,2.02737497,2.20667247,2.38596997,2.56526747,2.74456497,2.92386247,3.10315998,3.28245748,3.46175498,3.64105248,3.82034998,3.99964748,4.17894498,4.35824248,4.53753998,4.71683749,4.89613499,5.07543249,5.25472999,5.43402749,5.61332499,5.79262249,5.97191999,6.15121749,6.33051499,6.5098125 ,6.68911   ,6.8684075 ,7.047705  ,7.2270025 ,7.4063    
eff_dl:0.05072719,0.05376272,0.04569045,0.        ,0.02403695,0.        ,0.00816222,0.00780245,0.01416584,0.        ,0.01346879,0.        ,0.01292914,0.        ,0.01297411,0.        ,0.01353624,0.        ,0.01333388,0.        ,0.01238949,0.        ,0.01254688,0.        ,0.0089717 ,0.        ,0.00908412,0.01364867,0.        ,0.24268552,0.        ,0.        ,0.14444657,0.        ,0.12153389,0.        ,0.1116178 ,0.        ,0.13282159,5.66536797
eff_dl_bin_edges:1.4766003 ,1.62484279,1.77308529,1.92132778,2.06957027,2.21781276,2.36605526,2.51429775,2.66254024,2.81078273,2.95902522,3.10726772,3.25551021,3.4037527 ,3.55199519,3.70023769,3.84848018,3.99672267,4.14496517,4.29320766,4.44145015,4.58969264,4.73793513,4.88617763,5.03442012,5.18266261,5.33090511,5.4791476 ,5.62739009,5.77563258,5.92387507,6.07211757,6.22036006,6.36860255,6.51684505,6.66508754,6.81333003,6.96157252,7.10981501,7.25805751,7.4063    
rul:1.41744152e+01,0.00000000e+00,0.00000000e+00,0.00000000e+00,0.00000000e+00,6.57455654e-04,0.00000000e+00,0.00000000e+00,2.30109479e-02,4.55603619e+01,1.26067122e+00,8.54692350e-03,6.57455654e-04,0.00000000e+00,6.57455654e-04,0.00000000e+00,1.64363913e-03,1.05192905e-02,1.97236696e-02,3.22015205e+01,6.12091214e-01,1.87374861e-02,2.30109479e-03,1.97236696e-03,3.28727827e-04,0.00000000e+00,0.00000000e+00,0.00000000e+00,0.00000000e+00,3.28727827e-04,0.00000000e+00,0.00000000e+00,0.00000000e+00,0.00000000e+00,0.00000000e+00,3.28727827e-04,9.86183481e-04,5.91710088e-03,4.96379019e-02,4.66431914e+00
rul_bin_edges:0.        ,0.01014   ,0.02028   ,0.03042   ,0.04056   ,0.0507    ,0.06084   ,0.07098   ,0.08112   ,0.09126   ,0.10139999,0.11153999,0.12167999,0.13181999,0.14195999,0.15209999,0.16223999,0.17237999,0.18251999,0.19265999,0.20279999,0.21293999,0.22307999,0.23321999,0.24335999,0.25349999,0.26363999,0.27377999,0.28391999,0.29405999,0.30419999,0.31433998,0.32447998,0.33461998,0.34475998,0.35489998,0.36503998,0.37517998,0.38531998,0.39545998,0.40559998
rdl:1.41744152e+01,0.00000000e+00,0.00000000e+00,0.00000000e+00,0.00000000e+00,6.57455654e-04,0.00000000e+00,0.00000000e+00,2.30109479e-02,4.55603619e+01,1.26067122e+00,8.54692350e-03,6.57455654e-04,0.00000000e+00,6.57455654e-04,0.00000000e+00,1.64363913e-03,1.05192905e-02,1.97236696e-02,3.22015205e+01,6.12091214e-01,1.87374861e-02,2.30109479e-03,1.97236696e-03,3.28727827e-04,0.00000000e+00,0.00000000e+00,0.00000000e+00,0.00000000e+00,3.28727827e-04,0.00000000e+00,0.00000000e+00,0.00000000e+00,0.00000000e+00,0.00000000e+00,3.28727827e-04,9.86183481e-04,5.91710088e-03,4.96379019e-02,4.66431914e+00
rdl_bin_edges:0.        ,0.01014   ,0.02028   ,0.03042   ,0.04056   ,0.0507    ,0.06084   ,0.07098   ,0.08112   ,0.09126   ,0.10139999,0.11153999,0.12167999,0.13181999,0.14195999,0.15209999,0.16223999,0.17237999,0.18251999,0.19265999,0.20279999,0.21293999,0.22307999,0.23321999,0.24335999,0.25349999,0.26363999,0.27377999,0.28391999,0.29405999,0.30419999,0.31433998,0.32447998,0.33461998,0.34475998,0.35489998,0.36503998,0.37517998,0.38531998,0.39545998,0.40559998
lul:5.21601800e+02,0.00000000e+00,0.00000000e+00,0.00000000e+00,0.00000000e+00,0.00000000e+00,0.00000000e+00,0.00000000e+00,0.00000000e+00,0.00000000e+00,0.00000000e+00,0.00000000e+00,0.00000000e+00,0.00000000e+00,0.00000000e+00,0.00000000e+00,0.00000000e+00,0.00000000e+00,0.00000000e+00,0.00000000e+00,0.00000000e+00,0.00000000e+00,0.00000000e+00,0.00000000e+00,0.00000000e+00,0.00000000e+00,0.00000000e+00,0.00000000e+00,0.00000000e+00,0.00000000e+00,0.00000000e+00,0.00000000e+00,0.00000000e+00,0.00000000e+00,0.00000000e+00,0.00000000e+00,1.89283425e+03,1.16129254e+00,5.20186475e+02,6.93291644e+02
lul_bin_edges:0.        ,0.00027555,0.0005511 ,0.00082666,0.00110221,0.00137776,0.00165331,0.00192887,0.00220442,0.00247997,0.00275552,0.00303108,0.00330663,0.00358218,0.00385773,0.00413328,0.00440884,0.00468439,0.00495994,0.00523549,0.00551105,0.0057866 ,0.00606215,0.0063377 ,0.00661325,0.00688881,0.00716436,0.00743991,0.00771546,0.00799102,0.00826657,0.00854212,0.00881767,0.00909323,0.00936878,0.00964433,0.00991988,0.01019543,0.01047099,0.01074654,0.01102209
ldl:5.21601800e+02,0.00000000e+00,0.00000000e+00,0.00000000e+00,0.00000000e+00,0.00000000e+00,0.00000000e+00,0.00000000e+00,0.00000000e+00,0.00000000e+00,0.00000000e+00,0.00000000e+00,0.00000000e+00,0.00000000e+00,0.00000000e+00,0.00000000e+00,0.00000000e+00,0.00000000e+00,0.00000000e+00,0.00000000e+00,0.00000000e+00,0.00000000e+00,0.00000000e+00,0.00000000e+00,0.00000000e+00,0.00000000e+00,0.00000000e+00,0.00000000e+00,0.00000000e+00,0.00000000e+00,0.00000000e+00,0.00000000e+00,0.00000000e+00,0.00000000e+00,0.00000000e+00,0.00000000e+00,1.89283425e+03,1.16129254e+00,5.20186475e+02,6.93291644e+02
ldl_bin_edges:0.        ,0.00027555,0.0005511 ,0.00082666,0.00110221,0.00137776,0.00165331,0.00192887,0.00220442,0.00247997,0.00275552,0.00303108,0.00330663,0.00358218,0.00385773,0.00413328,0.00440884,0.00468439,0.00495994,0.00523549,0.00551105,0.0057866 ,0.00606215,0.0063377 ,0.00661325,0.00688881,0.00716436,0.00743991,0.00771546,0.00799102,0.00826657,0.00854212,0.00881767,0.00909323,0.00936878,0.00964433,0.00991988,0.01019543,0.01047099,0.01074654,0.01102209
ilul:5.21601800e+02,0.00000000e+00,0.00000000e+00,0.00000000e+00,0.00000000e+00,0.00000000e+00,0.00000000e+00,0.00000000e+00,0.00000000e+00,0.00000000e+00,0.00000000e+00,0.00000000e+00,0.00000000e+00,0.00000000e+00,0.00000000e+00,0.00000000e+00,0.00000000e+00,0.00000000e+00,0.00000000e+00,0.00000000e+00,0.00000000e+00,0.00000000e+00,0.00000000e+00,0.00000000e+00,0.00000000e+00,0.00000000e+00,0.00000000e+00,0.00000000e+00,0.00000000e+00,0.00000000e+00,0.00000000e+00,0.00000000e+00,0.00000000e+00,0.00000000e+00,0.00000000e+00,0.00000000e+00,1.89283425e+03,1.16129254e+00,5.20186475e+02,6.93291644e+02
ilul_bin_edges:0.        ,0.00027555,0.0005511 ,0.00082666,0.00110221,0.00137776,0.00165331,0.00192887,0.00220442,0.00247997,0.00275552,0.00303108,0.00330663,0.00358218,0.00385773,0.00413328,0.00440884,0.00468439,0.00495994,0.00523549,0.00551105,0.0057866 ,0.00606215,0.0063377 ,0.00661325,0.00688881,0.00716436,0.00743991,0.00771546,0.00799102,0.00826657,0.00854212,0.00881767,0.00909323,0.00936878,0.00964433,0.00991988,0.01019543,0.01047099,0.01074654,0.01102209
ildl:5.21601800e+02,0.00000000e+00,0.00000000e+00,0.00000000e+00,0.00000000e+00,0.00000000e+00,0.00000000e+00,0.00000000e+00,0.00000000e+00,0.00000000e+00,0.00000000e+00,0.00000000e+00,0.00000000e+00,0.00000000e+00,0.00000000e+00,0.00000000e+00,0.00000000e+00,0.00000000e+00,0.00000000e+00,0.00000000e+00,0.00000000e+00,0.00000000e+00,0.00000000e+00,0.00000000e+00,0.00000000e+00,0.00000000e+00,0.00000000e+00,0.00000000e+00,0.00000000e+00,0.00000000e+00,0.00000000e+00,0.00000000e+00,0.00000000e+00,0.00000000e+00,0.00000000e+00,0.00000000e+00,1.89283425e+03,1.16129254e+00,5.20186475e+02,6.93291644e+02
ildl_bin_edges:0.        ,0.00027555,0.0005511 ,0.00082666,0.00110221,0.00137776,0.00165331,0.00192887,0.00220442,0.00247997,0.00275552,0.00303108,0.00330663,0.00358218,0.00385773,0.00413328,0.00440884,0.00468439,0.00495994,0.00523549,0.00551105,0.0057866 ,0.00606215,0.0063377 ,0.00661325,0.00688881,0.00716436,0.00743991,0.00771546,0.00799102,0.00826657,0.00854212,0.00881767,0.00909323,0.00936878,0.00964433,0.00991988,0.01019543,0.01047099,0.01074654,0.01102209
eul: 0., 0., 0., 0., 0., 0., 0., 0., 0., 0., 0., 0., 0., 0., 0., 0., 0., 0., 0., 0.,40., 0., 0., 0., 0., 0., 0., 0., 0., 0., 0., 0., 0., 0., 0., 0., 0., 0., 0., 0.
eul_bin_edges:-0.5  ,-0.475,-0.45 ,-0.425,-0.4  ,-0.375,-0.35 ,-0.325,-0.3  ,-0.275,-0.25 ,-0.225,-0.2  ,-0.175,-0.15 ,-0.125,-0.1  ,-0.075,-0.05 ,-0.025, 0.   , 0.025, 0.05 , 0.075, 0.1  , 0.125, 0.15 , 0.175, 0.2  , 0.225, 0.25 , 0.275, 0.3  , 0.325, 0.35 , 0.375, 0.4  , 0.425, 0.45 , 0.475, 0.5  
edl: 0., 0., 0., 0., 0., 0., 0., 0., 0., 0., 0., 0., 0., 0., 0., 0., 0., 0., 0., 0.,40., 0., 0., 0., 0., 0., 0., 0., 0., 0., 0., 0., 0., 0., 0., 0., 0., 0., 0., 0.
edl_bin_edges:-0.5  ,-0.475,-0.45 ,-0.425,-0.4  ,-0.375,-0.35 ,-0.325,-0.3  ,-0.275,-0.25 ,-0.225,-0.2  ,-0.175,-0.15 ,-0.125,-0.1  ,-0.075,-0.05 ,-0.025, 0.   , 0.025, 0.05 , 0.075, 0.1  , 0.125, 0.15 , 0.175, 0.2  , 0.225, 0.25 , 0.275, 0.3  , 0.325, 0.35 , 0.375, 0.4  , 0.425, 0.45 , 0.475, 0.5  
gul:1.32361341e-03,0.00000000e+00,0.00000000e+00,0.00000000e+00,0.00000000e+00,0.00000000e+00,2.64722683e-03,0.00000000e+00,0.00000000e+00,0.00000000e+00,3.52963577e-03,3.08843130e-02,1.35979218e+00,8.67615356e+01,6.88278975e-02,1.14713163e-02,8.82408942e-04,0.00000000e+00,0.00000000e+00,1.76481788e-03,8.82408942e-04,1.76481788e-03,3.52963577e-03,1.19125207e-02,2.51486549e-02,6.54306231e-01,4.27805091e+01,6.00038081e-01,1.41185431e-02,2.02954057e-02,2.64722683e-03,3.08843130e-03,4.41204471e-04,0.00000000e+00,0.00000000e+00,0.00000000e+00,0.00000000e+00,0.00000000e+00,0.00000000e+00,1.32361341e-03
gul_bin_edges:0.        ,0.007555  ,0.01511   ,0.022665  ,0.03022   ,0.037775  ,0.04533   ,0.052885  ,0.06044   ,0.067995  ,0.07555001,0.08310501,0.09066001,0.09821501,0.10577001,0.11332501,0.12088001,0.12843501,0.13599001,0.14354501,0.15110001,0.15865501,0.16621001,0.17376501,0.18132001,0.18887501,0.19643001,0.20398501,0.21154001,0.21909501,0.22665002,0.23420502,0.24176002,0.24931502,0.25687002,0.26442502,0.27198002,0.27953502,0.28709002,0.29464502,0.30220002
gdl:1.32361341e-03,0.00000000e+00,0.00000000e+00,0.00000000e+00,0.00000000e+00,0.00000000e+00,2.64722683e-03,0.00000000e+00,0.00000000e+00,0.00000000e+00,3.52963577e-03,3.08843130e-02,1.35979218e+00,8.67615356e+01,6.88278975e-02,1.14713163e-02,8.82408942e-04,0.00000000e+00,0.00000000e+00,1.76481788e-03,8.82408942e-04,1.76481788e-03,3.52963577e-03,1.19125207e-02,2.51486549e-02,6.54306231e-01,4.27805091e+01,6.00038081e-01,1.41185431e-02,2.02954057e-02,2.64722683e-03,3.08843130e-03,4.41204471e-04,0.00000000e+00,0.00000000e+00,0.00000000e+00,0.00000000e+00,0.00000000e+00,0.00000000e+00,1.32361341e-03
gdl_bin_edges:0.        ,0.007555  ,0.01511   ,0.022665  ,0.03022   ,0.037775  ,0.04533   ,0.052885  ,0.06044   ,0.067995  ,0.07555001,0.08310501,0.09066001,0.09821501,0.10577001,0.11332501,0.12088001,0.12843501,0.13599001,0.14354501,0.15110001,0.15865501,0.16621001,0.17376501,0.18132001,0.18887501,0.19643001,0.20398501,0.21154001,0.21909501,0.22665002,0.23420502,0.24176002,0.24931502,0.25687002,0.26442502,0.27198002,0.27953502,0.28709002,0.29464502,0.30220002
ri: 0., 0., 0., 0., 0., 0., 0., 0., 0., 0., 0., 0., 0., 0., 0., 0., 0., 0., 0., 0.,40., 0., 0., 0., 0., 0., 0., 0., 0., 0., 0., 0., 0., 0., 0., 0., 0., 0., 0., 0.
ri_bin_edges:0.5  ,0.525,0.55 ,0.575,0.6  ,0.625,0.65 ,0.675,0.7  ,0.725,0.75 ,0.775,0.8  ,0.825,0.85 ,0.875,0.9  ,0.925,0.95 ,0.975,1.   ,1.025,1.05 ,1.075,1.1  ,1.125,1.15 ,1.175,1.2  ,1.225,1.25 ,1.275,1.3  ,1.325,1.35 ,1.375,1.4  ,1.425,1.45 ,1.475,1.5  
