period:1
ue_log_freq:1000
mac_log_freq:1000
mimo_layers:2
frequency:2412000000.0
bandwidth:50000000
ue_speed:5.555555555555555
max_distance:1000
shannon_cfg_bandwidth_mhz:50.0
shannon_cfg_mimo_layers:2
shannon_cfg_bw_efficiency:0.67
shannon_cfg_sinr_offset_db:0
shannon_cfg_ul_divisor:2
shannon_cfg_sinr_sample_rate:1000
n_ue:300
sinr_period:9.463597741343282
sinr_rate:105.66805852612856
ul_fairness:0.7953725082126148
dl_fairness:0.9452464828885072
ul_agg_throughput:0.5681585931416198
dl_agg_throughput:0.45190631102825696
ul_ave_throughput:0.0018938619771387325
dl_ave_throughput:0.0015063543700941898
ul_se:0.011363171862832396
dl_se:0.00903812622056514
ul_ase:3.617009942345033e-09
dl_ase:2.8769249285828236e-09
ul_gr:0.0054505416044108666, 0.0054505416044108666, 0.0054505416044108666, 0.0054505416044108666, 0.0054505416044108666, 0.0054505416044108666, 0.0054505416044108666, 0.0054505416044108666, 0.0054505416044108666, 0.0054505416044108666, 0.0054505416044108666, 0.0054505416044108666, 0.0054505416044108666, 0.0054505416044108666, 0.0054505416044108666, 0.0054505416044108666, 0.0054505416044108666, 0.0054505416044108666, 0.0054505416044108666, 0.0054505416044108666, 0.0054505416044108666, 0.0054505416044108666, 0.0054505416044108666, 0.0054505416044108666, 0.0054505416044108666, 0.0054505416044108666, 0.0054505416044108666, 0.0054505416044108666, 0.0054505416044108666, 0.0054505416044108666, 0.0054505416044108666, 0.0054505416044108666, 0.0054505416044108666, 0.0054505416044108666, 0.0054505416044108666, 0.0054505416044108666, 0.0054505416044108666, 0.0054505416044108666, 0.0054505416044108666, 0.0054505416044108666, 0.0054505416044108666, 0.0054505416044108666, 0.0054505416044108666, 0.0054505416044108666, 0.0054505416044108666, 0.0054505416044108666, 0.0054505416044108666, 0.0054505416044108666, 0.0054505416044108666, 0.0054505416044108666, 0.0054505416044108666, 0.0054505416044108666, 0.0054505416044108666, 0.0054505416044108666, 0.0054505416044108666, 0.0054505416044108666, 0.0054505416044108666, 0.0054505416044108666, 0.0054505416044108666, 0.0054505416044108666, 0.0054505416044108666, 0.0054505416044108666, 0.0054505416044108666, 0.0054505416044108666, 0.0054505416044108666, 0.0054505416044108666, 0.0054505416044108666, 0.0054505416044108666, 0.0054505416044108666, 0.0054505416044108666, 0.0054505416044108666, 0.0054505416044108666, 0.0054505416044108666, 0.0054505416044108666, 0.0054505416044108666, 0.0054505416044108666, 0.0054505416044108666, 0.0054505416044108666, 0.0054505416044108666, 0.0054505416044108666, 0.0054505416044108666, 0.0054505416044108666, 0.0054505416044108666, 0.0054505416044108666, 0.0054505416044108666, 0.0054505416044108666, 0.0054505416044108666, 0.0054505416044108666, 0.0054505416044108666, 0.0054505416044108666, 0.0054505416044108666, 0.0054505416044108666, 0.0054505416044108666, 0.0054505416044108666, 0.0054505416044108666, 0.0054505416044108666, 0.0054505416044108666, 0.0054505416044108666, 0.0054505416044108666, 0.0054505416044108666, 0.0054505416044108666, 0.0054505416044108666, 0.0054505416044108666, 0.0054505416044108666, 0.0054505416044108666, 0.0054505416044108666, 0.0054505416044108666, 0.0054505416044108666, 0.0054505416044108666, 0.0054505416044108666, 0.0054505416044108666, 0.0054505416044108666, 0.0054505416044108666, 0.0054505416044108666, 0.0054505416044108666, 0.0054505416044108666, 0.0054505416044108666, 0.0054505416044108666, 0.0054505416044108666, 0.0054505416044108666, 0.0054505416044108666, 0.0054505416044108666, 0.0054505416044108666, 0.0054505416044108666, 0.0054505416044108666, 0.0054505416044108666, 0.0054505416044108666, 0.0054505416044108666, 0.0054505416044108666, 0.0054505416044108666, 0.0054505416044108666, 0.0054505416044108666, 0.0054505416044108666, 0.0054505416044108666, 0.0054505416044108666, 0.0054505416044108666, 0.0054505416044108666, 0.0054505416044108666, 0.0054505416044108666, 0.0054505416044108666, 0.0054505416044108666, 0.0054505416044108666, 0.0054505416044108666, 0.0054505416044108666, 0.0054505416044108666, 0.0054505416044108666, 0.0054505416044108666, 0.0054505416044108666, 0.0054505416044108666, 0.0054505416044108666, 0.0054505416044108666, 0.0054505416044108666, 0.0054505416044108666, 0.0054505416044108666, 0.0054505416044108666, 0.0054505416044108666, 0.0054505416044108666, 0.0054505416044108666, 0.0054505416044108666, 0.0054505416044108666, 0.0054505416044108666, 0.0054505416044108666, 0.0054505416044108666, 0.0054505416044108666, 0.0054505416044108666, 0.0054505416044108666, 0.0054505416044108666, 0.0054505416044108666, 0.0054505416044108666, 0.0054505416044108666, 0.0054505416044108666, 0.0054505416044108666, 0.0054505416044108666, 0.0054505416044108666, 0.0054505416044108666, 0.0054505416044108666, 0.0054505416044108666, 0.0054505416044108666, 0.0054505416044108666, 0.0054505416044108666, 0.0054505416044108666, 0.0054505416044108666, 0.0054505416044108666, 0.0054505416044108666, 0.0054505416044108666, 0.0054505416044108666, 0.0054505416044108666, 0.0054505416044108666, 0.0054505416044108666, 0.0054505416044108666, 0.0054505416044108666, 0.0054505416044108666, 0.0054505416044108666, 0.0054505416044108666, 0.0054505416044108666, 0.0054505416044108666, 0.0054505416044108666, 0.0054505416044108666, 0.0054505416044108666, 0.0054505416044108666, 0.0054505416044108666, 0.0054505416044108666, 0.0054505416044108666, 0.0054505416044108666, 0.0054505416044108666, 0.0054505416044108666, 0.0054505416044108666, 0.0054505416044108666, 0.0054505416044108666, 0.0054505416044108666, 0.0054505416044108666, 0.0054505416044108666, 0.0054505416044108666, 0.0054505416044108666, 0.0054505416044108666, 0.0054505416044108666, 0.0054505416044108666, 0.0054505416044108666, 0.0054505416044108666, 0.0054505416044108666, 0.0054505416044108666, 0.0054505416044108666, 0.0054505416044108666, 0.0054505416044108666, 0.0054505416044108666, 0.0054505416044108666, 0.0054505416044108666, 0.0054505416044108666, 0.0054505416044108666, 0.0054505416044108666, 0.0054505416044108666, 0.0054505416044108666, 0.0054505416044108666, 0.0054505416044108666, 0.0054505416044108666, 0.0054505416044108666, 0.0054505416044108666, 0.0054505416044108666, 0.0054505416044108666, 0.0054505416044108666, 0.0054505416044108666, 0.0054505416044108666, 0.0054505416044108666, 0.0054505416044108666, 0.0054505416044108666, 0.0054505416044108666, 0.0054505416044108666, 0.0054505416044108666, 0.0054505416044108666, 0.0054505416044108666, 0.0054505416044108666, 0.0054505416044108666, 0.0054505416044108666, 0.0054505416044108666, 0.0054505416044108666, 0.0054505416044108666, 0.0054505416044108666, 0.0054505416044108666, 0.0054505416044108666, 0.0054505416044108666, 0.0054505416044108666, 0.0054505416044108666, 0.0054505416044108666, 0.0054505416044108666, 0.0054505416044108666, 0.0054505416044108666, 0.0054505416044108666, 0.0054505416044108666, 0.0054505416044108666, 0.0054505416044108666, 0.0054505416044108666, 0.0054505416044108666, 0.0054505416044108666, 0.0054505416044108666, 0.0054505416044108666, 0.0054505416044108666, 0.0054505416044108666, 0.0054505416044108666, 0.0054505416044108666, 0.0054505416044108666, 0.0054505416044108666, 0.0054505416044108666, 0.0054505416044108666, 0.0054505416044108666, 0.0054505416044108666, 0.0054505416044108666, 0.0054505416044108666, 0.0054505416044108666, 0.0054505416044108666, 0.0054505416044108666, 0.0054505416044108666, 0.0054505416044108666, 0.0054505416044108666, 0.0054505416044108666, 0.0054505416044108666, 0.0054505416044108666, 0.0054505416044108666, 0.0054505416044108666, 0.0054505416044108666, 0.0054505416044108666
dl_gr:0.0026481195555802454, 0.0026481195555802454, 0.0026481195555802454, 0.0026481195555802454, 0.0026481195555802454, 0.0026481195555802454, 0.0026481195555802454, 0.0026481195555802454, 0.0026481195555802454, 0.0026481195555802454, 0.0026481195555802454, 0.0026481195555802454, 0.0026481195555802454, 0.0026481195555802454, 0.0026481195555802454, 0.0026481195555802454, 0.0026481195555802454, 0.0026481195555802454, 0.0026481195555802454, 0.0026481195555802454, 0.0026481195555802454, 0.0026481195555802454, 0.0026481195555802454, 0.0026481195555802454, 0.0026481195555802454, 0.0026481195555802454, 0.0026481195555802454, 0.0026481195555802454, 0.0026481195555802454, 0.0026481195555802454, 0.0026481195555802454, 0.0026481195555802454, 0.0026481195555802454, 0.0026481195555802454, 0.0026481195555802454, 0.0026481195555802454, 0.0026481195555802454, 0.0026481195555802454, 0.0026481195555802454, 0.0026481195555802454, 0.0026481195555802454, 0.0026481195555802454, 0.0026481195555802454, 0.0026481195555802454, 0.0026481195555802454, 0.0026481195555802454, 0.0026481195555802454, 0.0026481195555802454, 0.0026481195555802454, 0.0026481195555802454, 0.0026481195555802454, 0.0026481195555802454, 0.0026481195555802454, 0.0026481195555802454, 0.0026481195555802454, 0.0026481195555802454, 0.0026481195555802454, 0.0026481195555802454, 0.0026481195555802454, 0.0026481195555802454, 0.0026481195555802454, 0.0026481195555802454, 0.0026481195555802454, 0.0026481195555802454, 0.0026481195555802454, 0.0026481195555802454, 0.0026481195555802454, 0.0026481195555802454, 0.0026481195555802454, 0.0026481195555802454, 0.0026481195555802454, 0.0026481195555802454, 0.0026481195555802454, 0.0026481195555802454, 0.0026481195555802454, 0.0026481195555802454, 0.0026481195555802454, 0.0026481195555802454, 0.0026481195555802454, 0.0026481195555802454, 0.0026481195555802454, 0.0026481195555802454, 0.0026481195555802454, 0.0026481195555802454, 0.0026481195555802454, 0.0026481195555802454, 0.0026481195555802454, 0.0026481195555802454, 0.0026481195555802454, 0.0026481195555802454, 0.0026481195555802454, 0.0026481195555802454, 0.0026481195555802454, 0.0026481195555802454, 0.0026481195555802454, 0.0026481195555802454, 0.0026481195555802454, 0.0026481195555802454, 0.0026481195555802454, 0.0026481195555802454, 0.0026481195555802454, 0.0026481195555802454, 0.0026481195555802454, 0.0026481195555802454, 0.0026481195555802454, 0.0026481195555802454, 0.0026481195555802454, 0.0026481195555802454, 0.0026481195555802454, 0.0026481195555802454, 0.0026481195555802454, 0.0026481195555802454, 0.0026481195555802454, 0.0026481195555802454, 0.0026481195555802454, 0.0026481195555802454, 0.0026481195555802454, 0.0026481195555802454, 0.0026481195555802454, 0.0026481195555802454, 0.0026481195555802454, 0.0026481195555802454, 0.0026481195555802454, 0.0026481195555802454, 0.0026481195555802454, 0.0026481195555802454, 0.0026481195555802454, 0.0026481195555802454, 0.0026481195555802454, 0.0026481195555802454, 0.0026481195555802454, 0.0026481195555802454, 0.0026481195555802454, 0.0026481195555802454, 0.0026481195555802454, 0.0026481195555802454, 0.0026481195555802454, 0.0026481195555802454, 0.0026481195555802454, 0.0026481195555802454, 0.0026481195555802454, 0.0026481195555802454, 0.0026481195555802454, 0.0026481195555802454, 0.0026481195555802454, 0.0026481195555802454, 0.0026481195555802454, 0.0026481195555802454, 0.0026481195555802454, 0.0026481195555802454, 0.0026481195555802454, 0.0026481195555802454, 0.0026481195555802454, 0.0026481195555802454, 0.0026481195555802454, 0.0026481195555802454, 0.0026481195555802454, 0.0026481195555802454, 0.0026481195555802454, 0.0026481195555802454, 0.0026481195555802454, 0.0026481195555802454, 0.0026481195555802454, 0.0026481195555802454, 0.0026481195555802454, 0.0026481195555802454, 0.0026481195555802454, 0.0026481195555802454, 0.0026481195555802454, 0.0026481195555802454, 0.0026481195555802454, 0.0026481195555802454, 0.0026481195555802454, 0.0026481195555802454, 0.0026481195555802454, 0.0026481195555802454, 0.0026481195555802454, 0.0026481195555802454, 0.0026481195555802454, 0.0026481195555802454, 0.0026481195555802454, 0.0026481195555802454, 0.0026481195555802454, 0.0026481195555802454, 0.0026481195555802454, 0.0026481195555802454, 0.0026481195555802454, 0.0026481195555802454, 0.0026481195555802454, 0.0026481195555802454, 0.0026481195555802454, 0.0026481195555802454, 0.0026481195555802454, 0.0026481195555802454, 0.0026481195555802454, 0.0026481195555802454, 0.0026481195555802454, 0.0026481195555802454, 0.0026481195555802454, 0.0026481195555802454, 0.0026481195555802454, 0.0026481195555802454, 0.0026481195555802454, 0.0026481195555802454, 0.0026481195555802454, 0.0026481195555802454, 0.0026481195555802454, 0.0026481195555802454, 0.0026481195555802454, 0.0026481195555802454, 0.0026481195555802454, 0.0026481195555802454, 0.0026481195555802454, 0.0026481195555802454, 0.0026481195555802454, 0.0026481195555802454, 0.0026481195555802454, 0.0026481195555802454, 0.0026481195555802454, 0.0026481195555802454, 0.0026481195555802454, 0.0026481195555802454, 0.0026481195555802454, 0.0026481195555802454, 0.0026481195555802454, 0.0026481195555802454, 0.0026481195555802454, 0.0026481195555802454, 0.0026481195555802454, 0.0026481195555802454, 0.0026481195555802454, 0.0026481195555802454, 0.0026481195555802454, 0.0026481195555802454, 0.0026481195555802454, 0.0026481195555802454, 0.0026481195555802454, 0.0026481195555802454, 0.0026481195555802454, 0.0026481195555802454, 0.0026481195555802454, 0.0026481195555802454, 0.0026481195555802454, 0.0026481195555802454, 0.0026481195555802454, 0.0026481195555802454, 0.0026481195555802454, 0.0026481195555802454, 0.0026481195555802454, 0.0026481195555802454, 0.0026481195555802454, 0.0026481195555802454, 0.0026481195555802454, 0.0026481195555802454, 0.0026481195555802454, 0.0026481195555802454, 0.0026481195555802454, 0.0026481195555802454, 0.0026481195555802454, 0.0026481195555802454, 0.0026481195555802454, 0.0026481195555802454, 0.0026481195555802454, 0.0026481195555802454, 0.0026481195555802454, 0.0026481195555802454, 0.0026481195555802454, 0.0026481195555802454, 0.0026481195555802454, 0.0026481195555802454, 0.0026481195555802454, 0.0026481195555802454, 0.0026481195555802454, 0.0026481195555802454, 0.0026481195555802454, 0.0026481195555802454, 0.0026481195555802454, 0.0026481195555802454, 0.0026481195555802454, 0.0026481195555802454, 0.0026481195555802454, 0.0026481195555802454, 0.0026481195555802454, 0.0026481195555802454, 0.0026481195555802454, 0.0026481195555802454, 0.0026481195555802454, 0.0026481195555802454, 0.0026481195555802454, 0.0026481195555802454, 0.0026481195555802454, 0.0026481195555802454, 0.0026481195555802454, 0.0026481195555802454, 0.0026481195555802454, 0.0026481195555802454, 0.0026481195555802454, 0.0026481195555802454, 0.0026481195555802454, 0.0026481195555802454
ul_tr:0.005450540922237654, 0.005450541761247709, 0.005450541714471418, 0.005450541759507805, 0.005450541599116716, 0.005450541851719348, 0.005450541599116716, 0.0, 0.0054505368928004, 0.005450540598466751, 0.005450542700599966, 0.005450542331808788, 0.005450541440725515, 0.005450541865188046, 0.005450541761436587, 0.005450541599116716, 0.005450541440725515, 0.005450537292861509, 0.0, 0.005450541364646409, 0.005450541851719348, 0.005450541599116716, 0.0, 0.005450539127687352, 0.005450541714471418, 0.005450541734070329, 0.005450543737531247, 0.005450541364646409, 0.005450541649625021, 0.005450540622354313, 0.005450541599116716, 0.0, 0.005450541599116716, 0.005450539123743126, 0.005450541599116716, 0.005450541438397867, 0.005450540238481195, 0.005450541851719348, 0.005450541846141881, 0.005450541599116716, 0.005450541846141881, 0.005450541734070329, 0.005450542284978057, 0.005450542605271929, 0.0054505413680184436, 0.005450541599116716, 0.005450541604988612, 0.005450541846141881, 0.005450539145058608, 0.0054505416609955, 0.005450541649625021, 0.005450541643774235, 0.005450541846141881, 0.005450541734070329, 0.005450541763955891, 0.005450541599116716, 0.005450542826981834, 0.005450541865188046, 0.0, 0.00545054098313816, 0.0, 0.0054505400401911, 0.0054505417594522525, 0.005450540674756958, 0.005450541796648519, 0.005450541316134104, 0.005450541855102494, 0.005450541796648519, 0.00545054175853897, 0.0, 0.0, 0.005450541708171768, 0.005450541796648519, 0.0054505417046053, 0.005450539249808345, 0.005450540674756958, 0.005450540394009221, 0.005450541292351536, 0.005450541484017555, 0.005450541448196212, 0.005450543122826509, 0.005450541802566524, 0.005450543033667017, 0.0, 0.0054505417594522525, 0.00545054098313816, 0.0054505417046053, 0.005450541855102494, 0.0054505417594522525, 0.0, 0.005450541761247709, 0.0054505417594522525, 0.0054505417594522525, 0.005450541405794123, 0.005450537444564191, 0.005450543888867286, 0.0054505437908227315, 0.0054505417594522525, 0.005450541292351536, 0.0054505417594522525, 0.0054505417594522525, 0.0, 0.005450541796648519, 0.0054505417594522525, 0.005450541405794123, 0.005450541292351536, 0.0, 0.0054505400401911, 0.005450540940675519, 0.0054505400401911, 0.005450541292351536, 0.005450541802566524, 0.005450541604988612, 0.005450541604988612, 0.005450541108149547, 0.005450542337759013, 0.005450541848802844, 0.005450539435592467, 0.0, 0.0, 0.005450541607727348, 0.005450541385184156, 0.005450538945586357, 0.0, 0.0, 0.005450540957669018, 0.005450541323610021, 0.005450541439357258, 0.005450537562313205, 0.0, 0.005450541764218654, 0.005450540586111883, 0.005450541463924228, 0.005450541723370924, 0.005450538985023054, 0.005450541438397867, 0.0054505414509405025, 0.005450541607727348, 0.005450541607727348, 0.005450541204155324, 0.005450541607727348, 0.005450541652274873, 0.005450541740581078, 0.005450541128215099, 0.005450541607727348, 0.0, 0.005450541604988612, 0.005450541723370924, 0.005450541352474862, 0.005450541323610021, 0.005450541361091051, 0.0054505417014943615, 0.0, 0.00545054270954947, 0.0, 0.0054505416760457755, 0.005450541352474862, 0.0, 0.005450541743414255, 0.005450541485973002, 0.005450541848802844, 0.00545054151463252, 0.005450541323610021, 0.005450537571257153, 0.005450541607727348, 0.005450541723370924, 0.005450541848802844, 0.005450541607727348, 0.005450541354099772, 0.005450541352474862, 0.0054505412924626415, 0.00545054140358869, 0.0054505417989817225, 0.005450541759380034, 0.005450541759380034, 0.005450544268335093, 0.0, 0.005450544011721571, 0.0054505417989817225, 0.005450541850430531, 0.005450537516149104, 0.00545054039864452, 0.005450541701716572, 0.005450541809377257, 0.005450542560921616, 0.005450541759380034, 0.00545054133948114, 0.005450542829176157, 0.005450538850563857, 0.005450541494033665, 0.005450541604988612, 0.0054505418024554195, 0.0054505412924626415, 0.005450541494033665, 0.0054505448256930164, 0.005450540939786679, 0.005450541759380034, 0.0, 0.005450541759380034, 0.00545054484227543, 0.005450541759380034, 0.00545054175853897, 0.005450541363202044, 0.005450541759380034, 0.005450541483806456, 0.005450541759380034, 0.005450538282984278, 0.005450537540772736, 0.005450538137244598, 0.0054505418005110825, 0.0054505417520137765, 0.00545054114082551, 0.0, 0.005450541216876841, 0.005450541300538859, 0.00545054125656908, 0.005450541554969168, 0.005450541764051997, 0.005450541583617577, 0.005450541907782901, 0.005450541238336759, 0.005450541345369702, 0.0054505414767012945, 0.005450541604988612, 0.005450541761247709, 0.005450541330949614, 0.00545053753495917, 0.00545054175853897, 0.0, 0.005450541604988612, 0.005450541651057164, 0.0, 0.005450541761247709, 0.005450541604988612, 0.0, 0.005450541761247709, 0.005450541651057164, 0.005450541505213044, 0.005450537440975502, 0.005450537481017721, 0.005450539999850007, 0.005450541651057164, 0.0, 0.005450540604110881, 0.005450541330949614, 0.005450541714471418, 0.005450541604988612, 0.005450541484017555, 0.005450540983138159, 0.005450540983138159, 0.005450541759507805, 0.005450543671227154, 0.0, 0.0, 0.005450541292629299, 0.005450537034231432, 0.005450537200277762, 0.005450541494311428, 0.005450540909047276, 0.005450543343180935, 0.005450541759507805, 0.005450541759507805, 0.005450540939786679, 0.005450540394009221, 0.005450541759507805, 0.005450540394009221, 0.005450540394009221, 0.005450539806255208, 0.005450543529898339, 0.0054505433465251935, 0.005450537042130992, 0.0054505417046053, 0.005450540983138159, 0.005450541759507805, 0.005450541802566524, 0.0, 0.005450537046019666, 0.005450541759507805, 0.005450541256130215, 0.005450541759507805, 0.005450541484017555, 0.005450541494311428, 0.005450540939786679, 0.005450539286756291, 0.0054505417046053, 0.005450543674634743, 0.0054505417046053, 0.005450540939786679, 0.005450541796704071, 0.0054505398829953885, 0.005450544039414475, 0.005450537037275708, 0.005450543622648742, 0.0054505417046053, 0.005450540674812512, 0.005450541708171768, 0.005450540983138159, 0.00545053919403922, 0.005450541494311428, 0.005450541802566524
dl_tr:0.0026481191965001946, 0.0026481191906560743, 0.002648119358180101, 0.0026481191692072662, 0.002648119190492195, 0.002648119190492195, 0.002648119190492195, 0.0026481218259374476, 0.0026481193410532746, 0.0026481192385811904, 0.002648119116626854, 0.0026481198617965673, 0.002648119190492195, 0.002648119368657297, 0.002648119639614466, 0.002648119190492195, 0.002648119190492195, 0.0026481196294205877, 0.0026481238229765012, 0.0026481198396844613, 0.002648119190492195, 0.002648119190492195, 0.0026481150054646963, 0.0026481201720793286, 0.002648119358180101, 0.002648119190492195, 0.002648119509236154, 0.0026481193569023944, 0.002648119190492195, 0.002648119433931448, 0.002648119190492195, 0.0026481148930614963, 0.002648119190492195, 0.002648119659962613, 0.002648119190492195, 0.0026481195076217988, 0.002648119617232376, 0.002648119190492195, 0.002648119190492195, 0.002648119190492195, 0.0026481193665518583, 0.002648119190492195, 0.0026481192385811904, 0.002648119116626854, 0.002648119190492195, 0.002648119190492195, 0.0026481191906560743, 0.0026481193665518583, 0.0026481201584911945, 0.002648119612854841, 0.002648119190492195, 0.0026481198617965673, 0.002648119190492195, 0.002648119190492195, 0.002648119190492195, 0.002648119190492195, 0.002648119116626854, 0.002648119368657297, 0.0026481238627187377, 0.0026481193778623412, 0.00264811537002611, 0.0026481197604077546, 0.0026481191829731683, 0.0026481191829731683, 0.0026481191829731683, 0.0026481197630131652, 0.0026481197630131652, 0.0026481193778623412, 0.002648119639825566, 0.002648121849080607, 0.0026481154506905174, 0.0026481191829731683, 0.0026481191829731683, 0.0026481191829731683, 0.0026481197831676015, 0.0026481191829731683, 0.0026481195861674353, 0.0026481191829731683, 0.0026481191829731683, 0.0026481191906560743, 0.002648119816065774, 0.0026481191829731683, 0.002648119876995723, 0.002648121879712238, 0.0026481191829731683, 0.0026481193778623412, 0.0026481191829731683, 0.002648119281123271, 0.0026481191829731683, 0.002648123994809177, 0.0026481191906560743, 0.0026481191829731683, 0.0026481191829731683, 0.002648119281123271, 0.0026481195862452086, 0.0026481194724348647, 0.0026481197434142546, 0.0026481191829731683, 0.0026481191829731683, 0.0026481191829731683, 0.0026481191829731683, 0.002648115177679018, 0.0026481191829731683, 0.0026481191829731683, 0.0026481192812621525, 0.0026481191830842734, 0.0026481217007388483, 0.0026481197605188597, 0.0026481191830842734, 0.0026481197605188597, 0.0026481191830842734, 0.0026481191830842734, 0.0026481191906560743, 0.0026481191906560743, 0.002648119878812288, 0.002648119117237931, 0.0026481193661185495, 0.0026481195306538525, 0.0026481239846786286, 0.002648124091028276, 0.002648119192769846, 0.002648119192769846, 0.0026481194001333258, 0.002648124022520971, 0.0, 0.0026481192384273096, 0.002648119192769846, 0.0026481195077329035, 0.002648119483950892, 0.0, 0.0026481196395033613, 0.0026481197381089936, 0.0026481194691017162, 0.002648119192769846, 0.00264811967468474, 0.0026481195076217988, 0.002648119192769846, 0.002648119192769846, 0.002648119192769846, 0.0026481192384273096, 0.002648119192769846, 0.002648119192769846, 0.0026481193570134995, 0.0026481194340203323, 0.002648119192769846, 0.0026481241598800068, 0.0026481191906560743, 0.002648119192769846, 0.002648119192769846, 0.002648119192769846, 0.0026481198403344253, 0.002648119612838176, 0.0026481192697627907, 0.0026481191278706737, 0.002648124178534526, 0.002648119511527138, 0.002648119192769846, 0.002648123589045053, 0.002648119192769846, 0.002648119192769846, 0.002648119192769846, 0.002648119206599633, 0.002648119192769846, 0.0026481201458807843, 0.002648119192769846, 0.002648119192769846, 0.0026481193661185495, 0.002648119192769846, 0.002648119358180101, 0.002648119192769846, 0.0026481191965001946, 0.0026481192944280874, 0.0026481193869762796, 0.0026481191965001946, 0.0026481191965001946, 0.002648119802833176, 0.0026481148185123053, 0.0026481194618076776, 0.0026481191965001946, 0.0026481191906560743, 0.002648119525559691, 0.0026481195700627748, 0.0026481191965001946, 0.0026481191965001946, 0.0026481193759068937, 0.0026481191965001946, 0.002648119742236543, 0.0026481197595578025, 0.0026481196913949226, 0.0026481191965001946, 0.0026481191906560743, 0.0026481191965001946, 0.0026481191965001946, 0.0026481191965001946, 0.0026481194170768292, 0.0026481191964446422, 0.0026481191964446422, 0.0026481223329037273, 0.0026481192015443585, 0.0026481197228709515, 0.0026481192173934786, 0.002648119639825566, 0.002648119700322204, 0.002648119229281707, 0.0026481192196155775, 0.0026481192251708243, 0.0026481198860841063, 0.0026481195432253766, 0.0026481199523193154, 0.0026481193823676462, 0.002648119235392478, 0.0026481192266707408, 0.002648119184350869, 0.0026481192436697966, 0.0026481197287372923, 0.0026481195364757514, 0.0026481192624465306, 0.002648119253347036, 0.0026481192405366366, 0.002648119252363758, 0.00264811977390145, 0.002648119289378368, 0.0026481193407699574, 0.0026481191906560743, 0.0026481191906560743, 0.0026481191906560743, 0.002648120172979279, 0.002648119639825566, 0.0026481150912338203, 0.0026481191906560743, 0.0026481191906560743, 0.002648123857174601, 0.0026481191906560743, 0.0026481191906560743, 0.0, 0.0026481191906560743, 0.0026481191906560743, 0.0026481191906560743, 0.002648119330761069, 0.002648120414782512, 0.002648119601616577, 0.0026481191906560743, 0.0026481217393867005, 0.0026481192396883503, 0.0026481191906560743, 0.002648119358180101, 0.0026481191906560743, 0.0026481191692072662, 0.002648119380249986, 0.0026481195261652134, 0.0026481191692072662, 0.0026481193705294153, 0.0, 0.0026481194382923174, 0.0026481191692072662, 0.0026481200049997223, 0.0026481204154046997, 0.0026481191692072662, 0.002648119589767235, 0.0026481194135159164, 0.0026481191692072662, 0.0026481191692072662, 0.0026481191692072662, 0.002648119603188712, 0.0026481191692072662, 0.002648119603188712, 0.002648119603188712, 0.002648119574212544, 0.0026481194692794846, 0.0026481192574690296, 0.002648120021915449, 0.0026481191692072662, 0.0026481195261652134, 0.0026481191692072662, 0.0026481191692072662, 0.0026481151564424193, 0.002648120001433253, 0.0026481191692072662, 0.0026481197226209657, 0.0026481191692072662, 0.0026481191692072662, 0.0026481191692072662, 0.0026481191692072662, 0.0026481197512360426, 0.0026481191692072662, 0.0026481195074829172, 0.0026481191692072662, 0.0026481191692072662, 0.002648119380249986, 0.0026481194665018614, 0.0026481191107188486, 0.002648120080262208, 0.0026481192089439476, 0.0026481191692072662, 0.0026481191692072662, 0.0026481191692072662, 0.002648119380249986, 0.002648119765346369, 0.0026481191692072662, 0.0026481191692072662
ul_er:0.0, 0.0, 0.0, 0.0, 0.0, 0.0, 0.0, 0.0, 0.0, 0.0, 0.0, 0.0, 0.0, 0.0, 0.0, 0.0, 0.0, 0.0, 0.0, 0.0, 0.0, 0.0, 0.0, 0.0, 0.0, 0.0, 0.0, 0.0, 0.0, 0.0, 0.0, 0.0, 0.0, 0.0, 0.0, 0.0, 0.0, 0.0, 0.0, 0.0, 0.0, 0.0, 0.0, 0.0, 0.0, 0.0, 0.0, 0.0, 0.0, 0.0, 0.0, 0.0, 0.0, 0.0, 0.0, 0.0, 0.0, 0.0, 0.0, 0.0, 0.0, 0.0, 0.0, 0.0, 0.0, 0.0, 0.0, 0.0, 0.0, 0.0, 0.0, 0.0, 0.0, 0.0, 0.0, 0.0, 0.0, 0.0, 0.0, 0.0, 0.0, 0.0, 0.0, 0.0, 0.0, 0.0, 0.0, 0.0, 0.0, 0.0, 0.0, 0.0, 0.0, 0.0, 0.0, 0.0, 0.0, 0.0, 0.0, 0.0, 0.0, 0.0, 0.0, 0.0, 0.0, 0.0, 0.0, 0.0, 0.0, 0.0, 0.0, 0.0, 0.0, 0.0, 0.0, 0.0, 0.0, 0.0, 0.0, 0.0, 0.0, 0.0, 0.0, 0.0, 0.0, 0.0, 0.0, 0.0, 0.0, 0.0, 0.0, 0.0, 0.0, 0.0, 0.0, 0.0, 0.0, 0.0, 0.0, 0.0, 0.0, 0.0, 0.0, 0.0, 0.0, 0.0, 0.0, 0.0, 0.0, 0.0, 0.0, 0.0, 0.0, 0.0, 0.0, 0.0, 0.0, 0.0, 0.0, 0.0, 0.0, 0.0, 0.0, 0.0, 0.0, 0.0, 0.0, 0.0, 0.0, 0.0, 0.0, 0.0, 0.0, 0.0, 0.0, 0.0, 0.0, 0.0, 0.0, 0.0, 0.0, 0.0, 0.0, 0.0, 0.0, 0.0, 0.0, 0.0, 0.0, 0.0, 0.0, 0.0, 0.0, 0.0, 0.0, 0.0, 0.0, 0.0, 0.0, 0.0, 0.0, 0.0, 0.0, 0.0, 0.0, 0.0, 0.0, 0.0, 0.0, 0.0, 0.0, 0.0, 0.0, 0.0, 0.0, 0.0, 0.0, 0.0, 0.0, 0.0, 0.0, 0.0, 0.0, 0.0, 0.0, 0.0, 0.0, 0.0, 0.0, 0.0, 0.0, 0.0, 0.0, 0.0, 0.0, 0.0, 0.0, 0.0, 0.0, 0.0, 0.0, 0.0, 0.0, 0.0, 0.0, 0.0, 0.0, 0.0, 0.0, 0.0, 0.0, 0.0, 0.0, 0.0, 0.0, 0.0, 0.0, 0.0, 0.0, 0.0, 0.0, 0.0, 0.0, 0.0, 0.0, 0.0, 0.0, 0.0, 0.0, 0.0, 0.0, 0.0, 0.0, 0.0, 0.0, 0.0, 0.0, 0.0, 0.0, 0.0, 0.0, 0.0, 0.0, 0.0, 0.0, 0.0, 0.0, 0.0, 0.0, 0.0, 0.0, 0.0, 0.0, 0.0, 0.0, 0.0, 0.0, 0.0, 0.0, 0.0
dl_er:0.0, 0.0, 0.0, 0.0, 0.0, 0.0, 0.0, 0.0, 0.0, 0.0, 0.0, 0.0, 0.0, 0.0, 0.0, 0.0, 0.0, 0.0, 0.0, 0.0, 0.0, 0.0, 0.0, 0.0, 0.0, 0.0, 0.0, 0.0, 0.0, 0.0, 0.0, 0.0, 0.0, 0.0, 0.0, 0.0, 0.0, 0.0, 0.0, 0.0, 0.0, 0.0, 0.0, 0.0, 0.0, 0.0, 0.0, 0.0, 0.0, 0.0, 0.0, 0.0, 0.0, 0.0, 0.0, 0.0, 0.0, 0.0, 0.0, 0.0, 0.0, 0.0, 0.0, 0.0, 0.0, 0.0, 0.0, 0.0, 0.0, 0.0, 0.0, 0.0, 0.0, 0.0, 0.0, 0.0, 0.0, 0.0, 0.0, 0.0, 0.0, 0.0, 0.0, 0.0, 0.0, 0.0, 0.0, 0.0, 0.0, 0.0, 0.0, 0.0, 0.0, 0.0, 0.0, 0.0, 0.0, 0.0, 0.0, 0.0, 0.0, 0.0, 0.0, 0.0, 0.0, 0.0, 0.0, 0.0, 0.0, 0.0, 0.0, 0.0, 0.0, 0.0, 0.0, 0.0, 0.0, 0.0, 0.0, 0.0, 0.0, 0.0, 0.0, 0.0, 0.0, 0.0, 0.0, 0.0, 0.0, 0.0, 0.0, 0.0, 0.0, 0.0, 0.0, 0.0, 0.0, 0.0, 0.0, 0.0, 0.0, 0.0, 0.0, 0.0, 0.0, 0.0, 0.0, 0.0, 0.0, 0.0, 0.0, 0.0, 0.0, 0.0, 0.0, 0.0, 0.0, 0.0, 0.0, 0.0, 0.0, 0.0, 0.0, 0.0, 0.0, 0.0, 0.0, 0.0, 0.0, 0.0, 0.0, 0.0, 0.0, 0.0, 0.0, 0.0, 0.0, 0.0, 0.0, 0.0, 0.0, 0.0, 0.0, 0.0, 0.0, 0.0, 0.0, 0.0, 0.0, 0.0, 0.0, 0.0, 0.0, 0.0, 0.0, 0.0, 0.0, 0.0, 0.0, 0.0, 0.0, 0.0, 0.0, 0.0, 0.0, 0.0, 0.0, 0.0, 0.0, 0.0, 0.0, 0.0, 0.0, 0.0, 0.0, 0.0, 0.0, 0.0, 0.0, 0.0, 0.0, 0.0, 0.0, 0.0, 0.0, 0.0, 0.0, 0.0, 0.0, 0.0, 0.0, 0.0, 0.0, 0.0, 0.0, 0.0, 0.0, 0.0, 0.0, 0.0, 0.0, 0.0, 0.0, 0.0, 0.0, 0.0, 0.0, 0.0, 0.0, 0.0, 0.0, 0.0, 0.0, 0.0, 0.0, 0.0, 0.0, 0.0, 0.0, 0.0, 0.0, 0.0, 0.0, 0.0, 0.0, 0.0, 0.0, 0.0, 0.0, 0.0, 0.0, 0.0, 0.0, 0.0, 0.0, 0.0, 0.0, 0.0, 0.0, 0.0, 0.0, 0.0, 0.0, 0.0, 0.0, 0.0, 0.0, 0.0, 0.0, 0.0, 0.0, 0.0, 0.0, 0.0, 0.0, 0.0, 0.0, 0.0, 0.0, 0.0
ul_er_ratio:0.0, 0.0, 0.0, 0.0, 0.0, 0.0, 0.0, 0.0, 0.0, 0.0, 0.0, 0.0, 0.0, 0.0, 0.0, 0.0, 0.0, 0.0, 0.0, 0.0, 0.0, 0.0, 0.0, 0.0, 0.0, 0.0, 0.0, 0.0, 0.0, 0.0, 0.0, 0.0, 0.0, 0.0, 0.0, 0.0, 0.0, 0.0, 0.0, 0.0, 0.0, 0.0, 0.0, 0.0, 0.0, 0.0, 0.0, 0.0, 0.0, 0.0, 0.0, 0.0, 0.0, 0.0, 0.0, 0.0, 0.0, 0.0, 0.0, 0.0, 0.0, 0.0, 0.0, 0.0, 0.0, 0.0, 0.0, 0.0, 0.0, 0.0, 0.0, 0.0, 0.0, 0.0, 0.0, 0.0, 0.0, 0.0, 0.0, 0.0, 0.0, 0.0, 0.0, 0.0, 0.0, 0.0, 0.0, 0.0, 0.0, 0.0, 0.0, 0.0, 0.0, 0.0, 0.0, 0.0, 0.0, 0.0, 0.0, 0.0, 0.0, 0.0, 0.0, 0.0, 0.0, 0.0, 0.0, 0.0, 0.0, 0.0, 0.0, 0.0, 0.0, 0.0, 0.0, 0.0, 0.0, 0.0, 0.0, 0.0, 0.0, 0.0, 0.0, 0.0, 0.0, 0.0, 0.0, 0.0, 0.0, 0.0, 0.0, 0.0, 0.0, 0.0, 0.0, 0.0, 0.0, 0.0, 0.0, 0.0, 0.0, 0.0, 0.0, 0.0, 0.0, 0.0, 0.0, 0.0, 0.0, 0.0, 0.0, 0.0, 0.0, 0.0, 0.0, 0.0, 0.0, 0.0, 0.0, 0.0, 0.0, 0.0, 0.0, 0.0, 0.0, 0.0, 0.0, 0.0, 0.0, 0.0, 0.0, 0.0, 0.0, 0.0, 0.0, 0.0, 0.0, 0.0, 0.0, 0.0, 0.0, 0.0, 0.0, 0.0, 0.0, 0.0, 0.0, 0.0, 0.0, 0.0, 0.0, 0.0, 0.0, 0.0, 0.0, 0.0, 0.0, 0.0, 0.0, 0.0, 0.0, 0.0, 0.0, 0.0, 0.0, 0.0, 0.0, 0.0, 0.0, 0.0, 0.0, 0.0, 0.0, 0.0, 0.0, 0.0, 0.0, 0.0, 0.0, 0.0, 0.0, 0.0, 0.0, 0.0, 0.0, 0.0, 0.0, 0.0, 0.0, 0.0, 0.0, 0.0, 0.0, 0.0, 0.0, 0.0, 0.0, 0.0, 0.0, 0.0, 0.0, 0.0, 0.0, 0.0, 0.0, 0.0, 0.0, 0.0, 0.0, 0.0, 0.0, 0.0, 0.0, 0.0, 0.0, 0.0, 0.0, 0.0, 0.0, 0.0, 0.0, 0.0, 0.0, 0.0, 0.0, 0.0, 0.0, 0.0, 0.0, 0.0, 0.0, 0.0, 0.0, 0.0, 0.0, 0.0, 0.0, 0.0, 0.0, 0.0, 0.0, 0.0, 0.0, 0.0, 0.0, 0.0, 0.0, 0.0, 0.0, 0.0, 0.0, 0.0, 0.0, 0.0, 0.0, 0.0, 0.0, 0.0, 0.0, 0.0
dl_er_ratio:0.0, 0.0, 0.0, 0.0, 0.0, 0.0, 0.0, 0.0, 0.0, 0.0, 0.0, 0.0, 0.0, 0.0, 0.0, 0.0, 0.0, 0.0, 0.0, 0.0, 0.0, 0.0, 0.0, 0.0, 0.0, 0.0, 0.0, 0.0, 0.0, 0.0, 0.0, 0.0, 0.0, 0.0, 0.0, 0.0, 0.0, 0.0, 0.0, 0.0, 0.0, 0.0, 0.0, 0.0, 0.0, 0.0, 0.0, 0.0, 0.0, 0.0, 0.0, 0.0, 0.0, 0.0, 0.0, 0.0, 0.0, 0.0, 0.0, 0.0, 0.0, 0.0, 0.0, 0.0, 0.0, 0.0, 0.0, 0.0, 0.0, 0.0, 0.0, 0.0, 0.0, 0.0, 0.0, 0.0, 0.0, 0.0, 0.0, 0.0, 0.0, 0.0, 0.0, 0.0, 0.0, 0.0, 0.0, 0.0, 0.0, 0.0, 0.0, 0.0, 0.0, 0.0, 0.0, 0.0, 0.0, 0.0, 0.0, 0.0, 0.0, 0.0, 0.0, 0.0, 0.0, 0.0, 0.0, 0.0, 0.0, 0.0, 0.0, 0.0, 0.0, 0.0, 0.0, 0.0, 0.0, 0.0, 0.0, 0.0, 0.0, 0.0, 0.0, 0.0, 0.0, 0.0, 0.0, 0.0, 0.0, 0.0, 0.0, 0.0, 0.0, 0.0, 0.0, 0.0, 0.0, 0.0, 0.0, 0.0, 0.0, 0.0, 0.0, 0.0, 0.0, 0.0, 0.0, 0.0, 0.0, 0.0, 0.0, 0.0, 0.0, 0.0, 0.0, 0.0, 0.0, 0.0, 0.0, 0.0, 0.0, 0.0, 0.0, 0.0, 0.0, 0.0, 0.0, 0.0, 0.0, 0.0, 0.0, 0.0, 0.0, 0.0, 0.0, 0.0, 0.0, 0.0, 0.0, 0.0, 0.0, 0.0, 0.0, 0.0, 0.0, 0.0, 0.0, 0.0, 0.0, 0.0, 0.0, 0.0, 0.0, 0.0, 0.0, 0.0, 0.0, 0.0, 0.0, 0.0, 0.0, 0.0, 0.0, 0.0, 0.0, 0.0, 0.0, 0.0, 0.0, 0.0, 0.0, 0.0, 0.0, 0.0, 0.0, 0.0, 0.0, 0.0, 0.0, 0.0, 0.0, 0.0, 0.0, 0.0, 0.0, 0.0, 0.0, 0.0, 0.0, 0.0, 0.0, 0.0, 0.0, 0.0, 0.0, 0.0, 0.0, 0.0, 0.0, 0.0, 0.0, 0.0, 0.0, 0.0, 0.0, 0.0, 0.0, 0.0, 0.0, 0.0, 0.0, 0.0, 0.0, 0.0, 0.0, 0.0, 0.0, 0.0, 0.0, 0.0, 0.0, 0.0, 0.0, 0.0, 0.0, 0.0, 0.0, 0.0, 0.0, 0.0, 0.0, 0.0, 0.0, 0.0, 0.0, 0.0, 0.0, 0.0, 0.0, 0.0, 0.0, 0.0, 0.0, 0.0, 0.0, 0.0, 0.0, 0.0, 0.0, 0.0, 0.0, 0.0, 0.0, 0.0, 0.0, 0.0, 0.0, 0.0, 0.0, 0.0
ul_er_perc:0.0, 0.0, 0.0, 0.0, 0.0, 0.0, 0.0, 0.0, 0.0, 0.0, 0.0, 0.0, 0.0, 0.0, 0.0, 0.0, 0.0, 0.0, 0.0, 0.0, 0.0, 0.0, 0.0, 0.0, 0.0, 0.0, 0.0, 0.0, 0.0, 0.0, 0.0, 0.0, 0.0, 0.0, 0.0, 0.0, 0.0, 0.0, 0.0, 0.0, 0.0, 0.0, 0.0, 0.0, 0.0, 0.0, 0.0, 0.0, 0.0, 0.0, 0.0, 0.0, 0.0, 0.0, 0.0, 0.0, 0.0, 0.0, 0.0, 0.0, 0.0, 0.0, 0.0, 0.0, 0.0, 0.0, 0.0, 0.0, 0.0, 0.0, 0.0, 0.0, 0.0, 0.0, 0.0, 0.0, 0.0, 0.0, 0.0, 0.0, 0.0, 0.0, 0.0, 0.0, 0.0, 0.0, 0.0, 0.0, 0.0, 0.0, 0.0, 0.0, 0.0, 0.0, 0.0, 0.0, 0.0, 0.0, 0.0, 0.0, 0.0, 0.0, 0.0, 0.0, 0.0, 0.0, 0.0, 0.0, 0.0, 0.0, 0.0, 0.0, 0.0, 0.0, 0.0, 0.0, 0.0, 0.0, 0.0, 0.0, 0.0, 0.0, 0.0, 0.0, 0.0, 0.0, 0.0, 0.0, 0.0, 0.0, 0.0, 0.0, 0.0, 0.0, 0.0, 0.0, 0.0, 0.0, 0.0, 0.0, 0.0, 0.0, 0.0, 0.0, 0.0, 0.0, 0.0, 0.0, 0.0, 0.0, 0.0, 0.0, 0.0, 0.0, 0.0, 0.0, 0.0, 0.0, 0.0, 0.0, 0.0, 0.0, 0.0, 0.0, 0.0, 0.0, 0.0, 0.0, 0.0, 0.0, 0.0, 0.0, 0.0, 0.0, 0.0, 0.0, 0.0, 0.0, 0.0, 0.0, 0.0, 0.0, 0.0, 0.0, 0.0, 0.0, 0.0, 0.0, 0.0, 0.0, 0.0, 0.0, 0.0, 0.0, 0.0, 0.0, 0.0, 0.0, 0.0, 0.0, 0.0, 0.0, 0.0, 0.0, 0.0, 0.0, 0.0, 0.0, 0.0, 0.0, 0.0, 0.0, 0.0, 0.0, 0.0, 0.0, 0.0, 0.0, 0.0, 0.0, 0.0, 0.0, 0.0, 0.0, 0.0, 0.0, 0.0, 0.0, 0.0, 0.0, 0.0, 0.0, 0.0, 0.0, 0.0, 0.0, 0.0, 0.0, 0.0, 0.0, 0.0, 0.0, 0.0, 0.0, 0.0, 0.0, 0.0, 0.0, 0.0, 0.0, 0.0, 0.0, 0.0, 0.0, 0.0, 0.0, 0.0, 0.0, 0.0, 0.0, 0.0, 0.0, 0.0, 0.0, 0.0, 0.0, 0.0, 0.0, 0.0, 0.0, 0.0, 0.0, 0.0, 0.0, 0.0, 0.0, 0.0, 0.0, 0.0, 0.0, 0.0, 0.0, 0.0, 0.0, 0.0, 0.0, 0.0, 0.0, 0.0, 0.0, 0.0, 0.0, 0.0, 0.0, 0.0, 0.0, 0.0, 0.0, 0.0, 0.0
dl_er_perc:0.0, 0.0, 0.0, 0.0, 0.0, 0.0, 0.0, 0.0, 0.0, 0.0, 0.0, 0.0, 0.0, 0.0, 0.0, 0.0, 0.0, 0.0, 0.0, 0.0, 0.0, 0.0, 0.0, 0.0, 0.0, 0.0, 0.0, 0.0, 0.0, 0.0, 0.0, 0.0, 0.0, 0.0, 0.0, 0.0, 0.0, 0.0, 0.0, 0.0, 0.0, 0.0, 0.0, 0.0, 0.0, 0.0, 0.0, 0.0, 0.0, 0.0, 0.0, 0.0, 0.0, 0.0, 0.0, 0.0, 0.0, 0.0, 0.0, 0.0, 0.0, 0.0, 0.0, 0.0, 0.0, 0.0, 0.0, 0.0, 0.0, 0.0, 0.0, 0.0, 0.0, 0.0, 0.0, 0.0, 0.0, 0.0, 0.0, 0.0, 0.0, 0.0, 0.0, 0.0, 0.0, 0.0, 0.0, 0.0, 0.0, 0.0, 0.0, 0.0, 0.0, 0.0, 0.0, 0.0, 0.0, 0.0, 0.0, 0.0, 0.0, 0.0, 0.0, 0.0, 0.0, 0.0, 0.0, 0.0, 0.0, 0.0, 0.0, 0.0, 0.0, 0.0, 0.0, 0.0, 0.0, 0.0, 0.0, 0.0, 0.0, 0.0, 0.0, 0.0, 0.0, 0.0, 0.0, 0.0, 0.0, 0.0, 0.0, 0.0, 0.0, 0.0, 0.0, 0.0, 0.0, 0.0, 0.0, 0.0, 0.0, 0.0, 0.0, 0.0, 0.0, 0.0, 0.0, 0.0, 0.0, 0.0, 0.0, 0.0, 0.0, 0.0, 0.0, 0.0, 0.0, 0.0, 0.0, 0.0, 0.0, 0.0, 0.0, 0.0, 0.0, 0.0, 0.0, 0.0, 0.0, 0.0, 0.0, 0.0, 0.0, 0.0, 0.0, 0.0, 0.0, 0.0, 0.0, 0.0, 0.0, 0.0, 0.0, 0.0, 0.0, 0.0, 0.0, 0.0, 0.0, 0.0, 0.0, 0.0, 0.0, 0.0, 0.0, 0.0, 0.0, 0.0, 0.0, 0.0, 0.0, 0.0, 0.0, 0.0, 0.0, 0.0, 0.0, 0.0, 0.0, 0.0, 0.0, 0.0, 0.0, 0.0, 0.0, 0.0, 0.0, 0.0, 0.0, 0.0, 0.0, 0.0, 0.0, 0.0, 0.0, 0.0, 0.0, 0.0, 0.0, 0.0, 0.0, 0.0, 0.0, 0.0, 0.0, 0.0, 0.0, 0.0, 0.0, 0.0, 0.0, 0.0, 0.0, 0.0, 0.0, 0.0, 0.0, 0.0, 0.0, 0.0, 0.0, 0.0, 0.0, 0.0, 0.0, 0.0, 0.0, 0.0, 0.0, 0.0, 0.0, 0.0, 0.0, 0.0, 0.0, 0.0, 0.0, 0.0, 0.0, 0.0, 0.0, 0.0, 0.0, 0.0, 0.0, 0.0, 0.0, 0.0, 0.0, 0.0, 0.0, 0.0, 0.0, 0.0, 0.0, 0.0, 0.0, 0.0, 0.0, 0.0, 0.0, 0.0, 0.0, 0.0, 0.0, 0.0, 0.0, 0.0, 0.0, 0.0
ul_l:0.00018164419489472808, 0.0002097995053052608, 0.00046597690424420864, 0.00017016270818287876, 0.000194367407177379, 0.000243251073745903, 0.000194367407177379, 0.0, 0.0006930625573968113, 0.0006754847844953059, 0.0006761895057052386, 0.0006744879136214655, 0.0002669725102883174, 0.000337827922182101, 0.0003924719481751014, 0.000194367407177379, 0.0002669725102883174, 0.0006809417766124102, 0.0, 0.0005163038715293595, 0.000243251073745903, 0.000194367407177379, 0.0, 0.0006684648537859007, 0.00046597690424420864, 0.0002573915529470585, 0.0006608387127826233, 0.0005163038715293595, 0.00029566880727181826, 0.0006540013432587079, 0.000194367407177379, 0.0, 0.000194367407177379, 0.0006590527728348426, 0.000194367407177379, 0.00036362304479195604, 0.00066068051316038, 0.000243251073745903, 0.00033747407634575853, 0.000194367407177379, 0.00033747407634575853, 0.0002573915529470585, 0.0006305165605910784, 0.000630626505444142, 0.00031463925929115053, 0.000194367407177379, 0.00019565297163490918, 0.00033747407634575853, 0.0006326746518248986, 0.0006223125365479695, 0.00029566880727181826, 0.0006207088027720683, 0.00033747407634575853, 0.0002573915529470585, 0.00020942776172990388, 0.000194367407177379, 0.000620527171562691, 0.000337827922182101, 0.0, 0.0003152361821565469, 0.0, 0.0005068852274873617, 0.00016980165793567027, 0.00024281609398922282, 0.0002936322071940448, 0.00047584906173545917, 0.0004478641911616021, 0.0002936322071940448, 0.00039276425408032886, 0.0, 0.0, 0.000232975786434087, 0.0002936322071940448, 0.0002013905979723349, 0.0006282792599022276, 0.00024281609398922282, 0.0003414646312593744, 0.00019132196180212212, 0.000223007853363702, 0.00026804246610743853, 0.0006296722291650464, 0.00021220040651630465, 0.0005988047504360868, 0.0, 0.00016980165793567027, 0.0003152361821565469, 0.0002013905979723349, 0.0004478641911616021, 0.00016980165793567027, 0.0, 0.0002097995053052608, 0.00016980165793567027, 0.00016980165793567027, 0.00040451935675795786, 0.000606501675118049, 0.0005999098275595799, 0.0005803514321315483, 0.00016980165793567027, 0.00019132196180212212, 0.00016980165793567027, 0.00016980165793567027, 0.0, 0.0002936322071940448, 0.00016980165793567027, 0.00040451935675795786, 0.00019132196180212212, 0.0, 0.0005068852274873617, 0.0002578965424809733, 0.0005068852274873617, 0.00019132196180212212, 0.00021220040651630465, 0.00019565297163490918, 0.00019565297163490918, 0.0005503188494639187, 0.0005464161074218099, 0.00033834043874784737, 0.0005471011622687629, 0.0, 0.0, 0.00019643074479751122, 0.00020306120768846176, 0.0005403293582523193, 0.0, 0.0, 0.0005286836841619909, 0.00028138485188045103, 0.00036563816231876005, 0.0005361430976779067, 0.0, 0.0003949822809955002, 0.0005316681026776291, 0.0005104204714793622, 0.00023270889260596634, 0.00048060375641353263, 0.00036362304479195604, 0.0002692739652797067, 0.00019643074479751122, 0.00019643074479751122, 0.0004676039488917283, 0.00019643074479751122, 0.0002972704068218432, 0.0004640855965168602, 0.00046661682396533524, 0.00019643074479751122, 0.0, 0.00019565297163490918, 0.00023270889260596634, 0.00031567068933948116, 0.00028138485188045103, 0.00046396501916004664, 0.00048106674764179764, 0.0, 0.0004472222299538914, 0.0, 0.00045441769511693795, 0.00031567068933948116, 0.0, 0.0002600192855008055, 0.00022032681493250374, 0.00033834043874784737, 0.00043519765768012885, 0.00028138485188045103, 0.00040668961747125155, 0.00019643074479751122, 0.00023270889260596634, 0.00033834043874784737, 0.00019643074479751122, 0.0005162871363202044, 0.00031567068933948116, 0.00019154674447530693, 0.0003821968234098106, 0.00029377561086050776, 0.00017050918821732124, 0.00017050918821732124, 0.0003994469582745403, 0.0, 0.00037785302238764517, 0.00029377561086050776, 0.00024347860283317594, 0.0003462595460696628, 0.00031792888284539746, 0.00020160679969446146, 0.00017573970272207102, 0.00032013466019110054, 0.00017050918821732124, 0.00031558344266429647, 0.0003199940103216488, 0.0003166002656074662, 0.00027468986998500087, 0.00019565297163490918, 0.00021255479555580247, 0.00019154674447530693, 0.00027468986998500087, 0.00032199327210710515, 0.00025800355458030115, 0.00017050918821732124, 0.0, 0.00017050918821732124, 0.0002897495798733403, 0.00017050918821732124, 0.00039276425408032886, 0.0002312363649963891, 0.00017050240690517194, 0.00022384946674073664, 0.00017050124136992387, 0.00024754389362813175, 0.00021764948173990336, 0.00022181179379478919, 0.00010557983788122881, 9.853113915893563e-05, 9.906514815843563e-05, 0.0, 9.494010863285373e-05, 9.45001795678018e-05, 8.109611076606856e-05, 7.413556982945392e-05, 6.906402909838343e-05, 6.472033579245598e-05, 6.021261159935559e-05, 6.308924405866341e-05, 4.446547867340704e-05, 3.8689750952724844e-05, 0.00019565297163490918, 0.0002097995053052608, 0.0002791978539470029, 0.0008648866899116716, 0.00039276425408032886, 0.0, 0.00019565297163490918, 0.00029522616402977614, 0.0, 0.0002097995053052608, 0.00019565297163490918, 0.0, 0.0002097995053052608, 0.00029522616402977614, 0.00021940868393978115, 0.0008558845056996835, 0.0008475717169879451, 0.000652661019615577, 0.00029522616402977614, 0.0, 0.0007354602380367758, 0.0002791978539470029, 0.00046597690424420864, 0.00019565297163490918, 0.00022329799206710738, 0.00031518575985223045, 0.00031518575985223045, 0.00017016270818287876, 0.0008465336527415142, 0.0, 0.0, 0.00019153790928281764, 0.0008278311013999222, 0.000905064451047164, 0.0002738618857341259, 0.0005632056003833121, 0.0008223805067774011, 0.00017016270818287876, 0.00017016270818287876, 0.00025761988838397863, 0.00034132824396977945, 0.00017016270818287876, 0.00034132824396977945, 0.00034132824396977945, 0.0009003651031387145, 0.000808025630437198, 0.0007913685117993445, 0.0007712247658574524, 0.00020137682036553523, 0.00031518575985223045, 0.00017016270818287876, 0.0002123964744569746, 0.0, 0.000761040295950225, 0.00017016270818287876, 0.00042540770218321206, 0.00017016270818287876, 0.00022329799206710738, 0.0002738618857341259, 0.00025761988838397863, 0.0007498300586800733, 0.00020137682036553523, 0.0007528023688628409, 0.00020137682036553523, 0.00025761988838397863, 0.00029320476165768563, 0.0008846321221709906, 0.0007257641577801233, 0.0007303743910727182, 0.0007253053075940225, 0.00020137682036553523, 0.00024305838197877897, 0.000233093890056108, 0.00031518575985223045, 0.0007013805573357036, 0.0002738618857341259, 0.0002123964744569746
dl_l:0.00010459075741347703, 8.476612692072664e-05, 0.00010194799468918394, 0.00010636131242153212, 8.569325163046498e-05, 8.569325163046498e-05, 8.569325163046498e-05, 0.00024356283655908005, 0.0002307140621076607, 0.000128622295928004, 0.00015793187160157769, 0.0001356001402199878, 8.569325163046498e-05, 8.656554414199212e-05, 9.460191097716794e-05, 8.569325163046498e-05, 8.569325163046498e-05, 0.00023610437665129712, 0.00023926175980223315, 0.00010905975654685851, 8.569325163046498e-05, 8.569325163046498e-05, 0.00023451823564246433, 0.0002160426037997889, 0.00010194799468918394, 8.569325163046498e-05, 0.00018425689850563856, 0.00010271053164824177, 8.569325163046498e-05, 0.0001220286428865063, 8.569325163046498e-05, 0.00022587834086995167, 8.569325163046498e-05, 0.00020160921578245652, 8.569325163046498e-05, 8.878851908227321e-05, 0.0002135092141436587, 8.569325163046498e-05, 8.569325163046498e-05, 8.569325163046498e-05, 8.711590898283428e-05, 8.569325163046498e-05, 0.000128622295928004, 0.00015793187160157769, 8.569325163046498e-05, 8.569325163046498e-05, 8.476612692072664e-05, 8.711590898283428e-05, 0.00020634315039720015, 0.00014608970253874784, 8.569325163046498e-05, 0.0001356001402199878, 8.569325163046498e-05, 8.569325163046498e-05, 8.569325163046498e-05, 8.569325163046498e-05, 0.00015793187160157769, 8.656554414199212e-05, 0.00021566127876784623, 0.00010956582526526304, 0.00021002610786622963, 0.00013842540008888397, 0.00010653479615021388, 0.00010653479615021388, 0.00010653479615021388, 0.0001320274130103883, 0.0001320274130103883, 0.00010956582526526304, 9.494304998611189e-05, 0.00020174311581578803, 0.00019731880574968058, 0.0001064785324926393, 0.0001064785324926393, 0.0001064785324926393, 0.00018313535218598967, 0.00010653617361257708, 0.00011584736874062552, 0.00010653617361257708, 0.00010653617361257708, 8.476612692072664e-05, 0.00018583824744736405, 0.00010653617361257708, 0.00016892386817399035, 0.00018551254890283874, 0.0001065372331926004, 0.00010956826230764956, 0.0001065372331926004, 0.00012670452640408864, 0.00010659272864285318, 0.0001815994472640409, 8.476612692072664e-05, 0.00010659272864285318, 0.00010659272864285318, 0.00012676002185434143, 0.00017253815619687796, 0.00017297612797622354, 0.00017195789640575527, 0.00010659272864285318, 0.00010659272864285318, 0.0001066467671851564, 0.0001066467671851564, 0.00028286548919504475, 0.0001066467671851564, 0.0001066467671851564, 0.00012667472572634855, 0.00010650743251486029, 0.00017267830733848122, 0.00013839803645353038, 0.00010650743251486029, 0.0001383896657796789, 0.00010627538465640797, 0.00010627538465640797, 8.476612692072664e-05, 8.476612692072664e-05, 0.00016533056705183045, 0.00015726819734459196, 8.890607640686627e-05, 0.00016656216663518694, 0.00017220935191933782, 0.0001675740007332926, 8.729137034609189e-05, 8.729137034609189e-05, 0.00015636932320426644, 0.00016128379102827624, 0.0, 0.00012896541159935557, 8.729137034609189e-05, 9.141812195433587e-05, 0.00015035352741514358, 0.0, 9.622445048052886e-05, 0.00015290588784511972, 0.0001519617948391756, 8.729137034609189e-05, 0.00014730582133214823, 8.878851908227321e-05, 8.729137034609189e-05, 8.729137034609189e-05, 8.729137034609189e-05, 0.00012896541159935557, 8.729137034609189e-05, 8.729137034609189e-05, 0.00010307490274429198, 0.00012210902392089328, 8.729137034609189e-05, 0.0001529595335092495, 8.476612692072664e-05, 8.729137034609189e-05, 8.729137034609189e-05, 8.729137034609189e-05, 0.00011001365354146992, 0.00014626173044830843, 0.00014707759280595525, 0.00013923615937447918, 0.00014455735495250266, 0.00013525115496361312, 8.729137034609189e-05, 0.0002774476161491028, 8.729137034609189e-05, 8.729137034609189e-05, 8.729137034609189e-05, 0.0001364565394533637, 8.729137034609189e-05, 0.00012953582119326704, 8.729137034609189e-05, 8.729137034609189e-05, 8.890607640686627e-05, 8.729137034609189e-05, 0.00010194799468918394, 8.729137034609189e-05, 0.00010445672064885284, 0.00012456767734014777, 0.00010819145027498472, 0.00010445672064885284, 0.00010445672064885284, 0.00012844795238597855, 0.0001292664390700517, 0.00011792199136714626, 0.00010460039959446697, 8.476612692072664e-05, 0.00011414185699683349, 0.00010936383250374979, 0.00010471051636020221, 0.000104658385061941, 0.00011007003745347482, 0.000104658385061941, 0.00010954359380589967, 0.0001104734002610966, 0.00011020233803122049, 0.00010476625022498749, 8.476612692072664e-05, 0.00010476625022498749, 0.00010476625022498749, 0.00010476625022498749, 0.00011108823600355535, 0.00010416920381089938, 0.00010416920381089938, 0.00010773807428476195, 9.860015237486807e-05, 9.975648510638299e-05, 9.486478313427031e-05, 9.494304998611189e-05, 9.48696102994278e-05, 9.467299928892838e-05, 9.44501432753736e-05, 9.447646719626687e-05, 9.522602950391645e-05, 9.274565830231654e-05, 9.134495136381311e-05, 8.915116242430976e-05, 8.875097712349315e-05, 8.694753350924951e-05, 0.0002733304770068329, 8.594579856119104e-05, 8.420880806066331e-05, 8.056958758402311e-05, 7.735216037442363e-05, 7.468931693239265e-05, 7.084229774456976e-05, 6.617813192044886e-05, 6.105670911060496e-05, 4.85227019998889e-05, 4.270757353480362e-05, 8.476612692072664e-05, 8.476612692072664e-05, 8.476612692072664e-05, 0.0002234269865729682, 9.494304998611189e-05, 0.00027206998725626356, 8.476612692072664e-05, 8.476612692072664e-05, 0.00026219619467807343, 8.476612692072664e-05, 8.476612692072664e-05, 0.0, 8.476612692072664e-05, 8.476612692072664e-05, 8.476612692072664e-05, 0.0002507019254319204, 0.00024722780486084104, 0.00011399852416532416, 8.476612692072664e-05, 0.0002586560630909394, 0.00012598297440697737, 8.476612692072664e-05, 0.00010194799468918394, 8.476612692072664e-05, 0.00010630557855674684, 0.00010842798821176601, 0.00011142484589189488, 0.00010630557855674684, 0.0002579718104049775, 0.0, 0.0002568532157269041, 0.00010630557855674684, 0.00024727239411699353, 0.000248386756085773, 0.00010630557855674684, 0.00014850780958280095, 0.00025216215216932396, 0.00010630557855674684, 0.00010630557855674684, 0.00010630557855674684, 0.00011484849464474194, 0.00010636067667907339, 0.00011484849464474194, 0.00011484849464474194, 0.0002831914153769235, 0.0002549615641908782, 0.00025286984994722514, 0.00024152810152213767, 0.00010636110051108271, 0.00011148036784623077, 0.00010636110051108271, 0.00010636110051108271, 0.00024981948196211326, 0.00023449089068940614, 0.00010630854538081218, 9.761341486584081e-05, 0.00010630854538081218, 0.00010630854538081218, 0.00010630854538081218, 0.00010630854538081218, 0.00023402443262040998, 0.00010636385541914338, 0.00024292270295539134, 0.00010636385541914338, 0.00010636385541914338, 0.00010848626507416255, 0.00028411903528137325, 0.00019350142329315037, 0.0002338735622076551, 0.00024210834221432146, 0.00010636385541914338, 0.00010636385541914338, 0.00010636385541914338, 0.00010848626507416255, 0.0002327364892061552, 0.00010636131242153212, 0.00010636131242153212
ul_il:0.012592407436842397, 0.017605534763818674, 0.1065862430049164, 0.010961449268096217, 0.015111089900283318, 0.025178288888728407, 0.015111089900283318, 0.0, 0.2894982299168491, 0.2390429339387923, 0.25539571735099165, 0.24239885662192096, 0.031177696063607575, 0.052142245696100216, 0.07277142178424531, 0.015111089900283318, 0.031177696063607575, 0.2758050770387312, 0.0, 0.13320491211306038, 0.025178288888728407, 0.015111089900283318, 0.0, 0.2643405684922615, 0.1065862430049164, 0.028562804626687407, 0.25225444202173214, 0.13320491211306038, 0.03890016287012944, 0.22426880623360926, 0.015111089900283318, 0.0, 0.015111089900283318, 0.2577472368027443, 0.015111089900283318, 0.06154705416679629, 0.2580901147076385, 0.025178288888728407, 0.05227181329927227, 0.015111089900283318, 0.05227181329927227, 0.028562804626687407, 0.21044226781463252, 0.22008553719822233, 0.04484589576107994, 0.015111089900283318, 0.015072167922198764, 0.05227181329927227, 0.2287260450803955, 0.20806533843648686, 0.03890016287012944, 0.2072997459971779, 0.05227181329927227, 0.028562804626687407, 0.017721939376034664, 0.015111089900283318, 0.21285328966864064, 0.052142245696100216, 0.0, 0.04373267479293928, 0.0, 0.12479577027766789, 0.010987665086178544, 0.024351710466568522, 0.037125225959096717, 0.10868428428883396, 0.09520452319367256, 0.037125225959096717, 0.072788049348064, 0.0, 0.0, 0.022116591321576576, 0.037125225959096717, 0.01574886337418477, 0.21999600630634966, 0.024351710466568522, 0.05206139402598189, 0.014060199515376924, 0.02020287165766902, 0.03113299812396533, 0.2228282830740292, 0.01777091848590078, 0.1826873690456419, 0.0, 0.010987665086178544, 0.04373267479293928, 0.01574886337418477, 0.09520452319367256, 0.010987665086178544, 0.0, 0.017605534763818674, 0.010987665086178544, 0.010987665086178544, 0.07601711479141714, 0.20609673257061276, 0.20125939422746514, 0.18813461721152155, 0.010987665086178544, 0.014060199515376924, 0.010987665086178544, 0.010987665086178544, 0.0, 0.037125225959096717, 0.010987665086178544, 0.07601711479141714, 0.014060199515376924, 0.0, 0.12479577027766789, 0.02762086448145659, 0.12479577027766789, 0.014060199515376924, 0.01777091848590078, 0.015072167922198764, 0.015072167922198764, 0.15636320315869118, 0.16420238164828624, 0.051896108703860896, 0.16888450086332985, 0.0, 0.0, 0.01504694940109994, 0.01622562539604466, 0.16531012964628633, 0.0, 0.0, 0.1453818563498028, 0.03406348837582357, 0.06142911821488806, 0.1622680884877396, 0.0, 0.0725028893595467, 0.15657417716194655, 0.14400305603428698, 0.022085600471429365, 0.12856251097712346, 0.06154705416679629, 0.030996136615143607, 0.01504694940109994, 0.01504694940109994, 0.11332260187807344, 0.01504694940109994, 0.03866272515822454, 0.10398872769775014, 0.11281769862269875, 0.01504694940109994, 0.0, 0.015072167922198764, 0.022085600471429365, 0.04444550844120882, 0.03406348837582357, 0.1059384075300372, 0.12739255110633854, 0.0, 0.1084792665689795, 0.0, 0.11381832854070328, 0.04444550844120882, 0.0, 0.028411187585089714, 0.019599525203110937, 0.051896108703860896, 0.1027417568311316, 0.03406348837582357, 0.08665880134565856, 0.01504694940109994, 0.022085600471429365, 0.051896108703860896, 0.01504694940109994, 0.13306064816757404, 0.04444550844120882, 0.01401536201686573, 0.06727542151844898, 0.037125024256685735, 0.010943894389622798, 0.010943894389622798, 0.08229490236756846, 0.0, 0.07266558548695072, 0.037125024256685735, 0.024966331178517858, 0.061224498883706464, 0.04463704948656186, 0.015701249792767064, 0.011774416441286595, 0.050798553349736125, 0.010943894389622798, 0.04673788991964892, 0.05234520883093162, 0.050993551685306365, 0.03175431015702461, 0.015072167922198764, 0.017719944574334758, 0.01401536201686573, 0.03175431015702461, 0.051004343818348986, 0.02760008539951114, 0.010943894389622798, 0.0, 0.010943894389622798, 0.0399626266567024, 0.010943894389622798, 0.072788049348064, 0.023103584699327814, 0.010943731214410309, 0.02016340683665352, 0.010943619958591189, 0.02842397748210099, 0.01834058845746903, 0.01653242065718571, 0.003851114755585801, 0.0033392198675795785, 0.0032947962922059886, 0.0, 0.003049472224115327, 0.0029571334910449424, 0.0020647948013610353, 0.0016514408459585579, 0.001340164644008666, 0.0010998486402588746, 0.000904023213182601, 0.0007913964265985223, 0.00023154811161602134, 0.00010704117837897895, 0.015072167922198764, 0.017605534763818674, 0.034145223187072936, 0.47098710962801515, 0.072788049348064, 0.0, 0.015072167922198764, 0.03876935910174435, 0.0, 0.017605534763818674, 0.015072167922198764, 0.0, 0.017605534763818674, 0.03876935910174435, 0.0196948775146103, 0.46135157714037556, 0.45200850021409367, 0.21948821872374313, 0.03876935910174435, 0.0, 0.28474774064312536, 0.034145223187072936, 0.1065862430049164, 0.015072167922198764, 0.020244194526615186, 0.04384274325868563, 0.04384274325868563, 0.010961449268096217, 0.445587353691445, 0.0, 0.0, 0.0140308358503972, 0.4249050213551858, 0.5163984556056276, 0.031851518740992166, 0.15760216616657965, 0.4198796369468196, 0.010961449268096217, 0.010961449268096217, 0.02770451444078662, 0.052181967850763844, 0.010961449268096217, 0.052181967850763844, 0.052181967850763844, 0.5116388379695517, 0.40399966020930506, 0.3717043037398311, 0.3532405630937004, 0.0157845235493917, 0.04384274325868563, 0.010961449268096217, 0.017808252388067332, 0.0, 0.34377865676871844, 0.010961449268096217, 0.08727209523729237, 0.010961449268096217, 0.020244194526615186, 0.031851518740992166, 0.02770451444078662, 0.3277457843187989, 0.0157845235493917, 0.33541708786904617, 0.0157845235493917, 0.02770451444078662, 0.03722729609191711, 0.4932834952095939, 0.2854089534611244, 0.31597796285371366, 0.3112381152373035, 0.0157845235493917, 0.024393980064918618, 0.02215846430918282, 0.04384274325868563, 0.2872224858831566, 0.031851518740992166, 0.017808252388067332
dl_il:0.0029760732437253486, 0.001826472575562469, 0.002906640845936337, 0.003002474235664685, 0.001824242108093995, 0.001824242108093995, 0.001824242108093995, 0.0190039847472196, 0.018001658765201933, 0.004931837608177324, 0.0077004655432142645, 0.005564668924115328, 0.001824242108093995, 0.001957841813771457, 0.0023172818363313154, 0.001824242108093995, 0.001824242108093995, 0.018205059725076383, 0.018376330215304704, 0.0032537406275651355, 0.001824242108093995, 0.001824242108093995, 0.01752825802614855, 0.01548761913401478, 0.002906640845936337, 0.001824242108093995, 0.010948114012465975, 0.0029094096853397033, 0.001824242108093995, 0.004324571742280985, 0.001824242108093995, 0.016194194260968835, 0.001824242108093995, 0.013480513880917729, 0.001824242108093995, 0.002094053115088051, 0.014791231831348256, 0.001824242108093995, 0.001824242108093995, 0.001824242108093995, 0.0019522023985223045, 0.001824242108093995, 0.004931837608177324, 0.0077004655432142645, 0.001824242108093995, 0.001824242108093995, 0.001826472575562469, 0.0019522023985223045, 0.014207054119182268, 0.006565713167012944, 0.001824242108093995, 0.005564668924115328, 0.001824242108093995, 0.001824242108093995, 0.001824242108093995, 0.001824242108093995, 0.0077004655432142645, 0.001957841813771457, 0.014748915630698297, 0.003214993546536304, 0.013996958385311929, 0.005676929359380034, 0.002959692246941836, 0.002959692246941836, 0.002959692246941836, 0.005194284491928226, 0.005194284491928226, 0.003214993546536304, 0.0023431414781234375, 0.012793062978834506, 0.012261308567579579, 0.0029594683577967894, 0.0029594683577967894, 0.0029594683577967894, 0.010908726104110884, 0.0029593591151436034, 0.0037175481498083435, 0.0029593591151436034, 0.0029593591151436034, 0.001826472575562469, 0.011039384826137437, 0.0029593591151436034, 0.009127335070723849, 0.010930271143003168, 0.0029593035932281545, 0.003214604892822621, 0.0029593035932281545, 0.0046284373286317425, 0.0029593035932281545, 0.010552165854963614, 0.001826472575562469, 0.0029593035932281545, 0.0029593035932281545, 0.0046284373286317425, 0.009751101995005833, 0.009744643897227933, 0.009573248372045996, 0.0029593035932281545, 0.0029593035932281545, 0.0029593035932281545, 0.0029593035932281545, 0.02716193773143714, 0.0029593035932281545, 0.0029593035932281545, 0.0046278835924948615, 0.002958749857091273, 0.009552986506121883, 0.00567598696952947, 0.002958749857091273, 0.005675627454280318, 0.002957663788372868, 0.002957663788372868, 0.001826472575562469, 0.001826472575562469, 0.008590333643903117, 0.007616357081217711, 0.00194874131529915, 0.008709856065218598, 0.009143340222804289, 0.008425267149919447, 0.0018472491663074277, 0.0018472491663074277, 0.007611201560746626, 0.007764493324409755, 0.0, 0.004879335779473363, 0.0018472491663074277, 0.002119818672445975, 0.0071222415937447926, 0.0, 0.0023308173886839624, 0.007055117934736959, 0.007022979168057331, 0.0018472491663074277, 0.00671900041125493, 0.002094053115088051, 0.0018472491663074277, 0.0018472491663074277, 0.0018472491663074277, 0.004879335779473363, 0.0018472491663074277, 0.0018472491663074277, 0.002863461972707072, 0.004325570040681073, 0.0018472491663074277, 0.006868047279162268, 0.001826472575562469, 0.0018472491663074277, 0.0018472491663074277, 0.0018472491663074277, 0.0032750757094439195, 0.006138836474040331, 0.006106258256746847, 0.005625936868118438, 0.005829966350436087, 0.00522647399462252, 0.0018472491663074277, 0.0258886242861841, 0.0018472491663074277, 0.0018472491663074277, 0.0018472491663074277, 0.005131219500122215, 0.0018472491663074277, 0.004820492718598967, 0.0018472491663074277, 0.0018472491663074277, 0.00194874131529915, 0.0018472491663074277, 0.002906640845936337, 0.0018472491663074277, 0.002974685512804844, 0.004516321951891562, 0.0032475568511193815, 0.002974685512804844, 0.002974685512804844, 0.004806817929303927, 0.004670919663163158, 0.003806159525831898, 0.0029743475070551635, 0.001826472575562469, 0.003608660740425532, 0.0033324358453141493, 0.002974126690711627, 0.0029739607607077384, 0.00345003601541581, 0.0029739607607077384, 0.0033732008942558745, 0.003401416990694962, 0.003409486004916394, 0.0029736790178045668, 0.001826472575562469, 0.0029736790178045668, 0.0029736790178045668, 0.0029736790178045668, 0.0033876322563135388, 0.0029308805182212097, 0.0029308805182212097, 0.0031818951030442755, 0.002515654519332259, 0.0026544334273818125, 0.002359945502888728, 0.0023431414781234375, 0.002399956633770346, 0.0023563420026942944, 0.0023340402475695793, 0.0023339849373090384, 0.002436139594355869, 0.002288185536242431, 0.002204374121509916, 0.0020150575663852007, 0.0019461009778067883, 0.0018611747894283649, 0.02493305745142492, 0.0017835294002833178, 0.0017038061004110883, 0.0015148954545580802, 0.0013724218192044885, 0.0012234713861452142, 0.0010609027726570747, 0.0008867300936670185, 0.0006811400836064664, 0.00031828454240319983, 0.00012288706448530638, 0.001826472575562469, 0.001826472575562469, 0.001826472575562469, 0.017335739845858563, 0.0023431414781234375, 0.02473764613841453, 0.001826472575562469, 0.001826472575562469, 0.02319025835840231, 0.001826472575562469, 0.001826472575562469, 0.0, 0.001826472575562469, 0.001826472575562469, 0.001826472575562469, 0.021730282337386813, 0.021310831751308257, 0.0037907099789567245, 0.001826472575562469, 0.0224177628958169, 0.004840297108005111, 0.001826472575562469, 0.002906640845936337, 0.001826472575562469, 0.0030026696220876617, 0.003129608562257652, 0.0033707613994333648, 0.0030026696220876617, 0.0219830770575968, 0.0, 0.0218054681925893, 0.0030026696220876617, 0.021070045490761625, 0.021597875345553026, 0.0030026696220876617, 0.00692375385095828, 0.021309784338808955, 0.0030026696220876617, 0.0030026696220876617, 0.0030026696220876617, 0.0037083560192044886, 0.0030026696220876617, 0.0037083560192044886, 0.0037083560192044886, 0.027427494283545354, 0.02137816285783012, 0.021143699371634905, 0.02035478803295373, 0.003002642073007055, 0.0033707338503527577, 0.003002642073007055, 0.003002642073007055, 0.02072567390771624, 0.01905046438287873, 0.003002531876740181, 0.0025655526138936725, 0.003002531876740181, 0.003002531876740181, 0.003002531876740181, 0.003002531876740181, 0.01862046903489806, 0.003002531876740181, 0.01931314556201322, 0.003002531876740181, 0.003002531876740181, 0.0031294708169101715, 0.027385145685745235, 0.012415627159391145, 0.018638097029009506, 0.01907948844140881, 0.003002531876740181, 0.003002531876740181, 0.003002531876740181, 0.0031294708169101715, 0.018360951486261875, 0.003002474235664685, 0.003002474235664685
sinr_ul:0.00126888,0.        ,0.00253776,0.00634439,0.00761327,0.01268879,0.01015103,0.01649542,0.02157094,0.01903318,0.00761327,0.01268879,0.01522654,0.02157094,0.02283982,0.04821739,0.04060412,0.02664645,0.02410869,0.01141991,0.01649542,0.00761327,0.01015103,0.00507551,0.00507551,0.00380664,0.00126888,0.00126888,0.        ,0.        ,0.        ,0.        ,0.        ,0.        ,0.        ,0.        ,0.        ,0.        ,0.        ,0.00126888
sinr_ul_bin_edges:-14.7999325 ,-12.17294109, -9.54594968, -6.91895826, -4.29196685, -1.66497544,  0.96201597,  3.58900739,  6.2159988 ,  8.84299021, 11.46998162, 14.09697304, 16.72396445, 19.35095586, 21.97794727, 24.60493869, 27.2319301 , 29.85892151, 32.48591292, 35.11290434, 37.73989575, 40.36688716, 42.99387857, 45.62086999, 48.2478614 , 50.87485281, 53.50184422, 56.12883564, 58.75582705, 61.38281846, 64.00980988, 66.63680129, 69.2637927 , 71.89078411, 74.51777552, 77.14476694, 79.77175835, 82.39874976, 85.02574117, 87.65273259, 90.279724  
sinr_dl:0.00126883,0.        ,0.00253766,0.00634414,0.00761297,0.01268828,0.01015062,0.01649477,0.02157008,0.01903242,0.00761297,0.01141945,0.01649477,0.02157008,0.02283891,0.04821547,0.03933367,0.02791422,0.02410773,0.01141945,0.01649477,0.00761297,0.01015062,0.00507531,0.00507531,0.00380648,0.00126883,0.00126883,0.        ,0.        ,0.        ,0.        ,0.        ,0.        ,0.        ,0.        ,0.        ,0.        ,0.        ,0.00126883
sinr_dl_bin_edges:-5.35382460e+00,-2.72672849e+00,-9.96323700e-02, 2.52746374e+00, 5.15455986e+00, 7.78165597e+00, 1.04087521e+01, 1.30358482e+01, 1.56629443e+01, 1.82900404e+01, 2.09171365e+01, 2.35442327e+01, 2.61713288e+01, 2.87984249e+01, 3.14255210e+01, 3.40526171e+01, 3.66797132e+01, 3.93068094e+01, 4.19339055e+01, 4.45610016e+01, 4.71880977e+01, 4.98151938e+01, 5.24422899e+01, 5.50693860e+01, 5.76964822e+01, 6.03235783e+01, 6.29506744e+01, 6.55777705e+01, 6.82048666e+01, 7.08319627e+01, 7.34590588e+01, 7.60861550e+01, 7.87132511e+01, 8.13403472e+01, 8.39674433e+01, 8.65945394e+01, 8.92216355e+01, 9.18487317e+01, 9.44758278e+01, 9.71029239e+01, 9.97300200e+01
rsrp_ul:0.00126845,0.        ,0.0025369 ,0.00634224,0.00761069,0.01395293,0.00887913,0.01775827,0.02029516,0.01902672,0.00634224,0.01268448,0.01522137,0.02283206,0.02536896,0.04312722,0.04059033,0.0291743 ,0.02283206,0.01141603,0.01775827,0.00761069,0.01014758,0.00507379,0.00507379,0.00380534,0.00126845,0.00126845,0.        ,0.        ,0.        ,0.        ,0.        ,0.        ,0.        ,0.        ,0.        ,0.        ,0.        ,0.00126845
rsrp_ul_bin_edges:-137.55219   ,-134.92430625,-132.2964225 ,-129.66853875,-127.040655  ,-124.41277125,-121.7848875 ,-119.15700375,-116.52912   ,-113.90123625,-111.2733525 ,-108.64546875,-106.017585  ,-103.38970125,-100.7618175 , -98.13393375, -95.50605   , -92.87816625, -90.2502825 , -87.62239875, -84.994515  , -82.36663125, -79.7387475 , -77.11086375, -74.48298   , -71.85509625, -69.2272125 , -66.59932875, -63.971445  , -61.34356125, -58.7156775 , -56.08779375, -53.45991   , -50.83202625, -48.2041425 , -45.57625875, -42.948375  , -40.32049125, -37.6926075 , -35.06472375, -32.43684   
rsrp_dl:0.00126845,0.        ,0.0025369 ,0.00634224,0.00761069,0.01395293,0.00887913,0.01775827,0.02029516,0.01902672,0.00634224,0.01268448,0.01522137,0.02283206,0.02536896,0.04312722,0.04059033,0.0291743 ,0.02283206,0.01141603,0.01775827,0.00761069,0.01014758,0.00507379,0.00507379,0.00380534,0.00126845,0.00126845,0.        ,0.        ,0.        ,0.        ,0.        ,0.        ,0.        ,0.        ,0.        ,0.        ,0.        ,0.00126845
rsrp_dl_bin_edges:-134.54189   ,-131.91400625,-129.2861225 ,-126.65823875,-124.030355  ,-121.40247125,-118.7745875 ,-116.14670375,-113.51882   ,-110.89093625,-108.2630525 ,-105.63516875,-103.007285  ,-100.37940125, -97.7515175 , -95.12363375, -92.49575   , -89.86786625, -87.2399825 , -84.61209875, -81.984215  , -79.35633125, -76.7284475 , -74.10056375, -71.47268   , -68.84479625, -66.2169125 , -63.58902875, -60.961145  , -58.33326125, -55.7053775 , -53.07749375, -50.44961   , -47.82172625, -45.1938425 , -42.56595875, -39.938075  , -37.31019125, -34.6823075 , -32.05442375, -29.42654   
cqi_ul:0.27555556,0.        ,0.18666667,0.        ,0.        ,0.24      ,0.        ,0.        ,0.07111111,0.        ,0.06222222,0.        ,0.        ,0.08      ,0.        ,0.        ,0.05333333,0.        ,0.11555556,0.        ,0.        ,0.10666667,0.        ,0.        ,0.24      ,0.        ,0.20444444,0.        ,0.        ,0.15111111,0.        ,0.        ,0.16888889,0.        ,0.16888889,0.        ,0.        ,0.08      ,0.        ,0.46222222
cqi_ul_bin_edges: 0.   , 0.375, 0.75 , 1.125, 1.5  , 1.875, 2.25 , 2.625, 3.   , 3.375, 3.75 , 4.125, 4.5  , 4.875, 5.25 , 5.625, 6.   , 6.375, 6.75 , 7.125, 7.5  , 7.875, 8.25 , 8.625, 9.   , 9.375, 9.75 ,10.125,10.5  ,10.875,11.25 ,11.625,12.   ,12.375,12.75 ,13.125,13.5  ,13.875,14.25 ,14.625,15.   
cqi_dl:0.03555556,0.        ,0.07111111,0.        ,0.        ,0.14222222,0.        ,0.        ,0.11555556,0.        ,0.11555556,0.        ,0.        ,0.10666667,0.        ,0.        ,0.06222222,0.        ,0.06222222,0.        ,0.        ,0.06222222,0.        ,0.        ,0.04444444,0.        ,0.08      ,0.        ,0.        ,0.05333333,0.        ,0.        ,0.13333333,0.        ,0.10666667,0.        ,0.        ,0.17777778,0.        ,1.29777778
cqi_dl_bin_edges: 0.   , 0.375, 0.75 , 1.125, 1.5  , 1.875, 2.25 , 2.625, 3.   , 3.375, 3.75 , 4.125, 4.5  , 4.875, 5.25 , 5.625, 6.   , 6.375, 6.75 , 7.125, 7.5  , 7.875, 8.25 , 8.625, 9.   , 9.375, 9.75 ,10.125,10.5  ,10.875,11.25 ,11.625,12.   ,12.375,12.75 ,13.125,13.5  ,13.875,14.25 ,14.625,15.   
mcs_ul:0.24761905,0.07619048,0.05238095,0.        ,0.00952381,0.02857143,0.        ,0.01428571,0.01904762,0.        ,0.02857143,0.01428571,0.01428571,0.        ,0.01428571,0.02857143,0.        ,0.03333333,0.00952381,0.        ,0.04761905,0.04761905,0.08095238,0.        ,0.04761905,0.06190476,0.        ,0.04761905,0.03333333,0.        ,0.04761905,0.04285714,0.04761905,0.        ,0.04285714,0.03333333,0.        ,0.00952381,0.        ,0.24761905
mcs_ul_bin_edges: 0. , 0.7, 1.4, 2.1, 2.8, 3.5, 4.2, 4.9, 5.6, 6.3, 7. , 7.7, 8.4, 9.1, 9.8,10.5,11.2,11.9,12.6,13.3,14. ,14.7,15.4,16.1,16.8,17.5,18.2,18.9,19.6,20.3,21. ,21.7,22.4,23.1,23.8,24.5,25.2,25.9,26.6,27.3,28. 
mcs_dl:0.05714286,0.04761905,0.02857143,0.        ,0.02857143,0.03333333,0.        ,0.03333333,0.02857143,0.        ,0.02380952,0.03333333,0.01904762,0.        ,0.01428571,0.02380952,0.        ,0.00952381,0.0047619 ,0.        ,0.02857143,0.0047619 ,0.01904762,0.        ,0.02857143,0.01428571,0.        ,0.00952381,0.01904762,0.        ,0.02380952,0.04761905,0.00952381,0.        ,0.04761905,0.02857143,0.        ,0.06666667,0.        ,0.6952381 
mcs_dl_bin_edges: 0. , 0.7, 1.4, 2.1, 2.8, 3.5, 4.2, 4.9, 5.6, 6.3, 7. , 7.7, 8.4, 9.1, 9.8,10.5,11.2,11.9,12.6,13.3,14. ,14.7,15.4,16.1,16.8,17.5,18.2,18.9,19.6,20.3,21. ,21.7,22.4,23.1,23.8,24.5,25.2,25.9,26.6,27.3,28. 
eff_ul:0.55808325,0.37805639,0.28804297,0.19802954,0.03600537,0.        ,0.10801611,0.05400806,0.        ,0.07201074,0.10801611,0.05400806,0.05400806,0.05400806,0.10801611,0.        ,0.1260188 ,0.03600537,0.        ,0.18002685,0.        ,0.18002685,0.30604565,0.        ,0.18002685,0.        ,0.23403491,0.18002685,0.1260188 ,0.18002685,0.        ,0.16202417,0.        ,0.18002685,0.        ,0.16202417,0.        ,0.1260188 ,0.03600537,0.93613964
eff_ul_bin_edges:0.        ,0.18515756,0.37031512,0.55547269,0.74063025,0.92578781,1.11094538,1.29610294,1.4812605 ,1.66641806,1.85157562,2.03673319,2.22189075,2.40704831,2.59220587,2.77736344,2.962521  ,3.14767856,3.33283612,3.51799369,3.70315125,3.88830881,4.07346637,4.25862394,4.4437815 ,4.62893906,4.81409662,4.99925419,5.18441175,5.36956931,5.55472687,5.73988444,5.925042  ,6.11019956,6.29535712,6.48051469,6.66567225,6.85082981,7.03598737,7.22114494,7.4063025 
eff_dl:0.07201074,0.14402148,0.18002685,0.10801611,0.10801611,0.        ,0.1260188 ,0.1260188 ,0.        ,0.10801611,0.09001343,0.1260188 ,0.07201074,0.05400806,0.09001343,0.        ,0.03600537,0.01800269,0.        ,0.10801611,0.        ,0.01800269,0.07201074,0.        ,0.10801611,0.        ,0.05400806,0.03600537,0.07201074,0.09001343,0.        ,0.18002685,0.        ,0.03600537,0.        ,0.18002685,0.        ,0.10801611,0.25203759,2.62839206
eff_dl_bin_edges:0.        ,0.18515756,0.37031512,0.55547269,0.74063025,0.92578781,1.11094538,1.29610294,1.4812605 ,1.66641806,1.85157562,2.03673319,2.22189075,2.40704831,2.59220587,2.77736344,2.962521  ,3.14767856,3.33283612,3.51799369,3.70315125,3.88830881,4.07346637,4.25862394,4.4437815 ,4.62893906,4.81409662,4.99925419,5.18441175,5.36956931,5.55472687,5.73988444,5.925042  ,6.11019956,6.29535712,6.48051469,6.66567225,6.85082981,7.03598737,7.22114494,7.4063025 
rul:1.02180297e+01,9.26068260e-02,1.91046400e-03,2.38855809e-03,2.44784176e-03,2.63907940e-03,2.46696552e-03,9.14115908e-04,6.61682226e-04,5.79450042e-04,6.86543119e-04,6.19609946e-04,2.75382198e-04,2.29485165e-04,1.89325261e-04,2.56258434e-04,1.77851003e-04,8.41445605e-05,5.73712913e-05,3.63351511e-05,3.05980220e-05,4.20722803e-05,1.91237638e-05,9.56188188e-06,7.64950550e-06,9.56188188e-06,1.91237638e-06,7.64950550e-06,1.91237638e-06,5.73712913e-06,1.91237638e-06,3.82475275e-06,1.91237638e-06,1.91237638e-06,0.00000000e+00,0.00000000e+00,0.00000000e+00,0.00000000e+00,0.00000000e+00,3.82475275e-06
rul_bin_edges:0.        ,0.09682974,0.19365947,0.2904892 ,0.38731894,0.48414868,0.58097841,0.67780814,0.77463788,0.87146762,0.96829735,1.06512709,1.16195682,1.25878655,1.35561629,1.45244602,1.54927576,1.6461055 ,1.74293523,1.83976497,1.9365947 ,2.03342444,2.13025417,2.22708391,2.32391364,2.42074337,2.51757311,2.61440284,2.71123258,2.80806231,2.90489205,3.00172178,3.09855152,3.19538126,3.29221099,3.38904073,3.48587046,3.5827002 ,3.67952993,3.77635967,3.8731894 
rdl:9.87258427e+00,9.85541699e-02,1.45549129e-02,1.44494559e-03,1.15262625e-03,6.66044062e-04,5.05083414e-04,3.38572398e-04,2.38665789e-04,2.01663341e-04,2.73818115e-04,1.57260404e-04,8.69557526e-05,5.55036719e-05,4.99533047e-05,4.62530599e-05,4.25528151e-05,1.48009792e-05,1.85012240e-05,2.22014687e-05,1.85012240e-05,1.48009792e-05,1.48009792e-05,1.29508568e-05,5.55036719e-06,1.85012240e-05,1.66511016e-05,1.66511016e-05,2.03513464e-05,5.55036719e-06,1.66511016e-05,7.40048958e-06,9.25061198e-06,1.11007344e-05,5.55036719e-06,3.70024479e-06,3.70024479e-06,3.70024479e-06,0.00000000e+00,1.85012240e-06
rdl_bin_edges:0.        ,0.10008792,0.20017583,0.30026375,0.40035167,0.50043959,0.6005275 ,0.70061542,0.80070334,0.90079126,1.00087917,1.10096709,1.20105501,1.30114293,1.40123084,1.50131876,1.60140668,1.7014946 ,1.80158251,1.90167043,2.00175835,2.10184627,2.20193418,2.3020221 ,2.40211002,2.50219794,2.60228585,2.70237377,2.80246169,2.90254961,3.00263752,3.10272544,3.20281336,3.30290128,3.40298919,3.50307711,3.60316503,3.70325295,3.80334086,3.90342878,4.0035167 
lul:6.06491975e+03,0.00000000e+00,0.00000000e+00,0.00000000e+00,0.00000000e+00,0.00000000e+00,0.00000000e+00,0.00000000e+00,0.00000000e+00,0.00000000e+00,0.00000000e+00,0.00000000e+00,0.00000000e+00,0.00000000e+00,0.00000000e+00,0.00000000e+00,0.00000000e+00,0.00000000e+00,0.00000000e+00,6.12972003e+01,2.87227059e+02,5.80102025e+00,3.18821505e+00,4.76750515e+00,2.73628371e+00,4.60821787e+00,2.29877466e+02,1.86576024e+00,3.97600792e-01,7.40871041e-03,1.67930769e-01,6.05044683e-02,1.08661086e-01,6.81601357e-01,5.92696833e-02,1.69165554e-01,4.32174774e-02,5.18609728e-02,7.65566742e-02,9.75480204e-02
lul_bin_edges:0.        ,0.00014997,0.00029993,0.0004499 ,0.00059986,0.00074983,0.00089979,0.00104976,0.00119972,0.00134969,0.00149965,0.00164962,0.00179958,0.00194955,0.00209951,0.00224948,0.00239944,0.00254941,0.00269938,0.00284934,0.00299931,0.00314927,0.00329924,0.0034492 ,0.00359917,0.00374913,0.0038991 ,0.00404906,0.00419903,0.00434899,0.00449896,0.00464892,0.00479889,0.00494885,0.00509882,0.00524879,0.00539875,0.00554872,0.00569868,0.00584865,0.00599861
ldl:5.86909016e+03,0.00000000e+00,0.00000000e+00,0.00000000e+00,0.00000000e+00,0.00000000e+00,0.00000000e+00,0.00000000e+00,0.00000000e+00,0.00000000e+00,0.00000000e+00,0.00000000e+00,0.00000000e+00,0.00000000e+00,0.00000000e+00,0.00000000e+00,0.00000000e+00,0.00000000e+00,1.12384035e+02,2.25291270e+00,2.09392336e+00,2.29395675e+01,1.33956971e+00,2.58893271e+00,7.59134607e+01,1.74775510e-01,3.49551019e-02,3.04447662e-02,9.24618825e-02,1.80413429e-02,2.04092692e-01,0.00000000e+00,1.80413429e-02,0.00000000e+00,4.62309413e-02,0.00000000e+00,5.63791967e-02,0.00000000e+00,0.00000000e+00,1.35310072e-02
ldl_bin_edges:0.        ,0.00016422,0.00032845,0.00049267,0.00065689,0.00082111,0.00098534,0.00114956,0.00131378,0.001478  ,0.00164223,0.00180645,0.00197067,0.0021349 ,0.00229912,0.00246334,0.00262756,0.00279179,0.00295601,0.00312023,0.00328445,0.00344868,0.0036129 ,0.00377712,0.00394135,0.00410557,0.00426979,0.00443401,0.00459824,0.00476246,0.00492668,0.0050909 ,0.00525513,0.00541935,0.00558357,0.0057478 ,0.00591202,0.00607624,0.00624046,0.00640469,0.00656891
ilul:3.85576712e+00,7.98575092e-02,5.06214518e-02,3.39717650e-02,2.28826466e-02,1.58111038e-02,1.13925330e-02,9.02620388e-03,7.16531168e-03,5.31509235e-03,4.04273304e-03,3.19576408e-03,2.57140082e-03,2.06367685e-03,1.69851201e-03,1.51249903e-03,1.35697997e-03,1.10235564e-03,9.89528094e-04,8.30959647e-04,7.37953155e-04,6.62480673e-04,5.63375394e-04,5.34406159e-04,4.62745418e-04,4.00995206e-04,3.51442566e-04,3.24760376e-04,2.88930006e-04,2.20318659e-04,2.19556311e-04,1.87537682e-04,1.60855491e-04,1.59330795e-04,1.31886256e-04,1.15114593e-04,9.30064926e-05,6.63243021e-05,3.50680218e-05,1.82963592e-05
ilul_bin_edges:0.        ,0.24290065,0.4858013 ,0.72870195,0.9716026 ,1.21450325,1.4574039 ,1.70030455,1.9432052 ,2.18610585,2.4290065 ,2.67190715,2.9148078 ,3.15770845,3.4006091 ,3.64350975,3.8864104 ,4.12931105,4.3722117 ,4.61511235,4.858013  ,5.10091365,5.3438143 ,5.58671495,5.8296156 ,6.07251625,6.3154169 ,6.55831755,6.8012182 ,7.04411885,7.2870195 ,7.52992015,7.7728208 ,8.01572145,8.2586221 ,8.50152275,8.7444234 ,8.98732405,9.2302247 ,9.47312535,9.716026  
ildl:2.40011335e+01,1.68427890e-01,9.38762005e-02,5.18397056e-02,3.57980881e-02,2.85866353e-02,2.78727651e-02,2.37486872e-02,2.13388070e-02,1.58597398e-02,1.05625503e-02,1.01396845e-02,6.79768089e-03,5.85646354e-03,5.31537723e-03,4.81521342e-03,4.20137602e-03,3.84216746e-03,3.51478751e-03,3.37383226e-03,2.98734204e-03,2.72816624e-03,2.71452541e-03,2.45534962e-03,2.44625573e-03,2.20526771e-03,2.05976551e-03,1.99610830e-03,1.68691613e-03,1.69146307e-03,1.25495647e-03,9.82139848e-04,9.23029579e-04,6.36572124e-04,4.81976037e-04,2.68269681e-04,1.81877750e-04,1.13673594e-04,9.09388748e-05,5.45633249e-05
ildl_bin_edges:0.        ,0.04072514,0.08145027,0.12217541,0.16290054,0.20362568,0.24435081,0.28507594,0.32580108,0.36652622,0.40725135,0.44797649,0.48870162,0.52942676,0.57015189,0.61087703,0.65160216,0.6923273 ,0.73305243,0.77377757,0.8145027 ,0.85522784,0.89595297,0.93667811,0.97740324,1.01812838,1.05885351,1.09957865,1.14030378,1.18102892,1.22175405,1.26247919,1.30320432,1.34392946,1.38465459,1.42537972,1.46610486,1.50683   ,1.54755513,1.58828027,1.6290054 
eul: 0., 0., 0., 0., 0., 0., 0., 0., 0., 0., 0., 0., 0., 0., 0., 0., 0., 0., 0., 0.,40., 0., 0., 0., 0., 0., 0., 0., 0., 0., 0., 0., 0., 0., 0., 0., 0., 0., 0., 0.
eul_bin_edges:-0.5  ,-0.475,-0.45 ,-0.425,-0.4  ,-0.375,-0.35 ,-0.325,-0.3  ,-0.275,-0.25 ,-0.225,-0.2  ,-0.175,-0.15 ,-0.125,-0.1  ,-0.075,-0.05 ,-0.025, 0.   , 0.025, 0.05 , 0.075, 0.1  , 0.125, 0.15 , 0.175, 0.2  , 0.225, 0.25 , 0.275, 0.3  , 0.325, 0.35 , 0.375, 0.4  , 0.425, 0.45 , 0.475, 0.5  
edl: 0., 0., 0., 0., 0., 0., 0., 0., 0., 0., 0., 0., 0., 0., 0., 0., 0., 0., 0., 0.,40., 0., 0., 0., 0., 0., 0., 0., 0., 0., 0., 0., 0., 0., 0., 0., 0., 0., 0., 0.
edl_bin_edges:-0.5  ,-0.475,-0.45 ,-0.425,-0.4  ,-0.375,-0.35 ,-0.325,-0.3  ,-0.275,-0.25 ,-0.225,-0.2  ,-0.175,-0.15 ,-0.125,-0.1  ,-0.075,-0.05 ,-0.025, 0.   , 0.025, 0.05 , 0.075, 0.1  , 0.125, 0.15 , 0.175, 0.2  , 0.225, 0.25 , 0.275, 0.3  , 0.325, 0.35 , 0.375, 0.4  , 0.425, 0.45 , 0.475, 0.5  
gul:7.55452998e+00,0.00000000e+00,4.20724548e-04,0.00000000e+00,0.00000000e+00,3.36579638e-03,4.20724548e-04,8.41449096e-04,0.00000000e+00,0.00000000e+00,0.00000000e+00,0.00000000e+00,0.00000000e+00,4.20724548e-04,5.46941912e-03,1.68289819e-03,0.00000000e+00,0.00000000e+00,0.00000000e+00,0.00000000e+00,0.00000000e+00,4.20724548e-04,4.20724548e-04,1.68289819e-03,8.41449096e-04,1.68289819e-03,4.20724548e-04,0.00000000e+00,0.00000000e+00,4.20724548e-04,0.00000000e+00,0.00000000e+00,0.00000000e+00,0.00000000e+00,0.00000000e+00,0.00000000e+00,0.00000000e+00,0.00000000e+00,0.00000000e+00,4.20724548e-04
gul_bin_edges:0.     ,0.13204,0.26408,0.39612,0.52816,0.6602 ,0.79224,0.92428,1.05632,1.18836,1.3204 ,1.45244,1.58448,1.71652,1.84856,1.9806 ,2.11264,2.24468,2.37672,2.50876,2.6408 ,2.77284,2.90488,3.03692,3.16896,3.301  ,3.43304,3.56508,3.69712,3.82916,3.9612 ,4.09324,4.22528,4.35732,4.48936,4.6214 ,4.75344,4.88548,5.01752,5.14956,5.2816 
gdl:9.84344998e+00,3.83952691e-03,0.00000000e+00,0.00000000e+00,9.32456535e-03,0.00000000e+00,4.38803075e-03,2.74251922e-03,5.48503844e-04,0.00000000e+00,1.64551153e-03,0.00000000e+00,4.38803075e-03,1.09700769e-03,0.00000000e+00,0.00000000e+00,0.00000000e+00,0.00000000e+00,0.00000000e+00,5.48503844e-04,1.09700769e-03,0.00000000e+00,0.00000000e+00,0.00000000e+00,0.00000000e+00,0.00000000e+00,0.00000000e+00,0.00000000e+00,0.00000000e+00,0.00000000e+00,0.00000000e+00,0.00000000e+00,0.00000000e+00,0.00000000e+00,0.00000000e+00,0.00000000e+00,0.00000000e+00,0.00000000e+00,0.00000000e+00,5.48503844e-04
gdl_bin_edges:0.     ,0.10128,0.20256,0.30384,0.40512,0.5064 ,0.60768,0.70896,0.81024,0.91152,1.0128 ,1.11408,1.21536,1.31664,1.41792,1.5192 ,1.62048,1.72176,1.82304,1.92432,2.0256 ,2.12688,2.22816,2.32944,2.43072,2.532  ,2.63328,2.73456,2.83584,2.93712,3.0384 ,3.13968,3.24096,3.34224,3.44352,3.5448 ,3.64608,3.74736,3.84864,3.94992,4.0512 
ri: 0., 0., 0., 0., 0., 0., 0., 0., 0., 0., 0., 0., 0., 0., 0., 0., 0., 0., 0., 0.,40., 0., 0., 0., 0., 0., 0., 0., 0., 0., 0., 0., 0., 0., 0., 0., 0., 0., 0., 0.
ri_bin_edges:0.5  ,0.525,0.55 ,0.575,0.6  ,0.625,0.65 ,0.675,0.7  ,0.725,0.75 ,0.775,0.8  ,0.825,0.85 ,0.875,0.9  ,0.925,0.95 ,0.975,1.   ,1.025,1.05 ,1.075,1.1  ,1.125,1.15 ,1.175,1.2  ,1.225,1.25 ,1.275,1.3  ,1.325,1.35 ,1.375,1.4  ,1.425,1.45 ,1.475,1.5  
