period:1
ue_log_freq:1000
mac_log_freq:1000
mimo_layers:2
frequency:2412000000.0
bandwidth:50000000
ue_speed:5.555555555555555
max_distance:1000
shannon_cfg_bandwidth_mhz:50.0
shannon_cfg_mimo_layers:2
shannon_cfg_bw_efficiency:0.67
shannon_cfg_sinr_offset_db:0
shannon_cfg_ul_divisor:2
shannon_cfg_sinr_sample_rate:1000
n_ue:1
sinr_period:9.463597741343282
sinr_rate:105.66805852612856
ul_fairness:1.0
dl_fairness:1.0
ul_agg_throughput:83.19376509876552
dl_agg_throughput:109.76402217383533
ul_ave_throughput:83.19376509876552
dl_ave_throughput:109.76402217383533
ul_se:1.6638753019753105
dl_se:2.1952804434767064
ul_ase:5.296279579957814e-07
dl_ase:6.98779468104572e-07
ul_gr:83.52168594380187
dl_gr:113.76419786007133
ul_tr:83.16599682810573
dl_tr:113.3774695366821
ul_er:216.45752474917504
dl_er:186.21501283290556
ul_er_ratio:0.7224316822981635
dl_er_ratio:0.6215610330408234
ul_er_perc:72.24316822981635
dl_er_perc:62.15610330408234
ul_l:0.006361262716526116
dl_l:0.006384808068431052
ul_il:0.08124179579210693
dl_il:0.06220858087903736
sinr_ul: 0., 0., 0., 0., 0., 0., 0., 0., 0., 0., 0., 0., 0., 0., 0., 0., 0., 0., 0., 0.,40., 0., 0., 0., 0., 0., 0., 0., 0., 0., 0., 0., 0., 0., 0., 0., 0., 0., 0., 0.
sinr_ul_bin_edges:28.10309,28.12809,28.15309,28.17809,28.20309,28.22809,28.25309,28.27809,28.30309,28.32809,28.35309,28.37809,28.40309,28.42809,28.45309,28.47809,28.50309,28.52809,28.55309,28.57809,28.60309,28.62809,28.65309,28.67809,28.70309,28.72809,28.75309,28.77809,28.80309,28.82809,28.85309,28.87809,28.90309,28.92809,28.95309,28.97809,29.00309,29.02809,29.05309,29.07809,29.10309
sinr_dl: 0., 0., 0., 0., 0., 0., 0., 0., 0., 0., 0., 0., 0., 0., 0., 0., 0., 0., 0., 0.,40., 0., 0., 0., 0., 0., 0., 0., 0., 0., 0., 0., 0., 0., 0., 0., 0., 0., 0., 0.
sinr_dl_bin_edges:37.673824,37.698824,37.723824,37.748824,37.773824,37.798824,37.823824,37.848824,37.873824,37.898824,37.923824,37.948824,37.973824,37.998824,38.023824,38.048824,38.073824,38.098824,38.123824,38.148824,38.173824,38.198824,38.223824,38.248824,38.273824,38.298824,38.323824,38.348824,38.373824,38.398824,38.423824,38.448824,38.473824,38.498824,38.523824,38.548824,38.573824,38.598824,38.623824,38.648824,38.673824
rsrp_ul: 0., 0., 0., 0., 0., 0., 0., 0., 0., 0., 0., 0., 0., 0., 0., 0., 0., 0., 0., 0.,40., 0., 0., 0., 0., 0., 0., 0., 0., 0., 0., 0., 0., 0., 0., 0., 0., 0., 0., 0.
rsrp_ul_bin_edges:-86.63761,-86.61261,-86.58761,-86.56261,-86.53761,-86.51261,-86.48761,-86.46261,-86.43761,-86.41261,-86.38761,-86.36261,-86.33761,-86.31261,-86.28761,-86.26261,-86.23761,-86.21261,-86.18761,-86.16261,-86.13761,-86.11261,-86.08761,-86.06261,-86.03761,-86.01261,-85.98761,-85.96261,-85.93761,-85.91261,-85.88761,-85.86261,-85.83761,-85.81261,-85.78761,-85.76261,-85.73761,-85.71261,-85.68761,-85.66261,-85.63761
rsrp_dl: 0., 0., 0., 0., 0., 0., 0., 0., 0., 0., 0., 0., 0., 0., 0., 0., 0., 0., 0., 0.,40., 0., 0., 0., 0., 0., 0., 0., 0., 0., 0., 0., 0., 0., 0., 0., 0., 0., 0., 0.
rsrp_dl_bin_edges:-86.89066,-86.86566,-86.84066,-86.81566,-86.79066,-86.76566,-86.74066,-86.71566,-86.69066,-86.66566,-86.64066,-86.61566,-86.59066,-86.56566,-86.54066,-86.51566,-86.49066,-86.46566,-86.44066,-86.41566,-86.39066,-86.36566,-86.34066,-86.31566,-86.29066,-86.26566,-86.24066,-86.21566,-86.19066,-86.16566,-86.14066,-86.11566,-86.09066,-86.06566,-86.04066,-86.01566,-85.99066,-85.96566,-85.94066,-85.91566,-85.89066
cqi_ul: 0., 0., 0., 0., 0., 0., 0., 0., 0., 0., 0., 0., 0., 0., 0., 0., 0., 0., 0., 0.,40., 0., 0., 0., 0., 0., 0., 0., 0., 0., 0., 0., 0., 0., 0., 0., 0., 0., 0., 0.
cqi_ul_bin_edges:10.5  ,10.525,10.55 ,10.575,10.6  ,10.625,10.65 ,10.675,10.7  ,10.725,10.75 ,10.775,10.8  ,10.825,10.85 ,10.875,10.9  ,10.925,10.95 ,10.975,11.   ,11.025,11.05 ,11.075,11.1  ,11.125,11.15 ,11.175,11.2  ,11.225,11.25 ,11.275,11.3  ,11.325,11.35 ,11.375,11.4  ,11.425,11.45 ,11.475,11.5  
cqi_dl: 0., 0., 0., 0., 0., 0., 0., 0., 0., 0., 0., 0., 0., 0., 0., 0., 0., 0., 0., 0.,40., 0., 0., 0., 0., 0., 0., 0., 0., 0., 0., 0., 0., 0., 0., 0., 0., 0., 0., 0.
cqi_dl_bin_edges:14.5  ,14.525,14.55 ,14.575,14.6  ,14.625,14.65 ,14.675,14.7  ,14.725,14.75 ,14.775,14.8  ,14.825,14.85 ,14.875,14.9  ,14.925,14.95 ,14.975,15.   ,15.025,15.05 ,15.075,15.1  ,15.125,15.15 ,15.175,15.2  ,15.225,15.25 ,15.275,15.3  ,15.325,15.35 ,15.375,15.4  ,15.425,15.45 ,15.475,15.5  
mcs_ul: 0., 0., 0., 0., 0., 0., 0., 0., 0., 0., 0., 0., 0., 0., 0., 0., 0., 0., 0., 0.,40., 0., 0., 0., 0., 0., 0., 0., 0., 0., 0., 0., 0., 0., 0., 0., 0., 0., 0., 0.
mcs_ul_bin_edges:19.5  ,19.525,19.55 ,19.575,19.6  ,19.625,19.65 ,19.675,19.7  ,19.725,19.75 ,19.775,19.8  ,19.825,19.85 ,19.875,19.9  ,19.925,19.95 ,19.975,20.   ,20.025,20.05 ,20.075,20.1  ,20.125,20.15 ,20.175,20.2  ,20.225,20.25 ,20.275,20.3  ,20.325,20.35 ,20.375,20.4  ,20.425,20.45 ,20.475,20.5  
mcs_dl: 0., 0., 0., 0., 0., 0., 0., 0., 0., 0., 0., 0., 0., 0., 0., 0., 0., 0., 0., 0.,40., 0., 0., 0., 0., 0., 0., 0., 0., 0., 0., 0., 0., 0., 0., 0., 0., 0., 0., 0.
mcs_dl_bin_edges:27.5  ,27.525,27.55 ,27.575,27.6  ,27.625,27.65 ,27.675,27.7  ,27.725,27.75 ,27.775,27.8  ,27.825,27.85 ,27.875,27.9  ,27.925,27.95 ,27.975,28.   ,28.025,28.05 ,28.075,28.1  ,28.125,28.15 ,28.175,28.2  ,28.225,28.25 ,28.275,28.3  ,28.325,28.35 ,28.375,28.4  ,28.425,28.45 ,28.475,28.5  
eff_ul: 0., 0., 0., 0., 0., 0., 0., 0., 0., 0., 0., 0., 0., 0., 0., 0., 0., 0., 0., 0.,40., 0., 0., 0., 0., 0., 0., 0., 0., 0., 0., 0., 0., 0., 0., 0., 0., 0., 0., 0.
eff_ul_bin_edges:4.831998,4.856998,4.881998,4.906998,4.931998,4.956998,4.981998,5.006998,5.031998,5.056998,5.081998,5.106998,5.131998,5.156998,5.181998,5.206998,5.231998,5.256998,5.281998,5.306998,5.331998,5.356998,5.381998,5.406998,5.431998,5.456998,5.481998,5.506998,5.531998,5.556998,5.581998,5.606998,5.631998,5.656998,5.681998,5.706998,5.731998,5.756998,5.781998,5.806998,5.831998
eff_dl: 0., 0., 0., 0., 0., 0., 0., 0., 0., 0., 0., 0., 0., 0., 0., 0., 0., 0., 0., 0.,40., 0., 0., 0., 0., 0., 0., 0., 0., 0., 0., 0., 0., 0., 0., 0., 0., 0., 0., 0.
eff_dl_bin_edges:6.906307,6.931307,6.956307,6.981307,7.006307,7.031307,7.056307,7.081307,7.106307,7.131307,7.156307,7.181307,7.206307,7.231307,7.256307,7.281307,7.306307,7.331307,7.356307,7.381307,7.406307,7.431307,7.456307,7.481307,7.506307,7.531307,7.556307,7.581307,7.606307,7.631307,7.656307,7.681307,7.706307,7.731307,7.756307,7.781307,7.806307,7.831307,7.856307,7.881307,7.906307
rul:0.06240468,0.        ,0.        ,0.        ,0.        ,0.        ,0.        ,0.        ,0.        ,0.        ,0.        ,0.        ,0.04445572,0.        ,0.        ,0.        ,0.        ,0.        ,0.        ,0.        ,0.        ,0.        ,0.        ,0.        ,0.        ,0.        ,0.        ,0.        ,0.04446107,0.        ,0.        ,0.        ,0.        ,0.        ,0.        ,0.        ,0.        ,0.        ,0.        ,0.00894243
rul_bin_edges:  0.        ,  6.23970825, 12.4794165 , 18.71912475, 24.958833  , 31.19854125, 37.4382495 , 43.67795775, 49.917666  , 56.15737425, 62.3970825 , 68.63679075, 74.876499  , 81.11620725, 87.3559155 , 93.59562375, 99.835332  ,106.07504025,112.3147485 ,118.55445675,124.794165  ,131.03387325,137.2735815 ,143.51328975,149.752998  ,155.99270625,162.2324145 ,168.47212275,174.711831  ,180.95153925,187.1912475 ,193.43095575,199.670664  ,205.91037225,212.1500805 ,218.38978875,224.629497  ,230.86920525,237.1089135 ,243.34862175,249.58833   
rdl:0.04587444,0.        ,0.        ,0.        ,0.        ,0.        ,0.        ,0.        ,0.        ,0.        ,0.        ,0.        ,0.        ,0.03250941,0.        ,0.        ,0.        ,0.        ,0.        ,0.        ,0.        ,0.        ,0.        ,0.        ,0.        ,0.        ,0.03250941,0.        ,0.        ,0.        ,0.        ,0.        ,0.        ,0.        ,0.        ,0.        ,0.        ,0.        ,0.        ,0.00665704
rdl_bin_edges:  0.        ,  8.50699625, 17.0139925 , 25.52098875, 34.027985  , 42.53498125, 51.0419775 , 59.54897375, 68.05597   , 76.56296625, 85.0699625 , 93.57695875,102.083955  ,110.59095125,119.0979475 ,127.60494375,136.11194   ,144.61893625,153.1259325 ,161.63292875,170.139925  ,178.64692125,187.1539175 ,195.66091375,204.16791   ,212.67490625,221.1819025 ,229.68889875,238.195895  ,246.70289125,255.2098875 ,263.71688375,272.22388   ,280.73087625,289.2378725 ,297.74486875,306.251865  ,314.75886125,323.2658575 ,331.77285375,340.27985   
lul:1412.87043206,   0.        ,   0.        ,   0.        ,   0.        ,   0.        ,   0.        ,   0.        ,   0.        ,   0.        ,   0.        ,   0.        ,   0.        ,   0.        ,   0.        ,   0.        ,   0.        ,   0.        ,   0.        ,   0.        ,   0.        ,   0.        ,   0.        ,   0.        ,   0.        ,   0.        ,   0.        ,   0.        ,   0.        ,   0.        ,   0.        ,   0.        ,   0.        ,   0.        ,   0.        ,   0.        ,1156.22678741, 202.46063202,   0.        , 856.88983146
lul_bin_edges:0.       ,0.0002756,0.0005512,0.0008268,0.0011024,0.001378 ,0.0016536,0.0019292,0.0022048,0.0024804,0.002756 ,0.0030316,0.0033072,0.0035828,0.0038584,0.004134 ,0.0044096,0.0046852,0.0049608,0.0052364,0.005512 ,0.0057876,0.0060632,0.0063388,0.0066144,0.00689  ,0.0071656,0.0074412,0.0077168,0.0079924,0.008268 ,0.0085436,0.0088192,0.0090948,0.0093704,0.009646 ,0.0099216,0.0101972,0.0104728,0.0107484,0.011024 
ldl:1414.85219496,   0.        ,   0.        ,   0.        ,   0.        ,   0.        ,   0.        ,   0.        ,   0.        ,   0.        ,   0.        ,   0.        ,   0.        ,   0.        ,   0.        ,   0.        ,   0.        ,   0.        ,   0.        ,   0.        ,   0.        ,   0.        ,   0.        ,   0.        ,   0.        ,   0.        ,   0.        ,   0.        ,   0.        ,   0.        ,   0.        ,   0.        ,   0.        ,   0.        ,   0.        ,   0.        ,1101.38050093,   0.        , 205.31550045, 903.91991957
ldl_bin_edges:0.        ,0.00027583,0.00055165,0.00082748,0.00110331,0.00137913,0.00165496,0.00193079,0.00220661,0.00248244,0.00275826,0.00303409,0.00330992,0.00358574,0.00386157,0.0041374 ,0.00441322,0.00468905,0.00496488,0.0052407 ,0.00551653,0.00579236,0.00606818,0.00634401,0.00661983,0.00689566,0.00717149,0.00744731,0.00772314,0.00799897,0.00827479,0.00855062,0.00882645,0.00910227,0.0093781 ,0.00965393,0.00992975,0.01020558,0.01048141,0.01075723,0.01103306
ilul:1.12041583e+02,0.00000000e+00,0.00000000e+00,2.87728770e-02,2.87728770e-02,3.83638360e-02,1.91819180e-02,2.87728770e-02,1.91819180e-02,2.87728770e-02,4.79547950e-02,1.91819180e-02,2.87728770e-02,2.87728770e-02,2.87728770e-02,1.91819180e-02,2.87728770e-02,2.87728770e-02,2.87728770e-02,2.87728770e-02,3.83638360e-02,2.87728770e-02,1.91819180e-02,3.83638360e-02,2.87728770e-02,4.79547950e-02,1.91819180e-02,2.87728770e-02,1.91819180e-02,2.87728770e-02,2.87728770e-02,3.83638360e-02,2.87728770e-02,1.91819180e-02,2.87728770e-02,3.83638360e-02,1.31396138e+00,6.36647858e+01,7.08963689e+01,3.88625658e+01
ilul_bin_edges:0.        ,0.00347538,0.00695076,0.01042614,0.01390152,0.0173769 ,0.02085228,0.02432766,0.02780304,0.03127842,0.03475379,0.03822917,0.04170455,0.04517993,0.04865531,0.05213069,0.05560607,0.05908145,0.06255683,0.06603221,0.06950759,0.07298297,0.07645835,0.07993373,0.08340911,0.08688449,0.09035987,0.09383525,0.09731063,0.10078601,0.10426138,0.10773676,0.11121214,0.11468752,0.1181629 ,0.12163828,0.12511366,0.12858904,0.13206442,0.1355398 ,0.13901518
ildl:1.48682213e+02,0.00000000e+00,0.00000000e+00,0.00000000e+00,2.53983965e-02,5.07967931e-02,2.53983965e-02,2.53983965e-02,3.80975948e-02,1.26991983e-02,2.53983965e-02,5.07967931e-02,1.26991983e-02,3.80975948e-02,3.80975948e-02,2.53983965e-02,3.80975948e-02,2.53983965e-02,5.07967931e-02,3.80975948e-02,2.53983965e-02,2.53983965e-02,2.53983965e-02,3.80975948e-02,3.80975948e-02,2.53983965e-02,3.80975948e-02,2.53983965e-02,5.07967931e-02,2.53983965e-02,3.80975948e-02,3.80975948e-02,2.53983965e-02,2.53983965e-02,3.80975948e-02,2.53983965e-02,3.80975948e-02,2.53983965e-02,1.25785559e+02,1.05428744e+02
ildl_bin_edges:0.        ,0.00262475,0.0052495 ,0.00787425,0.010499  ,0.01312375,0.0157485 ,0.01837325,0.020998  ,0.02362275,0.0262475 ,0.02887225,0.031497  ,0.03412175,0.0367465 ,0.03937125,0.041996  ,0.04462075,0.0472455 ,0.04987025,0.052495  ,0.05511975,0.0577445 ,0.06036925,0.062994  ,0.06561875,0.0682435 ,0.07086825,0.073493  ,0.07611775,0.0787425 ,0.08136725,0.083992  ,0.08661675,0.0892415 ,0.09186625,0.094491  ,0.09711575,0.0997405 ,0.10236525,0.10499   
eul:3.48944091e-02,0.00000000e+00,0.00000000e+00,0.00000000e+00,0.00000000e+00,0.00000000e+00,0.00000000e+00,0.00000000e+00,0.00000000e+00,0.00000000e+00,0.00000000e+00,0.00000000e+00,0.00000000e+00,0.00000000e+00,0.00000000e+00,0.00000000e+00,0.00000000e+00,0.00000000e+00,0.00000000e+00,0.00000000e+00,0.00000000e+00,0.00000000e+00,0.00000000e+00,0.00000000e+00,0.00000000e+00,0.00000000e+00,0.00000000e+00,0.00000000e+00,0.00000000e+00,0.00000000e+00,0.00000000e+00,0.00000000e+00,0.00000000e+00,0.00000000e+00,4.17697021e-06,8.35394042e-06,1.20296742e-03,8.66470700e-02,2.53542092e-03,2.08848510e-05
eul_bin_edges:  0.  ,  7.98, 15.96, 23.94, 31.92, 39.9 , 47.88, 55.86, 63.84, 71.82, 79.8 , 87.78, 95.76,103.74,111.72,119.7 ,127.68,135.66,143.64,151.62,159.6 ,167.58,175.56,183.54,191.52,199.5 ,207.48,215.46,223.44,231.42,239.4 ,247.38,255.36,263.34,271.32,279.3 ,287.28,295.26,303.24,311.22,319.2 
edl:4.82596297e-02,0.00000000e+00,0.00000000e+00,0.00000000e+00,0.00000000e+00,0.00000000e+00,0.00000000e+00,0.00000000e+00,0.00000000e+00,0.00000000e+00,0.00000000e+00,0.00000000e+00,0.00000000e+00,0.00000000e+00,0.00000000e+00,0.00000000e+00,0.00000000e+00,0.00000000e+00,0.00000000e+00,0.00000000e+00,0.00000000e+00,0.00000000e+00,0.00000000e+00,0.00000000e+00,0.00000000e+00,0.00000000e+00,0.00000000e+00,0.00000000e+00,0.00000000e+00,0.00000000e+00,0.00000000e+00,0.00000000e+00,0.00000000e+00,0.00000000e+00,0.00000000e+00,8.48148149e-06,2.54444445e-05,3.97781482e-03,7.42511297e-02,7.03962964e-04
edl_bin_edges:  0.  ,  7.86, 15.72, 23.58, 31.44, 39.3 , 47.16, 55.02, 62.88, 70.74, 78.6 , 86.46, 94.32,102.18,110.04,117.9 ,125.76,133.62,141.48,149.34,157.2 ,165.06,172.92,180.78,188.64,196.5 ,204.36,212.22,220.08,227.94,235.8 ,243.66,251.52,259.38,267.24,275.1 ,282.96,290.82,298.68,306.54,314.4 
gul:9.18077964e-02,0.00000000e+00,0.00000000e+00,0.00000000e+00,0.00000000e+00,0.00000000e+00,0.00000000e+00,0.00000000e+00,0.00000000e+00,0.00000000e+00,0.00000000e+00,0.00000000e+00,0.00000000e+00,0.00000000e+00,0.00000000e+00,0.00000000e+00,0.00000000e+00,0.00000000e+00,0.00000000e+00,0.00000000e+00,0.00000000e+00,0.00000000e+00,0.00000000e+00,0.00000000e+00,0.00000000e+00,0.00000000e+00,0.00000000e+00,0.00000000e+00,0.00000000e+00,0.00000000e+00,0.00000000e+00,0.00000000e+00,0.00000000e+00,0.00000000e+00,0.00000000e+00,4.24074075e-06,2.54444445e-05,1.87016667e-03,3.31965186e-02,3.22296297e-04
gul_bin_edges:  0.  ,  7.86, 15.72, 23.58, 31.44, 39.3 , 47.16, 55.02, 62.88, 70.74, 78.6 , 86.46, 94.32,102.18,110.04,117.9 ,125.76,133.62,141.48,149.34,157.2 ,165.06,172.92,180.78,188.64,196.5 ,204.36,212.22,220.08,227.94,235.8 ,243.66,251.52,259.38,267.24,275.1 ,282.96,290.82,298.68,306.54,314.4 
gdl:7.77877162e-02,0.00000000e+00,0.00000000e+00,0.00000000e+00,0.00000000e+00,0.00000000e+00,0.00000000e+00,0.00000000e+00,0.00000000e+00,0.00000000e+00,0.00000000e+00,0.00000000e+00,0.00000000e+00,0.00000000e+00,0.00000000e+00,0.00000000e+00,0.00000000e+00,0.00000000e+00,0.00000000e+00,0.00000000e+00,0.00000000e+00,0.00000000e+00,0.00000000e+00,0.00000000e+00,0.00000000e+00,0.00000000e+00,0.00000000e+00,0.00000000e+00,0.00000000e+00,0.00000000e+00,0.00000000e+00,0.00000000e+00,0.00000000e+00,0.00000000e+00,0.00000000e+00,4.17697021e-06,6.34899472e-04,4.55247983e-02,1.34916138e-03,1.25309106e-05
gdl_bin_edges:  0.  ,  7.98, 15.96, 23.94, 31.92, 39.9 , 47.88, 55.86, 63.84, 71.82, 79.8 , 87.78, 95.76,103.74,111.72,119.7 ,127.68,135.66,143.64,151.62,159.6 ,167.58,175.56,183.54,191.52,199.5 ,207.48,215.46,223.44,231.42,239.4 ,247.38,255.36,263.34,271.32,279.3 ,287.28,295.26,303.24,311.22,319.2 
ri: 0., 0., 0., 0., 0., 0., 0., 0., 0., 0., 0., 0., 0., 0., 0., 0., 0., 0., 0., 0.,40., 0., 0., 0., 0., 0., 0., 0., 0., 0., 0., 0., 0., 0., 0., 0., 0., 0., 0., 0.
ri_bin_edges:0.5  ,0.525,0.55 ,0.575,0.6  ,0.625,0.65 ,0.675,0.7  ,0.725,0.75 ,0.775,0.8  ,0.825,0.85 ,0.875,0.9  ,0.925,0.95 ,0.975,1.   ,1.025,1.05 ,1.075,1.1  ,1.125,1.15 ,1.175,1.2  ,1.225,1.25 ,1.275,1.3  ,1.325,1.35 ,1.375,1.4  ,1.425,1.45 ,1.475,1.5  
