period:1
ue_log_freq:1000
mac_log_freq:1000
mimo_layers:2
frequency:2412000000.0
bandwidth:50000000
ue_speed:5.555555555555555
max_distance:1000
shannon_cfg_bandwidth_mhz:50.0
shannon_cfg_mimo_layers:2
shannon_cfg_bw_efficiency:0.67
shannon_cfg_sinr_offset_db:0
shannon_cfg_ul_divisor:2
shannon_cfg_sinr_sample_rate:1000
n_ue:90
sinr_period:9.463597741343282
sinr_rate:105.66805852612856
ul_fairness:0.7466198166806631
dl_fairness:0.6782887737201424
ul_agg_throughput:24.81809648166023
dl_agg_throughput:57.43628520415496
ul_ave_throughput:0.27575662757400254
dl_ave_throughput:0.6381809467128329
ul_se:0.49636192963320463
dl_se:1.1487257040830992
ul_ase:1.579969093275121e-07
dl_ase:3.656507481230861e-07
ul_gr:0.14399861378421128, 0.14399861378421128, 0.1386079602235889, 0.11610312203071743, 0.12609046410204422, 0.14399861378421128, 0.14399861378421128, 0.14399861378421128, 0.14399861378421128, 0.10263335202380872, 0.11089723949067894, 0.14399861378421128, 0.10373115714505361, 0.0958368341935465, 0.14399861378421128, 0.12939424869420904, 0.14399861378421128, 0.13149070110125252, 0.09791065763836596, 0.1152269273241081, 0.14399861378421128, 0.10791718099169145, 0.14399861378421128, 0.12171987357425246, 0.14399861378421128, 0.14399861378421128, 0.14399861378421128, 0.14399861378421128, 0.14399861378421128, 0.14399861378421128, 0.14399861378421128, 0.14399861378421128, 0.14399861378421128, 0.14399861378421128, 0.10481734749953749, 0.14399861378421128, 0.14399861378421128, 0.14399861378421128, 0.14399861378421128, 0.14399861378421128, 0.12770183198332458, 0.14399861378421128, 0.14399861378421128, 0.14399861378421128, 0.14399861378421128, 0.1145510644316608, 0.14399861378421128, 0.14399861378421128, 0.14089302254802202, 0.14399861378421128, 0.14399861378421128, 0.14399861378421128, 0.11832158508860222, 0.14399861378421128, 0.14399861378421128, 0.14399859337197904, 0.13479834138967642, 0.14399859337197904, 0.14399859337197904, 0.14399859337197904, 0.14399859337197904, 0.14399859337197904, 0.14399859337197904, 0.14399859337197904, 0.14399859337197904, 0.14399859337197904, 0.14399859458373127, 0.14399861378421128, 0.14399859458373127, 0.14399859337197904, 0.14399859337197904, 0.14399859337197904, 0.1071194921123454, 0.14115089605091, 0.14399859458373127, 0.14399859337197904, 0.14399859458373127, 0.14399859337197904, 0.09911132365290799, 0.14399859337197904, 0.14399859337197904, 0.14399859337197904, 0.14399859337197904, 0.14399859337197904, 0.14399859337197904, 0.14399859458373127, 0.14399859458373127, 0.14399859458373127, 0.14399859458373127, 0.09062967722174721
dl_gr:0.14399861378421128, 0.14399861378421128, 0.14399861378421128, 0.14399861378421128, 0.14399861378421128, 0.14399861378421128, 0.14399861378421128, 0.14399861378421128, 0.14399861378421128, 0.14399861499578323, 0.14399861378421128, 0.14399861378421128, 0.14399861378421128, 0.13622048854241356, 0.14399861378421128, 0.14399861378421128, 0.14399861378421128, 0.14399861378421128, 0.14399861378421128, 0.14399861378421128, 0.14399861378421128, 0.14399861378421128, 0.14399861378421128, 0.14399859337197904, 0.14399861378421128, 0.14399861378421128, 0.14399861378421128, 0.14399861378421128, 0.14399861378421128, 0.14399861378421128, 0.14399861378421128, 0.14399861378421128, 0.14399861378421128, 0.14399861378421128, 0.14399861378421128, 0.14399861378421128, 0.14399861378421128, 0.14399861378421128, 0.14399861378421128, 0.14399861378421128, 0.14399861378421128, 0.14399861378421128, 0.14399861378421128, 0.14399861378421128, 0.14399861378421128, 0.14399861378421128, 0.14399861378421128, 0.14399861378421128, 0.14399861378421128, 0.14399861378421128, 0.14399861378421128, 0.14399861378421128, 0.14399861378421128, 0.14399861378421128, 0.14399861378421128, 0.14399859337197904, 0.14399861378421128, 0.14399859337197904, 0.14399859337197904, 0.14399859337197904, 0.14399859337197904, 0.14399859337197904, 0.14399859337197904, 0.14399859337197904, 0.14399859337197904, 0.14399859337197904, 0.14399859458373127, 0.14399861378421128, 0.14399859458373127, 0.14399859337197904, 0.14399859337197904, 0.14399859337197904, 0.14399859337197904, 0.14399859337197904, 0.14399859458373127, 0.14399859337197904, 0.14399859458373127, 0.14399859337197904, 0.14399861378421128, 0.14399859337197904, 0.14399859337197904, 0.14399859337197904, 0.14399859337197904, 0.14399859337197904, 0.14399859337197904, 0.14399859458373127, 0.14399859458373127, 0.14399859458373127, 0.14399859458373127, 0.13017546822398893
ul_tr:0.1367554903858263, 0.10191202512550313, 0.09057592747390351, 0.028785445808645217, 0.03871615974549364, 0.06773958034050018, 0.14387622000510847, 0.060315644062076554, 0.07193856320441344, 0.01530694904357573, 0.023585444845229463, 0.14387502145194464, 0.016436394257189763, 0.008509563768435879, 0.14387502130152421, 0.04207784598448294, 0.1438750215814812, 0.04416115177521937, 0.010587059430727437, 0.02791029233958349, 0.06880723602965075, 0.02060371506548497, 0.14295694151427116, 0.034392470534067805, 0.14386208551002108, 0.11168997113703674, 0.060460799720118, 0.08558480143844431, 0.14260981631320785, 0.08432724969669242, 0.11026105761863213, 0.14387796988218038, 0.14388128468487543, 0.0705888750258673, 0.017506596648899555, 0.14387797003415917, 0.1438779694424944, 0.09299188395841564, 0.13440809360864855, 0.1438791688641799, 0.04038101396542413, 0.06111473433405002, 0.14387168370507594, 0.14387916875996065, 0.08462934001783377, 0.027226045744518614, 0.1438791687014175, 0.12270664911368617, 0.05355390343712759, 0.08737065811431953, 0.14387916887609692, 0.1173108183388918, 0.030991883226322323, 0.10747458785250463, 0.13333114706645166, 0.11240915343604786, 0.04747578746534497, 0.14026487109442815, 0.14292431330285177, 0.08701549975611686, 0.14387861715776357, 0.08066863685162838, 0.11774077909972831, 0.14387699218990632, 0.08439020863584619, 0.14387741929341813, 0.06751165737207597, 0.14388028929810748, 0.14388248436045903, 0.11803000187991267, 0.11476491550960866, 0.1438774192074319, 0.019792537017142238, 0.05386700805289344, 0.10581079319456319, 0.1384258343423364, 0.09810412198541629, 0.1289836408385613, 0.011769992714159521, 0.13107662500750022, 0.14388459018420616, 0.13441272950039168, 0.10443845795781527, 0.1436817856274626, 0.14387742485808694, 0.12527820291700625, 0.12545215731981632, 0.14388339355423885, 0.14388339155632224, 0.003303942569397568
dl_tr:0.14387796968565045, 0.14198649642457725, 0.1438779684425944, 0.13674442314003685, 0.08162760826437326, 0.14387942586400493, 0.14387796990046417, 0.10706403057117261, 0.1438779682496979, 0.07821489792100701, 0.11604554793203994, 0.14387796997261595, 0.10214989539666823, 0.04884650046731168, 0.1438779696525413, 0.12079233146041983, 0.14387796928964888, 0.07885433126071485, 0.08693499685723809, 0.1421259450217589, 0.1313644115364801, 0.11097515232605813, 0.1438779699958249, 0.09354201106931896, 0.14387796956234736, 0.14387796879951165, 0.13944514165608307, 0.1438779679613157, 0.14367653406851838, 0.14085498890862272, 0.12227100266629999, 0.14387796990508095, 0.14387727600844186, 0.12878671881803713, 0.10449659835868397, 0.14387796995111543, 0.14387796913819512, 0.14387727304129266, 0.14387796994906538, 0.14387796997439103, 0.1432944863865763, 0.14162673493298164, 0.14387796970960107, 0.14387796997439103, 0.13788044153989681, 0.06444414571026776, 0.14387796997439103, 0.14106135986249654, 0.14388084807065174, 0.1389042166608915, 0.14387796997439103, 0.14387796943042744, 0.1141518347799695, 0.1394600168761219, 0.14231798866970008, 0.1421850557707007, 0.1050235085481387, 0.14210388781726055, 0.14387741806649387, 0.13978201568830628, 0.1438774192263825, 0.14388204636309543, 0.1429514862444665, 0.1438774176291543, 0.14173113903048437, 0.1438774193440781, 0.14388338490679767, 0.14387796921270532, 0.14387723966584165, 0.13550167073347447, 0.14387741988387112, 0.14387741945254007, 0.14048594811191206, 0.1375507783426781, 0.13448037767329182, 0.1418882197255575, 0.14056981398796636, 0.14319309016631387, 0.08272591220277173, 0.14196655345363177, 0.1438794970915614, 0.14149410635132004, 0.14371553358924463, 0.14388459019133137, 0.14387742069264808, 0.14388339175712725, 0.1438774203045493, 0.14379985313391166, 0.1438833928380376, 0.04284417245016959
ul_er:0.0, 0.0, 0.005390653560622348, 0.027894289323516418, 0.017908149682167054, 0.0, 0.0, 0.0, 0.0, 0.04136406055201753, 0.03310017186355492, 0.0, 0.04026625420918023, 0.04816057716068735, 0.0, 0.014603162660024833, 0.0, 0.012506710252981322, 0.04608675371586789, 0.028770484030125755, 0.0, 0.03608023036254238, 0.0, 0.022277517357728593, 0.0, 0.0, 0.0, 0.0, 0.0, 0.0, 0.0, 0.0, 0.0, 0.0, 0.03918006385469636, 0.0, 0.0, 0.0, 0.0, 0.0, 0.016295579370909273, 0.0, 0.0, 0.0, 0.0, 0.029446346922573065, 0.0, 0.0, 0.003104388806211822, 0.0, 0.0, 0.0, 0.02567582626563164, 0.0, 0.0, 0.0, 0.009199069964557447, 0.0, 0.0, 0.0, 0.0, 0.0, 0.0, 0.0, 0.0, 0.0, 0.0, 0.0, 0.0, 0.0, 0.0, 0.0, 0.03687789881963565, 0.002846494881071035, 0.0, 0.0, 0.0, 0.0, 0.044887290131303284, 0.0, 0.0, 0.0, 0.0, 0.0, 0.0, 0.0, 0.0, 0.0, 0.0, 0.053367734132486626
dl_er:0.0, 0.0, 0.0, 0.0, 0.0, 0.0, 0.0, 0.0, 0.0, 0.0, 0.0, 0.0, 0.0, 0.007776922811820295, 0.0, 0.0, 0.0, 0.0, 0.0, 0.0, 0.0, 0.0, 0.0, 0.0, 0.0, 0.0, 0.0, 0.0, 0.0, 0.0, 0.0, 0.0, 0.0, 0.0, 0.0, 0.0, 0.0, 0.0, 0.0, 0.0, 0.0, 0.0, 0.0, 0.0, 0.0, 0.0, 0.0, 0.0, 0.0, 0.0, 0.0, 0.0, 0.0, 0.0, 0.0, 0.0, 0.0, 0.0, 0.0, 0.0, 0.0, 0.0, 0.0, 0.0, 0.0, 0.0, 0.0, 0.0, 0.0, 0.0, 0.0, 0.0, 0.0, 0.0, 0.0, 0.0, 0.0, 0.0, 0.0, 0.0, 0.0, 0.0, 0.0, 0.0, 0.0, 0.0, 0.0, 0.0, 0.0, 0.013821943130244922
ul_er_ratio:0.0, 0.0, 0.05617219559674585, 0.49213866752331437, 0.3162625710260585, 0.0, 0.0, 0.0, 0.0, 0.7298980704101308, 0.5839254079849412, 0.0, 0.7101300432741146, 0.8498404339760032, 0.0, 0.2576376639945316, 0.0, 0.22070199589949896, 0.813193098489025, 0.5075880372997322, 0.0, 0.6365158615917821, 0.0, 0.3931096191561655, 0.0, 0.0, 0.0, 0.0, 0.0, 0.0, 0.0, 0.0, 0.0, 0.0, 0.6911690247163348, 0.0, 0.0, 0.0, 0.0, 0.0, 0.28751868119890583, 0.0, 0.0, 0.0, 0.0, 0.5195889133453133, 0.0, 0.0, 0.05479142916766549, 0.0, 0.0, 0.0, 0.45309447824562693, 0.0, 0.0, 0.0, 0.1623130675879547, 0.0, 0.0, 0.0, 0.0, 0.0, 0.0, 0.0, 0.0, 0.0, 0.0, 0.0, 0.0, 0.0, 0.0, 0.0, 0.6507431657284466, 0.050190778805982224, 0.0, 0.0, 0.0, 0.0, 0.792259845106531, 0.0, 0.0, 0.0, 0.0, 0.0, 0.0, 0.0, 0.0, 0.0, 0.0, 0.9417002855451475
dl_er_ratio:0.0, 0.0, 0.0, 0.0, 0.0, 0.0, 0.0, 0.0, 0.0, 0.0, 0.0, 0.0, 0.0, 0.1373446245643436, 0.0, 0.0, 0.0, 0.0, 0.0, 0.0, 0.0, 0.0, 0.0, 0.0, 0.0, 0.0, 0.0, 0.0, 0.0, 0.0, 0.0, 0.0, 0.0, 0.0, 0.0, 0.0, 0.0, 0.0, 0.0, 0.0, 0.0, 0.0, 0.0, 0.0, 0.0, 0.0, 0.0, 0.0, 0.0, 0.0, 0.0, 0.0, 0.0, 0.0, 0.0, 0.0, 0.0, 0.0, 0.0, 0.0, 0.0, 0.0, 0.0, 0.0, 0.0, 0.0, 0.0, 0.0, 0.0, 0.0, 0.0, 0.0, 0.0, 0.0, 0.0, 0.0, 0.0, 0.0, 0.0, 0.0, 0.0, 0.0, 0.0, 0.0, 0.0, 0.0, 0.0, 0.0, 0.0, 0.24391901559990103
ul_er_perc:0.0, 0.0, 5.617219559674584, 49.213866752331434, 31.626257102605848, 0.0, 0.0, 0.0, 0.0, 72.98980704101308, 58.39254079849412, 0.0, 71.01300432741145, 84.98404339760032, 0.0, 25.763766399453157, 0.0, 22.070199589949898, 81.31930984890249, 50.75880372997322, 0.0, 63.65158615917821, 0.0, 39.31096191561655, 0.0, 0.0, 0.0, 0.0, 0.0, 0.0, 0.0, 0.0, 0.0, 0.0, 69.11690247163348, 0.0, 0.0, 0.0, 0.0, 0.0, 28.751868119890585, 0.0, 0.0, 0.0, 0.0, 51.95889133453133, 0.0, 0.0, 5.479142916766548, 0.0, 0.0, 0.0, 45.309447824562696, 0.0, 0.0, 0.0, 16.23130675879547, 0.0, 0.0, 0.0, 0.0, 0.0, 0.0, 0.0, 0.0, 0.0, 0.0, 0.0, 0.0, 0.0, 0.0, 0.0, 65.07431657284467, 5.019077880598222, 0.0, 0.0, 0.0, 0.0, 79.2259845106531, 0.0, 0.0, 0.0, 0.0, 0.0, 0.0, 0.0, 0.0, 0.0, 0.0, 94.17002855451474
dl_er_perc:0.0, 0.0, 0.0, 0.0, 0.0, 0.0, 0.0, 0.0, 0.0, 0.0, 0.0, 0.0, 0.0, 13.73446245643436, 0.0, 0.0, 0.0, 0.0, 0.0, 0.0, 0.0, 0.0, 0.0, 0.0, 0.0, 0.0, 0.0, 0.0, 0.0, 0.0, 0.0, 0.0, 0.0, 0.0, 0.0, 0.0, 0.0, 0.0, 0.0, 0.0, 0.0, 0.0, 0.0, 0.0, 0.0, 0.0, 0.0, 0.0, 0.0, 0.0, 0.0, 0.0, 0.0, 0.0, 0.0, 0.0, 0.0, 0.0, 0.0, 0.0, 0.0, 0.0, 0.0, 0.0, 0.0, 0.0, 0.0, 0.0, 0.0, 0.0, 0.0, 0.0, 0.0, 0.0, 0.0, 0.0, 0.0, 0.0, 0.0, 0.0, 0.0, 0.0, 0.0, 0.0, 0.0, 0.0, 0.0, 0.0, 0.0, 24.391901559990103
ul_l:0.059188057382692894, 0.047944257135253375, 0.03525833472102635, 0.022627258456144734, 0.02097852772578481, 0.0273504991893464, 0.06144097440616848, 0.02966487881496204, 0.049554761415627056, 0.013810509838655645, 0.025275278840862683, 0.06200154514122853, 0.020043320885872146, 0.005961789347642024, 0.05694522428600715, 0.0278866234336025, 0.057204085026934, 0.020396975104352608, 0.014139034503862597, 0.018920195372209302, 0.023912455490728932, 0.020964553959940662, 0.05551939298003284, 0.01959781084660322, 0.05895586704870122, 0.05025363605027625, 0.03576596015006208, 0.043503203152945494, 0.06182999225688141, 0.04223874122245555, 0.04896819113792011, 0.0613184877573856, 0.05844889746305324, 0.03605476593548172, 0.01846006366165821, 0.06250114306286823, 0.05924256636352575, 0.042813619295274045, 0.06164486235026709, 0.062742472627099, 0.023133400673950182, 0.036465373984441274, 0.061599188628432375, 0.06273956559243146, 0.036934901482670396, 0.016506901687767195, 0.06270119945273632, 0.05210954567370017, 0.03924545820260506, 0.040360627018950476, 0.06269952922984742, 0.053100287235580884, 0.016605701246489496, 0.04896798864329941, 0.05670587834250856, 0.051716075646554886, 0.025396562177954447, 0.049029310328985956, 0.050646801918222274, 0.04257409721399046, 0.05091956025270009, 0.0358524842332161, 0.0464515316712557, 0.03827148675675856, 0.031295337856728556, 0.0604956474111387, 0.024890393826378993, 0.05081864396695751, 0.03959887567982533, 0.0330154450369679, 0.029913297479657652, 0.06159765937041234, 0.012617168909380314, 0.019675428904788492, 0.026246476314466194, 0.05777430703515117, 0.03381232078384459, 0.036428982898496616, 0.01546003046834504, 0.02221486959725324, 0.04883917078435115, 0.04867886843767292, 0.036478036493249766, 0.04253398711993733, 0.05149917471722391, 0.022219906820887186, 0.06015000396828254, 0.03613764595507388, 0.047658569764527446, 0.005286290942623565
dl_l:0.08279008836460076, 0.07914306955257215, 0.07225956638468461, 0.06793508193464003, 0.04581667206318491, 0.06172520730072418, 0.08331930873655174, 0.06337654113974515, 0.08153187205206795, 0.04760169382578043, 0.06205939955913897, 0.08331930646195321, 0.06671318087454686, 0.03243095566329991, 0.08238608815922897, 0.06940133707029342, 0.08076865536519245, 0.047082011283507086, 0.044951182967132505, 0.06297700911536955, 0.052913920899239145, 0.059174577200105, 0.08187753096689084, 0.057858200332202736, 0.08247736129773242, 0.0774782591286032, 0.06876460998610799, 0.07421140480992025, 0.08329429472169303, 0.07163025413333665, 0.07313714028265707, 0.08331931639026809, 0.083232509746652, 0.06646377334981707, 0.05884029650015416, 0.08331929765674975, 0.08331931485818811, 0.07271491489592238, 0.08331927203099243, 0.08331929654420527, 0.054834333490078914, 0.07684352308424376, 0.08331929948592048, 0.08331929748727049, 0.06370945654572197, 0.04151488104367609, 0.08331929654420527, 0.0820770891591623, 0.07050630590585596, 0.06910735117142927, 0.08331929654420527, 0.08022378040665182, 0.044897250158887306, 0.075420419493754, 0.08330856891874797, 0.08133580794848995, 0.06123212231059942, 0.07661362365484682, 0.07551436762583752, 0.07244603167312243, 0.08049806784519482, 0.07030098650916697, 0.08155364452877596, 0.06680430812314576, 0.05208693191671389, 0.0833192176815727, 0.06630375136180071, 0.08180470327577355, 0.06351143867705025, 0.07043200167431414, 0.07416740206475216, 0.08269293371619052, 0.040527278801668384, 0.04575459044303976, 0.05892193999328316, 0.08063161330362678, 0.059183650346591996, 0.061677353680456, 0.05482623765239131, 0.054000482004058464, 0.0765619821012117, 0.07206736731975232, 0.06144839313107103, 0.06650412943631454, 0.07449513053443448, 0.045050278488362204, 0.08151518908861055, 0.06402645419120477, 0.0703903184323108, 0.02485346834041684
ul_il:0.5821151547704609, 5.971682448665684, 19.195538450808673, 9.379169726655526, 3.0638004756072483, 5.717156178036693, 0.46385123949429574, 3.9437076082280225, 17.41161204524453, 3.72024636149685, 9.63949402021849, 0.09443206249256232, 11.808426595317565, 2.324199105859388, 0.8933877582772486, 9.165735754027626, 1.4729914639454735, 0.9829768248457713, 3.262667701020017, 12.138829262041542, 7.954592171332393, 6.3480083918089525, 5.540339359507895, 2.9961350011404795, 0.8752749282322391, 3.1913531969246565, 7.476088834972383, 2.4198602220871357, 0.07008979451903798, 2.230350057726818, 0.3252506093556422, 0.2800897321216697, 0.37296607719674657, 2.8085232582679653, 6.790786977931057, 0.06645560157312265, 1.655141236348592, 5.441829111243498, 0.7391510156982007, 0.06302718274254356, 5.424034633383301, 4.99287415277231, 0.3055928481670375, 0.0878287376198905, 1.6016382175657808, 2.603138670376709, 1.1587868050533845, 1.0022449369340152, 9.944145938481514, 7.120992923755636, 0.06298372430794104, 1.7691899784587364, 0.7097656054914789, 0.7980756150321843, 0.8635430242356643, 4.004488631398414, 4.45342093813852, 1.9673447364003631, 2.4495580802807515, 2.4401001056541634, 1.4267644532227242, 5.908998440022968, 7.485336736259574, 8.146908608107095, 1.1238241836756975, 0.3615146893005433, 6.6399226469249495, 5.38508337380552, 6.842657155770652, 4.831744090868754, 3.1381220128527114, 0.2971800674531984, 3.1487326370609594, 4.0914107752361994, 2.436744357217397, 0.42374181890062174, 0.7925669682743235, 1.5171114009341062, 7.914598402768169, 3.4216879273852796, 0.5390754223087103, 0.326830501031876, 0.3281516142714257, 0.6295006265013418, 0.19080774539756326, 0.8349852999463403, 0.07994513657564772, 1.2210138387690943, 0.29959279058736465, 1.0343542974492115
dl_il:0.113847390146862, 0.8180962352340059, 1.0615103418305543, 2.0481206954995126, 8.521254025738617, 3.295811629548772, 0.08589808063299083, 3.94674979787418, 0.3432792283771594, 5.404704743938574, 5.865737386175764, 0.08362240392242307, 15.81074335345356, 13.995823008374751, 0.11132008557026425, 1.5099750135903147, 0.08892470573848513, 2.305402285429502, 4.4620443195859565, 1.4174424135897565, 1.4135484521654125, 1.9071020511265866, 0.10082904035598389, 3.64902382700655, 0.11138775781462869, 0.22751428385892147, 0.7183848386758501, 1.0500867115031376, 0.08645744083160412, 0.4416256870639266, 0.6237097243810596, 0.09488566966947506, 0.09726607649062059, 0.6264265532487395, 5.282296648795161, 0.08364537018191287, 0.11013781211619457, 0.7512240211216864, 0.09526144947031176, 0.08331929654420527, 0.6544639463753344, 0.31685733146704503, 0.08615298833862511, 0.08331929748727049, 0.3909794525433885, 6.489604662315274, 0.08331929654420527, 0.13649016679820328, 0.3912610927705277, 0.21540462835664223, 0.08331929654420527, 0.1514440112455311, 1.187589888704351, 0.10889251094696534, 0.10141816146361157, 0.11645518722507417, 6.482926160128744, 0.14552532027632586, 0.1519460988148105, 0.1261047927444498, 0.131778021319994, 0.14728674765120503, 0.11253106759100302, 0.15060952180838524, 0.25095084106011867, 0.08406502642743924, 0.15913978371965964, 0.4749755497417852, 0.23383584678893637, 0.14078616437953764, 0.10611749954178472, 0.08400386897924096, 0.3220802012635421, 0.261563296659447, 0.13907895586557162, 0.09696110480662688, 0.14979146996584083, 0.14586059893758957, 12.436737493769561, 0.15145374773731624, 0.08846529032943598, 0.08906399431143538, 0.23254160218170608, 0.1152269679593903, 0.0876147616370129, 0.11910553913321167, 0.0825960589573406, 0.11191141583784592, 0.09302728469312564, 0.6696624933903764
sinr_ul:4.82206018e-05,1.96156646e-04,1.30500724e-03,3.71244064e-03,8.58592124e-03,1.82408317e-02,2.63067196e-02,3.04082241e-02,2.81780460e-02,2.08034690e-02,1.43569401e-02,1.13881732e-02,1.56198039e-02,2.48645416e-02,2.58394213e-02,1.64084488e-02,9.49613471e-03,5.03438958e-03,3.55555005e-03,1.70052036e-03,8.99348951e-04,4.90168371e-04,1.19137629e-04,6.28306504e-05,5.19909370e-05,4.80221631e-05,3.32632855e-05,2.95921698e-05,1.94469917e-05,1.85540176e-05,1.31713681e-05,5.75472203e-06,5.58108818e-06,5.33303981e-06,1.29729294e-05,6.99496385e-06,5.28343014e-06,1.95958207e-06,1.93477723e-06,4.66330923e-06
sinr_ul_bin_edges:-30.662104 ,-26.9291584,-23.1962128,-19.4632672,-15.7303216,-11.997376 , -8.2644304, -4.5314848, -0.7985392,  2.9344064,  6.667352 , 10.4002976, 14.1332432, 17.8661888, 21.5991344, 25.33208  , 29.0650256, 32.7979712, 36.5309168, 40.2638624, 43.996808 , 47.7297536, 51.4626992, 55.1956448, 58.9285904, 62.661536 , 66.3944816, 70.1274272, 73.8603728, 77.5933184, 81.326264 , 85.0592096, 88.7921552, 92.5251008, 96.2580464, 99.990992 ,103.7239376,107.4568832,111.1898288,114.9227744,118.65572  
sinr_dl:4.65259906e-05,1.93571409e-04,1.13209025e-03,3.60409359e-03,7.87575160e-03,1.71482955e-02,2.55603616e-02,4.06048115e-02,2.12795148e-02,2.22873670e-02,1.48114402e-02,1.28438566e-02,1.55197339e-02,2.55649687e-02,2.86699837e-02,1.60012703e-02,9.16220283e-03,5.29421727e-03,2.65729727e-03,1.52065062e-03,8.76374494e-04,3.18720755e-04,8.82677525e-05,5.42212578e-05,5.16899199e-05,4.40705928e-05,3.48565229e-05,3.16923505e-05,1.74409181e-05,1.82509462e-05,1.16947811e-05,5.79676379e-06,5.54363000e-06,5.46768986e-06,7.31556652e-06,1.42008056e-05,4.83485538e-06,1.97444356e-06,1.92381680e-06,4.70828849e-06
sinr_dl_bin_edges:-23.831081  ,-20.17312947,-16.51517795,-12.85722643, -9.1992749 , -5.54132338, -1.88337185,  1.77457967,  5.4325312 ,  9.09048272, 12.74843425, 16.40638578, 20.0643373 , 23.72228883, 27.38024035, 31.03819187, 34.6961434 , 38.35409492, 42.01204645, 45.66999798, 49.3279495 , 52.98590103, 56.64385255, 60.30180408, 63.9597556 , 67.61770713, 71.27565865, 74.93361017, 78.5915617 , 82.24951323, 85.90746475, 89.56541628, 93.2233678 , 96.88131933,100.53927085,104.19722238,107.8551739 ,111.51312543,115.17107695,118.82902848,122.48698   
rsrp_ul:4.85806576e-05,1.96876897e-04,1.31006584e-03,3.73969389e-03,8.67758666e-03,1.83365820e-02,2.63247151e-02,3.04740340e-02,2.80422484e-02,2.07385099e-02,1.43424038e-02,1.13883576e-02,1.56670017e-02,2.48876799e-02,2.58328329e-02,1.63063122e-02,9.43989877e-03,5.05236359e-03,3.49582345e-03,1.69191625e-03,8.96001908e-04,4.84963420e-04,1.17744238e-04,6.26167230e-05,5.32676123e-05,4.65471640e-05,3.33294557e-05,2.96096504e-05,1.92437929e-05,1.83510396e-05,1.30937147e-05,5.80289631e-06,5.53011058e-06,5.35651967e-06,1.28209290e-05,7.21642233e-06,5.18292875e-06,1.95909747e-06,1.93429877e-06,4.66215601e-06
rsrp_ul_bin_edges:-156.80876   ,-153.07489102,-149.34102205,-145.60715308,-141.8732841 ,-138.13941512,-134.40554615,-130.67167718,-126.9378082 ,-123.20393922,-119.47007025,-115.73620128,-112.0023323 ,-108.26846332,-104.53459435,-100.80072538, -97.0668564 , -93.33298742, -89.59911845, -85.86524948, -82.1313805 , -78.39751152, -74.66364255, -70.92977358, -67.1959046 , -63.46203562, -59.72816665, -55.99429768, -52.2604287 , -48.52655972, -44.79269075, -41.05882178, -37.3249528 , -33.59108382, -29.85721485, -26.12334588, -22.3894769 , -18.65560792, -14.92173895, -11.18786998,  -7.454001  
rsrp_dl:4.67453755e-05,1.93789572e-04,1.13239217e-03,3.61751502e-03,7.93340140e-03,1.72333774e-02,2.55903724e-02,4.05291264e-02,2.12906077e-02,2.22678822e-02,1.47908493e-02,1.28220515e-02,1.55624896e-02,2.56507845e-02,2.85776221e-02,1.59266834e-02,9.13415267e-03,5.27023105e-03,2.64714987e-03,1.52032564e-03,8.69965098e-04,3.17448427e-04,8.76950330e-05,5.40596221e-05,5.15793585e-05,4.40626414e-05,3.49261603e-05,3.18131765e-05,1.71087568e-05,1.81970357e-05,1.15661270e-05,5.82102672e-06,5.54262979e-06,5.46670336e-06,7.33955544e-06,1.42235523e-05,4.75805663e-06,1.97408732e-06,1.92346970e-06,4.70743900e-06
rsrp_dl_bin_edges:-155.50108   ,-151.84246838,-148.18385675,-144.52524512,-140.8666335 ,-137.20802187,-133.54941025,-129.89079863,-126.232187  ,-122.57357537,-118.91496375,-115.25635213,-111.5977405 ,-107.93912887,-104.28051725,-100.62190562, -96.963294  , -93.30468237, -89.64607075, -85.98745913, -82.3288475 , -78.67023588, -75.01162425, -71.35301262, -67.694401  , -64.03578937, -60.37717775, -56.71856612, -53.0599545 , -49.40134287, -45.74273125, -42.08411962, -38.425508  , -34.76689637, -31.10828475, -27.44967313, -23.7910615 , -20.13244987, -16.47383825, -12.81522662,  -9.156615  
cqi_ul:0.99902686,0.        ,0.28347559,0.        ,0.        ,0.19651941,0.        ,0.        ,0.10356034,0.        ,0.05914432,0.        ,0.        ,0.07631812,0.        ,0.        ,0.05436691,0.        ,0.12377669,0.        ,0.        ,0.13336757,0.        ,0.        ,0.13907612,0.        ,0.12323816,0.        ,0.        ,0.07335458,0.        ,0.        ,0.07915276,0.        ,0.05923667,0.        ,0.        ,0.03435476,0.        ,0.12869781
cqi_ul_bin_edges: 0.   , 0.375, 0.75 , 1.125, 1.5  , 1.875, 2.25 , 2.625, 3.   , 3.375, 3.75 , 4.125, 4.5  , 4.875, 5.25 , 5.625, 6.   , 6.375, 6.75 , 7.125, 7.5  , 7.875, 8.25 , 8.625, 9.   , 9.375, 9.75 ,10.125,10.5  ,10.875,11.25 ,11.625,12.   ,12.375,12.75 ,13.125,13.5  ,13.875,14.25 ,14.625,15.   
cqi_dl:0.45540227,0.        ,0.45704849,0.        ,0.        ,0.25162487,0.        ,0.        ,0.19376799,0.        ,0.07925203,0.        ,0.        ,0.07271531,0.        ,0.        ,0.04057419,0.        ,0.06943646,0.        ,0.        ,0.06705911,0.        ,0.        ,0.08837648,0.        ,0.1085711 ,0.        ,0.        ,0.10327689,0.        ,0.        ,0.16659491,0.        ,0.15126486,0.        ,0.        ,0.07892017,0.        ,0.28278153
cqi_dl_bin_edges: 0.   , 0.375, 0.75 , 1.125, 1.5  , 1.875, 2.25 , 2.625, 3.   , 3.375, 3.75 , 4.125, 4.5  , 4.875, 5.25 , 5.625, 6.   , 6.375, 6.75 , 7.125, 7.5  , 7.875, 8.25 , 8.625, 9.   , 9.375, 9.75 ,10.125,10.5  ,10.875,11.25 ,11.625,12.   ,12.375,12.75 ,13.125,13.5  ,13.875,14.25 ,14.625,15.   
mcs_ul:0.68705488,0.06043722,0.04484103,0.        ,0.03157559,0.02390316,0.        ,0.01531801,0.01636645,0.        ,0.02052066,0.02036404,0.01382538,0.        ,0.01529975,0.03096222,0.        ,0.03534673,0.03346678,0.        ,0.03798013,0.03910304,0.03540202,0.        ,0.03494672,0.03107373,0.        ,0.01896268,0.02032873,0.        ,0.02411097,0.01829798,0.01562119,0.        ,0.01611274,0.00983783,0.        ,0.0085665 ,0.        ,0.06894526
mcs_ul_bin_edges: 0. , 0.7, 1.4, 2.1, 2.8, 3.5, 4.2, 4.9, 5.6, 6.3, 7. , 7.7, 8.4, 9.1, 9.8,10.5,11.2,11.9,12.6,13.3,14. ,14.7,15.4,16.1,16.8,17.5,18.2,18.9,19.6,20.3,21. ,21.7,22.4,23.1,23.8,24.5,25.2,25.9,26.6,27.3,28. 
mcs_dl:0.48881291,0.06252538,0.07227366,0.        ,0.05920307,0.04460121,0.        ,0.02356995,0.01888649,0.        ,0.0201442 ,0.01881043,0.0111929 ,0.        ,0.01054328,0.01917354,0.        ,0.01802456,0.01706105,0.        ,0.01886348,0.02251702,0.02482753,0.        ,0.02662215,0.03154094,0.        ,0.02675695,0.02855911,0.        ,0.04322472,0.0460334 ,0.04124782,0.        ,0.03978693,0.02330593,0.        ,0.01897274,0.        ,0.1514901 
mcs_dl_bin_edges: 0. , 0.7, 1.4, 2.1, 2.8, 3.5, 4.2, 4.9, 5.6, 6.3, 7. , 7.7, 8.4, 9.1, 9.8,10.5,11.2,11.9,12.6,13.3,14. ,14.7,15.4,16.1,16.8,17.5,18.2,18.9,19.6,20.3,21. ,21.7,22.4,23.1,23.8,24.5,25.2,25.9,26.6,27.3,28. 
eff_ul:2.02333042,0.57412349,0.22848669,0.16952432,0.1193735 ,0.        ,0.0903674 ,0.05791069,0.        ,0.06187438,0.07757965,0.07698754,0.05226769,0.05784167,0.11705459,0.        ,0.13363051,0.12652326,0.        ,0.14358626,0.        ,0.14783151,0.13383954,0.        ,0.13211824,0.        ,0.11747617,0.07168961,0.07685402,0.09115303,0.        ,0.06917667,0.        ,0.05905689,0.        ,0.06091522,0.        ,0.03719254,0.0323862 ,0.26065185
eff_ul_bin_edges:0.        ,0.18515763,0.37031527,0.5554729 ,0.74063053,0.92578816,1.1109458 ,1.29610343,1.48126106,1.66641869,1.85157632,2.03673396,2.22189159,2.40704922,2.59220686,2.77736449,2.96252212,3.14767975,3.33283738,3.51799502,3.70315265,3.88831028,4.07346792,4.25862555,4.44378318,4.62894081,4.81409844,4.99925608,5.18441371,5.36957134,5.55472897,5.73988661,5.92504424,6.11020187,6.29535951,6.48051714,6.66567477,6.8508324 ,7.03599004,7.22114767,7.4063053 
eff_dl:0.92232683,0.92566092,0.2363811 ,0.27323509,0.22382089,0.        ,0.16861768,0.08910768,0.        ,0.07140157,0.0761564 ,0.07111402,0.04231545,0.03985952,0.07248676,0.        ,0.06814299,0.06450035,0.        ,0.07131455,0.        ,0.08512698,0.09386202,0.        ,0.10064671,0.        ,0.11924249,0.1011563 ,0.1079695 ,0.16341376,0.        ,0.17403213,0.        ,0.15593995,0.        ,0.15041697,0.        ,0.08810951,0.07172762,0.5727178 
eff_dl_bin_edges:0.        ,0.18515763,0.37031527,0.5554729 ,0.74063053,0.92578816,1.1109458 ,1.29610343,1.48126106,1.66641869,1.85157632,2.03673396,2.22189159,2.40704922,2.59220686,2.77736449,2.96252212,3.14767975,3.33283738,3.51799502,3.70315265,3.88831028,4.07346792,4.25862555,4.44378318,4.62894081,4.81409844,4.99925608,5.18441371,5.36957134,5.55472897,5.73988661,5.92504424,6.11020187,6.29535951,6.48051714,6.66567477,6.8508324 ,7.03599004,7.22114767,7.4063053 
rul:1.24215825e+00,8.16792389e-03,1.54241216e-03,6.02941882e-04,3.01354857e-04,2.24739215e-04,1.55088632e-04,1.18754244e-04,8.49737115e-05,5.81582370e-05,4.73623966e-05,4.10938441e-05,4.08616755e-05,2.29846925e-05,2.33329454e-05,1.93860790e-05,1.64839714e-05,1.35818637e-05,7.42939554e-06,3.25036055e-06,4.75945652e-06,4.06295069e-06,2.90210763e-06,3.13427624e-06,2.55385472e-06,1.62518027e-06,1.16084305e-06,1.04475875e-06,4.64337221e-07,6.96505832e-07,6.96505832e-07,1.16084305e-06,4.64337221e-07,2.32168611e-07,8.12590137e-07,0.00000000e+00,0.00000000e+00,0.00000000e+00,0.00000000e+00,3.48252916e-07
rul_bin_edges: 0.        , 0.79765395, 1.5953079 , 2.39296185, 3.1906158 , 3.98826975, 4.7859237 , 5.58357765, 6.3812316 , 7.17888555, 7.9765395 , 8.77419345, 9.5718474 ,10.36950135,11.1671553 ,11.96480925,12.7624632 ,13.56011715,14.3577711 ,15.15542505,15.953079  ,16.75073295,17.5483869 ,18.34604085,19.1436948 ,19.94134875,20.7390027 ,21.53665665,22.3343106 ,23.13196455,23.9296185 ,24.72727245,25.5249264 ,26.32258035,27.1202343 ,27.91788825,28.7155422 ,29.51319615,30.3108501 ,31.10850405,31.906158  
rdl:8.88352118e-01,5.39964680e-03,1.31633139e-03,5.84077462e-04,1.18474803e-04,9.38340354e-05,4.89496737e-05,2.55533890e-05,1.00388314e-05,7.54986492e-06,1.01217969e-05,8.54545150e-06,8.71138260e-06,5.30979511e-06,3.23565639e-06,2.90379420e-06,1.24448323e-06,1.41041433e-06,2.48896646e-07,3.31862194e-07,4.97793291e-07,9.12621034e-07,6.63724388e-07,8.29655486e-08,5.80758840e-07,5.80758840e-07,2.48896646e-07,3.31862194e-07,8.29655486e-08,8.29655486e-08,0.00000000e+00,3.31862194e-07,0.00000000e+00,0.00000000e+00,0.00000000e+00,8.29655486e-08,0.00000000e+00,8.29655486e-08,1.65931097e-07,2.48896646e-07
rdl_bin_edges: 0.        , 1.11606692, 2.23213385, 3.34820077, 4.4642677 , 5.58033462, 6.69640155, 7.81246847, 8.9285354 ,10.04460232,11.16066925,12.27673617,13.3928031 ,14.50887002,15.62493695,16.74100388,17.8570708 ,18.97313772,20.08920465,21.20527157,22.3213385 ,23.43740542,24.55347235,25.66953927,26.7856062 ,27.90167312,29.01774005,30.13380697,31.2498739 ,32.36594082,33.48200775,34.59807467,35.7141416 ,36.83020852,37.94627545,39.06234238,40.1784093 ,41.29447622,42.41054315,43.52661008,44.642677  
lul:2.10179458e+02,0.00000000e+00,0.00000000e+00,0.00000000e+00,0.00000000e+00,0.00000000e+00,0.00000000e+00,0.00000000e+00,0.00000000e+00,0.00000000e+00,0.00000000e+00,0.00000000e+00,0.00000000e+00,0.00000000e+00,0.00000000e+00,0.00000000e+00,0.00000000e+00,0.00000000e+00,0.00000000e+00,0.00000000e+00,0.00000000e+00,0.00000000e+00,0.00000000e+00,0.00000000e+00,0.00000000e+00,0.00000000e+00,0.00000000e+00,0.00000000e+00,0.00000000e+00,0.00000000e+00,0.00000000e+00,0.00000000e+00,0.00000000e+00,0.00000000e+00,0.00000000e+00,1.40726018e+02,0.00000000e+00,6.49842766e-05,0.00000000e+00,3.24921383e-05
lul_bin_edges:0.        ,0.00284977,0.00569954,0.00854931,0.01139908,0.01424885,0.01709862,0.01994839,0.02279816,0.02564793,0.02849769,0.03134746,0.03419723,0.037047  ,0.03989677,0.04274654,0.04559631,0.04844608,0.05129585,0.05414562,0.05699539,0.05984516,0.06269493,0.0655447 ,0.06839447,0.07124424,0.07409401,0.07694378,0.07979355,0.08264332,0.08549308,0.08834285,0.09119262,0.09404239,0.09689216,0.09974193,0.1025917 ,0.10544147,0.10829124,0.11114101,0.11399078
ldl:1.09351965e+02,0.00000000e+00,0.00000000e+00,0.00000000e+00,0.00000000e+00,0.00000000e+00,0.00000000e+00,0.00000000e+00,0.00000000e+00,0.00000000e+00,0.00000000e+00,0.00000000e+00,0.00000000e+00,0.00000000e+00,0.00000000e+00,0.00000000e+00,0.00000000e+00,0.00000000e+00,0.00000000e+00,0.00000000e+00,0.00000000e+00,0.00000000e+00,0.00000000e+00,0.00000000e+00,0.00000000e+00,0.00000000e+00,0.00000000e+00,0.00000000e+00,0.00000000e+00,0.00000000e+00,0.00000000e+00,0.00000000e+00,0.00000000e+00,0.00000000e+00,0.00000000e+00,2.41518235e+02,6.49777498e-05,3.24888749e-05,0.00000000e+00,3.24888749e-05
ldl_bin_edges:0.        ,0.00285006,0.00570011,0.00855017,0.01140022,0.01425028,0.01710033,0.01995039,0.02280045,0.0256505 ,0.02850056,0.03135061,0.03420067,0.03705072,0.03990078,0.04275084,0.04560089,0.04845095,0.051301  ,0.05415106,0.05700111,0.05985117,0.06270123,0.06555128,0.06840134,0.07125139,0.07410145,0.07695151,0.07980156,0.08265162,0.08550167,0.08835173,0.09120178,0.09405184,0.0969019 ,0.09975195,0.10260201,0.10545206,0.10830212,0.11115217,0.11400223
ilul:3.13594237e-01,9.68565892e-03,6.08406591e-03,2.95804860e-03,2.67074959e-03,2.32793094e-03,1.74242368e-03,2.50133749e-03,1.94379145e-03,1.47499627e-03,1.10388074e-03,1.32535508e-03,1.24130358e-03,1.13318463e-03,1.38513771e-03,1.54592311e-03,1.72564024e-03,1.00808083e-03,7.20781825e-04,7.91171592e-04,6.42336003e-04,5.22166538e-04,5.58015976e-04,4.67788176e-04,3.70679164e-04,2.53899954e-04,4.85142258e-04,5.16158064e-04,2.03012549e-04,1.65619034e-04,2.94750859e-04,2.57256643e-04,1.91700508e-04,1.69210691e-04,1.35408833e-04,4.87391240e-05,8.26081158e-05,6.00847327e-05,4.38383581e-05,8.04598348e-05
ilul_bin_edges:  0.      ,  2.758525,  5.51705 ,  8.275575, 11.0341  , 13.792625, 16.55115 , 19.309675, 22.0682  , 24.826725, 27.58525 , 30.343775, 33.1023  , 35.860825, 38.61935 , 41.377875, 44.1364  , 46.894925, 49.65345 , 52.411975, 55.1705  , 57.929025, 60.68755 , 63.446075, 66.2046  , 68.963125, 71.72165 , 74.480175, 77.2387  , 79.997225, 82.75575 , 85.514275, 88.2728  , 91.031325, 93.78985 , 96.548375, 99.3069  ,102.065425,104.82395 ,107.582475,110.341   
ildl:4.71054482e-01,8.46739909e-03,4.71544195e-03,3.15893789e-03,2.57698720e-03,2.52935457e-03,1.85800399e-03,1.55825421e-03,1.52968409e-03,9.81601293e-04,1.24729397e-03,4.23159463e-04,3.22312607e-04,5.12559349e-04,7.36579382e-04,1.35939859e-03,1.60905605e-03,8.61691922e-04,1.04058630e-03,1.14573759e-03,6.61417256e-04,3.25103397e-04,1.03779551e-04,2.04247995e-04,2.62239667e-04,3.15359282e-04,2.96391370e-04,1.81164849e-04,1.16125249e-04,0.00000000e+00,4.65920043e-05,5.60050083e-05,0.00000000e+00,1.51364887e-05,2.60631415e-05,1.31025230e-04,0.00000000e+00,1.76623903e-04,2.00227365e-04,3.66113821e-05
ildl_bin_edges: 0.     , 1.95755, 3.9151 , 5.87265, 7.8302 , 9.78775,11.7453 ,13.70285,15.6604 ,17.61795,19.5755 ,21.53305,23.4906 ,25.44815,27.4057 ,29.36325,31.3208 ,33.27835,35.2359 ,37.19345,39.151  ,41.10855,43.0661 ,45.02365,46.9812 ,48.93875,50.8963 ,52.85385,54.8114 ,56.76895,58.7265 ,60.68405,62.6416 ,64.59915,66.5567 ,68.51425,70.4718 ,72.42935,74.3869 ,76.34445,78.302  
eul:8.22675621e+01,0.00000000e+00,0.00000000e+00,0.00000000e+00,0.00000000e+00,0.00000000e+00,3.62863599e-03,1.28003539e-02,1.81912414e-02,3.31783891e-02,4.34234784e-02,6.13664025e-02,3.95138434e+00,3.62623292e-02,1.85837428e-02,1.69656756e-02,1.55558744e-02,1.00848846e-02,6.53635092e-03,5.88752197e-03,3.34827780e-03,1.76225147e-03,5.76736846e-04,3.04388891e-04,5.20665208e-04,0.00000000e+00,8.01023398e-05,0.00000000e+00,0.00000000e+00,0.00000000e+00,0.00000000e+00,0.00000000e+00,0.00000000e+00,0.00000000e+00,0.00000000e+00,0.00000000e+00,8.01023398e-06,0.00000000e+00,0.00000000e+00,1.68214913e-04
eul_bin_edges:0.        ,0.0115596 ,0.0231192 ,0.0346788 ,0.0462384 ,0.057798  ,0.0693576 ,0.0809172 ,0.0924768 ,0.1040364 ,0.11559601,0.12715561,0.13871521,0.15027481,0.16183441,0.17339401,0.18495361,0.19651321,0.20807281,0.21963241,0.23119201,0.24275161,0.25431121,0.26587081,0.27743041,0.28899001,0.30054961,0.31210921,0.32366881,0.33522841,0.34678802,0.35834762,0.36990722,0.38146682,0.39302642,0.40458602,0.41614562,0.42770522,0.43926482,0.45082442,0.46238402
edl:8.63640117e+01,0.00000000e+00,0.00000000e+00,0.00000000e+00,0.00000000e+00,0.00000000e+00,1.12143276e-04,4.88624272e-04,8.49084801e-04,1.51393422e-03,1.99454826e-03,2.67541815e-03,1.31696257e-01,1.59403656e-03,6.64849420e-04,6.08777782e-04,6.56839186e-04,4.08521933e-04,2.24286551e-04,2.80358189e-04,1.84235381e-04,1.12143276e-04,3.20409359e-05,3.20409359e-05,2.40307019e-05,0.00000000e+00,0.00000000e+00,0.00000000e+00,0.00000000e+00,0.00000000e+00,0.00000000e+00,0.00000000e+00,0.00000000e+00,0.00000000e+00,0.00000000e+00,0.00000000e+00,0.00000000e+00,0.00000000e+00,0.00000000e+00,1.60204680e-05
edl_bin_edges:0.        ,0.0115596 ,0.0231192 ,0.0346788 ,0.0462384 ,0.057798  ,0.0693576 ,0.0809172 ,0.0924768 ,0.1040364 ,0.11559601,0.12715561,0.13871521,0.15027481,0.16183441,0.17339401,0.18495361,0.19651321,0.20807281,0.21963241,0.23119201,0.24275161,0.25431121,0.26587081,0.27743041,0.28899001,0.30054961,0.31210921,0.32366881,0.33522841,0.34678802,0.35834762,0.36990722,0.38146682,0.39302642,0.40458602,0.41614562,0.42770522,0.43926482,0.45082442,0.46238402
gul:4.24149899e+00,0.00000000e+00,0.00000000e+00,0.00000000e+00,0.00000000e+00,4.32552635e-03,5.83705750e-02,1.65988068e-01,2.06015208e-01,4.46234114e-01,5.18174026e-01,7.77785709e-01,7.85072218e+01,4.80638069e-01,2.89249549e-01,2.64193537e-01,2.01441364e-01,1.43471301e-01,8.93461498e-02,5.75535311e-02,2.83722487e-02,1.33770907e-02,3.74878950e-03,3.30021640e-03,3.08394008e-03,7.20921058e-04,6.40818718e-04,0.00000000e+00,0.00000000e+00,1.44184212e-03,7.20921058e-04,0.00000000e+00,0.00000000e+00,0.00000000e+00,0.00000000e+00,0.00000000e+00,7.12910824e-04,0.00000000e+00,0.00000000e+00,5.52706144e-04
gul_bin_edges:0.        ,0.0115596 ,0.0231192 ,0.0346788 ,0.0462384 ,0.057798  ,0.0693576 ,0.0809172 ,0.0924768 ,0.1040364 ,0.11559601,0.12715561,0.13871521,0.15027481,0.16183441,0.17339401,0.18495361,0.19651321,0.20807281,0.21963241,0.23119201,0.24275161,0.25431121,0.26587081,0.27743041,0.28899001,0.30054961,0.31210921,0.32366881,0.33522841,0.34678802,0.35834762,0.36990722,0.38146682,0.39302642,0.40458602,0.41614562,0.42770522,0.43926482,0.45082442,0.46238402
gdl:1.44905133e-01,0.00000000e+00,0.00000000e+00,0.00000000e+00,0.00000000e+00,4.32552635e-03,6.18870677e-02,1.78299798e-01,2.23357364e-01,4.77898569e-01,5.59602956e-01,8.36476693e-01,8.23270541e+01,5.15306362e-01,3.07168442e-01,2.80550435e-01,2.16340399e-01,1.53147663e-01,9.56582141e-02,6.31606949e-02,3.15362912e-02,1.50271989e-02,4.29348541e-03,3.57256435e-03,3.58057459e-03,7.20921058e-04,7.20921058e-04,0.00000000e+00,0.00000000e+00,1.44184212e-03,7.20921058e-04,0.00000000e+00,0.00000000e+00,0.00000000e+00,0.00000000e+00,0.00000000e+00,7.20921058e-04,0.00000000e+00,0.00000000e+00,7.04900590e-04
gdl_bin_edges:0.        ,0.0115596 ,0.0231192 ,0.0346788 ,0.0462384 ,0.057798  ,0.0693576 ,0.0809172 ,0.0924768 ,0.1040364 ,0.11559601,0.12715561,0.13871521,0.15027481,0.16183441,0.17339401,0.18495361,0.19651321,0.20807281,0.21963241,0.23119201,0.24275161,0.25431121,0.26587081,0.27743041,0.28899001,0.30054961,0.31210921,0.32366881,0.33522841,0.34678802,0.35834762,0.36990722,0.38146682,0.39302642,0.40458602,0.41614562,0.42770522,0.43926482,0.45082442,0.46238402
ri:34.6151907, 0.       , 0.       , 0.       , 0.       , 0.       , 0.       , 0.       , 0.       , 0.       , 0.       , 0.       , 0.       , 0.       , 0.       , 0.       , 0.       , 0.       , 0.       , 0.       , 0.       , 0.       , 0.       , 0.       , 0.       , 0.       , 0.       , 0.       , 0.       , 0.       , 0.       , 0.       , 0.       , 0.       , 0.       , 0.       , 0.       , 0.       , 0.       , 5.3848093
ri_bin_edges:1.   ,1.025,1.05 ,1.075,1.1  ,1.125,1.15 ,1.175,1.2  ,1.225,1.25 ,1.275,1.3  ,1.325,1.35 ,1.375,1.4  ,1.425,1.45 ,1.475,1.5  ,1.525,1.55 ,1.575,1.6  ,1.625,1.65 ,1.675,1.7  ,1.725,1.75 ,1.775,1.8  ,1.825,1.85 ,1.875,1.9  ,1.925,1.95 ,1.975,2.   
