period:1.0
ue_log_freq:1000
mac_log_freq:1000
mimo_layers:2
frequency:2412000000.0
bandwidth:50000000.0
ue_speed:5.55556
max_distance:1000.0
shannon_cfg_bandwidth_mhz:50.0
shannon_cfg_mimo_layers:2
shannon_cfg_bw_efficiency:0.67
shannon_cfg_sinr_offset_db:0.0
shannon_cfg_ul_divisor:2.0
shannon_cfg_sinr_sample_rate:1000
n_ue:160
sinr_period:9.463590170471146
sinr_rate:105.66814306057537
ul_fairness:0.12746077944208928
dl_fairness:0.12686594509142124
ul_agg_throughput:18.813284214565286
dl_agg_throughput:232.31348968468996
ul_ave_throughput:0.11758302634103304
dl_ave_throughput:1.4519593105293123
ul_se:0.3762656842913057
dl_se:4.6462697936938
ul_ase:1.1976908714163163e-07
dl_ase:1.4789536092098578e-06
ul_gr:0.049419712980958846, 0.049419712980958846, 0.04941805306078448, 0.049445678994871504, 0.07992100135407378, 0.049445678994871504, 0.054978226304888356, 0.049445678994871504, 0.04944544570991819, 0.04944591228202612, 0.049445678994871504, 0.04944591228202612, 0.04944591228202612, 0.05348195283544065, 0.049446145571382064, 0.04944591228202612, 0.12297607005359704, 0.04944591228202612, 0.04944591228202612, 0.04944591228202612, 0.04944591228202612, 0.12784113384162452, 0.04944591228202612, 0.04944591228202612, 0.04941702926434233, 0.04944836566769835, 0.04944836566769835, 0.04944813236896859, 0.08561464098172708, 0.04944813236896859, 0.08840012644312653, 0.04944813236896859, 0.099168249564762, 0.08339544802596816, 0.08130987530254348, 0.04941702926434233, 0.04944813236896859, 0.04944813236896859, 0.04944813236896859, 0.04944813236896859, 0.04944813236896859, 0.04944813236896859, 0.04944813236896859, 0.04944813236896859, 0.04944813236896859, 0.10315147226035962, 0.1326994727431591, 0.04944813236896859, 0.04944813236896859, 0.04944813236896859, 0.04944813236896859, 0.04944836566769835, 0.04944836566769835, 0.04944859896862954, 0.08126901029011424, 0.10214149496817662, 0.04944859896862954, 0.04941679612225834, 0.04944859896862954, 0.04944859896862954, 0.07891665526466023, 0.04944836566769835, 0.06247901411640372, 0.07208273571374652, 0.04944859896862954, 0.04944859896862954, 0.04944859896862954, 0.04944836566769835, 0.0494172624086262, 0.0494172624086262, 0.04941749555510998, 0.04941749555510998, 0.09935459228813519, 0.15064646201746565, 0.0494172624086262, 0.0494172624086262, 0.0721679894852778, 0.0494172624086262, 0.04941585485261231, 0.0494160879935553, 0.1829471208100228, 0.0494160879935553, 0.0494160879935553, 0.24818512291149872, 0.15911539040989445, 0.0494160879935553, 0.0494160879935553, 0.1407695669335145, 0.04941632113669818, 0.11255992981137686, 0.0494160879935553, 0.04941585485261231, 0.11121829995937854, 0.14880606125086693, 0.049419479828413444, 0.023663895677445534, 0.023664007322239892, 0.02366411896808772, 0.02366411896808772, 0.023664007322239892, 0.02366411896808772, 0.02366411896808772, 0.023664007322239892, 0.023664007322239892, 0.023664007322239892, 0.049419479828413444, 0.023664007322239892, 0.023664007322239892, 0.023664007322239892, 0.023664007322239892, 0.023664007322239892, 0.023664007322239892, 0.023664007322239892, 0.023664007322239892, 0.023664007322239892, 0.023664007322239892, 0.049419479828413444, 0.023664007322239892, 0.023664007322239892, 0.023664007322239892, 0.02366411896808772, 0.023664230614989033, 0.023664230614989033, 0.02366434226294385, 0.02366434226294385, 0.02366434226294385, 0.02366434226294385, 0.04941805306078448, 0.02366434226294385, 0.02366434226294385, 0.02366434226294385, 0.02366434226294385, 0.02366434226294385, 0.02366445391195218, 0.02366434226294385, 0.02366445391195218, 0.02366456556201404, 0.02366456556201404, 0.04941805306078448, 0.11768144824560163, 0.04944591228202612, 0.13436457311089303, 0.04944591228202612, 0.04944591228202612, 0.0551582662193977, 0.049445678994871504, 0.049445678994871504, 0.049445678994871504, 0.049445678994871504, 0.04941805306078448, 0.049445678994871504, 0.049445678994871504, 0.049445678994871504, 0.06058371156005548, 0.04944544570991819, 0.04944544570991819, 0.049445678994871504, 0.049445678994871504, 0.049445678994871504, 0.049445678994871504
dl_gr:0.049419712980958846, 0.15186144764052048, 0.04941805306078448, 9.738007954593708e-05, 9.738007954593708e-05, 9.738007954593708e-05, 9.738007954593708e-05, 9.738007954593708e-05, 9.737962010624947e-05, 9.738053898996e-05, 9.738007954593708e-05, 9.738053898996e-05, 9.738053898996e-05, 0.12647666996225704, 9.738099843831829e-05, 9.738053898996e-05, 9.738053898996e-05, 9.738053898996e-05, 9.738053898996e-05, 9.738053898996e-05, 9.738053898996e-05, 9.738053898996e-05, 9.738053898996e-05, 9.738053898996e-05, 0.04941702926434233, 0.04967834226617348, 0.04967834226617348, 0.049678107882407896, 0.37172490127528274, 0.049678107882407896, 10.756640047557713, 0.049678107882407896, 0.6671993130552527, 0.4549112251830603, 0.4026505121418428, 0.04941702926434233, 0.049678107882407896, 0.0723291673153954, 0.049678107882407896, 0.049678107882407896, 0.049678107882407896, 0.0937655423608064, 0.049678107882407896, 0.049678107882407896, 0.049678107882407896, 3.6235140809519097, 0.3132294576856954, 0.049678107882407896, 0.049678107882407896, 0.049678107882407896, 0.049678107882407896, 0.04967834226617348, 0.05767468105986261, 0.04967857665215074, 0.4557487343772853, 0.405275181527806, 0.04967857665215074, 0.07617957984237667, 0.04967857665215074, 0.04967857665215074, 0.19591048874504013, 0.04967834226617348, 0.33624220578244124, 0.3024756926096475, 0.04967857665215074, 0.04967857665215074, 0.04967857665215074, 0.04967834226617348, 0.0494172624086262, 0.2230113269549771, 0.24216390762283097, 0.04941749555510998, 0.3356427271348773, 0.3395820430040716, 0.0494172624086262, 0.0494172624086262, 0.3395820430040716, 0.0494172624086262, 0.04941585485261231, 0.10836281211273986, 0.21329578814372727, 0.0494160879935553, 0.0494160879935553, 0.29721665766341293, 0.23523245983336244, 0.24454713366607378, 0.0494160879935553, 0.2856695635631452, 0.04941632113669818, 0.2398243681944451, 0.06224374531074699, 0.04941585485261231, 0.3012561193552938, 0.33958224212005267, 0.049419479828413444, 5.797073608922522, 2.6770531003930045, 4.248974579629734, 0.5090440657494951, 0.049753223531187926, 0.04975345826492291, 0.04975345826492291, 0.049753223531187926, 0.049753223531187926, 0.6733735616186302, 0.049419479828413444, 12.371873125209357, 3.41887530017881, 0.049753223531187926, 0.049753223531187926, 9.81661287902735, 0.049753223531187926, 0.049753223531187926, 0.049753223531187926, 3.2409255462192803, 0.049753223531187926, 0.049419479828413444, 4.365476695744892, 0.049753223531187926, 0.049753223531187926, 9.927760403102532, 8.326458729447289, 0.049753693000872824, 0.049753927739037716, 11.703159553488021, 0.07125315870424714, 0.049753927739037716, 0.04941805306078448, 0.049753927739037716, 0.049753927739037716, 0.049753927739037716, 0.6245333232682564, 0.049753927739037716, 6.816445004316996, 0.6836592845617444, 0.04975416247941761, 0.08197625877557183, 11.065987770816035, 0.04941805306078448, 9.738007954593708e-05, 9.738053898996e-05, 9.738053898996e-05, 9.738053898996e-05, 9.738053898996e-05, 9.738007954593708e-05, 9.738007954593708e-05, 9.738007954593708e-05, 9.738007954593708e-05, 9.738007954593708e-05, 0.04941805306078448, 9.738007954593708e-05, 9.738007954593708e-05, 9.738007954593708e-05, 9.737962010624947e-05, 9.737962010624947e-05, 9.737962010624947e-05, 9.738007954593708e-05, 9.738007954593708e-05, 9.738007954593708e-05, 9.738007954593708e-05
ul_tr:0.0, 0.0, 0.0, 0.0, 0.03046720146959467, 0.0, 0.005531641021179224, 0.0, 0.0, 0.0, 0.0, 0.0, 0.0, 0.05330825662313645, 0.0, 0.0, 0.07351044868421908, 0.0, 0.0, 0.0, 0.0, 0.09459191624799484, 0.0, 0.0, 0.0, 0.0, 0.0, 0.0, 0.05568506686161554, 0.0, 0.03895503799644166, 0.0, 0.049820820664265186, 0.06534360778987695, 0.06731813207928172, 0.0, 0.0, 0.0, 0.0, 0.0, 0.0, 0.0, 0.0, 0.0, 0.0, 0.08509973426298756, 0.08325994149820722, 0.0, 0.0, 0.0, 0.0, 0.0, 0.0, 0.0, 0.0554700482107657, 0.07563650784162379, 0.0, 0.0, 0.0, 0.0, 0.06086476491127667, 0.0, 0.012989837411489395, 0.06684642367281272, 0.0, 0.0, 0.0, 0.0, 0.0, 0.0, 0.0, 0.0, 0.05023888948203224, 0.10123490963884525, 0.0, 0.0, 0.022750671077142275, 0.0, 0.0, 0.0, 0.13580357587043598, 0.0, 0.0, 0.1988883960155782, 0.10991816481592964, 0.0, 0.0, 0.09151794715223915, 0.0, 0.06324880569110716, 0.0, 0.0, 0.061861717130738784, 0.09953240051925626, 0.0, 0.023500530894290377, 0.014676149338309184, 0.0, 0.023306949360763555, 0.0, 0.0, 0.0, 0.0, 0.0, 0.02354115289445501, 0.0, 0.023541152745415343, 0.013519123926315244, 0.0, 0.0, 0.018935919238019315, 0.0, 0.0, 0.0, 0.0, 0.0, 0.0, 0.0, 0.0, 0.0, 0.01759056004647191, 0.02124402197556085, 0.0, 0.0, 0.022222898560126256, 0.0, 0.0, 0.0, 0.0, 0.0, 0.0, 0.0, 0.0, 0.015269050802792505, 0.0, 0.0, 0.0, 0.02318891687525761, 0.0, 0.0682394833478257, 0.0, 0.11062162102547275, 0.0, 0.0, 0.0057016786942482535, 0.0, 0.0, 0.0, 0.0, 0.0, 0.0, 0.0, 0.0, 0.060583680760400854, 0.0, 0.0, 0.0, 0.0, 0.0, 0.0
dl_tr:0.0, 0.15174352377479453, 0.0, 8.277307044486277e-05, 2.434501988648427e-05, 5.0313042985944994e-05, 1.9476016380990122e-05, 0.0, 0.0, 0.0, 0.0, 0.0, 5.51823024080924e-05, 0.12650551595069826, 0.0, 4.8690269872423945e-05, 8.277346234052993e-05, 9.413439867988982e-05, 0.0, 0.0, 6.329735307994263e-05, 9.738053974484789e-05, 0.0, 0.0, 0.0, 0.0, 0.0, 0.0, 0.3221834035904186, 0.0, 10.706165060418016, 0.0, 0.6174196715294428, 0.4052047067679003, 0.40265067543743194, 0.0, 0.0, 0.02259501224139314, 0.0, 0.0, 0.0, 0.04423963373153482, 0.0, 0.0, 0.0, 3.6235153938967604, 0.263840591118277, 0.0, 0.0, 0.0, 0.0, 0.0, 0.007022625429342494, 0.0, 0.4059200160582871, 0.3553072703370118, 0.0, 0.026734118022041793, 0.0, 0.0, 0.1462054506834127, 0.0, 0.2862744325353853, 0.3024756261906941, 0.0, 0.0, 0.0, 0.0, 0.0, 0.173622165896329, 0.22442860817517146, 0.0, 0.3356152428739449, 0.33956936095839285, 0.0, 0.0, 0.33958636407243853, 0.0, 0.0, 0.05893802823799167, 0.2133168767974636, 0.0, 0.0, 0.2477938643302369, 0.1858132339447624, 0.19516517089228477, 0.0, 0.24718974317976375, 0.0, 0.1904195166925367, 0.06226777982430398, 0.0, 0.28421225505885633, 0.3310471497319268, 0.0, 5.796131299457566, 2.6272359407718784, 4.1965934580667215, 0.4586546667978259, 0.0, 0.0, 0.0, 0.0, 0.0, 0.6733586297362201, 0.0, 12.372454289108262, 3.367828656959147, 0.0, 0.0, 9.765884988033323, 0.0, 0.0, 0.0, 3.1904117421341684, 0.0, 0.0, 4.364028840555935, 0.0, 0.0, 9.875677784254385, 8.325035465553302, 0.0, 0.0, 11.653397218595753, 0.02208881685601593, 0.0, 0.0, 0.0, 0.0, 0.0, 0.5739068939116034, 0.0, 6.767069305150345, 0.6322286163338083, 0.0, 0.03182085147108779, 11.063338641112136, 0.0, 9.413407802673232e-05, 7.465841832112931e-05, 9.900355070959463e-05, 0.0, 3.5706235374046954e-05, 5.3559042806659964e-05, 0.0, 9.413408227295673e-05, 9.251108491033389e-05, 0.0, 0.0, 0.0, 6.492006246667895e-05, 0.0, 9.900261523726846e-05, 5.355878657633261e-05, 0.0, 8.926517473213401e-05, 0.0, 3.246002793072049e-05, 9.900297046986831e-05
ul_er:0.29016058770071995, 0.29016058770071995, 0.2901620472076127, 0.08489999197935391, 0.054434671837624383, 0.08489999197935391, 0.07936744466933708, 0.08489999197935391, 0.08489959142077999, 0.08490039254170756, 0.08489999197935391, 0.08490039254170756, 0.08490039254170756, 0.2860999577755709, 0.08490079310784096, 0.08490039254170756, 0.01138850305729599, 0.08490039254170756, 0.08490039254170756, 0.08490039254170756, 0.08490039254170756, 0.006513437004604816, 0.08490039254170756, 0.08490039254170756, 0.29016306741951314, 0.053703404544425154, 0.053703404544425154, 0.05370315117030662, 0.017536831278632526, 0.05370315117030662, 0.014751157096148673, 0.05370315117030662, 0.003983033974513217, 0.019756510908130142, 0.02184159695781612, 0.29016306741951314, 0.05370315117030662, 0.05370315117030662, 0.05370315117030662, 0.05370315117030662, 0.05370315117030662, 0.05370315117030662, 0.05370315117030662, 0.05370315117030662, 0.05370315117030662, 0.0, 0.20688064998334596, 0.05370315117030662, 0.05370315117030662, 0.05370315117030662, 0.05370315117030662, 0.053703404544425154, 0.053703404544425154, 0.05370365792093455, 0.021883435322315067, 0.001010950644252681, 0.05370365792093455, 0.29016340142865904, 0.05370365792093455, 0.05370365792093455, 0.024235790347769057, 0.053703404544425154, 0.04067275609571979, 0.031069223220351775, 0.05370365792093455, 0.05370365792093455, 0.05370365792093455, 0.053703404544425154, 0.29016284323977753, 0.29016284323977753, 0.29016270624491647, 0.29016253073854253, 0.24022559186235332, 0.1889336696737105, 0.29016284323977753, 0.29016284323977753, 0.2674121422058984, 0.29016284323977753, 0.29016421220364413, 0.2901640752145954, 0.15663480086800624, 0.2901640752145954, 0.2901640752145954, 0.0913951608791157, 0.18046457011573103, 0.2901640752145954, 0.2901640752145954, 0.1988110615604182, 0.2901639642673951, 0.22702025943979204, 0.2901640752145954, 0.2901642099390445, 0.22836213273739484, 0.19077415404327291, 0.2901606782797941, 0.0, 0.0, 0.0, 0.0, 0.0, 0.0, 0.0, 0.0, 0.0, 0.0, 0.2901606782797941, 0.0, 0.0, 0.0, 0.0, 0.0, 0.0, 0.0, 0.0, 0.0, 0.0, 0.2901606782797941, 0.0, 0.0, 0.0, 0.0, 0.0, 0.0, 0.0, 0.0, 0.0, 0.0, 0.2901620472076127, 0.0, 0.0, 0.0, 0.0, 0.0, 0.0, 0.0, 0.0, 0.0, 0.0, 0.2901620472076127, 0.01668335904658108, 0.08490039254170756, 0.0, 0.08490039254170756, 0.08490039254170756, 0.07918740475482773, 0.08489999197935391, 0.08489999197935391, 0.08489999197935391, 0.08489999197935391, 0.2901620472076127, 0.08489999197935391, 0.08489999197935391, 0.08489999197935391, 0.07376132557064269, 0.08489959142077999, 0.08489959142077999, 0.08489999197935391, 0.08489999197935391, 0.08489999197935391, 0.08489999197935391
dl_er:0.29016058770071995, 0.1877206929936026, 0.2901620472076127, 0.0, 0.0, 0.0, 0.0, 0.0, 0.0, 0.0, 0.0, 0.0, 0.0, 0.2131051591239385, 0.0, 0.0, 0.0, 0.0, 0.0, 0.0, 0.0, 0.0, 0.0, 0.0, 0.29016306741951314, 15.732105873027855, 15.732105873027855, 15.732031648525853, 15.409984855132977, 15.732031648525853, 5.025069708850547, 15.732031648525853, 15.114510443353007, 15.326872990110969, 15.37905924426642, 0.29016306741951314, 15.732031648525853, 15.709380589092865, 15.732031648525853, 15.732031648525853, 15.732031648525853, 15.687944214047455, 15.732031648525853, 15.732031648525853, 15.732031648525853, 12.158195675456351, 0.026350632204378183, 15.732031648525853, 15.732031648525853, 15.732031648525853, 15.732031648525853, 15.732105873027855, 15.724109534234167, 15.732180098230252, 15.326109940505118, 15.376583493354595, 15.732180098230252, 0.26340061770854073, 15.732180098230252, 15.732180098230252, 15.585948186137362, 15.732105873027855, 15.445542009511586, 15.47930852268438, 15.732180098230252, 15.732180098230252, 15.732180098230252, 15.732105873027855, 0.29016284323977753, 0.11656892928844728, 0.09741795299625398, 0.29016253073854253, 0.003939135044276595, 0.0, 0.29016284323977753, 0.29016284323977753, 0.0, 0.29016284323977753, 0.29016421220364413, 0.2312171155758008, 0.12628586064885802, 0.2901640752145954, 0.2901640752145954, 0.04236355932294787, 0.10434778490061664, 0.09503302840963027, 0.2901640752145954, 0.05391274075029723, 0.2901639642673951, 0.09975561724165749, 0.2773382318502338, 0.2901642099390445, 0.03832610578051208, 0.0, 0.2901606782797941, 6.575360363845668, 9.694804927414523, 8.123561040970767, 11.863491554851008, 12.322724024212457, 12.322782162335578, 12.322782162335578, 12.322724024212457, 12.322724024212457, 11.699118783526847, 0.2901606782797941, 0.0, 8.952982727628717, 12.322724024212457, 12.322724024212457, 2.5552451487801773, 12.322724024212457, 12.322724024212457, 12.322724024212457, 9.131551701524366, 12.322724024212457, 0.2901606782797941, 8.006396429464466, 12.322724024212457, 12.322724024212457, 2.4441559946403975, 4.046150362105164, 12.32284030100729, 12.322898440227597, 0.668873585778046, 12.301414306877907, 12.322898440227597, 0.2901620472076127, 12.322898440227597, 12.322898440227597, 12.322898440227597, 11.748119044698377, 12.322898440227597, 5.555646506536826, 11.688993083404888, 12.322956579996509, 12.290792858760472, 1.3061772099343247, 0.2901620472076127, 0.0, 0.0, 0.0, 0.0, 0.0, 0.0, 0.0, 0.0, 0.0, 0.0, 0.2901620472076127, 0.0, 0.0, 0.0, 0.0, 0.0, 0.0, 0.0, 0.0, 0.0, 0.0
ul_er_ratio:1.0, 1.0, 1.0, 1.0, 0.6411480656104191, 1.0, 0.9348445159781368, 1.0, 1.0, 1.0, 1.0, 1.0, 1.0, 0.8429376356798645, 1.0, 1.0, 0.13414185715707821, 1.0, 1.0, 1.0, 1.0, 0.06442227631935345, 1.0, 1.0, 1.0, 1.0, 1.0, 1.0, 0.2395025494291715, 1.0, 0.2746639763013828, 1.0, 0.07402878476373138, 0.23215609108889299, 0.2449715493048235, 1.0, 1.0, 1.0, 1.0, 1.0, 1.0, 1.0, 1.0, 1.0, 1.0, 0.0, 0.7130358731501352, 1.0, 1.0, 1.0, 1.0, 1.0, 1.0, 1.0, 0.2829017430476348, 0.013189617297473274, 1.0, 1.0, 1.0, 1.0, 0.28479003778524614, 1.0, 0.7579349680565792, 0.3173060098785981, 1.0, 1.0, 1.0, 1.0, 1.0, 1.0, 1.0, 1.0, 0.8270394739848858, 0.6511169132140947, 1.0, 1.0, 0.9215934294965977, 1.0, 1.0, 1.0, 0.5356164352126086, 1.0, 1.0, 0.3148478744604577, 0.621471418258396, 1.0, 1.0, 0.6847784947221182, 1.0, 0.7821028373706147, 1.0, 1.0, 0.7868482650242345, 0.6571472501912872, 1.0, 0.0, 0.0, 0.0, 0.0, 0.0, 0.0, 0.0, 0.0, 0.0, 0.0, 1.0, 0.0, 0.0, 0.0, 0.0, 0.0, 0.0, 0.0, 0.0, 0.0, 0.0, 1.0, 0.0, 0.0, 0.0, 0.0, 0.0, 0.0, 0.0, 0.0, 0.0, 0.0, 1.0, 0.0, 0.0, 0.0, 0.0, 0.0, 0.0, 0.0, 0.0, 0.0, 0.0, 1.0, 0.19645314000559036, 1.0, 0.0, 1.0, 1.0, 0.9328337818882374, 1.0, 1.0, 1.0, 1.0, 1.0, 1.0, 1.0, 1.0, 0.5490440440256127, 1.0, 1.0, 1.0, 1.0, 1.0, 1.0
dl_er_ratio:1.0, 0.5529911069291787, 1.0, 0.0, 0.0, 0.0, 0.0, 0.0, 0.0, 0.0, 0.0, 0.0, 0.0, 0.6274984114592513, 0.0, 0.0, 0.0, 0.0, 0.0, 0.0, 0.0, 0.0, 0.0, 0.0, 1.0, 1.0, 1.0, 1.0, 0.9795207247791944, 1.0, 0.3194326308489891, 1.0, 0.9607537239855036, 0.9742434079862007, 0.9744862453127013, 1.0, 1.0, 0.9985637523974118, 1.0, 1.0, 1.0, 0.9971879534234035, 1.0, 1.0, 1.0, 0.7703978118739385, 0.09080437341511077, 1.0, 1.0, 1.0, 1.0, 1.0, 0.9995535842329677, 1.0, 0.9741978614851965, 0.9774148399786095, 1.0, 0.907856196691778, 1.0, 1.0, 0.9907065838499555, 1.0, 0.981802836716919, 0.9808338763642098, 1.0, 1.0, 1.0, 1.0, 1.0, 0.4016971272472134, 0.3026844613212013, 1.0, 0.011600896058024905, 0.0, 1.0, 1.0, 0.0, 1.0, 1.0, 0.7968740878989371, 0.3718634943831071, 1.0, 1.0, 0.14600198330125644, 0.3596202733083918, 0.32747628564972675, 1.0, 0.179051132513473, 1.0, 0.34377727646463335, 0.8166470036343807, 1.0, 0.11882650386382836, 0.0, 1.0, 0.53149293090903, 0.7867856494815729, 0.6593716857694779, 0.9627780210892147, 1.0, 1.0, 1.0, 1.0, 1.0, 0.9455760873716049, 1.0, 0.0, 0.7266552865851049, 1.0, 1.0, 0.20738723805420473, 1.0, 1.0, 1.0, 0.7410792722505515, 1.0, 1.0, 0.6472207910966397, 1.0, 1.0, 0.19839196197821296, 0.3270624512857222, 1.0, 1.0, 0.05428168203709895, 0.9982075862168222, 1.0, 1.0, 1.0, 1.0, 1.0, 0.9534243072713134, 1.0, 0.4508459491752388, 0.9486878304975864, 1.0, 0.9974176865217591, 0.1055964700367656, 1.0, 0.0, 0.0, 0.0, 0.0, 0.0, 0.0, 0.0, 0.0, 0.0, 0.0, 1.0, 0.0, 0.0, 0.0, 0.0, 0.0, 0.0, 0.0, 0.0, 0.0, 0.0
ul_er_perc:100.0, 100.0, 100.0, 100.0, 64.11480656104192, 100.0, 93.48445159781367, 100.0, 100.0, 100.0, 100.0, 100.0, 100.0, 84.29376356798645, 100.0, 100.0, 13.414185715707822, 100.0, 100.0, 100.0, 100.0, 6.442227631935345, 100.0, 100.0, 100.0, 100.0, 100.0, 100.0, 23.95025494291715, 100.0, 27.466397630138278, 100.0, 7.402878476373139, 23.2156091088893, 24.497154930482353, 100.0, 100.0, 100.0, 100.0, 100.0, 100.0, 100.0, 100.0, 100.0, 100.0, 0.0, 71.30358731501352, 100.0, 100.0, 100.0, 100.0, 100.0, 100.0, 100.0, 28.290174304763482, 1.3189617297473275, 100.0, 100.0, 100.0, 100.0, 28.479003778524614, 100.0, 75.79349680565792, 31.73060098785981, 100.0, 100.0, 100.0, 100.0, 100.0, 100.0, 100.0, 100.0, 82.70394739848858, 65.11169132140947, 100.0, 100.0, 92.15934294965977, 100.0, 100.0, 100.0, 53.56164352126086, 100.0, 100.0, 31.48478744604577, 62.147141825839604, 100.0, 100.0, 68.47784947221182, 100.0, 78.21028373706147, 100.0, 100.0, 78.68482650242345, 65.71472501912872, 100.0, 0.0, 0.0, 0.0, 0.0, 0.0, 0.0, 0.0, 0.0, 0.0, 0.0, 100.0, 0.0, 0.0, 0.0, 0.0, 0.0, 0.0, 0.0, 0.0, 0.0, 0.0, 100.0, 0.0, 0.0, 0.0, 0.0, 0.0, 0.0, 0.0, 0.0, 0.0, 0.0, 100.0, 0.0, 0.0, 0.0, 0.0, 0.0, 0.0, 0.0, 0.0, 0.0, 0.0, 100.0, 19.645314000559036, 100.0, 0.0, 100.0, 100.0, 93.28337818882375, 100.0, 100.0, 100.0, 100.0, 100.0, 100.0, 100.0, 100.0, 54.90440440256127, 100.0, 100.0, 100.0, 100.0, 100.0, 100.0
dl_er_perc:100.0, 55.29911069291787, 100.0, 0.0, 0.0, 0.0, 0.0, 0.0, 0.0, 0.0, 0.0, 0.0, 0.0, 62.74984114592513, 0.0, 0.0, 0.0, 0.0, 0.0, 0.0, 0.0, 0.0, 0.0, 0.0, 100.0, 100.0, 100.0, 100.0, 97.95207247791944, 100.0, 31.94326308489891, 100.0, 96.07537239855036, 97.42434079862007, 97.44862453127013, 100.0, 100.0, 99.85637523974118, 100.0, 100.0, 100.0, 99.71879534234034, 100.0, 100.0, 100.0, 77.03978118739386, 9.080437341511077, 100.0, 100.0, 100.0, 100.0, 100.0, 99.95535842329677, 100.0, 97.41978614851965, 97.74148399786094, 100.0, 90.78561966917779, 100.0, 100.0, 99.07065838499555, 100.0, 98.18028367169191, 98.08338763642098, 100.0, 100.0, 100.0, 100.0, 100.0, 40.16971272472134, 30.26844613212013, 100.0, 1.1600896058024905, 0.0, 100.0, 100.0, 0.0, 100.0, 100.0, 79.68740878989371, 37.186349438310714, 100.0, 100.0, 14.600198330125643, 35.96202733083918, 32.74762856497267, 100.0, 17.9051132513473, 100.0, 34.377727646463335, 81.66470036343807, 100.0, 11.882650386382835, 0.0, 100.0, 53.14929309090301, 78.67856494815729, 65.9371685769478, 96.27780210892148, 100.0, 100.0, 100.0, 100.0, 100.0, 94.55760873716049, 100.0, 0.0, 72.6655286585105, 100.0, 100.0, 20.738723805420474, 100.0, 100.0, 100.0, 74.10792722505515, 100.0, 100.0, 64.72207910966397, 100.0, 100.0, 19.839196197821295, 32.70624512857222, 100.0, 100.0, 5.428168203709895, 99.82075862168222, 100.0, 100.0, 100.0, 100.0, 100.0, 95.34243072713134, 100.0, 45.08459491752388, 94.86878304975865, 100.0, 99.7417686521759, 10.55964700367656, 100.0, 0.0, 0.0, 0.0, 0.0, 0.0, 0.0, 0.0, 0.0, 0.0, 0.0, 100.0, 0.0, 0.0, 0.0, 0.0, 0.0, 0.0, 0.0, 0.0, 0.0, 0.0
ul_l:0.0, 0.0, 0.0, 0.0, 9.55525917679863e-05, 0.0, 4.507927294305813e-05, 0.0, 0.0, 0.0, 0.0, 0.0, 0.0, 6.605887639318739e-05, 0.0, 0.0, 0.00024944575573337366, 0.0, 0.0, 0.0, 0.0, 0.00025826674307956516, 0.0, 0.0, 0.0, 0.0, 0.0, 0.0, 6.112561671597004e-05, 0.0, 0.0001561067551145773, 0.0, 0.00014059856009209588, 0.00010727637393796708, 0.00012113938208659468, 0.0, 0.0, 0.0, 0.0, 0.0, 0.0, 0.0, 0.0, 0.0, 0.0, 0.00020248605653470347, 0.001185627590279298, 0.0, 0.0, 0.0, 0.0, 0.0, 0.0, 0.0, 0.000117822330233403, 0.00014951974490566217, 0.0, 0.0, 0.0, 0.0, 6.027779945647814e-05, 0.0, 2.588440983147128e-05, 0.00010820137383888803, 0.0, 0.0, 0.0, 0.0, 0.0, 0.0, 0.0, 0.0, 0.0001302943213957153, 0.0011674535620506796, 0.0, 0.0, 0.0003724248468581188, 0.0, 0.0, 0.0, 0.0018507966312200118, 0.0, 0.0, 0.002045721520054443, 0.0005838833418570748, 0.0, 0.0, 0.0004841077938006001, 0.0, 0.00035675024106021495, 0.0, 0.0, 0.00020026842694320074, 0.0011593417480979633, 0.0, 4.652598734371904e-05, 2.3394276478247946e-05, 0.0, 4.672451400337806e-05, 0.0, 0.0, 0.0, 0.0, 0.0, 3.7695475582311506e-05, 0.0, 1.9562803231315787e-05, 3.312402946210788e-05, 0.0, 0.0, 4.340125806272027e-05, 0.0, 0.0, 0.0, 0.0, 0.0, 0.0, 0.0, 0.0, 0.0, 4.1154872670742987e-05, 3.417339110471562e-05, 0.0, 0.0, 3.775691012719741e-05, 0.0, 0.0, 0.0, 0.0, 0.0, 0.0, 0.0, 0.0, 4.135005409784244e-05, 0.0, 0.0, 0.0, 5.528545686806447e-05, 0.0, 0.0002228545737404047, 0.0, 0.0003383073651482411, 0.0, 0.0, 4.687161270706242e-05, 0.0, 0.0, 0.0, 0.0, 0.0, 0.0, 0.0, 0.0, 0.00013878183130537757, 0.0, 0.0, 0.0, 0.0, 0.0, 0.0
dl_l:0.0, 0.0005002978664609694, 0.0, 8.722520643727619e-07, 3.50980476332017e-07, 2.7351325152274327e-07, 2.1915526036432607e-07, 0.0, 0.0, 0.0, 0.0, 0.0, 5.351909474786744e-07, 0.00022291452520994525, 0.0, 7.275303200724692e-07, 9.630332386578092e-07, 1.8329091917037818e-07, 0.0, 0.0, 2.9595795934928665e-07, 1.3503082009134144e-06, 0.0, 0.0, 0.0, 0.0, 0.0, 0.0, 1.7121781193472138e-05, 0.0, 0.00026862359691441027, 0.0, 3.0052301436639257e-05, 2.2964677421302937e-05, 2.465484284865041e-05, 0.0, 0.0, 2.114126993720306e-06, 0.0, 0.0, 0.0, 4.85537765919803e-06, 0.0, 0.0, 0.0, 0.00013950855387751058, 0.002068394630835063, 0.0, 0.0, 0.0, 0.0, 0.0, 5.865885313655923e-07, 0.0, 2.761820561308982e-05, 2.5121384085000775e-05, 0.0, 1.1967219463957994e-05, 0.0, 0.0, 9.222693686748352e-06, 0.0, 2.281052672869329e-05, 2.361463268004076e-05, 0.0, 0.0, 0.0, 0.0, 0.0, 0.0011614841469836147, 0.0004518251827423358, 0.0, 0.004067864738608625, 0.004895443950794729, 0.0, 0.0, 0.0034739651616595662, 0.0, 0.0, 4.4616652411574046e-05, 0.002263758622306411, 0.0, 0.0, 0.0029817066986077756, 0.002233199075958331, 0.0005627494276532504, 0.0, 0.0009962243797712732, 0.0, 0.002616264614858202, 0.0001470249555013517, 0.0, 0.001494887378567351, 0.004559577055976448, 0.0, 0.0004532813948423744, 0.00015421638911052715, 0.00042430570849327217, 3.9105915820736385e-05, 0.0, 0.0, 0.0, 0.0, 0.0, 5.601446317319079e-05, 0.0, 0.00052757614180848, 0.0002537939115136561, 0.0, 0.0, 0.0005490043302193369, 0.0, 0.0, 0.0, 0.0004903058954618153, 0.0, 0.0, 0.0005154510254754503, 0.0, 0.0, 0.000647741785235143, 0.0007946258709485503, 0.0, 0.0, 0.0006212521598752559, 3.943124184964662e-06, 0.0, 0.0, 0.0, 0.0, 0.0, 6.16316788831539e-05, 0.0, 0.0004135900783584097, 4.903757397642885e-05, 0.0, 3.914284703140334e-06, 0.000638696268089473, 0.0, 1.043978502781277e-06, 4.5133409309655014e-07, 1.2454207603608363e-06, 0.0, 2.703289093757077e-08, 7.579117563799521e-07, 0.0, 6.426580529645723e-07, 1.9056118431916513e-07, 0.0, 0.0, 0.0, 1.292965190395984e-07, 0.0, 1.2938229870632306e-06, 4.945784509846476e-08, 0.0, 9.913212976461762e-08, 0.0, 5.3021651970012226e-08, 1.863136907710672e-07
ul_il:0.0, 0.0, 0.0, 0.0, 0.07102911007428817, 0.0, 6.013352319618029e-05, 0.0, 0.0, 0.0, 0.0, 0.0, 0.0, 2.9405581636849143, 0.0, 0.0, 0.24782984779927064, 0.0, 0.0, 0.0, 0.0, 1.3079082801513748, 0.0, 0.0, 0.0, 0.0, 0.0, 0.0, 1.08587089320433, 0.0, 0.019847605893628776, 0.0, 0.695497881706719, 2.3273364671758237, 2.5754385004348634, 0.0, 0.0, 0.0, 0.0, 0.0, 0.0, 0.0, 0.0, 0.0, 0.0, 0.14034038226016804, 0.03188442806808549, 0.0, 0.0, 0.0, 0.0, 0.0, 0.0, 0.0, 3.19956109443011, 1.736346280358718, 0.0, 0.0, 0.0, 0.0, 1.6319265571793258, 0.0, 0.10233999666178144, 1.796216340909228, 0.0, 0.0, 0.0, 0.0, 0.0, 0.0, 0.0, 0.0, 1.3769343014158129, 0.40720332779120777, 0.0, 0.0, 0.00037267475941148994, 0.0, 0.0, 0.0, 0.2485470920195521, 0.0, 0.0, 1.2737914042717386, 1.0543792908796874, 0.0, 0.0, 2.523635874596238, 0.0, 0.40698440417994175, 0.0, 0.0, 0.5522629712244626, 1.2571817987746712, 0.0, 0.8400814670331251, 0.17152011711919257, 0.0, 1.245878103249731, 0.0, 0.0, 0.0, 0.0, 0.0, 1.172667334811448, 0.0, 2.026619208141274e-05, 0.1863563927510311, 0.0, 0.0, 0.012608970951029221, 0.0, 0.0, 0.0, 0.0, 0.0, 0.0, 0.0, 0.0, 0.0, 0.1864109573082531, 0.24900986522548513, 0.0, 0.0, 0.014014629116653615, 0.0, 0.0, 0.0, 0.0, 0.0, 0.0, 0.0, 0.0, 0.021511340457587774, 0.0, 0.0, 0.0, 0.060783488183640634, 0.0, 0.3497066678856185, 0.0, 0.5132859733628279, 0.0, 0.0, 8.422170439814487e-05, 0.0, 0.0, 0.0, 0.0, 0.0, 0.0, 0.0, 0.0, 3.674126287043087, 0.0, 0.0, 0.0, 0.0, 0.0, 0.0
dl_il:0.0, 1.223870307765364, 0.0, 0.00023928540549650158, 2.870247044580638e-05, 0.00038369794684151666, 5.9618139660207685e-05, 0.0, 0.0, 0.0, 0.0, 0.0, 0.00022261167668953346, 0.4140182062071627, 0.0, 3.969064694600664e-05, 0.0003925709763451159, 0.001664792648594965, 0.0, 0.0, 0.000556073187589643, 0.00015182716850418963, 0.0, 0.0, 0.0, 0.0, 0.0, 0.0, 0.08716213327905195, 0.0, 0.003390929272033894, 0.0, 0.013564530420369139, 0.09372540896271184, 0.07523654126775842, 0.0, 0.0, 0.06976968035366331, 0.0, 0.0, 0.0, 0.007826513273981026, 0.0, 0.0, 0.0, 0.014241557663324888, 0.09258911224593838, 0.0, 0.0, 0.0, 0.0, 0.0, 0.025812428049747118, 0.0, 0.10229681064677071, 0.06582303405584355, 0.0, 0.18079400628889275, 0.0, 0.0, 0.08246311563044242, 0.0, 0.13030138106763275, 0.14097210809473704, 0.0, 0.0, 0.0, 0.0, 0.0, 0.1992240778597375, 0.3717299510096944, 0.0, 0.05998361627959926, 0.004990607706922093, 0.0, 0.0, 0.012608890261242506, 0.0, 0.0, 0.36034364018325127, 0.2077044999943517, 0.0, 0.0, 0.06633335072638952, 0.06767514755366373, 0.10180165341410664, 0.0, 0.17198545162265994, 0.0, 0.00682368618793057, 0.324252971812645, 0.0, 0.29948152766671543, 0.009315958742670919, 0.0, 0.132369099362527, 0.1071812743358502, 0.04991505610161638, 0.2921540244580333, 0.0, 0.0, 0.0, 0.0, 0.0, 0.26128086143936835, 0.0, 0.0005412668461909726, 0.08368559390806908, 0.0, 0.0, 0.001192752401297433, 0.0, 0.0, 0.0, 0.32390452848098755, 0.0, 0.0, 0.3338361763222385, 0.0, 0.0, 0.031760397127087225, 0.20732979700208437, 0.0, 0.0, 0.010827276156948677, 0.2104795781160063, 0.0, 0.0, 0.0, 0.0, 0.0, 0.24709708812332248, 0.0, 0.024408776438955806, 0.18673146103322513, 0.0, 0.19822972975013212, 0.03785947327195167, 0.0, 0.0003066777584478635, 0.0004055875592275611, 0.00021120394319327015, 0.0, 0.0002664928663093531, 8.025265576283421e-05, 0.0, 0.0005030721054059155, 0.0006388562563115407, 0.0, 0.0, 0.0, 0.00040405702278524004, 0.0, 0.00020442657336969345, 0.00040878601960802816, 0.0, 0.0009762747322519615, 0.0, 0.00023323542610861843, 0.0006686003130326062
sinr_ul:9.19180717e-05,8.30313576e-04,3.31723581e-03,9.25108574e-03,1.74678903e-02,2.78869130e-02,3.31826736e-02,2.89538415e-02,2.71214648e-02,2.37812417e-02,1.95554059e-02,9.87395943e-03,6.57491215e-03,6.47473862e-03,8.86797933e-03,1.03246623e-02,1.01656237e-02,7.03755344e-03,5.97479170e-03,3.78831983e-03,1.49185839e-03,7.46533921e-04,7.60157771e-04,3.51668555e-04,2.45533613e-04,1.87823421e-04,5.02740353e-05,3.81951580e-05,3.65799593e-05,4.40473272e-05,2.73335318e-05,2.27766427e-05,1.54731355e-05,1.70181082e-05,1.19462282e-05,9.97209640e-06,6.02383288e-06,1.17667616e-05,1.76111280e-05,2.11458382e-06
sinr_ul_bin_edges:-65.19889   ,-61.41984663,-57.64080325,-53.86175988,-50.0827165 ,-46.30367313,-42.52462975,-38.74558638,-34.966543  ,-31.18749963,-27.40845625,-23.62941287,-19.8503695 ,-16.07132612,-12.29228275, -8.51323937, -4.734196  , -0.95515262,  2.82389075,  6.60293413, 10.3819775 , 14.16102088, 17.94006425, 21.71910763, 25.498151  , 29.27719438, 33.05623775, 36.83528113, 40.6143245 , 44.39336788, 48.17241125, 51.95145463, 55.730498  , 59.50954138, 63.28858475, 67.06762812, 70.8466715 , 74.62571488, 78.40475825, 82.18380163, 85.962845  
rsrp_ul:1.00247972e-04,8.76914240e-04,3.42868506e-03,9.50415376e-03,1.76481604e-02,2.83069408e-02,3.31993212e-02,2.90013896e-02,2.72507131e-02,2.36947773e-02,1.89973691e-02,9.70159912e-03,6.44888830e-03,6.50679479e-03,8.96168030e-03,1.03916787e-02,1.00781863e-02,6.88938955e-03,5.91009739e-03,3.66327577e-03,1.49218822e-03,7.03725316e-04,7.93019272e-04,2.99737458e-04,2.57372566e-04,1.73688252e-04,4.78887114e-05,3.83156503e-05,3.66538231e-05,4.55325056e-05,2.47869723e-05,2.24541726e-05,1.55806055e-05,1.68991445e-05,1.19136628e-05,9.97876537e-06,6.20259458e-06,1.22335450e-05,1.66416783e-05,2.09093755e-06
rsrp_ul_bin_edges:-175.53395  ,-171.7544772,-167.9750044,-164.1955316,-160.4160588,-156.636586 ,-152.8571132,-149.0776404,-145.2981676,-141.5186948,-137.739222 ,-133.9597492,-130.1802764,-126.4008036,-122.6213308,-118.841858 ,-115.0623852,-111.2829124,-107.5034396,-103.7239668, -99.944494 , -96.1650212, -92.3855484, -88.6060756, -84.8266028, -81.04713  , -77.2676572, -73.4881844, -69.7087116, -65.9292388, -62.149766 , -58.3702932, -54.5908204, -50.8113476, -47.0318748, -43.252402 , -39.4729292, -35.6934564, -31.9139836, -28.1345108, -24.355038 
cqi_ul:2.49270507e+00,0.00000000e+00,6.62666770e-02,0.00000000e+00,0.00000000e+00,5.99810496e-02,0.00000000e+00,0.00000000e+00,1.54778543e-02,0.00000000e+00,8.02004102e-03,0.00000000e+00,0.00000000e+00,3.91216143e-03,0.00000000e+00,0.00000000e+00,1.30145891e-03,0.00000000e+00,4.03836780e-03,0.00000000e+00,0.00000000e+00,3.21043831e-03,0.00000000e+00,0.00000000e+00,3.12724433e-03,0.00000000e+00,1.08977821e-03,0.00000000e+00,0.00000000e+00,5.67338895e-04,0.00000000e+00,0.00000000e+00,1.44897489e-03,0.00000000e+00,1.46981270e-03,0.00000000e+00,0.00000000e+00,6.96611958e-04,0.00000000e+00,3.35378673e-03
cqi_ul_bin_edges: 0.   , 0.375, 0.75 , 1.125, 1.5  , 1.875, 2.25 , 2.625, 3.   , 3.375, 3.75 , 4.125, 4.5  , 4.875, 5.25 , 5.625, 6.   , 6.375, 6.75 , 7.125, 7.5  , 7.875, 8.25 , 8.625, 9.   , 9.375, 9.75 ,10.125,10.5  ,10.875,11.25 ,11.625,12.   ,12.375,12.75 ,13.125,13.5  ,13.875,14.25 ,14.625,15.   
cqi_dl:2.008402  ,0.        ,0.10686794,0.        ,0.        ,0.05927779,0.        ,0.        ,0.08984912,0.        ,0.05410278,0.        ,0.        ,0.05377433,0.        ,0.        ,0.03426827,0.        ,0.06641022,0.        ,0.        ,0.03339355,0.        ,0.        ,0.03233232,0.        ,0.03459711,0.        ,0.        ,0.01969345,0.        ,0.        ,0.02141842,0.        ,0.0120297 ,0.        ,0.        ,0.00829108,0.        ,0.03195858
cqi_dl_bin_edges: 0.   , 0.375, 0.75 , 1.125, 1.5  , 1.875, 2.25 , 2.625, 3.   , 3.375, 3.75 , 4.125, 4.5  , 4.875, 5.25 , 5.625, 6.   , 6.375, 6.75 , 7.125, 7.5  , 7.875, 8.25 , 8.625, 9.   , 9.375, 9.75 ,10.125,10.5  ,10.875,11.25 ,11.625,12.   ,12.375,12.75 ,13.125,13.5  ,13.875,14.25 ,14.625,15.   
mcs_ul:1.37087772e+00,1.96808633e-02,1.24518419e-02,0.00000000e+00,5.01206928e-03,3.27963838e-03,0.00000000e+00,2.11509400e-03,2.18135655e-03,0.00000000e+00,1.18670211e-03,9.09098656e-04,3.50100502e-04,0.00000000e+00,3.47109630e-04,7.69707180e-04,0.00000000e+00,1.39370414e-03,7.61197939e-04,0.00000000e+00,9.58679728e-04,1.22394057e-03,4.51368894e-04,0.00000000e+00,3.77692348e-04,2.06117405e-04,0.00000000e+00,1.19845497e-04,1.83875429e-04,0.00000000e+00,4.10760437e-04,3.65686735e-04,5.04993962e-04,0.00000000e+00,2.82405699e-04,1.97229040e-04,0.00000000e+00,1.75955937e-04,0.00000000e+00,1.79667146e-03
mcs_ul_bin_edges: 0. , 0.7, 1.4, 2.1, 2.8, 3.5, 4.2, 4.9, 5.6, 6.3, 7. , 7.7, 8.4, 9.1, 9.8,10.5,11.2,11.9,12.6,13.3,14. ,14.7,15.4,16.1,16.8,17.5,18.2,18.9,19.6,20.3,21. ,21.7,22.4,23.1,23.8,24.5,25.2,25.9,26.6,27.3,28. 
mcs_dl:1.13318032,0.01325204,0.01850392,0.        ,0.02490817,0.02322528,0.        ,0.01588337,0.01310026,0.        ,0.01504454,0.01376314,0.00952537,0.        ,0.00883263,0.02029815,0.        ,0.01527875,0.01026193,0.        ,0.00762748,0.00774694,0.00957394,0.        ,0.00976216,0.00877201,0.        ,0.00520146,0.00534603,0.        ,0.00678464,0.00469208,0.00355707,0.        ,0.00288741,0.00269469,0.        ,0.00174696,0.        ,0.01712067
mcs_dl_bin_edges: 0. , 0.7, 1.4, 2.1, 2.8, 3.5, 4.2, 4.9, 5.6, 6.3, 7. , 7.7, 8.4, 9.1, 9.8,10.5,11.2,11.9,12.6,13.3,14. ,14.7,15.4,16.1,16.8,17.5,18.2,18.9,19.6,20.3,21. ,21.7,22.4,23.1,23.8,24.5,25.2,25.9,26.6,27.3,28. 
eff_ul:5.04848701e+00,1.34210205e-01,7.44048530e-02,4.70750419e-02,1.89484716e-02,0.00000000e+00,1.23988978e-02,7.99625787e-03,0.00000000e+00,8.24676800e-03,4.48640869e-03,3.43690980e-03,1.32357895e-03,1.31227176e-03,2.90993077e-03,0.00000000e+00,5.26899406e-03,2.87776100e-03,0.00000000e+00,3.62435444e-03,0.00000000e+00,4.62719125e-03,1.70643105e-03,0.00000000e+00,1.42789182e-03,0.00000000e+00,7.79240983e-04,4.53084120e-04,6.95153667e-04,1.55290800e-03,0.00000000e+00,1.38250378e-03,0.00000000e+00,1.90916430e-03,0.00000000e+00,1.06765411e-03,0.00000000e+00,7.45637908e-04,6.65213486e-04,6.79243964e-03
eff_ul_bin_edges:0.        ,0.18515734,0.37031467,0.55547201,0.74062934,0.92578668,1.11094401,1.29610135,1.48125868,1.66641602,1.85157335,2.03673069,2.22188802,2.40704536,2.59220269,2.77736003,2.96251736,3.1476747 ,3.33283203,3.51798937,3.7031467 ,3.88830403,4.07346137,4.2586187 ,4.44377604,4.62893337,4.81409071,4.99924804,5.18440538,5.36956271,5.55472005,5.73987738,5.92503472,6.11019206,6.29534939,6.48050673,6.66566406,6.8508214 ,7.03597873,7.22113607,7.4062934 
eff_dl:4.06762578,0.21644013,0.05010024,0.06995534,0.09416706,0.        ,0.08780478,0.06004818,0.        ,0.04952644,0.05687691,0.0520325 ,0.03601132,0.03339236,0.07673854,0.        ,0.05776237,0.03879592,0.        ,0.0288362 ,0.        ,0.02928785,0.03619495,0.        ,0.0369065 ,0.        ,0.03316319,0.01966447,0.02021104,0.0256498 ,0.        ,0.01773875,0.        ,0.01344775,0.        ,0.01091606,0.        ,0.01018746,0.00660451,0.06472585
eff_dl_bin_edges:0.        ,0.18515734,0.37031467,0.55547201,0.74062934,0.92578668,1.11094401,1.29610135,1.48125868,1.66641602,1.85157335,2.03673069,2.22188802,2.40704536,2.59220269,2.77736003,2.96251736,3.1476747 ,3.33283203,3.51798937,3.7031467 ,3.88830403,4.07346137,4.2586187 ,4.44377604,4.62893337,4.81409071,4.99924804,5.18440538,5.36956271,5.55472005,5.73987738,5.92503472,6.11019206,6.29534939,6.48050673,6.66566406,6.8508214 ,7.03597873,7.22113607,7.4062934 
rul:8.64555110e-01,1.09666849e-03,1.49872995e-03,3.70741963e-04,4.44460480e-05,1.29730261e-05,9.39328971e-05,1.78347124e-05,1.43035929e-05,2.96562865e-05,5.83402357e-06,1.97026235e-06,5.55255752e-06,5.11756454e-07,1.27939113e-07,1.25380331e-06,1.53526936e-07,8.95573794e-07,3.83817340e-07,2.55878227e-08,8.18810326e-07,0.00000000e+00,6.39695567e-07,7.67634681e-08,1.02351291e-07,4.34992986e-07,0.00000000e+00,3.32641695e-07,6.14107745e-07,0.00000000e+00,0.00000000e+00,7.67634681e-08,1.53526936e-07,5.11756454e-08,5.11756454e-08,0.00000000e+00,2.55878227e-08,0.00000000e+00,0.00000000e+00,5.11756454e-08
rul_bin_edges: 0.        , 1.15239962, 2.30479925, 3.45719887, 4.6095985 , 5.76199812, 6.91439775, 8.06679738, 9.219197  ,10.37159662,11.52399625,12.67639587,13.8287955 ,14.98119512,16.13359475,17.28599437,18.438394  ,19.59079362,20.74319325,21.89559287,23.0479925 ,24.20039212,25.35279175,26.50519137,27.657591  ,28.80999062,29.96239025,31.11478987,32.2671895 ,33.41958912,34.57198875,35.72438837,36.876788  ,38.02918762,39.18158725,40.33398688,41.4863865 ,42.63878612,43.79118575,44.94358537,46.095985  
rdl:5.21151964e-02,6.09204482e-05,6.96240329e-05,6.76733896e-05,4.01321639e-05,2.88602322e-05,3.42167606e-05,2.40641266e-05,1.33464254e-05,8.92187094e-06,9.91886640e-06,6.38139025e-06,5.07322073e-06,4.39204370e-06,4.67689955e-06,2.63336846e-06,1.70913509e-06,6.34733140e-07,5.32556585e-07,1.00628425e-06,1.08369073e-06,4.17994994e-08,7.58583508e-08,3.71551106e-08,2.16738145e-08,3.40588514e-08,9.28877765e-09,5.10882771e-08,2.94144626e-08,3.25107218e-08,6.19251844e-09,1.39331665e-08,4.64438883e-09,1.23850369e-08,6.19251844e-09,0.00000000e+00,6.19251844e-09,1.54812961e-09,7.74064804e-09,9.28877765e-09
rdl_bin_edges:  0.       , 19.0471115, 38.094223 , 57.1413345, 76.188446 , 95.2355575,114.282669 ,133.3297805,152.376892 ,171.4240035,190.471115 ,209.5182265,228.565338 ,247.6124495,266.659561 ,285.7066725,304.753784 ,323.8008955,342.848007 ,361.8951185,380.94223  ,399.9893415,419.036453 ,438.0835645,457.130676 ,476.1777875,495.224899 ,514.2720105,533.319122 ,552.3662335,571.413345 ,590.4604565,609.507568 ,628.5546795,647.601791 ,666.6489025,685.696014 ,704.7431255,723.790237 ,742.8373485,761.88446  
lul:5.25332056e+03,0.00000000e+00,0.00000000e+00,0.00000000e+00,0.00000000e+00,0.00000000e+00,0.00000000e+00,0.00000000e+00,0.00000000e+00,0.00000000e+00,0.00000000e+00,0.00000000e+00,0.00000000e+00,0.00000000e+00,0.00000000e+00,0.00000000e+00,0.00000000e+00,0.00000000e+00,0.00000000e+00,0.00000000e+00,0.00000000e+00,0.00000000e+00,0.00000000e+00,0.00000000e+00,0.00000000e+00,0.00000000e+00,1.37662142e+00,6.55866937e+00,1.01735182e+01,1.73342434e+01,1.86616886e+01,1.06828776e+01,5.79227365e+00,3.23149387e+00,8.14315088e-01,1.13749590e-01,5.97028234e-02,1.00552124e-02,3.14225386e-04,1.57112693e-04
lul_bin_edges:0.        ,0.00018768,0.00037537,0.00056305,0.00075073,0.00093842,0.0011261 ,0.00131378,0.00150146,0.00168915,0.00187683,0.00206451,0.0022522 ,0.00243988,0.00262756,0.00281525,0.00300293,0.00319061,0.0033783 ,0.00356598,0.00375366,0.00394135,0.00412903,0.00431671,0.00450439,0.00469208,0.00487976,0.00506744,0.00525513,0.00544281,0.00563049,0.00581818,0.00600586,0.00619354,0.00638123,0.00656891,0.00675659,0.00694427,0.00713196,0.00731964,0.00750732
ldl:1.60631738e+03,0.00000000e+00,0.00000000e+00,0.00000000e+00,0.00000000e+00,0.00000000e+00,0.00000000e+00,0.00000000e+00,1.30437344e+01,5.14997100e+01,1.36201517e+01,2.48639915e-01,4.96783046e-05,0.00000000e+00,0.00000000e+00,0.00000000e+00,0.00000000e+00,0.00000000e+00,0.00000000e+00,0.00000000e+00,4.96783046e-05,4.96783046e-05,0.00000000e+00,0.00000000e+00,0.00000000e+00,0.00000000e+00,9.93566093e-05,0.00000000e+00,0.00000000e+00,0.00000000e+00,0.00000000e+00,0.00000000e+00,0.00000000e+00,4.96783046e-05,0.00000000e+00,0.00000000e+00,4.96783046e-05,0.00000000e+00,0.00000000e+00,9.93566093e-05
ldl_bin_edges:0.        ,0.00059357,0.00118713,0.0017807 ,0.00237427,0.00296783,0.0035614 ,0.00415497,0.00474854,0.0053421 ,0.00593567,0.00652924,0.0071228 ,0.00771637,0.00830994,0.0089035 ,0.00949707,0.01009064,0.0106842 ,0.01127777,0.01187134,0.0124649 ,0.01305847,0.01365204,0.01424561,0.01483917,0.01543274,0.01602631,0.01661987,0.01721344,0.01780701,0.01840057,0.01899414,0.01958771,0.02018127,0.02077484,0.02136841,0.02196198,0.02255554,0.02314911,0.02374268
ilul:1.34629062e-01,4.08798611e-05,1.72942545e-05,1.91804663e-05,1.63471692e-05,1.31796067e-05,9.40718306e-06,1.09233154e-05,1.43057627e-05,1.50857153e-05,1.12416633e-05,1.14883830e-05,7.64433107e-06,5.43579190e-06,5.63475940e-06,8.75854903e-06,5.18509286e-06,4.95031122e-06,6.39879457e-06,5.44375060e-06,1.06208848e-05,1.21608932e-05,9.14454597e-06,7.53290928e-06,4.48472729e-06,5.16121676e-06,6.38287717e-06,4.46085119e-06,5.19703091e-06,3.24714948e-06,2.51494911e-06,2.46321756e-06,2.22843592e-06,3.53366267e-06,2.30802292e-06,2.24833267e-06,2.07324127e-06,1.81856288e-06,2.39556861e-06,3.04420264e-06
ilul_bin_edges:  0.        ,  7.41010425, 14.8202085 , 22.23031275, 29.640417  , 37.05052125, 44.4606255 , 51.87072975, 59.280834  , 66.69093825, 74.1010425 , 81.51114675, 88.921251  , 96.33135525,103.7414595 ,111.15156375,118.561668  ,125.97177225,133.3818765 ,140.79198075,148.202085  ,155.61218925,163.0222935 ,170.43239775,177.842502  ,185.25260625,192.6627105 ,200.07281475,207.482919  ,214.89302325,222.3031275 ,229.71323175,237.123336  ,244.53344025,251.9435445 ,259.35364875,266.763753  ,274.17385725,281.5839615 ,288.99406575,296.40417   
ildl:1.33385786e-01,2.27335191e-05,1.15753600e-05,9.00524440e-06,3.77842422e-06,3.93585857e-06,2.47959090e-06,2.21588837e-06,1.81443080e-06,2.40087373e-06,2.49533433e-06,3.32580049e-06,8.73760602e-07,3.93192271e-06,6.33673229e-07,1.49562626e-06,1.81049494e-06,8.22594440e-07,6.88775249e-07,1.24766717e-06,2.95189392e-07,8.34402016e-07,7.47813128e-08,3.38483837e-07,9.05247470e-07,1.62944545e-06,2.07813332e-06,2.08994090e-06,4.91982321e-07,3.93585857e-09,3.14868685e-08,3.93585857e-08,2.47959090e-07,2.44023231e-07,1.57434343e-07,1.53498484e-07,1.61370201e-07,1.56253585e-06,9.80028783e-07,5.86442926e-07
ildl_bin_edges:  0.      ,  7.491986, 14.983972, 22.475958, 29.967944, 37.45993 , 44.951916, 52.443902, 59.935888, 67.427874, 74.91986 , 82.411846, 89.903832, 97.395818,104.887804,112.37979 ,119.871776,127.363762,134.855748,142.347734,149.83972 ,157.331706,164.823692,172.315678,179.807664,187.29965 ,194.791636,202.283622,209.775608,217.267594,224.75958 ,232.251566,239.743552,247.235538,254.727524,262.21951 ,269.711496,277.203482,284.695468,292.187454,299.67944 
eul:2.28316008e-01,4.69362628e-05,2.13799797e-05,4.77580516e-06,1.78907454e-05,9.74695355e-06,7.56449816e-06,3.33430685e-06,9.63244200e-07,1.86586464e-06,4.17630353e-07,1.63010557e-06,2.42495043e-07,0.00000000e+00,0.00000000e+00,4.10894379e-07,0.00000000e+00,2.42495043e-07,6.93805263e-07,0.00000000e+00,2.08815176e-07,0.00000000e+00,0.00000000e+00,0.00000000e+00,0.00000000e+00,0.00000000e+00,0.00000000e+00,0.00000000e+00,0.00000000e+00,2.08815176e-07,0.00000000e+00,4.78254113e-07,0.00000000e+00,0.00000000e+00,2.02079203e-07,0.00000000e+00,2.35759070e-07,0.00000000e+00,0.00000000e+00,2.35759070e-07
eul_bin_edges:  0.    ,  4.3776,  8.7552, 13.1328, 17.5104, 21.888 , 26.2656, 30.6432, 35.0208, 39.3984, 43.776 , 48.1536, 52.5312, 56.9088, 61.2864, 65.664 , 70.0416, 74.4192, 78.7968, 83.1744, 87.552 , 91.9296, 96.3072,100.6848,105.0624,109.44  ,113.8176,118.1952,122.5728,126.9504,131.328 ,135.7056,140.0832,144.4608,148.8384,153.216 ,157.5936,161.9712,166.3488,170.7264,175.104 
edl:3.51569968e-02,4.01372275e-05,1.44378146e-04,4.71475628e-05,3.33920060e-04,1.32368091e-04,4.25523277e-05,7.31450276e-05,3.99494698e-05,4.98287425e-05,1.20609096e-04,1.45447828e-04,1.27632306e-05,8.89220372e-06,9.12931485e-06,1.38361317e-05,3.57383332e-06,1.56536260e-06,1.10508806e-06,2.85177093e-06,4.18431401e-07,3.44401230e-07,4.44181026e-07,6.46959320e-07,8.03602870e-07,4.91388671e-07,8.29352495e-07,1.05144301e-07,1.37331332e-07,6.65198637e-08,7.08114679e-08,6.54469627e-08,0.00000000e+00,1.40550035e-07,1.02998499e-07,3.43328329e-08,3.43328329e-08,3.54057339e-08,6.75927648e-08,3.43328329e-08
edl_bin_edges:   0.    ,  27.4838,  54.9676,  82.4514, 109.9352, 137.419 , 164.9028, 192.3866, 219.8704, 247.3542, 274.838 , 302.3218, 329.8056, 357.2894, 384.7732, 412.257 , 439.7408, 467.2246, 494.7084, 522.1922, 549.676 , 577.1598, 604.6436, 632.1274, 659.6112, 687.095 , 714.5788, 742.0626, 769.5464, 797.0302, 824.514 , 851.9978, 879.4816, 906.9654, 934.4492, 961.933 , 989.4168,1016.9006,1044.3844,1071.8682,1099.352 
gul:2.28225544e-01,6.97307969e-05,9.79814695e-05,6.54063020e-06,1.12086598e-05,4.80274905e-06,6.17688763e-06,3.40166658e-06,2.80890092e-06,3.25347517e-06,9.29564333e-07,5.25405927e-07,2.96382831e-07,5.38877874e-07,0.00000000e+00,1.27983495e-07,0.00000000e+00,2.69438937e-08,3.83950485e-07,0.00000000e+00,6.06237609e-08,0.00000000e+00,5.38877874e-07,0.00000000e+00,0.00000000e+00,0.00000000e+00,0.00000000e+00,2.69438937e-07,0.00000000e+00,3.30062698e-07,0.00000000e+00,6.06237609e-08,0.00000000e+00,0.00000000e+00,6.73597343e-08,0.00000000e+00,3.36798671e-08,0.00000000e+00,0.00000000e+00,3.36798671e-08
gul_bin_edges:  0.    ,  4.3776,  8.7552, 13.1328, 17.5104, 21.888 , 26.2656, 30.6432, 35.0208, 39.3984, 43.776 , 48.1536, 52.5312, 56.9088, 61.2864, 65.664 , 70.0416, 74.4192, 78.7968, 83.1744, 87.552 , 91.9296, 96.3072,100.6848,105.0624,109.44  ,113.8176,118.1952,122.5728,126.9504,131.328 ,135.7056,140.0832,144.4608,148.8384,153.216 ,157.5936,161.9712,166.3488,170.7264,175.104 
gdl:3.62246053e-02,7.37083006e-06,2.83589200e-05,7.52747361e-06,3.91823455e-05,2.07563433e-05,7.83110460e-06,1.51332690e-05,5.75611402e-06,8.92331785e-06,6.37946951e-06,5.31622459e-06,1.99988752e-06,1.02140178e-06,1.17053502e-06,7.55322324e-07,5.03190582e-07,3.65859251e-07,2.68225257e-07,6.67344440e-07,9.65610925e-08,8.47591812e-08,1.13727509e-07,1.68445461e-07,1.83466076e-07,1.09435905e-07,2.00632492e-07,2.36038226e-08,3.43328329e-08,1.93122185e-08,1.50206144e-08,2.03851195e-08,0.00000000e+00,3.11141298e-08,2.57496247e-08,8.58320823e-09,8.58320823e-09,7.51030720e-09,1.82393175e-08,8.58320823e-09
gdl_bin_edges:   0.    ,  27.4838,  54.9676,  82.4514, 109.9352, 137.419 , 164.9028, 192.3866, 219.8704, 247.3542, 274.838 , 302.3218, 329.8056, 357.2894, 384.7732, 412.257 , 439.7408, 467.2246, 494.7084, 522.1922, 549.676 , 577.1598, 604.6436, 632.1274, 659.6112, 687.095 , 714.5788, 742.0626, 769.5464, 797.0302, 824.514 , 851.9978, 879.4816, 906.9654, 934.4492, 961.933 , 989.4168,1016.9006,1044.3844,1071.8682,1099.352 
ri:37.83315657, 0.        , 0.        , 0.        , 0.        , 0.        , 0.        , 0.        , 0.        , 0.        , 0.        , 0.        , 0.        , 0.        , 0.        , 0.        , 0.        , 0.        , 0.        , 0.        , 0.        , 0.        , 0.        , 0.        , 0.        , 0.        , 0.        , 0.        , 0.        , 0.        , 0.        , 0.        , 0.        , 0.        , 0.        , 0.        , 0.        , 0.        , 0.        , 2.16684343
ri_bin_edges:1.   ,1.025,1.05 ,1.075,1.1  ,1.125,1.15 ,1.175,1.2  ,1.225,1.25 ,1.275,1.3  ,1.325,1.35 ,1.375,1.4  ,1.425,1.45 ,1.475,1.5  ,1.525,1.55 ,1.575,1.6  ,1.625,1.65 ,1.675,1.7  ,1.725,1.75 ,1.775,1.8  ,1.825,1.85 ,1.875,1.9  ,1.925,1.95 ,1.975,2.   
