period:1
ue_log_freq:1000
mac_log_freq:1000
mimo_layers:2
frequency:2412000000.0
bandwidth:50000000
ue_speed:5.555555555555555
max_distance:1000
shannon_cfg_bandwidth_mhz:50.0
shannon_cfg_mimo_layers:2
shannon_cfg_bw_efficiency:0.67
shannon_cfg_sinr_offset_db:0
shannon_cfg_ul_divisor:2
shannon_cfg_sinr_sample_rate:1000
n_ue:1
sinr_period:9.463597741343282
sinr_rate:105.66805852612856
ul_fairness:1.0
dl_fairness:1.0
ul_agg_throughput:0.0015975732307692307
dl_agg_throughput:0.0025431350690909085
ul_ave_throughput:0.0015975732307692307
dl_ave_throughput:0.0025431350690909085
ul_se:3.195146461538461e-05
dl_se:5.086270138181817e-05
ul_ase:1.017046706512849e-11
dl_ase:1.6190100687846676e-11
ul_gr:0.005978512272707072
dl_gr:0.0027173157119048945
ul_tr:0.005450542598800067
dl_tr:0.00264811955724682
ul_er:0.0
dl_er:0.0
ul_er_ratio:0.0
dl_er_ratio:0.0
ul_er_perc:0.0
dl_er_perc:0.0
ul_l:2.830015469696128e-05
dl_l:2.9323650719404477e-05
ul_il:4.906158261763235e-05
dl_il:3.490784341425476e-05
sinr_ul: 0., 0., 0., 0., 0., 0., 0., 0., 0., 0., 0., 0., 0., 0., 0., 0., 0., 0., 0., 0.,40., 0., 0., 0., 0., 0., 0., 0., 0., 0., 0., 0., 0., 0., 0., 0., 0., 0., 0., 0.
sinr_ul_bin_edges:56.281517,56.306517,56.331517,56.356517,56.381517,56.406517,56.431517,56.456517,56.481517,56.506517,56.531517,56.556517,56.581517,56.606517,56.631517,56.656517,56.681517,56.706517,56.731517,56.756517,56.781517,56.806517,56.831517,56.856517,56.881517,56.906517,56.931517,56.956517,56.981517,57.006517,57.031517,57.056517,57.081517,57.106517,57.131517,57.156517,57.181517,57.206517,57.231517,57.256517,57.281517
sinr_dl: 0., 0., 0., 0., 0., 0., 0., 0., 0., 0., 0., 0., 0., 0., 0., 0., 0., 0., 0., 0.,40., 0., 0., 0., 0., 0., 0., 0., 0., 0., 0., 0., 0., 0., 0., 0., 0., 0., 0., 0.
sinr_dl_bin_edges:46.018223,46.043223,46.068223,46.093223,46.118223,46.143223,46.168223,46.193223,46.218223,46.243223,46.268223,46.293223,46.318223,46.343223,46.368223,46.393223,46.418223,46.443223,46.468223,46.493223,46.518223,46.543223,46.568223,46.593223,46.618223,46.643223,46.668223,46.693223,46.718223,46.743223,46.768223,46.793223,46.818223,46.843223,46.868223,46.893223,46.918223,46.943223,46.968223,46.993223,47.018223
rsrp_ul: 0., 0., 0., 0., 0., 0., 0., 0., 0., 0., 0., 0., 0., 0., 0., 0., 0., 0., 0., 0.,40., 0., 0., 0., 0., 0., 0., 0., 0., 0., 0., 0., 0., 0., 0., 0., 0., 0., 0., 0.
rsrp_ul_bin_edges:-95.220894,-95.195894,-95.170894,-95.145894,-95.120894,-95.095894,-95.070894,-95.045894,-95.020894,-94.995894,-94.970894,-94.945894,-94.920894,-94.895894,-94.870894,-94.845894,-94.820894,-94.795894,-94.770894,-94.745894,-94.720894,-94.695894,-94.670894,-94.645894,-94.620894,-94.595894,-94.570894,-94.545894,-94.520894,-94.495894,-94.470894,-94.445894,-94.420894,-94.395894,-94.370894,-94.345894,-94.320894,-94.295894,-94.270894,-94.245894,-94.220894
rsrp_dl: 0., 0., 0., 0., 0., 0., 0., 0., 0., 0., 0., 0., 0., 0., 0., 0., 0., 0., 0., 0.,40., 0., 0., 0., 0., 0., 0., 0., 0., 0., 0., 0., 0., 0., 0., 0., 0., 0., 0., 0.
rsrp_dl_bin_edges:-98.484245,-98.459245,-98.434245,-98.409245,-98.384245,-98.359245,-98.334245,-98.309245,-98.284245,-98.259245,-98.234245,-98.209245,-98.184245,-98.159245,-98.134245,-98.109245,-98.084245,-98.059245,-98.034245,-98.009245,-97.984245,-97.959245,-97.934245,-97.909245,-97.884245,-97.859245,-97.834245,-97.809245,-97.784245,-97.759245,-97.734245,-97.709245,-97.684245,-97.659245,-97.634245,-97.609245,-97.584245,-97.559245,-97.534245,-97.509245,-97.484245
cqi_ul: 0., 0., 0., 0., 0., 0., 0., 0., 0., 0., 0., 0., 0., 0., 0., 0., 0., 0., 0., 0.,40., 0., 0., 0., 0., 0., 0., 0., 0., 0., 0., 0., 0., 0., 0., 0., 0., 0., 0., 0.
cqi_ul_bin_edges:14.5  ,14.525,14.55 ,14.575,14.6  ,14.625,14.65 ,14.675,14.7  ,14.725,14.75 ,14.775,14.8  ,14.825,14.85 ,14.875,14.9  ,14.925,14.95 ,14.975,15.   ,15.025,15.05 ,15.075,15.1  ,15.125,15.15 ,15.175,15.2  ,15.225,15.25 ,15.275,15.3  ,15.325,15.35 ,15.375,15.4  ,15.425,15.45 ,15.475,15.5  
cqi_dl: 0., 0., 0., 0., 0., 0., 0., 0., 0., 0., 0., 0., 0., 0., 0., 0., 0., 0., 0., 0.,40., 0., 0., 0., 0., 0., 0., 0., 0., 0., 0., 0., 0., 0., 0., 0., 0., 0., 0., 0.
cqi_dl_bin_edges:14.5  ,14.525,14.55 ,14.575,14.6  ,14.625,14.65 ,14.675,14.7  ,14.725,14.75 ,14.775,14.8  ,14.825,14.85 ,14.875,14.9  ,14.925,14.95 ,14.975,15.   ,15.025,15.05 ,15.075,15.1  ,15.125,15.15 ,15.175,15.2  ,15.225,15.25 ,15.275,15.3  ,15.325,15.35 ,15.375,15.4  ,15.425,15.45 ,15.475,15.5  
mcs_ul: 0., 0., 0., 0., 0., 0., 0., 0., 0., 0., 0., 0., 0., 0., 0., 0., 0., 0., 0., 0.,40., 0., 0., 0., 0., 0., 0., 0., 0., 0., 0., 0., 0., 0., 0., 0., 0., 0., 0., 0.
mcs_ul_bin_edges:27.5  ,27.525,27.55 ,27.575,27.6  ,27.625,27.65 ,27.675,27.7  ,27.725,27.75 ,27.775,27.8  ,27.825,27.85 ,27.875,27.9  ,27.925,27.95 ,27.975,28.   ,28.025,28.05 ,28.075,28.1  ,28.125,28.15 ,28.175,28.2  ,28.225,28.25 ,28.275,28.3  ,28.325,28.35 ,28.375,28.4  ,28.425,28.45 ,28.475,28.5  
mcs_dl: 0., 0., 0., 0., 0., 0., 0., 0., 0., 0., 0., 0., 0., 0., 0., 0., 0., 0., 0., 0.,40., 0., 0., 0., 0., 0., 0., 0., 0., 0., 0., 0., 0., 0., 0., 0., 0., 0., 0., 0.
mcs_dl_bin_edges:27.5  ,27.525,27.55 ,27.575,27.6  ,27.625,27.65 ,27.675,27.7  ,27.725,27.75 ,27.775,27.8  ,27.825,27.85 ,27.875,27.9  ,27.925,27.95 ,27.975,28.   ,28.025,28.05 ,28.075,28.1  ,28.125,28.15 ,28.175,28.2  ,28.225,28.25 ,28.275,28.3  ,28.325,28.35 ,28.375,28.4  ,28.425,28.45 ,28.475,28.5  
eff_ul: 0., 0., 0., 0., 0., 0., 0., 0., 0., 0., 0., 0., 0., 0., 0., 0., 0., 0., 0., 0.,40., 0., 0., 0., 0., 0., 0., 0., 0., 0., 0., 0., 0., 0., 0., 0., 0., 0., 0., 0.
eff_ul_bin_edges:6.906288,6.931288,6.956288,6.981288,7.006288,7.031288,7.056288,7.081288,7.106288,7.131288,7.156288,7.181288,7.206288,7.231288,7.256288,7.281288,7.306288,7.331288,7.356288,7.381288,7.406288,7.431288,7.456288,7.481288,7.506288,7.531288,7.556288,7.581288,7.606288,7.631288,7.656288,7.681288,7.706288,7.731288,7.756288,7.781288,7.806288,7.831288,7.856288,7.881288,7.906288
eff_dl: 0., 0., 0., 0., 0., 0., 0., 0., 0., 0., 0., 0., 0., 0., 0., 0., 0., 0., 0., 0.,40., 0., 0., 0., 0., 0., 0., 0., 0., 0., 0., 0., 0., 0., 0., 0., 0., 0., 0., 0.
eff_dl_bin_edges:6.906288,6.931288,6.956288,6.981288,7.006288,7.031288,7.056288,7.081288,7.106288,7.131288,7.156288,7.181288,7.206288,7.231288,7.256288,7.281288,7.306288,7.331288,7.356288,7.381288,7.406288,7.431288,7.456288,7.481288,7.506288,7.531288,7.556288,7.581288,7.606288,7.631288,7.656288,7.681288,7.706288,7.731288,7.756288,7.781288,7.806288,7.831288,7.856288,7.881288,7.906288
rul:7.55452569e+00,0.00000000e+00,4.20724309e-04,0.00000000e+00,0.00000000e+00,3.36579447e-03,4.20724309e-04,8.41448618e-04,0.00000000e+00,0.00000000e+00,0.00000000e+00,0.00000000e+00,0.00000000e+00,4.20724309e-04,5.46941602e-03,1.68289724e-03,0.00000000e+00,0.00000000e+00,0.00000000e+00,0.00000000e+00,0.00000000e+00,4.20724309e-04,4.20724309e-04,1.68289724e-03,8.41448618e-04,1.68289724e-03,4.20724309e-04,0.00000000e+00,0.00000000e+00,4.20724309e-04,0.00000000e+00,0.00000000e+00,0.00000000e+00,0.00000000e+00,0.00000000e+00,0.00000000e+00,0.00000000e+00,0.00000000e+00,0.00000000e+00,4.20724309e-04
rul_bin_edges:0.        ,0.13204007,0.26408015,0.39612022,0.5281603 ,0.66020037,0.79224045,0.92428052,1.0563206 ,1.18836067,1.32040075,1.45244082,1.5844809 ,1.71652097,1.84856105,1.98060112,2.1126412 ,2.24468127,2.37672135,2.50876142,2.6408015 ,2.77284157,2.90488165,3.03692172,3.1689618 ,3.30100187,3.43304195,3.56508202,3.6971221 ,3.82916217,3.96120225,4.09324232,4.2252824 ,4.35732247,4.48936255,4.62140262,4.7534427 ,4.88548277,5.01752285,5.14956292,5.281603  
rdl:9.84399849e+00,3.29102306e-03,0.00000000e+00,0.00000000e+00,9.32456535e-03,0.00000000e+00,4.38803075e-03,2.74251922e-03,5.48503844e-04,0.00000000e+00,1.09700769e-03,5.48503844e-04,4.38803075e-03,1.09700769e-03,0.00000000e+00,0.00000000e+00,0.00000000e+00,0.00000000e+00,0.00000000e+00,5.48503844e-04,1.09700769e-03,0.00000000e+00,0.00000000e+00,0.00000000e+00,0.00000000e+00,0.00000000e+00,0.00000000e+00,0.00000000e+00,0.00000000e+00,0.00000000e+00,0.00000000e+00,0.00000000e+00,0.00000000e+00,0.00000000e+00,0.00000000e+00,0.00000000e+00,0.00000000e+00,0.00000000e+00,0.00000000e+00,5.48503844e-04
rdl_bin_edges:0.     ,0.10128,0.20256,0.30384,0.40512,0.5064 ,0.60768,0.70896,0.81024,0.91152,1.0128 ,1.11408,1.21536,1.31664,1.41792,1.5192 ,1.62048,1.72176,1.82304,1.92432,2.0256 ,2.12688,2.22816,2.32944,2.43072,2.532  ,2.63328,2.73456,2.83584,2.93712,3.0384 ,3.13968,3.24096,3.34224,3.44352,3.5448 ,3.64608,3.74736,3.84864,3.94992,4.0512 
lul:9.88218017e+03,0.00000000e+00,0.00000000e+00,0.00000000e+00,0.00000000e+00,0.00000000e+00,0.00000000e+00,0.00000000e+00,0.00000000e+00,0.00000000e+00,0.00000000e+00,0.00000000e+00,0.00000000e+00,0.00000000e+00,0.00000000e+00,0.00000000e+00,0.00000000e+00,0.00000000e+00,0.00000000e+00,0.00000000e+00,0.00000000e+00,0.00000000e+00,0.00000000e+00,0.00000000e+00,0.00000000e+00,0.00000000e+00,0.00000000e+00,0.00000000e+00,0.00000000e+00,4.98344941e+01,8.85946561e+00,0.00000000e+00,5.53716601e-01,0.00000000e+00,0.00000000e+00,0.00000000e+00,0.00000000e+00,0.00000000e+00,0.00000000e+00,2.60246802e+01
lul_bin_edges:0.        ,0.00010033,0.00020065,0.00030098,0.00040131,0.00050163,0.00060196,0.00070229,0.00080261,0.00090294,0.00100327,0.00110359,0.00120392,0.00130424,0.00140457,0.0015049 ,0.00160522,0.00170555,0.00180588,0.0019062 ,0.00200653,0.00210686,0.00220718,0.00230751,0.00240784,0.00250816,0.00260849,0.00270882,0.00280914,0.00290947,0.0030098 ,0.00311012,0.00321045,0.00331078,0.0034111 ,0.00351143,0.00361176,0.00371208,0.00381241,0.00391273,0.00401306
ldl:9.89656546e+03,0.00000000e+00,0.00000000e+00,0.00000000e+00,0.00000000e+00,0.00000000e+00,0.00000000e+00,0.00000000e+00,0.00000000e+00,0.00000000e+00,0.00000000e+00,0.00000000e+00,0.00000000e+00,0.00000000e+00,0.00000000e+00,0.00000000e+00,0.00000000e+00,0.00000000e+00,0.00000000e+00,0.00000000e+00,0.00000000e+00,0.00000000e+00,0.00000000e+00,0.00000000e+00,0.00000000e+00,0.00000000e+00,0.00000000e+00,0.00000000e+00,0.00000000e+00,3.60601354e+01,3.05124222e+01,0.00000000e+00,0.00000000e+00,0.00000000e+00,5.54771314e-01,0.00000000e+00,0.00000000e+00,0.00000000e+00,0.00000000e+00,2.27456239e+01
ldl_bin_edges:0.        ,0.00010014,0.00020027,0.00030041,0.00040054,0.00050068,0.00060081,0.00070095,0.00080109,0.00090122,0.00100136,0.00110149,0.00120163,0.00130177,0.0014019 ,0.00150204,0.00160217,0.00170231,0.00180244,0.00190258,0.00200272,0.00210285,0.00220299,0.00230312,0.00240326,0.00250339,0.00260353,0.00270367,0.0028038 ,0.00290394,0.00300407,0.00310421,0.00320435,0.00330448,0.00340462,0.00350475,0.00360489,0.00370502,0.00380516,0.0039053 ,0.00400543
ilul:3.60473419e+03,0.00000000e+00,0.00000000e+00,0.00000000e+00,0.00000000e+00,0.00000000e+00,0.00000000e+00,0.00000000e+00,0.00000000e+00,0.00000000e+00,7.47325405e+00,2.01979839e-01,0.00000000e+00,2.01979839e-01,6.86731453e+00,0.00000000e+00,0.00000000e+00,0.00000000e+00,1.61583871e+00,0.00000000e+00,0.00000000e+00,3.23167743e+00,0.00000000e+00,0.00000000e+00,0.00000000e+00,1.81781855e+00,0.00000000e+00,0.00000000e+00,0.00000000e+00,3.83761694e+00,0.00000000e+00,0.00000000e+00,3.02969759e+00,0.00000000e+00,0.00000000e+00,2.01979839e-01,2.01979839e+00,0.00000000e+00,0.00000000e+00,6.05939517e-01
ilul_bin_edges:0.        ,0.00027504,0.00055008,0.00082512,0.00110016,0.0013752 ,0.00165024,0.00192528,0.00220032,0.00247536,0.0027504 ,0.00302544,0.00330048,0.00357552,0.00385056,0.0041256 ,0.00440063,0.00467567,0.00495071,0.00522575,0.00550079,0.00577583,0.00605087,0.00632591,0.00660095,0.00687599,0.00715103,0.00742607,0.00770111,0.00797615,0.00825119,0.00852623,0.00880127,0.00907631,0.00935135,0.00962639,0.00990143,0.01017647,0.01045151,0.01072655,0.01100159
ildl:5.64749639e+03,0.00000000e+00,0.00000000e+00,0.00000000e+00,0.00000000e+00,0.00000000e+00,0.00000000e+00,0.00000000e+00,0.00000000e+00,0.00000000e+00,0.00000000e+00,0.00000000e+00,0.00000000e+00,0.00000000e+00,0.00000000e+00,0.00000000e+00,0.00000000e+00,2.78591671e+01,0.00000000e+00,0.00000000e+00,0.00000000e+00,0.00000000e+00,1.01306062e+01,0.00000000e+00,0.00000000e+00,0.00000000e+00,0.00000000e+00,0.00000000e+00,6.33162889e+00,0.00000000e+00,3.16581445e-01,0.00000000e+00,3.16581445e-01,0.00000000e+00,4.74872167e+00,0.00000000e+00,0.00000000e+00,0.00000000e+00,0.00000000e+00,1.58290722e+00
ildl_bin_edges:0.        ,0.00017548,0.00035095,0.00052643,0.0007019 ,0.00087738,0.00105286,0.00122833,0.00140381,0.00157928,0.00175476,0.00193024,0.00210571,0.00228119,0.00245667,0.00263214,0.00280762,0.00298309,0.00315857,0.00333405,0.00350952,0.003685  ,0.00386047,0.00403595,0.00421143,0.0043869 ,0.00456238,0.00473785,0.00491333,0.00508881,0.00526428,0.00543976,0.00561523,0.00579071,0.00596619,0.00614166,0.00631714,0.00649261,0.00666809,0.00684357,0.00701904
eul: 0., 0., 0., 0., 0., 0., 0., 0., 0., 0., 0., 0., 0., 0., 0., 0., 0., 0., 0., 0.,40., 0., 0., 0., 0., 0., 0., 0., 0., 0., 0., 0., 0., 0., 0., 0., 0., 0., 0., 0.
eul_bin_edges:-0.5  ,-0.475,-0.45 ,-0.425,-0.4  ,-0.375,-0.35 ,-0.325,-0.3  ,-0.275,-0.25 ,-0.225,-0.2  ,-0.175,-0.15 ,-0.125,-0.1  ,-0.075,-0.05 ,-0.025, 0.   , 0.025, 0.05 , 0.075, 0.1  , 0.125, 0.15 , 0.175, 0.2  , 0.225, 0.25 , 0.275, 0.3  , 0.325, 0.35 , 0.375, 0.4  , 0.425, 0.45 , 0.475, 0.5  
edl: 0., 0., 0., 0., 0., 0., 0., 0., 0., 0., 0., 0., 0., 0., 0., 0., 0., 0., 0., 0.,40., 0., 0., 0., 0., 0., 0., 0., 0., 0., 0., 0., 0., 0., 0., 0., 0., 0., 0., 0.
edl_bin_edges:-0.5  ,-0.475,-0.45 ,-0.425,-0.4  ,-0.375,-0.35 ,-0.325,-0.3  ,-0.275,-0.25 ,-0.225,-0.2  ,-0.175,-0.15 ,-0.125,-0.1  ,-0.075,-0.05 ,-0.025, 0.   , 0.025, 0.05 , 0.075, 0.1  , 0.125, 0.15 , 0.175, 0.2  , 0.225, 0.25 , 0.275, 0.3  , 0.325, 0.35 , 0.375, 0.4  , 0.425, 0.45 , 0.475, 0.5  
gul:3.77840962e+00,2.10426020e-04,1.47298214e-03,6.31278060e-04,0.00000000e+00,0.00000000e+00,0.00000000e+00,3.78766836e-03,0.00000000e+00,0.00000000e+00,2.10426020e-04,1.05213010e-03,1.26255612e-03,2.10426020e-04,2.10426020e-04,0.00000000e+00,0.00000000e+00,0.00000000e+00,0.00000000e+00,0.00000000e+00,2.10426020e-04,0.00000000e+00,0.00000000e+00,0.00000000e+00,0.00000000e+00,0.00000000e+00,0.00000000e+00,0.00000000e+00,0.00000000e+00,0.00000000e+00,0.00000000e+00,0.00000000e+00,0.00000000e+00,0.00000000e+00,0.00000000e+00,0.00000000e+00,0.00000000e+00,0.00000000e+00,0.00000000e+00,2.10426020e-04
gul_bin_edges: 0.   , 0.264, 0.528, 0.792, 1.056, 1.32 , 1.584, 1.848, 2.112, 2.376, 2.64 , 2.904, 3.168, 3.432, 3.696, 3.96 , 4.224, 4.488, 4.752, 5.016, 5.28 , 5.544, 5.808, 6.072, 6.336, 6.6  , 6.864, 7.128, 7.392, 7.656, 7.92 , 8.184, 8.448, 8.712, 8.976, 9.24 , 9.504, 9.768,10.032,10.296,10.56 
gdl:9.84344998e+00,3.29102306e-03,0.00000000e+00,0.00000000e+00,9.32456535e-03,0.00000000e+00,4.38803075e-03,2.74251922e-03,5.48503844e-04,0.00000000e+00,1.64551153e-03,0.00000000e+00,4.38803075e-03,1.64551153e-03,0.00000000e+00,0.00000000e+00,0.00000000e+00,0.00000000e+00,0.00000000e+00,5.48503844e-04,1.09700769e-03,0.00000000e+00,0.00000000e+00,0.00000000e+00,0.00000000e+00,0.00000000e+00,0.00000000e+00,0.00000000e+00,0.00000000e+00,0.00000000e+00,0.00000000e+00,0.00000000e+00,0.00000000e+00,0.00000000e+00,0.00000000e+00,0.00000000e+00,0.00000000e+00,0.00000000e+00,0.00000000e+00,5.48503844e-04
gdl_bin_edges:0.     ,0.10128,0.20256,0.30384,0.40512,0.5064 ,0.60768,0.70896,0.81024,0.91152,1.0128 ,1.11408,1.21536,1.31664,1.41792,1.5192 ,1.62048,1.72176,1.82304,1.92432,2.0256 ,2.12688,2.22816,2.32944,2.43072,2.532  ,2.63328,2.73456,2.83584,2.93712,3.0384 ,3.13968,3.24096,3.34224,3.44352,3.5448 ,3.64608,3.74736,3.84864,3.94992,4.0512 
ri: 0., 0., 0., 0., 0., 0., 0., 0., 0., 0., 0., 0., 0., 0., 0., 0., 0., 0., 0., 0.,40., 0., 0., 0., 0., 0., 0., 0., 0., 0., 0., 0., 0., 0., 0., 0., 0., 0., 0., 0.
ri_bin_edges:0.5  ,0.525,0.55 ,0.575,0.6  ,0.625,0.65 ,0.675,0.7  ,0.725,0.75 ,0.775,0.8  ,0.825,0.85 ,0.875,0.9  ,0.925,0.95 ,0.975,1.   ,1.025,1.05 ,1.075,1.1  ,1.125,1.15 ,1.175,1.2  ,1.225,1.25 ,1.275,1.3  ,1.325,1.35 ,1.375,1.4  ,1.425,1.45 ,1.475,1.5  
