period:1
ue_log_freq:1000
mac_log_freq:1000
mimo_layers:2
frequency:2412000000.0
bandwidth:50000000
ue_speed:5.555555555555555
max_distance:1000
shannon_cfg_bandwidth_mhz:50.0
shannon_cfg_mimo_layers:2
shannon_cfg_bw_efficiency:0.67
shannon_cfg_sinr_offset_db:0
shannon_cfg_ul_divisor:2
shannon_cfg_sinr_sample_rate:1000
n_ue:1
sinr_period:9.463597741343282
sinr_rate:105.66805852612856
ul_fairness:nan
dl_fairness:1.0
ul_agg_throughput:0
dl_agg_throughput:270.07834457031777
ul_ave_throughput:0.0
dl_ave_throughput:270.07834457031777
ul_se:0.0
dl_se:5.401566891406355
ul_ase:0.0
dl_ase:1.7193721424176888e-06
ul_gr:0.08745927117274022
dl_gr:272.42725477287684
ul_tr:0.0
dl_tr:272.2998823811469
ul_er:299.90750577078524
dl_er:27.570222748143763
ul_er_ratio:1.0
dl_er_ratio:0.09194055118050767
ul_er_perc:100.0
dl_er_perc:9.194055118050768
ul_l:0.0
dl_l:0.006506959764993625
ul_il:0.0
dl_il:0.03160948796343364
sinr_dl:0.03310971,0.08291601,0.11190118,0.08368848,0.03099783,0.02426179,0.01862421,0.01237008,0.00816049,0.00453558,0.00301545,0.0008894 ,0.00048545,0.00047127,0.00046064,0.00044647,0.0004323 ,0.00042521,0.00041458,0.00040749,0.00039686,0.00038623,0.00038269,0.00037206,0.00037206,0.00035789,0.00035789,0.00034726,0.00034371,0.00034017,0.00033308,0.00032954,0.00032245,0.00031891,0.00031536,0.00031182,0.00036143,0.00040749,0.00041812,0.00042521
sinr_dl_bin_edges: 27.98239   , 30.33414775, 32.6859055 , 35.03766325, 37.389421  , 39.74117875, 42.0929365 , 44.44469425, 46.796452  , 49.14820975, 51.4999675 , 53.85172525, 56.203483  , 58.55524075, 60.9069985 , 63.25875625, 65.610514  , 67.96227175, 70.3140295 , 72.66578725, 75.017545  , 77.36930275, 79.7210605 , 82.07281825, 84.424576  , 86.77633375, 89.1280915 , 91.47984925, 93.831607  , 96.18336475, 98.5351225 ,100.88688025,103.238638  ,105.59039575,107.9421535 ,110.29391125,112.645669  ,114.99742675,117.3491845 ,119.70094225,122.0527    
rsrp_dl:0.03310616,0.082916  ,0.11190471,0.08368847,0.03099783,0.02425825,0.01862775,0.01237008,0.00816049,0.00453558,0.00301545,0.0008894 ,0.00048545,0.00047127,0.00046064,0.00044647,0.0004323 ,0.00042521,0.00041458,0.00040749,0.00039686,0.00038623,0.00038269,0.00037206,0.00037206,0.00035789,0.00035789,0.00034726,0.00034371,0.00034017,0.00033308,0.00032954,0.00032245,0.00031891,0.00031536,0.00031182,0.00036143,0.00040749,0.00041812,0.00042521
rsrp_dl_bin_edges:-109.60259   ,-107.25083198,-104.89907395,-102.54731593,-100.1955579 , -97.84379988, -95.49204185, -93.14028383, -90.7885258 , -88.43676778, -86.08500975, -83.73325173, -81.3814937 , -79.02973568, -76.67797765, -74.32621963, -71.9744616 , -69.62270358, -67.27094555, -64.91918753, -62.5674295 , -60.21567148, -57.86391345, -55.51215543, -53.1603974 , -50.80863938, -48.45688135, -46.10512333, -43.7533653 , -41.40160728, -39.04984925, -36.69809122, -34.3463332 , -31.99457518, -29.64281715, -27.29105913, -24.9393011 , -22.58754307, -20.23578505, -17.88402703, -15.532269  
cqi_ul: 0., 0., 0., 0., 0., 0., 0., 0., 0., 0., 0., 0., 0., 0., 0., 0., 0., 0., 0., 0.,40., 0., 0., 0., 0., 0., 0., 0., 0., 0., 0., 0., 0., 0., 0., 0., 0., 0., 0., 0.
cqi_ul_bin_edges:-0.5  ,-0.475,-0.45 ,-0.425,-0.4  ,-0.375,-0.35 ,-0.325,-0.3  ,-0.275,-0.25 ,-0.225,-0.2  ,-0.175,-0.15 ,-0.125,-0.1  ,-0.075,-0.05 ,-0.025, 0.   , 0.025, 0.05 , 0.075, 0.1  , 0.125, 0.15 , 0.175, 0.2  , 0.225, 0.25 , 0.275, 0.3  , 0.325, 0.35 , 0.375, 0.4  , 0.425, 0.45 , 0.475, 0.5  
cqi_dl:0.25441455,0.        ,0.        ,0.        ,0.        ,0.        ,0.        ,0.        ,0.        ,0.        ,1.26532279,0.        ,0.        ,0.        ,0.        ,0.        ,0.        ,0.        ,0.        ,0.        ,1.78948509,0.        ,0.        ,0.        ,0.        ,0.        ,0.        ,0.        ,0.        ,0.        ,1.69465254,0.        ,0.        ,0.        ,0.        ,0.        ,0.        ,0.        ,0.        ,4.99612503
cqi_dl_bin_edges:11. ,11.1,11.2,11.3,11.4,11.5,11.6,11.7,11.8,11.9,12. ,12.1,12.2,12.3,12.4,12.5,12.6,12.7,12.8,12.9,13. ,13.1,13.2,13.3,13.4,13.5,13.6,13.7,13.8,13.9,14. ,14.1,14.2,14.3,14.4,14.5,14.6,14.7,14.8,14.9,15. 
mcs_ul: 0., 0., 0., 0., 0., 0., 0., 0., 0., 0., 0., 0., 0., 0., 0., 0., 0., 0., 0., 0.,40., 0., 0., 0., 0., 0., 0., 0., 0., 0., 0., 0., 0., 0., 0., 0., 0., 0., 0., 0.
mcs_ul_bin_edges:-0.5  ,-0.475,-0.45 ,-0.425,-0.4  ,-0.375,-0.35 ,-0.325,-0.3  ,-0.275,-0.25 ,-0.225,-0.2  ,-0.175,-0.15 ,-0.125,-0.1  ,-0.075,-0.05 ,-0.025, 0.   , 0.025, 0.05 , 0.075, 0.1  , 0.125, 0.15 , 0.175, 0.2  , 0.225, 0.25 , 0.275, 0.3  , 0.325, 0.35 , 0.375, 0.4  , 0.425, 0.45 , 0.475, 0.5  
mcs_dl:0.0821845 ,0.        ,0.        ,0.        ,0.03059234,0.        ,0.        ,0.        ,0.19807242,0.        ,0.        ,0.        ,0.        ,0.36458955,0.        ,0.        ,0.        ,0.41666319,0.        ,0.        ,0.        ,0.        ,0.37866351,0.        ,0.        ,0.        ,0.26836813,0.        ,0.        ,0.        ,0.        ,0.48481077,0.        ,0.        ,0.        ,0.        ,0.        ,0.        ,0.        ,2.22050001
mcs_dl_bin_edges:19.   ,19.225,19.45 ,19.675,19.9  ,20.125,20.35 ,20.575,20.8  ,21.025,21.25 ,21.475,21.7  ,21.925,22.15 ,22.375,22.6  ,22.825,23.05 ,23.275,23.5  ,23.725,23.95 ,24.175,24.4  ,24.625,24.85 ,25.075,25.3  ,25.525,25.75 ,25.975,26.2  ,26.425,26.65 ,26.875,27.1  ,27.325,27.55 ,27.775,28.   
eff_ul: 0., 0., 0., 0., 0., 0., 0., 0., 0., 0., 0., 0., 0., 0., 0., 0., 0., 0., 0., 0.,40., 0., 0., 0., 0., 0., 0., 0., 0., 0., 0., 0., 0., 0., 0., 0., 0., 0., 0., 0.
eff_ul_bin_edges:-0.5  ,-0.475,-0.45 ,-0.425,-0.4  ,-0.375,-0.35 ,-0.325,-0.3  ,-0.275,-0.25 ,-0.225,-0.2  ,-0.175,-0.15 ,-0.125,-0.1  ,-0.075,-0.05 ,-0.025, 0.   , 0.025, 0.05 , 0.075, 0.1  , 0.125, 0.15 , 0.175, 0.2  , 0.225, 0.25 , 0.275, 0.3  , 0.325, 0.35 , 0.375, 0.4  , 0.425, 0.45 , 0.475, 0.5  
eff_dl:0.32284372,0.        ,0.        ,0.12017527,0.        ,0.        ,0.        ,0.77808392,0.        ,0.        ,0.        ,0.        ,0.        ,1.43220982,0.        ,0.        ,0.        ,0.        ,0.        ,1.63676966,0.        ,0.        ,0.        ,0.        ,0.        ,1.48749626,0.        ,0.        ,0.        ,0.        ,0.        ,1.05422515,0.        ,0.        ,0.        ,1.90447243,0.        ,0.        ,0.        ,8.7227456 
eff_dl_bin_edges:5.1152005 ,5.17247748,5.22975446,5.28703143,5.34430841,5.40158539,5.45886236,5.51613934,5.57341632,5.6306933 ,5.68797028,5.74524725,5.80252423,5.85980121,5.91707819,5.97435516,6.03163214,6.08890912,6.1461861 ,6.20346307,6.26074005,6.31801703,6.37529401,6.43257098,6.48984796,6.54712494,6.60440192,6.66167889,6.71895587,6.77623285,6.83350983,6.8907868 ,6.94806378,7.00534076,7.06261774,7.11989471,7.17717169,7.23444867,7.29172565,7.34900262,7.4062796 
rul: 0., 0., 0., 0., 0., 0., 0., 0., 0., 0., 0., 0., 0., 0., 0., 0., 0., 0., 0., 0.,40., 0., 0., 0., 0., 0., 0., 0., 0., 0., 0., 0., 0., 0., 0., 0., 0., 0., 0., 0.
rul_bin_edges:-0.5  ,-0.475,-0.45 ,-0.425,-0.4  ,-0.375,-0.35 ,-0.325,-0.3  ,-0.275,-0.25 ,-0.225,-0.2  ,-0.175,-0.15 ,-0.125,-0.1  ,-0.075,-0.05 ,-0.025, 0.   , 0.025, 0.05 , 0.075, 0.1  , 0.125, 0.15 , 0.175, 0.2  , 0.225, 0.25 , 0.275, 0.3  , 0.325, 0.35 , 0.375, 0.4  , 0.425, 0.45 , 0.475, 0.5  
rdl:1.70015942e-02,0.00000000e+00,0.00000000e+00,0.00000000e+00,0.00000000e+00,0.00000000e+00,0.00000000e+00,0.00000000e+00,0.00000000e+00,9.82821464e-04,1.12317019e-03,2.42776680e-03,2.27144341e-03,6.62301476e-03,0.00000000e+00,0.00000000e+00,0.00000000e+00,0.00000000e+00,2.59017576e-04,7.23803888e-04,0.00000000e+00,1.12240950e-03,1.26846346e-03,1.16044438e-03,8.16228662e-04,1.45559510e-03,6.62225407e-03,2.24405830e-05,8.36767500e-06,5.02060500e-05,0.00000000e+00,1.25134776e-04,0.00000000e+00,1.58605476e-04,0.00000000e+00,1.36164893e-04,0.00000000e+00,1.01553147e-04,2.04627689e-04,9.77116231e-04
rdl_bin_edges:  0.       , 21.9095275, 43.819055 , 65.7285825, 87.63811  ,109.5476375,131.457165 ,153.3666925,175.27622  ,197.1857475,219.095275 ,241.0048025,262.91433  ,284.8238575,306.733385 ,328.6429125,350.55244  ,372.4619675,394.371495 ,416.2810225,438.19055  ,460.1000775,482.009605 ,503.9191325,525.82866  ,547.7381875,569.647715 ,591.5572425,613.46677  ,635.3762975,657.285825 ,679.1953525,701.10488  ,723.0144075,744.923935 ,766.8334625,788.74299  ,810.6525175,832.562045 ,854.4715725,876.3811   
lul: 0., 0., 0., 0., 0., 0., 0., 0., 0., 0., 0., 0., 0., 0., 0., 0., 0., 0., 0., 0.,40., 0., 0., 0., 0., 0., 0., 0., 0., 0., 0., 0., 0., 0., 0., 0., 0., 0., 0., 0.
lul_bin_edges:-0.5  ,-0.475,-0.45 ,-0.425,-0.4  ,-0.375,-0.35 ,-0.325,-0.3  ,-0.275,-0.25 ,-0.225,-0.2  ,-0.175,-0.15 ,-0.125,-0.1  ,-0.075,-0.05 ,-0.025, 0.   , 0.025, 0.05 , 0.075, 0.1  , 0.125, 0.15 , 0.175, 0.2  , 0.225, 0.25 , 0.275, 0.3  , 0.325, 0.35 , 0.375, 0.4  , 0.425, 0.45 , 0.475, 0.5  
ldl:1.30018331e+03,0.00000000e+00,0.00000000e+00,0.00000000e+00,0.00000000e+00,0.00000000e+00,0.00000000e+00,0.00000000e+00,0.00000000e+00,0.00000000e+00,0.00000000e+00,0.00000000e+00,0.00000000e+00,0.00000000e+00,0.00000000e+00,0.00000000e+00,0.00000000e+00,0.00000000e+00,0.00000000e+00,0.00000000e+00,0.00000000e+00,0.00000000e+00,0.00000000e+00,0.00000000e+00,0.00000000e+00,0.00000000e+00,0.00000000e+00,0.00000000e+00,0.00000000e+00,0.00000000e+00,0.00000000e+00,0.00000000e+00,0.00000000e+00,0.00000000e+00,1.32842667e+03,7.41715313e+00,2.90868750e-01,1.36737399e+02,7.17282338e+02,1.16347500e-01
ldl_bin_edges:0.        ,0.0002865 ,0.00057299,0.00085949,0.00114598,0.00143248,0.00171897,0.00200547,0.00229197,0.00257846,0.00286496,0.00315145,0.00343795,0.00372444,0.00401094,0.00429744,0.00458393,0.00487043,0.00515692,0.00544342,0.00572991,0.00601641,0.0063029 ,0.0065894 ,0.0068759 ,0.00716239,0.00744889,0.00773538,0.00802188,0.00830837,0.00859487,0.00888137,0.00916786,0.00945436,0.00974085,0.01002735,0.01031384,0.01060034,0.01088684,0.01117333,0.01145983
ilul: 0., 0., 0., 0., 0., 0., 0., 0., 0., 0., 0., 0., 0., 0., 0., 0., 0., 0., 0., 0.,40., 0., 0., 0., 0., 0., 0., 0., 0., 0., 0., 0., 0., 0., 0., 0., 0., 0., 0., 0.
ilul_bin_edges:-0.5  ,-0.475,-0.45 ,-0.425,-0.4  ,-0.375,-0.35 ,-0.325,-0.3  ,-0.275,-0.25 ,-0.225,-0.2  ,-0.175,-0.15 ,-0.125,-0.1  ,-0.075,-0.05 ,-0.025, 0.   , 0.025, 0.05 , 0.075, 0.1  , 0.125, 0.15 , 0.175, 0.2  , 0.225, 0.25 , 0.275, 0.3  , 0.325, 0.35 , 0.375, 0.4  , 0.425, 0.45 , 0.475, 0.5  
ildl:2.23812561e+02,0.00000000e+00,0.00000000e+00,0.00000000e+00,0.00000000e+00,0.00000000e+00,1.00139848e-02,3.00419544e-02,0.00000000e+00,2.50349620e-02,1.50209772e-02,2.50349620e-02,2.50349620e-02,2.00279696e-02,2.00279696e-02,1.50209772e-02,2.00279696e-02,2.50349620e-02,2.00279696e-02,3.00419544e-02,1.50209772e-02,2.50349620e-02,1.50209772e-02,1.50209772e-02,1.00139848e-02,2.50349620e-02,3.17092829e+01,4.63697567e+01,6.13957409e+01,6.78998240e+01,5.05505953e+01,3.09732550e+01,2.01180955e+01,2.47896194e+01,1.79600818e+01,1.08451456e+01,5.02702038e+00,1.77748230e+00,4.10573377e+00,3.12436326e+00
ildl_bin_edges:0.        ,0.00166433,0.00332865,0.00499298,0.0066573 ,0.00832163,0.00998595,0.01165028,0.0133146 ,0.01497893,0.01664325,0.01830758,0.0199719 ,0.02163623,0.02330055,0.02496488,0.0266292 ,0.02829353,0.02995785,0.03162218,0.03328651,0.03495083,0.03661516,0.03827948,0.03994381,0.04160813,0.04327246,0.04493678,0.04660111,0.04826543,0.04992976,0.05159408,0.05325841,0.05492273,0.05658706,0.05825138,0.05991571,0.06158003,0.06324436,0.06490868,0.06657301
eul:1.67252923e-05,4.52034928e-07,0.00000000e+00,0.00000000e+00,0.00000000e+00,0.00000000e+00,0.00000000e+00,9.04069855e-07,4.52034928e-07,0.00000000e+00,9.04069855e-07,0.00000000e+00,0.00000000e+00,2.26017464e-06,1.36062513e-04,1.21733006e-03,5.27176694e-02,1.22953500e-04,2.57659909e-05,9.04069855e-07,4.52034928e-07,0.00000000e+00,4.52034928e-07,4.52034928e-07,4.52034928e-07,0.00000000e+00,0.00000000e+00,0.00000000e+00,0.00000000e+00,0.00000000e+00,0.00000000e+00,0.00000000e+00,0.00000000e+00,0.00000000e+00,0.00000000e+00,0.00000000e+00,0.00000000e+00,0.00000000e+00,0.00000000e+00,4.52034928e-07
eul_bin_edges:  0.   , 18.435, 36.87 , 55.305, 73.74 , 92.175,110.61 ,129.045,147.48 ,165.915,184.35 ,202.785,221.22 ,239.655,258.09 ,276.525,294.96 ,313.395,331.83 ,350.265,368.7  ,387.135,405.57 ,424.005,442.44 ,460.875,479.31 ,497.745,516.18 ,534.615,553.05 ,571.485,589.92 ,608.355,626.79 ,645.225,663.66 ,682.095,700.53 ,718.965,737.4  
edl:1.07642560e-01,0.00000000e+00,0.00000000e+00,0.00000000e+00,0.00000000e+00,0.00000000e+00,0.00000000e+00,0.00000000e+00,0.00000000e+00,0.00000000e+00,0.00000000e+00,0.00000000e+00,0.00000000e+00,0.00000000e+00,0.00000000e+00,9.87646091e-07,0.00000000e+00,9.87646091e-07,0.00000000e+00,0.00000000e+00,0.00000000e+00,0.00000000e+00,0.00000000e+00,0.00000000e+00,0.00000000e+00,0.00000000e+00,0.00000000e+00,0.00000000e+00,0.00000000e+00,0.00000000e+00,0.00000000e+00,0.00000000e+00,9.87646091e-07,2.96293827e-06,8.49375638e-05,1.00394225e-02,7.06166955e-04,0.00000000e+00,2.17282140e-05,1.77776296e-05
edl_bin_edges:  0.    ,  8.4375, 16.875 , 25.3125, 33.75  , 42.1875, 50.625 , 59.0625, 67.5   , 75.9375, 84.375 , 92.8125,101.25  ,109.6875,118.125 ,126.5625,135.    ,143.4375,151.875 ,160.3125,168.75  ,177.1875,185.625 ,194.0625,202.5   ,210.9375,219.375 ,227.8125,236.25  ,244.6875,253.125 ,261.5625,270.    ,278.4375,286.875 ,295.3125,303.75  ,312.1875,320.625 ,329.0625,337.5   
gul:1.18694964e-01,0.00000000e+00,0.00000000e+00,0.00000000e+00,0.00000000e+00,0.00000000e+00,0.00000000e+00,0.00000000e+00,0.00000000e+00,0.00000000e+00,0.00000000e+00,0.00000000e+00,0.00000000e+00,0.00000000e+00,0.00000000e+00,0.00000000e+00,0.00000000e+00,0.00000000e+00,0.00000000e+00,0.00000000e+00,0.00000000e+00,0.00000000e+00,0.00000000e+00,0.00000000e+00,0.00000000e+00,0.00000000e+00,0.00000000e+00,0.00000000e+00,0.00000000e+00,0.00000000e+00,9.89405033e-07,9.89405033e-07,0.00000000e+00,0.00000000e+00,3.95762013e-06,2.17669107e-05,3.95762013e-06,9.89405033e-07,9.89405033e-07,9.89405033e-07
gul_bin_edges:  0.    ,  8.4225, 16.845 , 25.2675, 33.69  , 42.1125, 50.535 , 58.9575, 67.38  , 75.8025, 84.225 , 92.6475,101.07  ,109.4925,117.915 ,126.3375,134.76  ,143.1825,151.605 ,160.0275,168.45  ,176.8725,185.295 ,193.7175,202.14  ,210.5625,218.985 ,227.4075,235.83  ,244.2525,252.675 ,261.0975,269.52  ,277.9425,286.365 ,294.7875,303.21  ,311.6325,320.055 ,328.4775,336.9   
gdl:4.97826066e-03,4.52034928e-07,0.00000000e+00,0.00000000e+00,0.00000000e+00,0.00000000e+00,0.00000000e+00,0.00000000e+00,4.52034928e-07,0.00000000e+00,9.04069855e-07,0.00000000e+00,0.00000000e+00,2.71220957e-06,1.36062513e-04,1.18116727e-03,4.78094741e-02,1.11200592e-04,2.07936067e-05,9.04069855e-07,4.52034928e-07,0.00000000e+00,4.52034928e-07,4.52034928e-07,4.52034928e-07,0.00000000e+00,0.00000000e+00,0.00000000e+00,0.00000000e+00,0.00000000e+00,0.00000000e+00,0.00000000e+00,0.00000000e+00,0.00000000e+00,0.00000000e+00,0.00000000e+00,0.00000000e+00,0.00000000e+00,0.00000000e+00,4.52034928e-07
gdl_bin_edges:  0.   , 18.435, 36.87 , 55.305, 73.74 , 92.175,110.61 ,129.045,147.48 ,165.915,184.35 ,202.785,221.22 ,239.655,258.09 ,276.525,294.96 ,313.395,331.83 ,350.265,368.7  ,387.135,405.57 ,424.005,442.44 ,460.875,479.31 ,497.745,516.18 ,534.615,553.05 ,571.485,589.92 ,608.355,626.79 ,645.225,663.66 ,682.095,700.53 ,718.965,737.4  
ri: 0., 0., 0., 0., 0., 0., 0., 0., 0., 0., 0., 0., 0., 0., 0., 0., 0., 0., 0., 0.,40., 0., 0., 0., 0., 0., 0., 0., 0., 0., 0., 0., 0., 0., 0., 0., 0., 0., 0., 0.
ri_bin_edges:0.5  ,0.525,0.55 ,0.575,0.6  ,0.625,0.65 ,0.675,0.7  ,0.725,0.75 ,0.775,0.8  ,0.825,0.85 ,0.875,0.9  ,0.925,0.95 ,0.975,1.   ,1.025,1.05 ,1.075,1.1  ,1.125,1.15 ,1.175,1.2  ,1.225,1.25 ,1.275,1.3  ,1.325,1.35 ,1.375,1.4  ,1.425,1.45 ,1.475,1.5  
