period:1
ue_log_freq:1000
mac_log_freq:1000
mimo_layers:2
frequency:2412000000.0
bandwidth:50000000
ue_speed:5.555555555555555
max_distance:1000
shannon_cfg_bandwidth_mhz:50.0
shannon_cfg_mimo_layers:2
shannon_cfg_bw_efficiency:0.67
shannon_cfg_sinr_offset_db:0
shannon_cfg_ul_divisor:2
shannon_cfg_sinr_sample_rate:1000
n_ue:4
sinr_period:9.463597741343282
sinr_rate:105.66805852612856
ul_fairness:0.683453039068835
dl_fairness:0.9999999225256436
ul_agg_throughput:2.0085095261470576
dl_agg_throughput:21.77125199636553
ul_ave_throughput:0.5021273815367644
dl_ave_throughput:5.442812999091383
ul_se:0.04017019052294115
dl_se:0.43542503992731063
ul_ase:1.2786568773338585e-08
dl_ase:1.3860009490083477e-07
ul_gr:0.12153342466575334, 0.12153342466575334, 0.12153342466575334, 0.12153342466575334
dl_gr:4.243727962720373, 4.244285477145228, 4.242767892321077, 4.245975540244597
ul_tr:0.11757982168548314, 0.09006446290815091, 0.12153342586534135, 0.12153342518074818
dl_tr:4.243728271618283, 4.2442857828924705, 4.242768197567025, 4.245975850750493
ul_er:0.003952090479095209, 0.03143969560304397, 0.0, 0.0
dl_er:27.584731512684872, 27.58417399826002, 27.585691583084174, 27.58248393516065
ul_er_ratio:0.03251895250149025, 0.25875407054604843, 0.0, 0.0
dl_er_ratio:0.8666687517907743, 0.8666512356527613, 0.8666989157877428, 0.8665981364065259
ul_er_perc:3.251895250149025, 25.875407054604842, 0.0, 0.0
dl_er_perc:86.66687517907744, 86.66512356527612, 86.66989157877428, 86.6598136406526
ul_l:0.0009351706278347216, 0.004358472127333726, 0.0005345253790892091, 0.0005339523901620983
dl_l:0.0003123304544294557, 0.00031223856503834966, 0.0003111597671073289, 0.00031079115864641354
ul_il:0.0009386321065509344, 0.004442761573099269, 0.0005371959073089269, 0.0005351582760092399
dl_il:0.09285523191260787, 0.09309748108890012, 0.09283743299813002, 0.09272147347119827
sinr_ul:0.06179245,0.07360152,0.19957478,0.15646651,0.        ,0.        ,0.        ,0.        ,0.        ,0.        ,0.        ,0.        ,0.        ,0.        ,0.        ,0.06927694,0.04621411,0.06769945,0.03512744,0.07914486,0.05365928,0.06296206,0.04953127,0.02781987,0.        ,0.        ,0.        ,0.        ,0.        ,0.00364641,0.00863935,0.04348176,0.05976776,0.06591064,0.2788425 ,0.19947649,0.17589767,0.11137286,0.02055653,0.01527857
sinr_ul_bin_edges: 8.516177, 9.024891, 9.533605,10.042319,10.551033,11.059747,11.568461,12.077175,12.585889,13.094603,13.603317,14.112031,14.620745,15.129459,15.638173,16.146887,16.655601,17.164315,17.673029,18.181743,18.690457,19.199171,19.707885,20.216599,20.725313,21.234027,21.742741,22.251455,22.760169,23.268883,23.777597,24.286311,24.795025,25.303739,25.812453,26.321167,26.829881,27.338595,27.847309,28.356023,28.864737
sinr_dl:0.0617984 ,0.07359784,0.1995683 ,0.15647896,0.        ,0.        ,0.        ,0.        ,0.        ,0.        ,0.        ,0.        ,0.        ,0.        ,0.        ,0.06925844,0.04619523,0.06772515,0.03511329,0.07914127,0.05366018,0.06296803,0.04954192,0.02784   ,0.        ,0.        ,0.        ,0.        ,0.        ,0.00364647,0.00863949,0.0434874 ,0.05976385,0.06591174,0.27883734,0.19946509,0.17592027,0.11137964,0.02055688,0.01527883
sinr_dl_bin_edges:18.276056  ,18.78476147,19.29346695,19.80217243,20.3108779 ,20.81958338,21.32828885,21.83699432,22.3456998 ,22.85440528,23.36311075,23.87181622,24.3805217 ,24.88922718,25.39793265,25.90663813,26.4153436 ,26.92404907,27.43275455,27.94146002,28.4501655 ,28.95887097,29.46757645,29.97628193,30.4849874 ,30.99369288,31.50239835,32.01110382,32.5198093 ,33.02851477,33.53722025,34.04592573,34.5546312 ,35.06333668,35.57204215,36.08074763,36.5894531 ,37.09815857,37.60686405,38.11556952,38.624275  
rsrp_ul:0.06181642,0.0728836 ,0.19811437,0.16038041,0.        ,0.        ,0.        ,0.        ,0.        ,0.        ,0.        ,0.        ,0.        ,0.        ,0.        ,0.05166657,0.05481805,0.0735494 ,0.02926095,0.0816032 ,0.05313134,0.06336997,0.05298339,0.03281192,0.        ,0.        ,0.        ,0.        ,0.        ,0.00397511,0.00862589,0.04459423,0.0601593 ,0.06435141,0.28056092,0.19867661,0.17645347,0.11323639,0.02047724,0.01527902
rsrp_ul_bin_edges:-99.16118  ,-98.6542809,-98.1473818,-97.6404827,-97.1335836,-96.6266845,-96.1197854,-95.6128863,-95.1059872,-94.5990881,-94.092189 ,-93.5852899,-93.0783908,-92.5714917,-92.0645926,-91.5576935,-91.0507944,-90.5438953,-90.0369962,-89.5300971,-89.023198 ,-88.5162989,-88.0093998,-87.5025007,-86.9956016,-86.4887025,-85.9818034,-85.4749043,-84.9680052,-84.4611061,-83.954207 ,-83.4473079,-82.9404088,-82.4335097,-81.9266106,-81.4197115,-80.9128124,-80.4059133,-79.8990142,-79.3921151,-78.885216 
rsrp_dl:0.06181642,0.0728836 ,0.19811437,0.16038041,0.        ,0.        ,0.        ,0.        ,0.        ,0.        ,0.        ,0.        ,0.        ,0.        ,0.        ,0.05166657,0.05481805,0.0735494 ,0.02926095,0.0816032 ,0.05313134,0.06336997,0.05298339,0.03281192,0.        ,0.        ,0.        ,0.        ,0.        ,0.00397511,0.00862589,0.04459423,0.0601593 ,0.06435141,0.28056092,0.19867661,0.17645347,0.11323639,0.02047724,0.01527902
rsrp_dl_bin_edges:-96.15088  ,-95.6439809,-95.1370818,-94.6301827,-94.1232836,-93.6163845,-93.1094854,-92.6025863,-92.0956872,-91.5887881,-91.081889 ,-90.5749899,-90.0680908,-89.5611917,-89.0542926,-88.5473935,-88.0404944,-87.5335953,-87.0266962,-86.5197971,-86.012898 ,-85.5059989,-84.9990998,-84.4922007,-83.9853016,-83.4784025,-82.9715034,-82.4646043,-81.9577052,-81.4508061,-80.943907 ,-80.4370079,-79.9301088,-79.4232097,-78.9163106,-78.4094115,-77.9025124,-77.3956133,-76.8887142,-76.3818151,-75.874916 
cqi_ul:1.14482855,0.        ,0.        ,0.        ,0.        ,0.        ,0.        ,0.        ,0.85517145,0.        ,0.        ,0.        ,0.        ,0.        ,0.        ,0.        ,0.        ,0.        ,0.        ,0.        ,0.        ,0.        ,0.        ,0.        ,0.        ,0.        ,0.        ,0.        ,0.        ,0.        ,0.        ,0.        ,0.40237598,0.        ,0.        ,0.        ,0.        ,0.        ,0.        ,5.59762402
cqi_ul_bin_edges:10.   ,10.125,10.25 ,10.375,10.5  ,10.625,10.75 ,10.875,11.   ,11.125,11.25 ,11.375,11.5  ,11.625,11.75 ,11.875,12.   ,12.125,12.25 ,12.375,12.5  ,12.625,12.75 ,12.875,13.   ,13.125,13.25 ,13.375,13.5  ,13.625,13.75 ,13.875,14.   ,14.125,14.25 ,14.375,14.5  ,14.625,14.75 ,14.875,15.   
cqi_dl: 0., 0., 0., 0., 0., 0., 0., 0., 0., 0., 0., 0., 0., 0., 0., 0., 0., 0., 0., 0.,40., 0., 0., 0., 0., 0., 0., 0., 0., 0., 0., 0., 0., 0., 0., 0., 0., 0., 0., 0.
cqi_dl_bin_edges:14.5  ,14.525,14.55 ,14.575,14.6  ,14.625,14.65 ,14.675,14.7  ,14.725,14.75 ,14.775,14.8  ,14.825,14.85 ,14.875,14.9  ,14.925,14.95 ,14.975,15.   ,15.025,15.05 ,15.075,15.1  ,15.125,15.15 ,15.175,15.2  ,15.225,15.25 ,15.275,15.3  ,15.325,15.35 ,15.375,15.4  ,15.425,15.45 ,15.475,15.5  
mcs_ul:0.11096889,0.        ,0.        ,0.        ,0.46144539,0.        ,0.        ,0.        ,0.42758572,0.        ,0.        ,0.        ,0.        ,0.        ,0.        ,0.        ,0.        ,0.        ,0.        ,0.        ,0.        ,0.        ,0.        ,0.        ,0.        ,0.        ,0.        ,0.        ,0.        ,0.        ,0.        ,0.        ,0.01541985,0.        ,0.        ,0.        ,0.18570814,0.        ,0.        ,2.79887201
mcs_ul_bin_edges:18.  ,18.25,18.5 ,18.75,19.  ,19.25,19.5 ,19.75,20.  ,20.25,20.5 ,20.75,21.  ,21.25,21.5 ,21.75,22.  ,22.25,22.5 ,22.75,23.  ,23.25,23.5 ,23.75,24.  ,24.25,24.5 ,24.75,25.  ,25.25,25.5 ,25.75,26.  ,26.25,26.5 ,26.75,27.  ,27.25,27.5 ,27.75,28.  
mcs_dl: 0., 0., 0., 0., 0., 0., 0., 0., 0., 0., 0., 0., 0., 0., 0., 0., 0., 0., 0., 0.,40., 0., 0., 0., 0., 0., 0., 0., 0., 0., 0., 0., 0., 0., 0., 0., 0., 0., 0., 0.
mcs_dl_bin_edges:27.5  ,27.525,27.55 ,27.575,27.6  ,27.625,27.65 ,27.675,27.7  ,27.725,27.75 ,27.775,27.8  ,27.825,27.85 ,27.875,27.9  ,27.925,27.95 ,27.975,28.   ,28.025,28.05 ,28.075,28.1  ,28.125,28.15 ,28.175,28.2  ,28.225,28.25 ,28.275,28.3  ,28.325,28.35 ,28.375,28.4  ,28.425,28.45 ,28.475,28.5  
eff_ul:0.39293571,0.        ,0.        ,0.        ,1.63395676,0.        ,0.        ,0.        ,1.51406127,0.        ,0.        ,0.        ,0.        ,0.        ,0.        ,0.        ,0.        ,0.        ,0.        ,0.        ,0.        ,0.        ,0.        ,0.        ,0.        ,0.        ,0.        ,0.        ,0.        ,0.        ,0.        ,0.        ,0.        ,0.05460096,0.        ,0.        ,0.65758394,0.        ,0.        ,9.9106763 
eff_ul_bin_edges:2.7304995 ,2.80110195,2.8717044 ,2.94230684,3.01290929,3.08351174,3.15411419,3.22471663,3.29531908,3.36592153,3.43652398,3.50712642,3.57772887,3.64833132,3.71893377,3.78953621,3.86013866,3.93074111,4.00134356,4.071946  ,4.14254845,4.2131509 ,4.28375335,4.35435579,4.42495824,4.49556069,4.56616314,4.63676558,4.70736803,4.77797048,4.84857292,4.91917537,4.98977782,5.06038027,5.13098272,5.20158516,5.27218761,5.34279006,5.4133925 ,5.48399495,5.5545974 
eff_dl: 0., 0., 0., 0., 0., 0., 0., 0., 0., 0., 0., 0., 0., 0., 0., 0., 0., 0., 0., 0.,40., 0., 0., 0., 0., 0., 0., 0., 0., 0., 0., 0., 0., 0., 0., 0., 0., 0., 0., 0.
eff_dl_bin_edges:5.0545974,5.0795974,5.1045974,5.1295974,5.1545974,5.1795974,5.2045974,5.2295974,5.2545974,5.2795974,5.3045974,5.3295974,5.3545974,5.3795974,5.4045974,5.4295974,5.4545974,5.4795974,5.5045974,5.5295974,5.5545974,5.5795974,5.6045974,5.6295974,5.6545974,5.6795974,5.7045974,5.7295974,5.7545974,5.7795974,5.8045974,5.8295974,5.8545974,5.8795974,5.9045974,5.9295974,5.9545974,5.9795974,6.0045974,6.0295974,6.0545974
rul:4.63464729e-01,7.29155838e-04,6.13842056e-04,4.69408631e-04,2.57417636e-04,7.45462838e-05,3.37787848e-05,2.44604994e-05,3.37787848e-05,5.70744985e-05,6.98871410e-06,1.51422139e-05,3.37787848e-05,6.98871410e-06,8.15349979e-06,9.31828547e-06,4.65914274e-06,1.16478568e-06,6.98871410e-06,1.16478568e-06,5.24153558e-05,0.00000000e+00,0.00000000e+00,0.00000000e+00,1.16478568e-06,0.00000000e+00,0.00000000e+00,0.00000000e+00,0.00000000e+00,0.00000000e+00,1.16478568e-06,0.00000000e+00,1.16478568e-06,0.00000000e+00,0.00000000e+00,0.00000000e+00,0.00000000e+00,1.16478568e-06,2.32957137e-06,6.98871410e-06
rul_bin_edges: 0.        , 2.14629613, 4.29259225, 6.43888838, 8.5851845 ,10.73148062,12.87777675,15.02407288,17.170369  ,19.31666513,21.46296125,23.60925738,25.7555535 ,27.90184963,30.04814575,32.19444188,34.340738  ,36.48703413,38.63333025,40.77962637,42.9259225 ,45.07221863,47.21851475,49.36481088,51.511107  ,53.65740313,55.80369925,57.94999538,60.0962915 ,62.24258763,64.38888375,66.53517987,68.681476  ,70.82777213,72.97406825,75.12036438,77.2666605 ,79.41295663,81.55925275,83.70554888,85.851845  
rdl:2.25568779e-01,8.41081747e-05,7.10246808e-05,1.68216349e-05,1.30834938e-05,8.09930571e-06,9.34535274e-06,6.85325868e-06,4.98418813e-06,2.05709905e-02,1.24604703e-06,1.24604703e-06,6.23023516e-07,1.24604703e-06,6.23023516e-07,0.00000000e+00,6.23023516e-07,6.23023516e-07,0.00000000e+00,2.84285630e-03,0.00000000e+00,0.00000000e+00,0.00000000e+00,0.00000000e+00,0.00000000e+00,0.00000000e+00,0.00000000e+00,0.00000000e+00,0.00000000e+00,6.23023516e-06,0.00000000e+00,0.00000000e+00,0.00000000e+00,0.00000000e+00,0.00000000e+00,0.00000000e+00,0.00000000e+00,0.00000000e+00,0.00000000e+00,2.49209406e-06
rdl_bin_edges:  0.       ,  4.0126495,  8.025299 , 12.0379485, 16.050598 , 20.0632475, 24.075897 , 28.0885465, 32.101196 , 36.1138455, 40.126495 , 44.1391445, 48.151794 , 52.1644435, 56.177093 , 60.1897425, 64.202392 , 68.2150415, 72.227691 , 76.2403405, 80.25299  , 84.2656395, 88.278289 , 92.2909385, 96.303588 ,100.3162375,104.328887 ,108.3415365,112.354186 ,116.3668355,120.379485 ,124.3921345,128.404784 ,132.4174335,136.430083 ,140.4427325,144.455382 ,148.4680315,152.480681 ,156.4933305,160.50598  
lul:3.56883979e+01,1.64871042e-02,1.29029511e-02,1.23653281e-02,1.10212707e-02,9.13959036e-03,8.33315592e-03,7.25790999e-03,7.34751382e-03,8.33315592e-03,5.46583345e-03,5.19702197e-03,4.03217222e-03,4.83860666e-03,5.10741814e-03,3.85296456e-03,3.31534160e-03,3.13613395e-03,3.13613395e-03,2.77771864e-03,2.50890716e-03,2.50890716e-03,1.97128420e-03,1.61286889e-03,1.70247271e-03,1.52326506e-03,7.16830617e-04,1.25445358e-03,1.79207654e-03,8.06434444e-04,5.37622962e-04,7.16830617e-04,3.58415308e-04,1.79207654e-04,3.58415308e-04,0.00000000e+00,2.68811481e-04,2.68811481e-04,1.79207654e-04,1.79207654e-04
lul_bin_edges:0.        ,0.02790031,0.05580063,0.08370094,0.11160126,0.13950157,0.16740189,0.1953022 ,0.22320252,0.25110283,0.27900315,0.30690346,0.33480378,0.3627041 ,0.39060441,0.41850472,0.44640504,0.47430535,0.50220567,0.53010598,0.5580063 ,0.58590661,0.61380693,0.64170724,0.66960756,0.69750787,0.72540819,0.7533085 ,0.78120882,0.80910913,0.83700945,0.86490976,0.89281008,0.92071039,0.94861071,0.97651102,1.00441134,1.03231165,1.06021197,1.08811229,1.1160126 
ldl:5.92280540e+03,0.00000000e+00,0.00000000e+00,0.00000000e+00,0.00000000e+00,0.00000000e+00,0.00000000e+00,0.00000000e+00,0.00000000e+00,0.00000000e+00,0.00000000e+00,0.00000000e+00,0.00000000e+00,0.00000000e+00,0.00000000e+00,0.00000000e+00,0.00000000e+00,0.00000000e+00,0.00000000e+00,4.48221603e+02,3.01556821e+00,9.17781628e-01,6.28844305e+01,1.21114397e+01,6.55558306e-01,3.72029339e+00,1.01070702e+02,8.19447882e-02,9.83337459e-02,1.63889576e-02,0.00000000e+00,1.63889576e-02,0.00000000e+00,0.00000000e+00,1.63889576e-02,0.00000000e+00,0.00000000e+00,0.00000000e+00,0.00000000e+00,1.63889576e-02
ldl_bin_edges:0.        ,0.00015254,0.00030508,0.00045762,0.00061016,0.0007627 ,0.00091524,0.00106778,0.00122032,0.00137286,0.0015254 ,0.00167794,0.00183048,0.00198302,0.00213556,0.0022881 ,0.00244064,0.00259318,0.00274572,0.00289826,0.0030508 ,0.00320334,0.00335588,0.00350842,0.00366096,0.00381351,0.00396605,0.00411859,0.00427113,0.00442367,0.00457621,0.00472875,0.00488129,0.00503383,0.00518637,0.00533891,0.00549145,0.00564399,0.00579653,0.00594907,0.00610161
ilul:3.54011169e+01,1.06663069e-02,1.58216885e-02,1.39550848e-02,1.26217964e-02,9.68856206e-03,8.79970315e-03,7.02198535e-03,7.19975713e-03,6.84421356e-03,5.51092521e-03,4.97760987e-03,5.42203932e-03,5.15538165e-03,4.88872397e-03,3.64432151e-03,3.37766384e-03,3.28877795e-03,2.48880493e-03,3.55543562e-03,1.77771781e-03,3.02212028e-03,1.95548959e-03,1.42217425e-03,1.77771781e-03,1.33328836e-03,6.22201233e-04,1.59994603e-03,1.42217425e-03,7.99973014e-04,6.22201233e-04,7.11087124e-04,2.66657671e-04,2.66657671e-04,1.77771781e-04,0.00000000e+00,4.44429452e-04,8.88858905e-05,1.77771781e-04,1.77771781e-04
ilul_bin_edges:0.        ,0.02812567,0.05625133,0.084377  ,0.11250267,0.14062834,0.168754  ,0.19687967,0.22500534,0.25313101,0.28125668,0.30938234,0.33750801,0.36563368,0.39375934,0.42188501,0.45001068,0.47813635,0.50626202,0.53438768,0.56251335,0.59063902,0.61876469,0.64689035,0.67501602,0.70314169,0.73126735,0.75939302,0.78751869,0.81564436,0.84377002,0.87189569,0.90002136,0.92814703,0.9562727 ,0.98439836,1.01252403,1.0406497 ,1.06877537,1.09690103,1.1250267 
ildl:3.24632926e+01,2.04112533e-02,2.29178984e-02,1.96950689e-02,1.69198547e-02,1.55770091e-02,1.41446404e-02,1.55770091e-02,1.55770091e-02,1.37865483e-02,1.37865483e-02,1.42341635e-02,1.59351012e-02,1.39655943e-02,1.37865483e-02,1.39655943e-02,1.12799031e-02,1.02056266e-02,8.68373494e-03,8.41516582e-03,8.05707366e-03,5.10281332e-03,6.08756676e-03,5.55042852e-03,5.19233636e-03,5.10281332e-03,5.81899764e-03,5.55042852e-03,5.28185940e-03,5.55042852e-03,5.28185940e-03,7.87802758e-03,1.03846727e-02,1.19960874e-02,1.18170414e-02,1.20856105e-02,1.15484722e-02,7.06336791e-01,2.04479577e+00,1.87998385e-01
ildl_bin_edges:0.        ,0.02792549,0.05585098,0.08377648,0.11170197,0.13962746,0.16755296,0.19547845,0.22340394,0.25132943,0.27925492,0.30718042,0.33510591,0.3630314 ,0.39095689,0.41888239,0.44680788,0.47473337,0.50265887,0.53058436,0.55850985,0.58643534,0.61436083,0.64228633,0.67021182,0.69813731,0.7260628 ,0.7539883 ,0.78191379,0.80983928,0.83776478,0.86569027,0.89361576,0.92154125,0.94946674,0.97739224,1.00531773,1.03324322,1.06116871,1.08909421,1.1170197 
eul:2.51140040e+00,2.38946237e-04,2.51522354e-04,1.32049236e-04,1.00608942e-04,1.76065648e-04,1.57201471e-04,1.44625354e-04,1.32049236e-04,1.38337295e-04,1.19473118e-04,8.80328240e-05,8.17447651e-05,8.17447651e-05,1.32049236e-04,1.00608942e-04,1.44625354e-04,1.13185059e-04,1.38337295e-04,1.57201471e-04,1.32049236e-04,1.44625354e-04,1.88641766e-04,1.50913413e-04,1.44625354e-04,1.00608942e-04,5.65925297e-05,8.17447651e-05,8.17447651e-05,1.25761177e-05,1.25761177e-05,0.00000000e+00,1.25761177e-05,1.25761177e-05,1.88641766e-05,1.25761177e-05,3.77283531e-05,0.00000000e+00,1.25761177e-05,6.28805886e-06
eul_bin_edges: 0.      , 0.397575, 0.79515 , 1.192725, 1.5903  , 1.987875, 2.38545 , 2.783025, 3.1806  , 3.578175, 3.97575 , 4.373325, 4.7709  , 5.168475, 5.56605 , 5.963625, 6.3612  , 6.758775, 7.15635 , 7.553925, 7.9515  , 8.349075, 8.74665 , 9.144225, 9.5418  , 9.939375,10.33695 ,10.734525,11.1321  ,11.529675,11.92725 ,12.324825,12.7224  ,13.119975,13.51755 ,13.915125,14.3127  ,14.710275,15.10785 ,15.505425,15.903   
edl:6.21465124e-02,2.91800644e-05,9.61861383e-05,8.41178400e-05,8.91613079e-05,4.53731989e-04,4.64719544e-05,3.87986782e-04,1.44855604e-03,1.73333185e-03,5.65048531e-04,2.52713768e-04,1.04111588e-04,5.18756701e-05,1.01950102e-04,1.45720198e-04,1.41577350e-04,1.97415744e-04,9.65463860e-05,1.28788556e-04,6.61955165e-04,1.11694802e-03,1.50799691e-03,2.88378291e-04,2.53974635e-05,2.55775873e-05,1.53105276e-05,2.07142433e-05,2.14347387e-05,1.71117662e-05,2.88198167e-05,1.92732524e-05,0.00000000e+00,0.00000000e+00,0.00000000e+00,0.00000000e+00,0.00000000e+00,0.00000000e+00,0.00000000e+00,3.60247709e-07
edl_bin_edges:  0.    , 13.8792, 27.7584, 41.6376, 55.5168, 69.396 , 83.2752, 97.1544,111.0336,124.9128,138.792 ,152.6712,166.5504,180.4296,194.3088,208.188 ,222.0672,235.9464,249.8256,263.7048,277.584 ,291.4632,305.3424,319.2216,333.1008,346.98  ,360.8592,374.7384,388.6176,402.4968,416.376 ,430.2552,444.1344,458.0136,471.8928,485.772 ,499.6512,513.5304,527.4096,541.2888,555.168 
gul:2.85471335e-01,3.14408335e-05,8.86059853e-05,1.71495455e-05,5.71651518e-06,6.85981821e-05,1.42912879e-05,4.57321214e-05,2.00078031e-05,1.42912879e-05,2.85825759e-06,2.28660607e-05,0.00000000e+00,2.85825759e-06,0.00000000e+00,0.00000000e+00,2.85825759e-06,5.71651518e-06,0.00000000e+00,0.00000000e+00,2.85825759e-06,0.00000000e+00,2.85825759e-06,0.00000000e+00,0.00000000e+00,0.00000000e+00,0.00000000e+00,0.00000000e+00,2.85825759e-06,0.00000000e+00,0.00000000e+00,0.00000000e+00,0.00000000e+00,0.00000000e+00,2.85825759e-06,0.00000000e+00,0.00000000e+00,0.00000000e+00,0.00000000e+00,2.85825759e-06
gul_bin_edges:  0.    ,  3.4986,  6.9972, 10.4958, 13.9944, 17.493 , 20.9916, 24.4902, 27.9888, 31.4874, 34.986 , 38.4846, 41.9832, 45.4818, 48.9804, 52.479 , 55.9776, 59.4762, 62.9748, 66.4734, 69.972 , 73.4706, 76.9692, 80.4678, 83.9664, 87.465 , 90.9636, 94.4622, 97.9608,101.4594,104.958 ,108.4566,111.9552,115.4538,118.9524,122.451 ,125.9496,129.4482,132.9468,136.4454,139.944 
gdl:7.05154269e-02,1.47701561e-05,5.29564132e-05,2.32359772e-05,1.60310230e-05,2.42987080e-04,6.12421105e-06,3.49440278e-05,1.50943790e-04,1.22664345e-04,5.16955462e-05,3.76458856e-05,1.90931286e-05,6.48445876e-06,2.19751102e-05,1.85527570e-05,1.69316423e-05,3.09813030e-05,2.16148625e-05,1.96335001e-05,1.03931464e-04,1.78502740e-04,2.48570919e-04,4.52110875e-05,4.14284865e-06,6.84470647e-06,3.42235323e-06,5.94408720e-06,6.66458261e-06,4.50309636e-06,1.00869358e-05,7.38507803e-06,0.00000000e+00,0.00000000e+00,0.00000000e+00,0.00000000e+00,0.00000000e+00,0.00000000e+00,0.00000000e+00,3.60247709e-07
gdl_bin_edges:  0.    , 13.8792, 27.7584, 41.6376, 55.5168, 69.396 , 83.2752, 97.1544,111.0336,124.9128,138.792 ,152.6712,166.5504,180.4296,194.3088,208.188 ,222.0672,235.9464,249.8256,263.7048,277.584 ,291.4632,305.3424,319.2216,333.1008,346.98  ,360.8592,374.7384,388.6176,402.4968,416.376 ,430.2552,444.1344,458.0136,471.8928,485.772 ,499.6512,513.5304,527.4096,541.2888,555.168 
ri: 0., 0., 0., 0., 0., 0., 0., 0., 0., 0., 0., 0., 0., 0., 0., 0., 0., 0., 0., 0.,40., 0., 0., 0., 0., 0., 0., 0., 0., 0., 0., 0., 0., 0., 0., 0., 0., 0., 0., 0.
ri_bin_edges:0.5  ,0.525,0.55 ,0.575,0.6  ,0.625,0.65 ,0.675,0.7  ,0.725,0.75 ,0.775,0.8  ,0.825,0.85 ,0.875,0.9  ,0.925,0.95 ,0.975,1.   ,1.025,1.05 ,1.075,1.1  ,1.125,1.15 ,1.175,1.2  ,1.225,1.25 ,1.275,1.3  ,1.325,1.35 ,1.375,1.4  ,1.425,1.45 ,1.475,1.5  
