period:1
ue_log_freq:1000
mac_log_freq:1000
mimo_layers:2
frequency:2412000000.0
bandwidth:50000000
ue_speed:5.555555555555555
max_distance:1000
shannon_cfg_bandwidth_mhz:50.0
shannon_cfg_mimo_layers:2
shannon_cfg_bw_efficiency:0.67
shannon_cfg_sinr_offset_db:0
shannon_cfg_ul_divisor:2
shannon_cfg_sinr_sample_rate:1000
n_ue:3
sinr_period:9.463597741343282
sinr_rate:105.66805852612856
ul_fairness:0.9985966226145764
dl_fairness:0.9948810862119056
ul_agg_throughput:1.844306510322159
dl_agg_throughput:2.232006786358328
ul_ave_throughput:0.614768836774053
dl_ave_throughput:0.7440022621194426
ul_se:0.03688613020644318
dl_se:0.04464013572716656
ul_ase:1.1741219907773411e-08
dl_ase:1.4209396522543356e-08
ul_gr:0.09999885418449816, 0.09999885418449816, 0.19999770777857223
dl_gr:0.09999885418449816, 0.09999885418449816, 0.19999770777857223
ul_tr:0.09220792146563535, 0.09628088081311187, 0.19997768543434563
dl_tr:0.09998884817501824, 0.09998884816821833, 0.19997769601363988
ul_er:0.0, 0.0, 0.0
dl_er:0.0, 0.0, 0.0
ul_er_ratio:0.0, 0.0, 0.0
dl_er_ratio:0.0, 0.0, 0.0
ul_er_perc:0.0, 0.0, 0.0
dl_er_perc:0.0, 0.0, 0.0
ul_l:0.006641445539284607, 0.007118890797022028, 0.0076906103052869455
dl_l:0.008844390009844902, 0.00884437321284287, 0.0088443834899051
ul_il:0.011562247868891313, 0.012701668747602524, 0.018554662193428068
dl_il:0.008844390009844902, 0.00884437321284287, 0.0088443834899051
sinr_ul:0.00185272,0.00185272,0.01357239,0.02067687,0.04694279,0.0453561 ,0.0337552 ,0.0234322 ,0.01857474,0.01288355,0.01067216,0.01074817,0.01140138,0.0123895 ,0.00818524,0.00301424,0.00301661,0.00301899,0.03630151,0.03965303,0.0368692 ,0.03880268,0.06604247,0.02399752,0.01903792,0.02416142,0.02789062,0.02830867,0.00687883,0.01183605,0.01480279,0.00699997,0.0058242 ,0.00471494,0.00845365,0.01160803,0.00468644,0.0047862 ,0.00502136,0.00457005
sinr_ul_bin_edges:-5.726219  ,-4.32289363,-2.91956825,-1.51624287,-0.1129175 , 1.29040787, 2.69373325, 4.09705863, 5.500384  , 6.90370938, 8.30703475, 9.71036013,11.1136855 ,12.51701088,13.92033625,15.32366162,16.726987  ,18.13031238,19.53363775,20.93696313,22.3402885 ,23.74361388,25.14693925,26.55026463,27.95359   ,29.35691537,30.76024075,32.16356613,33.5668915 ,34.97021688,36.37354225,37.77686763,39.180193  ,40.58351838,41.98684375,43.39016912,44.7934945 ,46.19681988,47.60014525,49.00347063,50.406796  
sinr_dl:0.00185272,0.00185272,0.01348925,0.02066737,0.04685016,0.04538936,0.03379083,0.0234227 ,0.0186365 ,0.01289306,0.01067454,0.01074342,0.01139425,0.0123895 ,0.00823274,0.00301661,0.00301899,0.00301899,0.0359951 ,0.03980268,0.03683595,0.03842739,0.06648903,0.02401178,0.01908068,0.02409729,0.02799751,0.02830629,0.00687883,0.01180043,0.01483604,0.00700235,0.0058337 ,0.00471494,0.00820187,0.01185981,0.00468882,0.00478145,0.00502611,0.00459143
sinr_dl_bin_edges: 6.3071365 , 7.71046169, 9.11378688,10.51711206,11.92043725,13.32376244,14.72708762,16.13041281,17.533738  ,18.93706319,20.34038837,21.74371356,23.14703875,24.55036394,25.95368912,27.35701431,28.7603395 ,30.16366469,31.56698987,32.97031506,34.37364025,35.77696544,37.18029062,38.58361581,39.986941  ,41.39026619,42.79359137,44.19691656,45.60024175,47.00356694,48.40689212,49.81021731,51.2135425 ,52.61686769,54.02019287,55.42351806,56.82684325,58.23016844,59.63349362,61.03681881,62.440144  
rsrp_ul:0.00185272,0.00185272,0.01333724,0.02065787,0.04667439,0.04545587,0.03386209,0.0233942 ,0.01875527,0.01290256,0.01067454,0.01074817,0.01137525,0.01238475,0.00832538,0.00301661,0.00301424,0.00301661,0.03547491,0.04004734,0.03672906,0.03753429,0.06753179,0.02406878,0.01916382,0.02397615,0.02818991,0.02829679,0.00688121,0.01173629,0.01490255,0.0069976 ,0.00585746,0.00471494,0.00775531,0.01230636,0.00468644,0.00478145,0.00502136,0.00463894
rsrp_ul_bin_edges:-121.65484   ,-120.25151487,-118.84818975,-117.44486462,-116.0415395 ,-114.63821437,-113.23488925,-111.83156412,-110.428239  ,-109.02491387,-107.62158875,-106.21826362,-104.8149385 ,-103.41161338,-102.00828825,-100.60496312, -99.201638  , -97.79831287, -96.39498775, -94.99166263, -93.5883375 , -92.18501237, -90.78168725, -89.37836212, -87.975037  , -86.57171188, -85.16838675, -83.76506162, -82.3617365 , -80.95841137, -79.55508625, -78.15176113, -76.748436  , -75.34511087, -73.94178575, -72.53846062, -71.1351355 , -69.73181038, -68.32848525, -66.92516012, -65.521835  
rsrp_dl:0.00185272,0.00185272,0.01333724,0.02065787,0.04667439,0.04545587,0.03386209,0.0233942 ,0.01875527,0.01290256,0.01067454,0.01074817,0.01137525,0.01238475,0.00832538,0.00301661,0.00301424,0.00301661,0.03547491,0.04004734,0.03672906,0.03753429,0.06753179,0.02406878,0.01916382,0.02397615,0.02818991,0.02829679,0.00688121,0.01173629,0.01490255,0.0069976 ,0.00585746,0.00471494,0.00775531,0.01230636,0.00468644,0.00478145,0.00502136,0.00463894
rsrp_dl_bin_edges:-114.66514   ,-113.26181487,-111.85848975,-110.45516462,-109.0518395 ,-107.64851437,-106.24518925,-104.84186413,-103.438539  ,-102.03521387,-100.63188875, -99.22856362, -97.8252385 , -96.42191338, -95.01858825, -93.61526312, -92.211938  , -90.80861287, -89.40528775, -88.00196263, -86.5986375 , -85.19531238, -83.79198725, -82.38866212, -80.985337  , -79.58201188, -78.17868675, -76.77536162, -75.3720365 , -73.96871137, -72.56538625, -71.16206113, -69.758736  , -68.35541087, -66.95208575, -65.54876062, -64.1454355 , -62.74211038, -61.33878525, -59.93546012, -58.532135  
cqi_ul:0.5145993 ,0.        ,0.26926842,0.        ,0.        ,0.13388311,0.        ,0.        ,0.09897679,0.        ,0.01536874,0.        ,0.        ,0.01540429,0.        ,0.        ,0.0141243 ,0.        ,0.2524597 ,0.        ,0.        ,0.18799812,0.        ,0.        ,0.31483241,0.        ,0.13095869,0.        ,0.        ,0.0730926 ,0.        ,0.        ,0.13494087,0.        ,0.16850498,0.        ,0.        ,0.02742195,0.        ,0.31483241
cqi_ul_bin_edges: 0.   , 0.375, 0.75 , 1.125, 1.5  , 1.875, 2.25 , 2.625, 3.   , 3.375, 3.75 , 4.125, 4.5  , 4.875, 5.25 , 5.625, 6.   , 6.375, 6.75 , 7.125, 7.5  , 7.875, 8.25 , 8.625, 9.   , 9.375, 9.75 ,10.125,10.5  ,10.875,11.25 ,11.625,12.   ,12.375,12.75 ,13.125,13.5  ,13.875,14.25 ,14.625,15.   
cqi_dl:0.00516185,0.        ,0.12812253,0.        ,0.        ,0.41856724,0.        ,0.        ,0.15911269,0.        ,0.        ,0.11221793,0.        ,0.        ,0.04479003,0.        ,0.        ,0.06244699,0.        ,0.        ,0.05861846,0.        ,0.06969454,0.        ,0.        ,0.03680916,0.        ,0.        ,0.01169512,0.        ,0.        ,0.01773316,0.        ,0.        ,0.20523604,0.        ,0.        ,0.14141763,0.        ,1.38551948
cqi_dl_bin_edges: 1.  , 1.35, 1.7 , 2.05, 2.4 , 2.75, 3.1 , 3.45, 3.8 , 4.15, 4.5 , 4.85, 5.2 , 5.55, 5.9 , 6.25, 6.6 , 6.95, 7.3 , 7.65, 8.  , 8.35, 8.7 , 9.05, 9.4 , 9.75,10.1 ,10.45,10.8 ,11.15,11.5 ,11.85,12.2 ,12.55,12.9 ,13.25,13.6 ,13.95,14.3 ,14.65,15.  
mcs_ul:0.41992913,0.03967579,0.0320473 ,0.        ,0.03093302,0.02209026,0.        ,0.00425234,0.00398091,0.        ,0.00422853,0.00402377,0.00257616,0.        ,0.00499043,0.08023729,0.        ,0.05500897,0.04269005,0.        ,0.05802323,0.0403615 ,0.12829872,0.        ,0.03926151,0.03089493,0.        ,0.02212835,0.01701888,0.        ,0.03016637,0.04213291,0.03696154,0.        ,0.05330899,0.00737135,0.        ,0.00731897,0.        ,0.16866022
mcs_ul_bin_edges: 0. , 0.7, 1.4, 2.1, 2.8, 3.5, 4.2, 4.9, 5.6, 6.3, 7. , 7.7, 8.4, 9.1, 9.8,10.5,11.2,11.9,12.6,13.3,14. ,14.7,15.4,16.1,16.8,17.5,18.2,18.9,19.6,20.3,21. ,21.7,22.4,23.1,23.8,24.5,25.2,25.9,26.6,27.3,28. 
mcs_dl:0.00258093,0.01229988,0.05176139,0.        ,0.11781311,0.09147051,0.        ,0.04846618,0.03109017,0.        ,0.0343568 ,0.02175216,0.0109856 ,0.        ,0.01140941,0.01601413,0.        ,0.01520937,0.01458081,0.        ,0.01472842,0.01744268,0.01740459,0.        ,0.01439033,0.00401425,0.        ,0.00289521,0.00295235,0.        ,0.00443805,0.00442853,0.01229988,0.        ,0.09031814,0.03606631,0.        ,0.03464251,0.        ,0.69275974
mcs_dl_bin_edges: 0. , 0.7, 1.4, 2.1, 2.8, 3.5, 4.2, 4.9, 5.6, 6.3, 7. , 7.7, 8.4, 9.1, 9.8,10.5,11.2,11.9,12.6,13.3,14. ,14.7,15.4,16.1,16.8,17.5,18.2,18.9,19.6,20.3,21. ,21.7,22.4,23.1,23.8,24.5,25.2,25.9,26.6,27.3,28. 
eff_ul:1.04221925,0.54535   ,0.1499969 ,0.12115689,0.1169443 ,0.        ,0.08351364,0.01607624,0.        ,0.0150501 ,0.01598623,0.01521212,0.00973936,0.01886663,0.30334228,0.        ,0.20796498,0.16139249,0.        ,0.21936057,0.        ,0.15258927,0.4850416 ,0.        ,0.14843069,0.        ,0.11680028,0.08365766,0.06434097,0.11404589,0.        ,0.1592862 ,0.        ,0.13973547,0.        ,0.20153809,0.        ,0.02786788,0.02766986,0.63763086
eff_ul_bin_edges:0.        ,0.18515752,0.37031505,0.55547258,0.7406301 ,0.92578762,1.11094515,1.29610267,1.4812602 ,1.66641772,1.85157525,2.03673277,2.2218903 ,2.40704782,2.59220535,2.77736287,2.9625204 ,3.14767792,3.33283545,3.51799297,3.7031505 ,3.88830802,4.07346555,4.25862308,4.4437806 ,4.62893812,4.81409565,4.99925317,5.1844107 ,5.36956823,5.55472575,5.73988327,5.9250408 ,6.11019832,6.29535585,6.48051337,6.6656709 ,6.85082842,7.03598595,7.22114347,7.406301  
eff_dl:0.05809652,0.        ,0.20208294,0.45995713,0.        ,0.35711235,0.18921805,0.        ,0.1213799 ,0.13413325,0.08492317,0.        ,0.04288918,0.10706492,0.        ,0.05937929,0.        ,0.0569253 ,0.05750161,0.        ,0.06809842,0.        ,0.06794969,0.05618166,0.        ,0.01567212,0.        ,0.01130326,0.01152635,0.01732671,0.        ,0.01728952,0.        ,0.04802026,0.        ,0.35261335,0.        ,0.14080738,0.1352487 ,2.70462081
eff_dl_bin_edges:0.23439999,0.41369752,0.59299504,0.77229257,0.95159009,1.13088762,1.31018514,1.48948267,1.66878019,1.84807772,2.02737524,2.20667277,2.38597029,2.56526782,2.74456534,2.92386287,3.10316039,3.28245792,3.46175544,3.64105297,3.8203505 ,3.99964802,4.17894555,4.35824307,4.5375406 ,4.71683812,4.89613565,5.07543317,5.2547307 ,5.43402822,5.61332575,5.79262327,5.9719208 ,6.15121832,6.33051585,6.50981337,6.6891109 ,6.86840842,7.04770595,7.22700347,7.406301  
rul:3.30072524e+00,1.39068459e-01,1.15008649e-05,0.00000000e+00,0.00000000e+00,0.00000000e+00,0.00000000e+00,0.00000000e+00,1.15008649e-05,0.00000000e+00,1.15008649e-05,0.00000000e+00,0.00000000e+00,1.15008649e-05,2.30017299e-05,0.00000000e+00,3.45025948e-05,0.00000000e+00,0.00000000e+00,7.45256049e-03,1.09258217e-03,0.00000000e+00,0.00000000e+00,0.00000000e+00,0.00000000e+00,0.00000000e+00,0.00000000e+00,0.00000000e+00,0.00000000e+00,0.00000000e+00,0.00000000e+00,0.00000000e+00,0.00000000e+00,0.00000000e+00,0.00000000e+00,0.00000000e+00,1.15008649e-05,1.15008649e-05,0.00000000e+00,1.82863753e-03
rul_bin_edges: 0.        , 0.28983038, 0.57966075, 0.86949113, 1.1593215 , 1.44915188, 1.73898225, 2.02881263, 2.318643  , 2.60847338, 2.89830375, 3.18813413, 3.4779645 , 3.76779488, 4.05762525, 4.34745563, 4.637286  , 4.92711638, 5.21694675, 5.50677713, 5.7966075 , 6.08643788, 6.37626825, 6.66609863, 6.955929  , 7.24575938, 7.53558975, 7.82542013, 8.1152505 , 8.40508088, 8.69491125, 8.98474163, 9.274572  , 9.56440238, 9.85423275,10.14406313,10.4338935 ,10.72372388,11.01355425,11.30338463,11.593215  
rdl:1.31021151e+01,0.00000000e+00,0.00000000e+00,6.11334222e-04,0.00000000e+00,1.22266844e-03,3.05667111e-03,1.01787148e-01,9.81802761e-01,4.20011064e+01,5.63955820e-01,1.13096831e-02,7.03034356e-03,1.83400267e-03,5.19634089e-03,5.16577418e-02,1.83094600e-01,7.01506020e-01,2.91603367e+01,1.67811244e-01,2.32307005e-01,5.01294062e-02,3.66800533e-03,1.83400267e-03,2.13966978e-03,9.17001334e-04,6.11334222e-04,0.00000000e+00,3.05667111e-04,6.11334222e-04,1.22266844e-03,9.17001334e-04,2.13966978e-03,3.94310573e-02,1.26546184e-01,2.87327085e-02,4.04764389e+00,1.09428826e-01,3.97367245e-03,3.05667111e-03
rdl_bin_edges:0.        ,0.010905  ,0.02181   ,0.032715  ,0.04362   ,0.054525  ,0.06543   ,0.076335  ,0.08724   ,0.098145  ,0.10905001,0.11995501,0.13086001,0.14176501,0.15267001,0.16357501,0.17448001,0.18538501,0.19629001,0.20719501,0.21810001,0.22900501,0.23991001,0.25081501,0.26172001,0.27262501,0.28353001,0.29443501,0.30534001,0.31624501,0.32715002,0.33805502,0.34896002,0.35986502,0.37077002,0.38167502,0.39258002,0.40348502,0.41439002,0.42529502,0.43620002
lul:1086.26321615,   0.        ,   0.        ,   0.        ,   0.        ,   0.        ,   0.        ,   0.        ,   0.        ,   0.        ,   0.        ,   0.        ,   0.        ,   0.        ,   0.        ,   0.        ,   0.        ,   0.        ,   0.        ,   0.        ,   0.        ,   0.        ,   0.        ,   0.        ,   0.        ,   0.        ,   0.        ,   0.        ,   0.        ,   0.        ,   0.        ,   0.        ,   0.        ,   0.        ,   0.        ,1494.0214546 ,  25.74879435, 395.1736187 , 293.68055288, 253.44288712
lul_bin_edges:0.        ,0.00028182,0.00056365,0.00084547,0.00112729,0.00140911,0.00169094,0.00197276,0.00225458,0.0025364 ,0.00281823,0.00310005,0.00338187,0.00366369,0.00394552,0.00422734,0.00450916,0.00479099,0.00507281,0.00535463,0.00563645,0.00591828,0.0062001 ,0.00648192,0.00676374,0.00704557,0.00732739,0.00760921,0.00789103,0.00817286,0.00845468,0.0087365 ,0.00901833,0.00930015,0.00958197,0.00986379,0.01014562,0.01042744,0.01070926,0.01099108,0.01127291
ldl: 506.98039544,   0.        ,   0.        ,   0.        ,   0.        ,   0.        ,   0.        ,   0.        ,   0.        ,   0.        ,   0.        ,   0.        ,   0.        ,   0.        ,   0.        ,   0.        ,   0.        ,   0.        ,   0.        ,   0.        ,   0.        ,   0.        ,   0.        ,   0.        ,   0.        ,   0.        ,   0.        ,   0.        ,   0.        ,   0.        ,   0.        ,   0.        ,   0.        ,   0.        ,   0.        ,1797.49530179,  33.20021393, 498.76017859, 380.48367723, 331.41075681
ldl_bin_edges:0.        ,0.00028182,0.00056365,0.00084547,0.00112729,0.00140911,0.00169094,0.00197276,0.00225458,0.0025364 ,0.00281823,0.00310005,0.00338187,0.00366369,0.00394552,0.00422734,0.00450916,0.00479099,0.00507281,0.00535463,0.00563645,0.00591828,0.0062001 ,0.00648192,0.00676374,0.00704557,0.00732739,0.00760921,0.00789103,0.00817286,0.00845468,0.0087365 ,0.00901833,0.00930015,0.00958197,0.00986379,0.01014562,0.01042744,0.01070926,0.01099108,0.01127291
ilul:5.98894357e+00,7.40794555e-04,6.80730131e-04,7.20773080e-04,8.20880452e-04,6.80730131e-04,7.60816029e-04,7.20773080e-04,7.40794555e-04,7.40794555e-04,7.00751606e-04,6.00644233e-04,6.80730131e-04,6.40687182e-04,5.80622759e-04,5.60601285e-04,5.60601285e-04,5.60601285e-04,6.00644233e-04,4.40472438e-04,5.00536861e-04,5.00536861e-04,5.40579810e-04,4.00429489e-04,4.20450963e-04,4.20450963e-04,3.40365066e-04,2.00214744e-04,2.40257693e-04,2.20236219e-04,2.40257693e-04,1.40150321e-04,1.20128847e-04,1.00107372e-04,1.20128847e-04,1.00107372e-04,1.00107372e-04,1.00107372e-04,1.20128847e-04,1.00107372e-04
ilul_bin_edges:0.        ,0.16648624,0.33297248,0.49945872,0.66594496,0.8324312 ,0.99891744,1.16540368,1.33188992,1.49837616,1.6648624 ,1.83134864,1.99783488,2.16432112,2.33080736,2.4972936 ,2.66377984,2.83026608,2.99675232,3.16323856,3.3297248 ,3.49621104,3.66269728,3.82918352,3.99566976,4.162156  ,4.32864224,4.49512848,4.66161472,4.82810096,4.9945872 ,5.16107344,5.32755968,5.49404592,5.66053216,5.8270184 ,5.99350464,6.15999088,6.32647712,6.49296336,6.6594496 
ildl: 506.98039544,   0.        ,   0.        ,   0.        ,   0.        ,   0.        ,   0.        ,   0.        ,   0.        ,   0.        ,   0.        ,   0.        ,   0.        ,   0.        ,   0.        ,   0.        ,   0.        ,   0.        ,   0.        ,   0.        ,   0.        ,   0.        ,   0.        ,   0.        ,   0.        ,   0.        ,   0.        ,   0.        ,   0.        ,   0.        ,   0.        ,   0.        ,   0.        ,   0.        ,   0.        ,1797.49530179,  33.20021393, 498.76017859, 380.48367723, 331.41075681
ildl_bin_edges:0.        ,0.00028182,0.00056365,0.00084547,0.00112729,0.00140911,0.00169094,0.00197276,0.00225458,0.0025364 ,0.00281823,0.00310005,0.00338187,0.00366369,0.00394552,0.00422734,0.00450916,0.00479099,0.00507281,0.00535463,0.00563645,0.00591828,0.0062001 ,0.00648192,0.00676374,0.00704557,0.00732739,0.00760921,0.00789103,0.00817286,0.00845468,0.0087365 ,0.00901833,0.00930015,0.00958197,0.00986379,0.01014562,0.01042744,0.01070926,0.01099108,0.01127291
eul: 0., 0., 0., 0., 0., 0., 0., 0., 0., 0., 0., 0., 0., 0., 0., 0., 0., 0., 0., 0.,40., 0., 0., 0., 0., 0., 0., 0., 0., 0., 0., 0., 0., 0., 0., 0., 0., 0., 0., 0.
eul_bin_edges:-0.5  ,-0.475,-0.45 ,-0.425,-0.4  ,-0.375,-0.35 ,-0.325,-0.3  ,-0.275,-0.25 ,-0.225,-0.2  ,-0.175,-0.15 ,-0.125,-0.1  ,-0.075,-0.05 ,-0.025, 0.   , 0.025, 0.05 , 0.075, 0.1  , 0.125, 0.15 , 0.175, 0.2  , 0.225, 0.25 , 0.275, 0.3  , 0.325, 0.35 , 0.375, 0.4  , 0.425, 0.45 , 0.475, 0.5  
edl: 0., 0., 0., 0., 0., 0., 0., 0., 0., 0., 0., 0., 0., 0., 0., 0., 0., 0., 0., 0.,40., 0., 0., 0., 0., 0., 0., 0., 0., 0., 0., 0., 0., 0., 0., 0., 0., 0., 0., 0.
edl_bin_edges:-0.5  ,-0.475,-0.45 ,-0.425,-0.4  ,-0.375,-0.35 ,-0.325,-0.3  ,-0.275,-0.25 ,-0.225,-0.2  ,-0.175,-0.15 ,-0.125,-0.1  ,-0.075,-0.05 ,-0.025, 0.   , 0.025, 0.05 , 0.075, 0.1  , 0.125, 0.15 , 0.175, 0.2  , 0.225, 0.25 , 0.275, 0.3  , 0.325, 0.35 , 0.375, 0.4  , 0.425, 0.45 , 0.475, 0.5  
gul:1.11419499e-03,0.00000000e+00,1.48559331e-03,0.00000000e+00,5.57097493e-03,1.11419499e-03,6.68516992e-03,1.26275432e-02,1.93127131e-02,8.07791365e-01,5.16577935e+00,6.72505810e+01,8.77614251e-01,1.07705515e-01,1.78271198e-02,1.15133482e-02,4.45677994e-03,9.65635655e-03,1.60815476e-01,2.44008702e-01,1.37788780e-01,2.44565799e+00,3.33797962e+01,2.45494295e-01,2.01669292e-01,2.36209337e-01,4.93959777e-02,3.71398329e-03,4.08538162e-03,4.08538162e-03,7.42796657e-04,2.59978830e-03,1.11419499e-03,0.00000000e+00,3.71398329e-04,1.11419499e-03,7.42796657e-04,0.00000000e+00,0.00000000e+00,3.71398329e-04
gul_bin_edges:0.      ,0.008975,0.01795 ,0.026925,0.0359  ,0.044875,0.05385 ,0.062825,0.0718  ,0.080775,0.08975 ,0.098725,0.1077  ,0.116675,0.12565 ,0.134625,0.1436  ,0.152575,0.16155 ,0.170525,0.1795  ,0.188475,0.19745 ,0.206425,0.2154  ,0.224375,0.23335 ,0.242325,0.2513  ,0.260275,0.26925 ,0.278225,0.2872  ,0.296175,0.30515 ,0.314125,0.3231  ,0.332075,0.34105 ,0.350025,0.359   
gdl:1.11419499e-03,0.00000000e+00,1.48559331e-03,0.00000000e+00,5.57097493e-03,1.11419499e-03,6.68516992e-03,1.26275432e-02,1.93127131e-02,8.07791365e-01,5.16577935e+00,6.72505810e+01,8.77614251e-01,1.07705515e-01,1.78271198e-02,1.15133482e-02,4.45677994e-03,9.65635655e-03,1.60815476e-01,2.44008702e-01,1.37788780e-01,2.44565799e+00,3.33797962e+01,2.45494295e-01,2.01669292e-01,2.36209337e-01,4.93959777e-02,3.71398329e-03,4.08538162e-03,4.08538162e-03,7.42796657e-04,2.59978830e-03,1.11419499e-03,0.00000000e+00,3.71398329e-04,1.11419499e-03,7.42796657e-04,0.00000000e+00,0.00000000e+00,3.71398329e-04
gdl_bin_edges:0.      ,0.008975,0.01795 ,0.026925,0.0359  ,0.044875,0.05385 ,0.062825,0.0718  ,0.080775,0.08975 ,0.098725,0.1077  ,0.116675,0.12565 ,0.134625,0.1436  ,0.152575,0.16155 ,0.170525,0.1795  ,0.188475,0.19745 ,0.206425,0.2154  ,0.224375,0.23335 ,0.242325,0.2513  ,0.260275,0.26925 ,0.278225,0.2872  ,0.296175,0.30515 ,0.314125,0.3231  ,0.332075,0.34105 ,0.350025,0.359   
ri: 0., 0., 0., 0., 0., 0., 0., 0., 0., 0., 0., 0., 0., 0., 0., 0., 0., 0., 0., 0.,40., 0., 0., 0., 0., 0., 0., 0., 0., 0., 0., 0., 0., 0., 0., 0., 0., 0., 0., 0.
ri_bin_edges:0.5  ,0.525,0.55 ,0.575,0.6  ,0.625,0.65 ,0.675,0.7  ,0.725,0.75 ,0.775,0.8  ,0.825,0.85 ,0.875,0.9  ,0.925,0.95 ,0.975,1.   ,1.025,1.05 ,1.075,1.1  ,1.125,1.15 ,1.175,1.2  ,1.225,1.25 ,1.275,1.3  ,1.325,1.35 ,1.375,1.4  ,1.425,1.45 ,1.475,1.5  
