period:1
ue_log_freq:1000
mac_log_freq:1000
mimo_layers:2
frequency:2412000000.0
bandwidth:50000000
ue_speed:5.555555555555555
max_distance:1000
shannon_cfg_bandwidth_mhz:50.0
shannon_cfg_mimo_layers:2
shannon_cfg_bw_efficiency:0.67
shannon_cfg_sinr_offset_db:0
shannon_cfg_ul_divisor:2
shannon_cfg_sinr_sample_rate:1000
n_ue:1
sinr_period:9.463597741343282
sinr_rate:105.66805852612856
ul_fairness:1.0
dl_fairness:1.0
ul_agg_throughput:21.47199627268021
dl_agg_throughput:44.423158208815714
ul_ave_throughput:21.47199627268021
dl_ave_throughput:44.423158208815714
ul_se:0.4294399254536042
dl_se:0.8884631641763143
ul_ase:1.366949737939123e-07
dl_ase:2.8280660866745313e-07
ul_gr:12.612489895917536
dl_gr:44.88341597153359
ul_tr:12.524950161308656
dl_tr:44.7916353916284
ul_er:287.38208514929045
dl_er:255.11115907367437
ul_er_ratio:0.9582372245841543
dl_er_ratio:0.8506461552934594
ul_er_perc:95.82372245841543
dl_er_perc:85.06461552934594
ul_l:0.0034067359339338844
dl_l:0.006208260815751536
ul_il:1.0555803740794245
dl_il:0.40963509505955786
sinr_ul:0.01990336,0.00869038,0.13084443,0.06453073,0.03731054,0.0454198 ,0.09613573,0.25293245,0.06542882,0.03334836,0.02092032,0.02644096,0.02782772,0.02821073,0.02904279,0.03046917,0.0327012 ,0.02039203,0.01644305,0.05053102,0.01005073,0.01012998,0.01018281,0.01027526,0.01039412,0.01051299,0.01069789,0.01093562,0.01135825,0.02220142,0.04881407,0.02588625,0.0296107 ,0.05841576,0.08761704,0.08946605,0.03564642,0.02445987,0.01823924,0.01246766
sinr_ul_bin_edges:-2.4797058 ,-1.84874548,-1.21778516,-0.58682484, 0.04413548, 0.6750958 , 1.30605612, 1.93701644, 2.56797676, 3.19893708, 3.8298974 , 4.46085772, 5.09181804, 5.72277836, 6.35373868, 6.984699  , 7.61565932, 8.24661964, 8.87757996, 9.50854028,10.1395006 ,10.77046092,11.40142124,12.03238156,12.66334188,13.2943022 ,13.92526252,14.55622284,15.18718316,15.81814348,16.4491038 ,17.08006412,17.71102444,18.34198476,18.97294508,19.6039054 ,20.23486572,20.86582604,21.49678636,22.12774668,22.758707  
sinr_dl:0.00939272,0.00351637,0.00159299,0.00149859,0.00945172,0.01432508,0.14024178,0.09077661,0.06229166,0.06056887,0.25885435,0.05291074,0.02083862,0.02063802,0.02617217,0.02862655,0.03004254,0.06072227,0.02623117,0.02231361,0.01023051,0.01033671,0.01047831,0.01064351,0.0109385 ,0.0113869 ,0.02901595,0.04242063,0.0230098 ,0.03644988,0.04796658,0.04184244,0.00174638,0.00312697,0.03325211,0.04970117,0.04297523,0.02715156,0.01918663,0.01313329
sinr_dl_bin_edges: 4.167422  , 4.87363695, 5.5798519 , 6.28606685, 6.9922818 , 7.69849675, 8.4047117 , 9.11092665, 9.8171416 ,10.52335655,11.2295715 ,11.93578645,12.6420014 ,13.34821635,14.0544313 ,14.76064625,15.4668612 ,16.17307615,16.8792911 ,17.58550605,18.291721  ,18.99793595,19.7041509 ,20.41036585,21.1165808 ,21.82279575,22.5290107 ,23.23522565,23.9414406 ,24.64765555,25.3538705 ,26.06008545,26.7663004 ,27.47251535,28.1787303 ,28.88494525,29.5911602 ,30.29737515,31.0035901 ,31.70980505,32.41602   
rsrp_ul:0.01990336,0.00869039,0.13084448,0.06453075,0.03731055,0.04541982,0.09613576,0.25293253,0.06542884,0.03334837,0.02092032,0.02644097,0.02782773,0.02821074,0.0290428 ,0.03046918,0.03270121,0.02039203,0.01645627,0.05051783,0.01005074,0.01012998,0.01018281,0.01027526,0.01039413,0.01051299,0.01069789,0.01093562,0.01135826,0.02220143,0.04881409,0.02588626,0.02961071,0.05841578,0.08761707,0.08946608,0.03564644,0.02445987,0.01823925,0.01246767
rsrp_ul_bin_edges:-114.24038  ,-113.6094199,-112.9784598,-112.3474997,-111.7165396,-111.0855795,-110.4546194,-109.8236593,-109.1926992,-108.5617391,-107.930779 ,-107.2998189,-106.6688588,-106.0378987,-105.4069386,-104.7759785,-104.1450184,-103.5140583,-102.8830982,-102.2521381,-101.621178 ,-100.9902179,-100.3592578, -99.7282977, -99.0973376, -98.4663775, -97.8354174, -97.2044573, -96.5734972, -95.9425371, -95.311577 , -94.6806169, -94.0496568, -93.4186967, -92.7877366, -92.1567765, -91.5258164, -90.8948563, -90.2638962, -89.6329361, -89.001976 
rsrp_dl:0.00939272,0.00351637,0.00159299,0.00149859,0.00945172,0.01432508,0.1402418 ,0.09077662,0.06229167,0.06056888,0.25885438,0.05291075,0.02083862,0.02063802,0.02617218,0.02862655,0.03005434,0.06071048,0.02623118,0.02231361,0.01023051,0.01033671,0.01047831,0.01064351,0.01093851,0.0113869 ,0.02901595,0.04242064,0.0230098 ,0.03644989,0.04796659,0.04184244,0.00174639,0.00312697,0.03326392,0.04968937,0.04297523,0.02715157,0.01918664,0.01313329
rsrp_dl_bin_edges:-117.503624  ,-116.79740915,-116.0911943 ,-115.38497945,-114.6787646 ,-113.97254975,-113.2663349 ,-112.56012005,-111.8539052 ,-111.14769035,-110.4414755 ,-109.73526065,-109.0290458 ,-108.32283095,-107.6166161 ,-106.91040125,-106.2041864 ,-105.49797155,-104.7917567 ,-104.08554185,-103.379327  ,-102.67311215,-101.9668973 ,-101.26068245,-100.5544676 , -99.84825275, -99.1420379 , -98.43582305, -97.7296082 , -97.02339335, -96.3171785 , -95.61096365, -94.9047488 , -94.19853395, -93.4923191 , -92.78610425, -92.0798894 , -91.37367455, -90.6674597 , -89.96124485, -89.25503   
cqi_ul:2.23489804,0.        ,0.        ,0.        ,0.        ,0.60807827,0.        ,0.        ,0.        ,0.        ,0.51187073,0.        ,0.        ,0.        ,0.        ,0.17274856,0.        ,0.        ,0.        ,0.        ,0.24724794,0.        ,0.        ,0.        ,0.        ,0.3437888 ,0.        ,0.        ,0.        ,0.        ,0.54632878,0.        ,0.        ,0.        ,0.        ,0.29070591,0.        ,0.        ,0.        ,0.04433296
cqi_ul_bin_edges:0. ,0.2,0.4,0.6,0.8,1. ,1.2,1.4,1.6,1.8,2. ,2.2,2.4,2.6,2.8,3. ,3.2,3.4,3.6,3.8,4. ,4.2,4.4,4.6,4.8,5. ,5.2,5.4,5.6,5.8,6. ,6.2,6.4,6.6,6.8,7. ,7.2,7.4,7.6,7.8,8. 
cqi_dl:0.04891626,0.        ,0.        ,1.25910062,0.        ,0.        ,0.53835662,0.        ,0.        ,0.        ,0.26083116,0.        ,0.        ,0.12755449,0.        ,0.        ,0.040583  ,0.        ,0.        ,0.        ,0.0731105 ,0.        ,0.        ,0.18885954,0.        ,0.        ,0.23969245,0.        ,0.        ,0.        ,0.11441571,0.        ,0.        ,0.12913781,0.        ,0.        ,0.25188679,0.        ,0.        ,0.06088838
cqi_dl_bin_edges: 1. , 1.3, 1.6, 1.9, 2.2, 2.5, 2.8, 3.1, 3.4, 3.7, 4. , 4.3, 4.6, 4.9, 5.2, 5.5, 5.8, 6.1, 6.4, 6.7, 7. , 7.3, 7.6, 7.9, 8.2, 8.5, 8.8, 9.1, 9.4, 9.7,10. ,10.3,10.6,10.9,11.2,11.5,11.8,12.1,12.4,12.7,13. 
mcs_ul:1.74952388,0.        ,0.        ,0.17502418,0.        ,0.        ,0.13997319,0.        ,0.        ,0.05643543,0.        ,0.        ,0.04987138,0.        ,0.        ,0.0346151 ,0.        ,0.        ,0.11753748,0.        ,0.        ,0.07597373,0.        ,0.        ,0.13558861,0.        ,0.        ,0.16425504,0.        ,0.        ,0.17194729,0.        ,0.        ,0.1155375 ,0.        ,0.        ,0.06335845,0.        ,0.        ,0.02728182
mcs_ul_bin_edges: 0.   , 0.325, 0.65 , 0.975, 1.3  , 1.625, 1.95 , 2.275, 2.6  , 2.925, 3.25 , 3.575, 3.9  , 4.225, 4.55 , 4.875, 5.2  , 5.525, 5.85 , 6.175, 6.5  , 6.825, 7.15 , 7.475, 7.8  , 8.125, 8.45 , 8.775, 9.1  , 9.425, 9.75 ,10.075,10.4  ,10.725,11.05 ,11.375,11.7  ,12.025,12.35 ,12.675,13.   
mcs_dl:0.02445813,0.27774769,0.        ,0.35180262,0.        ,0.20706772,0.06211059,0.        ,0.0484996 ,0.        ,0.08191598,0.04405519,0.        ,0.01972206,0.        ,0.01033325,0.00995825,0.        ,0.01838874,0.        ,0.01816652,0.02494424,0.        ,0.06948553,0.        ,0.04506907,0.07477715,0.        ,0.05451343,0.        ,0.00269442,0.01590265,0.        ,0.04861071,0.        ,0.08048544,0.04551351,0.        ,0.02798588,0.00245831
mcs_dl_bin_edges: 0. , 0.6, 1.2, 1.8, 2.4, 3. , 3.6, 4.2, 4.8, 5.4, 6. , 6.6, 7.2, 7.8, 8.4, 9. , 9.6,10.2,10.8,11.4,12. ,12.6,13.2,13.8,14.4,15. ,15.6,16.2,16.8,17.4,18. ,18.6,19.2,19.8,20.4,21. ,21.6,22.2,22.8,23.4,24. 
eff_ul:5.38157315,0.        ,1.46423578,0.        ,0.68486182,0.        ,0.        ,0.54770886,0.        ,0.        ,0.22082931,0.        ,0.        ,0.        ,0.19514448,0.        ,0.        ,0.13544733,0.        ,0.        ,0.45991893,0.        ,0.        ,0.2972818 ,0.        ,0.        ,0.5305522 ,0.        ,0.64272265,0.        ,0.67282206,0.        ,0.45209308,0.        ,0.        ,0.        ,0.24791878,0.        ,0.        ,0.10675256
eff_ul_bin_edges:0.        ,0.08305742,0.16611485,0.24917227,0.3322297 ,0.41528712,0.49834455,0.58140197,0.6644594 ,0.74751682,0.83057425,0.91363167,0.9966891 ,1.07974652,1.16280395,1.24586137,1.3289188 ,1.41197622,1.49503365,1.57809107,1.6611485 ,1.74420592,1.82726335,1.91032077,1.9933782 ,2.07643562,2.15949305,2.24255047,2.3256079 ,2.40866532,2.49172275,2.57478017,2.6578376 ,2.74089502,2.82395245,2.90700987,2.9900673 ,3.07312472,3.15618215,3.23923957,3.322297  
eff_dl:1.14473571,0.        ,1.33260516,0.        ,0.78435887,0.23527084,0.        ,0.18371327,0.        ,0.31029235,0.16687815,0.        ,0.07470586,0.03914166,0.0377212 ,0.06965532,0.        ,0.06881356,0.        ,0.09448712,0.        ,0.26320662,0.        ,0.17071866,0.        ,0.28325093,0.        ,0.2064933 ,0.01020629,0.        ,0.06023817,0.        ,0.18413415,0.30487354,0.        ,0.17240218,0.        ,0.10600866,0.        ,0.00931193
eff_dl_bin_edges:0.23439983,0.39279752,0.5511952 ,0.70959289,0.86799058,1.02638826,1.18478595,1.34318364,1.50158132,1.65997901,1.8183767 ,1.97677438,2.13517207,2.29356976,2.45196744,2.61036513,2.76876282,2.9271605 ,3.08555819,3.24395588,3.40235356,3.56075125,3.71914894,3.87754663,4.03594431,4.194342  ,4.35273969,4.51113737,4.66953506,4.82793275,4.98633043,5.14472812,5.30312581,5.46152349,5.61992118,5.77831887,5.93671655,6.09511424,6.25351193,6.41190961,6.5703073 
rul:1.80964388e-01,1.18572409e-02,5.34776141e-03,5.00696219e-03,2.18840257e-03,3.80023286e-03,4.18604330e-03,5.04768662e-03,3.55802964e-03,7.34540215e-03,1.75329412e-03,6.08723143e-04,7.93054798e-04,2.14339135e-06,2.84428032e-03,0.00000000e+00,1.63326421e-03,1.71471308e-04,2.93001597e-03,0.00000000e+00,4.28463930e-03,3.67805955e-03,0.00000000e+00,3.06504963e-03,0.00000000e+00,1.40606472e-03,8.44496191e-04,6.06579751e-04,1.01596750e-03,4.28678269e-06,1.11242011e-03,0.00000000e+00,6.40874013e-04,0.00000000e+00,0.00000000e+00,0.00000000e+00,3.57946355e-04,0.00000000e+00,0.00000000e+00,1.54324177e-04
rul_bin_edges:  0.        ,  3.88788725,  7.7757745 , 11.66366175, 15.551549  , 19.43943625, 23.3273235 , 27.21521075, 31.103098  , 34.99098525, 38.8788725 , 42.76675975, 46.654647  , 50.54253425, 54.4304215 , 58.31830875, 62.206196  , 66.09408325, 69.9819705 , 73.86985775, 77.757745  , 81.64563225, 85.5335195 , 89.42140675, 93.309294  , 97.19718125,101.0850685 ,104.97295575,108.860843  ,112.74873025,116.6366175 ,120.52450475,124.412392  ,128.30027925,132.1881665 ,136.07605375,139.963941  ,143.85182825,147.7397155 ,151.62760275,155.51549   
rdl:4.71511331e-02,1.38359497e-02,6.51339383e-03,2.89421797e-03,2.07703645e-03,1.71936917e-03,9.73560712e-04,1.60469109e-03,2.88459463e-03,1.70814194e-03,1.17885852e-03,8.68505973e-04,1.33523772e-03,9.18226537e-04,4.42673405e-04,1.11229712e-03,1.49001302e-03,9.08603202e-04,4.38663682e-04,4.36257848e-04,0.00000000e+00,1.02729100e-03,1.09064462e-04,8.15577631e-04,1.51006163e-03,2.40583372e-06,1.03370656e-03,1.12272240e-04,0.00000000e+00,1.05054739e-04,8.01944574e-07,2.99927271e-04,0.00000000e+00,0.00000000e+00,1.87655030e-04,0.00000000e+00,0.00000000e+00,3.00729215e-04,0.00000000e+00,2.38177538e-04
rdl_bin_edges:  0.       , 10.3913215, 20.782643 , 31.1739645, 41.565286 , 51.9566075, 62.347929 , 72.7392505, 83.130572 , 93.5218935,103.913215 ,114.3045365,124.695858 ,135.0871795,145.478501 ,155.8698225,166.261144 ,176.6524655,187.043787 ,197.4351085,207.82643  ,218.2177515,228.609073 ,239.0003945,249.391716 ,259.7830375,270.174359 ,280.5656805,290.957002 ,301.3483235,311.739645 ,322.1309665,332.522288 ,342.9136095,353.304931 ,363.6962525,374.087574 ,384.4788955,394.870217 ,405.2615385,415.65286  
lul:2.42197419e+03,0.00000000e+00,0.00000000e+00,0.00000000e+00,0.00000000e+00,0.00000000e+00,0.00000000e+00,0.00000000e+00,0.00000000e+00,0.00000000e+00,0.00000000e+00,0.00000000e+00,0.00000000e+00,0.00000000e+00,0.00000000e+00,0.00000000e+00,0.00000000e+00,0.00000000e+00,0.00000000e+00,0.00000000e+00,0.00000000e+00,0.00000000e+00,0.00000000e+00,0.00000000e+00,0.00000000e+00,0.00000000e+00,0.00000000e+00,0.00000000e+00,0.00000000e+00,0.00000000e+00,0.00000000e+00,0.00000000e+00,0.00000000e+00,0.00000000e+00,0.00000000e+00,0.00000000e+00,6.24786343e+02,1.46955561e+02,2.70249295e-01,4.09367627e+02
lul_bin_edges:0.        ,0.00027752,0.00055504,0.00083256,0.00111008,0.0013876 ,0.00166512,0.00194263,0.00222015,0.00249767,0.00277519,0.00305271,0.00333023,0.00360775,0.00388527,0.00416279,0.00444031,0.00471783,0.00499535,0.00527287,0.00555038,0.0058279 ,0.00610542,0.00638294,0.00666046,0.00693798,0.0072155 ,0.00749302,0.00777054,0.00804806,0.00832558,0.0086031 ,0.00888062,0.00915813,0.00943565,0.00971317,0.00999069,0.01026821,0.01054573,0.01082325,0.01110077
ldl:1451.12618104,   0.        ,   0.        ,   0.        ,   0.        ,   0.        ,   0.        ,   0.        ,   0.        ,   0.        ,   0.        ,   0.        ,   0.        ,   0.        ,   0.        ,   0.        ,   0.        ,   0.        ,   0.        ,   0.        ,   0.        ,   0.        ,   0.        ,   0.        ,   0.        ,   0.        ,   0.        ,   0.        ,   0.        ,   0.        ,   0.        ,   0.        ,   0.        ,   0.        ,   0.        ,1067.58764341,  30.76655817,   1.6396906 , 267.71675615, 758.69974692
ldl_bin_edges:0.        ,0.00027952,0.00055904,0.00083857,0.00111809,0.00139761,0.00167713,0.00195665,0.00223618,0.0025157 ,0.00279522,0.00307474,0.00335426,0.00363379,0.00391331,0.00419283,0.00447235,0.00475187,0.0050314 ,0.00531092,0.00559044,0.00586996,0.00614948,0.006429  ,0.00670853,0.00698805,0.00726757,0.00754709,0.00782661,0.00810614,0.00838566,0.00866518,0.0089447 ,0.00922422,0.00950375,0.00978327,0.01006279,0.01034231,0.01062183,0.01090136,0.01118088
ilul:7.66339377e-01,4.11926116e-02,2.26642080e-02,7.19270327e-06,9.38647776e-03,2.15781098e-05,1.09760652e-02,0.00000000e+00,0.00000000e+00,0.00000000e+00,0.00000000e+00,0.00000000e+00,0.00000000e+00,0.00000000e+00,0.00000000e+00,0.00000000e+00,0.00000000e+00,0.00000000e+00,0.00000000e+00,0.00000000e+00,0.00000000e+00,0.00000000e+00,0.00000000e+00,0.00000000e+00,0.00000000e+00,0.00000000e+00,0.00000000e+00,0.00000000e+00,0.00000000e+00,0.00000000e+00,0.00000000e+00,0.00000000e+00,0.00000000e+00,0.00000000e+00,0.00000000e+00,0.00000000e+00,0.00000000e+00,0.00000000e+00,2.55340966e-03,9.99066484e-03
ilul_bin_edges: 0.       , 1.1585719, 2.3171438, 3.4757157, 4.6342876, 5.7928595, 6.9514314, 8.1100033, 9.2685752,10.4271471,11.585719 ,12.7442909,13.9028628,15.0614347,16.2200066,17.3785785,18.5371504,19.6957223,20.8542942,22.0128661,23.171438 ,24.3300099,25.4885818,26.6471537,27.8057256,28.9642975,30.1228694,31.2814413,32.4400132,33.5985851,34.757157 ,35.9157289,37.0743008,38.2328727,39.3914446,40.5500165,41.7085884,42.8671603,44.0257322,45.1843041,46.342876 
ildl:8.4523028 ,0.92609197,2.72378972,0.46382684,0.53826818,0.21534198,0.22731506,0.30765619,0.35468091,0.16154986,0.16675555,0.11921027,0.37793298,0.07825885,0.07947351,0.09838751,1.08972411,0.0997757 ,0.1081048 ,0.36387762,0.06628577,0.068021  ,0.086935  ,1.64638573,0.12129254,0.03852209,0.0362663 ,0.03852209,0.04060437,0.0423396 ,0.03886914,0.04025732,0.0423396 ,0.0400838 ,0.04216608,0.05188336,0.0740943 ,0.43155157,0.63145001,0.29273321
ildl_bin_edges:0.        ,0.04802399,0.09604797,0.14407196,0.19209595,0.24011994,0.28814392,0.33616791,0.3841919 ,0.43221589,0.48023987,0.52826386,0.57628785,0.62431184,0.67233582,0.72035981,0.7683838 ,0.81640779,0.86443177,0.91245576,0.96047975,1.00850374,1.05652773,1.10455171,1.1525757 ,1.20059969,1.24862367,1.29664766,1.34467165,1.39269564,1.44071962,1.48874361,1.5367676 ,1.58479159,1.63281557,1.68083956,1.72886355,1.77688754,1.82491152,1.87293551,1.9209595 
eul:4.35296580e-03,0.00000000e+00,0.00000000e+00,0.00000000e+00,0.00000000e+00,0.00000000e+00,0.00000000e+00,0.00000000e+00,0.00000000e+00,0.00000000e+00,0.00000000e+00,0.00000000e+00,0.00000000e+00,0.00000000e+00,0.00000000e+00,0.00000000e+00,0.00000000e+00,0.00000000e+00,0.00000000e+00,0.00000000e+00,0.00000000e+00,8.62656717e-07,3.45062687e-06,2.58797015e-06,1.38025075e-05,1.38025075e-05,3.10556418e-05,8.45403583e-05,5.15006060e-04,2.14283929e-03,3.96123338e-02,5.23684387e-02,3.68785747e-03,4.26152418e-04,1.80295254e-04,4.39954926e-05,1.63904776e-05,1.29398508e-05,6.90125374e-06,3.45062687e-06
eul_bin_edges:  0.  ,  9.66, 19.32, 28.98, 38.64, 48.3 , 57.96, 67.62, 77.28, 86.94, 96.6 ,106.26,115.92,125.58,135.24,144.9 ,154.56,164.22,173.88,183.54,193.2 ,202.86,212.52,222.18,231.84,241.5 ,251.16,260.82,270.48,280.14,289.8 ,299.46,309.12,318.78,328.44,338.1 ,347.76,357.42,367.08,376.74,386.4 
edl:1.54933146e-02,0.00000000e+00,0.00000000e+00,0.00000000e+00,0.00000000e+00,0.00000000e+00,0.00000000e+00,0.00000000e+00,0.00000000e+00,0.00000000e+00,0.00000000e+00,0.00000000e+00,0.00000000e+00,0.00000000e+00,0.00000000e+00,0.00000000e+00,0.00000000e+00,0.00000000e+00,0.00000000e+00,0.00000000e+00,0.00000000e+00,8.62656717e-07,3.45062687e-06,1.72531343e-06,1.29398508e-05,1.55278209e-05,2.93303284e-05,7.76391046e-05,4.63246657e-04,1.86678914e-03,3.49841805e-02,4.66981961e-02,3.24272660e-03,3.79568956e-04,1.70806030e-04,4.39954926e-05,1.55278209e-05,1.12145373e-05,5.17594030e-06,3.45062687e-06
edl_bin_edges:  0.  ,  9.66, 19.32, 28.98, 38.64, 48.3 , 57.96, 67.62, 77.28, 86.94, 96.6 ,106.26,115.92,125.58,135.24,144.9 ,154.56,164.22,173.88,183.54,193.2 ,202.86,212.52,222.18,231.84,241.5 ,251.16,260.82,270.48,280.14,289.8 ,299.46,309.12,318.78,328.44,338.1 ,347.76,357.42,367.08,376.74,386.4 
gul:1.12042926e-01,0.00000000e+00,0.00000000e+00,0.00000000e+00,0.00000000e+00,0.00000000e+00,0.00000000e+00,0.00000000e+00,0.00000000e+00,0.00000000e+00,0.00000000e+00,0.00000000e+00,0.00000000e+00,0.00000000e+00,0.00000000e+00,0.00000000e+00,0.00000000e+00,0.00000000e+00,0.00000000e+00,0.00000000e+00,0.00000000e+00,0.00000000e+00,0.00000000e+00,0.00000000e+00,0.00000000e+00,0.00000000e+00,0.00000000e+00,0.00000000e+00,9.74650747e-07,3.89860299e-06,1.94930149e-06,9.74650747e-07,2.82648717e-05,1.56918770e-04,1.62669210e-03,2.72317419e-03,3.22609397e-04,3.89860299e-05,6.82255523e-06,4.87325374e-06
gul_bin_edges:  0.  ,  8.55, 17.1 , 25.65, 34.2 , 42.75, 51.3 , 59.85, 68.4 , 76.95, 85.5 , 94.05,102.6 ,111.15,119.7 ,128.25,136.8 ,145.35,153.9 ,162.45,171.  ,179.55,188.1 ,196.65,205.2 ,213.75,222.3 ,230.85,239.4 ,247.95,256.5 ,265.05,273.6 ,282.15,290.7 ,299.25,307.8 ,316.35,324.9 ,333.45,342.  
gdl:9.15094159e-02,0.00000000e+00,0.00000000e+00,0.00000000e+00,0.00000000e+00,0.00000000e+00,0.00000000e+00,0.00000000e+00,0.00000000e+00,0.00000000e+00,0.00000000e+00,0.00000000e+00,0.00000000e+00,0.00000000e+00,0.00000000e+00,0.00000000e+00,0.00000000e+00,0.00000000e+00,0.00000000e+00,0.00000000e+00,0.00000000e+00,0.00000000e+00,0.00000000e+00,0.00000000e+00,8.96773085e-07,1.79354617e-06,0.00000000e+00,2.69031925e-06,9.86450393e-06,5.29096120e-05,2.88760933e-04,3.11897679e-03,1.13881214e-02,1.07164384e-03,1.38999828e-04,1.88322348e-05,6.27741159e-06,8.96773085e-07,1.79354617e-06,1.79354617e-06
gdl_bin_edges:  0.    ,  9.2925, 18.585 , 27.8775, 37.17  , 46.4625, 55.755 , 65.0475, 74.34  , 83.6325, 92.925 ,102.2175,111.51  ,120.8025,130.095 ,139.3875,148.68  ,157.9725,167.265 ,176.5575,185.85  ,195.1425,204.435 ,213.7275,223.02  ,232.3125,241.605 ,250.8975,260.19  ,269.4825,278.775 ,288.0675,297.36  ,306.6525,315.945 ,325.2375,334.53  ,343.8225,353.115 ,362.4075,371.7   
ri:32.39723002, 0.        , 0.        , 0.        , 0.        , 0.        , 0.        , 0.        , 0.        , 0.        , 0.        , 0.        , 0.        , 0.        , 0.        , 0.        , 0.        , 0.        , 0.        , 0.        , 0.        , 0.        , 0.        , 0.        , 0.        , 0.        , 0.        , 0.        , 0.        , 0.        , 0.        , 0.        , 0.        , 0.        , 0.        , 0.        , 0.        , 0.        , 0.        , 7.60276998
ri_bin_edges:1.   ,1.025,1.05 ,1.075,1.1  ,1.125,1.15 ,1.175,1.2  ,1.225,1.25 ,1.275,1.3  ,1.325,1.35 ,1.375,1.4  ,1.425,1.45 ,1.475,1.5  ,1.525,1.55 ,1.575,1.6  ,1.625,1.65 ,1.675,1.7  ,1.725,1.75 ,1.775,1.8  ,1.825,1.85 ,1.875,1.9  ,1.925,1.95 ,1.975,2.   
