period:1
ue_log_freq:1000
mac_log_freq:1000
mimo_layers:2
frequency:2412000000.0
bandwidth:50000000
ue_speed:5.555555555555555
max_distance:1000
shannon_cfg_bandwidth_mhz:50.0
shannon_cfg_mimo_layers:2
shannon_cfg_bw_efficiency:0.67
shannon_cfg_sinr_offset_db:0
shannon_cfg_ul_divisor:2
shannon_cfg_sinr_sample_rate:1000
n_ue:3
sinr_period:9.463597741343282
sinr_rate:105.66805852612856
ul_fairness:0.9965067666604066
dl_fairness:0.9978129515376243
ul_agg_throughput:1.5890338209994401
dl_agg_throughput:1.5891652025327272
ul_ave_throughput:0.5296779403331467
dl_ave_throughput:0.5297217341775757
ul_se:0.0317806764199888
dl_se:0.03178330405065455
ul_ase:1.0116103494090515e-08
dl_ase:1.0116939894908662e-08
ul_gr:0.09999900824843753, 0.09999900824843753, 0.1999980157155429
dl_gr:0.09999900824843753, 0.09999900824843753, 0.1999980157155429
ul_tr:0.08642912868960312, 0.09249907531766685, 0.19894200583464164
dl_tr:0.099989002202468, 0.09451505799576007, 0.1999780047285527
ul_er:0.0, 0.0, 0.0
dl_er:0.0, 0.0, 0.0
ul_er_ratio:0.0, 0.0, 0.0
dl_er_ratio:0.0, 0.0, 0.0
ul_er_perc:0.0, 0.0, 0.0
dl_er_perc:0.0, 0.0, 0.0
ul_l:0.0060335067293977055, 0.006409353098774011, 0.006798240135008649
dl_l:0.008309780443435565, 0.008347008781637183, 0.008825007741352586
ul_il:0.037315759163193365, 0.036175174600613993, 0.08838664783598164
dl_il:0.01579613204387456, 0.00837102044305557, 0.008905247577854223
sinr_ul:0.00490883,0.00817944,0.00426829,0.00322791,0.00972255,0.01499241,0.01698195,0.02561365,0.03117466,0.04230444,0.05877202,0.07065298,0.03050306,0.01804757,0.00990694,0.00666157,0.00605015,0.00638788,0.00693331,0.00282612,0.00171003,0.00171392,0.02234886,0.01871916,0.0195635 ,0.03846899,0.01421406,0.01050866,0.01753126,0.01619195,0.0038898 ,0.00699154,0.00702454,0.00386844,0.00272713,0.0065684 ,0.00393444,0.0026786 ,0.00285135,0.00269025
sinr_ul_bin_edges:-14.154599  ,-12.43730237,-10.72000575, -9.00270912, -7.2854125 , -5.56811587, -3.85081925, -2.13352262, -0.416226  ,  1.30107063,  3.01836725,  4.73566388,  6.4529605 ,  8.17025713,  9.88755375, 11.60485038, 13.322147  , 15.03944363, 16.75674025, 18.47403688, 20.1913335 , 21.90863013, 23.62592675, 25.34322338, 27.06052   , 28.77781663, 30.49511325, 32.21240988, 33.9297065 , 35.64700313, 37.36429975, 39.08159638, 40.798893  , 42.51618963, 44.23348625, 45.95078288, 47.6680795 , 49.38537613, 51.10267275, 52.81996938, 54.537266  
sinr_dl:0.0049512 ,0.0081918 ,0.00424638,0.00322313,0.00980919,0.01498562,0.01701076,0.02568603,0.0312372 ,0.04220556,0.05896584,0.07060213,0.03038093,0.01800294,0.00989269,0.00665596,0.00605017,0.00638413,0.00694333,0.00281927,0.00170671,0.00170865,0.02237941,0.01869611,0.01956791,0.03847177,0.01422256,0.01048683,0.01752918,0.01623993,0.00388717,0.00697828,0.00704041,0.00387358,0.00272801,0.00644432,0.00406192,0.00267753,0.00285034,0.00270471
sinr_dl_bin_edges:-4.848293  ,-3.13155355,-1.4148141 , 0.30192535, 2.0186648 , 3.73540425, 5.4521437 , 7.16888315, 8.8856226 ,10.60236205,12.3191015 ,14.03584095,15.7525804 ,17.46931985,19.1860593 ,20.90279875,22.6195382 ,24.33627765,26.0530171 ,27.76975655,29.486496  ,31.20323545,32.9199749 ,34.63671435,36.3534538 ,38.07019325,39.7869327 ,41.50367215,43.2204116 ,44.93715105,46.6538905 ,48.37062995,50.0873694 ,51.80410885,53.5208483 ,55.23758775,56.9543272 ,58.67106665,60.3878061 ,62.10454555,63.821285  
rsrp_ul:0.00520543,0.00822832,0.00412389,0.00322908,0.01024747,0.01496465,0.01717638,0.02614389,0.03171697,0.04166488,0.05985861,0.07016638,0.02985928,0.01778913,0.00978451,0.00662156,0.00604966,0.00639786,0.00694058,0.00277973,0.0017118 ,0.00170791,0.02251992,0.01858862,0.01958068,0.03850388,0.01424686,0.0104381 ,0.01742731,0.01652278,0.00388851,0.00687833,0.00715261,0.00389824,0.00272721,0.00574815,0.0047697 ,0.00267469,0.00284782,0.00279335
rsrp_ul_bin_edges:-137.95587  ,-136.2422935,-134.528717 ,-132.8151405,-131.101564 ,-129.3879875,-127.674411 ,-125.9608345,-124.247258 ,-122.5336815,-120.820105 ,-119.1065285,-117.392952 ,-115.6793755,-113.965799 ,-112.2522225,-110.538646 ,-108.8250695,-107.111493 ,-105.3979165,-103.68434  ,-101.9707635,-100.257187 , -98.5436105, -96.830034 , -95.1164575, -93.402881 , -91.6893045, -89.975728 , -88.2621515, -86.548575 , -84.8349985, -83.121422 , -81.4078455, -79.694269 , -77.9806925, -76.267116 , -74.5535395, -72.839963 , -71.1263865, -69.41281  
rsrp_dl:0.00520543,0.00822832,0.00412389,0.00322908,0.01024747,0.01496465,0.01717638,0.02614389,0.03171697,0.04166488,0.05985861,0.07016638,0.02985928,0.01778913,0.00978451,0.00662156,0.00604966,0.00639786,0.00694058,0.00277973,0.0017118 ,0.00170791,0.02251992,0.01858862,0.01958068,0.03850388,0.01424686,0.0104381 ,0.01742731,0.01652278,0.00388851,0.00687833,0.00715261,0.00389824,0.00272721,0.00574815,0.0047697 ,0.00267469,0.00284782,0.00279335
rsrp_dl_bin_edges:-134.94557  ,-133.2319935,-131.518417 ,-129.8048405,-128.091264 ,-126.3776875,-124.664111 ,-122.9505345,-121.236958 ,-119.5233815,-117.809805 ,-116.0962285,-114.382652 ,-112.6690755,-110.955499 ,-109.2419225,-107.528346 ,-105.8147695,-104.101193 ,-102.3876165,-100.67404  , -98.9604635, -97.246887 , -95.5333105, -93.819734 , -92.1061575, -90.392581 , -88.6790045, -86.965428 , -85.2518515, -83.538275 , -81.8246985, -80.111122 , -78.3975455, -76.683969 , -74.9703925, -73.256816 , -71.5432395, -69.829663 , -68.1160865, -66.40251  
cqi_ul:0.73737929,0.        ,0.6665    ,0.        ,0.        ,0.19881579,0.        ,0.        ,0.05496834,0.        ,0.032853  ,0.        ,0.        ,0.03463076,0.        ,0.        ,0.00575105,0.        ,0.00926213,0.        ,0.        ,0.00868436,0.        ,0.        ,0.13334978,0.        ,0.0944435 ,0.        ,0.        ,0.06907486,0.        ,0.        ,0.18485148,0.        ,0.06869265,0.        ,0.        ,0.0509506 ,0.        ,0.31645906
cqi_ul_bin_edges: 0.   , 0.375, 0.75 , 1.125, 1.5  , 1.875, 2.25 , 2.625, 3.   , 3.375, 3.75 , 4.125, 4.5  , 4.875, 5.25 , 5.625, 6.   , 6.375, 6.75 , 7.125, 7.5  , 7.875, 8.25 , 8.625, 9.   , 9.375, 9.75 ,10.125,10.5  ,10.875,11.25 ,11.625,12.   ,12.375,12.75 ,13.125,13.5  ,13.875,14.25 ,14.625,15.   
cqi_dl:0.10944779,0.        ,0.18232707,0.        ,0.        ,0.40420929,0.        ,0.        ,0.51057267,0.        ,0.22657551,0.        ,0.        ,0.10811447,0.        ,0.        ,0.03951072,0.        ,0.04053293,0.        ,0.        ,0.03058636,0.        ,0.        ,0.03322633,0.        ,0.03417744,0.        ,0.        ,0.01080878,0.        ,0.        ,0.00937768,0.        ,0.00954657,0.        ,0.        ,0.11163444,0.        ,0.80601861
cqi_dl_bin_edges: 0.   , 0.375, 0.75 , 1.125, 1.5  , 1.875, 2.25 , 2.625, 3.   , 3.375, 3.75 , 4.125, 4.5  , 4.875, 5.25 , 5.625, 6.   , 6.375, 6.75 , 7.125, 7.5  , 7.875, 8.25 , 8.625, 9.   , 9.375, 9.75 ,10.125,10.5  ,10.875,11.25 ,11.625,12.   ,12.375,12.75 ,13.125,13.5  ,13.875,14.25 ,14.625,15.   
mcs_ul:0.75207819,0.07568496,0.0308235 ,0.        ,0.01638555,0.01306177,0.        ,0.00853801,0.00906181,0.        ,0.00970943,0.00884277,0.00167617,0.        ,0.00140475,0.00254283,0.        ,0.00241902,0.00232379,0.        ,0.00232855,0.03571393,0.03572345,0.        ,0.02362357,0.02697116,0.        ,0.01881886,0.01817125,0.        ,0.07569448,0.02334739,0.02005694,0.        ,0.01674269,0.01076656,0.        ,0.01652841,0.        ,0.16953164
mcs_ul_bin_edges: 0. , 0.7, 1.4, 2.1, 2.8, 3.5, 4.2, 4.9, 5.6, 6.3, 7. , 7.7, 8.4, 9.1, 9.8,10.5,11.2,11.9,12.6,13.3,14. ,14.7,15.4,16.1,16.8,17.5,18.2,18.9,19.6,20.3,21. ,21.7,22.4,23.1,23.8,24.5,25.2,25.9,26.6,27.3,28. 
mcs_dl:0.15630796,0.08840388,0.12813681,0.        ,0.11802739,0.15549368,0.        ,0.08168966,0.03969008,0.        ,0.03600916,0.0219093 ,0.01308558,0.        ,0.00808087,0.01213797,0.        ,0.00957609,0.00814278,0.        ,0.00824277,0.00860468,0.00919515,0.        ,0.00909515,0.00921419,0.        ,0.00410472,0.0016857 ,0.        ,0.00251902,0.00250474,0.00256188,0.        ,0.00255236,0.02701878,0.        ,0.03278539,0.        ,0.43179568
mcs_dl_bin_edges: 0. , 0.7, 1.4, 2.1, 2.8, 3.5, 4.2, 4.9, 5.6, 6.3, 7. , 7.7, 8.4, 9.1, 9.8,10.5,11.2,11.9,12.6,13.3,14. ,14.7,15.4,16.1,16.8,17.5,18.2,18.9,19.6,20.3,21. ,21.7,22.4,23.1,23.8,24.5,25.2,25.9,26.6,27.3,28. 
eff_ul:1.49341583,1.34986385,0.28613182,0.11653022,0.06194662,0.        ,0.04938087,0.03227849,0.        ,0.03425877,0.03670711,0.03343065,0.00633688,0.00531074,0.00961334,0.        ,0.00914527,0.00878522,0.        ,0.00880323,0.        ,0.13501879,0.13505479,0.        ,0.08931043,0.        ,0.10196619,0.0711459 ,0.06869756,0.28616782,0.        ,0.08826628,0.        ,0.07582655,0.        ,0.06329681,0.        ,0.04070366,0.0624867 ,0.64092519
eff_ul_bin_edges:0.        ,0.18515756,0.37031512,0.55547269,0.74063025,0.92578781,1.11094538,1.29610294,1.4812605 ,1.66641806,1.85157562,2.03673319,2.22189075,2.40704831,2.59220587,2.77736344,2.962521  ,3.14767856,3.33283612,3.51799369,3.70315125,3.88830881,4.07346637,4.25862394,4.4437815 ,4.62893906,4.81409662,4.99925419,5.18441175,5.36956931,5.55472687,5.73988444,5.925042  ,6.11019956,6.29535712,6.48051469,6.66567225,6.85082981,7.03598737,7.22114494,7.4063025 
eff_dl:0.22166485,0.36926739,0.33421651,0.48442942,0.4462101 ,0.        ,0.58785381,0.30883298,0.        ,0.15005088,0.13613495,0.08282953,0.04947088,0.03055025,0.04588839,0.        ,0.03620304,0.03078428,0.        ,0.03116234,0.        ,0.03253053,0.03476284,0.        ,0.03438479,0.        ,0.03483485,0.01551816,0.00637289,0.00952333,0.        ,0.00946932,0.        ,0.00968535,0.        ,0.00964934,0.        ,0.10214622,0.12394725,1.63243118
eff_dl_bin_edges:0.        ,0.18515756,0.37031512,0.55547269,0.74063025,0.92578781,1.11094538,1.29610294,1.4812605 ,1.66641806,1.85157562,2.03673319,2.22189075,2.40704831,2.59220587,2.77736344,2.962521  ,3.14767856,3.33283612,3.51799369,3.70315125,3.88830881,4.07346637,4.25862394,4.4437815 ,4.62893906,4.81409662,4.99925419,5.18441175,5.36956931,5.55472687,5.73988444,5.925042  ,6.11019956,6.29535712,6.48051469,6.66567225,6.85082981,7.03598737,7.22114494,7.4063025 
rul:4.16651160e+00,3.65480633e+00,2.66098519e+00,7.36054765e-05,3.75866366e-01,3.68027382e-05,1.20344954e-02,3.68027382e-05,7.36054765e-05,0.00000000e+00,0.00000000e+00,7.36054765e-05,3.68027382e-05,1.47947008e-02,7.36054765e-05,3.68027382e-05,4.82115871e-03,2.76020537e-02,1.38010268e-02,2.94421906e-04,8.03403776e-02,0.00000000e+00,0.00000000e+00,0.00000000e+00,0.00000000e+00,0.00000000e+00,2.87061358e-03,0.00000000e+00,0.00000000e+00,0.00000000e+00,0.00000000e+00,0.00000000e+00,9.20068456e-04,0.00000000e+00,5.88843812e-04,5.26279157e-03,3.68027382e-04,1.91374239e-03,0.00000000e+00,1.67084432e-02
rul_bin_edges:0.        ,0.09057207,0.18114413,0.27171619,0.36228826,0.45286033,0.54343239,0.63400446,0.72457652,0.81514859,0.90572065,0.99629272,1.08686478,1.17743685,1.26800891,1.35858098,1.44915304,1.53972511,1.63029717,1.72086924,1.8114413 ,1.90201337,1.99258543,2.0831575 ,2.17372956,2.26430163,2.35487369,2.44544576,2.53601782,2.62658989,2.71716195,2.80773402,2.89830608,2.98887815,3.07945021,3.17002228,3.26059434,3.35116641,3.44173847,3.53231054,3.6228826 
rdl:2.20620267e+00,5.65441264e+00,4.10242707e+00,1.67533188e-04,4.38099288e-02,5.40545832e-01,0.00000000e+00,0.00000000e+00,4.18832971e-05,0.00000000e+00,4.18832971e-05,0.00000000e+00,0.00000000e+00,0.00000000e+00,0.00000000e+00,0.00000000e+00,0.00000000e+00,0.00000000e+00,4.18832971e-05,1.40727878e-02,0.00000000e+00,0.00000000e+00,0.00000000e+00,0.00000000e+00,0.00000000e+00,0.00000000e+00,0.00000000e+00,0.00000000e+00,0.00000000e+00,0.00000000e+00,0.00000000e+00,0.00000000e+00,0.00000000e+00,0.00000000e+00,4.18832971e-05,4.18832971e-05,0.00000000e+00,0.00000000e+00,3.76949674e-04,2.88994750e-03
rdl_bin_edges:0.        ,0.07958543,0.15917085,0.23875628,0.3183417 ,0.39792712,0.47751255,0.55709798,0.6366834 ,0.71626882,0.79585425,0.87543967,0.9550251 ,1.03461052,1.11419595,1.19378137,1.2733668 ,1.35295223,1.43253765,1.51212308,1.5917085 ,1.67129393,1.75087935,1.83046478,1.9100502 ,1.98963563,2.06922105,2.14880648,2.2283919 ,2.30797732,2.38756275,2.46714818,2.5467336 ,2.62631902,2.70590445,2.78548988,2.8650753 ,2.94466072,3.02424615,3.10383158,3.183417  
lul:1.36965841e+03,0.00000000e+00,0.00000000e+00,0.00000000e+00,0.00000000e+00,0.00000000e+00,0.00000000e+00,0.00000000e+00,0.00000000e+00,0.00000000e+00,0.00000000e+00,0.00000000e+00,0.00000000e+00,0.00000000e+00,0.00000000e+00,0.00000000e+00,0.00000000e+00,0.00000000e+00,0.00000000e+00,0.00000000e+00,0.00000000e+00,0.00000000e+00,0.00000000e+00,0.00000000e+00,0.00000000e+00,0.00000000e+00,0.00000000e+00,0.00000000e+00,0.00000000e+00,0.00000000e+00,0.00000000e+00,0.00000000e+00,0.00000000e+00,0.00000000e+00,0.00000000e+00,0.00000000e+00,1.40434434e+03,1.23446075e+00,3.64480588e+02,4.91085431e+02
lul_bin_edges:0.        ,0.00027542,0.00055084,0.00082626,0.00110168,0.00137711,0.00165253,0.00192795,0.00220337,0.00247879,0.00275421,0.00302963,0.00330505,0.00358047,0.0038559 ,0.00413132,0.00440674,0.00468216,0.00495758,0.005233  ,0.00550842,0.00578384,0.00605927,0.00633469,0.00661011,0.00688553,0.00716095,0.00743637,0.00771179,0.00798721,0.00826263,0.00853806,0.00881348,0.0090889 ,0.00936432,0.00963974,0.00991516,0.01019058,0.010466  ,0.01074142,0.01101685
ldl:6.37477953e+02,0.00000000e+00,0.00000000e+00,0.00000000e+00,0.00000000e+00,0.00000000e+00,0.00000000e+00,0.00000000e+00,0.00000000e+00,0.00000000e+00,0.00000000e+00,0.00000000e+00,0.00000000e+00,0.00000000e+00,0.00000000e+00,0.00000000e+00,0.00000000e+00,0.00000000e+00,0.00000000e+00,0.00000000e+00,0.00000000e+00,0.00000000e+00,0.00000000e+00,0.00000000e+00,0.00000000e+00,0.00000000e+00,0.00000000e+00,0.00000000e+00,0.00000000e+00,0.00000000e+00,0.00000000e+00,0.00000000e+00,0.00000000e+00,0.00000000e+00,0.00000000e+00,0.00000000e+00,1.84478057e+03,1.74276812e+00,4.86534870e+02,6.60267067e+02
ldl_bin_edges:0.        ,0.00027542,0.00055084,0.00082626,0.00110168,0.00137711,0.00165253,0.00192795,0.00220337,0.00247879,0.00275421,0.00302963,0.00330505,0.00358047,0.0038559 ,0.00413132,0.00440674,0.00468216,0.00495758,0.005233  ,0.00550842,0.00578384,0.00605927,0.00633469,0.00661011,0.00688553,0.00716095,0.00743637,0.00771179,0.00798721,0.00826263,0.00853806,0.00881348,0.0090889 ,0.00936432,0.00963974,0.00991516,0.01019058,0.010466  ,0.01074142,0.01101685
ilul:4.05155434e+00,4.06027845e-03,4.38949022e-03,4.38949022e-03,4.00540983e-03,3.44300639e-03,3.40185492e-03,3.16866325e-03,2.85316864e-03,2.64741129e-03,2.42793678e-03,2.16731080e-03,1.81066472e-03,1.75579609e-03,1.65977599e-03,1.31684707e-03,1.49517011e-03,1.45401864e-03,1.39915001e-03,1.44030148e-03,1.45401864e-03,1.22082697e-03,1.15224118e-03,1.04250393e-03,1.06993824e-03,7.95595103e-04,7.27009318e-04,7.54443632e-04,6.85857847e-04,7.27009318e-04,6.99575004e-04,6.58423533e-04,4.80100493e-04,5.21251964e-04,5.34969121e-04,3.56646080e-04,3.29211767e-04,3.42928924e-04,3.84080394e-04,4.11514708e-04
ilul_bin_edges:0.        ,0.24300225,0.4860045 ,0.72900675,0.972009  ,1.21501125,1.4580135 ,1.70101575,1.944018  ,2.18702025,2.4300225 ,2.67302475,2.916027  ,3.15902925,3.4020315 ,3.64503375,3.888036  ,4.13103825,4.3740405 ,4.61704275,4.860045  ,5.10304725,5.3460495 ,5.58905175,5.832054  ,6.07505625,6.3180585 ,6.56106075,6.804063  ,7.04706525,7.2900675 ,7.53306975,7.776072  ,8.01907425,8.2620765 ,8.50507875,8.748081  ,8.99108325,9.2340855 ,9.47708775,9.72009   
ildl:7.97245380e+00,1.06430293e-03,8.24834773e-04,3.72506026e-04,4.25721173e-04,3.19290880e-04,3.99113600e-04,2.92683307e-04,2.39468160e-04,2.12860587e-04,2.12860587e-04,2.12860587e-04,1.86253013e-04,2.39468160e-04,1.59645440e-04,1.59645440e-04,1.59645440e-04,1.86253013e-04,2.12860587e-04,1.59645440e-04,2.12860587e-04,1.86253013e-04,1.86253013e-04,2.12860587e-04,1.59645440e-04,1.86253013e-04,1.86253013e-04,1.86253013e-04,1.86253013e-04,1.59645440e-04,1.86253013e-04,1.86253013e-04,2.39468160e-04,1.86253013e-04,2.39468160e-04,1.86253013e-04,1.59645440e-04,2.12860587e-04,1.86253013e-04,2.12860587e-04
ildl_bin_edges:0.        ,0.12527636,0.25055273,0.37582909,0.50110545,0.62638181,0.75165818,0.87693454,1.0022109 ,1.12748726,1.25276363,1.37803999,1.50331635,1.62859271,1.75386908,1.87914544,2.0044218 ,2.12969816,2.25497453,2.38025089,2.50552725,2.63080361,2.75607998,2.88135634,3.0066327 ,3.13190906,3.25718543,3.38246179,3.50773815,3.63301451,3.75829088,3.88356724,4.0088436 ,4.13411996,4.25939633,4.38467269,4.50994905,4.63522541,4.76050178,4.88577814,5.0110545 
eul: 0., 0., 0., 0., 0., 0., 0., 0., 0., 0., 0., 0., 0., 0., 0., 0., 0., 0., 0., 0.,40., 0., 0., 0., 0., 0., 0., 0., 0., 0., 0., 0., 0., 0., 0., 0., 0., 0., 0., 0.
eul_bin_edges:-0.5  ,-0.475,-0.45 ,-0.425,-0.4  ,-0.375,-0.35 ,-0.325,-0.3  ,-0.275,-0.25 ,-0.225,-0.2  ,-0.175,-0.15 ,-0.125,-0.1  ,-0.075,-0.05 ,-0.025, 0.   , 0.025, 0.05 , 0.075, 0.1  , 0.125, 0.15 , 0.175, 0.2  , 0.225, 0.25 , 0.275, 0.3  , 0.325, 0.35 , 0.375, 0.4  , 0.425, 0.45 , 0.475, 0.5  
edl: 0., 0., 0., 0., 0., 0., 0., 0., 0., 0., 0., 0., 0., 0., 0., 0., 0., 0., 0., 0.,40., 0., 0., 0., 0., 0., 0., 0., 0., 0., 0., 0., 0., 0., 0., 0., 0., 0., 0., 0.
edl_bin_edges:-0.5  ,-0.475,-0.45 ,-0.425,-0.4  ,-0.375,-0.35 ,-0.325,-0.3  ,-0.275,-0.25 ,-0.225,-0.2  ,-0.175,-0.15 ,-0.125,-0.1  ,-0.075,-0.05 ,-0.025, 0.   , 0.025, 0.05 , 0.075, 0.1  , 0.125, 0.15 , 0.175, 0.2  , 0.225, 0.25 , 0.275, 0.3  , 0.325, 0.35 , 0.375, 0.4  , 0.425, 0.45 , 0.475, 0.5  
gul:1.49811236e-03,0.00000000e+00,0.00000000e+00,0.00000000e+00,0.00000000e+00,0.00000000e+00,0.00000000e+00,0.00000000e+00,0.00000000e+00,9.98741573e-04,0.00000000e+00,2.99622472e-03,1.09861573e-02,1.65791101e-01,8.02388980e+01,1.92747136e+01,1.61796135e-01,1.39823820e-02,2.99622472e-03,4.99370787e-04,9.98741573e-04,0.00000000e+00,0.00000000e+00,1.49811236e-03,1.99748315e-03,3.49559551e-03,9.98741573e-03,7.29081348e-02,2.54679101e-02,4.00939811e+01,9.60439834e+00,3.29584719e-02,6.44188315e-02,1.64792360e-02,4.99370787e-03,1.99748315e-03,9.98741573e-04,4.99370787e-04,0.00000000e+00,4.99370787e-04
gul_bin_edges:0.      ,0.006675,0.01335 ,0.020025,0.0267  ,0.033375,0.04005 ,0.046725,0.0534  ,0.060075,0.06675 ,0.073425,0.0801  ,0.086775,0.09345 ,0.100125,0.1068  ,0.113475,0.12015 ,0.126825,0.1335  ,0.140175,0.14685 ,0.153525,0.1602  ,0.166875,0.17355 ,0.180225,0.1869  ,0.193575,0.20025 ,0.206925,0.2136  ,0.220275,0.22695 ,0.233625,0.2403  ,0.246975,0.25365 ,0.260325,0.267   
gdl:1.49811236e-03,0.00000000e+00,0.00000000e+00,0.00000000e+00,0.00000000e+00,0.00000000e+00,0.00000000e+00,0.00000000e+00,0.00000000e+00,9.98741573e-04,0.00000000e+00,2.99622472e-03,1.09861573e-02,1.65791101e-01,8.02388980e+01,1.92747136e+01,1.61796135e-01,1.39823820e-02,2.99622472e-03,4.99370787e-04,9.98741573e-04,0.00000000e+00,0.00000000e+00,1.49811236e-03,1.99748315e-03,3.49559551e-03,9.98741573e-03,7.29081348e-02,2.54679101e-02,4.00939811e+01,9.60439834e+00,3.29584719e-02,6.44188315e-02,1.64792360e-02,4.99370787e-03,1.99748315e-03,9.98741573e-04,4.99370787e-04,0.00000000e+00,4.99370787e-04
gdl_bin_edges:0.      ,0.006675,0.01335 ,0.020025,0.0267  ,0.033375,0.04005 ,0.046725,0.0534  ,0.060075,0.06675 ,0.073425,0.0801  ,0.086775,0.09345 ,0.100125,0.1068  ,0.113475,0.12015 ,0.126825,0.1335  ,0.140175,0.14685 ,0.153525,0.1602  ,0.166875,0.17355 ,0.180225,0.1869  ,0.193575,0.20025 ,0.206925,0.2136  ,0.220275,0.22695 ,0.233625,0.2403  ,0.246975,0.25365 ,0.260325,0.267   
ri: 0., 0., 0., 0., 0., 0., 0., 0., 0., 0., 0., 0., 0., 0., 0., 0., 0., 0., 0., 0.,40., 0., 0., 0., 0., 0., 0., 0., 0., 0., 0., 0., 0., 0., 0., 0., 0., 0., 0., 0.
ri_bin_edges:0.5  ,0.525,0.55 ,0.575,0.6  ,0.625,0.65 ,0.675,0.7  ,0.725,0.75 ,0.775,0.8  ,0.825,0.85 ,0.875,0.9  ,0.925,0.95 ,0.975,1.   ,1.025,1.05 ,1.075,1.1  ,1.125,1.15 ,1.175,1.2  ,1.225,1.25 ,1.275,1.3  ,1.325,1.35 ,1.375,1.4  ,1.425,1.45 ,1.475,1.5  
