period:1
ue_log_freq:1000
mac_log_freq:1000
mimo_layers:2
frequency:2412000000.0
bandwidth:50000000
ue_speed:5.555555555555555
max_distance:1000
shannon_cfg_bandwidth_mhz:50.0
shannon_cfg_mimo_layers:2
shannon_cfg_bw_efficiency:0.67
shannon_cfg_sinr_offset_db:0
shannon_cfg_ul_divisor:2
shannon_cfg_sinr_sample_rate:1000
n_ue:3
sinr_period:9.463597741343282
sinr_rate:105.66805852612856
ul_fairness:0.9967221895295337
dl_fairness:0.9949739915839938
ul_agg_throughput:1.6022324390478575
dl_agg_throughput:1.3897951681724638
ul_ave_throughput:0.5340774796826192
dl_ave_throughput:0.46326505605748797
ul_se:0.03204464878095715
dl_se:0.027795903363449274
ul_ase:1.0200128506266017e-08
dl_ase:8.847710835995184e-09
ul_gr:0.09999892301005991, 0.09999892301005991, 0.1999978453156469
dl_gr:0.09999892301005991, 0.09999892301005991, 0.1999978453156469
ul_tr:0.06170530477515226, 0.0646892586603834, 0.10571657388436115
dl_tr:0.08621907482327178, 0.09052804148323519, 0.19016401333576666
ul_er:0.0, 0.0, 0.0
dl_er:0.0, 0.0, 0.0
ul_er_ratio:0.0, 0.0, 0.0
dl_er_ratio:0.0, 0.0, 0.0
ul_er_perc:0.0, 0.0, 0.0
dl_er_perc:0.0, 0.0, 0.0
ul_l:0.003176979364571354, 0.003345989614273858, 0.0032162262082229176
dl_l:0.0064841896182888156, 0.006837868952840472, 0.006989712858171419
ul_il:0.02459476032784172, 0.02158038883937661, 0.07414364058648414
dl_il:0.012243358858571415, 0.015206401430845692, 0.022122001753437467
sinr_ul:0.00307654,0.00627847,0.04349826,0.03303353,0.01865013,0.02395548,0.0349966 ,0.02313208,0.02227312,0.02765894,0.03981539,0.03961141,0.04834138,0.02164808,0.01233611,0.00648806,0.0044913 ,0.00424802,0.0046223 ,0.00461668,0.00122575,0.00120142,0.00218951,0.01938745,0.01362736,0.0206918 ,0.017168  ,0.00862143,0.00890401,0.00942051,0.00874307,0.00401036,0.00566278,0.00284449,0.00200799,0.00286508,0.00436966,0.00187699,0.00199114,0.00183769
sinr_ul_bin_edges:-19.705757 ,-17.9245542,-16.1433514,-14.3621486,-12.5809458,-10.799743 , -9.0185402, -7.2373374, -5.4561346, -3.6749318, -1.893729 , -0.1125262,  1.6686766,  3.4498794,  5.2310822,  7.012285 ,  8.7934878, 10.5746906, 12.3558934, 14.1370962, 15.918299 , 17.6995018, 19.4807046, 21.2619074, 23.0431102, 24.824313 , 26.6055158, 28.3867186, 30.1679214, 31.9491242, 33.730327 , 35.5115298, 37.2927326, 39.0739354, 40.8551382, 42.636341 , 44.4175438, 46.1987466, 47.9799494, 49.7611522, 51.542355 
sinr_dl:0.00311122,0.00633664,0.04363574,0.03297484,0.01865236,0.02405114,0.03493106,0.02318254,0.02226153,0.02771459,0.03971957,0.03983751,0.04837371,0.0214285 ,0.01228016,0.00646393,0.00447964,0.0042419 ,0.00462939,0.00460693,0.00122614,0.00120555,0.00211533,0.01948726,0.0137403 ,0.02063853,0.0171136 ,0.0086167 ,0.00890686,0.00941229,0.00875148,0.00400977,0.00566273,0.00284727,0.00200676,0.00278363,0.00444969,0.00187946,0.00198804,0.0018439 
sinr_dl_bin_edges:-8.195491  ,-6.41485848,-4.63422595,-2.85359342,-1.0729609 , 0.70767162, 2.48830415, 4.26893668, 6.0495692 , 7.83020173, 9.61083425,11.39146678,13.1720993 ,14.95273183,16.73336435,18.51399688,20.2946294 ,22.07526193,23.85589445,25.63652697,27.4171595 ,29.19779203,30.97842455,32.75905708,34.5396896 ,36.32032213,38.10095465,39.88158718,41.6622197 ,43.44285223,45.22348475,47.00411727,48.7847498 ,50.56538233,52.34601485,54.12664738,55.9072799 ,57.68791243,59.46854495,61.24917747,63.02981   
rsrp_ul:0.00321141,0.00654085,0.04399666,0.03279795,0.01862766,0.02434225,0.03476902,0.023308  ,0.02230186,0.02894576,0.03829519,0.04044238,0.04834349,0.02093785,0.01214677,0.00638722,0.00446112,0.00424378,0.0046335 ,0.00459228,0.00119913,0.00120662,0.00199729,0.019705  ,0.01403914,0.02047319,0.01697137,0.00860935,0.00892786,0.00938128,0.00876673,0.00400958,0.00566774,0.00285542,0.00199729,0.00255938,0.00468034,0.00187738,0.0019898 ,0.00185677
rsrp_ul_bin_edges:-137.8026    ,-136.02354338,-134.24448675,-132.46543013,-130.6863735 ,-128.90731688,-127.12826025,-125.34920363,-123.570147  ,-121.79109038,-120.01203375,-118.23297713,-116.4539205 ,-114.67486387,-112.89580725,-111.11675063,-109.337694  ,-107.55863738,-105.77958075,-104.00052412,-102.2214675 ,-100.44241088, -98.66335425, -96.88429763, -95.105241  , -93.32618437, -91.54712775, -89.76807113, -87.9890145 , -86.20995788, -84.43090125, -82.65184462, -80.872788  , -79.09373138, -77.31467475, -75.53561812, -73.7565615 , -71.97750487, -70.19844825, -68.41939163, -66.640335  
rsrp_dl:0.00321141,0.00654085,0.04399666,0.03279796,0.01862767,0.02434225,0.03476902,0.023308  ,0.02230186,0.02894577,0.0382952 ,0.04044238,0.04834349,0.02093786,0.01214677,0.00638722,0.00446112,0.00424378,0.0046335 ,0.00459228,0.00119913,0.00120662,0.00199729,0.019705  ,0.01403914,0.02047132,0.01697325,0.00860935,0.00892786,0.00938128,0.00876673,0.00400958,0.00566774,0.00285542,0.00199729,0.00255938,0.00468034,0.00187738,0.0019898 ,0.00185677
rsrp_dl_bin_edges:-131.95233  ,-130.1732735,-128.394217 ,-126.6151605,-124.836104 ,-123.0570475,-121.277991 ,-119.4989345,-117.719878 ,-115.9408215,-114.161765 ,-112.3827085,-110.603652 ,-108.8245955,-107.045539 ,-105.2664825,-103.487426 ,-101.7083695, -99.929313 , -98.1502565, -96.3712   , -94.5921435, -92.813087 , -91.0340305, -89.254974 , -87.4759175, -85.696861 , -83.9178045, -82.138748 , -80.3596915, -78.580635 , -76.8015785, -75.022522 , -73.2434655, -71.464409 , -69.6853525, -67.906296 , -66.1272395, -64.348183 , -62.5691265, -60.79007  
cqi_ul:1.67880099,0.        ,0.21977558,0.        ,0.        ,0.05883497,0.        ,0.        ,0.04054182,0.        ,0.01359986,0.        ,0.        ,0.00612438,0.        ,0.        ,0.00377774,0.        ,0.05869275,0.        ,0.        ,0.07281705,0.        ,0.        ,0.07306594,0.        ,0.12550097,0.        ,0.        ,0.03433743,0.        ,0.        ,0.04311957,0.        ,0.05983051,0.        ,0.        ,0.04221291,0.        ,0.1356342 
cqi_ul_bin_edges: 0.   , 0.375, 0.75 , 1.125, 1.5  , 1.875, 2.25 , 2.625, 3.   , 3.375, 3.75 , 4.125, 4.5  , 4.875, 5.25 , 5.625, 6.   , 6.375, 6.75 , 7.125, 7.5  , 7.875, 8.25 , 8.625, 9.   , 9.375, 9.75 ,10.125,10.5  ,10.875,11.25 ,11.625,12.   ,12.375,12.75 ,13.125,13.5  ,13.875,14.25 ,14.625,15.   
cqi_dl:0.65683788,0.        ,0.30140143,0.        ,0.        ,0.3853117 ,0.        ,0.        ,0.39722269,0.        ,0.1029323 ,0.        ,0.        ,0.05699499,0.        ,0.        ,0.01829315,0.        ,0.02514642,0.        ,0.        ,0.02154645,0.        ,0.        ,0.02472864,0.        ,0.01908425,0.        ,0.        ,0.00435551,0.        ,0.        ,0.00657771,0.        ,0.04449733,0.        ,0.        ,0.06610601,0.        ,0.5356302 
cqi_dl_bin_edges: 0.   , 0.375, 0.75 , 1.125, 1.5  , 1.875, 2.25 , 2.625, 3.   , 3.375, 3.75 , 4.125, 4.5  , 4.875, 5.25 , 5.625, 6.   , 6.375, 6.75 , 7.125, 7.5  , 7.875, 8.25 , 8.625, 9.   , 9.375, 9.75 ,10.125,10.5  ,10.875,11.25 ,11.625,12.   ,12.375,12.75 ,13.125,13.5  ,13.875,14.25 ,14.625,15.   
mcs_ul:1.01709459e+00,1.88950491e-02,1.26236833e-02,0.00000000e+00,1.11903643e-02,1.05284661e-02,0.00000000e+00,5.69518114e-03,1.59046029e-03,0.00000000e+00,1.68569743e-03,1.59522214e-03,1.04284671e-03,0.00000000e+00,9.80942572e-04,2.57140286e-03,0.00000000e+00,2.88711399e-02,2.21616831e-02,0.00000000e+00,1.68474506e-02,2.22283491e-02,1.69141166e-02,0.00000000e+00,4.36567063e-02,2.35759547e-02,0.00000000e+00,9.26181214e-03,9.11895643e-03,0.00000000e+00,1.18522624e-02,1.12617921e-02,1.67998320e-02,0.00000000e+00,1.52522284e-02,1.12475066e-02,0.00000000e+00,1.13665530e-02,0.00000000e+00,7.26611782e-02
mcs_ul_bin_edges: 0. , 0.7, 1.4, 2.1, 2.8, 3.5, 4.2, 4.9, 5.6, 6.3, 7. , 7.7, 8.4, 9.1, 9.8,10.5,11.2,11.9,12.6,13.3,14. ,14.7,15.4,16.1,16.8,17.5,18.2,18.9,19.6,20.3,21. ,21.7,22.4,23.1,23.8,24.5,25.2,25.9,26.6,27.3,28. 
mcs_dl:0.51334249,0.0939943 ,0.11242269,0.        ,0.11232269,0.10047519,0.        ,0.03041874,0.02472356,0.        ,0.01708554,0.01344748,0.00506662,0.        ,0.00473329,0.00747612,0.        ,0.00599518,0.00577137,0.        ,0.00577137,0.00640946,0.00683803,0.        ,0.00639041,0.0038333 ,0.        ,0.00114285,0.00118094,0.        ,0.00177141,0.00176189,0.00179522,0.        ,0.02204264,0.02209502,0.        ,0.01331891,0.        ,0.28694475
mcs_dl_bin_edges: 0. , 0.7, 1.4, 2.1, 2.8, 3.5, 4.2, 4.9, 5.6, 6.3, 7. , 7.7, 8.4, 9.1, 9.8,10.5,11.2,11.9,12.6,13.3,14. ,14.7,15.4,16.1,16.8,17.5,18.2,18.9,19.6,20.3,21. ,21.7,22.4,23.1,23.8,24.5,25.2,25.9,26.6,27.3,28. 
eff_ul:3.40008032,0.44511209,0.07143397,0.04772466,0.0423059 ,0.        ,0.03980355,0.021531  ,0.        ,0.00601284,0.00637289,0.00603084,0.00394255,0.00370852,0.00972136,0.        ,0.10914923,0.08378369,0.        ,0.06369289,0.        ,0.08403572,0.06394492,0.        ,0.16504702,0.        ,0.08913043,0.03501488,0.03447481,0.04480825,0.        ,0.04257594,0.        ,0.06351286,0.        ,0.05766204,0.        ,0.04252193,0.04297199,0.27470032
eff_ul_bin_edges:0.       ,0.1851575,0.370315 ,0.5554725,0.74063  ,0.9257875,1.110945 ,1.2961025,1.48126  ,1.6664175,1.851575 ,2.0367325,2.22189  ,2.4070475,2.592205 ,2.7773625,2.96252  ,3.1476775,3.332835 ,3.5179925,3.70315  ,3.8883075,4.073465 ,4.2586225,4.44378  ,4.6289375,4.814095 ,4.9992525,5.18441  ,5.3695675,5.554725 ,5.7398825,5.92504  ,6.1101975,6.295355 ,6.4805125,6.66567  ,6.8508275,7.035985 ,7.2211425,7.4063   
eff_dl:1.33029558,0.61042916,0.35535157,0.42502129,0.42464324,0.        ,0.37985299,0.11500004,0.        ,0.09346904,0.06459301,0.05083909,0.01915467,0.0178945 ,0.02826394,0.        ,0.02266516,0.02181904,0.        ,0.02181904,0.        ,0.02423138,0.02585161,0.        ,0.02415937,0.        ,0.01449202,0.0043206 ,0.00446462,0.00669693,0.        ,0.00666093,0.        ,0.00678695,0.        ,0.08333363,0.        ,0.08353165,0.05035302,1.08481333
eff_dl_bin_edges:0.       ,0.1851575,0.370315 ,0.5554725,0.74063  ,0.9257875,1.110945 ,1.2961025,1.48126  ,1.6664175,1.851575 ,2.0367325,2.22189  ,2.4070475,2.592205 ,2.7773625,2.96252  ,3.1476775,3.332835 ,3.5179925,3.70315  ,3.8883075,4.073465 ,4.2586225,4.44378  ,4.6289375,4.814095 ,4.9992525,5.18441  ,5.3695675,5.554725 ,5.7398825,5.92504  ,6.1101975,6.295355 ,6.4805125,6.66567  ,6.8508275,7.035985 ,7.2211425,7.4063   
rul:4.54112990e+00,6.33890451e-01,9.63415816e-02,1.76935871e-05,0.00000000e+00,1.76935871e-05,2.65403806e-04,3.53871742e-05,0.00000000e+00,1.76935871e-05,0.00000000e+00,1.76935871e-05,3.53871742e-05,3.18484567e-04,1.76935871e-05,1.76935871e-05,1.76935871e-05,5.30807612e-05,2.65403806e-03,2.80974163e-02,0.00000000e+00,0.00000000e+00,0.00000000e+00,1.76935871e-05,0.00000000e+00,0.00000000e+00,5.30807612e-05,0.00000000e+00,0.00000000e+00,0.00000000e+00,0.00000000e+00,0.00000000e+00,1.76935871e-05,0.00000000e+00,1.76935871e-05,0.00000000e+00,3.53871742e-05,2.65403806e-04,7.78517831e-04,3.99875068e-03
rul_bin_edges:0.        ,0.18839029,0.37678058,0.56517087,0.75356116,0.94195145,1.13034174,1.31873203,1.50712232,1.69551261,1.8839029 ,2.07229319,2.26068348,2.44907377,2.63746406,2.82585435,3.01424464,3.20263493,3.39102522,3.57941551,3.7678058 ,3.95619609,4.14458638,4.33297667,4.52136696,4.70975725,4.89814754,5.08653783,5.27492812,5.46331841,5.6517087 ,5.84009899,6.02848928,6.21687957,6.40526986,6.59366015,6.78205044,6.97044073,7.15883102,7.34722131,7.5356116 
rdl:4.02642230e+00,1.43487538e+00,1.81141021e-01,1.89280064e-05,1.89280064e-05,1.89280064e-05,3.97488134e-03,0.00000000e+00,1.89280064e-05,1.89280064e-05,0.00000000e+00,0.00000000e+00,3.78560127e-05,4.73200159e-03,1.89280064e-05,7.57120255e-05,0.00000000e+00,0.00000000e+00,1.93065665e-03,1.99311907e-02,0.00000000e+00,0.00000000e+00,0.00000000e+00,1.89280064e-05,1.89280064e-05,0.00000000e+00,7.57120255e-04,0.00000000e+00,0.00000000e+00,1.89280064e-05,0.00000000e+00,3.78560127e-05,0.00000000e+00,0.00000000e+00,0.00000000e+00,0.00000000e+00,1.89280064e-05,4.35344147e-04,1.41960048e-03,2.49849684e-03
rdl_bin_edges:0.        ,0.17610413,0.35220825,0.52831238,0.7044165 ,0.88052062,1.05662475,1.23272888,1.408833  ,1.58493712,1.76104125,1.93714538,2.1132495 ,2.28935362,2.46545775,2.64156187,2.817666  ,2.99377013,3.16987425,3.34597838,3.5220825 ,3.69818662,3.87429075,4.05039488,4.226499  ,4.40260312,4.57870725,4.75481138,4.9309155 ,5.10701963,5.28312375,5.45922787,5.635332  ,5.81143613,5.98754025,6.16364437,6.3397485 ,6.51585262,6.69195675,6.86806088,7.044165  
lul:2469.63834594,   0.        ,   0.        ,   0.        ,   0.        ,   0.        ,   0.        ,   0.        ,   0.        ,   0.        ,   0.        ,   0.        ,   0.        ,   0.        ,   0.        ,   0.        ,   0.        ,   0.        ,   0.        ,   0.        ,   0.        ,   0.        ,   0.        ,   0.        ,   0.        ,   0.        ,   0.        ,   0.        ,   0.        ,   0.        ,   0.        ,   0.        ,   0.        ,   0.        ,   0.        ,   0.        , 653.0609354 , 199.84680061,   3.30077298, 275.03240776
lul_bin_edges:0.        ,0.00027771,0.00055542,0.00083313,0.00111084,0.00138855,0.00166626,0.00194397,0.00222168,0.00249939,0.0027771 ,0.00305481,0.00333252,0.00361023,0.00388794,0.00416565,0.00444336,0.00472107,0.00499878,0.00527649,0.0055542 ,0.00583191,0.00610962,0.00638733,0.00666504,0.00694275,0.00722046,0.00749817,0.00777588,0.00805359,0.0083313 ,0.00860901,0.00888672,0.00916443,0.00944214,0.00971985,0.00999756,0.01027527,0.01055298,0.01083069,0.0111084 
ldl:1225.53499878,   0.        ,   0.        ,   0.        ,   0.        ,   0.        ,   0.        ,   0.        ,   0.        ,   0.        ,   0.        ,   0.        ,   0.        ,   0.        ,   0.        ,   0.        ,   0.        ,   0.        ,   0.        ,   0.        ,   0.        ,   0.        ,   0.        ,   0.        ,   0.        ,   0.        ,   0.        ,   0.        ,   0.        ,   0.        ,   0.        ,   0.        ,   0.        ,   0.        ,   0.        ,   0.        ,1581.190287  , 332.15378458,   7.11766683, 454.8825255 
ldl_bin_edges:0.        ,0.00027771,0.00055542,0.00083313,0.00111084,0.00138855,0.00166626,0.00194397,0.00222168,0.00249939,0.0027771 ,0.00305481,0.00333252,0.00361023,0.00388794,0.00416565,0.00444336,0.00472107,0.00499878,0.00527649,0.0055542 ,0.00583191,0.00610962,0.00638733,0.00666504,0.00694275,0.00722046,0.00749817,0.00777588,0.00805359,0.0083313 ,0.00860901,0.00888672,0.00916443,0.00944214,0.00971985,0.00999756,0.01027527,0.01055298,0.01083069,0.0111084 
ilul:2.13780098e+00,1.76343043e-03,1.36916753e-03,1.06092563e-03,4.15768150e-04,4.22936567e-04,4.01431318e-04,3.94262901e-04,5.73473311e-04,4.01431318e-04,3.01073488e-04,3.08241905e-04,3.29747154e-04,3.36915570e-04,3.65589236e-04,2.50894574e-04,1.43368328e-04,1.72041993e-04,9.31894130e-05,7.16841639e-05,7.88525803e-05,6.45157475e-05,1.50536744e-04,1.79210410e-04,1.50536744e-04,1.50536744e-04,1.72041993e-04,1.86378826e-04,1.64873577e-04,3.29747154e-04,3.58420819e-04,3.51252403e-04,1.79210410e-04,1.57705161e-04,1.43368328e-04,1.57705161e-04,1.36199911e-04,1.43368328e-04,1.50536744e-04,1.64873577e-04
ilul_bin_edges: 0.       , 0.4649981, 0.9299962, 1.3949943, 1.8599924, 2.3249905, 2.7899886, 3.2549867, 3.7199848, 4.1849829, 4.649981 , 5.1149791, 5.5799772, 6.0449753, 6.5099734, 6.9749715, 7.4399696, 7.9049677, 8.3699658, 8.8349639, 9.299962 , 9.7649601,10.2299582,10.6949563,11.1599544,11.6249525,12.0899506,12.5549487,13.0199468,13.4849449,13.949943 ,14.4149411,14.8799392,15.3449373,15.8099354,16.2749335,16.7399316,17.2049297,17.6699278,18.1349259,18.599924 
ildl:8.84641386e+00,2.99636072e-03,2.84802603e-03,2.84802603e-03,2.64035747e-03,2.31402115e-03,2.13601952e-03,2.31402115e-03,2.07668565e-03,1.95801790e-03,1.80968321e-03,1.63168158e-03,1.54268077e-03,1.63168158e-03,1.75034933e-03,1.92835096e-03,1.83935015e-03,1.72068239e-03,1.39434608e-03,1.51301383e-03,1.27567833e-03,1.09767670e-03,1.12734364e-03,1.09767670e-03,9.19675073e-04,8.01007321e-04,8.60341197e-04,9.79008948e-04,8.90008135e-04,8.30674259e-04,9.19675073e-04,8.60341197e-04,5.34004881e-04,4.74671005e-04,4.74671005e-04,3.26336316e-04,3.56003254e-04,3.26336316e-04,3.56003254e-04,3.56003254e-04
ildl_bin_edges:0.       ,0.1123574,0.2247148,0.3370722,0.4494296,0.561787 ,0.6741444,0.7865018,0.8988592,1.0112166,1.123574 ,1.2359314,1.3482888,1.4606462,1.5730036,1.685361 ,1.7977184,1.9100758,2.0224332,2.1347906,2.247148 ,2.3595054,2.4718628,2.5842202,2.6965776,2.808935 ,2.9212924,3.0336498,3.1460072,3.2583646,3.370722 ,3.4830794,3.5954368,3.7077942,3.8201516,3.932509 ,4.0448664,4.1572238,4.2695812,4.3819386,4.494296 
eul: 0., 0., 0., 0., 0., 0., 0., 0., 0., 0., 0., 0., 0., 0., 0., 0., 0., 0., 0., 0.,40., 0., 0., 0., 0., 0., 0., 0., 0., 0., 0., 0., 0., 0., 0., 0., 0., 0., 0., 0.
eul_bin_edges:-0.5  ,-0.475,-0.45 ,-0.425,-0.4  ,-0.375,-0.35 ,-0.325,-0.3  ,-0.275,-0.25 ,-0.225,-0.2  ,-0.175,-0.15 ,-0.125,-0.1  ,-0.075,-0.05 ,-0.025, 0.   , 0.025, 0.05 , 0.075, 0.1  , 0.125, 0.15 , 0.175, 0.2  , 0.225, 0.25 , 0.275, 0.3  , 0.325, 0.35 , 0.375, 0.4  , 0.425, 0.45 , 0.475, 0.5  
edl: 0., 0., 0., 0., 0., 0., 0., 0., 0., 0., 0., 0., 0., 0., 0., 0., 0., 0., 0., 0.,40., 0., 0., 0., 0., 0., 0., 0., 0., 0., 0., 0., 0., 0., 0., 0., 0., 0., 0., 0.
edl_bin_edges:-0.5  ,-0.475,-0.45 ,-0.425,-0.4  ,-0.375,-0.35 ,-0.325,-0.3  ,-0.275,-0.25 ,-0.225,-0.2  ,-0.175,-0.15 ,-0.125,-0.1  ,-0.075,-0.05 ,-0.025, 0.   , 0.025, 0.05 , 0.075, 0.1  , 0.125, 0.15 , 0.175, 0.2  , 0.225, 0.25 , 0.275, 0.3  , 0.325, 0.35 , 0.375, 0.4  , 0.425, 0.45 , 0.475, 0.5  
gul:1.57976303e-03,0.00000000e+00,0.00000000e+00,0.00000000e+00,0.00000000e+00,0.00000000e+00,0.00000000e+00,0.00000000e+00,0.00000000e+00,0.00000000e+00,0.00000000e+00,0.00000000e+00,3.89674882e-02,4.21270142e-01,2.44336682e-01,1.02152744e+02,1.81356796e+00,5.37119431e-01,8.21476777e-02,2.63293839e-02,1.05317536e-03,0.00000000e+00,0.00000000e+00,0.00000000e+00,1.21115166e-02,7.37222749e-03,2.73825592e-02,1.83252512e-01,7.84615640e-02,4.37067773e-02,4.67083270e-01,5.06092885e+01,7.95673981e-01,1.11110000e-01,6.16107583e-02,2.06948957e-01,3.15952607e-02,9.47857820e-03,1.05317536e-02,3.15952607e-03
gul_bin_edges:0.     ,0.00633,0.01266,0.01899,0.02532,0.03165,0.03798,0.04431,0.05064,0.05697,0.0633 ,0.06963,0.07596,0.08229,0.08862,0.09495,0.10128,0.10761,0.11394,0.12027,0.1266 ,0.13293,0.13926,0.14559,0.15192,0.15825,0.16458,0.17091,0.17724,0.18357,0.1899 ,0.19623,0.20256,0.20889,0.21522,0.22155,0.22788,0.23421,0.24054,0.24687,0.2532 
gdl:1.57976303e-03,0.00000000e+00,0.00000000e+00,0.00000000e+00,0.00000000e+00,0.00000000e+00,0.00000000e+00,0.00000000e+00,0.00000000e+00,0.00000000e+00,0.00000000e+00,0.00000000e+00,3.89674882e-02,4.21270142e-01,2.44336682e-01,1.02152744e+02,1.81356796e+00,5.37119431e-01,8.21476777e-02,2.63293839e-02,1.05317536e-03,0.00000000e+00,0.00000000e+00,0.00000000e+00,1.21115166e-02,7.37222749e-03,2.73825592e-02,1.83252512e-01,7.84615640e-02,4.37067773e-02,4.67083270e-01,5.06092885e+01,7.95673981e-01,1.11110000e-01,6.16107583e-02,2.06948957e-01,3.15952607e-02,9.47857820e-03,1.05317536e-02,3.15952607e-03
gdl_bin_edges:0.     ,0.00633,0.01266,0.01899,0.02532,0.03165,0.03798,0.04431,0.05064,0.05697,0.0633 ,0.06963,0.07596,0.08229,0.08862,0.09495,0.10128,0.10761,0.11394,0.12027,0.1266 ,0.13293,0.13926,0.14559,0.15192,0.15825,0.16458,0.17091,0.17724,0.18357,0.1899 ,0.19623,0.20256,0.20889,0.21522,0.22155,0.22788,0.23421,0.24054,0.24687,0.2532 
ri: 0., 0., 0., 0., 0., 0., 0., 0., 0., 0., 0., 0., 0., 0., 0., 0., 0., 0., 0., 0.,40., 0., 0., 0., 0., 0., 0., 0., 0., 0., 0., 0., 0., 0., 0., 0., 0., 0., 0., 0.
ri_bin_edges:0.5  ,0.525,0.55 ,0.575,0.6  ,0.625,0.65 ,0.675,0.7  ,0.725,0.75 ,0.775,0.8  ,0.825,0.85 ,0.875,0.9  ,0.925,0.95 ,0.975,1.   ,1.025,1.05 ,1.075,1.1  ,1.125,1.15 ,1.175,1.2  ,1.225,1.25 ,1.275,1.3  ,1.325,1.35 ,1.375,1.4  ,1.425,1.45 ,1.475,1.5  
