period:1
ue_log_freq:1000
mac_log_freq:1000
mimo_layers:2
frequency:2412000000.0
bandwidth:50000000
ue_speed:5.555555555555555
max_distance:1000
shannon_cfg_bandwidth_mhz:50.0
shannon_cfg_mimo_layers:2
shannon_cfg_bw_efficiency:0.67
shannon_cfg_sinr_offset_db:0
shannon_cfg_ul_divisor:2
shannon_cfg_sinr_sample_rate:1000
n_ue:1
sinr_period:9.463597741343282
sinr_rate:105.66805852612856
ul_fairness:1.0
dl_fairness:1.0
ul_agg_throughput:48.409733856828744
dl_agg_throughput:87.15459241449621
ul_ave_throughput:48.409733856828744
dl_ave_throughput:87.15459241449621
ul_se:0.9681946771365748
dl_se:1.7430918482899243
ul_ase:3.081859374830951e-07
dl_ase:5.548433678370591e-07
ul_gr:48.499665836118034
dl_gr:87.98223431471403
ul_tr:48.4012400200165
dl_tr:87.87169662551143
ul_er:251.49518170681912
dl_er:212.0151232073066
ul_er_ratio:0.8386068105070511
dl_er_ratio:0.706983799172973
ul_er_perc:83.86068105070511
dl_er_perc:70.6983799172973
ul_l:0.006153661082415981
dl_l:0.006188454963575304
ul_il:0.16628736092379648
dl_il:0.08593505200162084
sinr_ul:0.03318647,0.08290774,0.11190828,0.08349562,0.03098018,0.02429047,0.01854632,0.01238428,0.00812397,0.00453299,0.00299957,0.00088181,0.00048163,0.00047455,0.00046038,0.00044268,0.00043559,0.00042497,0.00041434,0.00040726,0.0003931 ,0.00038955,0.00038247,0.00037539,0.00036476,0.00036476,0.00035414,0.0003506 ,0.00033997,0.00033997,0.00033289,0.00032935,0.00032581,0.00031873,0.00031518,0.00031164,0.0003506 ,0.00041434,0.00041434,0.00042497
sinr_ul_bin_edges: 13.520963  , 15.87406093, 18.22715885, 20.58025678, 22.9333547 , 25.28645263, 27.63955055, 29.99264848, 32.3457464 , 34.69884433, 37.05194225, 39.40504018, 41.7581381 , 44.11123603, 46.46433395, 48.81743188, 51.1705298 , 53.52362773, 55.87672565, 58.22982358, 60.5829215 , 62.93601943, 65.28911735, 67.64221527, 69.9953132 , 72.34841112, 74.70150905, 77.05460697, 79.4077049 , 81.76080282, 84.11390075, 86.46699867, 88.8200966 , 91.17319452, 93.52629245, 95.87939037, 98.2324883 ,100.58558623,102.93868415,105.29178208,107.64488   
sinr_dl:0.03318285,0.0829111 ,0.11191157,0.08349189,0.03098011,0.02429042,0.01854628,0.01238425,0.00812396,0.00453298,0.00299956,0.00088181,0.00048163,0.00047809,0.00045684,0.00044267,0.00043559,0.00042497,0.00041434,0.00040726,0.00039309,0.00038955,0.00038247,0.00037539,0.00036476,0.00036476,0.00035414,0.0003506 ,0.00033997,0.00033997,0.00033289,0.00032935,0.00032581,0.00031873,0.00031518,0.00031164,0.0003506 ,0.00041434,0.00041434,0.00042497
sinr_dl_bin_edges: 23.097246  , 25.45034922, 27.80345245, 30.15655567, 32.5096589 , 34.86276212, 37.21586535, 39.56896857, 41.9220718 , 44.27517502, 46.62827825, 48.98138147, 51.3344847 , 53.68758792, 56.04069115, 58.39379437, 60.7468976 , 63.10000082, 65.45310405, 67.80620727, 70.1593105 , 72.51241372, 74.86551695, 77.21862017, 79.5717234 , 81.92482662, 84.27792985, 86.63103308, 88.9841363 , 91.33723953, 93.69034275, 96.04344597, 98.3965492 ,100.74965242,103.10275565,105.45585887,107.8089621 ,110.16206533,112.51516855,114.86827177,117.221375  
rsrp_ul:0.03318643,0.08290765,0.11190816,0.08349552,0.03098014,0.02429044,0.0185463 ,0.01238427,0.00812397,0.00453299,0.00299956,0.00088181,0.00048163,0.00047809,0.00045684,0.00044267,0.00043559,0.00042497,0.00041434,0.00040726,0.0003931 ,0.00038955,0.00038247,0.00037539,0.00036476,0.00036476,0.00035414,0.0003506 ,0.00033997,0.00033997,0.00033289,0.00032935,0.00032581,0.00031873,0.00031518,0.00031164,0.0003506 ,0.00041434,0.00041434,0.00042497
rsrp_ul_bin_edges:-101.0775    , -98.72439947, -96.37129895, -94.01819843, -91.6650979 , -89.31199738, -86.95889685, -84.60579633, -82.2526958 , -79.89959527, -77.54649475, -75.19339423, -72.8402937 , -70.48719318, -68.13409265, -65.78099213, -63.4278916 , -61.07479108, -58.72169055, -56.36859003, -54.0154895 , -51.66238898, -49.30928845, -46.95618793, -44.6030874 , -42.24998688, -39.89688635, -37.54378583, -35.1906853 , -32.83758478, -30.48448425, -28.13138373, -25.7782832 , -23.42518268, -21.07208215, -18.71898162, -16.3658811 , -14.01278058, -11.65968005,  -9.30657953,  -6.953479  
rsrp_dl:0.03318643,0.08290765,0.11190815,0.08349552,0.03098014,0.02429044,0.0185463 ,0.01238427,0.00812397,0.00453299,0.00299956,0.00088181,0.00048163,0.00047809,0.00045684,0.00044267,0.00043559,0.00042497,0.00041434,0.00040726,0.0003931 ,0.00038955,0.00038247,0.00037539,0.00036476,0.00036476,0.00035414,0.0003506 ,0.00033997,0.00033997,0.00033289,0.00032935,0.00032581,0.00031873,0.00031518,0.00031164,0.0003506 ,0.00041434,0.00041434,0.00042497
rsrp_dl_bin_edges:-101.33056   , -98.97745945, -96.6243589 , -94.27125835, -91.9181578 , -89.56505725, -87.2119567 , -84.85885615, -82.5057556 , -80.15265505, -77.7995545 , -75.44645395, -73.0933534 , -70.74025285, -68.3871523 , -66.03405175, -63.6809512 , -61.32785065, -58.9747501 , -56.62164955, -54.268549  , -51.91544845, -49.5623479 , -47.20924735, -44.8561468 , -42.50304625, -40.1499457 , -37.79684515, -35.4437446 , -33.09064405, -30.7375435 , -28.38444295, -26.0313424 , -23.67824185, -21.3251413 , -18.97204075, -16.6189402 , -14.26583965, -11.9127391 ,  -9.55963855,  -7.206538  
cqi_ul:0.1562487 ,0.        ,0.        ,0.42466313,0.        ,0.        ,0.52591228,0.        ,0.        ,0.        ,0.34869154,0.        ,0.        ,0.83707636,0.        ,0.        ,0.2675811 ,0.        ,0.        ,0.        ,0.17152635,0.        ,0.        ,0.16083199,0.        ,0.        ,0.10133249,0.        ,0.        ,0.        ,0.07741602,0.        ,0.        ,0.08322153,0.        ,0.        ,0.03024975,0.        ,0.        ,0.1485821 
cqi_ul_bin_edges: 3. , 3.3, 3.6, 3.9, 4.2, 4.5, 4.8, 5.1, 5.4, 5.7, 6. , 6.3, 6.6, 6.9, 7.2, 7.5, 7.8, 8.1, 8.4, 8.7, 9. , 9.3, 9.6, 9.9,10.2,10.5,10.8,11.1,11.4,11.7,12. ,12.3,12.6,12.9,13.2,13.5,13.8,14.1,14.4,14.7,15. 
cqi_dl:0.12118947,0.        ,0.        ,0.        ,0.        ,0.51461476,0.        ,0.        ,0.        ,0.        ,0.        ,0.92442087,0.        ,0.        ,0.        ,0.        ,0.        ,0.66951823,0.        ,0.        ,0.        ,0.        ,1.56812979,0.        ,0.        ,0.        ,0.        ,0.        ,0.51237668,0.        ,0.        ,0.        ,0.        ,0.        ,0.28752141,0.        ,0.        ,0.        ,0.        ,1.11651451
cqi_dl_bin_edges: 8.   , 8.175, 8.35 , 8.525, 8.7  , 8.875, 9.05 , 9.225, 9.4  , 9.575, 9.75 , 9.925,10.1  ,10.275,10.45 ,10.625,10.8  ,10.975,11.15 ,11.325,11.5  ,11.675,11.85 ,12.025,12.2  ,12.375,12.55 ,12.725,12.9  ,13.075,13.25 ,13.425,13.6  ,13.775,13.95 ,14.125,14.3  ,14.475,14.65 ,14.825,15.   
mcs_ul:0.00063999,0.07435938,0.        ,0.07862601,0.12521229,0.        ,0.12639895,0.        ,0.12603895,0.07445271,0.        ,0.09291923,0.28467763,0.        ,0.11711902,0.        ,0.0757727 ,0.05266623,0.        ,0.05023958,0.03209307,0.        ,0.03778635,0.        ,0.039413  ,0.03633303,0.        ,0.01230656,0.01723986,0.        ,0.01991983,0.        ,0.02143982,0.01850651,0.        ,0.00875993,0.00575995,0.        ,0.        ,0.07131941
mcs_ul_bin_edges: 3.   , 3.625, 4.25 , 4.875, 5.5  , 6.125, 6.75 , 7.375, 8.   , 8.625, 9.25 , 9.875,10.5  ,11.125,11.75 ,12.375,13.   ,13.625,14.25 ,14.875,15.5  ,16.125,16.75 ,17.375,18.   ,18.625,19.25 ,19.875,20.5  ,21.125,21.75 ,22.375,23.   ,23.625,24.25 ,24.875,25.5  ,26.125,26.75 ,27.375,28.   
mcs_dl:0.06059473,0.        ,0.09842775,0.        ,0.        ,0.15887963,0.        ,0.        ,0.29149757,0.        ,0.        ,0.17071286,0.        ,0.        ,0.17685567,0.        ,0.        ,0.15780821,0.        ,0.        ,0.42940118,0.        ,0.35475895,0.        ,0.        ,0.17880803,0.        ,0.        ,0.07738031,0.        ,0.        ,0.0993087 ,0.        ,0.        ,0.04445201,0.        ,0.        ,0.        ,0.        ,0.55825725
mcs_dl_bin_edges:14.  ,14.35,14.7 ,15.05,15.4 ,15.75,16.1 ,16.45,16.8 ,17.15,17.5 ,17.85,18.2 ,18.55,18.9 ,19.25,19.6 ,19.95,20.3 ,20.65,21.  ,21.35,21.7 ,22.05,22.4 ,22.75,23.1 ,23.45,23.8 ,24.15,24.5 ,24.85,25.2 ,25.55,25.9 ,26.25,26.6 ,26.95,27.3 ,27.65,28.  
eff_ul:0.00245047,0.28471388,0.        ,0.30105034,0.        ,0.47942407,0.48396765,0.48258926,0.        ,0.28507124,0.35577749,1.0899993 ,0.        ,0.44843585,0.29012533,0.        ,0.20165319,0.        ,0.19236183,0.        ,0.12288082,0.        ,0.14467978,0.        ,0.15090806,0.13911517,0.        ,0.04712048,0.06600951,0.        ,0.07627085,0.        ,0.08209072,0.        ,0.0708594 ,0.        ,0.0335408 ,0.        ,0.02205422,0.27307415
eff_ul_bin_edges:0.8769994 ,1.04023209,1.20346478,1.36669747,1.52993016,1.69316285,1.85639554,2.01962823,2.18286092,2.34609361,2.5093263 ,2.67255899,2.83579168,2.99902437,3.16225706,3.32548975,3.48872244,3.65195513,3.81518782,3.97842051,4.1416532 ,4.30488589,4.46811858,4.63135127,4.79458396,4.95781665,5.12104934,5.28428203,5.44751472,5.61074741,5.7739801 ,5.93721279,6.10044548,6.26367817,6.42691086,6.59014355,6.75337624,6.91660893,7.07984162,7.24307431,7.406307  
eff_dl:0.22342582,0.        ,0.        ,0.3629243 ,0.        ,0.        ,0.58582338,0.        ,0.        ,1.07481428,0.        ,0.        ,0.62945507,0.        ,0.        ,0.65210491,0.        ,0.        ,0.58187283,0.        ,1.58329458,0.        ,0.        ,0.        ,1.30807259,0.        ,0.        ,0.6593037 ,0.        ,0.        ,0.        ,0.28531785,0.        ,0.        ,0.36617254,0.        ,0.        ,0.16390413,0.        ,2.05841464
eff_dl_bin_edges:3.6094036 ,3.70432618,3.79924877,3.89417135,3.98909394,4.08401653,4.17893911,4.27386169,4.36878428,4.46370686,4.55862945,4.65355203,4.74847462,4.8433972 ,4.93831979,5.03324238,5.12816496,5.22308755,5.31801013,5.41293272,5.5078553 ,5.60277789,5.69770047,5.79262305,5.88754564,5.98246822,6.07739081,6.17231339,6.26723598,6.36215856,6.45708115,6.55200373,6.64692632,6.7418489 ,6.83677149,6.93169407,7.02661666,7.12153925,7.21646183,7.31138442,7.406307  
rul:4.69383075e-02,1.43836842e-03,3.85359668e-03,6.18517651e-03,1.06810393e-02,3.84302044e-03,4.23530274e-03,4.27183884e-03,3.62764977e-03,4.08242802e-03,6.71206548e-03,4.43432832e-03,1.79603757e-03,1.51336357e-03,2.40561350e-03,6.14383303e-04,6.01884112e-04,1.17588541e-03,7.42259640e-04,9.76859837e-04,5.51887349e-04,2.98057628e-04,5.27850444e-04,4.07665916e-04,5.30734872e-04,0.00000000e+00,3.62476534e-04,3.02865009e-04,1.37875690e-03,9.61476218e-05,0.00000000e+00,1.08646813e-04,0.00000000e+00,1.08646813e-04,0.00000000e+00,1.00955003e-04,0.00000000e+00,4.99967633e-05,2.69213341e-05,3.97089678e-04
rul_bin_edges:  0.       ,  8.6671555, 17.334311 , 26.0014665, 34.668622 , 43.3357775, 52.002933 , 60.6700885, 69.337244 , 78.0043995, 86.671555 , 95.3387105,104.005866 ,112.6730215,121.340177 ,130.0073325,138.674488 ,147.3416435,156.008799 ,164.6759545,173.34311  ,182.0102655,190.677421 ,199.3445765,208.011732 ,216.6788875,225.346043 ,234.0131985,242.680354 ,251.3475095,260.014665 ,268.6818205,277.348976 ,286.0161315,294.683287 ,303.3504425,312.017598 ,320.6847535,329.351909 ,338.0190645,346.68622  
rdl:4.77857598e-02,0.00000000e+00,0.00000000e+00,0.00000000e+00,0.00000000e+00,0.00000000e+00,6.49460020e-04,2.79277605e-03,4.93413292e-03,8.24412599e-03,3.76353755e-03,2.69579785e-03,2.17466251e-03,5.98032191e-03,1.08831083e-03,1.70446521e-03,3.10526133e-03,1.83083074e-03,1.89548287e-03,6.52496711e-03,0.00000000e+00,4.02606438e-03,2.35784354e-03,8.14029075e-04,1.96797162e-03,4.48646590e-04,6.49166147e-03,5.28971962e-04,4.79013499e-04,1.22937002e-03,0.00000000e+00,1.09908619e-03,9.79577708e-07,5.69134648e-04,1.95915542e-06,2.45874005e-04,0.00000000e+00,2.85057113e-04,1.61630322e-04,1.67311873e-03
rdl_bin_edges:  0.        ,  8.50699625, 17.0139925 , 25.52098875, 34.027985  , 42.53498125, 51.0419775 , 59.54897375, 68.05597   , 76.56296625, 85.0699625 , 93.57695875,102.083955  ,110.59095125,119.0979475 ,127.60494375,136.11194   ,144.61893625,153.1259325 ,161.63292875,170.139925  ,178.64692125,187.1539175 ,195.66091375,204.16791   ,212.67490625,221.1819025 ,229.68889875,238.195895  ,246.70289125,255.2098875 ,263.71688375,272.22388   ,280.73087625,289.2378725 ,297.74486875,306.251865  ,314.75886125,323.2658575 ,331.77285375,340.27985   
lul:1452.6932645 ,   0.        ,   0.        ,   0.        ,   0.        ,   0.        ,   0.        ,   0.        ,   0.        ,   0.        ,   0.        ,   0.        ,   0.        ,   0.        ,   0.        ,   0.        ,   0.        ,   0.        ,   0.        ,   0.        ,   0.        ,   0.        ,   0.        ,   0.        ,   0.        ,   0.        ,   0.        ,   0.        ,   0.        ,   0.        ,   0.        ,   0.        ,   0.        ,   0.        ,   0.        ,1145.4551409 , 265.37041998,   6.63574834,   9.76020383, 690.92125829
lul_bin_edges:0.        ,0.00028005,0.00056009,0.00084014,0.00112019,0.00140023,0.00168028,0.00196033,0.00224037,0.00252042,0.00280046,0.00308051,0.00336056,0.0036406 ,0.00392065,0.0042007 ,0.00448074,0.00476079,0.00504084,0.00532088,0.00560093,0.00588098,0.00616102,0.00644107,0.00672112,0.00700116,0.00728121,0.00756125,0.0078413 ,0.00812135,0.00840139,0.00868144,0.00896149,0.00924153,0.00952158,0.00980163,0.01008167,0.01036172,0.01064177,0.01092181,0.01120186
ldl:1449.86417216,   0.        ,   0.        ,   0.        ,   0.        ,   0.        ,   0.        ,   0.        ,   0.        ,   0.        ,   0.        ,   0.        ,   0.        ,   0.        ,   0.        ,   0.        ,   0.        ,   0.        ,   0.        ,   0.        ,   0.        ,   0.        ,   0.        ,   0.        ,   0.        ,   0.        ,   0.        ,   0.        ,   0.        ,   0.        ,   0.        ,   0.        ,   0.        ,   0.        ,   0.        ,1120.04697076,   8.26251978,  13.52318885, 260.86379892, 714.02437112
ldl_bin_edges:0.        ,0.00028038,0.00056076,0.00084114,0.00112152,0.0014019 ,0.00168228,0.00196266,0.00224304,0.00252342,0.0028038 ,0.00308418,0.00336456,0.00364494,0.00392532,0.0042057 ,0.00448608,0.00476646,0.00504684,0.00532722,0.0056076 ,0.00588799,0.00616837,0.00644875,0.00672913,0.00700951,0.00728989,0.00757027,0.00785065,0.00813103,0.00841141,0.00869179,0.00897217,0.00925255,0.00953293,0.00981331,0.01009369,0.01037407,0.01065445,0.01093483,0.01121521
ilul:2.65052771e+01,4.88596550e-03,5.97173561e-03,5.97173561e-03,5.42885056e-03,5.42885056e-03,1.82137936e+00,1.09771358e+00,1.01410928e+00,1.75134719e+00,1.45818926e+00,1.32083934e+00,1.12051475e+00,1.57979551e+00,1.25297871e+00,2.32409092e+00,3.38543121e+00,4.38433971e+00,1.81323609e+00,1.37512785e+00,9.22361710e-01,2.03256165e+00,4.02820711e-01,1.26600795e+00,1.44244559e+00,4.73938654e-01,1.30183836e+00,1.29423797e+00,2.49184241e-01,3.25731033e-01,1.03528180e+00,1.76980528e-01,7.54610227e-02,7.92612181e-02,9.22904595e-02,8.79473790e-02,8.90331491e-02,3.70790493e-01,9.77735985e-01,2.18782677e-01
ilul_bin_edges:0.        ,0.01534996,0.03069992,0.04604988,0.06139984,0.0767498 ,0.09209976,0.10744972,0.12279968,0.13814964,0.1534996 ,0.16884956,0.18419952,0.19954948,0.21489944,0.2302494 ,0.24559936,0.26094932,0.27629928,0.29164924,0.3069992 ,0.32234916,0.33769912,0.35304908,0.36839904,0.383749  ,0.39909896,0.41444892,0.42979888,0.44514884,0.4604988 ,0.47584876,0.49119872,0.50654868,0.52189864,0.5372486 ,0.55259856,0.56794852,0.58329848,0.59864844,0.6139984 
ildl:7.32455963e+01,0.00000000e+00,6.00595271e-03,6.00595271e-03,6.00595271e-03,7.50744089e-03,7.50744089e-03,6.00595271e-03,4.50446453e-03,6.00595271e-03,7.50744089e-03,4.50446453e-03,7.50744089e-03,4.50446453e-03,4.50446453e-03,7.50744089e-03,7.50744089e-03,6.00595271e-03,2.20868911e+00,3.16363559e+00,1.76274712e+01,5.11406873e+00,4.84680384e+00,6.43387684e+00,6.77771763e+00,9.17409276e+00,8.33476087e+00,1.05960021e+01,5.74469377e+00,3.46093025e+00,3.98344813e+00,4.33779934e+00,6.22216701e+00,2.56604330e+00,3.66363115e-01,2.23421441e+00,1.26125007e+00,1.30629471e-01,6.03598247e-01,1.64713253e+00
ildl_bin_edges:0.        ,0.00555   ,0.01110001,0.01665001,0.02220001,0.02775001,0.03330002,0.03885002,0.04440002,0.04995003,0.05550003,0.06105003,0.06660004,0.07215004,0.07770004,0.08325004,0.08880005,0.09435005,0.09990005,0.10545006,0.11100006,0.11655006,0.12210007,0.12765007,0.13320007,0.13875008,0.14430008,0.14985008,0.15540008,0.16095009,0.16650009,0.17205009,0.1776001 ,0.1831501 ,0.1887001 ,0.1942501 ,0.19980011,0.20535011,0.21090011,0.21645012,0.22200012
eul:1.71074412e-02,0.00000000e+00,0.00000000e+00,0.00000000e+00,0.00000000e+00,0.00000000e+00,0.00000000e+00,0.00000000e+00,0.00000000e+00,0.00000000e+00,0.00000000e+00,0.00000000e+00,0.00000000e+00,0.00000000e+00,0.00000000e+00,0.00000000e+00,0.00000000e+00,0.00000000e+00,0.00000000e+00,0.00000000e+00,0.00000000e+00,0.00000000e+00,0.00000000e+00,8.81826867e-07,3.52730747e-06,1.05819224e-05,7.93644180e-06,3.96822090e-05,9.25918210e-05,6.43733613e-04,1.19222992e-03,7.06775415e-02,1.46621353e-02,1.10933820e-03,1.23455761e-04,1.02291917e-04,2.82184597e-05,1.14637493e-05,5.29096120e-06,1.76365373e-06
eul_bin_edges:  0.  ,  9.45, 18.9 , 28.35, 37.8 , 47.25, 56.7 , 66.15, 75.6 , 85.05, 94.5 ,103.95,113.4 ,122.85,132.3 ,141.75,151.2 ,160.65,170.1 ,179.55,189.  ,198.45,207.9 ,217.35,226.8 ,236.25,245.7 ,255.15,264.6 ,274.05,283.5 ,292.95,302.4 ,311.85,321.3 ,330.75,340.2 ,349.65,359.1 ,368.55,378.  
edl:3.16165514e-02,0.00000000e+00,0.00000000e+00,0.00000000e+00,0.00000000e+00,0.00000000e+00,0.00000000e+00,0.00000000e+00,0.00000000e+00,0.00000000e+00,0.00000000e+00,0.00000000e+00,0.00000000e+00,0.00000000e+00,0.00000000e+00,0.00000000e+00,0.00000000e+00,0.00000000e+00,0.00000000e+00,0.00000000e+00,0.00000000e+00,0.00000000e+00,0.00000000e+00,0.00000000e+00,2.69466900e-06,8.98223001e-06,6.28756101e-06,7.18578401e-06,5.38933800e-05,1.57189025e-04,8.24568715e-04,7.23698272e-03,6.55900400e-02,1.45063015e-03,6.34145439e-04,1.16768990e-04,5.74862720e-05,8.98223001e-06,1.07786760e-05,4.49111500e-06
edl_bin_edges:  0.    ,  9.2775, 18.555 , 27.8325, 37.11  , 46.3875, 55.665 , 64.9425, 74.22  , 83.4975, 92.775 ,102.0525,111.33  ,120.6075,129.885 ,139.1625,148.44  ,157.7175,166.995 ,176.2725,185.55  ,194.8275,204.105 ,213.3825,222.66  ,231.9375,241.215 ,250.4925,259.77  ,269.0475,278.325 ,287.6025,296.88  ,306.1575,315.435 ,324.7125,333.99  ,343.2675,352.545 ,361.8225,371.1   
gul:9.08043701e-02,0.00000000e+00,0.00000000e+00,0.00000000e+00,0.00000000e+00,0.00000000e+00,0.00000000e+00,0.00000000e+00,0.00000000e+00,0.00000000e+00,0.00000000e+00,0.00000000e+00,0.00000000e+00,0.00000000e+00,0.00000000e+00,0.00000000e+00,0.00000000e+00,0.00000000e+00,0.00000000e+00,0.00000000e+00,0.00000000e+00,0.00000000e+00,0.00000000e+00,0.00000000e+00,9.02601017e-07,2.70780305e-06,0.00000000e+00,1.80520203e-06,1.35390153e-05,3.06884346e-05,1.78715001e-04,5.60515232e-04,1.57846866e-02,7.10347000e-04,1.77812400e-04,3.06884346e-05,9.92861119e-06,4.51300509e-06,0.00000000e+00,1.80520203e-06
gul_bin_edges:  0.    ,  9.2325, 18.465 , 27.6975, 36.93  , 46.1625, 55.395 , 64.6275, 73.86  , 83.0925, 92.325 ,101.5575,110.79  ,120.0225,129.255 ,138.4875,147.72  ,156.9525,166.185 ,175.4175,184.65  ,193.8825,203.115 ,212.3475,221.58  ,230.8125,240.045 ,249.2775,258.51  ,267.7425,276.975 ,286.2075,295.44  ,304.6725,313.905 ,323.1375,332.37  ,341.6025,350.835 ,360.0675,369.3   
gdl:7.47815638e-02,0.00000000e+00,0.00000000e+00,0.00000000e+00,0.00000000e+00,0.00000000e+00,0.00000000e+00,0.00000000e+00,0.00000000e+00,0.00000000e+00,0.00000000e+00,0.00000000e+00,0.00000000e+00,0.00000000e+00,0.00000000e+00,0.00000000e+00,0.00000000e+00,0.00000000e+00,0.00000000e+00,0.00000000e+00,0.00000000e+00,0.00000000e+00,0.00000000e+00,0.00000000e+00,8.81826867e-07,3.52730747e-06,3.52730747e-06,2.11638448e-05,3.17457672e-05,2.19574890e-04,4.40031606e-04,2.46726339e-02,5.16662361e-03,3.85358341e-04,4.93823045e-05,3.43912478e-05,5.29096120e-06,2.64548060e-06,8.81826867e-07,8.81826867e-07
gdl_bin_edges:  0.  ,  9.45, 18.9 , 28.35, 37.8 , 47.25, 56.7 , 66.15, 75.6 , 85.05, 94.5 ,103.95,113.4 ,122.85,132.3 ,141.75,151.2 ,160.65,170.1 ,179.55,189.  ,198.45,207.9 ,217.35,226.8 ,236.25,245.7 ,255.15,264.6 ,274.05,283.5 ,292.95,302.4 ,311.85,321.3 ,330.75,340.2 ,349.65,359.1 ,368.55,378.  
ri: 0., 0., 0., 0., 0., 0., 0., 0., 0., 0., 0., 0., 0., 0., 0., 0., 0., 0., 0., 0.,40., 0., 0., 0., 0., 0., 0., 0., 0., 0., 0., 0., 0., 0., 0., 0., 0., 0., 0., 0.
ri_bin_edges:0.5  ,0.525,0.55 ,0.575,0.6  ,0.625,0.65 ,0.675,0.7  ,0.725,0.75 ,0.775,0.8  ,0.825,0.85 ,0.875,0.9  ,0.925,0.95 ,0.975,1.   ,1.025,1.05 ,1.075,1.1  ,1.125,1.15 ,1.175,1.2  ,1.225,1.25 ,1.275,1.3  ,1.325,1.35 ,1.375,1.4  ,1.425,1.45 ,1.475,1.5  
