period:1
ue_log_freq:1000
mac_log_freq:1000
mimo_layers:2
frequency:2412000000.0
bandwidth:50000000
ue_speed:5.555555555555555
max_distance:1000
shannon_cfg_bandwidth_mhz:50.0
shannon_cfg_mimo_layers:2
shannon_cfg_bw_efficiency:0.67
shannon_cfg_sinr_offset_db:0
shannon_cfg_ul_divisor:2
shannon_cfg_sinr_sample_rate:1000
n_ue:1
sinr_period:9.463597741343282
sinr_rate:105.66805852612856
ul_fairness:1.0
dl_fairness:1.0
ul_agg_throughput:0.257670139186669
dl_agg_throughput:20.627819592913298
ul_ave_throughput:0.257670139186669
dl_ave_throughput:20.627819592913298
ul_se:0.005153402783733379
dl_se:0.4125563918582659
ul_ase:1.640379053549402e-09
dl_ase:1.3132077813679998e-07
ul_gr:0.12153342466575334
dl_gr:15.469236507634925
ul_tr:0.12153342687073129
dl_tr:15.469237686314141
ul_er:0.0
dl_er:16.35922296777032
ul_er_ratio:0.0
dl_er_ratio:0.5139809664552842
ul_er_perc:0.0
dl_er_perc:51.398096645528426
ul_l:0.0005305547286697132
dl_l:0.001070449988587114
ul_il:0.0005306348351256486
dl_il:0.08898815315576744
sinr_ul:0.03576642,0.09126205,0.25511454,0.35599121,0.13291262,0.06793696,0.05789929,0.12010593,0.09239657,0.10802996,0.04280432,0.02851699,0.04720782,0.04028529,0.04138136,0.03672788,0.00490346,0.00492269,0.00496115,0.01040303,0.02297896,0.02751707,0.02038301,0.01926771,0.01892159,0.01644101,0.01471038,0.01490267,0.01717173,0.03357428,0.00923004,0.00955694,0.01188368,0.01436425,0.02001766,0.01244133,0.01394121,0.01453732,0.01528726,0.01628718
sinr_ul_bin_edges:27.202393  ,27.72242873,28.24246445,28.76250017,29.2825359 ,29.80257162,30.32260735,30.84264308,31.3626788 ,31.88271453,32.40275025,32.92278597,33.4428217 ,33.96285743,34.48289315,35.00292888,35.5229646 ,36.04300033,36.56303605,37.08307178,37.6031075 ,38.12314322,38.64317895,39.16321467,39.6832504 ,40.20328612,40.72332185,41.24335757,41.7633933 ,42.28342902,42.80346475,43.32350048,43.8435362 ,44.36357193,44.88360765,45.40364338,45.9236791 ,46.44371483,46.96375055,47.48378627,48.003822  
sinr_dl:0.03576641,0.09126202,0.25517215,0.35593342,0.13291258,0.06793694,0.05789927,0.1201059 ,0.09239655,0.10802993,0.04280431,0.02851698,0.04720781,0.04028528,0.04138135,0.03672787,0.00490346,0.00492269,0.00496115,0.01040302,0.02299818,0.02751706,0.02036378,0.01926771,0.01892158,0.01644101,0.01471038,0.01490267,0.01717172,0.03357427,0.00923004,0.00957617,0.01186445,0.01436425,0.02001765,0.01244132,0.01394121,0.01453731,0.01528725,0.01628717
sinr_dl_bin_edges:36.945065  ,37.46510087,37.98513675,38.50517263,39.0252085 ,39.54524437,40.06528025,40.58531612,41.105352  ,41.62538788,42.14542375,42.66545962,43.1854955 ,43.70553137,44.22556725,44.74560313,45.265639  ,45.78567487,46.30571075,46.82574663,47.3457825 ,47.86581837,48.38585425,48.90589012,49.425926  ,49.94596187,50.46599775,50.98603362,51.5060695 ,52.02610538,52.54614125,53.06617712,53.586213  ,54.10624887,54.62628475,55.14632063,55.6663565 ,56.18639237,56.70642825,57.22646412,57.7465    
rsrp_ul:0.03576641,0.09126204,0.25507607,0.35602965,0.13291261,0.06793696,0.05789929,0.12010593,0.09239657,0.10802995,0.04280432,0.02851699,0.04720782,0.04028529,0.04138136,0.03672788,0.00490346,0.00492269,0.00496115,0.01040303,0.02299819,0.02749783,0.02038301,0.01926771,0.01892159,0.01644101,0.01471038,0.01490267,0.01717172,0.03357428,0.00923004,0.00955694,0.01188368,0.01436425,0.02001765,0.01244133,0.01394121,0.01453732,0.01528726,0.01628718
rsrp_ul_bin_edges:-83.4734    ,-82.95336425,-82.4333285 ,-81.91329275,-81.393257  ,-80.87322125,-80.3531855 ,-79.83314975,-79.313114  ,-78.79307825,-78.2730425 ,-77.75300675,-77.232971  ,-76.71293525,-76.1928995 ,-75.67286375,-75.152828  ,-74.63279225,-74.1127565 ,-73.59272075,-73.072685  ,-72.55264925,-72.0326135 ,-71.51257775,-70.992542  ,-70.47250625,-69.9524705 ,-69.43243475,-68.912399  ,-68.39236325,-67.8723275 ,-67.35229175,-66.832256  ,-66.31222025,-65.7921845 ,-65.27214875,-64.752113  ,-64.23207725,-63.7120415 ,-63.19200575,-62.67197   
rsrp_dl:0.03576641,0.09126204,0.25507607,0.35602965,0.13291261,0.06793696,0.05789929,0.12010593,0.09239657,0.10802995,0.04280432,0.02851699,0.04720782,0.04028529,0.04138136,0.03672788,0.00490346,0.00492269,0.00496115,0.01040303,0.02299819,0.02749783,0.02038301,0.01926771,0.01892159,0.01644101,0.01471038,0.01490267,0.01717172,0.03357428,0.00923004,0.00955694,0.01188368,0.01436425,0.02001765,0.01244133,0.01394121,0.01453732,0.01528726,0.01628718
rsrp_dl_bin_edges:-80.4631    ,-79.94306425,-79.4230285 ,-78.90299275,-78.382957  ,-77.86292125,-77.3428855 ,-76.82284975,-76.302814  ,-75.78277825,-75.2627425 ,-74.74270675,-74.222671  ,-73.70263525,-73.1825995 ,-72.66256375,-72.142528  ,-71.62249225,-71.1024565 ,-70.58242075,-70.062385  ,-69.54234925,-69.0223135 ,-68.50227775,-67.982242  ,-67.46220625,-66.9421705 ,-66.42213475,-65.902099  ,-65.38206325,-64.8620275 ,-64.34199175,-63.821956  ,-63.30192025,-62.7818845 ,-62.26184875,-61.741813  ,-61.22177725,-60.7017415 ,-60.18170575,-59.66167   
cqi_ul: 0., 0., 0., 0., 0., 0., 0., 0., 0., 0., 0., 0., 0., 0., 0., 0., 0., 0., 0., 0.,40., 0., 0., 0., 0., 0., 0., 0., 0., 0., 0., 0., 0., 0., 0., 0., 0., 0., 0., 0.
cqi_ul_bin_edges:14.5  ,14.525,14.55 ,14.575,14.6  ,14.625,14.65 ,14.675,14.7  ,14.725,14.75 ,14.775,14.8  ,14.825,14.85 ,14.875,14.9  ,14.925,14.95 ,14.975,15.   ,15.025,15.05 ,15.075,15.1  ,15.125,15.15 ,15.175,15.2  ,15.225,15.25 ,15.275,15.3  ,15.325,15.35 ,15.375,15.4  ,15.425,15.45 ,15.475,15.5  
cqi_dl: 0., 0., 0., 0., 0., 0., 0., 0., 0., 0., 0., 0., 0., 0., 0., 0., 0., 0., 0., 0.,40., 0., 0., 0., 0., 0., 0., 0., 0., 0., 0., 0., 0., 0., 0., 0., 0., 0., 0., 0.
cqi_dl_bin_edges:14.5  ,14.525,14.55 ,14.575,14.6  ,14.625,14.65 ,14.675,14.7  ,14.725,14.75 ,14.775,14.8  ,14.825,14.85 ,14.875,14.9  ,14.925,14.95 ,14.975,15.   ,15.025,15.05 ,15.075,15.1  ,15.125,15.15 ,15.175,15.2  ,15.225,15.25 ,15.275,15.3  ,15.325,15.35 ,15.375,15.4  ,15.425,15.45 ,15.475,15.5  
mcs_ul: 0., 0., 0., 0., 0., 0., 0., 0., 0., 0., 0., 0., 0., 0., 0., 0., 0., 0., 0., 0.,40., 0., 0., 0., 0., 0., 0., 0., 0., 0., 0., 0., 0., 0., 0., 0., 0., 0., 0., 0.
mcs_ul_bin_edges:27.5  ,27.525,27.55 ,27.575,27.6  ,27.625,27.65 ,27.675,27.7  ,27.725,27.75 ,27.775,27.8  ,27.825,27.85 ,27.875,27.9  ,27.925,27.95 ,27.975,28.   ,28.025,28.05 ,28.075,28.1  ,28.125,28.15 ,28.175,28.2  ,28.225,28.25 ,28.275,28.3  ,28.325,28.35 ,28.375,28.4  ,28.425,28.45 ,28.475,28.5  
mcs_dl: 0., 0., 0., 0., 0., 0., 0., 0., 0., 0., 0., 0., 0., 0., 0., 0., 0., 0., 0., 0.,40., 0., 0., 0., 0., 0., 0., 0., 0., 0., 0., 0., 0., 0., 0., 0., 0., 0., 0., 0.
mcs_dl_bin_edges:27.5  ,27.525,27.55 ,27.575,27.6  ,27.625,27.65 ,27.675,27.7  ,27.725,27.75 ,27.775,27.8  ,27.825,27.85 ,27.875,27.9  ,27.925,27.95 ,27.975,28.   ,28.025,28.05 ,28.075,28.1  ,28.125,28.15 ,28.175,28.2  ,28.225,28.25 ,28.275,28.3  ,28.325,28.35 ,28.375,28.4  ,28.425,28.45 ,28.475,28.5  
eff_ul: 0., 0., 0., 0., 0., 0., 0., 0., 0., 0., 0., 0., 0., 0., 0., 0., 0., 0., 0., 0.,40., 0., 0., 0., 0., 0., 0., 0., 0., 0., 0., 0., 0., 0., 0., 0., 0., 0., 0., 0.
eff_ul_bin_edges:5.0545974,5.0795974,5.1045974,5.1295974,5.1545974,5.1795974,5.2045974,5.2295974,5.2545974,5.2795974,5.3045974,5.3295974,5.3545974,5.3795974,5.4045974,5.4295974,5.4545974,5.4795974,5.5045974,5.5295974,5.5545974,5.5795974,5.6045974,5.6295974,5.6545974,5.6795974,5.7045974,5.7295974,5.7545974,5.7795974,5.8045974,5.8295974,5.8545974,5.8795974,5.9045974,5.9295974,5.9545974,5.9795974,6.0045974,6.0295974,6.0545974
eff_dl: 0., 0., 0., 0., 0., 0., 0., 0., 0., 0., 0., 0., 0., 0., 0., 0., 0., 0., 0., 0.,40., 0., 0., 0., 0., 0., 0., 0., 0., 0., 0., 0., 0., 0., 0., 0., 0., 0., 0., 0.
eff_dl_bin_edges:5.0545974,5.0795974,5.1045974,5.1295974,5.1545974,5.1795974,5.2045974,5.2295974,5.2545974,5.2795974,5.3045974,5.3295974,5.3545974,5.3795974,5.4045974,5.4295974,5.4545974,5.4795974,5.5045974,5.5295974,5.5545974,5.5795974,5.6045974,5.6295974,5.6545974,5.6795974,5.7045974,5.7295974,5.7545974,5.7795974,5.8045974,5.8295974,5.8545974,5.8795974,5.9045974,5.9295974,5.9545974,5.9795974,6.0045974,6.0295974,6.0545974
rul:4.65327222e-01,5.12505701e-05,4.65914274e-06,5.12505701e-05,1.02501140e-04,1.86365709e-05,9.31828547e-06,4.65914274e-06,1.86365709e-05,8.85237120e-05,9.31828547e-06,2.32957137e-05,6.52279983e-05,9.31828547e-06,9.31828547e-06,1.86365709e-05,4.65914274e-06,4.65914274e-06,2.32957137e-05,0.00000000e+00,1.86365709e-05,4.65914274e-06,0.00000000e+00,4.65914274e-06,4.65914274e-06,0.00000000e+00,9.31828547e-06,9.31828547e-06,0.00000000e+00,0.00000000e+00,0.00000000e+00,0.00000000e+00,0.00000000e+00,4.65914274e-06,4.65914274e-06,0.00000000e+00,0.00000000e+00,0.00000000e+00,0.00000000e+00,1.39774282e-05
rul_bin_edges: 0.        , 2.14629613, 4.29259225, 6.43888838, 8.5851845 ,10.73148062,12.87777675,15.02407288,17.170369  ,19.31666513,21.46296125,23.60925738,25.7555535 ,27.90184963,30.04814575,32.19444188,34.340738  ,36.48703413,38.63333025,40.77962637,42.9259225 ,45.07221863,47.21851475,49.36481088,51.511107  ,53.65740313,55.80369925,57.94999538,60.0962915 ,62.24258763,64.38888375,66.53517987,68.681476  ,70.82777213,72.97406825,75.12036438,77.2666605 ,79.41295663,81.55925275,83.70554888,85.851845  
rdl:3.30621630e-01,2.49209779e-05,7.97471293e-05,7.97471293e-05,1.14636498e-04,2.99051735e-05,2.49209779e-05,4.98419558e-06,4.98419558e-06,3.98735647e-05,9.96839116e-06,9.96839116e-06,0.00000000e+00,4.98419558e-06,1.99367823e-05,9.96839116e-06,1.49525867e-05,1.49525867e-05,1.49525867e-05,1.42607804e-01,4.98419558e-06,0.00000000e+00,0.00000000e+00,0.00000000e+00,4.98419558e-06,0.00000000e+00,0.00000000e+00,0.00000000e+00,0.00000000e+00,9.96839116e-06,0.00000000e+00,0.00000000e+00,0.00000000e+00,0.00000000e+00,4.98419558e-06,0.00000000e+00,4.98419558e-06,4.98419558e-06,0.00000000e+00,2.46568155e-02
rdl_bin_edges: 0.        , 2.00632175, 4.0126435 , 6.01896525, 8.025287  ,10.03160875,12.0379305 ,14.04425225,16.050574  ,18.05689575,20.0632175 ,22.06953925,24.075861  ,26.08218275,28.0885045 ,30.09482625,32.101148  ,34.10746975,36.1137915 ,38.12011325,40.126435  ,42.13275675,44.1390785 ,46.14540025,48.151722  ,50.15804375,52.1643655 ,54.17068725,56.177009  ,58.18333075,60.1896525 ,62.19597425,64.202296  ,66.20861775,68.2149395 ,70.22126125,72.227583  ,74.23390475,76.2402265 ,78.24654825,80.25287   
lul:7.25092602e+03,0.00000000e+00,0.00000000e+00,0.00000000e+00,0.00000000e+00,0.00000000e+00,0.00000000e+00,0.00000000e+00,0.00000000e+00,0.00000000e+00,0.00000000e+00,0.00000000e+00,0.00000000e+00,0.00000000e+00,0.00000000e+00,0.00000000e+00,0.00000000e+00,0.00000000e+00,0.00000000e+00,0.00000000e+00,0.00000000e+00,0.00000000e+00,0.00000000e+00,0.00000000e+00,0.00000000e+00,0.00000000e+00,1.11325311e+03,1.39982624e+01,9.56403019e-01,2.17364323e+00,6.10359018e+01,1.13898905e+01,1.30418594e+00,1.65196885e+01,2.20581315e+02,1.91280604e+00,3.47782916e-01,8.69457290e-02,0.00000000e+00,1.73891458e-01
lul_bin_edges:0.        ,0.00011501,0.00023003,0.00034504,0.00046005,0.00057507,0.00069008,0.00080509,0.00092011,0.00103512,0.00115013,0.00126514,0.00138016,0.00149517,0.00161018,0.0017252 ,0.00184021,0.00195522,0.00207024,0.00218525,0.00230026,0.00241528,0.00253029,0.0026453 ,0.00276032,0.00287533,0.00299034,0.00310535,0.00322037,0.00333538,0.00345039,0.00356541,0.00368042,0.00379543,0.00391045,0.00402546,0.00414047,0.00425549,0.0043705 ,0.00448551,0.00460053
ldl:6.24954488e+03,0.00000000e+00,0.00000000e+00,0.00000000e+00,0.00000000e+00,0.00000000e+00,0.00000000e+00,0.00000000e+00,0.00000000e+00,0.00000000e+00,0.00000000e+00,0.00000000e+00,0.00000000e+00,0.00000000e+00,0.00000000e+00,0.00000000e+00,0.00000000e+00,0.00000000e+00,0.00000000e+00,0.00000000e+00,0.00000000e+00,0.00000000e+00,0.00000000e+00,0.00000000e+00,0.00000000e+00,0.00000000e+00,0.00000000e+00,0.00000000e+00,2.40367111e+03,4.09979666e+01,2.83396083e+00,1.13358433e+00,4.91219877e+01,4.13947211e+02,3.96754516e+00,6.61257526e-01,3.13624998e+01,2.48632830e+02,5.66792165e-01,1.88930722e-01
ldl_bin_edges:0.        ,0.00010586,0.00021172,0.00031757,0.00042343,0.00052929,0.00063515,0.000741  ,0.00084686,0.00095272,0.00105858,0.00116444,0.00127029,0.00137615,0.00148201,0.00158787,0.00169373,0.00179958,0.00190544,0.0020113 ,0.00211716,0.00222301,0.00232887,0.00243473,0.00254059,0.00264645,0.0027523 ,0.00285816,0.00296402,0.00306988,0.00317574,0.00328159,0.00338745,0.00349331,0.00359917,0.00370502,0.00381088,0.00391674,0.0040226 ,0.00412846,0.00423431
ilul:6.67018853e+03,0.00000000e+00,0.00000000e+00,0.00000000e+00,0.00000000e+00,0.00000000e+00,0.00000000e+00,0.00000000e+00,0.00000000e+00,0.00000000e+00,0.00000000e+00,0.00000000e+00,0.00000000e+00,0.00000000e+00,0.00000000e+00,0.00000000e+00,0.00000000e+00,0.00000000e+00,0.00000000e+00,0.00000000e+00,0.00000000e+00,0.00000000e+00,0.00000000e+00,5.50996796e+02,4.77733178e+02,7.99821158e+00,1.35969597e+00,3.45522740e+01,2.38346705e+01,1.02377108e+01,9.27792544e+00,1.79799796e+02,3.08730967e+01,9.59785390e-01,7.99821158e-02,0.00000000e+00,2.39946347e-01,0.00000000e+00,0.00000000e+00,1.59964232e-01
ilul_bin_edges:0.        ,0.00012503,0.00025005,0.00037508,0.00050011,0.00062513,0.00075016,0.00087519,0.00100021,0.00112524,0.00125027,0.00137529,0.00150032,0.00162535,0.00175037,0.0018754 ,0.00200043,0.00212545,0.00225048,0.00237551,0.00250053,0.00262556,0.00275059,0.00287561,0.00300064,0.00312567,0.00325069,0.00337572,0.00350075,0.00362577,0.0037508 ,0.00387583,0.00400085,0.00412588,0.00425091,0.00437593,0.00450096,0.00462599,0.00475101,0.00487604,0.00500107
ildl:9.12519098e+01,2.59188000e-01,6.27507788e-02,2.75557768e-01,1.50056210e-02,2.18263579e-02,2.59188000e-02,3.13753894e-02,3.13753894e-02,5.59300420e-02,4.36527157e-02,4.63810104e-02,5.04734525e-02,4.09244210e-02,4.36527157e-02,5.04734525e-02,5.45658946e-02,4.09244210e-02,6.00224841e-02,4.50168631e-02,5.59300420e-02,5.45658946e-02,4.77451578e-02,4.09244210e-02,4.36527157e-02,5.59300420e-02,5.45658946e-02,4.77451578e-02,4.50168631e-02,4.91093052e-02,5.72941894e-02,5.32017473e-02,5.72941894e-02,9.95827577e-02,1.52784505e-01,6.19322904e-01,1.15079472e+01,1.44367716e+01,1.30944506e+01,3.33534031e+00
ildl_bin_edges:0.        ,0.00733051,0.01466103,0.02199154,0.02932205,0.03665256,0.04398308,0.05131359,0.0586441 ,0.06597462,0.07330513,0.08063564,0.08796616,0.09529667,0.10262718,0.10995769,0.11728821,0.12461872,0.13194923,0.13927975,0.14661026,0.15394077,0.16127129,0.1686018 ,0.17593231,0.18326282,0.19059334,0.19792385,0.20525436,0.21258488,0.21991539,0.2272459 ,0.23457642,0.24190693,0.24923744,0.25656795,0.26389847,0.27122898,0.27855949,0.28589001,0.29322052
eul: 0., 0., 0., 0., 0., 0., 0., 0., 0., 0., 0., 0., 0., 0., 0., 0., 0., 0., 0., 0.,40., 0., 0., 0., 0., 0., 0., 0., 0., 0., 0., 0., 0., 0., 0., 0., 0., 0., 0., 0.
eul_bin_edges:-0.5  ,-0.475,-0.45 ,-0.425,-0.4  ,-0.375,-0.35 ,-0.325,-0.3  ,-0.275,-0.25 ,-0.225,-0.2  ,-0.175,-0.15 ,-0.125,-0.1  ,-0.075,-0.05 ,-0.025, 0.   , 0.025, 0.05 , 0.075, 0.1  , 0.125, 0.15 , 0.175, 0.2  , 0.225, 0.25 , 0.275, 0.3  , 0.325, 0.35 , 0.375, 0.4  , 0.425, 0.45 , 0.475, 0.5  
edl:8.27700814e-02,2.45452091e-05,2.54542909e-05,7.27265455e-05,8.27264455e-05,8.27264455e-05,7.81810364e-05,3.54541909e-04,4.36359273e-05,1.63634727e-04,1.65907432e-03,1.54634817e-03,5.57267155e-04,1.73634627e-04,1.88179936e-04,2.45452091e-05,4.36359273e-05,4.63631727e-05,4.81813364e-05,6.72720546e-05,1.31816864e-04,1.49998500e-04,3.63632727e-05,5.27267455e-05,6.45448091e-05,1.66361973e-04,3.92723345e-04,9.61808564e-04,6.49084418e-04,1.86361773e-04,9.99990000e-06,9.09081818e-06,3.63632727e-06,1.81816364e-06,6.36357273e-06,9.09081818e-06,7.27265455e-06,4.54540909e-06,6.36357273e-06,6.36357273e-06
edl_bin_edges:  0., 11., 22., 33., 44., 55., 66., 77., 88., 99.,110.,121.,132.,143.,154.,165.,176.,187.,198.,209.,220.,231.,242.,253.,264.,275.,286.,297.,308.,319.,330.,341.,352.,363.,374.,385.,396.,407.,418.,429.,440.
gul:2.85465618e-01,3.14408335e-05,9.14642428e-05,1.71495455e-05,5.71651518e-06,7.14564397e-05,1.42912879e-05,4.57321214e-05,1.71495455e-05,1.71495455e-05,2.85825759e-06,2.57243183e-05,0.00000000e+00,2.85825759e-06,0.00000000e+00,0.00000000e+00,2.85825759e-06,5.71651518e-06,0.00000000e+00,0.00000000e+00,0.00000000e+00,0.00000000e+00,2.85825759e-06,0.00000000e+00,0.00000000e+00,0.00000000e+00,0.00000000e+00,0.00000000e+00,2.85825759e-06,0.00000000e+00,0.00000000e+00,0.00000000e+00,0.00000000e+00,0.00000000e+00,2.85825759e-06,0.00000000e+00,0.00000000e+00,0.00000000e+00,0.00000000e+00,2.85825759e-06
gul_bin_edges:  0.    ,  3.4986,  6.9972, 10.4958, 13.9944, 17.493 , 20.9916, 24.4902, 27.9888, 31.4874, 34.986 , 38.4846, 41.9832, 45.4818, 48.9804, 52.479 , 55.9776, 59.4762, 62.9748, 66.4734, 69.972 , 73.4706, 76.9692, 80.4678, 83.9664, 87.465 , 90.9636, 94.4622, 97.9608,101.4594,104.958 ,108.4566,111.9552,115.4538,118.9524,122.451 ,125.9496,129.4482,132.9468,136.4454,139.944 
gdl:6.70601110e-02,2.30558534e-05,7.27700372e-05,3.89067526e-05,3.38632846e-05,3.63850186e-04,2.16148625e-05,1.23925212e-04,4.22210315e-04,4.98582829e-04,2.01018222e-04,1.33291652e-04,7.34905326e-05,3.67452663e-05,6.84470647e-05,8.28569730e-05,6.91675601e-05,1.12397285e-04,6.26831013e-05,8.42979639e-05,4.33738241e-04,6.95278078e-04,9.85637731e-04,1.80844350e-04,2.37763488e-05,2.37763488e-05,1.72918900e-05,2.16148625e-05,1.65713946e-05,1.72918900e-05,2.88198167e-05,2.16148625e-05,0.00000000e+00,0.00000000e+00,0.00000000e+00,0.00000000e+00,0.00000000e+00,0.00000000e+00,0.00000000e+00,7.20495418e-07
gdl_bin_edges:  0.    , 13.8792, 27.7584, 41.6376, 55.5168, 69.396 , 83.2752, 97.1544,111.0336,124.9128,138.792 ,152.6712,166.5504,180.4296,194.3088,208.188 ,222.0672,235.9464,249.8256,263.7048,277.584 ,291.4632,305.3424,319.2216,333.1008,346.98  ,360.8592,374.7384,388.6176,402.4968,416.376 ,430.2552,444.1344,458.0136,471.8928,485.772 ,499.6512,513.5304,527.4096,541.2888,555.168 
ri: 0., 0., 0., 0., 0., 0., 0., 0., 0., 0., 0., 0., 0., 0., 0., 0., 0., 0., 0., 0.,40., 0., 0., 0., 0., 0., 0., 0., 0., 0., 0., 0., 0., 0., 0., 0., 0., 0., 0., 0.
ri_bin_edges:0.5  ,0.525,0.55 ,0.575,0.6  ,0.625,0.65 ,0.675,0.7  ,0.725,0.75 ,0.775,0.8  ,0.825,0.85 ,0.875,0.9  ,0.925,0.95 ,0.975,1.   ,1.025,1.05 ,1.075,1.1  ,1.125,1.15 ,1.175,1.2  ,1.225,1.25 ,1.275,1.3  ,1.325,1.35 ,1.375,1.4  ,1.425,1.45 ,1.475,1.5  
