period:1.0
ue_log_freq:1000
mac_log_freq:1000
mimo_layers:1
frequency:28000000000.0
bandwidth:300000000.0
ue_speed:0.27778
max_distance:10.0
shannon_cfg_bandwidth_mhz:300.0
shannon_cfg_mimo_layers:1
shannon_cfg_bw_efficiency:0.67
shannon_cfg_sinr_offset_db:0.0
shannon_cfg_ul_divisor:2.0
shannon_cfg_sinr_sample_rate:1000
n_ue:5
sinr_period:16.304296531427745
sinr_rate:61.33352629304954
ul_fairness:0.3166858101725305
dl_fairness:0.7999999931689845
ul_agg_throughput:188.9980938740352
dl_agg_throughput:595.2765923374853
ul_ave_throughput:37.79961877480704
dl_ave_throughput:119.05531846749707
ul_se:0.6299936462467839
dl_se:1.9842553077916176
ul_ase:0.002005332058333251
dl_ase:0.006316080811827323
ul_gr:11.374784634859466, 11.365556140567062, 11.365309128793395, 11.368135481196859, 167.98491211757988
dl_gr:0.11802457795153865, 168.03520001792376, 168.03520001792376, 168.03520001792376, 168.03520001792376
ul_tr:11.250608884458982, 11.24114502638153, 11.241491396495906, 11.243882388797651, 167.97857403639642
dl_tr:0.0, 168.02940247679837, 168.02940633943564, 168.0294090333895, 168.02941602597846
ul_er:156.65844937098817, 156.66767786528058, 156.66792487705425, 156.66509852465077, 0.05028790034391208
dl_er:167.9152094278961, 0.0, 0.0, 0.0, 0.0
ul_er_ratio:0.9329958192765101, 0.9330520884323361, 0.9330502621831416, 0.9330358487817069, 0.0002992813244360634
dl_er_ratio:1.0, 0.0, 0.0, 0.0, 0.0
ul_er_perc:93.299581927651, 93.30520884323361, 93.30502621831415, 93.30358487817068, 0.02992813244360634
dl_er_perc:100.0, 0.0, 0.0, 0.0, 0.0
ul_l:0.00015753802169670762, 0.0001586623253777992, 0.00015712864069925055, 0.00015864236441798203, 0.003371046457708896
dl_l:0.0, 0.0031098873025205286, 0.0031143571206280036, 0.0031515854843682436, 0.003168614074607638
ul_il:0.04748489617840299, 0.04767803554600357, 0.04736125501479271, 0.04766956498673082, 0.003412376388077341
dl_il:0.0, 0.0032613257270783158, 0.0032382060363975486, 0.003253020408474576, 0.0032632048042882593
sinr_ul:0.02213849,0.0430666 ,0.03433423,0.0403622 ,0.05064449,0.07845942,0.08091215,0.07475635,0.0693955 ,0.09327567,0.09248073,0.08279364,0.08791082,0.09090283,0.10383759,0.10528766,0.07887087,0.03733823,0.01552331,0.01529961,0.01556725,0.01573902,0.01645407,0.01736086,0.01750467,0.01734888,0.01801199,0.01911053,0.0206325 ,0.02245806,0.02433157,0.02685221,0.03085487,0.03963916,0.05308125,0.01847537,0.02261386,0.03470174,0.0249827 ,0.02965248
sinr_ul_bin_edges:51.00365 ,51.564514,52.125378,52.686242,53.247106,53.80797 ,54.368834,54.929698,55.490562,56.051426,56.61229 ,57.173154,57.734018,58.294882,58.855746,59.41661 ,59.977474,60.538338,61.099202,61.660066,62.22093 ,62.781794,63.342658,63.903522,64.464386,65.02525 ,65.586114,66.146978,66.707842,67.268706,67.82957 ,68.390434,68.951298,69.512162,70.073026,70.63389 ,71.194754,71.755618,72.316482,72.877346,73.43821 
rsrp_ul:0.02522783,0.04267567,0.03394173,0.040888  ,0.05210704,0.08109058,0.08024886,0.07440485,0.06888551,0.09199699,0.09369648,0.08318288,0.08865011,0.09249   ,0.10390545,0.10303567,0.07922275,0.03586568,0.01526736,0.01538761,0.01547178,0.01583653,0.01638967,0.01741979,0.01752801,0.01721136,0.01808515,0.01902308,0.02060232,0.02240603,0.02422577,0.0268231 ,0.03049465,0.03897206,0.05502103,0.01840982,0.02232186,0.03317615,0.02776905,0.02965692
rsrp_ul_bin_edges:-104.79066   ,-104.23169325,-103.6727265 ,-103.11375975,-102.554793  ,-101.99582625,-101.4368595 ,-100.87789275,-100.318926  , -99.75995925, -99.2009925 , -98.64202575, -98.083059  , -97.52409225, -96.9651255 , -96.40615875, -95.847192  , -95.28822525, -94.7292585 , -94.17029175, -93.611325  , -93.05235825, -92.4933915 , -91.93442475, -91.375458  , -90.81649125, -90.2575245 , -89.69855775, -89.139591  , -88.58062425, -88.0216575 , -87.46269075, -86.903724  , -86.34475725, -85.7857905 , -85.22682375, -84.667857  , -84.10889025, -83.5499235 , -82.99095675, -82.43199   
cqi_ul: 0., 0., 0., 0., 0., 0., 0., 0., 0., 0., 0., 0., 0., 0., 0., 0., 0., 0., 0., 0.,40., 0., 0., 0., 0., 0., 0., 0., 0., 0., 0., 0., 0., 0., 0., 0., 0., 0., 0., 0.
cqi_ul_bin_edges:14.5  ,14.525,14.55 ,14.575,14.6  ,14.625,14.65 ,14.675,14.7  ,14.725,14.75 ,14.775,14.8  ,14.825,14.85 ,14.875,14.9  ,14.925,14.95 ,14.975,15.   ,15.025,15.05 ,15.075,15.1  ,15.125,15.15 ,15.175,15.2  ,15.225,15.25 ,15.275,15.3  ,15.325,15.35 ,15.375,15.4  ,15.425,15.45 ,15.475,15.5  
cqi_dl:0.53333333,0.        ,0.        ,0.        ,0.        ,0.        ,0.        ,0.        ,0.        ,0.        ,0.        ,0.        ,0.        ,0.        ,0.        ,0.        ,0.        ,0.        ,0.        ,0.        ,0.        ,0.        ,0.        ,0.        ,0.        ,0.        ,0.        ,0.        ,0.        ,0.        ,0.        ,0.        ,0.        ,0.        ,0.        ,0.        ,0.        ,0.        ,0.        ,2.13333333
cqi_dl_bin_edges: 0.   , 0.375, 0.75 , 1.125, 1.5  , 1.875, 2.25 , 2.625, 3.   , 3.375, 3.75 , 4.125, 4.5  , 4.875, 5.25 , 5.625, 6.   , 6.375, 6.75 , 7.125, 7.5  , 7.875, 8.25 , 8.625, 9.   , 9.375, 9.75 ,10.125,10.5  ,10.875,11.25 ,11.625,12.   ,12.375,12.75 ,13.125,13.5  ,13.875,14.25 ,14.625,15.   
mcs_ul: 0., 0., 0., 0., 0., 0., 0., 0., 0., 0., 0., 0., 0., 0., 0., 0., 0., 0., 0., 0.,40., 0., 0., 0., 0., 0., 0., 0., 0., 0., 0., 0., 0., 0., 0., 0., 0., 0., 0., 0.
mcs_ul_bin_edges:27.5  ,27.525,27.55 ,27.575,27.6  ,27.625,27.65 ,27.675,27.7  ,27.725,27.75 ,27.775,27.8  ,27.825,27.85 ,27.875,27.9  ,27.925,27.95 ,27.975,28.   ,28.025,28.05 ,28.075,28.1  ,28.125,28.15 ,28.175,28.2  ,28.225,28.25 ,28.275,28.3  ,28.325,28.35 ,28.375,28.4  ,28.425,28.45 ,28.475,28.5  
mcs_dl:0.28571429,0.        ,0.        ,0.        ,0.        ,0.        ,0.        ,0.        ,0.        ,0.        ,0.        ,0.        ,0.        ,0.        ,0.        ,0.        ,0.        ,0.        ,0.        ,0.        ,0.        ,0.        ,0.        ,0.        ,0.        ,0.        ,0.        ,0.        ,0.        ,0.        ,0.        ,0.        ,0.        ,0.        ,0.        ,0.        ,0.        ,0.        ,0.        ,1.14285714
mcs_dl_bin_edges: 0. , 0.7, 1.4, 2.1, 2.8, 3.5, 4.2, 4.9, 5.6, 6.3, 7. , 7.7, 8.4, 9.1, 9.8,10.5,11.2,11.9,12.6,13.3,14. ,14.7,15.4,16.1,16.8,17.5,18.2,18.9,19.6,20.3,21. ,21.7,22.4,23.1,23.8,24.5,25.2,25.9,26.6,27.3,28. 
eff_ul: 0., 0., 0., 0., 0., 0., 0., 0., 0., 0., 0., 0., 0., 0., 0., 0., 0., 0., 0., 0.,40., 0., 0., 0., 0., 0., 0., 0., 0., 0., 0., 0., 0., 0., 0., 0., 0., 0., 0., 0.
eff_ul_bin_edges:5.054651,5.079651,5.104651,5.129651,5.154651,5.179651,5.204651,5.229651,5.254651,5.279651,5.304651,5.329651,5.354651,5.379651,5.404651,5.429651,5.454651,5.479651,5.504651,5.529651,5.554651,5.579651,5.604651,5.629651,5.654651,5.679651,5.704651,5.729651,5.754651,5.779651,5.804651,5.829651,5.854651,5.879651,5.904651,5.929651,5.954651,5.979651,6.004651,6.029651,6.054651
eff_dl:1.4402345,0.       ,0.       ,0.       ,0.       ,0.       ,0.       ,0.       ,0.       ,0.       ,0.       ,0.       ,0.       ,0.       ,0.       ,0.       ,0.       ,0.       ,0.       ,0.       ,0.       ,0.       ,0.       ,0.       ,0.       ,0.       ,0.       ,0.       ,0.       ,0.       ,0.       ,0.       ,0.       ,0.       ,0.       ,0.       ,0.       ,0.       ,0.       ,5.760938 
eff_dl_bin_edges:0.        ,0.13886627,0.27773255,0.41659882,0.5554651 ,0.69433137,0.83319765,0.97206392,1.1109302 ,1.24979647,1.38866275,1.52752902,1.6663953 ,1.80526157,1.94412785,2.08299412,2.2218604 ,2.36072667,2.49959295,2.63845922,2.7773255 ,2.91619177,3.05505805,3.19392432,3.3327906 ,3.47165687,3.61052315,3.74938942,3.8882557 ,4.02712197,4.16598825,4.30485452,4.4437208 ,4.58258707,4.72145335,4.86031962,4.9991859 ,5.13805217,5.27691845,5.41578472,5.554651  
rul:3.62119288e-02,1.04597386e-07,2.09194772e-07,6.27584316e-07,3.09608263e-05,5.43278823e-04,1.80545548e-03,2.49318329e-03,1.71759368e-03,1.18404241e-03,7.69627566e-04,5.93485568e-04,6.43692314e-04,3.79793109e-04,1.06270944e-04,3.40987478e-05,3.16930080e-05,3.36803583e-05,2.99148524e-05,2.29068275e-05,3.57723060e-05,3.45171374e-06,2.30114249e-06,3.13792158e-06,1.46436340e-06,1.56896079e-06,1.77815556e-06,2.19654511e-06,8.36779088e-07,0.00000000e+00,1.04597386e-07,2.09194772e-07,0.00000000e+00,0.00000000e+00,0.00000000e+00,0.00000000e+00,0.00000000e+00,0.00000000e+00,0.00000000e+00,1.04597386e-07
rul_bin_edges:  0.        , 21.41993875, 42.8398775 , 64.25981625, 85.679755  ,107.09969375,128.5196325 ,149.93957125,171.35951   ,192.77944875,214.1993875 ,235.61932625,257.039265  ,278.45920375,299.8791425 ,321.29908125,342.71902   ,364.13895875,385.5588975 ,406.97883625,428.398775  ,449.81871375,471.2386525 ,492.65859125,514.07853   ,535.49846875,556.9184075 ,578.33834625,599.758285  ,621.17822375,642.5981625 ,664.01810125,685.43804   ,706.85797875,728.2779175 ,749.69785625,771.117795  ,792.53773375,813.9576725 ,835.37761125,856.79755   
rdl:1.16237669e-02,1.07011955e-04,1.14310223e-04,1.51856735e-04,1.87794110e-03,7.22387852e-03,8.45922031e-03,4.31230920e-03,1.56306041e-03,5.76387318e-04,7.55062989e-04,4.77992595e-04,2.71706607e-04,2.32137684e-04,2.28708377e-04,2.13935979e-04,1.64606721e-04,1.00417135e-04,7.33344047e-05,5.63637331e-05,5.20551170e-05,5.16154623e-05,5.10878767e-05,4.65154677e-05,3.99206472e-05,3.19189315e-05,2.33896303e-05,1.91689451e-05,1.71465335e-05,1.68827407e-05,1.84654976e-05,2.91227276e-04,1.23103317e-06,9.67240350e-07,1.75861882e-07,1.75861882e-07,1.75861882e-07,2.63792823e-07,8.79309409e-08,1.75861882e-07
rdl_bin_edges:   0.       ,  25.4798775,  50.959755 ,  76.4396325, 101.91951  , 127.3993875, 152.879265 , 178.3591425, 203.83902  , 229.3188975, 254.798775 , 280.2786525, 305.75853  , 331.2384075, 356.718285 , 382.1981625, 407.67804  , 433.1579175, 458.637795 , 484.1176725, 509.59755  , 535.0774275, 560.557305 , 586.0371825, 611.51706  , 636.9969375, 662.476815 , 687.9566925, 713.43657  , 738.9164475, 764.396325 , 789.8762025, 815.35608  , 840.8359575, 866.315835 , 891.7957125, 917.27559  , 942.7554675, 968.235345 , 993.7152225,1019.1951   
lul:5.04035053e+03,0.00000000e+00,0.00000000e+00,0.00000000e+00,0.00000000e+00,0.00000000e+00,0.00000000e+00,0.00000000e+00,0.00000000e+00,0.00000000e+00,0.00000000e+00,0.00000000e+00,0.00000000e+00,0.00000000e+00,0.00000000e+00,0.00000000e+00,0.00000000e+00,0.00000000e+00,0.00000000e+00,6.04343564e+01,1.60105184e+02,2.02602868e+02,2.56194500e+02,2.85021295e+02,2.42217872e+02,1.35718880e+02,6.92134258e+01,3.22044800e+01,1.09046815e+01,2.41679190e+00,4.65887595e-01,1.16471899e-01,1.31030886e-01,2.91179747e-02,0.00000000e+00,1.45589873e-02,0.00000000e+00,0.00000000e+00,1.45589873e-02,2.91179747e-02
lul_bin_edges:0.        ,0.00015389,0.00030778,0.00046167,0.00061556,0.00076945,0.00092333,0.00107722,0.00123111,0.001385  ,0.00153889,0.00169278,0.00184667,0.00200056,0.00215445,0.00230834,0.00246223,0.00261611,0.00277   ,0.00292389,0.00307778,0.00323167,0.00338556,0.00353945,0.00369334,0.00384723,0.00400112,0.00415501,0.0043089 ,0.00446278,0.00461667,0.00477056,0.00492445,0.00507834,0.00523223,0.00538612,0.00554001,0.0056939 ,0.00584779,0.00600168,0.00615556
ldl:1.59433825e+03,0.00000000e+00,0.00000000e+00,0.00000000e+00,0.00000000e+00,0.00000000e+00,0.00000000e+00,0.00000000e+00,0.00000000e+00,0.00000000e+00,0.00000000e+00,0.00000000e+00,0.00000000e+00,0.00000000e+00,0.00000000e+00,0.00000000e+00,2.96564483e+02,5.87617655e+02,7.86110006e+02,9.09548767e+02,7.38649469e+02,3.32953733e+02,1.27137301e+02,4.51246171e+01,9.61133662e+00,1.63027735e+00,4.13652462e-01,3.64987467e-01,6.08312444e-02,4.86649956e-02,0.00000000e+00,1.21662489e-02,2.43324978e-02,0.00000000e+00,0.00000000e+00,0.00000000e+00,0.00000000e+00,0.00000000e+00,0.00000000e+00,1.21662489e-02
ldl_bin_edges:0.        ,0.00018415,0.00036831,0.00055246,0.00073662,0.00092077,0.00110493,0.00128908,0.00147324,0.00165739,0.00184155,0.0020257 ,0.00220985,0.00239401,0.00257816,0.00276232,0.00294647,0.00313063,0.00331478,0.00349894,0.00368309,0.00386724,0.0040514 ,0.00423555,0.00441971,0.00460386,0.00478802,0.00497217,0.00515633,0.00534048,0.00552464,0.00570879,0.00589294,0.0060771 ,0.00626125,0.00644541,0.00662956,0.00681372,0.00699787,0.00718203,0.00736618
ilul:3.30869783e+01,5.83928076e-03,4.76362378e-03,2.68914246e-03,0.00000000e+00,0.00000000e+00,7.68326416e-05,7.68326416e-05,7.68326416e-05,5.37828491e-04,7.68326416e-04,6.14661133e-04,1.45982019e-03,9.98824341e-04,9.98824341e-04,8.45159058e-04,1.15248962e-03,8.45159058e-04,6.91493775e-04,9.98824341e-04,1.15248962e-03,9.98824341e-04,6.91493775e-04,9.21991699e-04,1.07565698e-03,1.30615491e-03,1.15248962e-03,5.37828491e-04,9.21991699e-04,1.07565698e-03,9.21991699e-04,9.21991699e-04,9.98824341e-04,1.15248962e-03,1.30615491e-03,2.68914246e-03,2.25887966e-02,1.06167344e+00,7.24531811e-02,8.14426001e-03
ilul_bin_edges:0.        ,0.02916039,0.05832078,0.08748116,0.11664155,0.14580194,0.17496233,0.20412271,0.2332831 ,0.26244349,0.29160388,0.32076426,0.34992465,0.37908504,0.40824543,0.43740581,0.4665662 ,0.49572659,0.52488698,0.55404736,0.58320775,0.61236814,0.64152853,0.67068891,0.6998493 ,0.72900969,0.75817008,0.78733046,0.81649085,0.84565124,0.87481163,0.90397201,0.9331324 ,0.96229279,0.99145318,1.02061356,1.04977395,1.07893434,1.10809473,1.13725511,1.1664155 
ildl:5.62264249e+02,0.00000000e+00,0.00000000e+00,0.00000000e+00,0.00000000e+00,9.82372774e+01,7.15601244e+02,4.22468347e+02,5.85364769e+01,2.40787736e+01,1.20136433e+01,6.50452972e+00,4.49653506e+00,2.62583918e+00,1.49312424e+00,1.07693731e+00,6.99365663e-01,6.95075076e-01,5.36323361e-01,4.16186928e-01,2.53144626e-01,2.53144626e-01,2.87469322e-01,2.40272866e-01,1.97366997e-01,3.34665777e-01,2.10238758e-01,2.23110518e-01,1.80204649e-01,1.63042302e-01,1.45879954e-01,9.43929115e-02,8.15211509e-02,7.29399771e-02,9.43929115e-02,1.20136433e-01,1.41589367e-01,1.11555259e-01,5.57776296e-02,3.43246951e-02
ildl_bin_edges:0.        ,0.00052218,0.00104437,0.00156655,0.00208873,0.00261091,0.0031331 ,0.00365528,0.00417746,0.00469964,0.00522183,0.00574401,0.00626619,0.00678837,0.00731056,0.00783274,0.00835492,0.0088771 ,0.00939929,0.00992147,0.01044365,0.01096583,0.01148802,0.0120102 ,0.01253238,0.01305456,0.01357675,0.01409893,0.01462111,0.01514329,0.01566548,0.01618766,0.01670984,0.01723202,0.01775421,0.01827639,0.01879857,0.01932075,0.01984294,0.02036512,0.0208873 
eul:1.39716525e-02,0.00000000e+00,0.00000000e+00,0.00000000e+00,5.81137259e-06,2.52114653e-04,2.67941370e-03,7.58099737e-03,9.89788034e-03,8.56262475e-03,5.40853319e-03,3.71161239e-03,1.86149392e-03,7.77240172e-04,2.68312309e-04,9.92879189e-05,5.02003675e-05,3.25189573e-05,1.11281603e-05,4.69855656e-06,3.21480186e-06,1.48375470e-06,1.97833960e-06,9.89169802e-07,7.41877352e-07,3.70938676e-07,0.00000000e+00,4.94584901e-07,4.94584901e-07,0.00000000e+00,9.89169802e-07,9.89169802e-07,0.00000000e+00,0.00000000e+00,0.00000000e+00,0.00000000e+00,0.00000000e+00,0.00000000e+00,0.00000000e+00,3.70938676e-07
eul_bin_edges:  0.  , 18.12, 36.24, 54.36, 72.48, 90.6 ,108.72,126.84,144.96,163.08,181.2 ,199.32,217.44,235.56,253.68,271.8 ,289.92,308.04,326.16,344.28,362.4 ,380.52,398.64,416.76,434.88,453.  ,471.12,489.24,507.36,525.48,543.6 ,561.72,579.84,597.96,616.08,634.2 ,652.32,670.44,688.56,706.68,724.8 
edl:4.41577764e-02,0.00000000e+00,0.00000000e+00,0.00000000e+00,1.48375470e-06,6.59034381e-05,7.06638178e-04,2.01122950e-03,2.65233518e-03,2.29450300e-03,1.45309044e-03,1.00314183e-03,5.04105661e-04,2.07602012e-04,7.30749192e-05,2.68312309e-05,1.36010848e-05,8.90252822e-06,2.96750941e-06,1.23646225e-06,8.65523577e-07,3.70938676e-07,4.94584901e-07,2.47292451e-07,2.47292451e-07,1.23646225e-07,0.00000000e+00,1.23646225e-07,1.23646225e-07,0.00000000e+00,2.47292451e-07,2.47292451e-07,0.00000000e+00,0.00000000e+00,0.00000000e+00,0.00000000e+00,0.00000000e+00,0.00000000e+00,0.00000000e+00,1.23646225e-07
edl_bin_edges:  0.  , 18.12, 36.24, 54.36, 72.48, 90.6 ,108.72,126.84,144.96,163.08,181.2 ,199.32,217.44,235.56,253.68,271.8 ,289.92,308.04,326.16,344.28,362.4 ,380.52,398.64,416.76,434.88,453.  ,471.12,489.24,507.36,525.48,543.6 ,561.72,579.84,597.96,616.08,634.2 ,652.32,670.44,688.56,706.68,724.8 
gul:4.12170983e-02,0.00000000e+00,0.00000000e+00,0.00000000e+00,1.60740093e-06,7.74025370e-05,8.56250110e-04,2.48195068e-03,3.37245080e-03,2.91372330e-03,1.86186486e-03,1.30904259e-03,6.62125536e-04,2.60769889e-04,9.82987491e-05,3.61046978e-05,1.78050564e-05,1.19936839e-05,3.70938676e-06,1.48375470e-06,1.11281603e-06,3.70938676e-07,4.94584901e-07,2.47292451e-07,4.94584901e-07,2.47292451e-07,0.00000000e+00,1.23646225e-07,1.23646225e-07,0.00000000e+00,2.47292451e-07,2.47292451e-07,0.00000000e+00,0.00000000e+00,0.00000000e+00,0.00000000e+00,0.00000000e+00,0.00000000e+00,0.00000000e+00,2.47292451e-07
gul_bin_edges:  0.  , 18.12, 36.24, 54.36, 72.48, 90.6 ,108.72,126.84,144.96,163.08,181.2 ,199.32,217.44,235.56,253.68,271.8 ,289.92,308.04,326.16,344.28,362.4 ,380.52,398.64,416.76,434.88,453.  ,471.12,489.24,507.36,525.48,543.6 ,561.72,579.84,597.96,616.08,634.2 ,652.32,670.44,688.56,706.68,724.8 
gdl:1.10306034e-02,0.00000000e+00,0.00000000e+00,0.00000000e+00,5.93501881e-06,2.63613752e-04,2.82902563e-03,8.05171855e-03,1.06179960e-02,9.18221598e-03,5.81730761e-03,4.01751315e-03,2.01951380e-03,8.30408049e-04,2.93536139e-04,1.08561386e-04,5.44043391e-05,3.56101129e-05,1.18700376e-05,4.94584901e-06,3.46209431e-06,1.48375470e-06,1.97833960e-06,9.89169802e-07,9.89169802e-07,4.94584901e-07,0.00000000e+00,4.94584901e-07,4.94584901e-07,0.00000000e+00,9.89169802e-07,9.89169802e-07,0.00000000e+00,0.00000000e+00,0.00000000e+00,0.00000000e+00,0.00000000e+00,0.00000000e+00,0.00000000e+00,4.94584901e-07
gdl_bin_edges:  0.  , 18.12, 36.24, 54.36, 72.48, 90.6 ,108.72,126.84,144.96,163.08,181.2 ,199.32,217.44,235.56,253.68,271.8 ,289.92,308.04,326.16,344.28,362.4 ,380.52,398.64,416.76,434.88,453.  ,471.12,489.24,507.36,525.48,543.6 ,561.72,579.84,597.96,616.08,634.2 ,652.32,670.44,688.56,706.68,724.8 
ri: 0., 0., 0., 0., 0., 0., 0., 0., 0., 0., 0., 0., 0., 0., 0., 0., 0., 0., 0., 0.,40., 0., 0., 0., 0., 0., 0., 0., 0., 0., 0., 0., 0., 0., 0., 0., 0., 0., 0., 0.
ri_bin_edges:0.5  ,0.525,0.55 ,0.575,0.6  ,0.625,0.65 ,0.675,0.7  ,0.725,0.75 ,0.775,0.8  ,0.825,0.85 ,0.875,0.9  ,0.925,0.95 ,0.975,1.   ,1.025,1.05 ,1.075,1.1  ,1.125,1.15 ,1.175,1.2  ,1.225,1.25 ,1.275,1.3  ,1.325,1.35 ,1.375,1.4  ,1.425,1.45 ,1.475,1.5  
