period:1
ue_log_freq:1000
mac_log_freq:1000
mimo_layers:2
frequency:2412000000.0
bandwidth:50000000
ue_speed:5.555555555555555
max_distance:1000
shannon_cfg_bandwidth_mhz:50.0
shannon_cfg_mimo_layers:2
shannon_cfg_bw_efficiency:0.67
shannon_cfg_sinr_offset_db:0
shannon_cfg_ul_divisor:2
shannon_cfg_sinr_sample_rate:1000
n_ue:3
sinr_period:9.463597741343282
sinr_rate:105.66805852612856
ul_fairness:0.9999999732243877
dl_fairness:0.9999997141949487
ul_agg_throughput:0.7726784569186735
dl_agg_throughput:21.425688623446568
ul_ave_throughput:0.25755948563955783
dl_ave_throughput:7.141896207815523
ul_se:0.015453569138373471
dl_se:0.42851377246893135
ul_ase:4.919023833569e-09
dl_ase:1.364001701427723e-07
ul_gr:0.12153342466575334, 0.12153342466575334, 0.12153342466575334
dl_gr:5.494956410435896, 5.501982420175799, 5.497128468715314
ul_tr:0.12153342652233479, 0.1215334270797292, 0.1215334275507245
dl_tr:5.494956740254699, 5.501982751585484, 5.497128791694083
ul_er:0.0, 0.0, 0.0
dl_er:26.333503064969353, 26.32647705522945, 26.331331006689933
ul_er_ratio:0.0, 0.0, 0.0
dl_er_ratio:0.8273571271157518, 0.8271363809314006, 0.8272888846486633
ul_er_perc:0.0, 0.0, 0.0
dl_er_perc:82.73571271157519, 82.71363809314006, 82.72888846486633
ul_l:0.0005280665464805352, 0.0005283426468835311, 0.0005277423484865152
dl_l:0.00040421144403055974, 0.00040426289387206134, 0.00040457377571424287
ul_il:0.0005310894528434716, 0.0005305574199908, 0.0005291410086159138
dl_il:0.09654635239378906, 0.09670745517879621, 0.0969179552194308
sinr_ul:0.01423604,0.0210919 ,0.02306802,0.04717368,0.0763992 ,0.10745765,0.04304298,0.06189879,0.05464198,0.05480941,0.02726261,0.02690792,0.03116419,0.02204802,0.01230397,0.00635577,0.00785824,0.00707176,0.00444353,0.00222287,0.00074022,0.00045383,0.00041637,0.00039434,0.00037452,0.0003613 ,0.00035028,0.00034147,0.00033486,0.00033046,0.00032385,0.00031944,0.00031724,0.00031503,0.00031283,0.00031283,0.00031063,0.00039875,0.00060363,0.00214796
sinr_ul_bin_edges:19.911255  ,21.42430112,22.93734725,24.45039338,25.9634395 ,27.47648563,28.98953175,30.50257788,32.015624  ,33.52867013,35.04171625,36.55476237,38.0678085 ,39.58085463,41.09390075,42.60694688,44.119993  ,45.63303912,47.14608525,48.65913138,50.1721775 ,51.68522363,53.19826975,54.71131587,56.224362  ,57.73740813,59.25045425,60.76350038,62.2765465 ,63.78959262,65.30263875,66.81568488,68.328731  ,69.84177713,71.35482325,72.86786937,74.3809155 ,75.89396163,77.40700775,78.92005388,80.4331    
sinr_dl:0.0142363 ,0.02109229,0.02306625,0.04717015,0.07642705,0.10746625,0.04307683,0.06187791,0.05468045,0.05477959,0.02723668,0.02691062,0.03115816,0.02204402,0.0122998 ,0.00635589,0.00786059,0.00706968,0.00444141,0.0022207 ,0.00074023,0.00045383,0.00041638,0.00039435,0.00037673,0.0003591 ,0.00035029,0.00034148,0.00033487,0.00033046,0.00032385,0.00031945,0.00031724,0.00031504,0.00031284,0.00031284,0.00031063,0.00039876,0.00060364,0.002148  
sinr_dl_bin_edges:29.654787  ,31.16780508,32.68082315,34.19384122,35.7068593 ,37.21987737,38.73289545,40.24591352,41.7589316 ,43.27194968,44.78496775,46.29798582,47.8110039 ,49.32402198,50.83704005,52.35005813,53.8630762 ,55.37609427,56.88911235,58.40213043,59.9151485 ,61.42816658,62.94118465,64.45420273,65.9672208 ,67.48023887,68.99325695,70.50627503,72.0192931 ,73.53231118,75.04532925,76.55834732,78.0713654 ,79.58438348,81.09740155,82.61041963,84.1234377 ,85.63645578,87.14947385,88.66249193,90.17551   
rsrp_ul:0.01420312,0.02113686,0.02302929,0.04674753,0.07953484,0.10896348,0.04755131,0.05910239,0.05579672,0.05283553,0.02579174,0.02726019,0.02998069,0.02191856,0.01165928,0.00661576,0.00774856,0.00715897,0.00384668,0.0021817 ,0.00068454,0.00045047,0.00041735,0.00039306,0.00037319,0.00036214,0.0003489 ,0.00034227,0.00033344,0.00032681,0.0003246 ,0.0003224 ,0.00031577,0.00031577,0.00031356,0.00030915,0.00031356,0.00039968,0.00060505,0.00215078
rsrp_ul_bin_edges:-90.65102   ,-89.14150788,-87.63199575,-86.12248363,-84.6129715 ,-83.10345937,-81.59394725,-80.08443512,-78.574923  ,-77.06541087,-75.55589875,-74.04638662,-72.5368745 ,-71.02736237,-69.51785025,-68.00833812,-66.498826  ,-64.98931387,-63.47980175,-61.97028962,-60.4607775 ,-58.95126538,-57.44175325,-55.93224112,-54.422729  ,-52.91321688,-51.40370475,-49.89419263,-48.3846805 ,-46.87516838,-45.36565625,-43.85614413,-42.346632  ,-40.83711987,-39.32760775,-37.81809562,-36.3085835 ,-34.79907137,-33.28955925,-31.78004712,-30.270535  
rsrp_dl:0.01420312,0.02113686,0.02302928,0.04674753,0.07953483,0.10896347,0.04755131,0.05910239,0.05579672,0.05283332,0.02579395,0.02726019,0.02998069,0.02191856,0.01165928,0.00661576,0.00774856,0.00715897,0.00384668,0.0021817 ,0.00068454,0.00045047,0.00041735,0.00039306,0.00037319,0.00036214,0.0003489 ,0.00034227,0.00033344,0.00032681,0.0003246 ,0.0003224 ,0.00031577,0.00031577,0.00031356,0.00030915,0.00031356,0.00039968,0.00060505,0.00215078
rsrp_dl_bin_edges:-87.640724  ,-86.13121178,-84.62169955,-83.11218733,-81.6026751 ,-80.09316288,-78.58365065,-77.07413843,-75.5646262 ,-74.05511398,-72.54560175,-71.03608953,-69.5265773 ,-68.01706508,-66.50755285,-64.99804063,-63.4885284 ,-61.97901617,-60.46950395,-58.95999173,-57.4504795 ,-55.94096728,-54.43145505,-52.92194283,-51.4124306 ,-49.90291837,-48.39340615,-46.88389393,-45.3743817 ,-43.86486947,-42.35535725,-40.84584503,-39.3363328 ,-37.82682057,-36.31730835,-34.80779613,-33.2982839 ,-31.78877167,-30.27925945,-28.76974723,-27.260235  
cqi_ul: 0., 0., 0., 0., 0., 0., 0., 0., 0., 0., 0., 0., 0., 0., 0., 0., 0., 0., 0., 0.,40., 0., 0., 0., 0., 0., 0., 0., 0., 0., 0., 0., 0., 0., 0., 0., 0., 0., 0., 0.
cqi_ul_bin_edges:14.5  ,14.525,14.55 ,14.575,14.6  ,14.625,14.65 ,14.675,14.7  ,14.725,14.75 ,14.775,14.8  ,14.825,14.85 ,14.875,14.9  ,14.925,14.95 ,14.975,15.   ,15.025,15.05 ,15.075,15.1  ,15.125,15.15 ,15.175,15.2  ,15.225,15.25 ,15.275,15.3  ,15.325,15.35 ,15.375,15.4  ,15.425,15.45 ,15.475,15.5  
cqi_dl: 0., 0., 0., 0., 0., 0., 0., 0., 0., 0., 0., 0., 0., 0., 0., 0., 0., 0., 0., 0.,40., 0., 0., 0., 0., 0., 0., 0., 0., 0., 0., 0., 0., 0., 0., 0., 0., 0., 0., 0.
cqi_dl_bin_edges:14.5  ,14.525,14.55 ,14.575,14.6  ,14.625,14.65 ,14.675,14.7  ,14.725,14.75 ,14.775,14.8  ,14.825,14.85 ,14.875,14.9  ,14.925,14.95 ,14.975,15.   ,15.025,15.05 ,15.075,15.1  ,15.125,15.15 ,15.175,15.2  ,15.225,15.25 ,15.275,15.3  ,15.325,15.35 ,15.375,15.4  ,15.425,15.45 ,15.475,15.5  
mcs_ul: 0., 0., 0., 0., 0., 0., 0., 0., 0., 0., 0., 0., 0., 0., 0., 0., 0., 0., 0., 0.,40., 0., 0., 0., 0., 0., 0., 0., 0., 0., 0., 0., 0., 0., 0., 0., 0., 0., 0., 0.
mcs_ul_bin_edges:27.5  ,27.525,27.55 ,27.575,27.6  ,27.625,27.65 ,27.675,27.7  ,27.725,27.75 ,27.775,27.8  ,27.825,27.85 ,27.875,27.9  ,27.925,27.95 ,27.975,28.   ,28.025,28.05 ,28.075,28.1  ,28.125,28.15 ,28.175,28.2  ,28.225,28.25 ,28.275,28.3  ,28.325,28.35 ,28.375,28.4  ,28.425,28.45 ,28.475,28.5  
mcs_dl: 0., 0., 0., 0., 0., 0., 0., 0., 0., 0., 0., 0., 0., 0., 0., 0., 0., 0., 0., 0.,40., 0., 0., 0., 0., 0., 0., 0., 0., 0., 0., 0., 0., 0., 0., 0., 0., 0., 0., 0.
mcs_dl_bin_edges:27.5  ,27.525,27.55 ,27.575,27.6  ,27.625,27.65 ,27.675,27.7  ,27.725,27.75 ,27.775,27.8  ,27.825,27.85 ,27.875,27.9  ,27.925,27.95 ,27.975,28.   ,28.025,28.05 ,28.075,28.1  ,28.125,28.15 ,28.175,28.2  ,28.225,28.25 ,28.275,28.3  ,28.325,28.35 ,28.375,28.4  ,28.425,28.45 ,28.475,28.5  
eff_ul: 0., 0., 0., 0., 0., 0., 0., 0., 0., 0., 0., 0., 0., 0., 0., 0., 0., 0., 0., 0.,40., 0., 0., 0., 0., 0., 0., 0., 0., 0., 0., 0., 0., 0., 0., 0., 0., 0., 0., 0.
eff_ul_bin_edges:5.0545974,5.0795974,5.1045974,5.1295974,5.1545974,5.1795974,5.2045974,5.2295974,5.2545974,5.2795974,5.3045974,5.3295974,5.3545974,5.3795974,5.4045974,5.4295974,5.4545974,5.4795974,5.5045974,5.5295974,5.5545974,5.5795974,5.6045974,5.6295974,5.6545974,5.6795974,5.7045974,5.7295974,5.7545974,5.7795974,5.8045974,5.8295974,5.8545974,5.8795974,5.9045974,5.9295974,5.9545974,5.9795974,6.0045974,6.0295974,6.0545974
eff_dl: 0., 0., 0., 0., 0., 0., 0., 0., 0., 0., 0., 0., 0., 0., 0., 0., 0., 0., 0., 0.,40., 0., 0., 0., 0., 0., 0., 0., 0., 0., 0., 0., 0., 0., 0., 0., 0., 0., 0., 0.
eff_dl_bin_edges:5.0545974,5.0795974,5.1045974,5.1295974,5.1545974,5.1795974,5.2045974,5.2295974,5.2545974,5.2795974,5.3045974,5.3295974,5.3545974,5.3795974,5.4045974,5.4295974,5.4545974,5.4795974,5.5045974,5.5295974,5.5545974,5.5795974,5.6045974,5.6295974,5.6545974,5.6795974,5.7045974,5.7295974,5.7545974,5.7795974,5.8045974,5.8295974,5.8545974,5.8795974,5.9045974,5.9295974,5.9545974,5.9795974,6.0045974,6.0295974,6.0545974
rul:4.65243357e-01,6.83340935e-05,1.08713331e-05,7.29932362e-05,1.14925521e-04,1.55304758e-05,2.17426661e-05,2.95079040e-05,4.19322846e-05,7.29932362e-05,1.39774282e-05,1.70835234e-05,5.43566653e-05,7.76523789e-06,4.65914274e-06,9.31828547e-06,3.10609516e-06,0.00000000e+00,4.65914274e-06,1.55304758e-06,9.62889499e-05,3.10609516e-06,0.00000000e+00,0.00000000e+00,1.55304758e-06,0.00000000e+00,0.00000000e+00,0.00000000e+00,0.00000000e+00,0.00000000e+00,0.00000000e+00,0.00000000e+00,0.00000000e+00,0.00000000e+00,0.00000000e+00,0.00000000e+00,0.00000000e+00,0.00000000e+00,0.00000000e+00,9.31828547e-06
rul_bin_edges: 0.        , 2.14629613, 4.29259225, 6.43888838, 8.5851845 ,10.73148062,12.87777675,15.02407288,17.170369  ,19.31666513,21.46296125,23.60925738,25.7555535 ,27.90184963,30.04814575,32.19444188,34.340738  ,36.48703413,38.63333025,40.77962637,42.9259225 ,45.07221863,47.21851475,49.36481088,51.511107  ,53.65740313,55.80369925,57.94999538,60.0962915 ,62.24258763,64.38888375,66.53517987,68.681476  ,70.82777213,72.97406825,75.12036438,77.2666605 ,79.41295663,81.55925275,83.70554888,85.851845  
rdl:2.17003244e-01,8.55618962e-05,7.39321239e-05,1.82753565e-05,1.32911683e-05,8.30698021e-06,3.32279209e-06,4.98418813e-06,4.15349011e-06,2.99101130e-02,0.00000000e+00,0.00000000e+00,0.00000000e+00,0.00000000e+00,8.30698021e-07,0.00000000e+00,0.00000000e+00,0.00000000e+00,0.00000000e+00,2.08422134e-03,0.00000000e+00,0.00000000e+00,0.00000000e+00,0.00000000e+00,0.00000000e+00,0.00000000e+00,0.00000000e+00,0.00000000e+00,0.00000000e+00,8.30698021e-07,0.00000000e+00,0.00000000e+00,0.00000000e+00,0.00000000e+00,0.00000000e+00,0.00000000e+00,0.00000000e+00,0.00000000e+00,0.00000000e+00,8.30698021e-07
rdl_bin_edges:  0.       ,  4.0126495,  8.025299 , 12.0379485, 16.050598 , 20.0632475, 24.075897 , 28.0885465, 32.101196 , 36.1138455, 40.126495 , 44.1391445, 48.151794 , 52.1644435, 56.177093 , 60.1897425, 64.202392 , 68.2150415, 72.227691 , 76.2403405, 80.25299  , 84.2656395, 88.278289 , 92.2909385, 96.303588 ,100.3162375,104.328887 ,108.3415365,112.354186 ,116.3668355,120.379485 ,124.3921345,128.404784 ,132.4174335,136.430083 ,140.4427325,144.455382 ,148.4680315,152.480681 ,156.4933305,160.50598  
lul:7.81114607e+03,0.00000000e+00,0.00000000e+00,0.00000000e+00,0.00000000e+00,0.00000000e+00,0.00000000e+00,0.00000000e+00,0.00000000e+00,0.00000000e+00,0.00000000e+00,0.00000000e+00,0.00000000e+00,0.00000000e+00,0.00000000e+00,0.00000000e+00,0.00000000e+00,0.00000000e+00,0.00000000e+00,0.00000000e+00,0.00000000e+00,0.00000000e+00,0.00000000e+00,0.00000000e+00,0.00000000e+00,0.00000000e+00,0.00000000e+00,0.00000000e+00,1.41754883e+03,1.44077704e+01,3.13894781e-02,6.59179040e-01,3.22997730e+01,1.38113704e+00,6.21511666e+00,6.59179040e-01,1.33719177e+01,1.17679153e+02,1.22418965e+00,3.13894781e-01
lul_bin_edges:0.        ,0.00010619,0.00021238,0.00031857,0.00042477,0.00053096,0.00063715,0.00074334,0.00084953,0.00095572,0.00106192,0.00116811,0.0012743 ,0.00138049,0.00148668,0.00159287,0.00169907,0.00180526,0.00191145,0.00201764,0.00212383,0.00223002,0.00233622,0.00244241,0.0025486 ,0.00265479,0.00276098,0.00286717,0.00297337,0.00307956,0.00318575,0.00329194,0.00339813,0.00350432,0.00361052,0.00371671,0.0038229 ,0.00392909,0.00403528,0.00414147,0.00424767
ldl:8.18421001e+03,0.00000000e+00,0.00000000e+00,0.00000000e+00,0.00000000e+00,0.00000000e+00,0.00000000e+00,0.00000000e+00,0.00000000e+00,0.00000000e+00,0.00000000e+00,0.00000000e+00,0.00000000e+00,0.00000000e+00,0.00000000e+00,0.00000000e+00,0.00000000e+00,0.00000000e+00,0.00000000e+00,0.00000000e+00,0.00000000e+00,0.00000000e+00,0.00000000e+00,0.00000000e+00,0.00000000e+00,0.00000000e+00,0.00000000e+00,0.00000000e+00,1.07308070e+03,1.14257700e+01,6.27789562e-02,6.27789562e-02,7.19760733e+01,6.15233771e+00,8.16126430e-01,3.45284259e-01,8.25543274e+00,6.02677979e+01,1.88336869e-01,9.41684343e-02
ldl_bin_edges:0.        ,0.00010619,0.00021238,0.00031857,0.00042477,0.00053096,0.00063715,0.00074334,0.00084953,0.00095572,0.00106192,0.00116811,0.0012743 ,0.00138049,0.00148668,0.00159287,0.00169907,0.00180526,0.00191145,0.00201764,0.00212383,0.00223002,0.00233622,0.00244241,0.0025486 ,0.00265479,0.00276098,0.00286717,0.00297337,0.00307956,0.00318575,0.00329194,0.00339813,0.00350432,0.00361052,0.00371671,0.0038229 ,0.00392909,0.00403528,0.00414147,0.00424767
ilul:1.88166027e+03,0.00000000e+00,0.00000000e+00,0.00000000e+00,0.00000000e+00,0.00000000e+00,3.40745910e+02,1.15237948e+01,5.24771235e+00,2.84314098e+01,6.80539065e-02,2.26846355e-01,1.51230903e-02,7.56154517e-02,0.00000000e+00,3.78077258e-02,7.56154517e-03,1.51230903e-02,2.26846355e-02,1.51230903e-02,5.29308162e-02,7.56154517e-03,3.78077258e-02,7.56154517e-03,1.51230903e-02,1.51230903e-02,1.51230903e-02,4.53692710e-02,7.56154517e-03,6.04923613e-02,3.02461807e-02,1.51230903e-02,0.00000000e+00,7.56154517e-03,0.00000000e+00,2.26846355e-02,3.02461807e-02,0.00000000e+00,0.00000000e+00,2.26846355e-02
ilul_bin_edges:0.        ,0.00044082,0.00088165,0.00132247,0.00176329,0.00220411,0.00264494,0.00308576,0.00352658,0.0039674 ,0.00440823,0.00484905,0.00528987,0.00573069,0.00617152,0.00661234,0.00705316,0.00749398,0.00793481,0.00837563,0.00881645,0.00925727,0.0096981 ,0.01013892,0.01057974,0.01102057,0.01146139,0.01190221,0.01234303,0.01278386,0.01322468,0.0136655 ,0.01410632,0.01454715,0.01498797,0.01542879,0.01586961,0.01631044,0.01675126,0.01719208,0.0176329 
ildl:4.20591680e+01,3.77696597e-02,3.60017182e-02,3.03764497e-02,2.45904593e-02,2.31439617e-02,2.33046836e-02,2.45904593e-02,2.25010739e-02,2.20189080e-02,2.49119032e-02,2.15367421e-02,2.10545763e-02,2.26617958e-02,1.91259128e-02,1.68758054e-02,1.30184784e-02,1.28577565e-02,1.15719808e-02,8.51826367e-03,9.16115150e-03,7.55393194e-03,8.03609781e-03,8.03609781e-03,8.83970759e-03,8.35754172e-03,7.71465389e-03,8.83970759e-03,9.00042954e-03,1.49471419e-02,1.63936395e-02,1.70365273e-02,1.76794152e-02,1.88044689e-02,1.84830250e-02,1.97688006e-02,3.39123327e-02,1.25363126e-01,3.21765356e+00,2.16588908e+00
ildl_bin_edges:0.        ,0.02073954,0.04147909,0.06221863,0.08295817,0.10369772,0.12443726,0.1451768 ,0.16591635,0.18665589,0.20739543,0.22813498,0.24887452,0.26961407,0.29035361,0.31109315,0.3318327 ,0.35257224,0.37331178,0.39405133,0.41479087,0.43553041,0.45626996,0.4770095 ,0.49774904,0.51848859,0.53922813,0.55996767,0.58070722,0.60144676,0.6221863 ,0.64292585,0.66366539,0.68440494,0.70514448,0.72588402,0.74662357,0.76736311,0.78810265,0.8088422 ,0.82958174
eul: 0., 0., 0., 0., 0., 0., 0., 0., 0., 0., 0., 0., 0., 0., 0., 0., 0., 0., 0., 0.,40., 0., 0., 0., 0., 0., 0., 0., 0., 0., 0., 0., 0., 0., 0., 0., 0., 0., 0., 0.
eul_bin_edges:-0.5  ,-0.475,-0.45 ,-0.425,-0.4  ,-0.375,-0.35 ,-0.325,-0.3  ,-0.275,-0.25 ,-0.225,-0.2  ,-0.175,-0.15 ,-0.125,-0.1  ,-0.075,-0.05 ,-0.025, 0.   , 0.025, 0.05 , 0.075, 0.1  , 0.125, 0.15 , 0.175, 0.2  , 0.225, 0.25 , 0.275, 0.3  , 0.325, 0.35 , 0.375, 0.4  , 0.425, 0.45 , 0.475, 0.5  
edl:6.25248325e-02,2.90599818e-05,9.15029180e-05,8.40577987e-05,8.45381290e-05,4.32057085e-04,4.37100553e-05,3.80421581e-04,1.43234489e-03,1.69772737e-03,5.55021637e-04,2.42086460e-04,9.60660557e-05,4.89936884e-05,9.43848997e-05,1.37614625e-04,1.34732643e-04,1.87088643e-04,9.19832483e-05,1.24885872e-04,6.25149857e-04,1.05480529e-03,1.43258506e-03,2.65382479e-04,2.13746974e-05,2.47370093e-05,1.48902386e-05,1.89730460e-05,2.04140368e-05,1.63312295e-05,2.49771745e-05,1.72918900e-05,0.00000000e+00,0.00000000e+00,0.00000000e+00,0.00000000e+00,0.00000000e+00,0.00000000e+00,0.00000000e+00,2.40165139e-07
edl_bin_edges:  0.    , 13.8792, 27.7584, 41.6376, 55.5168, 69.396 , 83.2752, 97.1544,111.0336,124.9128,138.792 ,152.6712,166.5504,180.4296,194.3088,208.188 ,222.0672,235.9464,249.8256,263.7048,277.584 ,291.4632,305.3424,319.2216,333.1008,346.98  ,360.8592,374.7384,388.6176,402.4968,416.376 ,430.2552,444.1344,458.0136,471.8928,485.772 ,499.6512,513.5304,527.4096,541.2888,555.168 
gul:2.85471335e-01,3.14408335e-05,8.86059853e-05,1.71495455e-05,5.71651518e-06,6.85981821e-05,1.42912879e-05,4.57321214e-05,2.00078031e-05,1.42912879e-05,2.85825759e-06,2.28660607e-05,0.00000000e+00,2.85825759e-06,0.00000000e+00,0.00000000e+00,2.85825759e-06,5.71651518e-06,0.00000000e+00,0.00000000e+00,2.85825759e-06,0.00000000e+00,2.85825759e-06,0.00000000e+00,0.00000000e+00,0.00000000e+00,0.00000000e+00,0.00000000e+00,2.85825759e-06,0.00000000e+00,0.00000000e+00,0.00000000e+00,0.00000000e+00,0.00000000e+00,2.85825759e-06,0.00000000e+00,0.00000000e+00,0.00000000e+00,0.00000000e+00,2.85825759e-06
gul_bin_edges:  0.    ,  3.4986,  6.9972, 10.4958, 13.9944, 17.493 , 20.9916, 24.4902, 27.9888, 31.4874, 34.986 , 38.4846, 41.9832, 45.4818, 48.9804, 52.479 , 55.9776, 59.4762, 62.9748, 66.4734, 69.972 , 73.4706, 76.9692, 80.4678, 83.9664, 87.465 , 90.9636, 94.4622, 97.9608,101.4594,104.958 ,108.4566,111.9552,115.4538,118.9524,122.451 ,125.9496,129.4482,132.9468,136.4454,139.944 
gdl:7.01349453e-02,1.48902386e-05,5.76396334e-05,2.40165139e-05,1.84927157e-05,2.61059506e-04,9.60660557e-06,4.25092296e-05,1.68595928e-04,1.58989322e-04,6.53249179e-05,4.89936884e-05,2.64181653e-05,9.36644043e-06,2.88198167e-05,2.80993213e-05,2.44968442e-05,4.05879085e-05,2.68984956e-05,2.42566791e-05,1.41457267e-04,2.41365965e-04,3.26144259e-04,6.74864041e-05,8.16561473e-06,7.68528446e-06,3.84264223e-06,7.68528446e-06,7.68528446e-06,5.28363306e-06,1.03271010e-05,8.64594501e-06,0.00000000e+00,0.00000000e+00,0.00000000e+00,0.00000000e+00,0.00000000e+00,0.00000000e+00,0.00000000e+00,4.80330278e-07
gdl_bin_edges:  0.    , 13.8792, 27.7584, 41.6376, 55.5168, 69.396 , 83.2752, 97.1544,111.0336,124.9128,138.792 ,152.6712,166.5504,180.4296,194.3088,208.188 ,222.0672,235.9464,249.8256,263.7048,277.584 ,291.4632,305.3424,319.2216,333.1008,346.98  ,360.8592,374.7384,388.6176,402.4968,416.376 ,430.2552,444.1344,458.0136,471.8928,485.772 ,499.6512,513.5304,527.4096,541.2888,555.168 
ri: 0., 0., 0., 0., 0., 0., 0., 0., 0., 0., 0., 0., 0., 0., 0., 0., 0., 0., 0., 0.,40., 0., 0., 0., 0., 0., 0., 0., 0., 0., 0., 0., 0., 0., 0., 0., 0., 0., 0., 0.
ri_bin_edges:0.5  ,0.525,0.55 ,0.575,0.6  ,0.625,0.65 ,0.675,0.7  ,0.725,0.75 ,0.775,0.8  ,0.825,0.85 ,0.875,0.9  ,0.925,0.95 ,0.975,1.   ,1.025,1.05 ,1.075,1.1  ,1.125,1.15 ,1.175,1.2  ,1.225,1.25 ,1.275,1.3  ,1.325,1.35 ,1.375,1.4  ,1.425,1.45 ,1.475,1.5  
