period:1
ue_log_freq:1000
mac_log_freq:1000
mimo_layers:2
frequency:2412000000.0
bandwidth:50000000
ue_speed:5.555555555555555
max_distance:1000
shannon_cfg_bandwidth_mhz:50.0
shannon_cfg_mimo_layers:2
shannon_cfg_bw_efficiency:0.67
shannon_cfg_sinr_offset_db:0
shannon_cfg_ul_divisor:2
shannon_cfg_sinr_sample_rate:1000
n_ue:90
sinr_period:9.463597741343282
sinr_rate:105.66805852612856
ul_fairness:0.7334962189029126
dl_fairness:0.691481113572147
ul_agg_throughput:25.247074840701536
dl_agg_throughput:59.44189777551471
ul_ave_throughput:0.28052305378557263
dl_ave_throughput:0.6604655308390524
ul_se:0.5049414968140307
dl_se:1.1888379555102944
ul_ase:1.6072787038034703e-07
dl_ase:3.7841887430945217e-07
ul_gr:0.23999767928792262, 0.20901633530828911, 0.1482974369706919, 0.1247920327462271, 0.13010758444746293, 0.1745048507079941, 0.23999767928792262, 0.1549435456092866, 0.1289761398935009, 0.1087830780626828, 0.09750056403046642, 0.23999767928792262, 0.10379480961008658, 0.09556721812843226, 0.23999767928792262, 0.11796866355405372, 0.23999767928792262, 0.16017271806434946, 0.09339863418629844, 0.13302936014599878, 0.15884300316005698, 0.10807399596895025, 0.23999767928792262, 0.12563006774510213, 0.23999767928792262, 0.23999767928792262, 0.1686611633745552, 0.22259964018224848, 0.23999767928792262, 0.2217125235736369, 0.23999767928792262, 0.23999767928792262, 0.23999767928792262, 0.1865464144322964, 0.10760769385163457, 0.23999767928792262, 0.23999767928792262, 0.21402281360363662, 0.23999767928792262, 0.23999767928792262, 0.1447697103334139, 0.18128340626003117, 0.23999767928792262, 0.23999767928792262, 0.193818007877851, 0.11909414418404847, 0.23999767928792262, 0.23999767928792262, 0.1614032538137182, 0.18989021259239505, 0.23999767928792262, 0.23999767928792262, 0.13364255699969166, 0.23999767928792262, 0.23999767928792262, 0.23553370846567948, 0.1356173205558287, 0.23999767928792262, 0.23999767928792262, 0.19607950704502464, 0.23999767928792262, 0.21736575377230188, 0.18489276219814835, 0.20329385095649202, 0.19460839329155588, 0.23999767928792262, 0.12772210833526387, 0.2222306852452063, 0.2056293575359372, 0.14603934179190173, 0.2090772708236598, 0.23999767928792262, 0.12490392180531829, 0.11545810047207941, 0.14658706523895634, 0.23999767928792262, 0.23999767928792262, 0.23999767928792262, 0.09274829760701994, 0.1691418474041883, 0.23999767928792262, 0.23999767928792262, 0.19661403259422838, 0.23999767928792262, 0.23999767928792262, 0.23999767928792262, 0.23999767928792262, 0.21259190351613738, 0.23999767928792262, 0.08980107815218207
dl_gr:0.23999767928792262, 0.23999767928792262, 0.23999767928792262, 0.23999767928792262, 0.1792854689018425, 0.23999767928792262, 0.23999767928792262, 0.23999767928792262, 0.23999767928792262, 0.20382144856967857, 0.1765689955151207, 0.23999767928792262, 0.1971701539467171, 0.1277752798952509, 0.23999767928792262, 0.23999767928792262, 0.23999767928792262, 0.20641424097299188, 0.14365471161623652, 0.23999767928792262, 0.23999767928792262, 0.2154608236384697, 0.23999767928792262, 0.22245161741427155, 0.23999767928792262, 0.23999767928792262, 0.23999767928792262, 0.23999767928792262, 0.23999767928792262, 0.23999767928792262, 0.23999767928792262, 0.23999767928792262, 0.23999767928792262, 0.23999767928792262, 0.22314259366188618, 0.23999767928792262, 0.23999767928792262, 0.23999767928792262, 0.23999767928792262, 0.23999767928792262, 0.19895981103982466, 0.23999767928792262, 0.23999767928792262, 0.23999767928792262, 0.23999767928792262, 0.18707377204198297, 0.23999767928792262, 0.23999767928792262, 0.23999767928792262, 0.23999767928792262, 0.23999767928792262, 0.23999767928792262, 0.1799673232185565, 0.23999767928792262, 0.23999767928792262, 0.23999767928792262, 0.22617747438613015, 0.23999767928792262, 0.23999767928792262, 0.23999767928792262, 0.23999767928792262, 0.23999767928792262, 0.23999767928792262, 0.23999767928792262, 0.23999767928792262, 0.23999767928792262, 0.23999767928792262, 0.23999767928792262, 0.23999767928792262, 0.23999767928792262, 0.23999767928792262, 0.23999767928792262, 0.23999767928792262, 0.23999767928792262, 0.23999767928792262, 0.23999767928792262, 0.23999767928792262, 0.23999767928792262, 0.13896501069307754, 0.23999767928792262, 0.23999767928792262, 0.23999767928792262, 0.23999767928792262, 0.23999767928792262, 0.23999767928792262, 0.23999767928792262, 0.23999767928792262, 0.23999767928792262, 0.23999767928792262, 0.12168665258547845
ul_tr:0.2221215292048733, 0.12158971601698318, 0.08477382624879792, 0.03747960881860984, 0.042744592267322766, 0.08771724175991866, 0.2397976723494471, 0.06762429102302481, 0.041571221543728804, 0.02146642867081108, 0.010181787917609021, 0.2397956744076466, 0.01650010957697019, 0.008237729840801325, 0.2344078633059391, 0.030647518744668797, 0.23659678992854227, 0.0728466221310489, 0.006073539833801385, 0.04570863375511037, 0.07152816642513814, 0.02075775739090508, 0.17842353585677617, 0.03830948068837759, 0.23979567521113992, 0.1669053841686736, 0.08134709211871569, 0.1352241003106224, 0.23743806744877125, 0.13435868304163298, 0.1700416095139707, 0.23979567501380822, 0.23979567486479278, 0.09922166957838685, 0.020305580896092534, 0.2397956752553062, 0.2177915510995575, 0.12664498344822958, 0.2045882822112149, 0.23979767322738976, 0.057449958478046015, 0.09396745780663494, 0.23979767235680535, 0.23979767275726033, 0.10646565833731386, 0.03177350310220748, 0.21616133467854434, 0.1635314614321047, 0.07406314790223416, 0.10257989885946785, 0.2397976732261398, 0.17093898384841794, 0.04631145460906992, 0.16702289046397115, 0.21656520285725117, 0.14820580130001415, 0.04829744139673003, 0.22273889358113683, 0.23785928310990742, 0.10875232636136366, 0.21309963631803067, 0.131879998516779, 0.09757784329342256, 0.14807189238723012, 0.10728070283996799, 0.23979767181608486, 0.046904578160798654, 0.17541430921192322, 0.20519810497271693, 0.05875338765401122, 0.14112763755071206, 0.23979767339360508, 0.03764414912389897, 0.028114875226089783, 0.05927075544317131, 0.2306494614593795, 0.16137866638200513, 0.20183379795371706, 0.005400502262297813, 0.09119017367448605, 0.2397976796909859, 0.2221731632571062, 0.10933378574090216, 0.2387295812572812, 0.20648175139588837, 0.16551804702250814, 0.20931396155160373, 0.2123918970200415, 0.23979767877826016, 0.0024722340417496526
dl_tr:0.23766879130596413, 0.2355971388096766, 0.2397976710846243, 0.20708590441447156, 0.09174959541775483, 0.20502983291400903, 0.23979767315673206, 0.16103434506454944, 0.2253005445667786, 0.11648180116449029, 0.08920487247692935, 0.23979767326627274, 0.10976038754881208, 0.04040321246166282, 0.23979767272714395, 0.17765374631504735, 0.23979767262483645, 0.11906508558104514, 0.056255450088590925, 0.23697656379156007, 0.19941112415272372, 0.1281163510974242, 0.2397976709023008, 0.13505101130925576, 0.23979767312106567, 0.2397976722522729, 0.21272339598106685, 0.18833068589054258, 0.23894572352020396, 0.19331430101964983, 0.19959299224020635, 0.23979767310909075, 0.2397976727691853, 0.1907460234363547, 0.13573388433655553, 0.2397976734143132, 0.2397976725265206, 0.2397976730015583, 0.23979767275939368, 0.23979767345197123, 0.12680627816925694, 0.17445639819345668, 0.23979767315031542, 0.2397976734508046, 0.16669805101277488, 0.0997154286436613, 0.2397976734508879, 0.2183018029825918, 0.1868785681035491, 0.21368101012007398, 0.23979767345197123, 0.23979767235442206, 0.09253990966680277, 0.21754236002947475, 0.23481873440361328, 0.2351576476193365, 0.1388128369768752, 0.23671312448912926, 0.23979766927668106, 0.22082440510610746, 0.23979767417802353, 0.23979766914711542, 0.22979361166501114, 0.23979766668523594, 0.17289285109322422, 0.23979767259522006, 0.23382661840247998, 0.23979767187522602, 0.2397976614694461, 0.21366164999871667, 0.22415828892935058, 0.2397976727855518, 0.2345986923998133, 0.22758187183300144, 0.20247416779759336, 0.23761925965242786, 0.2202284589710669, 0.23828273161280322, 0.05142870584310964, 0.23711368445746286, 0.23979766691859236, 0.23319480591116737, 0.19728395977424357, 0.2397976660291664, 0.2397976698685011, 0.23979766549684586, 0.2397976748899259, 0.23979766933950553, 0.23979767442304645, 0.03435577437253023
ul_er:0.0, 0.030981343979633504, 0.09170024231723069, 0.11520363855842868, 0.10988808685719285, 0.0654928285799285, 0.0, 0.08505212569536921, 0.11102153939442172, 0.13121259324197299, 0.14249510727418938, 0.0, 0.13620086169456921, 0.14442845317622352, 0.0, 0.12202700775060209, 0.0, 0.07982295324030635, 0.14659703711835734, 0.106966311158657, 0.0811526681445988, 0.13192167533570553, 0.0, 0.11436560355955369, 0.0, 0.0, 0.07133450793010059, 0.017396031122407316, 0.0, 0.018283147731018908, 0.0, 0.0, 0.0, 0.0534492568723594, 0.13238797745302122, 0.0, 0.0, 0.025972857701019158, 0.0, 0.0, 0.09522596097124192, 0.05871226504462463, 0.0, 0.0, 0.04617766342680477, 0.12090152712060732, 0.0, 0.0, 0.07859241749093758, 0.05010545871226073, 0.0, 0.0, 0.10635311430496412, 0.0, 0.0, 0.004461962838976343, 0.10437835074882709, 0.0, 0.0, 0.04391616425963117, 0.0, 0.022631925515620707, 0.055102909106507454, 0.03670382833143058, 0.04538727801309989, 0.0, 0.11227557095265873, 0.017766994042716307, 0.0343683217519854, 0.09395632951275407, 0.030920408464262795, 0.0, 0.11509174949933751, 0.1245375708325764, 0.09340860606569945, 0.0, 0.0, 0.0, 0.14724737369763585, 0.0708558318837343, 0.0, 0.0, 0.04338163871042742, 0.0, 0.0, 0.0, 0.0, 0.027405775771785237, 0.0, 0.15019459315247374
dl_er:0.0, 0.0, 0.0, 0.0, 0.060712210386080115, 0.0, 0.0, 0.0, 0.0, 0.03617422273497721, 0.06342667578953509, 0.0, 0.04282551735793869, 0.11222039140940492, 0.0, 0.0, 0.0, 0.03358143033166391, 0.09634095968841927, 0.0, 0.0, 0.02453484766618612, 0.0, 0.017544053890384246, 0.0, 0.0, 0.0, 0.0, 0.0, 0.0, 0.0, 0.0, 0.0, 0.0, 0.016853077642769644, 0.0, 0.0, 0.0, 0.0, 0.0, 0.041037868248097936, 0.0, 0.0, 0.0, 0.0, 0.052921899262672815, 0.0, 0.0, 0.0, 0.0, 0.0, 0.0, 0.060028348086099276, 0.0, 0.0, 0.0, 0.013818196918525679, 0.0, 0.0, 0.0, 0.0, 0.0, 0.0, 0.0, 0.0, 0.0, 0.0, 0.0, 0.0, 0.0, 0.0, 0.0, 0.0, 0.0, 0.0, 0.0, 0.0, 0.0, 0.10103066061157824, 0.0, 0.0, 0.0, 0.0, 0.0, 0.0, 0.0, 0.0, 0.0, 0.0, 0.11830901871917733
ul_er_ratio:0.0, 0.20306173385909834, 0.5196244584961253, 0.7545270390663288, 0.7199512416836219, 0.4274707820096536, 0.0, 0.5570744160982288, 0.7275675380132967, 0.8594015837809499, 0.9333115341072513, 0.0, 0.8919449598809102, 0.9460408999687726, 0.0, 0.7992623953176753, 0.0, 0.5228478106796595, 0.9602180069332901, 0.7006147028189389, 0.531518368846303, 0.864043525573781, 0.0, 0.7490783720402848, 0.0, 0.0, 0.46721090103387114, 0.11398254580877988, 0.0, 0.11977809515564729, 0.0, 0.0, 0.0, 0.35009453413910385, 0.8670174359964388, 0.0, 0.0, 0.17018231620521787, 0.0, 0.0, 0.6237130342147486, 0.3845452686721344, 0.0, 0.0, 0.3025200375170269, 0.7918880182578837, 0.0, 0.0, 0.5148349310981164, 0.32816151796823195, 0.0, 0.0, 0.6966456923272873, 0.0, 0.0, 0.029226620722067564, 0.6836601224201639, 0.0, 0.0, 0.287657027858189, 0.0, 0.14647365022051634, 0.3609027872889413, 0.198639887257243, 0.29729402170309654, 0.0, 0.705336510726806, 0.09197056725151588, 0.14346050997988855, 0.6152609752406908, 0.179719614261539, 0.0, 0.7535343723170267, 0.8158242730333656, 0.6117958913541327, 0.0, 0.0, 0.0, 0.9646211764930465, 0.4372575037542472, 0.0, 0.0, 0.28406848140119045, 0.0, 0.0, 0.0, 0.0, 0.11428707982323394, 0.0, 0.9838063442649236
dl_er_ratio:0.0, 0.0, 0.0, 0.0, 0.3982125888250039, 0.0, 0.0, 0.0, 0.0, 0.23696557666666304, 0.4155541662907375, 0.0, 0.2806649630194249, 0.7352754656757132, 0.0, 0.0, 0.0, 0.2199947383723285, 0.631344864726521, 0.0, 0.0, 0.16072489351478872, 0.0, 0.11497130570658608, 0.0, 0.0, 0.0, 0.0, 0.0, 0.0, 0.0, 0.0, 0.0, 0.0, 0.11044900182922024, 0.0, 0.0, 0.0, 0.0, 0.0, 0.2444998477698158, 0.0, 0.0, 0.0, 0.0, 0.3467166255370268, 0.0, 0.0, 0.0, 0.0, 0.0, 0.0, 0.39345240596061964, 0.0, 0.0, 0.0, 0.09053333759106544, 0.0, 0.0, 0.0, 0.0, 0.0, 0.0, 0.0, 0.0, 0.0, 0.0, 0.0, 0.0, 0.0, 0.0, 0.0, 0.0, 0.0, 0.0, 0.0, 0.0, 0.0, 0.6626727039535832, 0.0, 0.0, 0.0, 0.0, 0.0, 0.0, 0.0, 0.0, 0.0, 0.0, 0.7749594148279342
ul_er_perc:0.0, 20.306173385909833, 51.96244584961253, 75.45270390663288, 71.9951241683622, 42.74707820096536, 0.0, 55.70744160982288, 72.75675380132967, 85.94015837809499, 93.33115341072514, 0.0, 89.19449598809102, 94.60408999687726, 0.0, 79.92623953176754, 0.0, 52.284781067965945, 96.02180069332901, 70.06147028189389, 53.1518368846303, 86.40435255737809, 0.0, 74.90783720402848, 0.0, 0.0, 46.72109010338711, 11.398254580877989, 0.0, 11.97780951556473, 0.0, 0.0, 0.0, 35.009453413910386, 86.70174359964388, 0.0, 0.0, 17.01823162052179, 0.0, 0.0, 62.371303421474856, 38.45452686721344, 0.0, 0.0, 30.252003751702688, 79.18880182578837, 0.0, 0.0, 51.48349310981164, 32.81615179682319, 0.0, 0.0, 69.66456923272874, 0.0, 0.0, 2.9226620722067564, 68.3660122420164, 0.0, 0.0, 28.7657027858189, 0.0, 14.647365022051634, 36.090278728894134, 19.863988725724298, 29.729402170309655, 0.0, 70.5336510726806, 9.197056725151588, 14.346050997988854, 61.52609752406908, 17.9719614261539, 0.0, 75.35343723170267, 81.58242730333656, 61.17958913541327, 0.0, 0.0, 0.0, 96.46211764930464, 43.725750375424724, 0.0, 0.0, 28.406848140119045, 0.0, 0.0, 0.0, 0.0, 11.428707982323393, 0.0, 98.38063442649236
dl_er_perc:0.0, 0.0, 0.0, 0.0, 39.82125888250039, 0.0, 0.0, 0.0, 0.0, 23.696557666666305, 41.55541662907375, 0.0, 28.06649630194249, 73.52754656757132, 0.0, 0.0, 0.0, 21.99947383723285, 63.1344864726521, 0.0, 0.0, 16.072489351478872, 0.0, 11.497130570658607, 0.0, 0.0, 0.0, 0.0, 0.0, 0.0, 0.0, 0.0, 0.0, 0.0, 11.044900182922024, 0.0, 0.0, 0.0, 0.0, 0.0, 24.44998477698158, 0.0, 0.0, 0.0, 0.0, 34.67166255370268, 0.0, 0.0, 0.0, 0.0, 0.0, 0.0, 39.34524059606196, 0.0, 0.0, 0.0, 9.053333759106543, 0.0, 0.0, 0.0, 0.0, 0.0, 0.0, 0.0, 0.0, 0.0, 0.0, 0.0, 0.0, 0.0, 0.0, 0.0, 0.0, 0.0, 0.0, 0.0, 0.0, 0.0, 66.26727039535832, 0.0, 0.0, 0.0, 0.0, 0.0, 0.0, 0.0, 0.0, 0.0, 0.0, 77.49594148279341
ul_l:0.058217850307989094, 0.051391385303780804, 0.03420448400295831, 0.029554660460304496, 0.018624315438396346, 0.027034110128632265, 0.06140266723640637, 0.025998753753885384, 0.032743236388888416, 0.019535494353113723, 0.012518633047582937, 0.06174969790076749, 0.020233810067741102, 0.005101253009466587, 0.05681402571844401, 0.021529616703727467, 0.05728427693949217, 0.022968839225839782, 0.008749999223189807, 0.031566689232606394, 0.024327227226339777, 0.0210305818636678, 0.054165707557545344, 0.02193396935780535, 0.058933643019508174, 0.05042488976299365, 0.03581699612838226, 0.04339172533635553, 0.06179954001066658, 0.042068447516870694, 0.048837225716419026, 0.06111980965178623, 0.05844535967229439, 0.03648392664139465, 0.02122251458161182, 0.062394200208739925, 0.059022085522937306, 0.042301466285722615, 0.06143120847766268, 0.06252024822319813, 0.022880093496354198, 0.0352965697628603, 0.06137195364683627, 0.0625289525272456, 0.036742529556353695, 0.017989987655869538, 0.06252502021652319, 0.05239685141880484, 0.03952203237923851, 0.0396821648291181, 0.06256360835813868, 0.05278719497360855, 0.015844017361363656, 0.04910762259173674, 0.05646567961513654, 0.05093414386776777, 0.025579816570695243, 0.05044446969194423, 0.05305266247599603, 0.035445658412763224, 0.05147299834018883, 0.04594404529428088, 0.04056393153987883, 0.0412312894307964, 0.03266196441837151, 0.060901133344355464, 0.02623660789955083, 0.04524635876623528, 0.03840869484563462, 0.02556340332148065, 0.02600234996219198, 0.06189267964003632, 0.021685416221048155, 0.010694844394621712, 0.020973395114632372, 0.057428173707935765, 0.035494983775510205, 0.03390260742269647, 0.006828883745402121, 0.02158588508443263, 0.041999378652361224, 0.042451896830409744, 0.02347346748692094, 0.03905651582685144, 0.04495037420460663, 0.021987192375063542, 0.06362132564389464, 0.031738162860634495, 0.05716853558523679, 0.004210195164431963
dl_l:0.08257631374810209, 0.08186042757952848, 0.071869206239548, 0.07154649046897107, 0.03923526431656403, 0.060948879178298505, 0.08320745764221964, 0.059059761086099276, 0.0767606223022558, 0.05295346106115782, 0.0462939597279106, 0.08320733601157489, 0.06697579050047917, 0.027972072734452205, 0.08207555134969707, 0.06046504942824643, 0.0807260324642628, 0.05877387475533537, 0.033443624667327775, 0.0772240664088716, 0.053858699287572594, 0.059230850613019886, 0.08146945172231064, 0.06087337183060141, 0.08273667094034215, 0.07738643049232923, 0.06889740253750383, 0.07410691114033215, 0.08320740237323854, 0.07125343042565478, 0.07273701188335097, 0.08320738093863383, 0.08313728889029258, 0.06670571410174081, 0.060608361250589576, 0.08320737958109514, 0.08320744242163815, 0.06984219978478512, 0.08320738015224872, 0.08320737380583494, 0.05444452691614236, 0.07545261331328071, 0.083207365960092, 0.08320737253437054, 0.06321161355133706, 0.04662965327407271, 0.08320737505624119, 0.08205386237508021, 0.07078379611609902, 0.06804360421450655, 0.08320737380583494, 0.07995077469536087, 0.04299677390467579, 0.07538767405953282, 0.0831707591355072, 0.08100036071755234, 0.06170747599847501, 0.0773998954473546, 0.07840714272544395, 0.06404510472486896, 0.08102319358243681, 0.07916421683033474, 0.07839226872853558, 0.07371519205667453, 0.0532654361071241, 0.08320738748615426, 0.06928022537438853, 0.07825358629738918, 0.0634939767351022, 0.05867868022688144, 0.056263693414763206, 0.08312289385682618, 0.057887956829984745, 0.03270939269108591, 0.05059013394122549, 0.08159830259747834, 0.06362079808425762, 0.06106119267773601, 0.03657535844907958, 0.05433500378087682, 0.0694440753064391, 0.06817815843997965, 0.053316635127982265, 0.06534011975477703, 0.07027716264259463, 0.0451118706319864, 0.08251476726742275, 0.05722761225372288, 0.07621049877741018, 0.021415533857401185
ul_il:2.336929806676844, 13.208727573019567, 21.99729458759583, 13.385879192205033, 3.3608033017930428, 6.415648145380372, 1.1859370785775287, 4.632405376921125, 17.02048746640605, 6.30565990722574, 5.561467995861801, 0.16717008829342256, 12.689822165159056, 1.8190170037393187, 2.4715464332881227, 9.146715828515028, 2.4249049154501714, 1.7421221057244272, 2.106979360693094, 18.22088468539271, 10.60326558657392, 7.1508790655538785, 12.29410429223218, 4.862250679306889, 2.1023204510137496, 3.685287489133491, 8.93415373241918, 2.6277258858085184, 0.0778006285950617, 2.42368036978326, 0.8366403619562753, 0.6584258283300473, 0.9329247733879553, 3.944539319497771, 8.789233562682494, 0.0688348393563137, 4.645076455612829, 6.391283316926009, 1.5543133035937282, 0.06280449131598903, 5.652851130655286, 4.995131347820826, 0.8519331869402672, 0.16082039814957375, 3.707696966509288, 4.11068466530564, 2.5234624961614984, 4.662938981725327, 11.267079664315474, 9.581152471398305, 0.06284807346846277, 3.071192917869193, 0.4721898050033917, 1.2135421036165865, 3.0671791213099135, 5.86495714252857, 6.947916006115799, 4.773078432067258, 9.25873388409995, 2.856574206124482, 4.5652703320175, 8.494097538844935, 8.648381612228473, 15.455143919954534, 3.8829905216437695, 0.7009008488771844, 11.76386002487245, 11.188803672399537, 16.039121170577655, 10.189023509793161, 6.573635802569761, 0.42734952732758064, 9.655170833092798, 2.9245304298649764, 7.7276702802936725, 1.402671976389605, 2.3363699587223103, 4.092124230979866, 2.268673573210615, 9.340668914716977, 2.6197039571769736, 1.1815164123575135, 1.4524973482638146, 2.0514701487424856, 0.5456622947521603, 1.6463582856848524, 0.09335714817789019, 1.75718496942023, 0.30562450102190813, 0.8641998308015517
dl_il:0.2089870032550979, 1.3493428891471235, 10.052067767566635, 4.651505711315089, 8.280938159054234, 6.13545015098665, 0.12106283002543312, 5.474802953457746, 4.721179666058191, 7.362169154240057, 12.37816196357187, 0.10057309631576403, 24.774398652489985, 15.151366135824935, 0.4682265735088124, 4.885593696592528, 0.36256509309851576, 6.915404305980243, 7.564604772649619, 5.355103232787227, 4.187371300859276, 8.171431900997984, 0.2970523299415838, 7.461956991178874, 0.17696210126575612, 2.2166174665355034, 2.039347974787085, 4.12588722939188, 0.0892672681940317, 3.1068509189793088, 0.7020197370664578, 0.11072046554261214, 0.1876681958774177, 2.019425671707519, 11.499937711372063, 0.08421866129128089, 0.3104698390533579, 4.943298384530012, 0.1694651358345347, 0.08320737380583494, 13.814721286243872, 6.891697041088916, 0.10674448190134248, 0.08320755279317672, 2.464389624811293, 8.417421438923833, 0.08320741170875243, 0.7224546069884584, 8.570106686714293, 2.7976864777008106, 0.08320737380583494, 0.506435984713469, 6.865213134226815, 0.560974632323139, 0.23470486500159166, 0.47098621336932184, 9.630537142526938, 0.517222581967417, 0.4325641182415396, 1.9319332885294707, 0.5474490064944126, 0.943902372577212, 3.11857774917819, 0.6988241485556204, 1.1087450230212, 0.11284313460107832, 1.5316091958367763, 1.565861181320364, 1.6695475388160599, 0.8717047019346339, 1.4337964762617645, 0.08893976520943991, 2.5532960587013944, 1.361980536920259, 0.35601801388060106, 0.10270593081986816, 0.30675736241338825, 0.44220819425218955, 15.390306133041708, 0.31706504910239913, 0.1838523905729369, 0.16972426279114342, 0.32878748139484676, 0.18320720494576712, 0.116415471717144, 0.1852266087718269, 0.08347987591264239, 0.18007959477284355, 0.08957149057528685, 2.063902330623245
sinr_ul:6.54505407e-05,1.44840304e-04,1.00951385e-03,3.65234631e-03,6.66788120e-03,1.59556982e-02,2.46357111e-02,2.96948391e-02,2.86514098e-02,2.19507665e-02,1.55589212e-02,1.14594645e-02,1.38847665e-02,2.19590859e-02,2.69972069e-02,1.86861662e-02,1.00141536e-02,5.72524126e-03,4.05226458e-03,2.09701864e-03,1.13616936e-03,5.64342195e-04,1.45110254e-04,6.50578865e-05,4.94008018e-05,5.22230036e-05,3.34001447e-05,3.37927989e-05,2.02216894e-05,1.81602550e-05,1.38901410e-05,5.71802624e-06,5.52169916e-06,7.55859263e-06,1.03562535e-05,5.96343509e-06,5.59532181e-06,1.96327081e-06,1.93872993e-06,4.63822729e-06
sinr_ul_bin_edges:-32.09036   ,-28.31739825,-24.5444365 ,-20.77147475,-16.998513  ,-13.22555125, -9.4525895 , -5.67962775, -1.906666  ,  1.86629575,  5.6392575 ,  9.41221925, 13.185181  , 16.95814275, 20.7311045 , 24.50406625, 28.277028  , 32.04998975, 35.8229515 , 39.59591325, 43.368875  , 47.14183675, 50.9147985 , 54.68776025, 58.460722  , 62.23368375, 66.0066455 , 69.77960725, 73.552569  , 77.32553075, 81.0984925 , 84.87145425, 88.644416  , 92.41737775, 96.1903395 , 99.96330125,103.736263  ,107.50922475,111.2821865 ,115.05514825,118.82811   
sinr_dl:3.14272496e-05,1.31042866e-04,9.48051189e-04,3.45952666e-03,6.16404808e-03,1.47364251e-02,2.36284336e-02,3.93173173e-02,2.14552956e-02,2.31801132e-02,1.70114575e-02,1.22515689e-02,1.50340199e-02,2.15112887e-02,3.02033648e-02,1.83802081e-02,1.00244412e-02,6.07587649e-03,3.30246554e-03,1.67495971e-03,1.05778362e-03,4.10983283e-04,1.37703941e-04,5.66942574e-05,5.25123047e-05,4.50498980e-05,3.40065378e-05,3.61100350e-05,1.90065995e-05,1.76793930e-05,1.25708998e-05,5.75957562e-06,5.50915929e-06,5.43403439e-06,1.38229815e-05,6.13520012e-06,5.23370132e-06,1.95324738e-06,1.90316412e-06,4.70782703e-06
sinr_dl_bin_edges:-25.245361  ,-21.54784572,-17.85033045,-14.15281518,-10.4552999 , -6.75778462, -3.06026935,  0.63724592,  4.3347612 ,  8.03227647, 11.72979175, 15.42730703, 19.1248223 , 22.82233757, 26.51985285, 30.21736812, 33.9148834 , 37.61239867, 41.30991395, 45.00742922, 48.7049445 , 52.40245977, 56.09997505, 59.79749032, 63.4950056 , 67.19252087, 70.89003615, 74.58755142, 78.2850667 , 81.98258197, 85.68009725, 89.37761252, 93.0751278 , 96.77264307,100.47015835,104.16767362,107.8651889 ,111.56270417,115.26021945,118.95773472,122.65525   
rsrp_ul:6.63703543e-05,1.52941449e-04,1.02783232e-03,3.68443829e-03,6.81506212e-03,1.62259071e-02,2.47798774e-02,2.96512012e-02,2.86324752e-02,2.17722253e-02,1.54295856e-02,1.14209536e-02,1.40297700e-02,2.19557256e-02,2.70898308e-02,1.84605311e-02,9.92838155e-03,5.69216605e-03,4.03327538e-03,2.08212441e-03,1.12483514e-03,5.59263507e-04,1.42239720e-04,6.44067343e-05,4.97286752e-05,5.15204784e-05,3.34797201e-05,3.35042654e-05,2.02007402e-05,1.80162130e-05,1.37698849e-05,5.79267885e-06,5.47359061e-06,7.65811780e-06,1.02353690e-05,5.96449560e-06,5.59631685e-06,1.96361995e-06,1.93907470e-06,4.63905213e-06
rsrp_ul_bin_edges:-158.18793   ,-154.41563909,-150.64334819,-146.87105728,-143.09876637,-139.32647546,-135.55418456,-131.78189365,-128.00960274,-124.23731183,-120.46502093,-116.69273002,-112.92043911,-109.1481482 ,-105.3758573 ,-101.60356639, -97.83127548, -94.05898457, -90.28669367, -86.51440276, -82.74211185, -78.96982094, -75.19753003, -71.42523913, -67.65294822, -63.88065731, -60.10836641, -56.3360755 , -52.56378459, -48.79149368, -45.01920278, -41.24691187, -37.47462096, -33.70233005, -29.93003915, -26.15774824, -22.38545733, -18.61316642, -14.84087552, -11.06858461,  -7.2962937 
rsrp_dl:3.14313463e-05,1.35292536e-04,9.61498657e-04,3.48477207e-03,6.26405443e-03,1.48931486e-02,2.37447917e-02,3.95727662e-02,2.11974001e-02,2.30970556e-02,1.68696168e-02,1.22792878e-02,1.50670604e-02,2.16339827e-02,3.02511055e-02,1.81453538e-02,9.94778316e-03,6.04568797e-03,3.28253452e-03,1.66430857e-03,1.05519162e-03,4.03949150e-04,1.36169107e-04,5.61256151e-05,5.24440152e-05,4.49055011e-05,3.40610605e-05,3.60646523e-05,1.87586282e-05,1.76566527e-05,1.24473140e-05,5.73528151e-06,5.50987743e-06,5.50987743e-06,1.37496487e-05,6.13599987e-06,5.23438356e-06,1.95350200e-06,1.90341220e-06,4.70844071e-06
rsrp_dl_bin_edges:-156.88025   ,-153.18321665,-149.4861833 ,-145.78914995,-142.0921166 ,-138.39508325,-134.6980499 ,-131.00101655,-127.3039832 ,-123.60694985,-119.9099165 ,-116.21288315,-112.5158498 ,-108.81881645,-105.1217831 ,-101.42474975, -97.7277164 , -94.03068305, -90.3336497 , -86.63661635, -82.939583  , -79.24254965, -75.5455163 , -71.84848295, -68.1514496 , -64.45441625, -60.7573829 , -57.06034955, -53.3633162 , -49.66628285, -45.9692495 , -42.27221615, -38.5751828 , -34.87814945, -31.1811161 , -27.48408275, -23.7870494 , -20.09001605, -16.3929827 , -12.69594935,  -8.998916  
cqi_ul:1.01915645,0.        ,0.27100638,0.        ,0.        ,0.19685145,0.        ,0.        ,0.10164681,0.        ,0.05781335,0.        ,0.        ,0.07482185,0.        ,0.        ,0.05543583,0.        ,0.11728124,0.        ,0.        ,0.13142088,0.        ,0.        ,0.14292918,0.        ,0.12259256,0.        ,0.        ,0.07165743,0.        ,0.        ,0.07863416,0.        ,0.05614768,0.        ,0.        ,0.03481996,0.        ,0.13445147
cqi_ul_bin_edges: 0.   , 0.375, 0.75 , 1.125, 1.5  , 1.875, 2.25 , 2.625, 3.   , 3.375, 3.75 , 4.125, 4.5  , 4.875, 5.25 , 5.625, 6.   , 6.375, 6.75 , 7.125, 7.5  , 7.875, 8.25 , 8.625, 9.   , 9.375, 9.75 ,10.125,10.5  ,10.875,11.25 ,11.625,12.   ,12.375,12.75 ,13.125,13.5  ,13.875,14.25 ,14.625,15.   
cqi_dl:0.48139228,0.        ,0.4548451 ,0.        ,0.        ,0.24003133,0.        ,0.        ,0.1873177 ,0.        ,0.08338153,0.        ,0.        ,0.06871992,0.        ,0.        ,0.03783178,0.        ,0.06627797,0.        ,0.        ,0.07527246,0.        ,0.        ,0.08856469,0.        ,0.09776165,0.        ,0.        ,0.09693524,0.        ,0.        ,0.17115339,0.        ,0.16250358,0.        ,0.        ,0.07462012,0.        ,0.28005791
cqi_dl_bin_edges: 0.   , 0.375, 0.75 , 1.125, 1.5  , 1.875, 2.25 , 2.625, 3.   , 3.375, 3.75 , 4.125, 4.5  , 4.875, 5.25 , 5.625, 6.   , 6.375, 6.75 , 7.125, 7.5  , 7.875, 8.25 , 8.625, 9.   , 9.375, 9.75 ,10.125,10.5  ,10.875,11.25 ,11.625,12.   ,12.375,12.75 ,13.125,13.5  ,13.875,14.25 ,14.625,15.   
mcs_ul:0.69115866,0.06225186,0.04320427,0.        ,0.03026549,0.02418816,0.        ,0.01573042,0.01524101,0.        ,0.01765977,0.02242336,0.01474803,0.        ,0.01494974,0.03109141,0.        ,0.03173783,0.03427485,0.        ,0.0361292 ,0.03946144,0.03710776,0.        ,0.03556584,0.03010874,0.        ,0.01911809,0.01925976,0.        ,0.02356396,0.01857154,0.01475623,0.        ,0.01532289,0.01025058,0.        ,0.00840297,0.        ,0.07202757
mcs_ul_bin_edges: 0. , 0.7, 1.4, 2.1, 2.8, 3.5, 4.2, 4.9, 5.6, 6.3, 7. , 7.7, 8.4, 9.1, 9.8,10.5,11.2,11.9,12.6,13.3,14. ,14.7,15.4,16.1,16.8,17.5,18.2,18.9,19.6,20.3,21. ,21.7,22.4,23.1,23.8,24.5,25.2,25.9,26.6,27.3,28. 
mcs_dl:0.50155574,0.05773775,0.07085047,0.        ,0.05458896,0.0457598 ,0.        ,0.02553206,0.01913661,0.        ,0.01945116,0.01736308,0.01058536,0.        ,0.00968167,0.01736017,0.        ,0.01814588,0.01936545,0.        ,0.02095908,0.02243209,0.02501328,0.        ,0.02305153,0.02932079,0.        ,0.02540257,0.02651287,0.        ,0.04381352,0.04788994,0.04476524,0.        ,0.04229026,0.02253447,0.        ,0.0174406 ,0.        ,0.15003102
mcs_dl_bin_edges: 0. , 0.7, 1.4, 2.1, 2.8, 3.5, 4.2, 4.9, 5.6, 6.3, 7. , 7.7, 8.4, 9.1, 9.8,10.5,11.2,11.9,12.6,13.3,14. ,14.7,15.4,16.1,16.8,17.5,18.2,18.9,19.6,20.3,21. ,21.7,22.4,23.1,23.8,24.5,25.2,25.9,26.6,27.3,28. 
eff_ul:2.06409891,0.54886959,0.23534706,0.16333644,0.11442057,0.        ,0.09144484,0.05946985,0.        ,0.05761959,0.06676388,0.08477291,0.05575583,0.05651844,0.11754301,0.        ,0.11998685,0.1295782 ,0.        ,0.13658868,0.        ,0.14918645,0.1402882 ,0.        ,0.13445889,0.        ,0.11382799,0.07227715,0.07281273,0.08908501,0.        ,0.07021086,0.        ,0.05578684,0.        ,0.05792914,0.        ,0.03875294,0.03176796,0.27230475
eff_ul_bin_edges:0.        ,0.18515763,0.37031527,0.5554729 ,0.74063053,0.92578816,1.1109458 ,1.29610343,1.48126106,1.66641869,1.85157632,2.03673396,2.22189159,2.40704922,2.59220686,2.77736449,2.96252212,3.14767975,3.33283738,3.51799502,3.70315265,3.88831028,4.07346792,4.25862555,4.44378318,4.62894081,4.81409844,4.99925608,5.18441371,5.36957134,5.55472897,5.73988661,5.92504424,6.11020187,6.29535951,6.48051714,6.66567477,6.8508324 ,7.03599004,7.22114767,7.4063053 
eff_dl:0.97496444,0.92119838,0.21828116,0.26785462,0.20637699,0.        ,0.1729978 ,0.09652556,0.        ,0.07234716,0.07353633,0.06564222,0.04001862,0.03660214,0.06563122,0.        ,0.06860164,0.07321228,0.        ,0.07923713,0.        ,0.08480591,0.09456428,0.        ,0.08714774,0.        ,0.11084907,0.09603599,0.10023358,0.16563976,0.        ,0.18105093,0.        ,0.16923777,0.        ,0.15988096,0.        ,0.08519297,0.06593526,0.56720166
eff_dl_bin_edges:0.        ,0.18515763,0.37031527,0.5554729 ,0.74063053,0.92578816,1.1109458 ,1.29610343,1.48126106,1.66641869,1.85157632,2.03673396,2.22189159,2.40704922,2.59220686,2.77736449,2.96252212,3.14767975,3.33283738,3.51799502,3.70315265,3.88831028,4.07346792,4.25862555,4.44378318,4.62894081,4.81409844,4.99925608,5.18441371,5.36957134,5.55472897,5.73988661,5.92504424,6.11020187,6.29535951,6.48051714,6.66567477,6.8508324 ,7.03599004,7.22114767,7.4063053 
rul:1.17905115e+00,1.27001171e-02,1.45614613e-03,4.59305669e-04,2.87135199e-04,2.10565813e-04,1.26472267e-04,9.61543306e-05,8.33190000e-05,9.53797848e-05,6.72748366e-05,8.13273107e-05,4.61408008e-05,4.18254741e-05,3.83953426e-05,3.43013147e-05,2.76623506e-05,2.35683227e-05,1.39418247e-05,1.39418247e-05,1.30566295e-05,6.86026295e-06,6.19636653e-06,5.08987251e-06,3.65143028e-06,4.97922311e-06,4.86857370e-06,4.86857370e-06,4.53662550e-06,2.10233864e-06,2.21298805e-06,2.54493625e-06,2.10233864e-06,1.54909163e-06,1.54909163e-06,5.53247012e-07,9.95844621e-07,6.63896414e-07,6.63896414e-07,3.31948207e-07
rul_bin_edges: 0.        , 0.83680362, 1.67360725, 2.51041087, 3.3472145 , 4.18401812, 5.02082175, 5.85762537, 6.694429  , 7.53123262, 8.36803625, 9.20483987,10.0416435 ,10.87844712,11.71525075,12.55205437,13.388858  ,14.22566162,15.06246525,15.89926887,16.7360725 ,17.57287613,18.40967975,19.24648337,20.083287  ,20.92009063,21.75689425,22.59369787,23.4305015 ,24.26730513,25.10410875,25.94091237,26.777716  ,27.61451962,28.45132325,29.28812687,30.1249305 ,30.96173412,31.79853775,32.63534137,33.472145  
rdl:5.22804940e-01,2.33747435e-03,3.60315399e-04,1.13517362e-04,4.44917962e-05,2.05908422e-05,1.10499319e-05,8.03188880e-06,5.30591442e-06,5.45194876e-06,2.19051513e-06,1.65505587e-06,1.36298719e-06,1.46034342e-06,1.50902153e-06,1.99580267e-06,1.55769965e-06,1.02224039e-06,5.35459253e-07,9.73562279e-07,5.35459253e-07,3.40746798e-07,4.86781140e-08,4.86781140e-08,0.00000000e+00,4.86781140e-08,4.86781140e-08,0.00000000e+00,4.86781140e-08,4.86781140e-08,9.73562279e-08,2.43390570e-07,1.94712456e-07,1.46034342e-07,9.73562279e-08,0.00000000e+00,1.46034342e-07,1.94712456e-07,1.94712456e-07,9.73562279e-08
rdl_bin_edges: 0.        , 1.90212425, 3.8042485 , 5.70637275, 7.608497  , 9.51062125,11.4127455 ,13.31486975,15.216994  ,17.11911825,19.0212425 ,20.92336675,22.825491  ,24.72761525,26.6297395 ,28.53186375,30.433988  ,32.33611225,34.2382365 ,36.14036075,38.042485  ,39.94460925,41.8467335 ,43.74885775,45.650982  ,47.55310625,49.4552305 ,51.35735475,53.259479  ,55.16160325,57.0637275 ,58.96585175,60.867976  ,62.77010025,64.6722245 ,66.57434875,68.476473  ,70.37859725,72.2807215 ,74.18284575,76.08497   
lul:2.07582869e+01,0.00000000e+00,0.00000000e+00,1.34295746e+01,0.00000000e+00,0.00000000e+00,0.00000000e+00,0.00000000e+00,0.00000000e+00,0.00000000e+00,0.00000000e+00,0.00000000e+00,0.00000000e+00,0.00000000e+00,0.00000000e+00,0.00000000e+00,0.00000000e+00,0.00000000e+00,0.00000000e+00,0.00000000e+00,0.00000000e+00,0.00000000e+00,0.00000000e+00,0.00000000e+00,0.00000000e+00,0.00000000e+00,0.00000000e+00,0.00000000e+00,0.00000000e+00,0.00000000e+00,0.00000000e+00,0.00000000e+00,0.00000000e+00,0.00000000e+00,0.00000000e+00,0.00000000e+00,0.00000000e+00,0.00000000e+00,0.00000000e+00,3.16551665e-06
lul_bin_edges:0.        ,0.02925014,0.05850029,0.08775043,0.11700058,0.14625072,0.17550087,0.20475101,0.23400116,0.2632513 ,0.29250145,0.3217516 ,0.35100174,0.38025188,0.40950203,0.43875217,0.46800232,0.49725246,0.52650261,0.55575275,0.5850029 ,0.61425304,0.64350319,0.67275334,0.70200348,0.73125362,0.76050377,0.78975391,0.81900406,0.8482542 ,0.87750435,0.90675449,0.93600464,0.96525478,0.99450493,1.02375507,1.05300522,1.08225536,1.11150551,1.14075565,1.1700058 
ldl:1.14682813e+02,0.00000000e+00,0.00000000e+00,0.00000000e+00,0.00000000e+00,0.00000000e+00,0.00000000e+00,0.00000000e+00,0.00000000e+00,0.00000000e+00,0.00000000e+00,0.00000000e+00,0.00000000e+00,0.00000000e+00,0.00000000e+00,0.00000000e+00,0.00000000e+00,0.00000000e+00,0.00000000e+00,0.00000000e+00,0.00000000e+00,0.00000000e+00,0.00000000e+00,0.00000000e+00,0.00000000e+00,0.00000000e+00,0.00000000e+00,0.00000000e+00,0.00000000e+00,0.00000000e+00,0.00000000e+00,0.00000000e+00,0.00000000e+00,0.00000000e+00,0.00000000e+00,2.21716748e+02,2.07448253e+01,0.00000000e+00,0.00000000e+00,3.30686522e-05
ldl_bin_edges:0.        ,0.00279999,0.00559998,0.00839996,0.01119995,0.01399994,0.01679993,0.01959991,0.0223999 ,0.02519989,0.02799988,0.03079987,0.03359985,0.03639984,0.03919983,0.04199982,0.0447998 ,0.04759979,0.05039978,0.05319977,0.05599975,0.05879974,0.06159973,0.06439972,0.06719971,0.06999969,0.07279968,0.07559967,0.07839966,0.08119964,0.08399963,0.08679962,0.08959961,0.0923996 ,0.09519958,0.09799957,0.10079956,0.10359955,0.10639953,0.10919952,0.11199951
ilul:2.80323852e-01,8.54185381e-03,6.88608007e-03,4.96520571e-03,4.36620336e-03,3.51703519e-03,2.53127515e-03,2.81816227e-03,2.36449794e-03,1.85627266e-03,1.92314773e-03,1.00451536e-03,1.41245962e-03,1.25357607e-03,1.15468432e-03,1.46064251e-03,1.86959715e-03,1.37308605e-03,1.79669132e-03,1.85876705e-03,1.38682102e-03,5.71564001e-04,4.35982528e-04,4.95342838e-04,5.82046779e-04,8.63313607e-04,4.80755357e-04,4.00240044e-04,3.95661722e-04,3.79905981e-04,6.68056078e-04,4.50633158e-04,2.51113054e-04,1.38833660e-04,3.22377000e-05,7.59054170e-05,7.49266034e-05,1.57873163e-05,9.59868834e-06,2.25442877e-05
ilul_bin_edges:  0.      ,  2.932475,  5.86495 ,  8.797425, 11.7299  , 14.662375, 17.59485 , 20.527325, 23.4598  , 26.392275, 29.32475 , 32.257225, 35.1897  , 38.122175, 41.05465 , 43.987125, 46.9196  , 49.852075, 52.78455 , 55.717025, 58.6495  , 61.581975, 64.51445 , 67.446925, 70.3794  , 73.311875, 76.24435 , 79.176825, 82.1093  , 85.041775, 87.97425 , 90.906725, 93.8392  , 96.771675, 99.70415 ,102.636625,105.5691  ,108.501575,111.43405 ,114.366525,117.299   
ildl:3.41497553e-01,1.11864531e-02,7.83547255e-03,7.18748377e-03,5.40234482e-03,4.40736656e-03,3.28732204e-03,2.83859900e-03,2.44265587e-03,2.56164513e-03,1.58699858e-03,1.51268656e-03,1.14919164e-03,1.53380603e-03,1.01234649e-03,9.38259547e-04,1.25936549e-03,9.17777790e-04,1.01696051e-03,7.94887246e-04,4.63165306e-04,5.08292694e-04,6.74247445e-04,2.62061458e-04,4.01419935e-04,4.61702323e-04,3.31947015e-04,3.12778191e-04,1.66629974e-04,3.07939094e-04,2.64837374e-05,1.06160024e-05,2.58835394e-05,1.70681311e-05,1.06685197e-04,1.78746471e-04,1.42922152e-04,2.58160171e-04,8.71787617e-05,2.39328959e-05
ildl_bin_edges: 0.        , 2.46830062, 4.93660125, 7.40490188, 9.8732025 ,12.34150312,14.80980375,17.27810437,19.746405  ,22.21470563,24.68300625,27.15130687,29.6196075 ,32.08790812,34.55620875,37.02450938,39.49281   ,41.96111062,44.42941125,46.89771187,49.3660125 ,51.83431313,54.30261375,56.77091437,59.239215  ,61.70751562,64.17581625,66.64411687,69.1124175 ,71.58071813,74.04901875,76.51731937,78.98562   ,81.45392062,83.92222125,86.39052187,88.8588225 ,91.32712312,93.79542375,96.26372437,98.732025  
eul:4.54617535e+01,0.00000000e+00,0.00000000e+00,0.00000000e+00,0.00000000e+00,0.00000000e+00,0.00000000e+00,6.69728698e-03,1.53954015e-02,2.32054203e-02,2.51487828e-02,4.81765839e-02,1.73063747e-01,1.04255862e+01,1.54904800e-01,1.92246615e-02,1.57610880e-02,1.53901774e-02,1.12526959e-02,5.02557728e-03,7.10476622e-03,5.69426116e-03,2.59115003e-03,1.13885223e-03,6.79132066e-04,1.67693379e-03,2.08963712e-04,2.71652826e-04,1.98515527e-04,9.92577634e-05,1.14930042e-04,1.09705949e-04,0.00000000e+00,0.00000000e+00,0.00000000e+00,0.00000000e+00,0.00000000e+00,0.00000000e+00,0.00000000e+00,1.98515527e-04
eul_bin_edges:0.      ,0.017724,0.035448,0.053172,0.070896,0.08862 ,0.106344,0.124068,0.141792,0.159516,0.17724 ,0.194964,0.212688,0.230412,0.248136,0.26586 ,0.283584,0.301308,0.319032,0.336756,0.35448 ,0.372204,0.389928,0.407652,0.425376,0.4431  ,0.460824,0.478548,0.496272,0.513996,0.53172 ,0.549444,0.567168,0.584892,0.602616,0.62034 ,0.638064,0.655788,0.673512,0.691236,0.70896 
edl:5.40923205e+01,0.00000000e+00,0.00000000e+00,0.00000000e+00,0.00000000e+00,0.00000000e+00,0.00000000e+00,1.48886645e-03,3.07699067e-03,3.46357353e-03,3.93896598e-03,8.01375837e-03,3.11146968e-02,2.23322654e+00,2.93802980e-02,3.46357353e-03,2.54413320e-03,2.63816687e-03,1.91201797e-03,6.89580251e-04,1.11795586e-03,1.05526675e-03,3.97031054e-04,2.29860084e-04,1.14930042e-04,2.35084177e-04,7.31372994e-05,4.17927425e-05,4.70168353e-05,0.00000000e+00,1.56722784e-05,0.00000000e+00,0.00000000e+00,0.00000000e+00,0.00000000e+00,0.00000000e+00,0.00000000e+00,0.00000000e+00,0.00000000e+00,7.31372994e-05
edl_bin_edges:0.      ,0.017724,0.035448,0.053172,0.070896,0.08862 ,0.106344,0.124068,0.141792,0.159516,0.17724 ,0.194964,0.212688,0.230412,0.248136,0.26586 ,0.283584,0.301308,0.319032,0.336756,0.35448 ,0.372204,0.389928,0.407652,0.425376,0.4431  ,0.460824,0.478548,0.496272,0.513996,0.53172 ,0.549444,0.567168,0.584892,0.602616,0.62034 ,0.638064,0.655788,0.673512,0.691236,0.70896 
gul:1.09595930e+01,0.00000000e+00,0.00000000e+00,0.00000000e+00,0.00000000e+00,0.00000000e+00,0.00000000e+00,1.91619724e-02,4.76071578e-02,8.16421225e-02,1.06498356e-01,1.80325236e-01,6.05535046e-01,4.35415441e+01,5.50817898e-01,9.64367533e-02,5.89956801e-02,5.27842338e-02,3.95254862e-02,1.75425037e-02,2.20456717e-02,1.59334831e-02,6.34204867e-03,4.03299965e-03,3.55238311e-03,5.84575986e-03,2.61204641e-04,1.13885223e-03,1.21198953e-03,8.41078943e-04,3.55238311e-04,3.60462404e-04,0.00000000e+00,0.00000000e+00,0.00000000e+00,0.00000000e+00,0.00000000e+00,0.00000000e+00,0.00000000e+00,7.41821179e-04
gul_bin_edges:0.      ,0.017724,0.035448,0.053172,0.070896,0.08862 ,0.106344,0.124068,0.141792,0.159516,0.17724 ,0.194964,0.212688,0.230412,0.248136,0.26586 ,0.283584,0.301308,0.319032,0.336756,0.35448 ,0.372204,0.389928,0.407652,0.425376,0.4431  ,0.460824,0.478548,0.496272,0.513996,0.53172 ,0.549444,0.567168,0.584892,0.602616,0.62034 ,0.638064,0.655788,0.673512,0.691236,0.70896 
gdl:2.32889535e+00,0.00000000e+00,0.00000000e+00,0.00000000e+00,0.00000000e+00,0.00000000e+00,0.00000000e+00,2.43703930e-02,5.99255686e-02,1.01383969e-01,1.27708173e-01,2.20488061e-01,7.47484096e-01,5.17340344e+01,6.76342400e-01,1.12197841e-01,7.22126349e-02,6.55362443e-02,4.88661642e-02,2.18785007e-02,2.80324820e-02,2.05724775e-02,8.53616765e-03,4.94199180e-03,4.11658514e-03,7.28760947e-03,3.97031054e-04,1.36871232e-03,1.36348822e-03,9.40336706e-04,4.54496075e-04,4.70168353e-04,0.00000000e+00,0.00000000e+00,0.00000000e+00,0.00000000e+00,0.00000000e+00,0.00000000e+00,0.00000000e+00,8.67199407e-04
gdl_bin_edges:0.      ,0.017724,0.035448,0.053172,0.070896,0.08862 ,0.106344,0.124068,0.141792,0.159516,0.17724 ,0.194964,0.212688,0.230412,0.248136,0.26586 ,0.283584,0.301308,0.319032,0.336756,0.35448 ,0.372204,0.389928,0.407652,0.425376,0.4431  ,0.460824,0.478548,0.496272,0.513996,0.53172 ,0.549444,0.567168,0.584892,0.602616,0.62034 ,0.638064,0.655788,0.673512,0.691236,0.70896 
ri:34.66091116, 0.        , 0.        , 0.        , 0.        , 0.        , 0.        , 0.        , 0.        , 0.        , 0.        , 0.        , 0.        , 0.        , 0.        , 0.        , 0.        , 0.        , 0.        , 0.        , 0.        , 0.        , 0.        , 0.        , 0.        , 0.        , 0.        , 0.        , 0.        , 0.        , 0.        , 0.        , 0.        , 0.        , 0.        , 0.        , 0.        , 0.        , 0.        , 5.33908884
ri_bin_edges:1.   ,1.025,1.05 ,1.075,1.1  ,1.125,1.15 ,1.175,1.2  ,1.225,1.25 ,1.275,1.3  ,1.325,1.35 ,1.375,1.4  ,1.425,1.45 ,1.475,1.5  ,1.525,1.55 ,1.575,1.6  ,1.625,1.65 ,1.675,1.7  ,1.725,1.75 ,1.775,1.8  ,1.825,1.85 ,1.875,1.9  ,1.925,1.95 ,1.975,2.   
