period:1
ue_log_freq:1000
mac_log_freq:1000
mimo_layers:2
frequency:2412000000.0
bandwidth:50000000
ue_speed:5.555555555555555
max_distance:1000
shannon_cfg_bandwidth_mhz:50.0
shannon_cfg_mimo_layers:2
shannon_cfg_bw_efficiency:0.67
shannon_cfg_sinr_offset_db:0
shannon_cfg_ul_divisor:2
shannon_cfg_sinr_sample_rate:1000
n_ue:10
sinr_period:9.463597741343282
sinr_rate:105.66805852612856
ul_fairness:nan
dl_fairness:0.999870256097789
ul_agg_throughput:0
dl_agg_throughput:40.29230675800761
ul_ave_throughput:0.0
dl_ave_throughput:4.029230675800761
ul_se:0.0
dl_se:0.8058461351601524
ul_ase:0.0
dl_ase:2.565087915644757e-07
ul_gr:0.0, 0.0, 0.0, 0.0, 0.0, 0.0, 0.0, 0.0, 0.0, 0.0
dl_gr:4.119642803571964, 4.1205067949320515, 4.1205827941720585, 4.120307796922031, 4.120729792702073, 4.1196928030719695, 4.120217797822022, 4.120966790332097, 4.1201857981420185, 4.120431795682043
ul_tr:0.0, 0.0, 0.0, 0.0, 0.0, 0.0, 0.0, 0.0, 0.0, 0.0
dl_tr:4.0113991779082205, 4.0126029586704135, 4.01260295807042, 4.012602952870472, 4.012602957270427, 4.011800441095589, 4.0126029593704065, 4.01300421905781, 4.01300421605784, 4.012602960770392
ul_er:0.0, 0.0, 0.0, 0.0, 0.0, 0.0, 0.0, 0.0, 0.0, 0.0
dl_er:95.87925120748793, 95.87737922620775, 95.87730322696773, 95.87757822421776, 95.87715622843771, 95.8781932180678, 95.87766822331776, 95.87691923080769, 95.87770022299777, 95.87745422545775
ul_er_ratio:0.0, 0.0, 0.0, 0.0, 0.0, 0.0, 0.0, 0.0, 0.0, 0.0
dl_er_ratio:0.9598420957073408, 0.9598297760105331, 0.9598297454535858, 0.9598298560920937, 0.9598296863464204, 0.9598378146385279, 0.9598298922221183, 0.9598257353648697, 0.9598260494948635, 0.9598298061508808
ul_er_perc:0.0, 0.0, 0.0, 0.0, 0.0, 0.0, 0.0, 0.0, 0.0, 0.0
dl_er_perc:95.98420957073408, 95.9829776010533, 95.98297454535857, 95.98298560920936, 95.98296863464203, 95.9837814638528, 95.98298922221183, 95.98257353648697, 95.98260494948634, 95.98298061508808
ul_l:0.0, 0.0, 0.0, 0.0, 0.0, 0.0, 0.0, 0.0, 0.0, 0.0
dl_l:0.0002920863792822072, 0.00029120806248237517, 0.00029172011456885433, 0.0002934428397896021, 0.00029251414431655687, 0.0002907568326096739, 0.00029102950768092323, 0.000291906829802702, 0.0002932189114188858, 0.00029116334876051243
ul_il:0.0, 0.0, 0.0, 0.0, 0.0, 0.0, 0.0, 0.0, 0.0, 0.0
dl_il:0.23978963290149097, 0.24000382012251875, 0.23999187419157808, 0.24137686669312308, 0.24026587424336757, 0.2390704123314467, 0.23972138595067052, 0.2399744438171068, 0.24060569402755977, 0.2392980610502955
sinr_ul:5.03798566e-04,2.30642990e-04,4.86207151e-04,6.46484483e-04,9.67527798e-04,7.74022239e-04,8.91786986e-04,1.17667017e-03,1.52800981e-03,1.74399329e-03,2.77949236e-02,5.90885840e-02,6.99087699e-02,6.90306651e-02,6.04201564e-02,4.39912412e-02,4.54913979e-02,3.14602903e-02,2.51156534e-02,1.31696170e-02,1.02142594e-02,1.06237484e-02,4.35680699e-03,2.96073279e-03,2.39292102e-03,1.02567720e-03,3.01497299e-04,2.26733787e-04,2.12562925e-04,2.01812616e-04,1.93016909e-04,1.86175804e-04,1.87641755e-04,9.62641294e-05,9.47981782e-05,9.47981782e-05,9.33322270e-05,9.38208774e-05,1.50015674e-04,5.28231086e-04
sinr_ul_bin_edges:-4.7579346 ,-2.71150223,-0.66506987, 1.3813625 , 3.42779486, 5.47422723, 7.52065959, 9.56709196,11.61352432,13.65995669,15.70638905,17.75282142,19.79925378,21.84568615,23.89211851,25.93855088,27.98498324,30.03141561,32.07784797,34.12428034,36.1707127 ,38.21714507,40.26357743,42.3100098 ,44.35644216,46.40287453,48.44930689,50.49573926,52.54217162,54.58860399,56.63503635,58.68146872,60.72790108,62.77433345,64.82076581,66.86719818,68.91363054,70.96006291,73.00649527,75.05292764,77.09936   
sinr_dl:5.03806244e-04,2.30646506e-04,4.86703219e-04,6.46494337e-04,9.67053887e-04,7.74034036e-04,8.91800578e-04,1.17668810e-03,1.52852176e-03,1.74304255e-03,2.77968132e-02,5.90660291e-02,6.99034829e-02,6.90307400e-02,6.04469761e-02,4.39972869e-02,4.54881820e-02,3.14627244e-02,2.51150589e-02,1.31707951e-02,1.02070852e-02,1.06297742e-02,4.35980535e-03,2.95882329e-03,2.39344615e-03,1.02618149e-03,3.01501894e-04,2.26737243e-04,2.12566165e-04,2.01815692e-04,1.93019851e-04,1.86178641e-04,1.87644615e-04,9.62655966e-05,9.47996231e-05,9.47996231e-05,9.33336495e-05,9.38223074e-05,1.50017960e-04,5.28239137e-04
sinr_dl_bin_edges: 4.984833  , 7.03123417, 9.07763535,11.12403653,13.1704377 ,15.21683888,17.26324005,19.30964123,21.3560424 ,23.40244357,25.44884475,27.49524592,29.5416471 ,31.58804828,33.63444945,35.68085063,37.7272518 ,39.77365298,41.82005415,43.86645533,45.9128565 ,47.95925768,50.00565885,52.05206003,54.0984612 ,56.14486238,58.19126355,60.23766473,62.2840659 ,64.33046708,66.37686825,68.42326943,70.4696706 ,72.51607178,74.56247295,76.60887412,78.6552753 ,80.70167647,82.74807765,84.79447882,86.84088   
rsrp_ul:5.04220768e-04,2.30570856e-04,5.04220768e-04,6.52060255e-04,9.68789223e-04,7.69548589e-04,8.91442736e-04,1.17047753e-03,1.53567044e-03,1.71973549e-03,2.81325816e-02,5.69989758e-02,6.87957837e-02,6.86968976e-02,6.40663887e-02,4.44101008e-02,4.46920728e-02,3.21041769e-02,2.50671152e-02,1.33838794e-02,9.61593062e-03,1.10532046e-02,4.53896598e-03,2.95825835e-03,2.35319343e-03,1.02802292e-03,3.29456871e-04,2.27633648e-04,2.12458071e-04,2.01198772e-04,1.94345286e-04,1.86023196e-04,1.93855752e-04,9.64383410e-05,9.49697369e-05,9.44802021e-05,9.39906674e-05,9.30115979e-05,1.50776696e-04,5.28697504e-04
rsrp_ul_bin_edges:-115.419815  ,-113.37707943,-111.33434385,-109.29160828,-107.2488727 ,-105.20613712,-103.16340155,-101.12066597, -99.0779304 , -97.03519482, -94.99245925, -92.94972368, -90.9069881 , -88.86425252, -86.82151695, -84.77878137, -82.7360458 , -80.69331023, -78.65057465, -76.60783908, -74.5651035 , -72.52236792, -70.47963235, -68.43689678, -66.3941612 , -64.35142562, -62.30869005, -60.26595448, -58.2232189 , -56.18048332, -54.13774775, -52.09501218, -50.0522766 , -48.00954103, -45.96680545, -43.92406988, -41.8813343 , -39.83859872, -37.79586315, -35.75312757, -33.710392  
rsrp_dl:5.04220768e-04,2.30570856e-04,5.04220768e-04,6.52060255e-04,9.68789223e-04,7.69548589e-04,8.91442736e-04,1.17047753e-03,1.53567044e-03,1.71973549e-03,2.81325816e-02,5.69989758e-02,6.87957837e-02,6.86968976e-02,6.40663887e-02,4.44101008e-02,4.46920728e-02,3.21041769e-02,2.50671152e-02,1.33838794e-02,9.61593062e-03,1.10532046e-02,4.53896598e-03,2.95825835e-03,2.35319343e-03,1.02802292e-03,3.29456871e-04,2.27633648e-04,2.12458071e-04,2.01198772e-04,1.94345286e-04,1.86023196e-04,1.93855752e-04,9.64383410e-05,9.49697369e-05,9.44802021e-05,9.39906674e-05,9.30115979e-05,1.50776696e-04,5.28697504e-04
rsrp_dl_bin_edges:-112.409515  ,-110.36677943,-108.32404385,-106.28130828,-104.2385727 ,-102.19583712,-100.15310155, -98.11036597, -96.0676304 , -94.02489482, -91.98215925, -89.93942368, -87.8966881 , -85.85395252, -83.81121695, -81.76848137, -79.7257458 , -77.68301023, -75.64027465, -73.59753908, -71.5548035 , -69.51206792, -67.46933235, -65.42659678, -63.3838612 , -61.34112562, -59.29839005, -57.25565448, -55.2129189 , -53.17018332, -51.12744775, -49.08471217, -47.0419766 , -44.99924103, -42.95650545, -40.91376987, -38.8710343 , -36.82829872, -34.78556315, -32.74282757, -30.700092  
cqi_ul:3.63663030e-03,0.00000000e+00,0.00000000e+00,1.60331730e-03,0.00000000e+00,0.00000000e+00,3.14330190e-03,0.00000000e+00,0.00000000e+00,0.00000000e+00,3.16996830e-03,0.00000000e+00,0.00000000e+00,6.23993760e-03,0.00000000e+00,0.00000000e+00,4.60328730e-03,0.00000000e+00,0.00000000e+00,0.00000000e+00,3.38996610e-03,0.00000000e+00,0.00000000e+00,6.06993930e-03,0.00000000e+00,0.00000000e+00,8.09658570e-03,0.00000000e+00,0.00000000e+00,0.00000000e+00,1.00665660e-02,0.00000000e+00,0.00000000e+00,1.07198928e-02,0.00000000e+00,0.00000000e+00,7.11992880e-02,0.00000000e+00,0.00000000e+00,3.20139465e+00
cqi_ul_bin_edges: 3. , 3.3, 3.6, 3.9, 4.2, 4.5, 4.8, 5.1, 5.4, 5.7, 6. , 6.3, 6.6, 6.9, 7.2, 7.5, 7.8, 8.1, 8.4, 8.7, 9. , 9.3, 9.6, 9.9,10.2,10.5,10.8,11.1,11.4,11.7,12. ,12.3,12.6,12.9,13.2,13.5,13.8,14.1,14.4,14.7,15. 
cqi_dl:5.51423057e-03,0.00000000e+00,0.00000000e+00,0.00000000e+00,0.00000000e+00,1.54284171e-03,0.00000000e+00,0.00000000e+00,0.00000000e+00,0.00000000e+00,0.00000000e+00,3.33139526e-03,0.00000000e+00,0.00000000e+00,0.00000000e+00,0.00000000e+00,0.00000000e+00,6.43422137e-03,0.00000000e+00,0.00000000e+00,0.00000000e+00,0.00000000e+00,7.86849274e-03,0.00000000e+00,0.00000000e+00,0.00000000e+00,0.00000000e+00,0.00000000e+00,1.03656106e-02,0.00000000e+00,0.00000000e+00,0.00000000e+00,0.00000000e+00,0.00000000e+00,5.99994000e-03,0.00000000e+00,0.00000000e+00,0.00000000e+00,0.00000000e+00,5.67322898e+00
cqi_dl_bin_edges: 8.   , 8.175, 8.35 , 8.525, 8.7  , 8.875, 9.05 , 9.225, 9.4  , 9.575, 9.75 , 9.925,10.1  ,10.275,10.45 ,10.625,10.8  ,10.975,11.15 ,11.325,11.5  ,11.675,11.85 ,12.025,12.2  ,12.375,12.55 ,12.725,12.9  ,13.075,13.25 ,13.425,13.6  ,13.775,13.95 ,14.125,14.3  ,14.475,14.65 ,14.825,15.   
mcs_ul:1.29998700e-03,3.78457754e-04,0.00000000e+00,3.98457554e-04,3.41535046e-04,0.00000000e+00,6.93839215e-04,7.56915508e-04,0.00000000e+00,7.35377262e-04,9.23067692e-06,0.00000000e+00,7.18454354e-04,1.09075832e-03,0.00000000e+00,1.78921288e-03,1.08614298e-03,0.00000000e+00,1.03845115e-03,0.00000000e+00,7.84607539e-04,0.00000000e+00,0.00000000e+00,7.79992200e-04,1.42921648e-03,0.00000000e+00,1.37229397e-03,1.52767703e-03,0.00000000e+00,2.20920868e-03,2.36305329e-03,0.00000000e+00,2.28305409e-03,2.19382422e-03,0.00000000e+00,2.75381862e-03,4.98302709e-03,0.00000000e+00,2.78597214e-02,1.47758522e+00
mcs_ul_bin_edges: 2.  , 2.65, 3.3 , 3.95, 4.6 , 5.25, 5.9 , 6.55, 7.2 , 7.85, 8.5 , 9.15, 9.8 ,10.45,11.1 ,11.75,12.4 ,13.05,13.7 ,14.35,15.  ,15.65,16.3 ,16.95,17.6 ,18.25,18.9 ,19.55,20.2 ,20.85,21.5 ,22.15,22.8 ,23.45,24.1 ,24.75,25.4 ,26.05,26.7 ,27.35,28.  
mcs_dl:1.99998000e-03,0.00000000e+00,5.73327600e-04,0.00000000e+00,0.00000000e+00,3.67996320e-04,0.00000000e+00,0.00000000e+00,0.00000000e+00,0.00000000e+00,3.51996480e-04,0.00000000e+00,0.00000000e+00,6.42660240e-04,0.00000000e+00,0.00000000e+00,9.11990880e-04,0.00000000e+00,1.46398536e-03,0.00000000e+00,0.00000000e+00,1.53865128e-03,0.00000000e+00,0.00000000e+00,1.73331600e-03,0.00000000e+00,1.93864728e-03,0.00000000e+00,0.00000000e+00,3.05063616e-03,0.00000000e+00,0.00000000e+00,1.78664880e-03,0.00000000e+00,1.29332040e-03,0.00000000e+00,0.00000000e+00,1.50398496e-03,0.00000000e+00,2.64750952e+00
mcs_dl_bin_edges:13.   ,13.375,13.75 ,14.125,14.5  ,14.875,15.25 ,15.625,16.   ,16.375,16.75 ,17.125,17.5  ,17.875,18.25 ,18.625,19.   ,19.375,19.75 ,20.125,20.5  ,20.875,21.25 ,21.625,22.   ,22.375,22.75 ,23.125,23.5  ,23.875,24.25 ,24.625,25.   ,25.375,25.75 ,26.125,26.5  ,26.875,27.25 ,27.625,28.   
eff_ul:8.42853557e-03,2.00090808e-03,1.71506407e-03,3.48420673e-03,0.00000000e+00,3.80095280e-03,3.69279560e-03,3.65416803e-03,5.47738929e-03,0.00000000e+00,8.98477257e-03,5.45421275e-03,0.00000000e+00,5.21472182e-03,0.00000000e+00,3.94001205e-03,3.91683550e-03,0.00000000e+00,7.17700233e-03,0.00000000e+00,6.89115832e-03,0.00000000e+00,7.67143522e-03,0.00000000e+00,1.10938378e-02,0.00000000e+00,0.00000000e+00,1.18663892e-02,0.00000000e+00,1.14646625e-02,0.00000000e+00,0.00000000e+00,1.10165827e-02,0.00000000e+00,1.38286697e-02,0.00000000e+00,2.50229392e-02,0.00000000e+00,1.39901330e-01,7.41989249e+00
eff_ul_bin_edges:0.37700003,0.50643996,0.6358799 ,0.76531983,0.89475977,1.0241997 ,1.15363964,1.28307957,1.4125195 ,1.54195944,1.67139937,1.80083931,1.93027924,2.05971918,2.18915911,2.31859904,2.44803898,2.57747891,2.70691885,2.83635878,2.96579872,3.09523865,3.22467858,3.35411852,3.48355845,3.61299839,3.74243832,3.87187825,4.00131819,4.13075812,4.26019806,4.38963799,4.51907793,4.64851786,4.77795779,4.90739773,5.03683766,5.1662776 ,5.29571753,5.42515747,5.5545974 
eff_dl:8.24055090e-03,0.00000000e+00,2.36229126e-03,0.00000000e+00,0.00000000e+00,1.51626137e-03,0.00000000e+00,1.45033696e-03,2.64796369e-03,0.00000000e+00,0.00000000e+00,0.00000000e+00,3.75769121e-03,0.00000000e+00,0.00000000e+00,6.03208326e-03,0.00000000e+00,0.00000000e+00,6.33973049e-03,0.00000000e+00,0.00000000e+00,7.14181078e-03,0.00000000e+00,0.00000000e+00,0.00000000e+00,7.98784067e-03,0.00000000e+00,0.00000000e+00,1.25695870e-02,0.00000000e+00,0.00000000e+00,7.36155880e-03,0.00000000e+00,0.00000000e+00,0.00000000e+00,5.32888958e-03,0.00000000e+00,6.19689428e-03,0.00000000e+00,1.09085776e+01
eff_dl_bin_edges:1.9141005 ,2.00511292,2.09612534,2.18713777,2.27815019,2.36916261,2.46017503,2.55118746,2.64219988,2.7332123 ,2.82422472,2.91523715,3.00624957,3.09726199,3.18827441,3.27928684,3.37029926,3.46131168,3.5523241 ,3.64333653,3.73434895,3.82536137,3.91637379,4.00738622,4.09839864,4.18941106,4.28042349,4.37143591,4.46244833,4.55346075,4.64447317,4.7354856 ,4.82649802,4.91751044,5.00852286,5.09953529,5.19054771,5.28156013,5.37257255,5.46358498,5.5545974 
rul: 0., 0., 0., 0., 0., 0., 0., 0., 0., 0., 0., 0., 0., 0., 0., 0., 0., 0., 0., 0.,40., 0., 0., 0., 0., 0., 0., 0., 0., 0., 0., 0., 0., 0., 0., 0., 0., 0., 0., 0.
rul_bin_edges:-0.5  ,-0.475,-0.45 ,-0.425,-0.4  ,-0.375,-0.35 ,-0.325,-0.3  ,-0.275,-0.25 ,-0.225,-0.2  ,-0.175,-0.15 ,-0.125,-0.1  ,-0.075,-0.05 ,-0.025, 0.   , 0.025, 0.05 , 0.075, 0.1  , 0.125, 0.15 , 0.175, 0.2  , 0.225, 0.25 , 0.275, 0.3  , 0.325, 0.35 , 0.375, 0.4  , 0.425, 0.45 , 0.475, 0.5  
rdl:0.45278227,0.        ,0.        ,0.        ,0.        ,0.        ,0.        ,0.        ,0.        ,0.        ,0.        ,0.        ,0.        ,0.        ,0.        ,0.        ,0.        ,0.        ,0.        ,0.04144408,0.        ,0.        ,0.        ,0.        ,0.        ,0.        ,0.        ,0.        ,0.        ,0.        ,0.        ,0.        ,0.        ,0.        ,0.        ,0.        ,0.        ,0.        ,0.        ,0.00419819
rdl_bin_edges: 0.        , 2.00632175, 4.0126435 , 6.01896525, 8.025287  ,10.03160875,12.0379305 ,14.04425225,16.050574  ,18.05689575,20.0632175 ,22.06953925,24.075861  ,26.08218275,28.0885045 ,30.09482625,32.101148  ,34.10746975,36.1137915 ,38.12011325,40.126435  ,42.13275675,44.1390785 ,46.14540025,48.151722  ,50.15804375,52.1643655 ,54.17068725,56.177009  ,58.18333075,60.1896525 ,62.19597425,64.202296  ,66.20861775,68.2149395 ,70.22126125,72.227583  ,74.23390475,76.2402265 ,78.24654825,80.25287   
lul: 0., 0., 0., 0., 0., 0., 0., 0., 0., 0., 0., 0., 0., 0., 0., 0., 0., 0., 0., 0.,40., 0., 0., 0., 0., 0., 0., 0., 0., 0., 0., 0., 0., 0., 0., 0., 0., 0., 0., 0.
lul_bin_edges:-0.5  ,-0.475,-0.45 ,-0.425,-0.4  ,-0.375,-0.35 ,-0.325,-0.3  ,-0.275,-0.25 ,-0.225,-0.2  ,-0.175,-0.15 ,-0.125,-0.1  ,-0.075,-0.05 ,-0.025, 0.   , 0.025, 0.05 , 0.075, 0.1  , 0.125, 0.15 , 0.175, 0.2  , 0.225, 0.25 , 0.275, 0.3  , 0.325, 0.35 , 0.375, 0.4  , 0.425, 0.45 , 0.475, 0.5  
ldl:8.73903363e+03,0.00000000e+00,0.00000000e+00,0.00000000e+00,0.00000000e+00,0.00000000e+00,0.00000000e+00,0.00000000e+00,0.00000000e+00,0.00000000e+00,0.00000000e+00,0.00000000e+00,0.00000000e+00,0.00000000e+00,0.00000000e+00,0.00000000e+00,0.00000000e+00,0.00000000e+00,0.00000000e+00,0.00000000e+00,0.00000000e+00,0.00000000e+00,0.00000000e+00,0.00000000e+00,0.00000000e+00,0.00000000e+00,0.00000000e+00,0.00000000e+00,6.62510631e+02,1.16688989e+01,1.35640127e+00,0.00000000e+00,2.69356280e-01,8.01815927e+01,4.13654287e-01,1.63537742e-01,7.31109903e-01,2.39534692e+00,1.21075648e+02,1.63537742e-01
ldl_bin_edges:0.        ,0.00010395,0.0002079 ,0.00031185,0.0004158 ,0.00051975,0.0006237 ,0.00072765,0.0008316 ,0.00093555,0.00103951,0.00114346,0.00124741,0.00135136,0.00145531,0.00155926,0.00166321,0.00176716,0.00187111,0.00197506,0.00207901,0.00218296,0.00228691,0.00239086,0.00249481,0.00259876,0.00270271,0.00280666,0.00291061,0.00301456,0.00311852,0.00322247,0.00332642,0.00343037,0.00353432,0.00363827,0.00374222,0.00384617,0.00395012,0.00405407,0.00415802
ilul: 0., 0., 0., 0., 0., 0., 0., 0., 0., 0., 0., 0., 0., 0., 0., 0., 0., 0., 0., 0.,40., 0., 0., 0., 0., 0., 0., 0., 0., 0., 0., 0., 0., 0., 0., 0., 0., 0., 0., 0.
ilul_bin_edges:-0.5  ,-0.475,-0.45 ,-0.425,-0.4  ,-0.375,-0.35 ,-0.325,-0.3  ,-0.275,-0.25 ,-0.225,-0.2  ,-0.175,-0.15 ,-0.125,-0.1  ,-0.075,-0.05 ,-0.025, 0.   , 0.025, 0.05 , 0.075, 0.1  , 0.125, 0.15 , 0.175, 0.2  , 0.225, 0.25 , 0.275, 0.3  , 0.325, 0.35 , 0.375, 0.4  , 0.425, 0.45 , 0.475, 0.5  
ildl:5.58947568e+00,2.27004644e-03,1.13194728e-03,1.11349161e-03,1.08888407e-03,1.07658029e-03,1.07042840e-03,1.10118784e-03,1.11349161e-03,1.08888407e-03,1.05812463e-03,1.08888407e-03,1.09503595e-03,1.07042840e-03,1.99444189e-02,1.92492556e-02,4.79385824e-01,1.44630872e-02,1.13133209e-02,6.15188737e-06,0.00000000e+00,5.53669864e-05,9.22783106e-05,1.04582085e-04,9.22783106e-05,1.41493410e-04,1.90708509e-04,1.90708509e-04,1.53797184e-04,2.09164171e-04,1.66100959e-04,2.03012283e-04,1.78404734e-04,1.84556621e-04,1.78404734e-04,1.96860396e-04,1.29189635e-04,9.84301980e-05,8.61264232e-05,9.22783106e-05
ildl_bin_edges:0.        ,0.16255011,0.32510023,0.48765034,0.65020046,0.81275057,0.97530069,1.13785081,1.30040092,1.46295103,1.62550115,1.78805127,1.95060138,2.11315149,2.27570161,2.43825172,2.60080184,2.76335196,2.92590207,3.08845218,3.2510023 ,3.41355241,3.57610253,3.73865264,3.90120276,4.06375287,4.22630299,4.3888531 ,4.55140322,4.71395334,4.87650345,5.03905356,5.20160368,5.3641538 ,5.52670391,5.68925402,5.85180414,6.01435425,6.17690437,6.33945449,6.5020046 
eul: 0., 0., 0., 0., 0., 0., 0., 0., 0., 0., 0., 0., 0., 0., 0., 0., 0., 0., 0., 0.,40., 0., 0., 0., 0., 0., 0., 0., 0., 0., 0., 0., 0., 0., 0., 0., 0., 0., 0., 0.
eul_bin_edges:-0.5  ,-0.475,-0.45 ,-0.425,-0.4  ,-0.375,-0.35 ,-0.325,-0.3  ,-0.275,-0.25 ,-0.225,-0.2  ,-0.175,-0.15 ,-0.125,-0.1  ,-0.075,-0.05 ,-0.025, 0.   , 0.025, 0.05 , 0.075, 0.1  , 0.125, 0.15 , 0.175, 0.2  , 0.225, 0.25 , 0.275, 0.3  , 0.325, 0.35 , 0.375, 0.4  , 0.425, 0.45 , 0.475, 0.5  
edl:1.36385733e-02,0.00000000e+00,0.00000000e+00,0.00000000e+00,0.00000000e+00,0.00000000e+00,0.00000000e+00,0.00000000e+00,0.00000000e+00,0.00000000e+00,0.00000000e+00,0.00000000e+00,0.00000000e+00,0.00000000e+00,0.00000000e+00,0.00000000e+00,0.00000000e+00,0.00000000e+00,0.00000000e+00,0.00000000e+00,0.00000000e+00,0.00000000e+00,0.00000000e+00,0.00000000e+00,0.00000000e+00,0.00000000e+00,1.62115831e-05,1.10834293e-04,1.75018928e-04,2.45158839e-04,3.07027534e-04,1.10834293e-04,3.96571717e-02,2.75124461e-01,5.89241419e-04,1.90568814e-04,3.67241985e-04,1.48220189e-04,1.45904248e-04,2.54753449e-05
edl_bin_edges:  0.    ,  3.0225,  6.045 ,  9.0675, 12.09  , 15.1125, 18.135 , 21.1575, 24.18  , 27.2025, 30.225 , 33.2475, 36.27  , 39.2925, 42.315 , 45.3375, 48.36  , 51.3825, 54.405 , 57.4275, 60.45  , 63.4725, 66.495 , 69.5175, 72.54  , 75.5625, 78.585 , 81.6075, 84.63  , 87.6525, 90.675 , 93.6975, 96.72  , 99.7425,102.765 ,105.7875,108.81  ,111.8325,114.855 ,117.8775,120.9   
gul: 0., 0., 0., 0., 0., 0., 0., 0., 0., 0., 0., 0., 0., 0., 0., 0., 0., 0., 0., 0.,40., 0., 0., 0., 0., 0., 0., 0., 0., 0., 0., 0., 0., 0., 0., 0., 0., 0., 0., 0.
gul_bin_edges:-0.5  ,-0.475,-0.45 ,-0.425,-0.4  ,-0.375,-0.35 ,-0.325,-0.3  ,-0.275,-0.25 ,-0.225,-0.2  ,-0.175,-0.15 ,-0.125,-0.1  ,-0.075,-0.05 ,-0.025, 0.   , 0.025, 0.05 , 0.075, 0.1  , 0.125, 0.15 , 0.175, 0.2  , 0.225, 0.25 , 0.275, 0.3  , 0.325, 0.35 , 0.375, 0.4  , 0.425, 0.45 , 0.475, 0.5  
gdl:3.17219657e-01,0.00000000e+00,0.00000000e+00,0.00000000e+00,0.00000000e+00,0.00000000e+00,0.00000000e+00,0.00000000e+00,0.00000000e+00,0.00000000e+00,0.00000000e+00,0.00000000e+00,0.00000000e+00,0.00000000e+00,0.00000000e+00,0.00000000e+00,0.00000000e+00,0.00000000e+00,0.00000000e+00,0.00000000e+00,0.00000000e+00,0.00000000e+00,0.00000000e+00,0.00000000e+00,0.00000000e+00,0.00000000e+00,3.30848635e-07,4.96272953e-06,1.02563077e-05,9.59461042e-06,1.38956427e-05,4.96272953e-06,1.72206715e-03,1.18076569e-02,1.95200695e-05,7.94036725e-06,1.65424318e-05,7.27866998e-06,6.28612407e-06,9.92545906e-07
gdl_bin_edges:  0.    ,  3.0225,  6.045 ,  9.0675, 12.09  , 15.1125, 18.135 , 21.1575, 24.18  , 27.2025, 30.225 , 33.2475, 36.27  , 39.2925, 42.315 , 45.3375, 48.36  , 51.3825, 54.405 , 57.4275, 60.45  , 63.4725, 66.495 , 69.5175, 72.54  , 75.5625, 78.585 , 81.6075, 84.63  , 87.6525, 90.675 , 93.6975, 96.72  , 99.7425,102.765 ,105.7875,108.81  ,111.8325,114.855 ,117.8775,120.9   
ri: 0., 0., 0., 0., 0., 0., 0., 0., 0., 0., 0., 0., 0., 0., 0., 0., 0., 0., 0., 0.,40., 0., 0., 0., 0., 0., 0., 0., 0., 0., 0., 0., 0., 0., 0., 0., 0., 0., 0., 0.
ri_bin_edges:0.5  ,0.525,0.55 ,0.575,0.6  ,0.625,0.65 ,0.675,0.7  ,0.725,0.75 ,0.775,0.8  ,0.825,0.85 ,0.875,0.9  ,0.925,0.95 ,0.975,1.   ,1.025,1.05 ,1.075,1.1  ,1.125,1.15 ,1.175,1.2  ,1.225,1.25 ,1.275,1.3  ,1.325,1.35 ,1.375,1.4  ,1.425,1.45 ,1.475,1.5  
