period:1
ue_log_freq:1000
mac_log_freq:1000
mimo_layers:2
frequency:2412000000.0
bandwidth:50000000
ue_speed:5.555555555555555
max_distance:1000
shannon_cfg_bandwidth_mhz:50.0
shannon_cfg_mimo_layers:2
shannon_cfg_bw_efficiency:0.67
shannon_cfg_sinr_offset_db:0
shannon_cfg_ul_divisor:2
shannon_cfg_sinr_sample_rate:1000
n_ue:90
sinr_period:9.463597741343282
sinr_rate:105.66805852612856
ul_fairness:0.7192720541607743
dl_fairness:0.6366346847783344
ul_agg_throughput:26.028556294882776
dl_agg_throughput:55.18411812800041
ul_ave_throughput:0.28920618105425305
dl_ave_throughput:0.6131568680888934
ul_se:0.5205711258976555
dl_se:1.103682362560008
ul_ase:1.657029358350505e-07
dl_ase:3.513130072095334e-07
ul_gr:0.04799959172336897, 0.04799959172336897, 0.04799959172336897, 0.04799959172336897, 0.04799959172336897, 0.04799959172336897, 0.04799959172336897, 0.04799959172336897, 0.04799959172336897, 0.04799959172336897, 0.04799959172336897, 0.04799959172336897, 0.04799959172336897, 0.04799959172336897, 0.04799959172336897, 0.04799959172336897, 0.04799959172336897, 0.04799959172336897, 0.04799959172336897, 0.04799959172336897, 0.04799959172336897, 0.04799959172336897, 0.04799959172336897, 0.04799959172336897, 0.04799959172336897, 0.04799959172336897, 0.04799959172336897, 0.04799959172336897, 0.04799959172336897, 0.04799959172336897, 0.04799959172336897, 0.04799959172336897, 0.04799959172336897, 0.04799959172336897, 0.04799959172336897, 0.04799959172336897, 0.04799959172336897, 0.04799959172336897, 0.04799959172336897, 0.04799959172336897, 0.04799959172336897, 0.04799959172336897, 0.04799959172336897, 0.04799959172336897, 0.04799959172336897, 0.04799959172336897, 0.04799959172336897, 0.04799959172336897, 0.04799959172336897, 0.04799959172336897, 0.04799959172336897, 0.04799959172336897, 0.04799959172336897, 0.04799959172336897, 0.04799959172336897, 0.04799959172336897, 0.04799959172336897, 0.04799959172336897, 0.04799959172336897, 0.04799959172336897, 0.04799959172336897, 0.04799959172336897, 0.04799959172336897, 0.04799959172336897, 0.04799959172336897, 0.04799959172336897, 0.04799959172336897, 0.04799959172336897, 0.04799959172336897, 0.04799959172336897, 0.04799959172336897, 0.04799959172336897, 0.04799959172336897, 0.04799959172336897, 0.04799959172336897, 0.04799959172336897, 0.04799959172336897, 0.04799959172336897, 0.04799959172336897, 0.04799959172336897, 0.04799959172336897, 0.04799959172336897, 0.04799959172336897, 0.04799959172336897, 0.04799959172336897, 0.04799959172336897, 0.04799959172336897, 0.04799959172336897, 0.04799959172336897, 0.04799959172336897
dl_gr:0.04799959172336897, 0.04799959172336897, 0.04799959172336897, 0.04799959172336897, 0.04799959172336897, 0.04799959172336897, 0.04799959172336897, 0.04799959172336897, 0.04799959172336897, 0.04799959172336897, 0.04799959172336897, 0.04799959172336897, 0.04799959172336897, 0.04799959172336897, 0.04799959172336897, 0.04799959172336897, 0.04799959172336897, 0.04799959172336897, 0.04799959172336897, 0.04799959172336897, 0.04799959172336897, 0.04799959172336897, 0.04799959172336897, 0.04799959172336897, 0.04799959172336897, 0.04799959172336897, 0.04799959172336897, 0.04799959172336897, 0.04799959172336897, 0.04799959172336897, 0.04799959172336897, 0.04799959172336897, 0.04799959172336897, 0.04799959172336897, 0.04799959172336897, 0.04799959172336897, 0.04799959172336897, 0.04799959172336897, 0.04799959172336897, 0.04799959172336897, 0.04799959172336897, 0.04799959172336897, 0.04799959172336897, 0.04799959172336897, 0.04799959172336897, 0.04799959172336897, 0.04799959172336897, 0.04799959172336897, 0.04799959172336897, 0.04799959172336897, 0.04799959172336897, 0.04799959172336897, 0.04799959172336897, 0.04799959172336897, 0.04799959172336897, 0.04799959172336897, 0.04799959172336897, 0.04799959172336897, 0.04799959172336897, 0.04799959172336897, 0.04799959172336897, 0.04799959172336897, 0.04799959172336897, 0.04799959172336897, 0.04799959172336897, 0.04799959172336897, 0.04799959172336897, 0.04799959172336897, 0.04799959172336897, 0.04799959172336897, 0.04799959172336897, 0.04799959172336897, 0.04799959172336897, 0.04799959172336897, 0.04799959172336897, 0.04799959172336897, 0.04799959172336897, 0.04799959172336897, 0.04799959172336897, 0.04799959172336897, 0.04799959172336897, 0.04799959172336897, 0.04799959172336897, 0.04799959172336897, 0.04799959172336897, 0.04799959172336897, 0.04799959172336897, 0.04799959172336897, 0.04799959172336897, 0.04799959172336897
ul_tr:0.04740522777344355, 0.04607984566358613, 0.04799679787445938, 0.031103666477396024, 0.019958060318780675, 0.04565663145241289, 0.0479967984161132, 0.030209346075841036, 0.047996797214748206, 0.018414709606319947, 0.016331818948083766, 0.04799679850756243, 0.012523393579053509, 0.007662542916309031, 0.04799719032611395, 0.03372560277945184, 0.04799719025833952, 0.020251843455929532, 0.005962282930492246, 0.04695817812394063, 0.039572616186023445, 0.023147466244231297, 0.04799718977856017, 0.018163239012699894, 0.047997190428379764, 0.04799719018969842, 0.04177330696225031, 0.047997174446429605, 0.047738793094207546, 0.04423494529327256, 0.03891565560718661, 0.047997190431154746, 0.04799719059771169, 0.03612962776331864, 0.015360953601661653, 0.04799719054693711, 0.04799719043801302, 0.047995446037741356, 0.04799673893082558, 0.04799719055787868, 0.04773599517841518, 0.04357870875770203, 0.0479971905244373, 0.047997190566078624, 0.033563344123840634, 0.01450877960330331, 0.04799719055340373, 0.04346089112870726, 0.04799154119052341, 0.0460648156442863, 0.047997190571028574, 0.04799522540211332, 0.01631793293469221, 0.04390963456572028, 0.046579953499129176, 0.046682646289364256, 0.021454357575336876, 0.04725538408152431, 0.04799718996145865, 0.04548459849015425, 0.04799719108280765, 0.047997191494545885, 0.04604080687618437, 0.04799719156829526, 0.047181377224548134, 0.04799719038540513, 0.047997193034491376, 0.047996798039508, 0.04799719162011983, 0.039769169292797564, 0.047997191654852875, 0.047997190554453714, 0.04511063194270048, 0.043690292968808594, 0.04044260617832351, 0.04628601033766385, 0.03856539522836476, 0.046723211540645494, 0.0054769545608036605, 0.046109209900392495, 0.04799719231518071, 0.04481602711181573, 0.03544770784340964, 0.04667601521283989, 0.04799719318767344, 0.04334164099686669, 0.041850042597586685, 0.04799719415994034, 0.04799719331339739, 0.003544898685135957
dl_tr:0.047997190771101914, 0.04799719088099267, 0.04799719382146816, 0.047121201879342677, 0.04799719836242198, 0.047997199691435906, 0.047997190646994606, 0.04792559787745102, 0.047997191220548165, 0.04158325714575712, 0.04799719642051316, 0.04799719064760294, 0.04761788125145623, 0.0476252122550812, 0.0479971908685261, 0.0466936070154332, 0.04799719103310806, 0.04667560831683903, 0.04799720767472772, 0.04799719289585087, 0.0479971953152557, 0.04423002668873592, 0.04799719148332931, 0.04799719771809402, 0.047997190631744735, 0.047997192854267894, 0.04647160748187932, 0.047997194342972144, 0.047997190642552985, 0.04799719340628829, 0.04799719447951268, 0.0479971906475446, 0.04799719063416972, 0.047997195481354324, 0.0479971996844443, 0.04799719064760294, 0.047997190647369604, 0.047997194870684406, 0.04799719064696127, 0.04799719064760294, 0.04799720082325147, 0.04799719300860827, 0.04799719064707795, 0.04799719064760294, 0.04717961077363522, 0.04584882250320414, 0.04799719064760294, 0.04799719083350139, 0.047997194952358734, 0.046278240196231696, 0.04799719064760294, 0.04799719188549262, 0.04799720389817585, 0.047997192746643776, 0.047948400253322886, 0.04799719122259814, 0.04730040914174049, 0.0479971919569337, 0.04799719257987851, 0.04684881116230699, 0.04799719159876168, 0.047997192680269335, 0.04799719202265815, 0.04799719405345789, 0.04733121400259997, 0.04799719064772794, 0.04799719433853051, 0.0479971925676036, 0.047997193327655605, 0.04518762086458446, 0.04799719350588746, 0.04799719066800277, 0.04799720131592237, 0.04577922056000367, 0.04064366698248348, 0.04799719124302298, 0.047361213727085606, 0.04799719973856884, 0.04799720415613204, 0.04736709871044408, 0.04799719255944533, 0.047429598819109846, 0.04799720037812185, 0.047997201822343155, 0.04799719460856993, 0.04799720367975267, 0.04799719092650895, 0.04799719564848627, 0.047997194057441184, 0.017086257715644034
ul_er:0.0, 0.0, 0.0, 0.0, 0.0, 0.0, 0.0, 0.0, 0.0, 0.0, 0.0, 0.0, 0.0, 0.0, 0.0, 0.0, 0.0, 0.0, 0.0, 0.0, 0.0, 0.0, 0.0, 0.0, 0.0, 0.0, 0.0, 0.0, 0.0, 0.0, 0.0, 0.0, 0.0, 0.0, 0.0, 0.0, 0.0, 0.0, 0.0, 0.0, 0.0, 0.0, 0.0, 0.0, 0.0, 0.0, 0.0, 0.0, 0.0, 0.0, 0.0, 0.0, 0.0, 0.0, 0.0, 0.0, 0.0, 0.0, 0.0, 0.0, 0.0, 0.0, 0.0, 0.0, 0.0, 0.0, 0.0, 0.0, 0.0, 0.0, 0.0, 0.0, 0.0, 0.0, 0.0, 0.0, 0.0, 0.0, 0.0, 0.0, 0.0, 0.0, 0.0, 0.0, 0.0, 0.0, 0.0, 0.0, 0.0, 0.0
dl_er:0.0, 0.0, 0.0, 0.0, 0.0, 0.0, 0.0, 0.0, 0.0, 0.0, 0.0, 0.0, 0.0, 0.0, 0.0, 0.0, 0.0, 0.0, 0.0, 0.0, 0.0, 0.0, 0.0, 0.0, 0.0, 0.0, 0.0, 0.0, 0.0, 0.0, 0.0, 0.0, 0.0, 0.0, 0.0, 0.0, 0.0, 0.0, 0.0, 0.0, 0.0, 0.0, 0.0, 0.0, 0.0, 0.0, 0.0, 0.0, 0.0, 0.0, 0.0, 0.0, 0.0, 0.0, 0.0, 0.0, 0.0, 0.0, 0.0, 0.0, 0.0, 0.0, 0.0, 0.0, 0.0, 0.0, 0.0, 0.0, 0.0, 0.0, 0.0, 0.0, 0.0, 0.0, 0.0, 0.0, 0.0, 0.0, 0.0, 0.0, 0.0, 0.0, 0.0, 0.0, 0.0, 0.0, 0.0, 0.0, 0.0, 0.0
ul_er_ratio:0.0, 0.0, 0.0, 0.0, 0.0, 0.0, 0.0, 0.0, 0.0, 0.0, 0.0, 0.0, 0.0, 0.0, 0.0, 0.0, 0.0, 0.0, 0.0, 0.0, 0.0, 0.0, 0.0, 0.0, 0.0, 0.0, 0.0, 0.0, 0.0, 0.0, 0.0, 0.0, 0.0, 0.0, 0.0, 0.0, 0.0, 0.0, 0.0, 0.0, 0.0, 0.0, 0.0, 0.0, 0.0, 0.0, 0.0, 0.0, 0.0, 0.0, 0.0, 0.0, 0.0, 0.0, 0.0, 0.0, 0.0, 0.0, 0.0, 0.0, 0.0, 0.0, 0.0, 0.0, 0.0, 0.0, 0.0, 0.0, 0.0, 0.0, 0.0, 0.0, 0.0, 0.0, 0.0, 0.0, 0.0, 0.0, 0.0, 0.0, 0.0, 0.0, 0.0, 0.0, 0.0, 0.0, 0.0, 0.0, 0.0, 0.0
dl_er_ratio:0.0, 0.0, 0.0, 0.0, 0.0, 0.0, 0.0, 0.0, 0.0, 0.0, 0.0, 0.0, 0.0, 0.0, 0.0, 0.0, 0.0, 0.0, 0.0, 0.0, 0.0, 0.0, 0.0, 0.0, 0.0, 0.0, 0.0, 0.0, 0.0, 0.0, 0.0, 0.0, 0.0, 0.0, 0.0, 0.0, 0.0, 0.0, 0.0, 0.0, 0.0, 0.0, 0.0, 0.0, 0.0, 0.0, 0.0, 0.0, 0.0, 0.0, 0.0, 0.0, 0.0, 0.0, 0.0, 0.0, 0.0, 0.0, 0.0, 0.0, 0.0, 0.0, 0.0, 0.0, 0.0, 0.0, 0.0, 0.0, 0.0, 0.0, 0.0, 0.0, 0.0, 0.0, 0.0, 0.0, 0.0, 0.0, 0.0, 0.0, 0.0, 0.0, 0.0, 0.0, 0.0, 0.0, 0.0, 0.0, 0.0, 0.0
ul_er_perc:0.0, 0.0, 0.0, 0.0, 0.0, 0.0, 0.0, 0.0, 0.0, 0.0, 0.0, 0.0, 0.0, 0.0, 0.0, 0.0, 0.0, 0.0, 0.0, 0.0, 0.0, 0.0, 0.0, 0.0, 0.0, 0.0, 0.0, 0.0, 0.0, 0.0, 0.0, 0.0, 0.0, 0.0, 0.0, 0.0, 0.0, 0.0, 0.0, 0.0, 0.0, 0.0, 0.0, 0.0, 0.0, 0.0, 0.0, 0.0, 0.0, 0.0, 0.0, 0.0, 0.0, 0.0, 0.0, 0.0, 0.0, 0.0, 0.0, 0.0, 0.0, 0.0, 0.0, 0.0, 0.0, 0.0, 0.0, 0.0, 0.0, 0.0, 0.0, 0.0, 0.0, 0.0, 0.0, 0.0, 0.0, 0.0, 0.0, 0.0, 0.0, 0.0, 0.0, 0.0, 0.0, 0.0, 0.0, 0.0, 0.0, 0.0
dl_er_perc:0.0, 0.0, 0.0, 0.0, 0.0, 0.0, 0.0, 0.0, 0.0, 0.0, 0.0, 0.0, 0.0, 0.0, 0.0, 0.0, 0.0, 0.0, 0.0, 0.0, 0.0, 0.0, 0.0, 0.0, 0.0, 0.0, 0.0, 0.0, 0.0, 0.0, 0.0, 0.0, 0.0, 0.0, 0.0, 0.0, 0.0, 0.0, 0.0, 0.0, 0.0, 0.0, 0.0, 0.0, 0.0, 0.0, 0.0, 0.0, 0.0, 0.0, 0.0, 0.0, 0.0, 0.0, 0.0, 0.0, 0.0, 0.0, 0.0, 0.0, 0.0, 0.0, 0.0, 0.0, 0.0, 0.0, 0.0, 0.0, 0.0, 0.0, 0.0, 0.0, 0.0, 0.0, 0.0, 0.0, 0.0, 0.0, 0.0, 0.0, 0.0, 0.0, 0.0, 0.0, 0.0, 0.0, 0.0, 0.0, 0.0, 0.0
ul_l:0.003049500273359389, 0.002549941906426613, 0.001722553210442413, 0.0012490889002191648, 0.0012738721101315821, 0.0012712997372455231, 0.0031343082363538633, 0.0015171690871517737, 0.002521388895570037, 0.000981747861076991, 0.0009303485443246307, 0.0031754217901567485, 0.0010017203458379512, 0.00047279398110015755, 0.0029311491705410787, 0.0012564649022649811, 0.0029283832574003546, 0.001177912633546387, 0.000408563676876026, 0.0015307711404946626, 0.0016109184933775552, 0.001190687699933334, 0.002769870649287089, 0.001078225439873001, 0.0030883433950917075, 0.0026524098676786022, 0.001839741455016208, 0.002311527185068458, 0.003250908824593962, 0.002241971858085349, 0.002590392626497279, 0.0032434132917925685, 0.0030970394002033316, 0.001943455294465046, 0.0009035303883809302, 0.0033208742897059187, 0.00315541469519004, 0.002280286728974759, 0.003277604660634495, 0.0033482297005524952, 0.0012554060973708552, 0.0019862776734877207, 0.003350568108384097, 0.0034032366453104557, 0.0020167952670661076, 0.0007557811545062125, 0.0034124390996166697, 0.0028245517914650712, 0.0021556557037358025, 0.0021875399920633994, 0.0034633490556370363, 0.0028813572930408912, 0.0008793390087990934, 0.00273346261041408, 0.003151409696952525, 0.002829849041349655, 0.001356700997140857, 0.002895338341116324, 0.0029132196224156467, 0.002365757707441605, 0.002821962302732477, 0.002479263340567162, 0.002292828924489796, 0.0024604453610769907, 0.0019189095999033341, 0.003455387787723436, 0.001756011861032825, 0.0022543187043316303, 0.002216700852299564, 0.0015308692126857276, 0.0017972673745127125, 0.003476312888140099, 0.0011879596378771844, 0.000977329622133149, 0.0013503126188131765, 0.0033386347847284606, 0.002084643742272981, 0.0019157309645869618, 0.00041058665386871774, 0.0009147263183981799, 0.0026846691434971376, 0.002722241691060075, 0.0015115461311105741, 0.0014996532073899384, 0.0025830047026591447, 0.0012582233727718936, 0.00314066823317889, 0.0017394267758968675, 0.002519378495770035, 0.00028939312518229014
dl_l:0.004024000525962284, 0.003943152151333739, 0.00344549883678136, 0.003363699305825785, 0.0027554435771385234, 0.002504350070130249, 0.004047032260371164, 0.0030729239014166553, 0.003958785981880984, 0.0025687034321063987, 0.002697709381720986, 0.0040470309954325386, 0.003215782674916876, 0.0022830450192248396, 0.004001701266256114, 0.003152230658210348, 0.003915875907482437, 0.002758096484801793, 0.0015717201840176331, 0.003689815211016575, 0.003182410242675478, 0.0029867226343955468, 0.003949873975466037, 0.002890270795843368, 0.004043589016101533, 0.0037726129891567568, 0.0032880771421871483, 0.0036030058614603213, 0.004044877057812851, 0.003483828717768185, 0.0035631278674902707, 0.004047019776611028, 0.004043001103375805, 0.0032498443006749944, 0.0028024937520353998, 0.004047023962140315, 0.004047030849723752, 0.003416227942096316, 0.0040470307437596355, 0.004047023962140315, 0.0026575749306447446, 0.0037445996920458997, 0.0040470355226998106, 0.004047023962140315, 0.0029591052349063757, 0.0018516126645719618, 0.004047023962140315, 0.003987919181342656, 0.0034252645859026176, 0.0033075491763385305, 0.004047023962140315, 0.0038796903281264326, 0.0021637980465204457, 0.0036862681871809404, 0.004043011447925434, 0.003939242778904343, 0.0030739993985575116, 0.0037797933874084383, 0.0036865142971516905, 0.0035213001908534092, 0.0038602146461287823, 0.003815489735817201, 0.0038166108981275157, 0.003659916513722386, 0.002669735432148899, 0.004047040874482713, 0.0034619457496804194, 0.00372782022922309, 0.0030481307843101308, 0.0030094912222189815, 0.003734090944997125, 0.004028393497180856, 0.002605949678990175, 0.0020444003202039983, 0.0026091937236614694, 0.003963544981114324, 0.0030787938747227103, 0.0029679020200023332, 0.0018708331789993415, 0.00242844403437888, 0.0037442260088190933, 0.003609143720525662, 0.0028292661368996925, 0.0027606938479271008, 0.003599197832829726, 0.0023830171361280323, 0.004004132661926984, 0.002926363372996058, 0.0035897769508295763, 0.0012646148023116473
ul_il:0.11972061613089807, 1.5943125906287898, 7.082864419256656, 3.6711114555671736, 3.6720400094868224, 2.5787270531845805, 0.07033353986110616, 1.8635959189287838, 2.1765433745436122, 2.4875674544868103, 4.495447445653596, 0.016512398338800513, 9.190895585384286, 4.178216944944089, 0.3079533258677836, 2.488721609579031, 0.5981114567391654, 0.7662811436325764, 1.0669148393832635, 3.211780309135852, 0.994484934977412, 2.544455488736265, 0.3513659211841959, 1.8933809106747035, 0.051655477357268685, 1.4084245685550425, 0.9472956595977109, 0.9708354013626369, 0.006566755769767753, 0.6625145890324207, 0.018546911469392757, 0.01654146943794552, 0.03545280192147816, 0.6296986500301964, 3.914192648491966, 0.004977283909075758, 0.07032460536632196, 1.8374318993271965, 0.028837939501633318, 0.0035746039799585, 1.364177210780795, 0.3112213734899651, 0.021968066684492627, 0.003735140031959734, 0.2929151473412447, 0.7602781126614194, 0.003647327451601237, 0.04613718721449988, 0.7454060631558463, 0.49042782974610966, 0.0036516464788568428, 0.08474927448852508, 0.12056815366483281, 0.03262995935698619, 0.02665779546139449, 0.06144563462979142, 3.342129603124719, 0.35120093161500904, 0.1795597431633778, 0.10098975502882893, 0.08364594986651445, 0.2794934237025283, 0.21652802205193458, 0.20120366652117563, 0.14064020248019515, 0.032073996533615555, 0.2862549828638961, 1.622512645966301, 0.38575566684391377, 0.20375601791662898, 0.30308501204409294, 0.02836359164523129, 0.6001161719543054, 0.3007940327993066, 0.15330063947713102, 0.028699133897113357, 0.11291432279973417, 0.26795251692241645, 2.4378638230957077, 0.42384843682548645, 0.06461201788384763, 0.030424991369826085, 0.07899593648060267, 0.2712718755978175, 0.032432518357323685, 0.16560743279179924, 0.005727245186612611, 0.4914384410973833, 0.06360390045440455, 0.8170646503665335
dl_il:0.0040602399202323315, 0.004189834269756919, 0.009794654110064917, 0.011492671905229955, 0.025156871387093445, 0.040333845852842894, 0.0040471686783685136, 0.01611212910606495, 0.0044196741849967915, 0.04537744271030242, 0.09886115388696179, 0.0040470309954325386, 0.024674244064180298, 0.07079201668484512, 0.004135983498254181, 0.01668436894528129, 0.005101916775675203, 0.03156296165675203, 0.14473158701132574, 0.006822333387728436, 0.026426179700101665, 0.010367164223584803, 0.0040841697806284945, 0.048373479529188926, 0.004044995311071575, 0.004499888925160624, 0.009425396211888233, 0.0109575335600695, 0.004045376744995458, 0.009425217171981899, 0.02062963544578712, 0.004047591081038492, 0.004044769366825276, 0.022197113302476642, 0.05600073723610387, 0.004047023962140315, 0.0040470603868859424, 0.01410485297663186, 0.004047074972690227, 0.004047023962140315, 0.025861261870858576, 0.0056240804000841655, 0.004047230134208048, 0.004047023962140315, 0.04036086744783627, 0.06321844936634444, 0.004047023962140315, 0.004236012301089991, 0.02474697072571395, 0.01122502775226123, 0.004047023962140315, 0.00498438311268406, 0.06062386407541937, 0.005854388273829384, 0.004044500615961534, 0.004403712495104207, 0.016129742232383896, 0.007134409128129765, 0.0073527654226156446, 0.008852716435349706, 0.004424497741685486, 0.00443480942724644, 0.004869355858850343, 0.006245656999142507, 0.025196865002799145, 0.004047076164780294, 0.01069244678646678, 0.006732109753056223, 0.01978291689436755, 0.009592277360745326, 0.005029073288128433, 0.004054892499941667, 0.01854241479217673, 0.02599319458732927, 0.012390317216064034, 0.004177177615339872, 0.012197265996277531, 0.02012520214505296, 0.04437562478995342, 0.020910182504648298, 0.005938901144211298, 0.00576602627157857, 0.04129434670566745, 0.018086637406688283, 0.006646420059289505, 0.016977156549989582, 0.004107386057516187, 0.022325669400295827, 0.006240372577524354, 0.0026522816598795003
sinr_ul:3.14073703e-05,1.99946210e-04,1.27131680e-03,3.76791767e-03,8.61060199e-03,1.75991088e-02,2.63496186e-02,3.01336489e-02,2.86124613e-02,2.06357082e-02,1.46239607e-02,1.07004687e-02,1.48320624e-02,2.42134216e-02,2.75277048e-02,1.64069673e-02,9.58006596e-03,5.39552345e-03,3.55042101e-03,1.82388325e-03,8.92891458e-04,5.07203001e-04,1.22134265e-04,6.33353047e-05,5.16597945e-05,4.86107759e-05,3.36135707e-05,3.35144156e-05,1.99549590e-05,1.80214350e-05,1.29645262e-05,5.82536070e-06,5.55268424e-06,5.37916286e-06,9.17184451e-06,1.08326920e-05,5.50310671e-06,1.95831275e-06,1.93352398e-06,4.66028856e-06
sinr_ul_bin_edges:-30.747179  ,-27.01194627,-23.27671355,-19.54148082,-15.8062481 ,-12.07101537, -8.33578265, -4.60054992, -0.8653172 ,  2.86991553,  6.60514825, 10.34038098, 14.0756137 , 17.81084643, 21.54607915, 25.28131188, 29.0165446 , 32.75177733, 36.48701005, 40.22224277, 43.9574755 , 47.69270823, 51.42794095, 55.16317368, 58.8984064 , 62.63363913, 66.36887185, 70.10410458, 73.8393373 , 77.57457003, 81.30980275, 85.04503548, 88.7802682 , 92.51550093, 96.25073365, 99.98596638,103.7211991 ,107.45643183,111.19166455,114.92689728,118.66213   
sinr_dl:3.10386128e-05,1.94478285e-04,1.14339470e-03,3.56233220e-03,7.93085886e-03,1.66993049e-02,2.50834996e-02,4.09918637e-02,2.11246472e-02,2.21637198e-02,1.53842492e-02,1.19849267e-02,1.53478731e-02,2.51226330e-02,3.01081122e-02,1.59715038e-02,8.86783540e-03,5.40297001e-03,2.79863561e-03,1.57315427e-03,9.62374073e-04,3.21592408e-04,1.10494426e-04,5.48930643e-05,5.14527616e-05,4.47745271e-05,3.43524338e-05,3.63761412e-05,1.82133670e-05,1.76568474e-05,1.14845397e-05,5.81815889e-06,5.56519546e-06,5.38812106e-06,6.77941992e-06,1.47477680e-05,5.18575031e-06,1.97311475e-06,1.89722572e-06,4.73041614e-06
sinr_dl_bin_edges:-23.927124  ,-20.26683915,-16.6065543 ,-12.94626945, -9.2859846 , -5.62569975, -1.9654149 ,  1.69486995,  5.3551548 ,  9.01543965, 12.6757245 , 16.33600935, 19.9962942 , 23.65657905, 27.3168639 , 30.97714875, 34.6374336 , 38.29771845, 41.9580033 , 45.61828815, 49.278573  , 52.93885785, 56.5991427 , 60.25942755, 63.9197124 , 67.57999725, 71.2402821 , 74.90056695, 78.5608518 , 82.22113665, 85.8814215 , 89.54170635, 93.2019912 , 96.86227605,100.5225609 ,104.18284575,107.8431306 ,111.50341545,115.1637003 ,118.82398515,122.48427   
rsrp_ul:3.13983996e-05,2.02292925e-04,1.25236742e-03,3.75189811e-03,8.60380581e-03,1.75858297e-02,2.63253896e-02,3.01379038e-02,2.86147468e-02,2.06592052e-02,1.46235258e-02,1.06811061e-02,1.49041041e-02,2.42308413e-02,2.74599945e-02,1.63348997e-02,9.63462493e-03,5.37760167e-03,3.54638356e-03,1.82155325e-03,9.03490806e-04,5.08098963e-04,1.21455056e-04,6.29950527e-05,5.13476590e-05,4.89933986e-05,3.37278783e-05,3.33065896e-05,1.98996960e-05,1.80410694e-05,1.28369147e-05,5.82369684e-06,5.52631658e-06,5.35284476e-06,9.21878819e-06,1.07552529e-05,5.57587996e-06,1.95775341e-06,1.93297172e-06,4.65895747e-06
rsrp_ul_bin_edges:-156.93196  ,-153.1956601,-149.4593602,-145.7230603,-141.9867604,-138.2504605,-134.5141606,-130.7778607,-127.0415608,-123.3052609,-119.568961 ,-115.8326611,-112.0963612,-108.3600613,-104.6237614,-100.8874615, -97.1511616, -93.4148617, -89.6785618, -85.9422619, -82.205962 , -78.4696621, -74.7333622, -70.9970623, -67.2607624, -63.5244625, -59.7881626, -56.0518627, -52.3155628, -48.5792629, -44.842963 , -41.1066631, -37.3703632, -33.6340633, -29.8977634, -26.1614635, -22.4251636, -18.6888637, -14.9525638, -11.2162639,  -7.479964 
rsrp_dl:3.10321911e-05,1.96233717e-04,1.12585902e-03,3.55507007e-03,7.92833282e-03,1.66949647e-02,2.50530188e-02,4.10149966e-02,2.11355777e-02,2.21439090e-02,1.53821538e-02,1.20089521e-02,1.53377174e-02,2.51694085e-02,3.00259338e-02,1.60006226e-02,8.85464499e-03,5.40309143e-03,2.79180968e-03,1.58160481e-03,9.59494105e-04,3.20969468e-04,1.10041617e-04,5.45782139e-05,5.16191541e-05,4.46640990e-05,3.43959087e-05,3.61409952e-05,1.82348898e-05,1.77796498e-05,1.13304170e-05,5.81695514e-06,5.53875294e-06,5.38700628e-06,6.80330840e-06,1.47194256e-05,5.20996852e-06,1.97270653e-06,1.89683320e-06,4.72943744e-06
rsrp_dl_bin_edges:-155.62427  ,-151.9632277,-148.3021854,-144.6411431,-140.9801008,-137.3190585,-133.6580162,-129.9969739,-126.3359316,-122.6748893,-119.013847 ,-115.3528047,-111.6917624,-108.0307201,-104.3696778,-100.7086355, -97.0475932, -93.3865509, -89.7255086, -86.0644663, -82.403424 , -78.7423817, -75.0813394, -71.4202971, -67.7592548, -64.0982125, -60.4371702, -56.7761279, -53.1150856, -49.4540433, -45.793001 , -42.1319587, -38.4709164, -34.8098741, -31.1488318, -27.4877895, -23.8267472, -20.1657049, -16.5046626, -12.8436203,  -9.182578 
cqi_ul:0.99678774,0.        ,0.28830056,0.        ,0.        ,0.19500578,0.        ,0.        ,0.09809276,0.        ,0.05482942,0.        ,0.        ,0.07156533,0.        ,0.        ,0.0533761 ,0.        ,0.1179405 ,0.        ,0.        ,0.13431567,0.        ,0.        ,0.15148763,0.        ,0.12700734,0.        ,0.        ,0.07422679,0.        ,0.        ,0.07613319,0.        ,0.06092246,0.        ,0.        ,0.03516761,0.        ,0.13150779
cqi_ul_bin_edges: 0.   , 0.375, 0.75 , 1.125, 1.5  , 1.875, 2.25 , 2.625, 3.   , 3.375, 3.75 , 4.125, 4.5  , 4.875, 5.25 , 5.625, 6.   , 6.375, 6.75 , 7.125, 7.5  , 7.875, 8.25 , 8.625, 9.   , 9.375, 9.75 ,10.125,10.5  ,10.875,11.25 ,11.625,12.   ,12.375,12.75 ,13.125,13.5  ,13.875,14.25 ,14.625,15.   
cqi_dl:0.4499639 ,0.        ,0.46210059,0.        ,0.        ,0.24964434,0.        ,0.        ,0.19281642,0.        ,0.08330894,0.        ,0.        ,0.07274137,0.        ,0.        ,0.03739376,0.        ,0.063777  ,0.        ,0.        ,0.06988929,0.        ,0.        ,0.08708495,0.        ,0.10167175,0.        ,0.        ,0.10158409,0.        ,0.        ,0.17367485,0.        ,0.16162458,0.        ,0.        ,0.07960551,0.        ,0.27978532
cqi_dl_bin_edges: 0.   , 0.375, 0.75 , 1.125, 1.5  , 1.875, 2.25 , 2.625, 3.   , 3.375, 3.75 , 4.125, 4.5  , 4.875, 5.25 , 5.625, 6.   , 6.375, 6.75 , 7.125, 7.5  , 7.875, 8.25 , 8.625, 9.   , 9.375, 9.75 ,10.125,10.5  ,10.875,11.25 ,11.625,12.   ,12.375,12.75 ,13.125,13.5  ,13.875,14.25 ,14.625,15.   
mcs_ul:0.68844016,0.05920625,0.04526113,0.        ,0.02980703,0.02274267,0.        ,0.0148848 ,0.01448811,0.        ,0.01831334,0.02002523,0.01378904,0.        ,0.0148053 ,0.03056575,0.        ,0.03261666,0.03549388,0.        ,0.03646094,0.03998194,0.04117214,0.        ,0.03626094,0.0317787 ,0.        ,0.01949904,0.02025777,0.        ,0.02244532,0.01834786,0.01675515,0.        ,0.01588188,0.01006711,0.        ,0.00877268,0.        ,0.0704506 
mcs_ul_bin_edges: 0. , 0.7, 1.4, 2.1, 2.8, 3.5, 4.2, 4.9, 5.6, 6.3, 7. , 7.7, 8.4, 9.1, 9.8,10.5,11.2,11.9,12.6,13.3,14. ,14.7,15.4,16.1,16.8,17.5,18.2,18.9,19.6,20.3,21. ,21.7,22.4,23.1,23.8,24.5,25.2,25.9,26.6,27.3,28. 
mcs_dl:0.48860598,0.06115729,0.07258074,0.        ,0.06024275,0.04305176,0.        ,0.02328975,0.02134003,0.        ,0.02046425,0.01850434,0.0103429 ,0.        ,0.00968947,0.01681639,0.        ,0.01734986,0.01842868,0.        ,0.01901201,0.0234129 ,0.02323975,0.        ,0.02463789,0.02982912,0.        ,0.02554225,0.02886405,0.        ,0.04431035,0.04874351,0.04383918,0.        ,0.04274541,0.02365443,0.        ,0.01899138,0.        ,0.14988499
mcs_dl_bin_edges: 0. , 0.7, 1.4, 2.1, 2.8, 3.5, 4.2, 4.9, 5.6, 6.3, 7. , 7.7, 8.4, 9.1, 9.8,10.5,11.2,11.9,12.6,13.3,14. ,14.7,15.4,16.1,16.8,17.5,18.2,18.9,19.6,20.3,21. ,21.7,22.4,23.1,23.8,24.5,25.2,25.9,26.6,27.3,28. 
eff_ul:2.01879554,0.58389551,0.22383294,0.17111253,0.11268733,0.        ,0.08598008,0.0562729 ,0.        ,0.05477319,0.06923472,0.07570663,0.05213032,0.05597236,0.11555573,0.        ,0.12330932,0.13418685,0.        ,0.13784286,0.        ,0.15115423,0.15565386,0.        ,0.13708675,0.        ,0.12014137,0.07371735,0.07658576,0.08485592,0.        ,0.06936524,0.        ,0.0633439 ,0.        ,0.06004243,0.        ,0.03805935,0.03316566,0.26634291
eff_ul_bin_edges:0.        ,0.18515763,0.37031527,0.5554729 ,0.74063053,0.92578816,1.1109458 ,1.29610343,1.48126106,1.66641869,1.85157632,2.03673396,2.22189159,2.40704922,2.59220686,2.77736449,2.96252212,3.14767975,3.33283738,3.51799502,3.70315265,3.88831028,4.07346792,4.25862555,4.44378318,4.62894081,4.81409844,4.99925608,5.18441371,5.36957134,5.55472897,5.73988661,5.92504424,6.11020187,6.29535951,6.48051714,6.66567477,6.8508324 ,7.03599004,7.22114767,7.4063053 
eff_dl:0.9113125 ,0.93589295,0.23120897,0.27439604,0.22775149,0.        ,0.16275986,0.08804837,0.        ,0.08067733,0.07736637,0.06995683,0.03910199,0.03663165,0.06357543,0.        ,0.06559221,0.06967079,0.        ,0.0718761 ,0.        ,0.08851393,0.08785934,0.        ,0.09314508,0.        ,0.11277084,0.09656406,0.10912233,0.16751803,0.        ,0.18427788,0.        ,0.16573678,0.        ,0.1616017 ,0.        ,0.08942706,0.07179808,0.56664959
eff_dl_bin_edges:0.        ,0.18515763,0.37031527,0.5554729 ,0.74063053,0.92578816,1.1109458 ,1.29610343,1.48126106,1.66641869,1.85157632,2.03673396,2.22189159,2.40704922,2.59220686,2.77736449,2.96252212,3.14767975,3.33283738,3.51799502,3.70315265,3.88831028,4.07346792,4.25862555,4.44378318,4.62894081,4.81409844,4.99925608,5.18441371,5.36957134,5.55472897,5.73988661,5.92504424,6.11020187,6.29535951,6.48051714,6.66567477,6.8508324 ,7.03599004,7.22114767,7.4063053 
rul:1.88435716e+00,8.43308429e-03,2.83329413e-03,1.55463788e-03,4.77606412e-04,2.53832778e-04,1.56975534e-04,8.61343916e-05,7.01380046e-05,3.93757219e-05,3.35748343e-05,2.44340417e-05,3.11138517e-05,2.17972746e-05,1.89847230e-05,2.23246280e-05,1.86331541e-05,9.49236152e-06,5.27353418e-06,7.91030127e-06,4.57039629e-06,4.04304287e-06,2.10941367e-06,2.98833603e-06,2.63676709e-06,1.75784473e-06,2.28519814e-06,8.78922363e-07,2.10941367e-06,1.05470684e-06,1.23049131e-06,8.78922363e-07,7.03137890e-07,1.58206025e-06,1.93362920e-06,3.51568945e-07,8.78922363e-07,1.75784473e-07,0.00000000e+00,1.75784473e-07
rul_bin_edges: 0.        , 0.52673492, 1.05346985, 1.58020477, 2.1069397 , 2.63367462, 3.16040955, 3.68714447, 4.2138794 , 4.74061432, 5.26734925, 5.79408418, 6.3208191 , 6.84755402, 7.37428895, 7.90102387, 8.4277588 , 8.95449372, 9.48122865,10.00796357,10.5346985 ,11.06143342,11.58816835,12.11490327,12.6416382 ,13.16837312,13.69510805,14.22184297,14.7485779 ,15.27531282,15.80204775,16.32878267,16.8555176 ,17.38225252,17.90898745,18.43572237,18.9624573 ,19.48919223,20.01592715,20.54266207,21.069397  
rdl:2.51901011e+00,2.89959210e-05,2.71252164e-05,2.89959210e-05,4.54347375e-04,3.06842319e-03,7.22091968e-04,1.51994747e-05,4.95736714e-05,1.97593171e-04,8.11184274e-04,7.34953062e-04,2.33838073e-04,4.70014526e-05,2.33838073e-06,2.33838073e-07,9.35352290e-07,2.33838073e-07,1.40302844e-05,9.58736097e-06,1.12242275e-05,1.63686651e-06,0.00000000e+00,2.33838073e-07,7.01514218e-07,0.00000000e+00,0.00000000e+00,7.01514218e-07,0.00000000e+00,0.00000000e+00,0.00000000e+00,0.00000000e+00,0.00000000e+00,0.00000000e+00,0.00000000e+00,0.00000000e+00,0.00000000e+00,0.00000000e+00,0.00000000e+00,9.35352290e-07
rdl_bin_edges: 0.        , 0.39596555, 0.7919311 , 1.18789665, 1.5838622 , 1.97982775, 2.3757933 , 2.77175885, 3.1677244 , 3.56368995, 3.9596555 , 4.35562105, 4.7515866 , 5.14755215, 5.5435177 , 5.93948325, 6.3354488 , 6.73141435, 7.1273799 , 7.52334545, 7.919311  , 8.31527655, 8.7112421 , 9.10720765, 9.5031732 , 9.89913875,10.2951043 ,10.69106985,11.0870354 ,11.48300095,11.8789665 ,12.27493205,12.6708976 ,13.06686315,13.4628287 ,13.85879425,14.2547598 ,14.65072535,15.0466909 ,15.44265645,15.838622  
lul:1.32730856e+03,0.00000000e+00,0.00000000e+00,0.00000000e+00,0.00000000e+00,0.00000000e+00,0.00000000e+00,0.00000000e+00,0.00000000e+00,0.00000000e+00,0.00000000e+00,5.00002405e+02,1.88191834e+02,2.06241770e+02,2.72813649e-01,1.21387672e-02,0.00000000e+00,0.00000000e+00,0.00000000e+00,0.00000000e+00,0.00000000e+00,0.00000000e+00,0.00000000e+00,0.00000000e+00,2.05741817e-04,0.00000000e+00,0.00000000e+00,0.00000000e+00,0.00000000e+00,0.00000000e+00,0.00000000e+00,0.00000000e+00,0.00000000e+00,0.00000000e+00,0.00000000e+00,2.05741817e-04,0.00000000e+00,0.00000000e+00,0.00000000e+00,2.05741817e-04
lul_bin_edges:0.        ,0.00045004,0.00090008,0.00135012,0.00180016,0.00225019,0.00270023,0.00315027,0.00360031,0.00405035,0.00450039,0.00495043,0.00540047,0.00585051,0.00630054,0.00675058,0.00720062,0.00765066,0.0081007 ,0.00855074,0.00900078,0.00945082,0.00990086,0.01035089,0.01080093,0.01125097,0.01170101,0.01215105,0.01260109,0.01305113,0.01350117,0.01395121,0.01440124,0.01485128,0.01530132,0.01575136,0.0162014 ,0.01665144,0.01710148,0.01755152,0.01800156
ldl:7.36979957e+02,0.00000000e+00,0.00000000e+00,0.00000000e+00,0.00000000e+00,0.00000000e+00,0.00000000e+00,0.00000000e+00,0.00000000e+00,1.95215008e+02,6.35662813e+02,4.16617908e+02,1.50810974e+01,1.33303749e-02,1.85144095e-04,3.70288190e-04,0.00000000e+00,0.00000000e+00,0.00000000e+00,0.00000000e+00,1.85144095e-04,1.85144095e-04,0.00000000e+00,1.85144095e-04,1.85144095e-04,3.70288190e-04,0.00000000e+00,1.85144095e-04,0.00000000e+00,0.00000000e+00,0.00000000e+00,3.70288190e-04,0.00000000e+00,0.00000000e+00,0.00000000e+00,1.85144095e-04,0.00000000e+00,1.85144095e-04,0.00000000e+00,1.85144095e-04
ldl_bin_edges:0.        ,0.00050011,0.00100021,0.00150032,0.00200043,0.00250053,0.00300064,0.00350075,0.00400085,0.00450096,0.00500107,0.00550117,0.00600128,0.00650139,0.0070015 ,0.0075016 ,0.00800171,0.00850182,0.00900192,0.00950203,0.01000214,0.01050224,0.01100235,0.01150246,0.01200256,0.01250267,0.01300278,0.01350288,0.01400299,0.0145031 ,0.0150032 ,0.01550331,0.01600342,0.01650352,0.01700363,0.01750374,0.01800384,0.01850395,0.01900406,0.01950417,0.02000427
ilul:3.57922132e-01,4.23870605e-03,2.41129254e-03,1.56590650e-03,1.76508523e-03,1.06996294e-03,8.57614789e-04,6.74183612e-04,5.29668412e-04,7.99153722e-04,5.86387492e-04,4.68733725e-04,2.67778163e-04,3.45366242e-04,3.66653317e-04,4.26368613e-04,1.29150878e-04,3.47038549e-04,2.13463025e-04,9.69241283e-05,6.30947507e-05,8.86322726e-05,1.04519189e-05,1.90050726e-04,9.64363721e-05,1.90677841e-04,6.33386288e-05,1.67021665e-04,2.09735173e-05,0.00000000e+00,3.61984793e-05,8.72735232e-05,3.66513958e-05,0.00000000e+00,3.21222309e-05,5.19111974e-05,9.40672705e-06,1.21939054e-05,1.44933276e-05,1.97192871e-05
ilul_bin_edges:  0.        ,  2.65765038,  5.31530075,  7.97295113, 10.6306015 , 13.28825188, 15.94590225, 18.60355263, 21.261203  , 23.91885338, 26.57650375, 29.23415413, 31.8918045 , 34.54945488, 37.20710525, 39.86475563, 42.522406  , 45.18005638, 47.83770675, 50.49535713, 53.1530075 , 55.81065788, 58.46830825, 61.12595863, 63.783609  , 66.44125938, 69.09890975, 71.75656013, 74.4142105 , 77.07186088, 79.72951125, 82.38716163, 85.044812  , 87.70246238, 90.36011275, 93.01776313, 95.6754135 , 98.33306388,100.99071425,103.64836463,106.306015  
ildl:1.32741033e+00,1.00030708e-03,5.40589912e-04,5.29494566e-04,3.45804949e-04,3.16094079e-04,2.15866120e-04,1.82210237e-04,1.18473639e-04,9.61596651e-05,1.17240822e-04,1.32281180e-04,6.47228515e-05,3.92035558e-05,3.64913601e-05,7.21197488e-05,2.99574341e-05,2.31769449e-05,1.52869211e-05,2.97108709e-05,1.61498925e-05,1.47937946e-05,1.20815989e-05,1.01090930e-05,5.67095461e-06,4.80798326e-06,4.80798326e-06,5.05454650e-06,4.93126488e-06,4.43813839e-06,8.50643191e-06,3.32860379e-06,1.07255011e-05,3.45188541e-06,2.95875893e-06,3.45188541e-06,1.63964557e-05,1.72594271e-06,1.72594271e-06,1.97250595e-06
ildl_bin_edges: 0.       , 0.7510594, 1.5021188, 2.2531782, 3.0042376, 3.755297 , 4.5063564, 5.2574158, 6.0084752, 6.7595346, 7.510594 , 8.2616534, 9.0127128, 9.7637722,10.5148316,11.265891 ,12.0169504,12.7680098,13.5190692,14.2701286,15.021188 ,15.7722474,16.5233068,17.2743662,18.0254256,18.776485 ,19.5275444,20.2786038,21.0296632,21.7807226,22.531782 ,23.2828414,24.0339008,24.7849602,25.5360196,26.287079 ,27.0381384,27.7891978,28.5402572,29.2913166,30.042376 
eul: 0., 0., 0., 0., 0., 0., 0., 0., 0., 0., 0., 0., 0., 0., 0., 0., 0., 0., 0., 0.,40., 0., 0., 0., 0., 0., 0., 0., 0., 0., 0., 0., 0., 0., 0., 0., 0., 0., 0., 0.
eul_bin_edges:-0.5  ,-0.475,-0.45 ,-0.425,-0.4  ,-0.375,-0.35 ,-0.325,-0.3  ,-0.275,-0.25 ,-0.225,-0.2  ,-0.175,-0.15 ,-0.125,-0.1  ,-0.075,-0.05 ,-0.025, 0.   , 0.025, 0.05 , 0.075, 0.1  , 0.125, 0.15 , 0.175, 0.2  , 0.225, 0.25 , 0.275, 0.3  , 0.325, 0.35 , 0.375, 0.4  , 0.425, 0.45 , 0.475, 0.5  
edl: 0., 0., 0., 0., 0., 0., 0., 0., 0., 0., 0., 0., 0., 0., 0., 0., 0., 0., 0., 0.,40., 0., 0., 0., 0., 0., 0., 0., 0., 0., 0., 0., 0., 0., 0., 0., 0., 0., 0., 0.
edl_bin_edges:-0.5  ,-0.475,-0.45 ,-0.425,-0.4  ,-0.375,-0.35 ,-0.325,-0.3  ,-0.275,-0.25 ,-0.225,-0.2  ,-0.175,-0.15 ,-0.125,-0.1  ,-0.075,-0.05 ,-0.025, 0.   , 0.025, 0.05 , 0.075, 0.1  , 0.125, 0.15 , 0.175, 0.2  , 0.225, 0.25 , 0.275, 0.3  , 0.325, 0.35 , 0.375, 0.4  , 0.425, 0.45 , 0.475, 0.5  
gul:2.15865296e-03,0.00000000e+00,0.00000000e+00,0.00000000e+00,0.00000000e+00,2.15865296e-03,9.49807303e-02,2.61197008e-01,5.67725729e-01,8.76413102e-01,1.11602358e+00,3.03074876e+00,2.48713518e+02,2.14354239e+00,7.49052577e-01,5.76360341e-01,3.71288309e-01,2.35293173e-01,1.18725913e-01,5.61249770e-02,4.53317122e-02,1.29519178e-02,1.29519178e-02,1.94278766e-02,6.47595888e-03,4.31730592e-03,1.07932648e-02,4.31730592e-03,0.00000000e+00,0.00000000e+00,0.00000000e+00,0.00000000e+00,0.00000000e+00,2.15865296e-03,2.15865296e-03,0.00000000e+00,0.00000000e+00,0.00000000e+00,0.00000000e+00,4.31730592e-03
gul_bin_edges:0.       ,0.0038604,0.0077208,0.0115812,0.0154416,0.019302 ,0.0231624,0.0270228,0.0308832,0.0347436,0.038604 ,0.0424644,0.0463248,0.0501852,0.0540456,0.057906 ,0.0617664,0.0656268,0.0694872,0.0733476,0.077208 ,0.0810684,0.0849288,0.0887892,0.0926496,0.09651  ,0.1003704,0.1042308,0.1080912,0.1119516,0.115812 ,0.1196724,0.1235328,0.1273932,0.1312536,0.135114 ,0.1389744,0.1428348,0.1466952,0.1505556,0.154416 
gdl:2.15865296e-03,0.00000000e+00,0.00000000e+00,0.00000000e+00,0.00000000e+00,2.15865296e-03,9.49807303e-02,2.61197008e-01,5.67725729e-01,8.76413102e-01,1.11602358e+00,3.03074876e+00,2.48713518e+02,2.14354239e+00,7.49052577e-01,5.76360341e-01,3.71288309e-01,2.35293173e-01,1.18725913e-01,5.61249770e-02,4.53317122e-02,1.29519178e-02,1.29519178e-02,1.94278766e-02,6.47595888e-03,4.31730592e-03,1.07932648e-02,4.31730592e-03,0.00000000e+00,0.00000000e+00,0.00000000e+00,0.00000000e+00,0.00000000e+00,2.15865296e-03,2.15865296e-03,0.00000000e+00,0.00000000e+00,0.00000000e+00,0.00000000e+00,4.31730592e-03
gdl_bin_edges:0.       ,0.0038604,0.0077208,0.0115812,0.0154416,0.019302 ,0.0231624,0.0270228,0.0308832,0.0347436,0.038604 ,0.0424644,0.0463248,0.0501852,0.0540456,0.057906 ,0.0617664,0.0656268,0.0694872,0.0733476,0.077208 ,0.0810684,0.0849288,0.0887892,0.0926496,0.09651  ,0.1003704,0.1042308,0.1080912,0.1119516,0.115812 ,0.1196724,0.1235328,0.1273932,0.1312536,0.135114 ,0.1389744,0.1428348,0.1466952,0.1505556,0.154416 
ri:34.47378494, 0.        , 0.        , 0.        , 0.        , 0.        , 0.        , 0.        , 0.        , 0.        , 0.        , 0.        , 0.        , 0.        , 0.        , 0.        , 0.        , 0.        , 0.        , 0.        , 0.        , 0.        , 0.        , 0.        , 0.        , 0.        , 0.        , 0.        , 0.        , 0.        , 0.        , 0.        , 0.        , 0.        , 0.        , 0.        , 0.        , 0.        , 0.        , 5.52621506
ri_bin_edges:1.   ,1.025,1.05 ,1.075,1.1  ,1.125,1.15 ,1.175,1.2  ,1.225,1.25 ,1.275,1.3  ,1.325,1.35 ,1.375,1.4  ,1.425,1.45 ,1.475,1.5  ,1.525,1.55 ,1.575,1.6  ,1.625,1.65 ,1.675,1.7  ,1.725,1.75 ,1.775,1.8  ,1.825,1.85 ,1.875,1.9  ,1.925,1.95 ,1.975,2.   
