period:1
ue_log_freq:1000
mac_log_freq:1000
mimo_layers:2
frequency:2412000000.0
bandwidth:50000000
ue_speed:5.555555555555555
max_distance:1000
shannon_cfg_bandwidth_mhz:50.0
shannon_cfg_mimo_layers:2
shannon_cfg_bw_efficiency:0.67
shannon_cfg_sinr_offset_db:0
shannon_cfg_ul_divisor:2
shannon_cfg_sinr_sample_rate:1000
n_ue:1
sinr_period:9.463597741343282
sinr_rate:105.66805852612856
ul_fairness:nan
dl_fairness:1.0
ul_agg_throughput:0
dl_agg_throughput:39.728739342300145
ul_ave_throughput:0.0
dl_ave_throughput:39.728739342300145
ul_se:0.0
dl_se:0.7945747868460029
ul_ase:0.0
dl_ase:2.5292100996546094e-07
ul_gr:0.0
dl_gr:40.25416045839541
ul_tr:0.0
dl_tr:40.12482569864302
ul_er:0.0
dl_er:59.74380256197438
ul_er_ratio:0.0
dl_er_ratio:0.5982239227925191
ul_er_perc:0.0
dl_er_perc:59.822392279251915
ul_l:0.0
dl_l:0.002853117761392386
ul_il:0.0
dl_il:0.272559724594968
sinr_ul:0.16493594,0.17486355,0.43730632,0.62121284,0.16218373,0.1568759 ,0.15500833,0.15766225,0.30343102,0.30028564,0.29861465,0.2979266 ,0.29763172,0.14547389,0.11667399,0.11490472,0.11569106,0.11451154,0.25349809,0.29478122,0.29124267,0.31031154,0.38393313,0.29586245,0.20395833,0.19668464,0.19629146,0.23786947,0.24111315,0.24946807,0.27010963,0.28593483,0.2231255 ,0.22912138,0.23138212,0.23354457,0.23570702,0.14881586,0.15215783,0.52930873
sinr_ul_bin_edges:25.409718  ,25.51145345,25.6131889 ,25.71492435,25.8166598 ,25.91839525,26.0201307 ,26.12186615,26.2236016 ,26.32533705,26.4270725 ,26.52880795,26.6305434 ,26.73227885,26.8340143 ,26.93574975,27.0374852 ,27.13922065,27.2409561 ,27.34269155,27.444427  ,27.54616245,27.6478979 ,27.74963335,27.8513688 ,27.95310425,28.0548397 ,28.15657515,28.2583106 ,28.36004605,28.4617815 ,28.56351695,28.6652524 ,28.76698785,28.8687233 ,28.97045875,29.0721942 ,29.17392965,29.2756651 ,29.37740055,29.479136  
sinr_dl:0.16493695,0.17496292,0.43721071,0.62131495,0.16208644,0.15697516,0.15491099,0.15776151,0.30343288,0.30018919,0.29881308,0.29773184,0.29792843,0.14517991,0.11667471,0.11490542,0.11569177,0.11451225,0.25349965,0.29478303,0.29124446,0.31031345,0.38403378,0.29576597,0.20405788,0.19658755,0.19609608,0.23806752,0.24091804,0.24976448,0.270013  ,0.28593659,0.22312687,0.22912279,0.23138355,0.23354601,0.23570847,0.14891507,0.15206047,0.52931198
sinr_dl_bin_edges:35.169277  ,35.27101183,35.37274665,35.47448147,35.5762163 ,35.67795112,35.77968595,35.88142078,35.9831556 ,36.08489042,36.18662525,36.28836007,36.3900949 ,36.49182973,36.59356455,36.69529937,36.7970342 ,36.89876902,37.00050385,37.10223868,37.2039735 ,37.30570832,37.40744315,37.50917798,37.6109128 ,37.71264763,37.81438245,37.91611727,38.0178521 ,38.11958693,38.22132175,38.32305658,38.4247914 ,38.52652622,38.62826105,38.72999588,38.8317307 ,38.93346553,39.03520035,39.13693517,39.23867   
rsrp_ul:0.16493586,0.17496176,0.4373061 ,0.62111424,0.16218365,0.15687582,0.15500825,0.15776046,0.30333258,0.30028549,0.29881109,0.29772987,0.29792646,0.14517894,0.11677223,0.11480637,0.11569101,0.11451149,0.25359626,0.29468278,0.29124252,0.31070456,0.38363806,0.29576401,0.20405652,0.19658625,0.19629137,0.23786936,0.24111303,0.24956624,0.27001121,0.28593469,0.22312539,0.22921956,0.23128372,0.23354446,0.23590349,0.14871749,0.15225605,0.52911188
rsrp_ul_bin_edges:-82.34905  ,-82.2473145,-82.145579 ,-82.0438435,-81.942108 ,-81.8403725,-81.738637 ,-81.6369015,-81.535166 ,-81.4334305,-81.331695 ,-81.2299595,-81.128224 ,-81.0264885,-80.924753 ,-80.8230175,-80.721282 ,-80.6195465,-80.517811 ,-80.4160755,-80.31434  ,-80.2126045,-80.110869 ,-80.0091335,-79.907398 ,-79.8056625,-79.703927 ,-79.6021915,-79.500456 ,-79.3987205,-79.296985 ,-79.1952495,-79.093514 ,-78.9917785,-78.890043 ,-78.7883075,-78.686572 ,-78.5848365,-78.483101 ,-78.3813655,-78.27963  
rsrp_dl:0.16493586,0.17496176,0.4373061 ,0.62111424,0.16218365,0.15687582,0.15500825,0.15776046,0.30333258,0.30028549,0.29881109,0.29772987,0.29792646,0.14517894,0.11677223,0.11480637,0.11569101,0.11451149,0.25359626,0.29468278,0.29124252,0.31070456,0.38363806,0.29576401,0.20405652,0.19668454,0.19619307,0.23786936,0.24111303,0.24956624,0.27001121,0.28593469,0.22312539,0.22921956,0.23128372,0.23354446,0.23590349,0.14871749,0.15225605,0.52911188
rsrp_dl_bin_edges:-79.33875  ,-79.2370145,-79.135279 ,-79.0335435,-78.931808 ,-78.8300725,-78.728337 ,-78.6266015,-78.524866 ,-78.4231305,-78.321395 ,-78.2196595,-78.117924 ,-78.0161885,-77.914453 ,-77.8127175,-77.710982 ,-77.6092465,-77.507511 ,-77.4057755,-77.30404  ,-77.2023045,-77.100569 ,-76.9988335,-76.897098 ,-76.7953625,-76.693627 ,-76.5918915,-76.490156 ,-76.3884205,-76.286685 ,-76.1849495,-76.083214 ,-75.9814785,-75.879743 ,-75.7780075,-75.676272 ,-75.5745365,-75.472801 ,-75.3710655,-75.26933  
cqi_ul: 0., 0., 0., 0., 0., 0., 0., 0., 0., 0., 0., 0., 0., 0., 0., 0., 0., 0., 0., 0.,40., 0., 0., 0., 0., 0., 0., 0., 0., 0., 0., 0., 0., 0., 0., 0., 0., 0., 0., 0.
cqi_ul_bin_edges:14.5  ,14.525,14.55 ,14.575,14.6  ,14.625,14.65 ,14.675,14.7  ,14.725,14.75 ,14.775,14.8  ,14.825,14.85 ,14.875,14.9  ,14.925,14.95 ,14.975,15.   ,15.025,15.05 ,15.075,15.1  ,15.125,15.15 ,15.175,15.2  ,15.225,15.25 ,15.275,15.3  ,15.325,15.35 ,15.375,15.4  ,15.425,15.45 ,15.475,15.5  
cqi_dl: 0., 0., 0., 0., 0., 0., 0., 0., 0., 0., 0., 0., 0., 0., 0., 0., 0., 0., 0., 0.,40., 0., 0., 0., 0., 0., 0., 0., 0., 0., 0., 0., 0., 0., 0., 0., 0., 0., 0., 0.
cqi_dl_bin_edges:14.5  ,14.525,14.55 ,14.575,14.6  ,14.625,14.65 ,14.675,14.7  ,14.725,14.75 ,14.775,14.8  ,14.825,14.85 ,14.875,14.9  ,14.925,14.95 ,14.975,15.   ,15.025,15.05 ,15.075,15.1  ,15.125,15.15 ,15.175,15.2  ,15.225,15.25 ,15.275,15.3  ,15.325,15.35 ,15.375,15.4  ,15.425,15.45 ,15.475,15.5  
mcs_ul: 0., 0., 0., 0., 0., 0., 0., 0., 0., 0., 0., 0., 0., 0., 0., 0., 0., 0., 0., 0.,40., 0., 0., 0., 0., 0., 0., 0., 0., 0., 0., 0., 0., 0., 0., 0., 0., 0., 0., 0.
mcs_ul_bin_edges:27.5  ,27.525,27.55 ,27.575,27.6  ,27.625,27.65 ,27.675,27.7  ,27.725,27.75 ,27.775,27.8  ,27.825,27.85 ,27.875,27.9  ,27.925,27.95 ,27.975,28.   ,28.025,28.05 ,28.075,28.1  ,28.125,28.15 ,28.175,28.2  ,28.225,28.25 ,28.275,28.3  ,28.325,28.35 ,28.375,28.4  ,28.425,28.45 ,28.475,28.5  
mcs_dl: 0., 0., 0., 0., 0., 0., 0., 0., 0., 0., 0., 0., 0., 0., 0., 0., 0., 0., 0., 0.,40., 0., 0., 0., 0., 0., 0., 0., 0., 0., 0., 0., 0., 0., 0., 0., 0., 0., 0., 0.
mcs_dl_bin_edges:27.5  ,27.525,27.55 ,27.575,27.6  ,27.625,27.65 ,27.675,27.7  ,27.725,27.75 ,27.775,27.8  ,27.825,27.85 ,27.875,27.9  ,27.925,27.95 ,27.975,28.   ,28.025,28.05 ,28.075,28.1  ,28.125,28.15 ,28.175,28.2  ,28.225,28.25 ,28.275,28.3  ,28.325,28.35 ,28.375,28.4  ,28.425,28.45 ,28.475,28.5  
eff_ul: 0., 0., 0., 0., 0., 0., 0., 0., 0., 0., 0., 0., 0., 0., 0., 0., 0., 0., 0., 0.,40., 0., 0., 0., 0., 0., 0., 0., 0., 0., 0., 0., 0., 0., 0., 0., 0., 0., 0., 0.
eff_ul_bin_edges:5.0545974,5.0795974,5.1045974,5.1295974,5.1545974,5.1795974,5.2045974,5.2295974,5.2545974,5.2795974,5.3045974,5.3295974,5.3545974,5.3795974,5.4045974,5.4295974,5.4545974,5.4795974,5.5045974,5.5295974,5.5545974,5.5795974,5.6045974,5.6295974,5.6545974,5.6795974,5.7045974,5.7295974,5.7545974,5.7795974,5.8045974,5.8295974,5.8545974,5.8795974,5.9045974,5.9295974,5.9545974,5.9795974,6.0045974,6.0295974,6.0545974
eff_dl: 0., 0., 0., 0., 0., 0., 0., 0., 0., 0., 0., 0., 0., 0., 0., 0., 0., 0., 0., 0.,40., 0., 0., 0., 0., 0., 0., 0., 0., 0., 0., 0., 0., 0., 0., 0., 0., 0., 0., 0.
eff_dl_bin_edges:5.0545974,5.0795974,5.1045974,5.1295974,5.1545974,5.1795974,5.2045974,5.2295974,5.2545974,5.2795974,5.3045974,5.3295974,5.3545974,5.3795974,5.4045974,5.4295974,5.4545974,5.4795974,5.5045974,5.5295974,5.5545974,5.5795974,5.6045974,5.6295974,5.6545974,5.6795974,5.7045974,5.7295974,5.7545974,5.7795974,5.8045974,5.8295974,5.8545974,5.8795974,5.9045974,5.9295974,5.9545974,5.9795974,6.0045974,6.0295974,6.0545974
rul: 0., 0., 0., 0., 0., 0., 0., 0., 0., 0., 0., 0., 0., 0., 0., 0., 0., 0., 0., 0.,40., 0., 0., 0., 0., 0., 0., 0., 0., 0., 0., 0., 0., 0., 0., 0., 0., 0., 0., 0.
rul_bin_edges:-0.5  ,-0.475,-0.45 ,-0.425,-0.4  ,-0.375,-0.35 ,-0.325,-0.3  ,-0.275,-0.25 ,-0.225,-0.2  ,-0.175,-0.15 ,-0.125,-0.1  ,-0.075,-0.05 ,-0.025, 0.   , 0.025, 0.05 , 0.075, 0.1  , 0.125, 0.15 , 0.175, 0.2  , 0.225, 0.25 , 0.275, 0.3  , 0.325, 0.35 , 0.375, 0.4  , 0.425, 0.45 , 0.475, 0.5  
rdl:0.03689302,0.        ,0.        ,0.        ,0.        ,0.        ,0.        ,0.        ,0.        ,0.        ,0.        ,0.        ,0.        ,0.        ,0.        ,0.        ,0.        ,0.        ,0.        ,0.42465845,0.        ,0.        ,0.        ,0.        ,0.        ,0.        ,0.        ,0.        ,0.        ,0.        ,0.        ,0.        ,0.        ,0.        ,0.        ,0.        ,0.        ,0.        ,0.        ,0.03687308
rdl_bin_edges: 0.        , 2.00632175, 4.0126435 , 6.01896525, 8.025287  ,10.03160875,12.0379305 ,14.04425225,16.050574  ,18.05689575,20.0632175 ,22.06953925,24.075861  ,26.08218275,28.0885045 ,30.09482625,32.101148  ,34.10746975,36.1137915 ,38.12011325,40.126435  ,42.13275675,44.1390785 ,46.14540025,48.151722  ,50.15804375,52.1643655 ,54.17068725,56.177009  ,58.18333075,60.1896525 ,62.19597425,64.202296  ,66.20861775,68.2149395 ,70.22126125,72.227583  ,74.23390475,76.2402265 ,78.24654825,80.25287   
lul: 0., 0., 0., 0., 0., 0., 0., 0., 0., 0., 0., 0., 0., 0., 0., 0., 0., 0., 0., 0.,40., 0., 0., 0., 0., 0., 0., 0., 0., 0., 0., 0., 0., 0., 0., 0., 0., 0., 0., 0.
lul_bin_edges:-0.5  ,-0.475,-0.45 ,-0.425,-0.4  ,-0.375,-0.35 ,-0.325,-0.3  ,-0.275,-0.25 ,-0.225,-0.2  ,-0.175,-0.15 ,-0.125,-0.1  ,-0.075,-0.05 ,-0.025, 0.   , 0.025, 0.05 , 0.075, 0.1  , 0.125, 0.15 , 0.175, 0.2  , 0.225, 0.25 , 0.275, 0.3  , 0.325, 0.35 , 0.375, 0.4  , 0.425, 0.45 , 0.475, 0.5  
ldl:7.21998313e+02,0.00000000e+00,0.00000000e+00,0.00000000e+00,0.00000000e+00,0.00000000e+00,0.00000000e+00,0.00000000e+00,0.00000000e+00,0.00000000e+00,0.00000000e+00,0.00000000e+00,0.00000000e+00,0.00000000e+00,0.00000000e+00,0.00000000e+00,0.00000000e+00,0.00000000e+00,0.00000000e+00,0.00000000e+00,0.00000000e+00,0.00000000e+00,0.00000000e+00,0.00000000e+00,0.00000000e+00,0.00000000e+00,0.00000000e+00,0.00000000e+00,0.00000000e+00,7.93281259e+03,3.41393420e+00,3.41393420e+00,1.56065563e+00,1.32655729e+01,7.07562248e+02,2.92622931e-01,4.87704886e-01,2.92622931e-01,2.41316377e+02,1.27778680e+02
ldl_bin_edges:0.        ,0.00010252,0.00020504,0.00030756,0.00041008,0.0005126 ,0.00061512,0.00071764,0.00082016,0.00092268,0.0010252 ,0.00112772,0.00123024,0.00133276,0.00143528,0.0015378 ,0.00164032,0.00174284,0.00184536,0.00194788,0.0020504 ,0.00215292,0.00225544,0.00235796,0.00246048,0.002563  ,0.00266552,0.00276804,0.00287056,0.00297308,0.0030756 ,0.00317812,0.00328064,0.00338316,0.00348568,0.0035882 ,0.00369072,0.00379324,0.00389576,0.00399828,0.0041008 
ilul: 0., 0., 0., 0., 0., 0., 0., 0., 0., 0., 0., 0., 0., 0., 0., 0., 0., 0., 0., 0.,40., 0., 0., 0., 0., 0., 0., 0., 0., 0., 0., 0., 0., 0., 0., 0., 0., 0., 0., 0.
ilul_bin_edges:-0.5  ,-0.475,-0.45 ,-0.425,-0.4  ,-0.375,-0.35 ,-0.325,-0.3  ,-0.275,-0.25 ,-0.225,-0.2  ,-0.175,-0.15 ,-0.125,-0.1  ,-0.075,-0.05 ,-0.025, 0.   , 0.025, 0.05 , 0.075, 0.1  , 0.125, 0.15 , 0.175, 0.2  , 0.225, 0.25 , 0.275, 0.3  , 0.325, 0.35 , 0.375, 0.4  , 0.425, 0.45 , 0.475, 0.5  
ildl:9.14667729e+00,1.11108241e-02,1.35798961e-02,1.48144321e-02,1.48144321e-02,1.23453601e-02,1.48144321e-02,1.48144321e-02,8.64175206e-03,1.35798961e-02,1.23453601e-02,1.35798961e-02,1.23453601e-02,1.48144321e-02,1.48144321e-02,1.35798961e-02,1.23453601e-02,1.11108241e-02,1.35798961e-02,1.60489681e-02,1.35798961e-02,1.48144321e-02,1.35798961e-02,1.23453601e-02,1.48144321e-02,1.23453601e-02,1.48144321e-02,1.60489681e-02,1.35798961e-02,1.35798961e-02,1.60489681e-02,1.48144321e-02,4.73197652e+00,1.33650868e+01,1.43490120e+01,1.66983341e+01,1.65748805e+01,1.65205609e+01,1.66501872e+01,1.49946744e+01
ildl_bin_edges:0.        ,0.00810013,0.01620026,0.02430038,0.03240051,0.04050064,0.04860077,0.0567009 ,0.06480103,0.07290115,0.08100128,0.08910141,0.09720154,0.10530167,0.1134018 ,0.12150192,0.12960205,0.13770218,0.14580231,0.15390244,0.16200256,0.17010269,0.17820282,0.18630295,0.19440308,0.20250321,0.21060333,0.21870346,0.22680359,0.23490372,0.24300385,0.25110398,0.2592041 ,0.26730423,0.27540436,0.28350449,0.29160462,0.29970475,0.30780487,0.315905  ,0.32400513
eul: 0., 0., 0., 0., 0., 0., 0., 0., 0., 0., 0., 0., 0., 0., 0., 0., 0., 0., 0., 0.,40., 0., 0., 0., 0., 0., 0., 0., 0., 0., 0., 0., 0., 0., 0., 0., 0., 0., 0., 0.
eul_bin_edges:-0.5  ,-0.475,-0.45 ,-0.425,-0.4  ,-0.375,-0.35 ,-0.325,-0.3  ,-0.275,-0.25 ,-0.225,-0.2  ,-0.175,-0.15 ,-0.125,-0.1  ,-0.075,-0.05 ,-0.025, 0.   , 0.025, 0.05 , 0.075, 0.1  , 0.125, 0.15 , 0.175, 0.2  , 0.225, 0.25 , 0.275, 0.3  , 0.325, 0.35 , 0.375, 0.4  , 0.425, 0.45 , 0.475, 0.5  
edl:1.01722293e-01,0.00000000e+00,0.00000000e+00,0.00000000e+00,0.00000000e+00,0.00000000e+00,0.00000000e+00,0.00000000e+00,0.00000000e+00,0.00000000e+00,7.58046747e-06,1.01072900e-05,5.05364498e-06,0.00000000e+00,5.05364498e-06,2.52682249e-06,2.52682249e-06,5.05364498e-06,2.52682249e-06,1.51609349e-05,1.26341124e-05,1.26341124e-05,2.27414024e-05,5.55900948e-05,8.21217309e-04,1.49620740e-01,2.19833557e-04,3.53755148e-05,3.03218699e-05,2.02145799e-05,7.58046747e-06,1.01072900e-05,1.01072900e-05,0.00000000e+00,0.00000000e+00,0.00000000e+00,2.52682249e-06,0.00000000e+00,1.01072900e-05,1.51609349e-05
edl_bin_edges:  0.    ,  3.9575,  7.915 , 11.8725, 15.83  , 19.7875, 23.745 , 27.7025, 31.66  , 35.6175, 39.575 , 43.5325, 47.49  , 51.4475, 55.405 , 59.3625, 63.32  , 67.2775, 71.235 , 75.1925, 79.15  , 83.1075, 87.065 , 91.0225, 94.98  , 98.9375,102.895 ,106.8525,110.81  ,114.7675,118.725 ,122.6825,126.64  ,130.5975,134.555 ,138.5125,142.47  ,146.4275,150.385 ,154.3425,158.3   
gul: 0., 0., 0., 0., 0., 0., 0., 0., 0., 0., 0., 0., 0., 0., 0., 0., 0., 0., 0., 0.,40., 0., 0., 0., 0., 0., 0., 0., 0., 0., 0., 0., 0., 0., 0., 0., 0., 0., 0., 0.
gul_bin_edges:-0.5  ,-0.475,-0.45 ,-0.425,-0.4  ,-0.375,-0.35 ,-0.325,-0.3  ,-0.275,-0.25 ,-0.225,-0.2  ,-0.175,-0.15 ,-0.125,-0.1  ,-0.075,-0.05 ,-0.025, 0.   , 0.025, 0.05 , 0.075, 0.1  , 0.125, 0.15 , 0.175, 0.2  , 0.225, 0.25 , 0.275, 0.3  , 0.325, 0.35 , 0.375, 0.4  , 0.425, 0.45 , 0.475, 0.5  
gdl:1.47428507e-01,0.00000000e+00,0.00000000e+00,0.00000000e+00,0.00000000e+00,0.00000000e+00,0.00000000e+00,0.00000000e+00,0.00000000e+00,0.00000000e+00,9.87035164e-06,1.23379395e-05,0.00000000e+00,2.46758791e-06,0.00000000e+00,0.00000000e+00,0.00000000e+00,7.40276373e-06,4.93517582e-06,7.40276373e-06,1.48055275e-05,1.97407033e-05,1.97407033e-05,1.20911808e-04,9.85110445e-02,5.05855521e-04,2.46758791e-05,1.23379395e-05,2.46758791e-06,1.48055275e-05,7.40276373e-06,2.46758791e-06,2.46758791e-06,4.93517582e-06,0.00000000e+00,4.93517582e-06,2.46758791e-06,4.93517582e-06,9.87035164e-06,2.46758791e-06
gdl_bin_edges:  0.    ,  4.0525,  8.105 , 12.1575, 16.21  , 20.2625, 24.315 , 28.3675, 32.42  , 36.4725, 40.525 , 44.5775, 48.63  , 52.6825, 56.735 , 60.7875, 64.84  , 68.8925, 72.945 , 76.9975, 81.05  , 85.1025, 89.155 , 93.2075, 97.26  ,101.3125,105.365 ,109.4175,113.47  ,117.5225,121.575 ,125.6275,129.68  ,133.7325,137.785 ,141.8375,145.89  ,149.9425,153.995 ,158.0475,162.1   
ri: 0., 0., 0., 0., 0., 0., 0., 0., 0., 0., 0., 0., 0., 0., 0., 0., 0., 0., 0., 0.,40., 0., 0., 0., 0., 0., 0., 0., 0., 0., 0., 0., 0., 0., 0., 0., 0., 0., 0., 0.
ri_bin_edges:0.5  ,0.525,0.55 ,0.575,0.6  ,0.625,0.65 ,0.675,0.7  ,0.725,0.75 ,0.775,0.8  ,0.825,0.85 ,0.875,0.9  ,0.925,0.95 ,0.975,1.   ,1.025,1.05 ,1.075,1.1  ,1.125,1.15 ,1.175,1.2  ,1.225,1.25 ,1.275,1.3  ,1.325,1.35 ,1.375,1.4  ,1.425,1.45 ,1.475,1.5  
