period:1
ue_log_freq:1000
mac_log_freq:1000
mimo_layers:2
frequency:2412000000.0
bandwidth:50000000
ue_speed:5.555555555555555
max_distance:1000
shannon_cfg_bandwidth_mhz:50.0
shannon_cfg_mimo_layers:2
shannon_cfg_bw_efficiency:0.67
shannon_cfg_sinr_offset_db:0
shannon_cfg_ul_divisor:2
shannon_cfg_sinr_sample_rate:1000
n_ue:3
sinr_period:9.463597741343282
sinr_rate:105.66805852612856
ul_fairness:nan
dl_fairness:0.999978269026738
ul_agg_throughput:0
dl_agg_throughput:39.993593631649716
ul_ave_throughput:0.0
dl_ave_throughput:13.331197877216573
ul_se:0.0
dl_se:0.7998718726329943
ul_ase:0.0
dl_ase:2.5460712473942395e-07
ul_gr:0.0, 0.0, 0.0
dl_gr:13.488455115448845, 13.48842111578884, 13.487832121678785
ul_tr:0.0, 0.0, 0.0
dl_tr:13.375209602903972, 13.374808344416554, 13.374808351316487
ul_er:0.0, 0.0, 0.0
dl_er:86.50954190458094, 86.50957590424098, 86.51016489835102
ul_er_ratio:0.0, 0.0, 0.0
dl_er_ratio:0.8660935788391916, 0.8660971037162267, 0.8660978932448079
ul_er_perc:0.0, 0.0, 0.0
dl_er_perc:86.60935788391916, 86.60971037162267, 86.60978932448079
ul_l:0.0, 0.0, 0.0
dl_l:0.0009410140368386315, 0.0009402349795792042, 0.0009392934663523365
ul_il:0.0, 0.0, 0.0
dl_il:0.23572232406606436, 0.23555603409531903, 0.2350000263076769
sinr_ul:0.01437351,0.02091803,0.02322747,0.053778  ,0.06374633,0.02926823,0.0741421 ,0.06306375,0.07149028,0.06081537,0.03856707,0.02631109,0.03320889,0.02261903,0.01333546,0.01021913,0.00630027,0.00742337,0.00729688,0.00441608,0.00099662,0.00046233,0.00042307,0.0003969 ,0.00037509,0.00036419,0.00035111,0.00034456,0.00033366,0.00033148,0.00032276,0.00032057,0.00031621,0.00031621,0.00031403,0.00031185,0.00031185,0.00039254,0.00059971,0.00213498
sinr_ul_bin_edges:19.010553  ,20.53904393,22.06753485,23.59602578,25.1245167 ,26.65300763,28.18149855,29.70998948,31.2384804 ,32.76697133,34.29546225,35.82395317,37.3524441 ,38.88093502,40.40942595,41.93791687,43.4664078 ,44.99489872,46.52338965,48.05188057,49.5803715 ,51.10886242,52.63735335,54.16584427,55.6943352 ,57.22282612,58.75131705,60.27980797,61.8082989 ,63.33678982,64.86528075,66.39377167,67.9222626 ,69.45075352,70.97924445,72.50773537,74.0362263 ,75.56471722,77.09320815,78.62169907,80.15019   
sinr_dl:0.01437372,0.02091834,0.02322563,0.05376789,0.06376036,0.02928829,0.07419554,0.06302543,0.07153277,0.06076175,0.03857418,0.0263093 ,0.03320066,0.02261283,0.01333566,0.01021492,0.00630254,0.00742348,0.00729699,0.0044096 ,0.00099663,0.00046233,0.00042308,0.00039691,0.0003751 ,0.0003642 ,0.00035111,0.00034457,0.00033366,0.00033148,0.00032276,0.00032058,0.00031622,0.00031622,0.00031404,0.00031186,0.00031186,0.00039255,0.00059972,0.00213501
sinr_dl_bin_edges:28.754307  ,30.28277532,31.81124365,33.33971198,34.8681803 ,36.39664862,37.92511695,39.45358528,40.9820536 ,42.51052192,44.03899025,45.56745858,47.0959269 ,48.62439523,50.15286355,51.68133187,53.2098002 ,54.73826852,56.26673685,57.79520517,59.3236735 ,60.85214183,62.38061015,63.90907848,65.4375468 ,66.96601512,68.49448345,70.02295177,71.5514201 ,73.07988842,74.60835675,76.13682508,77.6652934 ,79.19376173,80.72223005,82.25069837,83.7791667 ,85.30763502,86.83610335,88.36457167,89.89304   
rsrp_ul:0.01434659,0.02095497,0.02319492,0.05213503,0.06562498,0.03191651,0.08456291,0.0557714 ,0.07445801,0.05747157,0.03789334,0.02467001,0.03290427,0.02204982,0.01303758,0.00991258,0.00647946,0.00741914,0.00740384,0.00372815,0.00094406,0.00045892,0.00042177,0.00039554,0.00037806,0.00036276,0.00035184,0.00034091,0.00033654,0.0003278 ,0.00032343,0.00032343,0.00031687,0.0003125 ,0.00031469,0.0003125 ,0.00031031,0.00039554,0.00060096,0.00213724
rsrp_ul_bin_edges:-91.523926  ,-89.99860735,-88.4732887 ,-86.94797005,-85.4226514 ,-83.89733275,-82.3720141 ,-80.84669545,-79.3213768 ,-77.79605815,-76.2707395 ,-74.74542085,-73.2201022 ,-71.69478355,-70.1694649 ,-68.64414625,-67.1188276 ,-65.59350895,-64.0681903 ,-62.54287165,-61.017553  ,-59.49223435,-57.9669157 ,-56.44159705,-54.9162784 ,-53.39095975,-51.8656411 ,-50.34032245,-48.8150038 ,-47.28968515,-45.7643665 ,-44.23904785,-42.7137292 ,-41.18841055,-39.6630919 ,-38.13777325,-36.6124546 ,-35.08713595,-33.5618173 ,-32.03649865,-30.51118   
rsrp_dl:0.01434659,0.02095498,0.02319492,0.05213503,0.06562498,0.03191651,0.08456291,0.0557714 ,0.07445802,0.05747157,0.03789334,0.02467001,0.03290427,0.02204982,0.01303758,0.00991258,0.00647946,0.00741914,0.00740384,0.00372815,0.00094406,0.00045892,0.00042177,0.00039554,0.00037806,0.00036276,0.00035184,0.00034091,0.00033654,0.0003278 ,0.00032343,0.00032343,0.00031687,0.0003125 ,0.00031469,0.0003125 ,0.00031031,0.00039554,0.00060096,0.00213724
rsrp_dl_bin_edges:-88.513626  ,-86.98830738,-85.46298875,-83.93767012,-82.4123515 ,-80.88703288,-79.36171425,-77.83639562,-76.311077  ,-74.78575838,-73.26043975,-71.73512113,-70.2098025 ,-68.68448387,-67.15916525,-65.63384663,-64.108528  ,-62.58320937,-61.05789075,-59.53257213,-58.0072535 ,-56.48193488,-54.95661625,-53.43129762,-51.905979  ,-50.38066037,-48.85534175,-47.33002312,-45.8047045 ,-44.27938587,-42.75406725,-41.22874862,-39.70343   ,-38.17811138,-36.65279275,-35.12747412,-33.6021555 ,-32.07683687,-30.55151825,-29.02619962,-27.500881  
cqi_ul: 0., 0., 0., 0., 0., 0., 0., 0., 0., 0., 0., 0., 0., 0., 0., 0., 0., 0., 0., 0.,40., 0., 0., 0., 0., 0., 0., 0., 0., 0., 0., 0., 0., 0., 0., 0., 0., 0., 0., 0.
cqi_ul_bin_edges:14.5  ,14.525,14.55 ,14.575,14.6  ,14.625,14.65 ,14.675,14.7  ,14.725,14.75 ,14.775,14.8  ,14.825,14.85 ,14.875,14.9  ,14.925,14.95 ,14.975,15.   ,15.025,15.05 ,15.075,15.1  ,15.125,15.15 ,15.175,15.2  ,15.225,15.25 ,15.275,15.3  ,15.325,15.35 ,15.375,15.4  ,15.425,15.45 ,15.475,15.5  
cqi_dl: 0., 0., 0., 0., 0., 0., 0., 0., 0., 0., 0., 0., 0., 0., 0., 0., 0., 0., 0., 0.,40., 0., 0., 0., 0., 0., 0., 0., 0., 0., 0., 0., 0., 0., 0., 0., 0., 0., 0., 0.
cqi_dl_bin_edges:14.5  ,14.525,14.55 ,14.575,14.6  ,14.625,14.65 ,14.675,14.7  ,14.725,14.75 ,14.775,14.8  ,14.825,14.85 ,14.875,14.9  ,14.925,14.95 ,14.975,15.   ,15.025,15.05 ,15.075,15.1  ,15.125,15.15 ,15.175,15.2  ,15.225,15.25 ,15.275,15.3  ,15.325,15.35 ,15.375,15.4  ,15.425,15.45 ,15.475,15.5  
mcs_ul: 0., 0., 0., 0., 0., 0., 0., 0., 0., 0., 0., 0., 0., 0., 0., 0., 0., 0., 0., 0.,40., 0., 0., 0., 0., 0., 0., 0., 0., 0., 0., 0., 0., 0., 0., 0., 0., 0., 0., 0.
mcs_ul_bin_edges:27.5  ,27.525,27.55 ,27.575,27.6  ,27.625,27.65 ,27.675,27.7  ,27.725,27.75 ,27.775,27.8  ,27.825,27.85 ,27.875,27.9  ,27.925,27.95 ,27.975,28.   ,28.025,28.05 ,28.075,28.1  ,28.125,28.15 ,28.175,28.2  ,28.225,28.25 ,28.275,28.3  ,28.325,28.35 ,28.375,28.4  ,28.425,28.45 ,28.475,28.5  
mcs_dl: 0., 0., 0., 0., 0., 0., 0., 0., 0., 0., 0., 0., 0., 0., 0., 0., 0., 0., 0., 0.,40., 0., 0., 0., 0., 0., 0., 0., 0., 0., 0., 0., 0., 0., 0., 0., 0., 0., 0., 0.
mcs_dl_bin_edges:27.5  ,27.525,27.55 ,27.575,27.6  ,27.625,27.65 ,27.675,27.7  ,27.725,27.75 ,27.775,27.8  ,27.825,27.85 ,27.875,27.9  ,27.925,27.95 ,27.975,28.   ,28.025,28.05 ,28.075,28.1  ,28.125,28.15 ,28.175,28.2  ,28.225,28.25 ,28.275,28.3  ,28.325,28.35 ,28.375,28.4  ,28.425,28.45 ,28.475,28.5  
eff_ul: 0., 0., 0., 0., 0., 0., 0., 0., 0., 0., 0., 0., 0., 0., 0., 0., 0., 0., 0., 0.,40., 0., 0., 0., 0., 0., 0., 0., 0., 0., 0., 0., 0., 0., 0., 0., 0., 0., 0., 0.
eff_ul_bin_edges:5.0545974,5.0795974,5.1045974,5.1295974,5.1545974,5.1795974,5.2045974,5.2295974,5.2545974,5.2795974,5.3045974,5.3295974,5.3545974,5.3795974,5.4045974,5.4295974,5.4545974,5.4795974,5.5045974,5.5295974,5.5545974,5.5795974,5.6045974,5.6295974,5.6545974,5.6795974,5.7045974,5.7295974,5.7545974,5.7795974,5.8045974,5.8295974,5.8545974,5.8795974,5.9045974,5.9295974,5.9545974,5.9795974,6.0045974,6.0295974,6.0545974
eff_dl: 0., 0., 0., 0., 0., 0., 0., 0., 0., 0., 0., 0., 0., 0., 0., 0., 0., 0., 0., 0.,40., 0., 0., 0., 0., 0., 0., 0., 0., 0., 0., 0., 0., 0., 0., 0., 0., 0., 0., 0.
eff_dl_bin_edges:5.0545974,5.0795974,5.1045974,5.1295974,5.1545974,5.1795974,5.2045974,5.2295974,5.2545974,5.2795974,5.3045974,5.3295974,5.3545974,5.3795974,5.4045974,5.4295974,5.4545974,5.4795974,5.5045974,5.5295974,5.5545974,5.5795974,5.6045974,5.6295974,5.6545974,5.6795974,5.7045974,5.7295974,5.7545974,5.7795974,5.8045974,5.8295974,5.8545974,5.8795974,5.9045974,5.9295974,5.9545974,5.9795974,6.0045974,6.0295974,6.0545974
rul: 0., 0., 0., 0., 0., 0., 0., 0., 0., 0., 0., 0., 0., 0., 0., 0., 0., 0., 0., 0.,40., 0., 0., 0., 0., 0., 0., 0., 0., 0., 0., 0., 0., 0., 0., 0., 0., 0., 0., 0.
rul_bin_edges:-0.5  ,-0.475,-0.45 ,-0.425,-0.4  ,-0.375,-0.35 ,-0.325,-0.3  ,-0.275,-0.25 ,-0.225,-0.2  ,-0.175,-0.15 ,-0.125,-0.1  ,-0.075,-0.05 ,-0.025, 0.   , 0.025, 0.05 , 0.075, 0.1  , 0.125, 0.15 , 0.175, 0.2  , 0.225, 0.25 , 0.275, 0.3  , 0.325, 0.35 , 0.375, 0.4  , 0.425, 0.45 , 0.475, 0.5  
rdl:0.35454909,0.        ,0.        ,0.        ,0.        ,0.        ,0.        ,0.        ,0.        ,0.        ,0.        ,0.        ,0.        ,0.        ,0.        ,0.        ,0.        ,0.        ,0.        ,0.12161603,0.        ,0.        ,0.        ,0.        ,0.        ,0.        ,0.        ,0.        ,0.        ,0.        ,0.        ,0.        ,0.        ,0.        ,0.        ,0.        ,0.        ,0.        ,0.        ,0.02225942
rdl_bin_edges: 0.        , 2.00632175, 4.0126435 , 6.01896525, 8.025287  ,10.03160875,12.0379305 ,14.04425225,16.050574  ,18.05689575,20.0632175 ,22.06953925,24.075861  ,26.08218275,28.0885045 ,30.09482625,32.101148  ,34.10746975,36.1137915 ,38.12011325,40.126435  ,42.13275675,44.1390785 ,46.14540025,48.151722  ,50.15804375,52.1643655 ,54.17068725,56.177009  ,58.18333075,60.1896525 ,62.19597425,64.202296  ,66.20861775,68.2149395 ,70.22126125,72.227583  ,74.23390475,76.2402265 ,78.24654825,80.25287   
lul: 0., 0., 0., 0., 0., 0., 0., 0., 0., 0., 0., 0., 0., 0., 0., 0., 0., 0., 0., 0.,40., 0., 0., 0., 0., 0., 0., 0., 0., 0., 0., 0., 0., 0., 0., 0., 0., 0., 0., 0.
lul_bin_edges:-0.5  ,-0.475,-0.45 ,-0.425,-0.4  ,-0.375,-0.35 ,-0.325,-0.3  ,-0.275,-0.25 ,-0.225,-0.2  ,-0.175,-0.15 ,-0.125,-0.1  ,-0.075,-0.05 ,-0.025, 0.   , 0.025, 0.05 , 0.075, 0.1  , 0.125, 0.15 , 0.175, 0.2  , 0.225, 0.25 , 0.275, 0.3  , 0.325, 0.35 , 0.375, 0.4  , 0.425, 0.45 , 0.475, 0.5  
ldl:6.83678814e+03,0.00000000e+00,0.00000000e+00,0.00000000e+00,0.00000000e+00,0.00000000e+00,0.00000000e+00,0.00000000e+00,0.00000000e+00,0.00000000e+00,0.00000000e+00,0.00000000e+00,0.00000000e+00,0.00000000e+00,0.00000000e+00,0.00000000e+00,0.00000000e+00,0.00000000e+00,0.00000000e+00,0.00000000e+00,0.00000000e+00,0.00000000e+00,0.00000000e+00,0.00000000e+00,0.00000000e+00,0.00000000e+00,0.00000000e+00,0.00000000e+00,1.66485806e+03,1.84916596e+02,6.08699812e-01,9.61104967e-02,4.16478819e-01,4.27787821e+02,1.02517863e+00,3.20368322e-02,1.92220993e-01,2.72313074e+00,4.91541117e+02,1.60184161e-01
ldl_bin_edges:0.        ,0.00010405,0.00020809,0.00031214,0.00041618,0.00052023,0.00062428,0.00072832,0.00083237,0.00093641,0.00104046,0.0011445 ,0.00124855,0.0013526 ,0.00145664,0.00156069,0.00166473,0.00176878,0.00187283,0.00197687,0.00208092,0.00218496,0.00228901,0.00239305,0.0024971 ,0.00260115,0.00270519,0.00280924,0.00291328,0.00301733,0.00312138,0.00322542,0.00332947,0.00343351,0.00353756,0.00364161,0.00374565,0.0038497 ,0.00395374,0.00405779,0.00416183
ilul: 0., 0., 0., 0., 0., 0., 0., 0., 0., 0., 0., 0., 0., 0., 0., 0., 0., 0., 0., 0.,40., 0., 0., 0., 0., 0., 0., 0., 0., 0., 0., 0., 0., 0., 0., 0., 0., 0., 0., 0.
ilul_bin_edges:-0.5  ,-0.475,-0.45 ,-0.425,-0.4  ,-0.375,-0.35 ,-0.325,-0.3  ,-0.275,-0.25 ,-0.225,-0.2  ,-0.175,-0.15 ,-0.125,-0.1  ,-0.075,-0.05 ,-0.025, 0.   , 0.025, 0.05 , 0.075, 0.1  , 0.125, 0.15 , 0.175, 0.2  , 0.225, 0.25 , 0.275, 0.3  , 0.325, 0.35 , 0.375, 0.4  , 0.425, 0.45 , 0.475, 0.5  
ildl:3.30113067e+01,3.09352426e-03,3.40287669e-03,3.24820047e-03,3.24820047e-03,3.09352426e-03,3.09352426e-03,3.24820047e-03,3.24820047e-03,3.24820047e-03,3.40287669e-03,3.24820047e-03,2.93884805e-03,2.93884805e-03,3.24820047e-03,3.24820047e-03,3.40287669e-03,3.24820047e-03,2.93884805e-03,3.40287669e-03,3.24820047e-03,3.40287669e-03,3.09352426e-03,3.40287669e-03,3.40287669e-03,3.40287669e-03,3.40287669e-03,3.24820047e-03,3.40287669e-03,3.71222911e-03,2.93884805e-03,3.09352426e-03,3.40287669e-03,3.24820047e-03,2.78417183e-03,3.40287669e-03,1.68504266e+00,4.75675758e+00,5.10663517e+00,1.73005344e+00
ildl_bin_edges:0.        ,0.02155018,0.04310036,0.06465054,0.08620071,0.10775089,0.12930107,0.15085125,0.17240143,0.19395161,0.21550179,0.23705196,0.25860214,0.28015232,0.3017025 ,0.32325268,0.34480286,0.36635303,0.38790321,0.40945339,0.43100357,0.45255375,0.47410393,0.49565411,0.51720428,0.53875446,0.56030464,0.58185482,0.603405  ,0.62495518,0.64650535,0.66805553,0.68960571,0.71115589,0.73270607,0.75425625,0.77580643,0.7973566 ,0.81890678,0.84045696,0.86200714
eul: 0., 0., 0., 0., 0., 0., 0., 0., 0., 0., 0., 0., 0., 0., 0., 0., 0., 0., 0., 0.,40., 0., 0., 0., 0., 0., 0., 0., 0., 0., 0., 0., 0., 0., 0., 0., 0., 0., 0., 0.
eul_bin_edges:-0.5  ,-0.475,-0.45 ,-0.425,-0.4  ,-0.375,-0.35 ,-0.325,-0.3  ,-0.275,-0.25 ,-0.225,-0.2  ,-0.175,-0.15 ,-0.125,-0.1  ,-0.075,-0.05 ,-0.025, 0.   , 0.025, 0.05 , 0.075, 0.1  , 0.125, 0.15 , 0.175, 0.2  , 0.225, 0.25 , 0.275, 0.3  , 0.325, 0.35 , 0.375, 0.4  , 0.425, 0.45 , 0.475, 0.5  
edl:2.12763382e-02,0.00000000e+00,0.00000000e+00,2.62878549e-06,0.00000000e+00,0.00000000e+00,0.00000000e+00,1.57727129e-06,0.00000000e+00,1.05151420e-06,1.57727129e-06,0.00000000e+00,8.41211357e-06,2.78651262e-05,1.22501404e-04,1.26031337e-01,1.01555241e-02,7.57090221e-05,1.68242271e-05,2.62878549e-06,1.05151420e-06,1.57727129e-06,0.00000000e+00,0.00000000e+00,1.05151420e-06,0.00000000e+00,0.00000000e+00,0.00000000e+00,0.00000000e+00,0.00000000e+00,0.00000000e+00,0.00000000e+00,0.00000000e+00,0.00000000e+00,0.00000000e+00,0.00000000e+00,0.00000000e+00,0.00000000e+00,0.00000000e+00,1.05151420e-06
edl_bin_edges:  0.  ,  6.34, 12.68, 19.02, 25.36, 31.7 , 38.04, 44.38, 50.72, 57.06, 63.4 , 69.74, 76.08, 82.42, 88.76, 95.1 ,101.44,107.78,114.12,120.46,126.8 ,133.14,139.48,145.82,152.16,158.5 ,164.84,171.18,177.52,183.86,190.2 ,196.54,202.88,209.22,215.56,221.9 ,228.24,234.58,240.92,247.26,253.6 
gul: 0., 0., 0., 0., 0., 0., 0., 0., 0., 0., 0., 0., 0., 0., 0., 0., 0., 0., 0., 0.,40., 0., 0., 0., 0., 0., 0., 0., 0., 0., 0., 0., 0., 0., 0., 0., 0., 0., 0., 0.
gul_bin_edges:-0.5  ,-0.475,-0.45 ,-0.425,-0.4  ,-0.375,-0.35 ,-0.325,-0.3  ,-0.275,-0.25 ,-0.225,-0.2  ,-0.175,-0.15 ,-0.125,-0.1  ,-0.075,-0.05 ,-0.025, 0.   , 0.025, 0.05 , 0.075, 0.1  , 0.125, 0.15 , 0.175, 0.2  , 0.225, 0.25 , 0.275, 0.3  , 0.325, 0.35 , 0.375, 0.4  , 0.425, 0.45 , 0.475, 0.5  
gdl:1.36455523e-01,0.00000000e+00,0.00000000e+00,5.25757098e-07,0.00000000e+00,0.00000000e+00,0.00000000e+00,0.00000000e+00,0.00000000e+00,5.25757098e-07,0.00000000e+00,0.00000000e+00,1.05151420e-06,2.10302839e-06,2.41848265e-05,1.96154716e-02,1.60776521e-03,1.57727129e-05,3.68029968e-06,5.25757098e-07,5.25757098e-07,0.00000000e+00,0.00000000e+00,0.00000000e+00,5.25757098e-07,0.00000000e+00,0.00000000e+00,0.00000000e+00,0.00000000e+00,0.00000000e+00,0.00000000e+00,0.00000000e+00,0.00000000e+00,0.00000000e+00,0.00000000e+00,0.00000000e+00,0.00000000e+00,0.00000000e+00,0.00000000e+00,5.25757098e-07
gdl_bin_edges:  0.  ,  6.34, 12.68, 19.02, 25.36, 31.7 , 38.04, 44.38, 50.72, 57.06, 63.4 , 69.74, 76.08, 82.42, 88.76, 95.1 ,101.44,107.78,114.12,120.46,126.8 ,133.14,139.48,145.82,152.16,158.5 ,164.84,171.18,177.52,183.86,190.2 ,196.54,202.88,209.22,215.56,221.9 ,228.24,234.58,240.92,247.26,253.6 
ri: 0., 0., 0., 0., 0., 0., 0., 0., 0., 0., 0., 0., 0., 0., 0., 0., 0., 0., 0., 0.,40., 0., 0., 0., 0., 0., 0., 0., 0., 0., 0., 0., 0., 0., 0., 0., 0., 0., 0., 0.
ri_bin_edges:0.5  ,0.525,0.55 ,0.575,0.6  ,0.625,0.65 ,0.675,0.7  ,0.725,0.75 ,0.775,0.8  ,0.825,0.85 ,0.875,0.9  ,0.925,0.95 ,0.975,1.   ,1.025,1.05 ,1.075,1.1  ,1.125,1.15 ,1.175,1.2  ,1.225,1.25 ,1.275,1.3  ,1.325,1.35 ,1.375,1.4  ,1.425,1.45 ,1.475,1.5  
