period:1
ue_log_freq:1000
mac_log_freq:1000
mimo_layers:2
frequency:2412000000.0
bandwidth:50000000
ue_speed:5.555555555555555
max_distance:1000
shannon_cfg_bandwidth_mhz:50.0
shannon_cfg_mimo_layers:2
shannon_cfg_bw_efficiency:0.67
shannon_cfg_sinr_offset_db:0
shannon_cfg_ul_divisor:2
shannon_cfg_sinr_sample_rate:1000
n_ue:1
sinr_period:9.463597741343282
sinr_rate:105.66805852612856
ul_fairness:1.0
dl_fairness:1.0
ul_agg_throughput:1.2029155508366038
dl_agg_throughput:18.385236662484296
ul_ave_throughput:1.2029155508366038
dl_ave_throughput:18.385236662484296
ul_se:0.024058311016732076
dl_se:0.3677047332496859
ul_ase:7.657998241510225e-09
dl_ase:1.1704405178994864e-07
ul_gr:0.17952350397080025
dl_gr:18.32462229481421
ul_tr:0.09021788356597028
dl_tr:18.23036654262881
ul_er:299.815064041133
dl_er:281.6699652502896
ul_er_ratio:0.9996991787440789
dl_er_ratio:0.9392119160601099
ul_er_perc:99.96991787440788
dl_er_perc:93.92119160601099
ul_l:0.00011724088173848551
dl_l:0.004427421488245931
ul_il:0.5485388112682394
dl_il:0.5184523564513379
sinr_ul:0.00745375,0.02445134,0.02416175,0.02092591,0.02261308,0.0350402 ,0.04855013,0.04925521,0.03491429,0.03516611,0.03101114,0.05961744,0.09215207,0.11413561,0.12257145,0.09368815,0.04725328,0.05065279,0.03141405,0.02749831,0.02875739,0.04876417,0.03967361,0.02437579,0.03893076,0.0628281 ,0.05132011,0.03833899,0.02701986,0.02995352,0.02814044,0.02359516,0.01878548,0.01440388,0.01211235,0.01342179,0.02049782,0.00488523,0.00773075,0.00484746
sinr_ul_bin_edges:-20.866642  ,-20.20478865,-19.5429353 ,-18.88108195,-18.2192286 ,-17.55737525,-16.8955219 ,-16.23366855,-15.5718152 ,-14.90996185,-14.2481085 ,-13.58625515,-12.9244018 ,-12.26254845,-11.6006951 ,-10.93884175,-10.2769884 , -9.61513505, -8.9532817 , -8.29142835, -7.629575  , -6.96772165, -6.3058683 , -5.64401495, -4.9821616 , -4.32030825, -3.6584549 , -2.99660155, -2.3347482 , -1.67289485, -1.0110415 , -0.34918815,  0.3126652 ,  0.97451855,  1.6363719 ,  2.29822525,  2.9600786 ,  3.62193195,  4.2837853 ,  4.94563865,  5.607492  
sinr_dl:0.00745376,0.02445136,0.02416177,0.02092593,0.02262569,0.03504024,0.04853759,0.04925527,0.03491433,0.03516615,0.03102377,0.05960492,0.09217735,0.11411055,0.12259676,0.09367566,0.04724074,0.05065285,0.03142667,0.02748575,0.02875742,0.04878941,0.03966107,0.02436323,0.0389308 ,0.06284076,0.05130757,0.03833903,0.02701989,0.02995355,0.02814047,0.02359519,0.0187855 ,0.01440389,0.01211236,0.01342181,0.02049785,0.00488524,0.00773076,0.00484746
sinr_dl_bin_edges: 1.1707764 , 1.83262904, 2.49448168, 3.15633432, 3.81818696, 4.4800396 , 5.14189224, 5.80374488, 6.46559752, 7.12745016, 7.7893028 , 8.45115544, 9.11300808, 9.77486072,10.43671336,11.098566  ,11.76041864,12.42227128,13.08412392,13.74597656,14.4078292 ,15.06968184,15.73153448,16.39338712,17.05523976,17.7170924 ,18.37894504,19.04079768,19.70265032,20.36450296,21.0263556 ,21.68820824,22.35006088,23.01191352,23.67376616,24.3356188 ,24.99747144,25.65932408,26.32117672,26.98302936,27.644882  
rsrp_ul:0.00745377,0.02445138,0.02416179,0.02092595,0.02262571,0.03504027,0.04853763,0.04925531,0.03491436,0.03516617,0.03102379,0.05960496,0.09217743,0.11411065,0.12259686,0.09367574,0.04724077,0.05065289,0.03141411,0.02749836,0.02875744,0.04876426,0.03967369,0.02437584,0.03893083,0.06284081,0.05130761,0.03833906,0.02701991,0.02995357,0.02814049,0.02359521,0.01878551,0.0144039 ,0.01211237,0.01342182,0.02049786,0.00488524,0.00773077,0.00484747
rsrp_ul_bin_edges:-140.06833  ,-139.4064779,-138.7446258,-138.0827737,-137.4209216,-136.7590695,-136.0972174,-135.4353653,-134.7735132,-134.1116611,-133.449809 ,-132.7879569,-132.1261048,-131.4642527,-130.8024006,-130.1405485,-129.4786964,-128.8168443,-128.1549922,-127.4931401,-126.831288 ,-126.1694359,-125.5075838,-124.8457317,-124.1838796,-123.5220275,-122.8601754,-122.1983233,-121.5364712,-120.8746191,-120.212767 ,-119.5509149,-118.8890628,-118.2272107,-117.5653586,-116.9035065,-116.2416544,-115.5798023,-114.9179502,-114.2560981,-113.594246 
rsrp_dl:0.00745377,0.02445139,0.0241618 ,0.02092595,0.02262572,0.03504027,0.04853764,0.04925531,0.03491436,0.03516618,0.0310238 ,0.05960497,0.09217744,0.11411066,0.12258429,0.09368834,0.04724078,0.0506529 ,0.0314267 ,0.02748577,0.02875745,0.04878945,0.03964851,0.02437584,0.03893084,0.06284082,0.05130762,0.03833907,0.02701991,0.02995358,0.0281405 ,0.02359521,0.01878551,0.01440391,0.01211238,0.01342182,0.02049787,0.00488524,0.00773077,0.00484747
rsrp_dl_bin_edges:-143.33168 ,-142.669828,-142.007976,-141.346124,-140.684272,-140.02242 ,-139.360568,-138.698716,-138.036864,-137.375012,-136.71316 ,-136.051308,-135.389456,-134.727604,-134.065752,-133.4039  ,-132.742048,-132.080196,-131.418344,-130.756492,-130.09464 ,-129.432788,-128.770936,-128.109084,-127.447232,-126.78538 ,-126.123528,-125.461676,-124.799824,-124.137972,-123.47612 ,-122.814268,-122.152416,-121.490564,-120.828712,-120.16686 ,-119.505008,-118.843156,-118.181304,-117.519452,-116.8576  
cqi_ul:39.01367489, 0.        , 0.        , 0.        , 0.        , 0.        , 0.        , 0.        , 0.        , 0.        , 0.        , 0.        , 0.        , 0.        , 0.        , 0.        , 0.        , 0.        , 0.        , 0.        , 0.        , 0.        , 0.        , 0.        , 0.        , 0.        , 0.        , 0.        , 0.        , 0.        , 0.        , 0.        , 0.        , 0.        , 0.        , 0.        , 0.        , 0.        , 0.        , 0.98632511
cqi_ul_bin_edges:0.   ,0.025,0.05 ,0.075,0.1  ,0.125,0.15 ,0.175,0.2  ,0.225,0.25 ,0.275,0.3  ,0.325,0.35 ,0.375,0.4  ,0.425,0.45 ,0.475,0.5  ,0.525,0.55 ,0.575,0.6  ,0.625,0.65 ,0.675,0.7  ,0.725,0.75 ,0.775,0.8  ,0.825,0.85 ,0.875,0.9  ,0.925,0.95 ,0.975,1.   
cqi_dl:0.13523221,0.        ,0.        ,0.        ,0.59369505,0.        ,0.        ,0.        ,1.42958809,0.        ,0.        ,0.        ,0.48809593,0.        ,0.        ,0.        ,0.29289756,0.        ,0.        ,0.        ,0.39223006,0.        ,0.        ,0.        ,0.16296531,0.        ,0.        ,0.        ,0.22639811,0.        ,0.        ,0.        ,0.12399897,0.        ,0.        ,0.        ,0.11389905,0.        ,0.        ,0.04099966
cqi_dl_bin_edges: 0.  , 0.25, 0.5 , 0.75, 1.  , 1.25, 1.5 , 1.75, 2.  , 2.25, 2.5 , 2.75, 3.  , 3.25, 3.5 , 3.75, 4.  , 4.25, 4.5 , 4.75, 5.  , 5.25, 5.5 , 5.75, 6.  , 6.25, 6.5 , 6.75, 7.  , 7.25, 7.5 , 7.75, 8.  , 8.25, 8.5 , 8.75, 9.  , 9.25, 9.5 , 9.75,10.  
mcs_ul: 0., 0., 0., 0., 0., 0., 0., 0., 0., 0., 0., 0., 0., 0., 0., 0., 0., 0., 0., 0.,40., 0., 0., 0., 0., 0., 0., 0., 0., 0., 0., 0., 0., 0., 0., 0., 0., 0., 0., 0.
mcs_ul_bin_edges:-0.5  ,-0.475,-0.45 ,-0.425,-0.4  ,-0.375,-0.35 ,-0.325,-0.3  ,-0.275,-0.25 ,-0.225,-0.2  ,-0.175,-0.15 ,-0.125,-0.1  ,-0.075,-0.05 ,-0.025, 0.   , 0.025, 0.05 , 0.075, 0.1  , 0.125, 0.15 , 0.175, 0.2  , 0.225, 0.25 , 0.275, 0.3  , 0.325, 0.35 , 0.375, 0.4  , 0.425, 0.45 , 0.475, 0.5  
mcs_dl:0.40495959,0.        ,0.28783093,0.        ,0.50638467,0.        ,0.1770726 ,0.        ,0.09409181,0.        ,0.        ,0.1000362 ,0.        ,0.06268466,0.        ,0.08698076,0.        ,0.13092483,0.        ,0.        ,0.05035143,0.        ,0.04018485,0.        ,0.06559205,0.        ,0.06018468,0.        ,0.04092558,0.        ,0.        ,0.02796273,0.        ,0.02948124,0.        ,0.03379601,0.        ,0.01372211,0.        ,0.00905548
mcs_dl_bin_edges: 0.  , 0.45, 0.9 , 1.35, 1.8 , 2.25, 2.7 , 3.15, 3.6 , 4.05, 4.5 , 4.95, 5.4 , 5.85, 6.3 , 6.75, 7.2 , 7.65, 8.1 , 8.55, 9.  , 9.45, 9.9 ,10.35,10.8 ,11.25,11.7 ,12.15,12.6 ,13.05,13.5 ,13.95,14.4 ,14.85,15.3 ,15.75,16.2 ,16.65,17.1 ,17.55,18.  
eff_ul:166.44023748,  0.        ,  0.        ,  0.        ,  0.        ,  0.        ,  0.        ,  0.        ,  0.        ,  0.        ,  0.        ,  0.        ,  0.        ,  0.        ,  0.        ,  0.        ,  0.        ,  0.        ,  0.        ,  0.        ,  0.        ,  0.        ,  0.        ,  0.        ,  0.        ,  0.        ,  0.        ,  0.        ,  0.        ,  0.        ,  0.        ,  0.        ,  0.        ,  0.        ,  0.        ,  0.        ,  0.        ,  0.        ,  0.        ,  4.20786267
eff_ul_bin_edges:0.        ,0.00586001,0.01172003,0.01758004,0.02344005,0.02930006,0.03516007,0.04102009,0.0468801 ,0.05274011,0.05860013,0.06446014,0.07032015,0.07618016,0.08204018,0.08790019,0.0937602 ,0.09962021,0.10548022,0.11134024,0.11720025,0.12306026,0.12892028,0.13478029,0.1406403 ,0.14650031,0.15236032,0.15822034,0.16408035,0.16994036,0.17580038,0.18166039,0.1875204 ,0.19338041,0.19924042,0.20510044,0.21096045,0.21682046,0.22268048,0.22854049,0.2344005 
eff_dl:0.28077414,1.23265177,0.        ,1.07568954,1.89247446,0.        ,0.        ,0.6617605 ,0.        ,0.35164245,0.        ,0.        ,0.373858  ,0.        ,0.23426682,0.32506683,0.        ,0.48929583,0.        ,0.18817473,0.        ,0.15017991,0.24513237,0.        ,0.        ,0.22492383,0.        ,0.1529482 ,0.        ,0.10450307,0.        ,0.        ,0.11017807,0.        ,0.12630338,0.        ,0.        ,0.05128263,0.        ,0.03384238
eff_dl_bin_edges:0.        ,0.12041013,0.24082026,0.3612304 ,0.48164053,0.60205066,0.72246079,0.84287093,0.96328106,1.08369119,1.20410132,1.32451146,1.44492159,1.56533172,1.68574185,1.80615199,1.92656212,2.04697225,2.16738238,2.28779252,2.40820265,2.52861278,2.64902291,2.76943305,2.88984318,3.01025331,3.13066344,3.25107358,3.37148371,3.49189384,3.61230397,3.73271411,3.85312424,3.97353437,4.0939445 ,4.21435464,4.33476477,4.4551749 ,4.57558503,4.69599517,4.8164053 
rul:2.57398967e+00,0.00000000e+00,0.00000000e+00,0.00000000e+00,0.00000000e+00,0.00000000e+00,0.00000000e+00,0.00000000e+00,0.00000000e+00,0.00000000e+00,0.00000000e+00,0.00000000e+00,0.00000000e+00,0.00000000e+00,0.00000000e+00,0.00000000e+00,0.00000000e+00,9.59132201e-03,0.00000000e+00,0.00000000e+00,1.83146511e-02,0.00000000e+00,0.00000000e+00,0.00000000e+00,0.00000000e+00,0.00000000e+00,0.00000000e+00,0.00000000e+00,0.00000000e+00,0.00000000e+00,0.00000000e+00,0.00000000e+00,0.00000000e+00,0.00000000e+00,0.00000000e+00,0.00000000e+00,0.00000000e+00,1.10669100e-03,0.00000000e+00,9.98191883e-04
rul_bin_edges: 0.       , 0.3840245, 0.768049 , 1.1520735, 1.536098 , 1.9201225, 2.304147 , 2.6881715, 3.072196 , 3.4562205, 3.840245 , 4.2242695, 4.608294 , 4.9923185, 5.376343 , 5.7603675, 6.144392 , 6.5284165, 6.912441 , 7.2964655, 7.68049  , 8.0645145, 8.448539 , 8.8325635, 9.216588 , 9.6006125, 9.984637 ,10.3686615,10.752686 ,11.1367105,11.520735 ,11.9047595,12.288784 ,12.6728085,13.056833 ,13.4408575,13.824882 ,14.2089065,14.592931 ,14.9769555,15.36098  
rdl:8.48716543e-02,7.98047742e-03,1.16882813e-02,5.10416152e-03,4.22861367e-03,0.00000000e+00,2.52948598e-03,4.37773924e-03,3.26155695e-03,1.45284456e-03,9.44461937e-04,1.64828943e-03,1.75335517e-03,9.60278285e-04,8.32617760e-04,2.34985745e-04,7.21903322e-04,1.23932386e-03,3.90889749e-04,4.22522445e-04,1.12973916e-06,1.41217395e-04,1.72850091e-04,0.00000000e+00,0.00000000e+00,1.69460874e-04,3.38921748e-06,1.43476873e-04,1.12973916e-06,9.94170460e-05,0.00000000e+00,0.00000000e+00,8.92493935e-05,0.00000000e+00,7.90817411e-05,0.00000000e+00,0.00000000e+00,1.46866091e-05,0.00000000e+00,1.12973916e-05
rdl_bin_edges:  0.       ,  7.3762725, 14.752545 , 22.1288175, 29.50509  , 36.8813625, 44.257635 , 51.6339075, 59.01018  , 66.3864525, 73.762725 , 81.1389975, 88.51527  , 95.8915425,103.267815 ,110.6440875,118.02036  ,125.3966325,132.772905 ,140.1491775,147.52545  ,154.9017225,162.277995 ,169.6542675,177.03054  ,184.4068125,191.783085 ,199.1593575,206.53563  ,213.9119025,221.288175 ,228.6644475,236.04072  ,243.4169925,250.793265 ,258.1695375,265.54581  ,272.9220825,280.298355 ,287.6746275,295.0509   
lul:3.59020181e+03,0.00000000e+00,0.00000000e+00,0.00000000e+00,0.00000000e+00,0.00000000e+00,0.00000000e+00,0.00000000e+00,0.00000000e+00,0.00000000e+00,0.00000000e+00,0.00000000e+00,0.00000000e+00,0.00000000e+00,0.00000000e+00,0.00000000e+00,0.00000000e+00,0.00000000e+00,0.00000000e+00,0.00000000e+00,0.00000000e+00,0.00000000e+00,0.00000000e+00,0.00000000e+00,0.00000000e+00,0.00000000e+00,0.00000000e+00,0.00000000e+00,0.00000000e+00,0.00000000e+00,0.00000000e+00,0.00000000e+00,0.00000000e+00,0.00000000e+00,0.00000000e+00,0.00000000e+00,3.31725470e+01,0.00000000e+00,2.93589148e+00,5.75071527e+00
lul_bin_edges:0.        ,0.00027533,0.00055065,0.00082598,0.0011013 ,0.00137663,0.00165195,0.00192728,0.00220261,0.00247793,0.00275326,0.00302858,0.00330391,0.00357924,0.00385456,0.00412989,0.00440521,0.00468054,0.00495586,0.00523119,0.00550652,0.00578184,0.00605717,0.00633249,0.00660782,0.00688314,0.00715847,0.0074338 ,0.00770912,0.00798445,0.00825977,0.0085351 ,0.00881042,0.00908575,0.00936108,0.0096364 ,0.00991173,0.01018705,0.01046238,0.01073771,0.01101303
ldl:2.06295522e+03,0.00000000e+00,0.00000000e+00,0.00000000e+00,0.00000000e+00,0.00000000e+00,0.00000000e+00,0.00000000e+00,0.00000000e+00,0.00000000e+00,0.00000000e+00,0.00000000e+00,0.00000000e+00,0.00000000e+00,0.00000000e+00,0.00000000e+00,0.00000000e+00,0.00000000e+00,0.00000000e+00,0.00000000e+00,0.00000000e+00,0.00000000e+00,0.00000000e+00,0.00000000e+00,0.00000000e+00,0.00000000e+00,0.00000000e+00,0.00000000e+00,0.00000000e+00,0.00000000e+00,0.00000000e+00,0.00000000e+00,0.00000000e+00,0.00000000e+00,0.00000000e+00,0.00000000e+00,1.02764301e+03,1.81162276e-01,1.89707096e+02,3.42789219e+02
ldl_bin_edges:0.        ,0.00027599,0.00055199,0.00082798,0.00110397,0.00137997,0.00165596,0.00193195,0.00220795,0.00248394,0.00275993,0.00303593,0.00331192,0.00358791,0.00386391,0.0041399 ,0.00441589,0.00469189,0.00496788,0.00524387,0.00551987,0.00579586,0.00607185,0.00634785,0.00662384,0.00689983,0.00717583,0.00745182,0.00772781,0.00800381,0.0082798 ,0.00855579,0.00883179,0.00910778,0.00938377,0.00965977,0.00993576,0.01021175,0.01048775,0.01076374,0.01103973
ilul:6.62759692e-01,0.00000000e+00,0.00000000e+00,0.00000000e+00,0.00000000e+00,0.00000000e+00,0.00000000e+00,0.00000000e+00,0.00000000e+00,0.00000000e+00,0.00000000e+00,0.00000000e+00,0.00000000e+00,0.00000000e+00,0.00000000e+00,0.00000000e+00,3.01716631e-04,0.00000000e+00,7.98990338e-04,0.00000000e+00,0.00000000e+00,0.00000000e+00,0.00000000e+00,5.58734502e-05,2.21817597e-03,0.00000000e+00,0.00000000e+00,0.00000000e+00,0.00000000e+00,0.00000000e+00,0.00000000e+00,0.00000000e+00,0.00000000e+00,0.00000000e+00,1.78795041e-04,0.00000000e+00,0.00000000e+00,5.58734502e-06,9.21911928e-04,3.24624746e-03
ilul_bin_edges: 0.        , 1.49145325, 2.9829065 , 4.47435975, 5.965813  , 7.45726625, 8.9487195 ,10.44017275,11.931626  ,13.42307925,14.9145325 ,16.40598575,17.897439  ,19.38889225,20.8803455 ,22.37179875,23.863252  ,25.35470525,26.8461585 ,28.33761175,29.829065  ,31.32051825,32.8119715 ,34.30342475,35.794878  ,37.28633125,38.7777845 ,40.26923775,41.760691  ,43.25214425,44.7435975 ,46.23505075,47.726504  ,49.21795725,50.7094105 ,52.20086375,53.692317  ,55.18377025,56.6752235 ,58.16667675,59.65813   
ildl:4.38914623e+00,3.57722575e-01,5.49453659e-01,2.66125569e-01,1.32870219e-01,9.68604640e-02,1.55913895e-01,9.39719810e-02,1.56748345e-01,4.85072582e-01,7.68336484e-02,6.99654776e-02,6.63067325e-02,8.33166880e-02,1.16566337e-01,1.18427804e-01,5.39825383e-02,4.15941555e-02,4.04387623e-02,3.79995989e-02,2.65740438e-02,2.93983383e-02,4.08880819e-02,3.98610657e-02,3.85772955e-02,5.64858902e-03,0.00000000e+00,0.00000000e+00,1.92565535e-03,2.31078642e-03,3.40199111e-03,5.52021200e-03,6.22628562e-03,5.45602349e-03,3.19658788e-02,1.79727832e-03,6.35466265e-03,5.90534307e-03,5.84115456e-03,5.57156281e-02
ildl_bin_edges:0.        ,0.12982485,0.2596497 ,0.38947455,0.5192994 ,0.64912425,0.7789491 ,0.90877395,1.0385988 ,1.16842365,1.2982485 ,1.42807335,1.5578982 ,1.68772305,1.8175479 ,1.94737275,2.0771976 ,2.20702245,2.3368473 ,2.46667215,2.596497  ,2.72632185,2.8561467 ,2.98597155,3.1157964 ,3.24562125,3.3754461 ,3.50527095,3.6350958 ,3.76492065,3.8947455 ,4.02457035,4.1543952 ,4.28422005,4.4140449 ,4.54386975,4.6736946 ,4.80351945,4.9333443 ,5.06316915,5.192994  
eul:7.16839904e-05,0.00000000e+00,0.00000000e+00,0.00000000e+00,0.00000000e+00,0.00000000e+00,0.00000000e+00,0.00000000e+00,0.00000000e+00,0.00000000e+00,0.00000000e+00,0.00000000e+00,0.00000000e+00,0.00000000e+00,0.00000000e+00,0.00000000e+00,0.00000000e+00,0.00000000e+00,0.00000000e+00,0.00000000e+00,0.00000000e+00,0.00000000e+00,0.00000000e+00,0.00000000e+00,0.00000000e+00,0.00000000e+00,0.00000000e+00,0.00000000e+00,0.00000000e+00,9.68702574e-07,1.93740515e-06,9.68702574e-07,2.90610772e-06,5.81221544e-05,1.09804374e-01,6.26072473e-03,3.77794004e-05,1.93740515e-06,1.93740515e-06,1.93740515e-06
eul_bin_edges:  0.    ,  8.6025, 17.205 , 25.8075, 34.41  , 43.0125, 51.615 , 60.2175, 68.82  , 77.4225, 86.025 , 94.6275,103.23  ,111.8325,120.435 ,129.0375,137.64  ,146.2425,154.845 ,163.4475,172.05  ,180.6525,189.255 ,197.8575,206.46  ,215.0625,223.665 ,232.2675,240.87  ,249.4725,258.075 ,266.6775,275.28  ,283.8825,292.485 ,301.0875,309.69  ,318.2925,326.895 ,335.4975,344.1   
edl:7.10349597e-03,0.00000000e+00,0.00000000e+00,0.00000000e+00,0.00000000e+00,0.00000000e+00,0.00000000e+00,0.00000000e+00,0.00000000e+00,0.00000000e+00,0.00000000e+00,0.00000000e+00,0.00000000e+00,0.00000000e+00,0.00000000e+00,0.00000000e+00,0.00000000e+00,0.00000000e+00,0.00000000e+00,0.00000000e+00,0.00000000e+00,0.00000000e+00,0.00000000e+00,0.00000000e+00,0.00000000e+00,0.00000000e+00,0.00000000e+00,0.00000000e+00,0.00000000e+00,0.00000000e+00,1.93740515e-06,9.68702574e-07,1.93740515e-06,5.23099390e-05,1.03167793e-01,5.87905592e-03,3.29358875e-05,1.93740515e-06,9.68702574e-07,1.93740515e-06
edl_bin_edges:  0.    ,  8.6025, 17.205 , 25.8075, 34.41  , 43.0125, 51.615 , 60.2175, 68.82  , 77.4225, 86.025 , 94.6275,103.23  ,111.8325,120.435 ,129.0375,137.64  ,146.2425,154.845 ,163.4475,172.05  ,180.6525,189.255 ,197.8575,206.46  ,215.0625,223.665 ,232.2675,240.87  ,249.4725,258.075 ,266.6775,275.28  ,283.8825,292.485 ,301.0875,309.69  ,318.2925,326.895 ,335.4975,344.1   
gul:1.30768728e-01,0.00000000e+00,0.00000000e+00,0.00000000e+00,0.00000000e+00,0.00000000e+00,0.00000000e+00,0.00000000e+00,0.00000000e+00,0.00000000e+00,0.00000000e+00,0.00000000e+00,0.00000000e+00,0.00000000e+00,0.00000000e+00,0.00000000e+00,0.00000000e+00,0.00000000e+00,0.00000000e+00,0.00000000e+00,0.00000000e+00,0.00000000e+00,0.00000000e+00,0.00000000e+00,0.00000000e+00,0.00000000e+00,0.00000000e+00,0.00000000e+00,0.00000000e+00,0.00000000e+00,0.00000000e+00,0.00000000e+00,1.09038455e-06,0.00000000e+00,0.00000000e+00,0.00000000e+00,0.00000000e+00,0.00000000e+00,3.27115364e-06,7.41461491e-05
gul_bin_edges:  0.    ,  7.6425, 15.285 , 22.9275, 30.57  , 38.2125, 45.855 , 53.4975, 61.14  , 68.7825, 76.425 , 84.0675, 91.71  , 99.3525,106.995 ,114.6375,122.28  ,129.9225,137.565 ,145.2075,152.85  ,160.4925,168.135 ,175.7775,183.42  ,191.0625,198.705 ,206.3475,213.99  ,221.6325,229.275 ,236.9175,244.56  ,252.2025,259.845 ,267.4875,275.13  ,282.7725,290.415 ,298.0575,305.7   
gdl:1.13497594e-01,0.00000000e+00,0.00000000e+00,0.00000000e+00,0.00000000e+00,0.00000000e+00,0.00000000e+00,0.00000000e+00,0.00000000e+00,0.00000000e+00,0.00000000e+00,0.00000000e+00,0.00000000e+00,0.00000000e+00,0.00000000e+00,0.00000000e+00,0.00000000e+00,0.00000000e+00,0.00000000e+00,0.00000000e+00,0.00000000e+00,0.00000000e+00,0.00000000e+00,0.00000000e+00,0.00000000e+00,0.00000000e+00,0.00000000e+00,0.00000000e+00,0.00000000e+00,1.00734529e-06,0.00000000e+00,1.00734529e-06,0.00000000e+00,1.00734529e-06,1.00734529e-06,1.32969578e-04,7.21359960e-03,3.22350492e-05,1.00734529e-06,1.00734529e-06
gdl_bin_edges:  0.    ,  8.2725, 16.545 , 24.8175, 33.09  , 41.3625, 49.635 , 57.9075, 66.18  , 74.4525, 82.725 , 90.9975, 99.27  ,107.5425,115.815 ,124.0875,132.36  ,140.6325,148.905 ,157.1775,165.45  ,173.7225,181.995 ,190.2675,198.54  ,206.8125,215.085 ,223.3575,231.63  ,239.9025,248.175 ,256.4475,264.72  ,272.9925,281.265 ,289.5375,297.81  ,306.0825,314.355 ,322.6275,330.9   
ri: 0., 0., 0., 0., 0., 0., 0., 0., 0., 0., 0., 0., 0., 0., 0., 0., 0., 0., 0., 0.,40., 0., 0., 0., 0., 0., 0., 0., 0., 0., 0., 0., 0., 0., 0., 0., 0., 0., 0., 0.
ri_bin_edges:0.5  ,0.525,0.55 ,0.575,0.6  ,0.625,0.65 ,0.675,0.7  ,0.725,0.75 ,0.775,0.8  ,0.825,0.85 ,0.875,0.9  ,0.925,0.95 ,0.975,1.   ,1.025,1.05 ,1.075,1.1  ,1.125,1.15 ,1.175,1.2  ,1.225,1.25 ,1.275,1.3  ,1.325,1.35 ,1.375,1.4  ,1.425,1.45 ,1.475,1.5  
