period:1
ue_log_freq:1000
mac_log_freq:1000
mimo_layers:2
frequency:2412000000.0
bandwidth:50000000
ue_speed:5.555555555555555
max_distance:1000
shannon_cfg_bandwidth_mhz:50.0
shannon_cfg_mimo_layers:2
shannon_cfg_bw_efficiency:0.67
shannon_cfg_sinr_offset_db:0
shannon_cfg_ul_divisor:2
shannon_cfg_sinr_sample_rate:1000
n_ue:2
sinr_period:9.463597741343282
sinr_rate:105.66805852612856
ul_fairness:nan
dl_fairness:0.9999757437310979
ul_agg_throughput:0
dl_agg_throughput:39.927373106721504
ul_ave_throughput:0.0
dl_ave_throughput:19.963686553360752
ul_se:0.0
dl_se:0.7985474621344301
ul_ase:0.0
dl_ase:2.5418555178436536e-07
ul_gr:0.0, 0.0
dl_gr:20.180835191648082, 20.17840721592784
ul_tr:0.0, 0.0
dl_tr:20.06301474905251, 20.061810960490394
ul_er:0.0, 0.0
dl_er:79.8170778292217, 79.81950580494195
ul_er_ratio:0.0, 0.0
dl_er_ratio:0.7991289932643034, 0.7991435074128546
ul_er_perc:0.0, 0.0
dl_er_perc:79.91289932643035, 79.91435074128546
ul_l:0.0, 0.0
dl_l:0.0014323844528674715, 0.0014338687422685774
ul_il:0.0, 0.0
dl_il:0.2566415352103229, 0.25702998313364267
sinr_ul:0.0108289 ,0.02737551,0.03564512,0.0333817 ,0.02294484,0.02963893,0.05390039,0.04576393,0.1070685 ,0.19151023,0.0960177 ,0.21312364,0.1365447 ,0.05553508,0.04978778,0.05552029,0.0538782 ,0.02352178,0.02173916,0.03532706,0.02553371,0.01412786,0.00246313,0.00247792,0.00784799,0.01309231,0.01068836,0.00959363,0.0089797 ,0.0073598 ,0.0075891 ,0.01018538,0.01065877,0.00478572,0.00646479,0.00932735,0.00656095,0.00704174,0.00747815,0.0080625 
sinr_ul_bin_edges:19.886656  ,20.56261835,21.2385807 ,21.91454305,22.5905054 ,23.26646775,23.9424301 ,24.61839245,25.2943548 ,25.97031715,26.6462795 ,27.32224185,27.9982042 ,28.67416655,29.3501289 ,30.02609125,30.7020536 ,31.37801595,32.0539783 ,32.72994065,33.405903  ,34.08186535,34.7578277 ,35.43379005,36.1097524 ,36.78571475,37.4616771 ,38.13763945,38.8136018 ,39.48956415,40.1655265 ,40.84148885,41.5174512 ,42.19341355,42.8693759 ,43.54533825,44.2213006 ,44.89726295,45.5732253 ,46.24918765,46.92515   
sinr_dl:0.01082949,0.02737701,0.03564707,0.03338353,0.02293869,0.02962575,0.05389594,0.04578862,0.1069338 ,0.19165384,0.09616349,0.2131131 ,0.13648559,0.05552332,0.04983488,0.05550853,0.05385156,0.02350828,0.0218513 ,0.03524762,0.02549812,0.01413603,0.00245587,0.00247806,0.00784842,0.01310043,0.01068894,0.00958676,0.00898019,0.0073676 ,0.00758212,0.01019333,0.01065196,0.00478598,0.00646515,0.00932786,0.00656871,0.00703473,0.00747856,0.00806294
sinr_dl_bin_edges:29.630238  ,30.30616342,30.98208885,31.65801427,32.3339397 ,33.00986512,33.68579055,34.36171597,35.0376414 ,35.71356683,36.38949225,37.06541767,37.7413431 ,38.41726852,39.09319395,39.76911938,40.4450448 ,41.12097022,41.79689565,42.47282107,43.1487465 ,43.82467192,44.50059735,45.17652277,45.8524482 ,46.52837363,47.20429905,47.88022447,48.5561499 ,49.23207532,49.90800075,50.58392618,51.2598516 ,51.93577702,52.61170245,53.28762787,53.9635533 ,54.63947872,55.31540415,55.99132957,56.667255  
rsrp_ul:0.01084377,0.02722114,0.03591254,0.03342502,0.02294619,0.02631997,0.05609565,0.04659246,0.09582883,0.20792331,0.1205699 ,0.21353884,0.11813452,0.05380922,0.0546806 ,0.05496361,0.05128447,0.02203013,0.02846489,0.02906815,0.02555287,0.01301848,0.00246517,0.00248007,0.00882546,0.01341321,0.01020327,0.00957022,0.00881801,0.00735827,0.00763383,0.01307061,0.00764873,0.00478139,0.00656137,0.00945851,0.00644221,0.00704547,0.00748488,0.00805835
rsrp_ul_bin_edges:-90.67218   ,-90.00083342,-89.32948685,-88.65814027,-87.9867937 ,-87.31544712,-86.64410055,-85.97275398,-85.3014074 ,-84.63006083,-83.95871425,-83.28736767,-82.6160211 ,-81.94467452,-81.27332795,-80.60198137,-79.9306348 ,-79.25928823,-78.58794165,-77.91659508,-77.2452485 ,-76.57390193,-75.90255535,-75.23120877,-74.5598622 ,-73.88851562,-73.21716905,-72.54582247,-71.8744759 ,-71.20312932,-70.53178275,-69.86043618,-69.1890896 ,-68.51774303,-67.84639645,-67.17504987,-66.5037033 ,-65.83235672,-65.16101015,-64.48966357,-63.818317  
rsrp_dl:0.01084377,0.02722114,0.03591254,0.03342503,0.02294619,0.02631997,0.05609565,0.04659246,0.09582883,0.20792332,0.12056991,0.21353884,0.11813453,0.05380923,0.0546806 ,0.05496361,0.05128448,0.02203013,0.02846489,0.02906815,0.02555287,0.01301848,0.00246517,0.00248007,0.00882546,0.01341321,0.01020327,0.00957022,0.00881801,0.00735827,0.00763383,0.01307061,0.00764873,0.00478139,0.00656137,0.00945851,0.00644221,0.00704547,0.00748488,0.00805835
rsrp_dl_bin_edges:-87.66188   ,-86.99053345,-86.3191869 ,-85.64784035,-84.9764938 ,-84.30514725,-83.6338007 ,-82.96245415,-82.2911076 ,-81.61976105,-80.9484145 ,-80.27706795,-79.6057214 ,-78.93437485,-78.2630283 ,-77.59168175,-76.9203352 ,-76.24898865,-75.5776421 ,-74.90629555,-74.234949  ,-73.56360245,-72.8922559 ,-72.22090935,-71.5495628 ,-70.87821625,-70.2068697 ,-69.53552315,-68.8641766 ,-68.19283005,-67.5214835 ,-66.85013695,-66.1787904 ,-65.50744385,-64.8360973 ,-64.16475075,-63.4934042 ,-62.82205765,-62.1507111 ,-61.47936455,-60.808018  
cqi_ul: 0., 0., 0., 0., 0., 0., 0., 0., 0., 0., 0., 0., 0., 0., 0., 0., 0., 0., 0., 0.,40., 0., 0., 0., 0., 0., 0., 0., 0., 0., 0., 0., 0., 0., 0., 0., 0., 0., 0., 0.
cqi_ul_bin_edges:14.5  ,14.525,14.55 ,14.575,14.6  ,14.625,14.65 ,14.675,14.7  ,14.725,14.75 ,14.775,14.8  ,14.825,14.85 ,14.875,14.9  ,14.925,14.95 ,14.975,15.   ,15.025,15.05 ,15.075,15.1  ,15.125,15.15 ,15.175,15.2  ,15.225,15.25 ,15.275,15.3  ,15.325,15.35 ,15.375,15.4  ,15.425,15.45 ,15.475,15.5  
cqi_dl: 0., 0., 0., 0., 0., 0., 0., 0., 0., 0., 0., 0., 0., 0., 0., 0., 0., 0., 0., 0.,40., 0., 0., 0., 0., 0., 0., 0., 0., 0., 0., 0., 0., 0., 0., 0., 0., 0., 0., 0.
cqi_dl_bin_edges:14.5  ,14.525,14.55 ,14.575,14.6  ,14.625,14.65 ,14.675,14.7  ,14.725,14.75 ,14.775,14.8  ,14.825,14.85 ,14.875,14.9  ,14.925,14.95 ,14.975,15.   ,15.025,15.05 ,15.075,15.1  ,15.125,15.15 ,15.175,15.2  ,15.225,15.25 ,15.275,15.3  ,15.325,15.35 ,15.375,15.4  ,15.425,15.45 ,15.475,15.5  
mcs_ul: 0., 0., 0., 0., 0., 0., 0., 0., 0., 0., 0., 0., 0., 0., 0., 0., 0., 0., 0., 0.,40., 0., 0., 0., 0., 0., 0., 0., 0., 0., 0., 0., 0., 0., 0., 0., 0., 0., 0., 0.
mcs_ul_bin_edges:27.5  ,27.525,27.55 ,27.575,27.6  ,27.625,27.65 ,27.675,27.7  ,27.725,27.75 ,27.775,27.8  ,27.825,27.85 ,27.875,27.9  ,27.925,27.95 ,27.975,28.   ,28.025,28.05 ,28.075,28.1  ,28.125,28.15 ,28.175,28.2  ,28.225,28.25 ,28.275,28.3  ,28.325,28.35 ,28.375,28.4  ,28.425,28.45 ,28.475,28.5  
mcs_dl: 0., 0., 0., 0., 0., 0., 0., 0., 0., 0., 0., 0., 0., 0., 0., 0., 0., 0., 0., 0.,40., 0., 0., 0., 0., 0., 0., 0., 0., 0., 0., 0., 0., 0., 0., 0., 0., 0., 0., 0.
mcs_dl_bin_edges:27.5  ,27.525,27.55 ,27.575,27.6  ,27.625,27.65 ,27.675,27.7  ,27.725,27.75 ,27.775,27.8  ,27.825,27.85 ,27.875,27.9  ,27.925,27.95 ,27.975,28.   ,28.025,28.05 ,28.075,28.1  ,28.125,28.15 ,28.175,28.2  ,28.225,28.25 ,28.275,28.3  ,28.325,28.35 ,28.375,28.4  ,28.425,28.45 ,28.475,28.5  
eff_ul: 0., 0., 0., 0., 0., 0., 0., 0., 0., 0., 0., 0., 0., 0., 0., 0., 0., 0., 0., 0.,40., 0., 0., 0., 0., 0., 0., 0., 0., 0., 0., 0., 0., 0., 0., 0., 0., 0., 0., 0.
eff_ul_bin_edges:5.0545974,5.0795974,5.1045974,5.1295974,5.1545974,5.1795974,5.2045974,5.2295974,5.2545974,5.2795974,5.3045974,5.3295974,5.3545974,5.3795974,5.4045974,5.4295974,5.4545974,5.4795974,5.5045974,5.5295974,5.5545974,5.5795974,5.6045974,5.6295974,5.6545974,5.6795974,5.7045974,5.7295974,5.7545974,5.7795974,5.8045974,5.8295974,5.8545974,5.8795974,5.9045974,5.9295974,5.9545974,5.9795974,6.0045974,6.0295974,6.0545974
eff_dl: 0., 0., 0., 0., 0., 0., 0., 0., 0., 0., 0., 0., 0., 0., 0., 0., 0., 0., 0., 0.,40., 0., 0., 0., 0., 0., 0., 0., 0., 0., 0., 0., 0., 0., 0., 0., 0., 0., 0., 0.
eff_dl_bin_edges:5.0545974,5.0795974,5.1045974,5.1295974,5.1545974,5.1795974,5.2045974,5.2295974,5.2545974,5.2795974,5.3045974,5.3295974,5.3545974,5.3795974,5.4045974,5.4295974,5.4545974,5.4795974,5.5045974,5.5295974,5.5545974,5.5795974,5.6045974,5.6295974,5.6545974,5.6795974,5.7045974,5.7295974,5.7545974,5.7795974,5.8045974,5.8295974,5.8545974,5.8795974,5.9045974,5.9295974,5.9545974,5.9795974,6.0045974,6.0295974,6.0545974
rul: 0., 0., 0., 0., 0., 0., 0., 0., 0., 0., 0., 0., 0., 0., 0., 0., 0., 0., 0., 0.,40., 0., 0., 0., 0., 0., 0., 0., 0., 0., 0., 0., 0., 0., 0., 0., 0., 0., 0., 0.
rul_bin_edges:-0.5  ,-0.475,-0.45 ,-0.425,-0.4  ,-0.375,-0.35 ,-0.325,-0.3  ,-0.275,-0.25 ,-0.225,-0.2  ,-0.175,-0.15 ,-0.125,-0.1  ,-0.075,-0.05 ,-0.025, 0.   , 0.025, 0.05 , 0.075, 0.1  , 0.125, 0.15 , 0.175, 0.2  , 0.225, 0.25 , 0.275, 0.3  , 0.325, 0.35 , 0.375, 0.4  , 0.425, 0.45 , 0.475, 0.5  
rdl:0.26793042,0.        ,0.        ,0.        ,0.        ,0.        ,0.        ,0.        ,0.        ,0.        ,0.        ,0.        ,0.        ,0.        ,0.        ,0.        ,0.        ,0.        ,0.        ,0.21178595,0.        ,0.        ,0.        ,0.        ,0.        ,0.        ,0.        ,0.        ,0.        ,0.        ,0.        ,0.        ,0.        ,0.        ,0.        ,0.        ,0.        ,0.        ,0.        ,0.01870818
rdl_bin_edges: 0.        , 2.00632175, 4.0126435 , 6.01896525, 8.025287  ,10.03160875,12.0379305 ,14.04425225,16.050574  ,18.05689575,20.0632175 ,22.06953925,24.075861  ,26.08218275,28.0885045 ,30.09482625,32.101148  ,34.10746975,36.1137915 ,38.12011325,40.126435  ,42.13275675,44.1390785 ,46.14540025,48.151722  ,50.15804375,52.1643655 ,54.17068725,56.177009  ,58.18333075,60.1896525 ,62.19597425,64.202296  ,66.20861775,68.2149395 ,70.22126125,72.227583  ,74.23390475,76.2402265 ,78.24654825,80.25287   
lul: 0., 0., 0., 0., 0., 0., 0., 0., 0., 0., 0., 0., 0., 0., 0., 0., 0., 0., 0., 0.,40., 0., 0., 0., 0., 0., 0., 0., 0., 0., 0., 0., 0., 0., 0., 0., 0., 0., 0., 0.
lul_bin_edges:-0.5  ,-0.475,-0.45 ,-0.425,-0.4  ,-0.375,-0.35 ,-0.325,-0.3  ,-0.275,-0.25 ,-0.225,-0.2  ,-0.175,-0.15 ,-0.125,-0.1  ,-0.075,-0.05 ,-0.025, 0.   , 0.025, 0.05 , 0.075, 0.1  , 0.125, 0.15 , 0.175, 0.2  , 0.225, 0.25 , 0.275, 0.3  , 0.325, 0.35 , 0.375, 0.4  , 0.425, 0.45 , 0.475, 0.5  
ldl:4.88446173e+03,0.00000000e+00,0.00000000e+00,0.00000000e+00,0.00000000e+00,0.00000000e+00,0.00000000e+00,0.00000000e+00,0.00000000e+00,0.00000000e+00,0.00000000e+00,0.00000000e+00,0.00000000e+00,0.00000000e+00,0.00000000e+00,0.00000000e+00,0.00000000e+00,0.00000000e+00,0.00000000e+00,0.00000000e+00,0.00000000e+00,0.00000000e+00,0.00000000e+00,0.00000000e+00,0.00000000e+00,0.00000000e+00,0.00000000e+00,3.61073629e+03,3.04392938e+00,1.95356662e+00,2.54417978e+00,3.37376412e+02,2.90763404e+00,3.63454255e-01,3.63454255e-01,2.81677047e+00,2.39698081e+02,1.36295346e-01,0.00000000e+00,4.54317818e-02
ldl_bin_edges:0.        ,0.00011005,0.00022011,0.00033016,0.00044022,0.00055027,0.00066032,0.00077038,0.00088043,0.00099049,0.00110054,0.00121059,0.00132065,0.0014307 ,0.00154076,0.00165081,0.00176086,0.00187092,0.00198097,0.00209103,0.00220108,0.00231113,0.00242119,0.00253124,0.0026413 ,0.00275135,0.0028614 ,0.00297146,0.00308151,0.00319157,0.00330162,0.00341167,0.00352173,0.00363178,0.00374184,0.00385189,0.00396194,0.004072  ,0.00418205,0.00429211,0.00440216
ilul: 0., 0., 0., 0., 0., 0., 0., 0., 0., 0., 0., 0., 0., 0., 0., 0., 0., 0., 0., 0.,40., 0., 0., 0., 0., 0., 0., 0., 0., 0., 0., 0., 0., 0., 0., 0., 0., 0., 0., 0.
ilul_bin_edges:-0.5  ,-0.475,-0.45 ,-0.425,-0.4  ,-0.375,-0.35 ,-0.325,-0.3  ,-0.275,-0.25 ,-0.225,-0.2  ,-0.175,-0.15 ,-0.125,-0.1  ,-0.075,-0.05 ,-0.025, 0.   , 0.025, 0.05 , 0.075, 0.1  , 0.125, 0.15 , 0.175, 0.2  , 0.225, 0.25 , 0.275, 0.3  , 0.325, 0.35 , 0.375, 0.4  , 0.425, 0.45 , 0.475, 0.5  
ildl:3.66348522e+01,6.13283861e-03,5.79212536e-03,5.11069884e-03,5.45141210e-03,5.79212536e-03,5.11069884e-03,6.47355187e-03,6.47355187e-03,5.11069884e-03,5.79212536e-03,5.45141210e-03,5.11069884e-03,5.11069884e-03,5.11069884e-03,5.11069884e-03,5.45141210e-03,5.11069884e-03,5.11069884e-03,5.45141210e-03,5.45141210e-03,5.11069884e-03,5.11069884e-03,5.45141210e-03,5.79212536e-03,5.11069884e-03,5.45141210e-03,5.45141210e-03,5.45141210e-03,4.42927233e-03,5.45141210e-03,4.76998559e-03,5.11069884e-03,4.42927233e-03,5.11069884e-03,4.87560670e-01,7.11511493e+00,7.93521174e+00,8.45377732e+00,7.33487498e+00
ildl_bin_edges:0.        ,0.01467495,0.0293499 ,0.04402485,0.0586998 ,0.07337475,0.0880497 ,0.10272465,0.1173996 ,0.13207455,0.1467495 ,0.16142445,0.1760994 ,0.19077435,0.2054493 ,0.22012425,0.2347992 ,0.24947415,0.2641491 ,0.27882405,0.293499  ,0.30817395,0.3228489 ,0.33752385,0.3521988 ,0.36687375,0.3815487 ,0.39622365,0.4108986 ,0.42557355,0.4402485 ,0.45492345,0.4695984 ,0.48427335,0.4989483 ,0.51362325,0.5282982 ,0.54297315,0.5576481 ,0.57232305,0.586998  
eul: 0., 0., 0., 0., 0., 0., 0., 0., 0., 0., 0., 0., 0., 0., 0., 0., 0., 0., 0., 0.,40., 0., 0., 0., 0., 0., 0., 0., 0., 0., 0., 0., 0., 0., 0., 0., 0., 0., 0., 0.
eul_bin_edges:-0.5  ,-0.475,-0.45 ,-0.425,-0.4  ,-0.375,-0.35 ,-0.325,-0.3  ,-0.275,-0.25 ,-0.225,-0.2  ,-0.175,-0.15 ,-0.125,-0.1  ,-0.075,-0.05 ,-0.025, 0.   , 0.025, 0.05 , 0.075, 0.1  , 0.125, 0.15 , 0.175, 0.2  , 0.225, 0.25 , 0.275, 0.3  , 0.325, 0.35 , 0.375, 0.4  , 0.425, 0.45 , 0.475, 0.5  
edl:4.20495795e-02,2.08331250e-06,1.04165625e-06,0.00000000e+00,0.00000000e+00,0.00000000e+00,0.00000000e+00,1.04165625e-06,1.04165625e-05,1.56248438e-05,1.04165625e-05,1.45831875e-05,1.04165625e-05,1.77081563e-05,1.35415313e-05,1.66665000e-05,1.45831875e-05,4.37495625e-05,5.72910938e-05,1.74998250e-04,1.63052536e-01,2.48226684e-03,1.20832125e-04,6.14577188e-05,2.91663750e-05,1.14582188e-05,1.66665000e-05,1.97914688e-05,1.56248438e-05,1.35415313e-05,1.24998750e-05,1.45831875e-05,1.24998750e-05,1.24998750e-05,0.00000000e+00,0.00000000e+00,0.00000000e+00,0.00000000e+00,0.00000000e+00,4.16662500e-06
edl_bin_edges:  0. ,  4.8,  9.6, 14.4, 19.2, 24. , 28.8, 33.6, 38.4, 43.2, 48. , 52.8, 57.6, 62.4, 67.2, 72. , 76.8, 81.6, 86.4, 91.2, 96. ,100.8,105.6,110.4,115.2,120. ,124.8,129.6,134.4,139.2,144. ,148.8,153.6,158.4,163.2,168. ,172.8,177.6,182.4,187.2,192. 
gul: 0., 0., 0., 0., 0., 0., 0., 0., 0., 0., 0., 0., 0., 0., 0., 0., 0., 0., 0., 0.,40., 0., 0., 0., 0., 0., 0., 0., 0., 0., 0., 0., 0., 0., 0., 0., 0., 0., 0., 0.
gul_bin_edges:-0.5  ,-0.475,-0.45 ,-0.425,-0.4  ,-0.375,-0.35 ,-0.325,-0.3  ,-0.275,-0.25 ,-0.225,-0.2  ,-0.175,-0.15 ,-0.125,-0.1  ,-0.075,-0.05 ,-0.025, 0.   , 0.025, 0.05 , 0.075, 0.1  , 0.125, 0.15 , 0.175, 0.2  , 0.225, 0.25 , 0.275, 0.3  , 0.325, 0.35 , 0.375, 0.4  , 0.425, 0.45 , 0.475, 0.5  
gdl:2.01815934e-01,0.00000000e+00,1.26420986e-06,0.00000000e+00,0.00000000e+00,0.00000000e+00,0.00000000e+00,0.00000000e+00,0.00000000e+00,2.52841972e-06,5.05683944e-06,2.52841972e-06,3.79262958e-06,8.84946903e-06,1.26420986e-06,5.05683944e-06,5.05683944e-06,5.05683944e-06,5.05683944e-06,3.79262958e-06,1.26420986e-06,8.84946903e-06,2.14915676e-05,3.91905057e-05,5.32232352e-04,5.02106231e-02,7.71168015e-05,2.65484071e-05,1.39063085e-05,7.58525917e-06,5.05683944e-06,3.79262958e-06,5.05683944e-06,3.79262958e-06,3.79262958e-06,2.52841972e-06,3.79262958e-06,2.52841972e-06,3.79262958e-06,6.32104931e-06
gdl_bin_edges:  0.   ,  3.955,  7.91 , 11.865, 15.82 , 19.775, 23.73 , 27.685, 31.64 , 35.595, 39.55 , 43.505, 47.46 , 51.415, 55.37 , 59.325, 63.28 , 67.235, 71.19 , 75.145, 79.1  , 83.055, 87.01 , 90.965, 94.92 , 98.875,102.83 ,106.785,110.74 ,114.695,118.65 ,122.605,126.56 ,130.515,134.47 ,138.425,142.38 ,146.335,150.29 ,154.245,158.2  
ri: 0., 0., 0., 0., 0., 0., 0., 0., 0., 0., 0., 0., 0., 0., 0., 0., 0., 0., 0., 0.,40., 0., 0., 0., 0., 0., 0., 0., 0., 0., 0., 0., 0., 0., 0., 0., 0., 0., 0., 0.
ri_bin_edges:0.5  ,0.525,0.55 ,0.575,0.6  ,0.625,0.65 ,0.675,0.7  ,0.725,0.75 ,0.775,0.8  ,0.825,0.85 ,0.875,0.9  ,0.925,0.95 ,0.975,1.   ,1.025,1.05 ,1.075,1.1  ,1.125,1.15 ,1.175,1.2  ,1.225,1.25 ,1.275,1.3  ,1.325,1.35 ,1.375,1.4  ,1.425,1.45 ,1.475,1.5  
