period:1
ue_log_freq:1000
mac_log_freq:1000
mimo_layers:2
frequency:2412000000.0
bandwidth:50000000
ue_speed:5.555555555555555
max_distance:1000
shannon_cfg_bandwidth_mhz:50.0
shannon_cfg_mimo_layers:2
shannon_cfg_bw_efficiency:0.67
shannon_cfg_sinr_offset_db:0
shannon_cfg_ul_divisor:2
shannon_cfg_sinr_sample_rate:1000
n_ue:5
sinr_period:9.463597741343282
sinr_rate:105.66805852612856
ul_fairness:nan
dl_fairness:0.7999851020894932
ul_agg_throughput:0
dl_agg_throughput:40.0267078670363
ul_ave_throughput:0.0
dl_ave_throughput:8.00534157340726
ul_se:0.0
dl_se:0.800534157340726
ul_ase:0.0
dl_ase:2.5481793650936324e-07
ul_gr:0.0, 0.0, 0.0, 0.0, 0.0
dl_gr:10.14248857511425, 10.142382576174239, 10.142160578394215, 10.143483565164349, 0.1049369506304937
ul_tr:0.0, 0.0, 0.0, 0.0, 0.0
dl_tr:10.031106143738562, 10.030704893151068, 10.031106154438454, 10.031908684213157, 0.0
ul_er:0.0, 0.0, 0.0, 0.0, 0.0
dl_er:89.85547144528554, 89.85557744422556, 89.85579944200559, 89.85447645523544, 99.8930230697693
ul_er_ratio:0.0, 0.0, 0.0, 0.0, 0.0
dl_er_ratio:0.89957503414512, 0.8995787543751875, 0.8995753638122956, 0.8995668061246996, 1.0
ul_er_perc:0.0, 0.0, 0.0, 0.0, 0.0
dl_er_perc:89.95750341451199, 89.95787543751875, 89.95753638122956, 89.95668061246997, 100.0
ul_l:0.0, 0.0, 0.0, 0.0, 0.0
dl_l:0.0007270005530484694, 0.0007235064684343157, 0.0007220081304366955, 0.0007207319334406655, 0.0
ul_il:0.0, 0.0, 0.0, 0.0, 0.0
dl_il:0.24534857726424736, 0.24427094036454639, 0.24414473403381265, 0.24318849376747434, 0.0
sinr_ul:0.0823784 ,0.05054351,0.00511992,0.        ,0.        ,0.        ,0.        ,0.        ,0.        ,0.        ,0.        ,0.        ,0.        ,0.        ,0.        ,0.        ,0.        ,0.        ,0.        ,0.        ,0.        ,0.        ,0.        ,0.        ,0.        ,0.        ,0.        ,0.06450078,0.07354105,0.        ,0.        ,0.        ,0.        ,0.07146216,0.06657967,0.00422818,0.05524931,0.09429958,0.10368771,0.0186189 
sinr_ul_bin_edges:-27.284746  ,-25.83590985,-24.3870737 ,-22.93823755,-21.4894014 ,-20.04056525,-18.5917291 ,-17.14289295,-15.6940568 ,-14.24522065,-12.7963845 ,-11.34754835, -9.8987122 , -8.44987605, -7.0010399 , -5.55220375, -4.1033676 , -2.65453145, -1.2056953 ,  0.24314085,  1.691977  ,  3.14081315,  4.5896493 ,  6.03848545,  7.4873216 ,  8.93615775, 10.3849939 , 11.83383005, 13.2826662 , 14.73150235, 16.1803385 , 17.62917465, 19.0780108 , 20.52684695, 21.9756831 , 23.42451925, 24.8733554 , 26.32219155, 27.7710277 , 29.21986385, 30.6687    
sinr_dl:0.08237878,0.05054428,0.0051171 ,0.        ,0.        ,0.        ,0.        ,0.        ,0.        ,0.        ,0.        ,0.        ,0.        ,0.        ,0.        ,0.        ,0.        ,0.        ,0.        ,0.        ,0.        ,0.        ,0.        ,0.        ,0.        ,0.        ,0.        ,0.06459386,0.07344629,0.        ,0.        ,0.        ,0.        ,0.07146957,0.06657058,0.00424607,0.05524312,0.09431223,0.10366021,0.01861867
sinr_dl_bin_edges:-17.52508   ,-16.07622617,-14.62737235,-13.17851852,-11.7296647 ,-10.28081087, -8.83195705, -7.38310322, -5.9342494 , -4.48539557, -3.03654175, -1.58768792, -0.1388341 ,  1.31001973,  2.75887355,  4.20772738,  5.6565812 ,  7.10543503,  8.55428885, 10.00314268, 11.4519965 , 12.90085033, 14.34970415, 15.79855798, 17.2474118 , 18.69626562, 20.14511945, 21.59397327, 23.0428271 , 24.49168093, 25.94053475, 27.38938858, 28.8382424 , 30.28709623, 31.73595005, 33.18480388, 34.6336577 , 36.08251153, 37.53136535, 38.98021918, 40.429073  
rsrp_ul:0.08276605,0.05016962,0.00467885,0.        ,0.        ,0.        ,0.        ,0.        ,0.        ,0.        ,0.        ,0.        ,0.        ,0.        ,0.        ,0.        ,0.        ,0.        ,0.        ,0.        ,0.        ,0.        ,0.        ,0.        ,0.        ,0.        ,0.        ,0.07921425,0.05840027,0.        ,0.        ,0.        ,0.        ,0.07356386,0.06405066,0.01910759,0.04336465,0.09822413,0.09585444,0.01867823
rsrp_ul_bin_edges:-135.01155 ,-133.558215,-132.10488 ,-130.651545,-129.19821 ,-127.744875,-126.29154 ,-124.838205,-123.38487 ,-121.931535,-120.4782  ,-119.024865,-117.57153 ,-116.118195,-114.66486 ,-113.211525,-111.75819 ,-110.304855,-108.85152 ,-107.398185,-105.94485 ,-104.491515,-103.03818 ,-101.584845,-100.13151 , -98.678175, -97.22484 , -95.771505, -94.31817 , -92.864835, -91.4115  , -89.958165, -88.50483 , -87.051495, -85.59816 , -84.144825, -82.69149 , -81.238155, -79.78482 , -78.331485, -76.87815 
rsrp_dl:0.08276605,0.05016962,0.00467885,0.        ,0.        ,0.        ,0.        ,0.        ,0.        ,0.        ,0.        ,0.        ,0.        ,0.        ,0.        ,0.        ,0.        ,0.        ,0.        ,0.        ,0.        ,0.        ,0.        ,0.        ,0.        ,0.        ,0.        ,0.07921425,0.05840027,0.        ,0.        ,0.        ,0.        ,0.07356386,0.06405066,0.01910759,0.04336465,0.09822413,0.09585444,0.01867823
rsrp_dl_bin_edges:-132.00125 ,-130.547915,-129.09458 ,-127.641245,-126.18791 ,-124.734575,-123.28124 ,-121.827905,-120.37457 ,-118.921235,-117.4679  ,-116.014565,-114.56123 ,-113.107895,-111.65456 ,-110.201225,-108.74789 ,-107.294555,-105.84122 ,-104.387885,-102.93455 ,-101.481215,-100.02788 , -98.574545, -97.12121 , -95.667875, -94.21454 , -92.761205, -91.30787 , -89.854535, -88.4012  , -86.947865, -85.49453 , -84.041195, -82.58786 , -81.134525, -79.68119 , -78.227855, -76.77452 , -75.321185, -73.86785 
cqi_ul:0.53333333,0.        ,0.        ,0.        ,0.        ,0.        ,0.        ,0.        ,0.        ,0.        ,0.        ,0.        ,0.        ,0.        ,0.        ,0.        ,0.        ,0.        ,0.        ,0.        ,0.        ,0.        ,0.        ,0.        ,0.        ,0.        ,0.        ,0.        ,0.        ,0.        ,0.        ,0.        ,0.53333333,0.        ,0.        ,0.        ,0.        ,0.        ,0.        ,1.6       
cqi_ul_bin_edges: 0.   , 0.375, 0.75 , 1.125, 1.5  , 1.875, 2.25 , 2.625, 3.   , 3.375, 3.75 , 4.125, 4.5  , 4.875, 5.25 , 5.625, 6.   , 6.375, 6.75 , 7.125, 7.5  , 7.875, 8.25 , 8.625, 9.   , 9.375, 9.75 ,10.125,10.5  ,10.875,11.25 ,11.625,12.   ,12.375,12.75 ,13.125,13.5  ,13.875,14.25 ,14.625,15.   
cqi_dl:0.53333333,0.        ,0.        ,0.        ,0.        ,0.        ,0.        ,0.        ,0.        ,0.        ,0.        ,0.        ,0.        ,0.        ,0.        ,0.        ,0.        ,0.        ,0.        ,0.        ,0.        ,0.        ,0.        ,0.        ,0.        ,0.        ,0.        ,0.        ,0.        ,0.        ,0.        ,0.        ,0.        ,0.        ,0.        ,0.        ,0.        ,0.        ,0.        ,2.13333333
cqi_dl_bin_edges: 0.   , 0.375, 0.75 , 1.125, 1.5  , 1.875, 2.25 , 2.625, 3.   , 3.375, 3.75 , 4.125, 4.5  , 4.875, 5.25 , 5.625, 6.   , 6.375, 6.75 , 7.125, 7.5  , 7.875, 8.25 , 8.625, 9.   , 9.375, 9.75 ,10.125,10.5  ,10.875,11.25 ,11.625,12.   ,12.375,12.75 ,13.125,13.5  ,13.875,14.25 ,14.625,15.   
mcs_ul:0.28571429,0.        ,0.        ,0.        ,0.        ,0.        ,0.        ,0.        ,0.        ,0.        ,0.        ,0.        ,0.        ,0.        ,0.        ,0.        ,0.        ,0.        ,0.        ,0.        ,0.        ,0.        ,0.        ,0.        ,0.        ,0.        ,0.        ,0.        ,0.        ,0.        ,0.        ,0.06343651,0.22227778,0.        ,0.        ,0.        ,0.        ,0.        ,0.        ,0.85714286
mcs_ul_bin_edges: 0. , 0.7, 1.4, 2.1, 2.8, 3.5, 4.2, 4.9, 5.6, 6.3, 7. , 7.7, 8.4, 9.1, 9.8,10.5,11.2,11.9,12.6,13.3,14. ,14.7,15.4,16.1,16.8,17.5,18.2,18.9,19.6,20.3,21. ,21.7,22.4,23.1,23.8,24.5,25.2,25.9,26.6,27.3,28. 
mcs_dl:0.28571429,0.        ,0.        ,0.        ,0.        ,0.        ,0.        ,0.        ,0.        ,0.        ,0.        ,0.        ,0.        ,0.        ,0.        ,0.        ,0.        ,0.        ,0.        ,0.        ,0.        ,0.        ,0.        ,0.        ,0.        ,0.        ,0.        ,0.        ,0.        ,0.        ,0.        ,0.        ,0.        ,0.        ,0.        ,0.        ,0.        ,0.        ,0.        ,1.14285714
mcs_dl_bin_edges: 0. , 0.7, 1.4, 2.1, 2.8, 3.5, 4.2, 4.9, 5.6, 6.3, 7. , 7.7, 8.4, 9.1, 9.8,10.5,11.2,11.9,12.6,13.3,14. ,14.7,15.4,16.1,16.8,17.5,18.2,18.9,19.6,20.3,21. ,21.7,22.4,23.1,23.8,24.5,25.2,25.9,26.6,27.3,28. 
eff_ul:1.4402484 ,0.        ,0.        ,0.        ,0.        ,0.        ,0.        ,0.        ,0.        ,0.        ,0.        ,0.        ,0.        ,0.        ,0.        ,0.        ,0.        ,0.        ,0.        ,0.        ,0.        ,0.        ,0.        ,0.        ,0.        ,0.        ,0.        ,0.        ,0.31977515,0.        ,1.12047324,0.        ,0.        ,0.        ,0.        ,0.        ,0.        ,0.        ,0.        ,4.32074519
eff_ul_bin_edges:0.        ,0.13886493,0.27772987,0.41659481,0.55545974,0.69432467,0.83318961,0.97205454,1.11091948,1.24978441,1.38864935,1.52751428,1.66637922,1.80524416,1.94410909,2.08297402,2.22183896,2.36070389,2.49956883,2.63843376,2.7772987 ,2.91616363,3.05502857,3.1938935 ,3.33275844,3.47162338,3.61048831,3.74935325,3.88821818,4.02708311,4.16594805,4.30481298,4.44367792,4.58254285,4.72140779,4.86027272,4.99913766,5.13800259,5.27686753,5.41573246,5.5545974 
eff_dl:1.4402484 ,0.        ,0.        ,0.        ,0.        ,0.        ,0.        ,0.        ,0.        ,0.        ,0.        ,0.        ,0.        ,0.        ,0.        ,0.        ,0.        ,0.        ,0.        ,0.        ,0.        ,0.        ,0.        ,0.        ,0.        ,0.        ,0.        ,0.        ,0.        ,0.        ,0.        ,0.        ,0.        ,0.        ,0.        ,0.        ,0.        ,0.        ,0.        ,5.76099359
eff_dl_bin_edges:0.        ,0.13886493,0.27772987,0.41659481,0.55545974,0.69432467,0.83318961,0.97205454,1.11091948,1.24978441,1.38864935,1.52751428,1.66637922,1.80524416,1.94410909,2.08297402,2.22183896,2.36070389,2.49956883,2.63843376,2.7772987 ,2.91616363,3.05502857,3.1938935 ,3.33275844,3.47162338,3.61048831,3.74935325,3.88821818,4.02708311,4.16594805,4.30481298,4.44367792,4.58254285,4.72140779,4.86027272,4.99913766,5.13800259,5.27686753,5.41573246,5.5545974 
rul: 0., 0., 0., 0., 0., 0., 0., 0., 0., 0., 0., 0., 0., 0., 0., 0., 0., 0., 0., 0.,40., 0., 0., 0., 0., 0., 0., 0., 0., 0., 0., 0., 0., 0., 0., 0., 0., 0., 0., 0.
rul_bin_edges:-0.5  ,-0.475,-0.45 ,-0.425,-0.4  ,-0.375,-0.35 ,-0.325,-0.3  ,-0.275,-0.25 ,-0.225,-0.2  ,-0.175,-0.15 ,-0.125,-0.1  ,-0.075,-0.05 ,-0.025, 0.   , 0.025, 0.05 , 0.075, 0.1  , 0.125, 0.15 , 0.175, 0.2  , 0.225, 0.25 , 0.275, 0.3  , 0.325, 0.35 , 0.375, 0.4  , 0.425, 0.45 , 0.475, 0.5  
rdl:0.40788165,0.        ,0.        ,0.        ,0.        ,0.        ,0.        ,0.        ,0.        ,0.        ,0.        ,0.        ,0.        ,0.        ,0.        ,0.        ,0.        ,0.        ,0.        ,0.08140487,0.        ,0.        ,0.        ,0.        ,0.        ,0.        ,0.        ,0.        ,0.        ,0.        ,0.        ,0.        ,0.        ,0.        ,0.        ,0.        ,0.        ,0.        ,0.        ,0.00913802
rdl_bin_edges: 0.        , 2.00632175, 4.0126435 , 6.01896525, 8.025287  ,10.03160875,12.0379305 ,14.04425225,16.050574  ,18.05689575,20.0632175 ,22.06953925,24.075861  ,26.08218275,28.0885045 ,30.09482625,32.101148  ,34.10746975,36.1137915 ,38.12011325,40.126435  ,42.13275675,44.1390785 ,46.14540025,48.151722  ,50.15804375,52.1643655 ,54.17068725,56.177009  ,58.18333075,60.1896525 ,62.19597425,64.202296  ,66.20861775,68.2149395 ,70.22126125,72.227583  ,74.23390475,76.2402265 ,78.24654825,80.25287   
lul: 0., 0., 0., 0., 0., 0., 0., 0., 0., 0., 0., 0., 0., 0., 0., 0., 0., 0., 0., 0.,40., 0., 0., 0., 0., 0., 0., 0., 0., 0., 0., 0., 0., 0., 0., 0., 0., 0., 0., 0.
lul_bin_edges:-0.5  ,-0.475,-0.45 ,-0.425,-0.4  ,-0.375,-0.35 ,-0.325,-0.3  ,-0.275,-0.25 ,-0.225,-0.2  ,-0.175,-0.15 ,-0.125,-0.1  ,-0.075,-0.05 ,-0.025, 0.   , 0.025, 0.05 , 0.075, 0.1  , 0.125, 0.15 , 0.175, 0.2  , 0.225, 0.25 , 0.275, 0.3  , 0.325, 0.35 , 0.375, 0.4  , 0.425, 0.45 , 0.475, 0.5  
ldl:7.10489417e+03,0.00000000e+00,0.00000000e+00,0.00000000e+00,0.00000000e+00,0.00000000e+00,0.00000000e+00,0.00000000e+00,0.00000000e+00,0.00000000e+00,0.00000000e+00,0.00000000e+00,0.00000000e+00,0.00000000e+00,0.00000000e+00,0.00000000e+00,0.00000000e+00,0.00000000e+00,0.00000000e+00,0.00000000e+00,0.00000000e+00,0.00000000e+00,0.00000000e+00,0.00000000e+00,0.00000000e+00,0.00000000e+00,1.20528385e+03,4.86190595e-01,2.77823197e-01,5.20918494e-01,1.58758593e+02,5.03554545e-01,3.12551097e-01,2.95187147e-01,2.10503164e+02,1.21547649e-01,3.47278996e-02,3.47278996e-02,1.73639498e-02,1.73639498e-02
ldl_bin_edges:0.        ,0.00011518,0.00023036,0.00034554,0.00046072,0.0005759 ,0.00069108,0.00080626,0.00092144,0.00103662,0.0011518 ,0.00126698,0.00138216,0.00149734,0.00161252,0.0017277 ,0.00184288,0.00195806,0.00207324,0.00218842,0.0023036 ,0.00241878,0.00253396,0.00264914,0.00276432,0.0028795 ,0.00299468,0.00310986,0.00322504,0.00334022,0.0034554 ,0.00357058,0.00368576,0.00380094,0.00391612,0.0040313 ,0.00414648,0.00426166,0.00437684,0.00449202,0.0046072 
ilul: 0., 0., 0., 0., 0., 0., 0., 0., 0., 0., 0., 0., 0., 0., 0., 0., 0., 0., 0., 0.,40., 0., 0., 0., 0., 0., 0., 0., 0., 0., 0., 0., 0., 0., 0., 0., 0., 0., 0., 0.
ilul_bin_edges:-0.5  ,-0.475,-0.45 ,-0.425,-0.4  ,-0.375,-0.35 ,-0.325,-0.3  ,-0.275,-0.25 ,-0.225,-0.2  ,-0.175,-0.15 ,-0.125,-0.1  ,-0.075,-0.05 ,-0.025, 0.   , 0.025, 0.05 , 0.075, 0.1  , 0.125, 0.15 , 0.175, 0.2  , 0.225, 0.25 , 0.275, 0.3  , 0.325, 0.35 , 0.375, 0.4  , 0.425, 0.45 , 0.475, 0.5  
ildl:2.89420705e+01,1.83893899e-03,1.90966741e-03,1.90966741e-03,1.98039583e-03,1.90966741e-03,2.12185268e-03,2.05112425e-03,1.76821056e-03,1.98039583e-03,1.83893899e-03,1.83893899e-03,1.76821056e-03,1.98039583e-03,1.98039583e-03,1.83893899e-03,1.76821056e-03,1.76821056e-03,1.62675372e-03,1.90966741e-03,1.90966741e-03,1.90966741e-03,1.98039583e-03,1.90966741e-03,1.83893899e-03,1.83893899e-03,1.98039583e-03,1.83893899e-03,1.76821056e-03,1.98039583e-03,1.69748214e-03,2.05112425e-03,1.83893899e-03,1.76821056e-03,1.90966741e-03,1.62675372e-03,8.21864270e-02,2.24350556e+00,3.16460181e+00,8.66564633e-01
ildl_bin_edges:0.        ,0.02827689,0.05655379,0.08483068,0.11310757,0.14138446,0.16966136,0.19793825,0.22621514,0.25449203,0.28276893,0.31104582,0.33932271,0.3675996 ,0.39587649,0.42415339,0.45243028,0.48070717,0.50898407,0.53726096,0.56553785,0.59381474,0.62209163,0.65036853,0.67864542,0.70692231,0.73519921,0.7634761 ,0.79175299,0.82002988,0.84830678,0.87658367,0.90486056,0.93313745,0.96141435,0.98969124,1.01796813,1.04624502,1.07452192,1.10279881,1.1310757 
eul: 0., 0., 0., 0., 0., 0., 0., 0., 0., 0., 0., 0., 0., 0., 0., 0., 0., 0., 0., 0.,40., 0., 0., 0., 0., 0., 0., 0., 0., 0., 0., 0., 0., 0., 0., 0., 0., 0., 0., 0.
eul_bin_edges:-0.5  ,-0.475,-0.45 ,-0.425,-0.4  ,-0.375,-0.35 ,-0.325,-0.3  ,-0.275,-0.25 ,-0.225,-0.2  ,-0.175,-0.15 ,-0.125,-0.1  ,-0.075,-0.05 ,-0.025, 0.   , 0.025, 0.05 , 0.075, 0.1  , 0.125, 0.15 , 0.175, 0.2  , 0.225, 0.25 , 0.275, 0.3  , 0.325, 0.35 , 0.375, 0.4  , 0.425, 0.45 , 0.475, 0.5  
edl:1.35728418e-02,0.00000000e+00,1.66804003e-06,1.66804003e-06,1.66804003e-06,1.23434962e-05,1.40115363e-05,9.34102419e-06,1.20098882e-05,7.67298415e-06,2.66886405e-06,9.34102419e-06,1.30107123e-05,1.10090642e-05,2.03500884e-05,1.18430842e-04,1.49441375e-01,3.41681320e-03,3.76977048e-05,1.00082402e-05,1.60131843e-05,1.30107123e-05,3.33608007e-06,8.00659216e-06,1.16762802e-05,1.26771043e-05,1.06754562e-05,1.33443203e-05,0.00000000e+00,1.66804003e-06,0.00000000e+00,0.00000000e+00,0.00000000e+00,0.00000000e+00,0.00000000e+00,0.00000000e+00,0.00000000e+00,0.00000000e+00,0.00000000e+00,1.33443203e-06
edl_bin_edges:  0.   ,  5.995, 11.99 , 17.985, 23.98 , 29.975, 35.97 , 41.965, 47.96 , 53.955, 59.95 , 65.945, 71.94 , 77.935, 83.93 , 89.925, 95.92 ,101.915,107.91 ,113.905,119.9  ,125.895,131.89 ,137.885,143.88 ,149.875,155.87 ,161.865,167.86 ,173.855,179.85 ,185.845,191.84 ,197.835,203.83 ,209.825,215.82 ,221.815,227.81 ,233.805,239.8  
gul: 0., 0., 0., 0., 0., 0., 0., 0., 0., 0., 0., 0., 0., 0., 0., 0., 0., 0., 0., 0.,40., 0., 0., 0., 0., 0., 0., 0., 0., 0., 0., 0., 0., 0., 0., 0., 0., 0., 0., 0.
gul_bin_edges:-0.5  ,-0.475,-0.45 ,-0.425,-0.4  ,-0.375,-0.35 ,-0.325,-0.3  ,-0.275,-0.25 ,-0.225,-0.2  ,-0.175,-0.15 ,-0.125,-0.1  ,-0.075,-0.05 ,-0.025, 0.   , 0.025, 0.05 , 0.075, 0.1  , 0.125, 0.15 , 0.175, 0.2  , 0.225, 0.25 , 0.275, 0.3  , 0.325, 0.35 , 0.375, 0.4  , 0.425, 0.45 , 0.475, 0.5  
gdl:1.53236166e-01,0.00000000e+00,0.00000000e+00,0.00000000e+00,0.00000000e+00,1.00082402e-06,1.00082402e-06,6.67216013e-07,1.33443203e-06,6.67216013e-07,6.67216013e-07,6.67216013e-07,2.00164804e-06,6.67216013e-07,6.33855213e-06,1.16762802e-05,1.32142131e-02,3.16260390e-04,4.00329608e-06,1.66804003e-06,6.67216013e-07,3.33608007e-07,0.00000000e+00,3.33608007e-07,1.66804003e-06,6.67216013e-07,1.00082402e-06,1.66804003e-06,0.00000000e+00,0.00000000e+00,0.00000000e+00,0.00000000e+00,0.00000000e+00,0.00000000e+00,0.00000000e+00,0.00000000e+00,0.00000000e+00,0.00000000e+00,0.00000000e+00,3.33608007e-07
gdl_bin_edges:  0.   ,  5.995, 11.99 , 17.985, 23.98 , 29.975, 35.97 , 41.965, 47.96 , 53.955, 59.95 , 65.945, 71.94 , 77.935, 83.93 , 89.925, 95.92 ,101.915,107.91 ,113.905,119.9  ,125.895,131.89 ,137.885,143.88 ,149.875,155.87 ,161.865,167.86 ,173.855,179.85 ,185.845,191.84 ,197.835,203.83 ,209.825,215.82 ,221.815,227.81 ,233.805,239.8  
ri: 0., 0., 0., 0., 0., 0., 0., 0., 0., 0., 0., 0., 0., 0., 0., 0., 0., 0., 0., 0.,40., 0., 0., 0., 0., 0., 0., 0., 0., 0., 0., 0., 0., 0., 0., 0., 0., 0., 0., 0.
ri_bin_edges:0.5  ,0.525,0.55 ,0.575,0.6  ,0.625,0.65 ,0.675,0.7  ,0.725,0.75 ,0.775,0.8  ,0.825,0.85 ,0.875,0.9  ,0.925,0.95 ,0.975,1.   ,1.025,1.05 ,1.075,1.1  ,1.125,1.15 ,1.175,1.2  ,1.225,1.25 ,1.275,1.3  ,1.325,1.35 ,1.375,1.4  ,1.425,1.45 ,1.475,1.5  
