period:1
ue_log_freq:1000
mac_log_freq:1000
mimo_layers:2
frequency:2412000000.0
bandwidth:50000000
ue_speed:5.555555555555555
max_distance:1000
shannon_cfg_bandwidth_mhz:50.0
shannon_cfg_mimo_layers:2
shannon_cfg_bw_efficiency:0.67
shannon_cfg_sinr_offset_db:0
shannon_cfg_ul_divisor:2
shannon_cfg_sinr_sample_rate:1000
n_ue:20
sinr_period:9.463597741343282
sinr_rate:105.66805852612856
ul_fairness:nan
dl_fairness:0.049999999999999996
ul_agg_throughput:0
dl_agg_throughput:39.728739342300145
ul_ave_throughput:0.0
dl_ave_throughput:1.9864369671150073
ul_se:0.0
dl_se:0.7945747868460029
ul_ase:0.0
dl_ase:2.5292100996546094e-07
ul_gr:0.0, 0.0, 0.0, 0.0, 0.0, 0.0, 0.0, 0.0, 0.0, 0.0, 0.0, 0.0, 0.0, 0.0, 0.0, 0.0, 0.0, 0.0, 0.0, 0.0
dl_gr:0.10492595074049259, 0.10492595074049259, 0.10492595074049259, 0.10492595074049259, 0.10492595074049259, 0.10492595074049259, 0.10492595074049259, 0.10492595074049259, 0.10492595074049259, 0.10492595074049259, 40.25439145608544, 0.10492595074049259, 0.10492595074049259, 0.10492595074049259, 0.10492595074049259, 0.10492595074049259, 0.10492595074049259, 0.10492595074049259, 0.10492595074049259, 0.10492595074049259
ul_tr:0.0, 0.0, 0.0, 0.0, 0.0, 0.0, 0.0, 0.0, 0.0, 0.0, 0.0, 0.0, 0.0, 0.0, 0.0, 0.0, 0.0, 0.0, 0.0, 0.0
dl_tr:0.0, 0.0, 0.0, 0.0, 0.0, 0.0, 0.0, 0.0, 0.0, 0.0, 40.12482667983321, 0.0, 0.0, 0.0, 0.0, 0.0, 0.0, 0.0, 0.0, 0.0
ul_er:0.0, 0.0, 0.0, 0.0, 0.0, 0.0, 0.0, 0.0, 0.0, 0.0, 0.0, 0.0, 0.0, 0.0, 0.0, 0.0, 0.0, 0.0, 0.0, 0.0
dl_er:99.89299407005929, 99.89299407005929, 99.89299407005929, 99.89299407005929, 99.89299407005929, 99.89299407005929, 99.89299407005929, 99.89299407005929, 99.89299407005929, 99.89299407005929, 59.743528564714346, 99.89299407005929, 99.89299407005929, 99.89299407005929, 99.89299407005929, 99.89299407005929, 99.89299407005929, 99.89299407005929, 99.89299407005929, 99.89299407005929
ul_er_ratio:0.0, 0.0, 0.0, 0.0, 0.0, 0.0, 0.0, 0.0, 0.0, 0.0, 0.0, 0.0, 0.0, 0.0, 0.0, 0.0, 0.0, 0.0, 0.0, 0.0
dl_er_ratio:1.0, 1.0, 1.0, 1.0, 1.0, 1.0, 1.0, 1.0, 1.0, 1.0, 0.5982228146084956, 1.0, 1.0, 1.0, 1.0, 1.0, 1.0, 1.0, 1.0, 1.0
ul_er_perc:0.0, 0.0, 0.0, 0.0, 0.0, 0.0, 0.0, 0.0, 0.0, 0.0, 0.0, 0.0, 0.0, 0.0, 0.0, 0.0, 0.0, 0.0, 0.0, 0.0
dl_er_perc:100.0, 100.0, 100.0, 100.0, 100.0, 100.0, 100.0, 100.0, 100.0, 100.0, 59.82228146084956, 100.0, 100.0, 100.0, 100.0, 100.0, 100.0, 100.0, 100.0, 100.0
ul_l:0.0, 0.0, 0.0, 0.0, 0.0, 0.0, 0.0, 0.0, 0.0, 0.0, 0.0, 0.0, 0.0, 0.0, 0.0, 0.0, 0.0, 0.0, 0.0, 0.0
dl_l:0.0, 0.0, 0.0, 0.0, 0.0, 0.0, 0.0, 0.0, 0.0, 0.0, 0.0027422297821061794, 0.0, 0.0, 0.0, 0.0, 0.0, 0.0, 0.0, 0.0, 0.0
ul_il:0.0, 0.0, 0.0, 0.0, 0.0, 0.0, 0.0, 0.0, 0.0, 0.0, 0.0, 0.0, 0.0, 0.0, 0.0, 0.0, 0.0, 0.0, 0.0, 0.0
dl_il:0.0, 0.0, 0.0, 0.0, 0.0, 0.0, 0.0, 0.0, 0.0, 0.0, 0.2474146456392676, 0.0, 0.0, 0.0, 0.0, 0.0, 0.0, 0.0, 0.0, 0.0
sinr_ul:0.03667877,0.02166888,0.0045598 ,0.00488597,0.02413861,0.04579711,0.01618938,0.02277825,0.01324472,0.03435027,0.00676563,0.00836441,0.00360834,0.00339036,0.00310823,0.0145601 ,0.01153365,0.00993047,0.01873428,0.01636741,0.00684269,0.03706721,0.05228029,0.04382498,0.01113608,0.0124999 ,0.01895383,0.        ,0.00558298,0.0339851 ,0.02091683,0.00242254,0.        ,0.        ,0.00067468,0.02805518,0.02402349,0.00876072,0.00073035,0.00066304
sinr_ul_bin_edges:-24.873167  ,-23.28353015,-21.6938933 ,-20.10425645,-18.5146196 ,-16.92498275,-15.3353459 ,-13.74570905,-12.1560722 ,-10.56643535, -8.9767985 , -7.38716165, -5.7975248 , -4.20788795, -2.6182511 , -1.02861425,  0.5610226 ,  2.15065945,  3.7402963 ,  5.32993315,  6.91957   ,  8.50920685, 10.0988437 , 11.68848055, 13.2781174 , 14.86775425, 16.4573911 , 18.04702795, 19.6366648 , 21.22630165, 22.8159385 , 24.40557535, 25.9952122 , 27.58484905, 29.1744859 , 30.76412275, 32.3537596 , 33.94339645, 35.5330333 , 37.12267015, 38.712307  
sinr_dl:0.03667978,0.0216683 ,0.0045595 ,0.00489888,0.02412135,0.04579342,0.01619948,0.02277514,0.01324002,0.03434279,0.00677634,0.00836537,0.00360929,0.00339037,0.00310697,0.01455918,0.01153399,0.00993175,0.018734  ,0.01636713,0.00684396,0.03705817,0.05229014,0.04381594,0.01114554,0.01248986,0.01896393,0.        ,0.00558047,0.03398202,0.02092033,0.00242475,0.        ,0.        ,0.00067405,0.02805241,0.02402196,0.00876577,0.00073035,0.00066304
sinr_dl_bin_edges:-15.113422  ,-13.52378825,-11.9341545 ,-10.34452075, -8.754887  , -7.16525325, -5.5756195 , -3.98598575, -2.396352  , -0.80671825,  0.7829155 ,  2.37254925,  3.962183  ,  5.55181675,  7.1414505 ,  8.73108425, 10.320718  , 11.91035175, 13.4999855 , 15.08961925, 16.679253  , 18.26888675, 19.8585205 , 21.44815425, 23.037788  , 24.62742175, 26.2170555 , 27.80668925, 29.396323  , 30.98595675, 32.5755905 , 34.16522425, 35.754858  , 37.34449175, 38.9341255 , 40.52375925, 42.113393  , 43.70302675, 45.2926605 , 46.88229425, 48.471928  
rsrp_ul:0.03684198,0.02172915,0.00436421,0.00699425,0.02083988,0.04514873,0.01853521,0.02200669,0.01238933,0.03281793,0.00878631,0.00859185,0.0038    ,0.0034227 ,0.00291891,0.01423961,0.01150289,0.0103707 ,0.01852231,0.01632841,0.00730483,0.03551343,0.05357002,0.04205297,0.01342271,0.0094122 ,0.02145129,0.00060417,0.00492055,0.03378776,0.02088646,0.00334057,0.        ,0.        ,0.00052519,0.02745652,0.0236688 ,0.00978666,0.00083514,0.00066302
rsrp_ul_bin_edges:-132.58408  ,-130.9951475,-129.406215 ,-127.8172825,-126.22835  ,-124.6394175,-123.050485 ,-121.4615525,-119.87262  ,-118.2836875,-116.694755 ,-115.1058225,-113.51689  ,-111.9279575,-110.339025 ,-108.7500925,-107.16116  ,-105.5722275,-103.983295 ,-102.3943625,-100.80543  , -99.2164975, -97.627565 , -96.0386325, -94.4497   , -92.8607675, -91.271835 , -89.6829025, -88.09397  , -86.5050375, -84.916105 , -83.3271725, -81.73824  , -80.1493075, -78.560375 , -76.9714425, -75.38251  , -73.7935775, -72.204645 , -70.6157125, -69.02678  
rsrp_dl:0.03684135,0.02172947,0.00436452,0.00699425,0.02083988,0.04514873,0.01853521,0.02200669,0.01238933,0.03281793,0.00878631,0.00859185,0.0038    ,0.0034227 ,0.00291891,0.01423961,0.01150289,0.0103707 ,0.01852231,0.01632841,0.00730483,0.03551343,0.05357002,0.04205297,0.01342271,0.00941314,0.02145035,0.00060417,0.00492055,0.03378776,0.02088646,0.00334057,0.        ,0.        ,0.00052519,0.02745652,0.0236688 ,0.00978666,0.00083514,0.00066302
rsrp_dl_bin_edges:-129.57378  ,-127.9848475,-126.395915 ,-124.8069825,-123.21805  ,-121.6291175,-120.040185 ,-118.4512525,-116.86232  ,-115.2733875,-113.684455 ,-112.0955225,-110.50659  ,-108.9176575,-107.328725 ,-105.7397925,-104.15086  ,-102.5619275,-100.972995 , -99.3840625, -97.79513  , -96.2061975, -94.617265 , -93.0283325, -91.4394   , -89.8504675, -88.261535 , -86.6726025, -85.08367  , -83.4947375, -81.905805 , -80.3168725, -78.72794  , -77.1390075, -75.550075 , -73.9611425, -72.37221  , -70.7832775, -69.194345 , -67.6054125, -66.01648  
cqi_ul:0.93897328,0.        ,0.04505155,0.        ,0.        ,0.04188625,0.        ,0.        ,0.01966247,0.        ,0.03040636,0.        ,0.        ,0.07440592,0.        ,0.        ,0.04499288,0.        ,0.04809552,0.        ,0.        ,0.1102029 ,0.        ,0.        ,0.02952637,0.        ,0.1437679 ,0.        ,0.        ,0.26568268,0.        ,0.        ,0.19730336,0.        ,0.02456509,0.        ,0.        ,0.06093672,0.        ,0.59120742
cqi_ul_bin_edges: 0.   , 0.375, 0.75 , 1.125, 1.5  , 1.875, 2.25 , 2.625, 3.   , 3.375, 3.75 , 4.125, 4.5  , 4.875, 5.25 , 5.625, 6.   , 6.375, 6.75 , 7.125, 7.5  , 7.875, 8.25 , 8.625, 9.   , 9.375, 9.75 ,10.125,10.5  ,10.875,11.25 ,11.625,12.   ,12.375,12.75 ,13.125,13.5  ,13.875,14.25 ,14.625,15.   
cqi_dl:0.27578658,0.        ,0.12151745,0.        ,0.        ,0.22061113,0.        ,0.        ,0.12829472,0.        ,0.10285897,0.        ,0.        ,0.11604284,0.        ,0.        ,0.02160512,0.        ,0.03857828,0.        ,0.        ,0.0168985 ,0.        ,0.        ,0.0070266 ,0.        ,0.0536808 ,0.        ,0.        ,0.06415803,0.        ,0.        ,0.04903018,0.        ,0.10591761,0.        ,0.        ,0.0434049 ,0.        ,1.30125499
cqi_dl_bin_edges: 0.   , 0.375, 0.75 , 1.125, 1.5  , 1.875, 2.25 , 2.625, 3.   , 3.375, 3.75 , 4.125, 4.5  , 4.875, 5.25 , 5.625, 6.   , 6.375, 6.75 , 7.125, 7.5  , 7.875, 8.25 , 8.625, 9.   , 9.375, 9.75 ,10.125,10.5  ,10.875,11.25 ,11.625,12.   ,12.375,12.75 ,13.125,13.5  ,13.875,14.25 ,14.625,15.   
mcs_ul:5.43398137e-01,6.19708089e-03,6.83778876e-03,0.00000000e+00,3.69567733e-03,4.75280961e-03,0.00000000e+00,1.15363132e-02,2.34283371e-02,0.00000000e+00,1.64319785e-02,1.01398986e-02,1.21427357e-04,0.00000000e+00,1.38420044e-02,9.58204704e-03,0.00000000e+00,1.61834096e-02,3.97874593e-02,0.00000000e+00,1.92498075e-02,6.90850234e-03,0.00000000e+00,0.00000000e+00,8.90919662e-03,2.08012206e-02,0.00000000e+00,5.62172950e-02,7.34085516e-02,0.00000000e+00,6.89214536e-02,5.29508991e-02,5.27473297e-02,0.00000000e+00,5.37994620e-03,7.77992220e-03,0.00000000e+00,1.66726904e-02,1.59612690e-02,3.16728976e-01
mcs_ul_bin_edges: 0. , 0.7, 1.4, 2.1, 2.8, 3.5, 4.2, 4.9, 5.6, 6.3, 7. , 7.7, 8.4, 9.1, 9.8,10.5,11.2,11.9,12.6,13.3,14. ,14.7,15.4,16.1,16.8,17.5,18.2,18.9,19.6,20.3,21. ,21.7,22.4,23.1,23.8,24.5,25.2,25.9,26.6,27.3,28. 
mcs_dl:2.90369953e-01,4.06560220e-02,3.29175280e-02,0.00000000e+00,3.58117847e-02,2.07062215e-02,0.00000000e+00,3.43967989e-02,4.70538152e-02,0.00000000e+00,1.51119917e-02,6.07779636e-03,8.14277572e-05,0.00000000e+00,5.41494585e-03,1.47727094e-02,0.00000000e+00,5.89422677e-03,4.23210054e-03,0.00000000e+00,4.82066608e-03,1.93212354e-03,0.00000000e+00,0.00000000e+00,1.83212454e-03,7.23207054e-03,0.00000000e+00,2.15254990e-02,1.79312493e-02,0.00000000e+00,1.64391213e-02,1.74133973e-02,8.85276862e-03,0.00000000e+00,2.37983334e-02,3.29432420e-02,0.00000000e+00,1.43712849e-02,8.87705409e-03,6.97105172e-01
mcs_dl_bin_edges: 0. , 0.7, 1.4, 2.1, 2.8, 3.5, 4.2, 4.9, 5.6, 6.3, 7. , 7.7, 8.4, 9.1, 9.8,10.5,11.2,11.9,12.6,13.3,14. ,14.7,15.4,16.1,16.8,17.5,18.2,18.9,19.6,20.3,21. ,21.7,22.4,23.1,23.8,24.5,25.2,25.9,26.6,27.3,28. 
eff_ul:2.53566517,0.20353387,0.06570708,0.01862943,0.02395829,0.05815305,0.11809919,0.08283146,0.0511139 ,0.07038784,0.04830185,0.        ,0.08157845,0.20056339,0.        ,0.09703577,0.        ,0.03482486,0.0449101 ,0.10485624,0.        ,0.28338404,0.        ,0.37004292,0.        ,0.34742405,0.        ,0.        ,0.26691857,0.        ,0.2658924 ,0.        ,0.02711961,0.        ,0.03921757,0.        ,0.08404485,0.        ,0.08045867,1.5965894 
eff_ul_bin_edges:0.        ,0.13886493,0.27772987,0.41659481,0.55545974,0.69432467,0.83318961,0.97205454,1.11091948,1.24978441,1.38864935,1.52751428,1.66637922,1.80524416,1.94410909,2.08297402,2.22183896,2.36070389,2.49956883,2.63843376,2.7772987 ,2.91616363,3.05502857,3.1938935 ,3.33275844,3.47162338,3.61048831,3.74935325,3.88821818,4.02708311,4.16594805,4.30481298,4.44367792,4.58254285,4.72140779,4.86027272,4.99913766,5.13800259,5.27686753,5.41573246,5.5545974 
eff_dl:0.7447522 ,0.71896481,0.37087466,0.18052253,0.10437736,0.17338977,0.23719214,0.07617758,0.03063738,0.0277065 ,0.0744673 ,0.        ,0.02971203,0.02133347,0.        ,0.02430035,0.        ,0.00973958,0.0092355 ,0.03645592,0.        ,0.10850723,0.        ,0.09038909,0.        ,0.08286746,0.        ,0.        ,0.08777866,0.        ,0.04462565,0.        ,0.11996429,0.        ,0.16606258,0.        ,0.07244377,0.        ,0.04474807,3.51401612
eff_dl_bin_edges:0.        ,0.13886493,0.27772987,0.41659481,0.55545974,0.69432467,0.83318961,0.97205454,1.11091948,1.24978441,1.38864935,1.52751428,1.66637922,1.80524416,1.94410909,2.08297402,2.22183896,2.36070389,2.49956883,2.63843376,2.7772987 ,2.91616363,3.05502857,3.1938935 ,3.33275844,3.47162338,3.61048831,3.74935325,3.88821818,4.02708311,4.16594805,4.30481298,4.44367792,4.58254285,4.72140779,4.86027272,4.99913766,5.13800259,5.27686753,5.41573246,5.5545974 
rul: 0., 0., 0., 0., 0., 0., 0., 0., 0., 0., 0., 0., 0., 0., 0., 0., 0., 0., 0., 0.,40., 0., 0., 0., 0., 0., 0., 0., 0., 0., 0., 0., 0., 0., 0., 0., 0., 0., 0., 0.
rul_bin_edges:-0.5  ,-0.475,-0.45 ,-0.425,-0.4  ,-0.375,-0.35 ,-0.325,-0.3  ,-0.275,-0.25 ,-0.225,-0.2  ,-0.175,-0.15 ,-0.125,-0.1  ,-0.075,-0.05 ,-0.025, 0.   , 0.025, 0.05 , 0.075, 0.1  , 0.125, 0.15 , 0.175, 0.2  , 0.225, 0.25 , 0.275, 0.3  , 0.325, 0.35 , 0.375, 0.4  , 0.425, 0.45 , 0.475, 0.5  
rdl:2.38725042e-01,0.00000000e+00,0.00000000e+00,0.00000000e+00,0.00000000e+00,0.00000000e+00,0.00000000e+00,0.00000000e+00,0.00000000e+00,8.52794589e-03,0.00000000e+00,0.00000000e+00,0.00000000e+00,0.00000000e+00,0.00000000e+00,0.00000000e+00,0.00000000e+00,0.00000000e+00,0.00000000e+00,1.94532863e-03,0.00000000e+00,0.00000000e+00,0.00000000e+00,0.00000000e+00,0.00000000e+00,0.00000000e+00,0.00000000e+00,0.00000000e+00,0.00000000e+00,1.28342844e-05,0.00000000e+00,0.00000000e+00,0.00000000e+00,0.00000000e+00,0.00000000e+00,0.00000000e+00,0.00000000e+00,0.00000000e+00,0.00000000e+00,7.47628219e-07
rdl_bin_edges:  0.       ,  4.0126495,  8.025299 , 12.0379485, 16.050598 , 20.0632475, 24.075897 , 28.0885465, 32.101196 , 36.1138455, 40.126495 , 44.1391445, 48.151794 , 52.1644435, 56.177093 , 60.1897425, 64.202392 , 68.2150415, 72.227691 , 76.2403405, 80.25299  , 84.2656395, 88.278289 , 92.2909385, 96.303588 ,100.3162375,104.328887 ,108.3415365,112.354186 ,116.3668355,120.379485 ,124.3921345,128.404784 ,132.4174335,136.430083 ,140.4427325,144.455382 ,148.4680315,152.480681 ,156.4933305,160.50598  
lul: 0., 0., 0., 0., 0., 0., 0., 0., 0., 0., 0., 0., 0., 0., 0., 0., 0., 0., 0., 0.,40., 0., 0., 0., 0., 0., 0., 0., 0., 0., 0., 0., 0., 0., 0., 0., 0., 0., 0., 0.
lul_bin_edges:-0.5  ,-0.475,-0.45 ,-0.425,-0.4  ,-0.375,-0.35 ,-0.325,-0.3  ,-0.275,-0.25 ,-0.225,-0.2  ,-0.175,-0.15 ,-0.125,-0.1  ,-0.075,-0.05 ,-0.025, 0.   , 0.025, 0.05 , 0.075, 0.1  , 0.125, 0.15 , 0.175, 0.2  , 0.225, 0.25 , 0.275, 0.3  , 0.325, 0.35 , 0.375, 0.4  , 0.425, 0.45 , 0.475, 0.5  
ldl:3.90362625e+03,0.00000000e+00,0.00000000e+00,0.00000000e+00,0.00000000e+00,0.00000000e+00,0.00000000e+00,0.00000000e+00,0.00000000e+00,0.00000000e+00,0.00000000e+00,0.00000000e+00,1.11347112e+02,5.86809551e-01,3.14452493e+01,2.48579046e-01,2.77654644e+01,1.42627321e-02,6.92761275e-02,0.00000000e+00,2.03753316e-03,0.00000000e+00,0.00000000e+00,0.00000000e+00,0.00000000e+00,0.00000000e+00,0.00000000e+00,0.00000000e+00,0.00000000e+00,0.00000000e+00,0.00000000e+00,0.00000000e+00,0.00000000e+00,0.00000000e+00,0.00000000e+00,0.00000000e+00,0.00000000e+00,0.00000000e+00,0.00000000e+00,2.03753316e-03
ldl_bin_edges:0.        ,0.00024539,0.00049078,0.00073618,0.00098157,0.00122696,0.00147235,0.00171775,0.00196314,0.00220853,0.00245392,0.00269932,0.00294471,0.0031901 ,0.00343549,0.00368088,0.00392628,0.00417167,0.00441706,0.00466245,0.00490785,0.00515324,0.00539863,0.00564402,0.00588942,0.00613481,0.0063802 ,0.00662559,0.00687099,0.00711638,0.00736177,0.00760716,0.00785255,0.00809795,0.00834334,0.00858873,0.00883412,0.00907952,0.00932491,0.0095703 ,0.00981569
ilul: 0., 0., 0., 0., 0., 0., 0., 0., 0., 0., 0., 0., 0., 0., 0., 0., 0., 0., 0., 0.,40., 0., 0., 0., 0., 0., 0., 0., 0., 0., 0., 0., 0., 0., 0., 0., 0., 0., 0., 0.
ilul_bin_edges:-0.5  ,-0.475,-0.45 ,-0.425,-0.4  ,-0.375,-0.35 ,-0.325,-0.3  ,-0.275,-0.25 ,-0.225,-0.2  ,-0.175,-0.15 ,-0.125,-0.1  ,-0.075,-0.05 ,-0.025, 0.   , 0.025, 0.05 , 0.075, 0.1  , 0.125, 0.15 , 0.175, 0.2  , 0.225, 0.25 , 0.275, 0.3  , 0.325, 0.35 , 0.375, 0.4  , 0.425, 0.45 , 0.475, 0.5  
ildl:1.17904906e+02,7.38495737e-04,5.53871803e-04,4.30789180e-04,6.76954426e-04,6.15413114e-04,6.76954426e-04,6.76954426e-04,6.76954426e-04,6.15413114e-04,6.15413114e-04,7.38495737e-04,5.53871803e-04,6.15413114e-04,6.76954426e-04,6.76954426e-04,7.38495737e-04,5.53871803e-04,6.15413114e-04,8.00037048e-04,5.53871803e-04,7.38495737e-04,7.38495737e-04,6.15413114e-04,6.76954426e-04,7.38495737e-04,6.15413114e-04,6.15413114e-04,6.76954426e-04,6.76954426e-04,5.53871803e-04,6.15413114e-04,2.81243793e-01,6.68338642e-01,6.89631936e-01,7.25387438e-01,7.27049053e-01,7.33510891e-01,7.42126674e-01,5.91596627e-01
ildl_bin_edges:0.        ,0.00812454,0.01624908,0.02437363,0.03249817,0.04062271,0.04874726,0.0568718 ,0.06499634,0.07312088,0.08124542,0.08936997,0.09749451,0.10561905,0.1137436 ,0.12186814,0.12999268,0.13811722,0.14624176,0.15436631,0.16249085,0.17061539,0.17873993,0.18686448,0.19498902,0.20311356,0.21123811,0.21936265,0.22748719,0.23561173,0.24373628,0.25186082,0.25998536,0.2681099 ,0.27623444,0.28435899,0.29248353,0.30060807,0.30873261,0.31685716,0.3249817 
eul: 0., 0., 0., 0., 0., 0., 0., 0., 0., 0., 0., 0., 0., 0., 0., 0., 0., 0., 0., 0.,40., 0., 0., 0., 0., 0., 0., 0., 0., 0., 0., 0., 0., 0., 0., 0., 0., 0., 0., 0.
eul_bin_edges:-0.5  ,-0.475,-0.45 ,-0.425,-0.4  ,-0.375,-0.35 ,-0.325,-0.3  ,-0.275,-0.25 ,-0.225,-0.2  ,-0.175,-0.15 ,-0.125,-0.1  ,-0.075,-0.05 ,-0.025, 0.   , 0.025, 0.05 , 0.075, 0.1  , 0.125, 0.15 , 0.175, 0.2  , 0.225, 0.25 , 0.275, 0.3  , 0.325, 0.35 , 0.375, 0.4  , 0.425, 0.45 , 0.475, 0.5  
edl:1.04774893e-03,7.16503738e-05,7.62752976e-05,1.50489748e-05,4.64498350e-02,1.26646229e-04,5.60742056e-06,8.67952020e-05,4.67285047e-06,1.43780014e-06,1.43780014e-06,6.54199065e-06,3.11523365e-05,4.55303379e-07,4.55303379e-07,0.00000000e+00,0.00000000e+00,9.34570094e-07,0.00000000e+00,0.00000000e+00,0.00000000e+00,0.00000000e+00,0.00000000e+00,0.00000000e+00,0.00000000e+00,0.00000000e+00,0.00000000e+00,0.00000000e+00,0.00000000e+00,0.00000000e+00,0.00000000e+00,0.00000000e+00,0.00000000e+00,0.00000000e+00,0.00000000e+00,0.00000000e+00,0.00000000e+00,0.00000000e+00,0.00000000e+00,4.55303379e-07
edl_bin_edges:  0.   , 20.865, 41.73 , 62.595, 83.46 ,104.325,125.19 ,146.055,166.92 ,187.785,208.65 ,229.515,250.38 ,271.245,292.11 ,312.975,333.84 ,354.705,375.57 ,396.435,417.3  ,438.165,459.03 ,479.895,500.76 ,521.625,542.49 ,563.355,584.22 ,605.085,625.95 ,646.815,667.68 ,688.545,709.41 ,730.275,751.14 ,772.005,792.87 ,813.735,834.6  
gul: 0., 0., 0., 0., 0., 0., 0., 0., 0., 0., 0., 0., 0., 0., 0., 0., 0., 0., 0., 0.,40., 0., 0., 0., 0., 0., 0., 0., 0., 0., 0., 0., 0., 0., 0., 0., 0., 0., 0., 0.
gul_bin_edges:-0.5  ,-0.475,-0.45 ,-0.425,-0.4  ,-0.375,-0.35 ,-0.325,-0.3  ,-0.275,-0.25 ,-0.225,-0.2  ,-0.175,-0.15 ,-0.125,-0.1  ,-0.075,-0.05 ,-0.025, 0.   , 0.025, 0.05 , 0.075, 0.1  , 0.125, 0.15 , 0.175, 0.2  , 0.225, 0.25 , 0.275, 0.3  , 0.325, 0.35 , 0.375, 0.4  , 0.425, 0.45 , 0.475, 0.5  
gdl:4.69153468e-02,1.67743350e-06,1.36591014e-06,2.87560029e-07,1.00284164e-03,2.75578361e-06,1.43780014e-07,1.86914019e-06,1.19816679e-07,0.00000000e+00,0.00000000e+00,1.67743350e-07,4.79266715e-07,2.39633357e-08,2.39633357e-08,0.00000000e+00,0.00000000e+00,2.39633357e-08,0.00000000e+00,0.00000000e+00,0.00000000e+00,0.00000000e+00,0.00000000e+00,0.00000000e+00,0.00000000e+00,0.00000000e+00,0.00000000e+00,0.00000000e+00,0.00000000e+00,0.00000000e+00,0.00000000e+00,0.00000000e+00,0.00000000e+00,0.00000000e+00,0.00000000e+00,0.00000000e+00,0.00000000e+00,0.00000000e+00,0.00000000e+00,2.39633357e-08
gdl_bin_edges:  0.   , 20.865, 41.73 , 62.595, 83.46 ,104.325,125.19 ,146.055,166.92 ,187.785,208.65 ,229.515,250.38 ,271.245,292.11 ,312.975,333.84 ,354.705,375.57 ,396.435,417.3  ,438.165,459.03 ,479.895,500.76 ,521.625,542.49 ,563.355,584.22 ,605.085,625.95 ,646.815,667.68 ,688.545,709.41 ,730.275,751.14 ,772.005,792.87 ,813.735,834.6  
ri: 0., 0., 0., 0., 0., 0., 0., 0., 0., 0., 0., 0., 0., 0., 0., 0., 0., 0., 0., 0.,40., 0., 0., 0., 0., 0., 0., 0., 0., 0., 0., 0., 0., 0., 0., 0., 0., 0., 0., 0.
ri_bin_edges:0.5  ,0.525,0.55 ,0.575,0.6  ,0.625,0.65 ,0.675,0.7  ,0.725,0.75 ,0.775,0.8  ,0.825,0.85 ,0.875,0.9  ,0.925,0.95 ,0.975,1.   ,1.025,1.05 ,1.075,1.1  ,1.125,1.15 ,1.175,1.2  ,1.225,1.25 ,1.275,1.3  ,1.325,1.35 ,1.375,1.4  ,1.425,1.45 ,1.475,1.5  
