period:1
ue_log_freq:1000
mac_log_freq:1000
mimo_layers:2
frequency:2412000000.0
bandwidth:50000000
ue_speed:5.555555555555555
max_distance:1000
shannon_cfg_bandwidth_mhz:50.0
shannon_cfg_mimo_layers:2
shannon_cfg_bw_efficiency:0.67
shannon_cfg_sinr_offset_db:0
shannon_cfg_ul_divisor:2
shannon_cfg_sinr_sample_rate:1000
n_ue:90
sinr_period:9.463597741343282
sinr_rate:105.66805852612856
ul_fairness:0.7481081401233827
dl_fairness:0.6897309275955052
ul_agg_throughput:25.300030758129964
dl_agg_throughput:58.55589132406933
ul_ave_throughput:0.28111145286811073
dl_ave_throughput:0.6506210147118814
ul_se:0.5060006151625993
dl_se:1.1711178264813866
ul_ase:1.6106499822133507e-07
dl_ase:3.727783820550985e-07
ul_gr:0.19199829483185973, 0.19199829483185973, 0.13524155968217766, 0.10980124521578152, 0.13983194382820976, 0.16243504032203898, 0.19199829483185973, 0.15899118261130327, 0.12371253732538895, 0.11093920694040882, 0.10164179799555004, 0.19199829483185973, 0.10351170241747985, 0.09999287253472054, 0.19199829483185973, 0.11967396136903026, 0.19199829483185973, 0.14951863112695726, 0.09238573910765743, 0.12819605356891192, 0.1792801367879351, 0.10616479391145907, 0.19199829483185973, 0.11665328893305056, 0.19199829483185973, 0.19199829483185973, 0.15947622657044525, 0.19199829483185973, 0.19199829483185973, 0.19199829483185973, 0.19199829483185973, 0.19199829483185973, 0.19199829483185973, 0.17440160943003807, 0.09812055693193389, 0.19199829483185973, 0.19199829483185973, 0.19199829483185973, 0.19199829483185973, 0.19199829483185973, 0.13648151574089382, 0.16443567805563286, 0.19199829483185973, 0.19199829483185973, 0.18219673648935425, 0.11739759633190558, 0.19199829483185973, 0.19199829483185973, 0.15063238825095623, 0.18432315397237523, 0.19199829483185973, 0.19199829483185973, 0.127534612678461, 0.19199829483185973, 0.19199829483185973, 0.19199829483185973, 0.13122953869578588, 0.19199829483185973, 0.19199829483185973, 0.19199829483185973, 0.19199829483185973, 0.19199829483185973, 0.18101569512524063, 0.17644086124163963, 0.19199829483185973, 0.19199829483185973, 0.1095941509466921, 0.19199829483185973, 0.18413734911794066, 0.19199829483185973, 0.19199829483185973, 0.19199829483185973, 0.10431499332622228, 0.16149383376565196, 0.17676433214927376, 0.19199829483185973, 0.19199829483185973, 0.19199829483185973, 0.09796308304399963, 0.12875910807692437, 0.19199829483185973, 0.19199829483185973, 0.18742389614093216, 0.19199829483185973, 0.19199829483185973, 0.19199829483185973, 0.19199829483185973, 0.18933432022589813, 0.19199829483185973, 0.09080873304517463
dl_gr:0.19199829483185973, 0.19199829483185973, 0.19199829483185973, 0.19199829483185973, 0.19199829483185973, 0.19199829483185973, 0.19199829483185973, 0.19199829483185973, 0.19199829483185973, 0.19199829483185973, 0.18913571708034102, 0.19199829483185973, 0.1903661820289664, 0.15708023213218225, 0.19199829483185973, 0.19199829483185973, 0.19199829483185973, 0.19199829483185973, 0.14109036534307215, 0.19199829483185973, 0.19199829483185973, 0.19199829483185973, 0.19199829483185973, 0.19058933857049523, 0.19199829483185973, 0.19199829483185973, 0.19199829483185973, 0.19199829483185973, 0.19199829483185973, 0.19199829483185973, 0.19199829483185973, 0.19199829483185973, 0.19199829483185973, 0.19199829483185973, 0.17075307662385314, 0.19199829483185973, 0.19199829483185973, 0.19199829483185973, 0.19199829483185973, 0.19199829483185973, 0.19091560145080458, 0.19199829483185973, 0.19199829483185973, 0.19199829483185973, 0.19199829483185973, 0.1700282266641028, 0.19199829483185973, 0.19199829483185973, 0.19199829483185973, 0.19199829483185973, 0.19199829483185973, 0.19199829483185973, 0.19199829483185973, 0.19199829483185973, 0.19199829483185973, 0.19199829483185973, 0.19199829483185973, 0.19199829483185973, 0.19199829483185973, 0.19199829483185973, 0.19199829483185973, 0.19199829483185973, 0.19199829483185973, 0.19199829483185973, 0.19199829483185973, 0.19199829483185973, 0.19199829483185973, 0.19199829483185973, 0.19199829483185973, 0.19199829483185973, 0.19199829483185973, 0.19199829483185973, 0.19199829483185973, 0.19199829483185973, 0.19199829483185973, 0.19199829483185973, 0.19199829483185973, 0.19199829483185973, 0.16610584974179382, 0.19199829483185973, 0.19199829483185973, 0.19199829483185973, 0.19199829483185973, 0.19199829483185973, 0.19199829483185973, 0.19199829483185973, 0.19199829483185973, 0.19199829483185973, 0.19199829483185973, 0.12630440532702228
ul_tr:0.1801083846186865, 0.12293392586180116, 0.0720378421678986, 0.022476900897992518, 0.052428730477971024, 0.07600990889188423, 0.19183825986327613, 0.07166677251578736, 0.03633412866668611, 0.023618097514195715, 0.014326814289355921, 0.19183669593990052, 0.016215736217831518, 0.012669631686510946, 0.19183669560261166, 0.032351586824793124, 0.18750708820732326, 0.06219104491927568, 0.005056560181306822, 0.04089211546474612, 0.09196762723145639, 0.01884444698309181, 0.16754381556877862, 0.029324345613936546, 0.19183669600552497, 0.13935309558589512, 0.07215558156939526, 0.10934133209706585, 0.19002300280155998, 0.11002513880910991, 0.14080965597217523, 0.19183669593275057, 0.19183669565038625, 0.08707501067961934, 0.010798307405704952, 0.19183669611780735, 0.19183669459863667, 0.11043034610127414, 0.16917809471744402, 0.19183826088825928, 0.04916096593583386, 0.07711965094382546, 0.19183826029249754, 0.19183826059867834, 0.094864939840343, 0.030072077021616486, 0.18401208207263273, 0.14804084504013298, 0.06329527922405646, 0.09701065167489438, 0.19183826086437614, 0.14452724845206288, 0.04020419508315763, 0.13664762109434087, 0.17485354322655647, 0.1266876154141799, 0.043907355413563214, 0.18092468591542568, 0.19110480345838782, 0.10892592724650628, 0.1918382598085599, 0.12035342145101291, 0.09367158311996567, 0.1762808274335047, 0.13563409327668102, 0.19183826107311605, 0.022283686867042775, 0.19183826029854753, 0.18373595017577352, 0.15088775636592192, 0.15227941829754754, 0.19183826073597718, 0.016987328330913907, 0.08032361806182446, 0.08950777223866467, 0.18456987750107082, 0.1424133703629803, 0.16346763908897427, 0.010616138250614578, 0.045975377239839674, 0.19183826813154056, 0.17828377062432813, 0.10011220411757403, 0.1906380139739169, 0.1681515597433938, 0.1595547359572837, 0.16715530544215465, 0.18917428733836383, 0.19183826953831218, 0.003480490724127299
dl_tr:0.19090059888145933, 0.1894756400457913, 0.19183825986093447, 0.15323743325725617, 0.10893953286936775, 0.1696899946838443, 0.19183826087695938, 0.13644307857775353, 0.182002592036583, 0.10719351722542313, 0.1017295787444688, 0.1918382613742302, 0.10297198420916492, 0.06970905896827527, 0.19183826076489366, 0.1454690679666003, 0.19183826259570338, 0.11097018773691052, 0.05369560501891651, 0.18957492753770386, 0.1639923989565087, 0.1096993838329514, 0.19183825999004173, 0.10324270062392814, 0.19183826128019765, 0.19183826054873712, 0.17395907014351544, 0.1534990514763627, 0.19131689318104017, 0.16835145695048376, 0.16091188283710137, 0.19183826135697205, 0.19183826106837445, 0.15511011508967423, 0.08335622783365139, 0.19183826143922136, 0.19183826110372415, 0.1918382610164082, 0.19183826104900792, 0.1918382614570379, 0.1339626298440096, 0.17812352575670204, 0.19183826127358938, 0.1918382614573712, 0.14603123304989957, 0.08267959030035582, 0.1918382614564962, 0.17904561567433605, 0.19183825664583629, 0.17555036437478852, 0.1918382614570379, 0.1918382574512046, 0.13443147709127423, 0.1851133391298406, 0.18824146045425458, 0.18920895322044815, 0.12135548625153957, 0.1911213657106274, 0.19183825892898393, 0.1833104130316914, 0.19183826271044407, 0.1918382597057441, 0.19120692096060032, 0.1918382569208007, 0.18893521376906025, 0.19183826103468307, 0.19163613485549286, 0.19183826027898102, 0.19183825342207148, 0.18136157004793296, 0.191838269558662, 0.19183826139349675, 0.18123838110896576, 0.1833215410517662, 0.16213795350870408, 0.19077060670366916, 0.17383943839077173, 0.19092394591182574, 0.07937207710904909, 0.18891842093077554, 0.19183826570477747, 0.1887959233809635, 0.16609116018216516, 0.19183827168142767, 0.1918382730994575, 0.19183829044455464, 0.19183826897158354, 0.19183827431523903, 0.19183826806966606, 0.038977001082674316
ul_er:0.0, 0.0, 0.05675673514968209, 0.08219541282971807, 0.05216635100364996, 0.029563254509820752, 0.0, 0.03300547543419638, 0.06828412072011067, 0.08105745110509079, 0.09035486004994958, 0.0, 0.08848495562801975, 0.09200378551077908, 0.0, 0.07232269667646936, 0.0, 0.04247802691854234, 0.09961091893784217, 0.0638006044765877, 0.01271652125756452, 0.08583186413404055, 0.0, 0.07534336911244906, 0.0, 0.0, 0.03252043147505437, 0.0, 0.0, 0.0, 0.0, 0.0, 0.0, 0.017595048615461534, 0.0938761011135657, 0.0, 0.0, 0.0, 0.0, 0.0, 0.0555151423046058, 0.02756097998986675, 0.0, 0.0, 0.009799921556145366, 0.07459906171359405, 0.0, 0.0, 0.04136426979454338, 0.0076735040731243905, 0.0, 0.0, 0.0644620453670386, 0.0, 0.0, 0.0, 0.06076711934971375, 0.0, 0.0, 0.0, 0.0, 0.0, 0.010980962920258998, 0.015557433590220084, 0.0, 0.0, 0.08240250709880752, 0.0, 0.007860945713919052, 0.0, 0.0, 0.0, 0.08768166471927732, 0.030504461066207782, 0.015232325896225864, 0.0, 0.0, 0.0, 0.09403357500149999, 0.06323918675493537, 0.0, 0.0, 0.004572761904567462, 0.0, 0.0, 0.0, 0.0, 0.0026639746059616168, 0.0, 0.101187925000325
dl_er:0.0, 0.0, 0.0, 0.0, 0.0, 0.0, 0.0, 0.0, 0.0, 0.0, 0.0028609409651586238, 0.0, 0.0016304760165331957, 0.03491642591331739, 0.0, 0.0, 0.0, 0.0, 0.050906292702427476, 0.0, 0.0, 0.0, 0.0, 0.0014073194750043748, 0.0, 0.0, 0.0, 0.0, 0.0, 0.0, 0.0, 0.0, 0.0, 0.0, 0.021243581421646486, 0.0, 0.0, 0.0, 0.0, 0.0, 0.001082693381055158, 0.0, 0.0, 0.0, 0.0, 0.021968431381396817, 0.0, 0.0, 0.0, 0.0, 0.0, 0.0, 0.0, 0.0, 0.0, 0.0, 0.0, 0.0, 0.0, 0.0, 0.0, 0.0, 0.0, 0.0, 0.0, 0.0, 0.0, 0.0, 0.0, 0.0, 0.0, 0.0, 0.0, 0.0, 0.0, 0.0, 0.0, 0.0, 0.025892445090065917, 0.0, 0.0, 0.0, 0.0, 0.0, 0.0, 0.0, 0.0, 0.0, 0.0, 0.06569225271847734
ul_er_ratio:0.0, 0.0, 0.4406764347673719, 0.7852641247955708, 0.4987457370336904, 0.2800262259579437, 0.0, 0.31532212291807865, 0.6526979864444986, 0.7743685337623912, 0.8631392325373177, 0.0, 0.8451229315494341, 0.8789603700180053, 0.0, 0.6909308978035381, 0.0, 0.4058316957693189, 0.9516892904667108, 0.6094082235358805, 0.12147513679110841, 0.8199741012844354, 0.0, 0.7198338982503437, 0.0, 0.0, 0.3106770169135587, 0.0, 0.0, 0.0, 0.0, 0.0, 0.0, 0.16810011128262006, 0.8968390883840822, 0.0, 0.0, 0.0, 0.0, 0.0, 0.5303516078099526, 0.26328633811277546, 0.0, 0.0, 0.09363143872155516, 0.7126994376387683, 0.0, 0.0, 0.395226906502265, 0.07330148500786489, 0.0, 0.0, 0.6158819222871758, 0.0, 0.0, 0.0, 0.5805342657523679, 0.0, 0.0, 0.0, 0.0, 0.0, 0.10492781433180146, 0.08109661496720971, 0.0, 0.0, 0.787138246001073, 0.0, 0.04102856508930504, 0.0, 0.0, 0.0, 0.8377042920173304, 0.2752412683338852, 0.14542974627165967, 0.0, 0.0, 0.0, 0.898555496038112, 0.579036205811899, 0.0, 0.0, 0.04368117102507628, 0.0, 0.0, 0.0, 0.0, 0.013886565583745462, 0.0, 0.9667474595842745
dl_er_ratio:0.0, 0.0, 0.0, 0.0, 0.0, 0.0, 0.0, 0.0, 0.0, 0.0, 0.027353731228235572, 0.0, 0.01558735820376651, 0.3337277332844211, 0.0, 0.0, 0.0, 0.0, 0.4866670090254019, 0.0, 0.0, 0.0, 0.0, 0.013447866265806194, 0.0, 0.0, 0.0, 0.0, 0.0, 0.0, 0.0, 0.0, 0.0, 0.0, 0.2030938829897581, 0.0, 0.0, 0.0, 0.0, 0.0, 0.008017259355592457, 0.0, 0.0, 0.0, 0.0, 0.20992686749688866, 0.0, 0.0, 0.0, 0.0, 0.0, 0.0, 0.0, 0.0, 0.0, 0.0, 0.0, 0.0, 0.0, 0.0, 0.0, 0.0, 0.0, 0.0, 0.0, 0.0, 0.0, 0.0, 0.0, 0.0, 0.0, 0.0, 0.0, 0.0, 0.0, 0.0, 0.0, 0.0, 0.24597504029979442, 0.0, 0.0, 0.0, 0.0, 0.0, 0.0, 0.0, 0.0, 0.0, 0.0, 0.6276174744044515
ul_er_perc:0.0, 0.0, 44.06764347673719, 78.52641247955708, 49.87457370336904, 28.002622595794367, 0.0, 31.532212291807866, 65.26979864444986, 77.43685337623913, 86.31392325373177, 0.0, 84.5122931549434, 87.89603700180054, 0.0, 69.09308978035381, 0.0, 40.58316957693189, 95.16892904667108, 60.940822353588054, 12.14751367911084, 81.99741012844353, 0.0, 71.98338982503437, 0.0, 0.0, 31.06770169135587, 0.0, 0.0, 0.0, 0.0, 0.0, 0.0, 16.810011128262005, 89.68390883840823, 0.0, 0.0, 0.0, 0.0, 0.0, 53.03516078099526, 26.328633811277548, 0.0, 0.0, 9.363143872155517, 71.26994376387682, 0.0, 0.0, 39.5226906502265, 7.330148500786489, 0.0, 0.0, 61.588192228717574, 0.0, 0.0, 0.0, 58.05342657523679, 0.0, 0.0, 0.0, 0.0, 0.0, 10.492781433180145, 8.109661496720971, 0.0, 0.0, 78.7138246001073, 0.0, 4.102856508930504, 0.0, 0.0, 0.0, 83.77042920173304, 27.524126833388518, 14.542974627165966, 0.0, 0.0, 0.0, 89.8555496038112, 57.9036205811899, 0.0, 0.0, 4.368117102507628, 0.0, 0.0, 0.0, 0.0, 1.3886565583745463, 0.0, 96.67474595842745
dl_er_perc:0.0, 0.0, 0.0, 0.0, 0.0, 0.0, 0.0, 0.0, 0.0, 0.0, 2.735373122823557, 0.0, 1.558735820376651, 33.372773328442115, 0.0, 0.0, 0.0, 0.0, 48.666700902540185, 0.0, 0.0, 0.0, 0.0, 1.3447866265806194, 0.0, 0.0, 0.0, 0.0, 0.0, 0.0, 0.0, 0.0, 0.0, 0.0, 20.30938829897581, 0.0, 0.0, 0.0, 0.0, 0.0, 0.8017259355592457, 0.0, 0.0, 0.0, 0.0, 20.992686749688865, 0.0, 0.0, 0.0, 0.0, 0.0, 0.0, 0.0, 0.0, 0.0, 0.0, 0.0, 0.0, 0.0, 0.0, 0.0, 0.0, 0.0, 0.0, 0.0, 0.0, 0.0, 0.0, 0.0, 0.0, 0.0, 0.0, 0.0, 0.0, 0.0, 0.0, 0.0, 0.0, 24.59750402997944, 0.0, 0.0, 0.0, 0.0, 0.0, 0.0, 0.0, 0.0, 0.0, 0.0, 62.76174744044515
ul_l:0.05498149513484887, 0.048562525943325476, 0.02733013645753785, 0.01768254048088766, 0.02226658938032183, 0.02513346611124074, 0.05678543464556129, 0.02759023683290972, 0.027734525116740696, 0.019710820788160097, 0.01576643024124799, 0.05795054141172991, 0.01870886286325947, 0.008201537645569619, 0.054332708833209724, 0.021025107951942065, 0.050686077184706795, 0.02466610277151024, 0.006943039328738927, 0.026116608927833938, 0.02647788026841443, 0.01862202528161432, 0.05050434905667453, 0.016492752806093285, 0.055293190119824004, 0.04748195303314139, 0.0335137923239723, 0.03992055675224373, 0.057971283761893644, 0.040153814838651346, 0.04605135137518854, 0.05722596067623603, 0.05468883996756693, 0.03464797143669636, 0.011105372015591536, 0.05850959064622794, 0.05562634657545354, 0.04017018819366505, 0.05761162855870368, 0.05867042668494429, 0.021523159673986048, 0.03338857713949883, 0.05759216448496263, 0.0586924974758627, 0.034781139113032385, 0.016706264450262912, 0.058704488123182304, 0.049152246049049594, 0.03705522992576729, 0.03792256257388688, 0.05865230413137391, 0.04958298214325714, 0.01571012659091174, 0.045807484544745466, 0.05289935276028533, 0.0477135169430588, 0.022909609784551796, 0.04726057477902684, 0.050060971854092876, 0.039495618289797585, 0.04966041799066674, 0.04055032810704911, 0.04130261863260305, 0.036013088726752275, 0.02979270252667061, 0.05741283611764902, 0.016793872473979385, 0.04798349523352306, 0.03383740237403855, 0.031451132527928936, 0.028926598246772944, 0.057090500493320886, 0.010018714050082917, 0.017953213584311796, 0.018819931120948992, 0.05459356259607003, 0.03320434684112632, 0.031215652692844226, 0.013003453223898133, 0.011713496814984877, 0.045079329952133734, 0.04344806428233098, 0.02244272620090666, 0.032493521227906434, 0.03958172248533762, 0.021160548796010033, 0.052143643692935886, 0.029319893521212326, 0.051478942508112434, 0.00520575426466446
dl_l:0.07227817783402637, 0.07166877573452721, 0.058713372623644795, 0.05469317233163057, 0.04685473273960217, 0.05244393095404205, 0.07282720102691644, 0.05526465963300305, 0.06528163203449137, 0.047858160414354874, 0.04738359527322272, 0.07282715320741494, 0.05815126572259398, 0.04017594747722935, 0.07213311824990624, 0.05459289186480113, 0.06904124075587703, 0.05550026365036957, 0.02785859864223631, 0.06499434572381896, 0.05419539094210881, 0.05052852654642045, 0.07120087313873218, 0.047220425588136765, 0.07203850157903684, 0.06786510497683353, 0.06007972522313147, 0.06447238150572912, 0.07279463066090282, 0.06365589513779885, 0.06406394982433479, 0.0728271799560837, 0.07275366120752326, 0.058836450817734844, 0.04023291702424146, 0.07282716555092873, 0.07282715007421606, 0.06299618292590062, 0.07282715909144091, 0.07282718856473695, 0.04770243026229782, 0.06617481100036667, 0.07282726700740827, 0.07282718443226306, 0.05309753441270489, 0.03978144926934775, 0.07282718938063015, 0.0718372875955367, 0.061966254940233834, 0.06054952256817026, 0.07282718856473695, 0.07013365286975941, 0.03981018374801043, 0.06588229407932433, 0.0727922531080491, 0.07084095659179507, 0.05101248462417813, 0.06754718889358421, 0.06796281606093282, 0.063212131639628, 0.07196340717772351, 0.06784293526165615, 0.07023689700954991, 0.05941560350602911, 0.04614574230910576, 0.07282725331182241, 0.047906474890984235, 0.07151462514671544, 0.05193029381174324, 0.0625463327040108, 0.06543402061899485, 0.07241191993199224, 0.029926155870409418, 0.039142400171815236, 0.04309286643972133, 0.07118189194205048, 0.05331371433873884, 0.05348962158690344, 0.045626189541537146, 0.03960098860069499, 0.06738046456642861, 0.06356372953545388, 0.047261245532678894, 0.05638271948431263, 0.060563229028191425, 0.04183896175416038, 0.06956325001478321, 0.04631476893814218, 0.06753443715788202, 0.022829058478087683
ul_il:0.9398224818102432, 8.178913165346055, 18.19865368699924, 8.104465806159082, 3.9348808841517484, 5.5930877604541545, 0.9507920597872852, 4.025066905491272, 14.231181076404246, 5.988287651198124, 6.970884121649786, 0.11588992441765485, 11.286890766383364, 4.122040763991134, 1.0945412460901158, 8.433371042417354, 2.275802661483454, 1.9122960621587153, 1.433318150456046, 14.977506107109626, 8.804782526095591, 5.859309555727468, 8.942817489410205, 3.381897235795368, 1.3476631324145798, 3.2385191905764197, 7.43572723143328, 2.0189848628057683, 0.06879349891374238, 2.2525320173983134, 0.5669940811930068, 0.4511322895595453, 0.5447901152559813, 3.1756794956352197, 3.9367705882387316, 0.06320212353103724, 2.4216130783558554, 5.592867488664494, 1.1689482091889485, 0.058938281548787094, 4.962052776292323, 4.463183660820209, 0.5191880263721386, 0.10583037339239673, 2.7439233079880254, 3.275004425557929, 1.8169299422029148, 2.781293338775202, 9.931769249640702, 7.860687115786144, 0.058919814840976324, 2.3241511927906267, 0.593174764280456, 0.9650281239291673, 1.7678329962871642, 4.700269993052091, 5.577282626830193, 3.4264773410994827, 2.1094404059851084, 2.6660013587911853, 1.495004953803143, 6.08500138739478, 8.034346165707886, 12.006550153171423, 1.6425534373045725, 0.3877829378294848, 7.190570961142691, 7.273053746169956, 10.325265193719476, 5.821951420839893, 2.9025725987421604, 0.35643456046172944, 2.398895123818435, 3.9152552723554637, 5.682268802939208, 0.7043397971898899, 0.9808589433135558, 2.1150939325685703, 6.572740962525146, 4.931750764744543, 1.6617033197422189, 0.37560804521783986, 0.8063923132533812, 1.3471820756179615, 0.3814075960654994, 0.974933314735144, 0.09472079657235356, 1.4562780438955922, 0.20086528038910512, 1.008572912648753
dl_il:0.1275822964345547, 0.7836342968527347, 6.8987312218605, 4.910728970080815, 9.106584970697162, 4.565679716772927, 0.09546913453148723, 4.178193415336172, 2.9138707368930925, 5.145258230572186, 9.449670583382996, 0.08360359416559028, 19.01864793683641, 17.02749873160412, 0.17618198988725928, 2.3947000288225264, 0.11090358886460112, 5.1400389880100406, 4.930171044699694, 2.9247676952731814, 2.0512406751604235, 5.732199762254889, 0.15234359900975827, 4.754022490133233, 0.12890911723429804, 1.3860695345793534, 1.3934000830065083, 3.2741761432053313, 0.07684587529780584, 1.5380242954053303, 0.5688820593292556, 0.09092652286656779, 0.1292386985395455, 1.122999743718244, 9.33663967136088, 0.07346772929871417, 0.18985042136621363, 3.280484736491046, 0.11688059286082615, 0.07282718856473695, 9.210254652726269, 1.5958947139519422, 0.08915175271105241, 0.07282729515775702, 1.1490270481082074, 6.489106936008775, 0.07282719726431446, 0.3875884782194065, 2.28790380597095, 0.7042666069719586, 0.07282718856473695, 0.2344679546932109, 2.984935055876501, 0.158051140320089, 0.1296865870324414, 0.24133276461543654, 6.524819594360063, 0.29291239247248774, 0.17913185206098284, 0.24050639067139437, 0.1667899513484804, 0.30811733609909914, 0.25363066067613604, 0.3026988552658478, 0.26336396444507126, 0.07667504262928643, 0.5046635745022208, 0.6065037786796778, 0.5154058370653495, 0.20505937908393262, 0.1667404752874393, 0.07561199562806976, 1.184591996574737, 0.37510523179841837, 0.14901755935636368, 0.08150989894822541, 0.20633386849914584, 0.28002784305404127, 14.175397389606529, 0.2654150589214923, 0.08414253604975792, 0.0951051807013525, 0.22771812959477838, 0.12397116294770044, 0.09085705592252565, 0.12613243979443506, 0.07369866087575103, 0.1384317417433688, 0.07427267700886658, 1.6840079495143956
sinr_ul:6.60807313e-05,3.44397514e-04,1.12092041e-03,4.09269573e-03,9.11225544e-03,1.87445623e-02,2.64862370e-02,3.10485071e-02,2.69358733e-02,2.02736575e-02,1.41573261e-02,1.05703164e-02,1.47869506e-02,2.60054675e-02,2.66537670e-02,1.52149645e-02,9.30061525e-03,5.35333181e-03,3.54921391e-03,1.78368439e-03,9.45489444e-04,5.03902728e-04,1.17251193e-04,6.11766890e-05,5.21364091e-05,4.75048136e-05,3.40310813e-05,3.19010427e-05,1.93932581e-05,1.80310241e-05,1.29536066e-05,5.82045422e-06,5.52323953e-06,5.34986430e-06,8.99074418e-06,1.10217112e-05,5.59754321e-06,1.95666333e-06,1.93189544e-06,4.65636337e-06
sinr_ul_bin_edges:-30.799347  ,-27.06096558,-23.32258415,-19.58420273,-15.8458213 ,-12.10743988, -8.36905845, -4.63067703, -0.8922956 ,  2.84608582,  6.58446725, 10.32284867, 14.0612301 , 17.79961152, 21.53799295, 25.27637437, 29.0147558 , 32.75313723, 36.49151865, 40.22990008, 43.9682815 , 47.70666293, 51.44504435, 55.18342578, 58.9218072 , 62.66018863, 66.39857005, 70.13695148, 73.8753329 , 77.61371433, 81.35209575, 85.09047718, 88.8288586 , 92.56724003, 96.30562145,100.04400288,103.7823843 ,107.52076573,111.25914715,114.99752858,118.73591   
sinr_dl:6.39001840e-05,3.35248473e-04,1.08708671e-03,3.81621605e-03,8.52918322e-03,1.77914492e-02,2.54883376e-02,4.12555563e-02,2.00057119e-02,2.15090345e-02,1.49318401e-02,1.22552869e-02,1.50513496e-02,2.61969016e-02,2.98910805e-02,1.43834309e-02,9.16067780e-03,5.27072883e-03,2.73486721e-03,1.57275845e-03,9.21471997e-04,3.18287625e-04,1.07578791e-04,5.18430686e-05,5.19188995e-05,4.35016680e-05,3.48822207e-05,3.48822207e-05,1.73905564e-05,1.75927722e-05,1.14504681e-05,5.81370345e-06,5.58621071e-06,5.35871796e-06,6.79950534e-06,1.47617514e-05,5.20705613e-06,1.97160378e-06,1.89577286e-06,4.72679368e-06
sinr_dl_bin_edges:-23.958279  ,-20.29518903,-16.63209905,-12.96900908, -9.3059191 , -5.64282913, -1.97973915,  1.68335082,  5.3464408 ,  9.00953077, 12.67262075, 16.33571072, 19.9988007 , 23.66189067, 27.32498065, 30.98807062, 34.6511606 , 38.31425057, 41.97734055, 45.64043052, 49.3035205 , 52.96661047, 56.62970045, 60.29279042, 63.9558804 , 67.61897037, 71.28206035, 74.94515032, 78.6082403 , 82.27133027, 85.93442025, 89.59751022, 93.2606002 , 96.92369017,100.58678015,104.24987012,107.9129601 ,111.57605007,115.23914005,118.90223002,122.56532   
rsrp_ul:6.89809931e-05,3.52930043e-04,1.14657061e-03,4.13658086e-03,9.20263416e-03,1.89133251e-02,2.66248304e-02,3.10654230e-02,2.67907316e-02,2.01855972e-02,1.40981546e-02,1.05392802e-02,1.49496797e-02,2.61302479e-02,2.65616949e-02,1.51064907e-02,9.18730229e-03,5.29541200e-03,3.50334277e-03,1.76705279e-03,9.40321156e-04,4.96093469e-04,1.15571028e-04,6.05100776e-05,5.33271375e-05,4.59708162e-05,3.40570433e-05,3.19021612e-05,1.92205568e-05,1.79078126e-05,1.29292921e-05,5.77112078e-06,5.52343320e-06,5.35005189e-06,9.31305328e-06,1.06753350e-05,5.57297071e-06,1.95673194e-06,1.93196318e-06,4.65652664e-06
rsrp_ul_bin_edges:-156.91075   ,-153.17249965,-149.4342493 ,-145.69599895,-141.9577486 ,-138.21949825,-134.4812479 ,-130.74299755,-127.0047472 ,-123.26649685,-119.5282465 ,-115.78999615,-112.0517458 ,-108.31349545,-104.5752451 ,-100.83699475, -97.0987444 , -93.36049405, -89.6222437 , -85.88399335, -82.145743  , -78.40749265, -74.6692423 , -70.93099195, -67.1927416 , -63.45449125, -59.7162409 , -55.97799055, -52.2397402 , -48.50148985, -44.7632395 , -41.02498915, -37.2867388 , -33.54848845, -29.8102381 , -26.07198775, -22.3337374 , -18.59548705, -14.8572367 , -11.11898635,  -7.380736  
rsrp_dl:6.60251975e-05,3.42613142e-04,1.10614956e-03,3.85173106e-03,8.57468128e-03,1.79256136e-02,2.55666905e-02,4.11504066e-02,2.00647593e-02,2.14460559e-02,1.48402248e-02,1.22898625e-02,1.51670141e-02,2.63076540e-02,2.97941737e-02,1.42966797e-02,9.04327819e-03,5.23434217e-03,2.71562750e-03,1.56529262e-03,9.21117228e-04,3.09524711e-04,1.06974976e-04,5.10608342e-05,5.18444411e-05,4.33764315e-05,3.48831442e-05,3.50348100e-05,1.70876851e-05,1.75426827e-05,1.14002160e-05,5.81385736e-06,5.53580332e-06,5.38413747e-06,6.82496299e-06,1.47368645e-05,5.18191635e-06,1.97165598e-06,1.89582305e-06,4.72691881e-06
rsrp_dl_bin_edges:-155.60307 ,-151.940077,-148.277084,-144.614091,-140.951098,-137.288105,-133.625112,-129.962119,-126.299126,-122.636133,-118.97314 ,-115.310147,-111.647154,-107.984161,-104.321168,-100.658175, -96.995182, -93.332189, -89.669196, -86.006203, -82.34321 , -78.680217, -75.017224, -71.354231, -67.691238, -64.028245, -60.365252, -56.702259, -53.039266, -49.376273, -45.71328 , -42.050287, -38.387294, -34.724301, -31.061308, -27.398315, -23.735322, -20.072329, -16.409336, -12.746343,  -9.08335 
cqi_ul:1.02574972,0.        ,0.26555161,0.        ,0.        ,0.19493418,0.        ,0.        ,0.09940707,0.        ,0.05386004,0.        ,0.        ,0.07113398,0.        ,0.        ,0.05277758,0.        ,0.12661672,0.        ,0.        ,0.1439751 ,0.        ,0.        ,0.15371032,0.        ,0.11665014,0.        ,0.        ,0.06269034,0.        ,0.        ,0.07527863,0.        ,0.0595279 ,0.        ,0.        ,0.03340293,0.        ,0.13140039
cqi_ul_bin_edges: 0.   , 0.375, 0.75 , 1.125, 1.5  , 1.875, 2.25 , 2.625, 3.   , 3.375, 3.75 , 4.125, 4.5  , 4.875, 5.25 , 5.625, 6.   , 6.375, 6.75 , 7.125, 7.5  , 7.875, 8.25 , 8.625, 9.   , 9.375, 9.75 ,10.125,10.5  ,10.875,11.25 ,11.625,12.   ,12.375,12.75 ,13.125,13.5  ,13.875,14.25 ,14.625,15.   
cqi_dl:0.47498938,0.        ,0.46374379,0.        ,0.        ,0.24027059,0.        ,0.        ,0.18582734,0.        ,0.08380103,0.        ,0.        ,0.06782487,0.        ,0.        ,0.04037818,0.        ,0.06451798,0.        ,0.        ,0.06585328,0.        ,0.        ,0.08644718,0.        ,0.10926674,0.        ,0.        ,0.10597393,0.        ,0.        ,0.17780494,0.        ,0.15560438,0.        ,0.        ,0.0725194 ,0.        ,0.27184366
cqi_dl_bin_edges: 0.   , 0.375, 0.75 , 1.125, 1.5  , 1.875, 2.25 , 2.625, 3.   , 3.375, 3.75 , 4.125, 4.5  , 4.875, 5.25 , 5.625, 6.   , 6.375, 6.75 , 7.125, 7.5  , 7.875, 8.25 , 8.625, 9.   , 9.375, 9.75 ,10.125,10.5  ,10.875,11.25 ,11.625,12.   ,12.375,12.75 ,13.125,13.5  ,13.875,14.25 ,14.625,15.   
mcs_ul:0.69176857,0.06213136,0.04229766,0.        ,0.03093942,0.02231436,0.        ,0.01433149,0.0145221 ,0.        ,0.01869733,0.01941016,0.01269698,0.        ,0.01557672,0.03220092,0.        ,0.03562946,0.03621636,0.        ,0.04091315,0.04497833,0.03736649,0.        ,0.03173214,0.030759  ,0.        ,0.01644709,0.01712922,0.        ,0.0223354 ,0.01800025,0.01567963,0.        ,0.01621031,0.00965402,0.        ,0.00824041,0.        ,0.07039306
mcs_ul_bin_edges: 0. , 0.7, 1.4, 2.1, 2.8, 3.5, 4.2, 4.9, 5.6, 6.3, 7. , 7.7, 8.4, 9.1, 9.8,10.5,11.2,11.9,12.6,13.3,14. ,14.7,15.4,16.1,16.8,17.5,18.2,18.9,19.6,20.3,21. ,21.7,22.4,23.1,23.8,24.5,25.2,25.9,26.6,27.3,28. 
mcs_dl:0.50289277,0.06053323,0.06818316,0.        ,0.0553293 ,0.04422106,0.        ,0.02486249,0.02003092,0.        ,0.01846493,0.01786982,0.0112298 ,0.        ,0.01040137,0.01796202,0.        ,0.01660118,0.0167615 ,0.        ,0.01851704,0.02224638,0.02406461,0.        ,0.0261183 ,0.03241745,0.        ,0.02653867,0.03021906,0.        ,0.04700754,0.04825912,0.04585808,0.        ,0.03750141,0.02138408,0.        ,0.0174656 ,0.        ,0.14563053
mcs_dl_bin_edges: 0. , 0.7, 1.4, 2.1, 2.8, 3.5, 4.2, 4.9, 5.6, 6.3, 7. , 7.7, 8.4, 9.1, 9.8,10.5,11.2,11.9,12.6,13.3,14. ,14.7,15.4,16.1,16.8,17.5,18.2,18.9,19.6,20.3,21. ,21.7,22.4,23.1,23.8,24.5,25.2,25.9,26.6,27.3,28. 
eff_ul:2.07745228,0.53782204,0.23489149,0.15990896,0.11696843,0.        ,0.08436085,0.05418111,0.        ,0.05490171,0.07068643,0.07338131,0.04800174,0.05888877,0.1217376 ,0.        ,0.13469942,0.13691823,0.        ,0.15467472,0.        ,0.17004338,0.14126634,0.        ,0.11996535,0.        ,0.11628633,0.06217923,0.0647581 ,0.08444036,0.        ,0.06805106,0.        ,0.05927783,0.        ,0.06128411,0.        ,0.03649763,0.03115338,0.26612538
eff_ul_bin_edges:0.        ,0.18515763,0.37031527,0.5554729 ,0.74063053,0.92578816,1.1109458 ,1.29610343,1.48126106,1.66641869,1.85157632,2.03673396,2.22189159,2.40704922,2.59220686,2.77736449,2.96252212,3.14767975,3.33283738,3.51799502,3.70315265,3.88831028,4.07346792,4.25862555,4.44378318,4.62894081,4.81409844,4.99925608,5.18441371,5.36957134,5.55472897,5.73988661,5.92504424,6.11020187,6.29535951,6.48051714,6.66567477,6.8508324 ,7.03599004,7.22114767,7.4063053 
eff_dl:0.96199661,0.93922092,0.22884964,0.2577707 ,0.20917588,0.        ,0.16718048,0.0939942 ,0.        ,0.07572814,0.0698078 ,0.06755799,0.04245496,0.03932302,0.06790654,0.        ,0.06276182,0.0633679 ,0.        ,0.07000483,0.        ,0.08410381,0.09097778,0.        ,0.09874187,0.        ,0.12255621,0.10033109,0.11424505,0.17771496,0.        ,0.18244663,0.        ,0.17336935,0.        ,0.14177641,0.        ,0.08084385,0.06602977,0.55056533
eff_dl_bin_edges:0.        ,0.18515763,0.37031527,0.5554729 ,0.74063053,0.92578816,1.1109458 ,1.29610343,1.48126106,1.66641869,1.85157632,2.03673396,2.22189159,2.40704922,2.59220686,2.77736449,2.96252212,3.14767975,3.33283738,3.51799502,3.70315265,3.88831028,4.07346792,4.25862555,4.44378318,4.62894081,4.81409844,4.99925608,5.18441371,5.36957134,5.55472897,5.73988661,5.92504424,6.11020187,6.29535951,6.48051714,6.66567477,6.8508324 ,7.03599004,7.22114767,7.4063053 
rul:1.06295317e+00,8.75630573e-03,1.24719072e-03,5.16229890e-04,2.86772271e-04,2.03188403e-04,1.49455917e-04,1.04579340e-04,8.48774280e-05,5.34339728e-05,3.70157130e-05,4.34835123e-05,3.85082821e-05,2.71647571e-05,2.62692157e-05,1.48261861e-05,1.82093427e-05,1.58212322e-05,9.25392826e-06,1.06469927e-05,8.85590984e-06,8.05987300e-06,7.86086379e-06,8.25888221e-06,5.07473485e-06,4.27869801e-06,2.88563354e-06,2.68662433e-06,3.68167038e-06,2.48761512e-06,2.88563354e-06,1.79108289e-06,1.09455065e-06,5.97027629e-07,6.96532234e-07,0.00000000e+00,3.98018420e-07,2.98513815e-07,0.00000000e+00,3.98018420e-07
rul_bin_edges: 0.      , 0.930528, 1.861056, 2.791584, 3.722112, 4.65264 , 5.583168, 6.513696, 7.444224, 8.374752, 9.30528 ,10.235808,11.166336,12.096864,13.027392,13.95792 ,14.888448,15.818976,16.749504,17.680032,18.61056 ,19.541088,20.471616,21.402144,22.332672,23.2632  ,24.193728,25.124256,26.054784,26.985312,27.91584 ,28.846368,29.776896,30.707424,31.637952,32.56848 ,33.499008,34.429536,35.360064,36.290592,37.22112 
rdl:4.25226690e-01,1.24587528e-03,1.39910071e-04,4.47664812e-05,1.98347516e-05,1.07866279e-05,1.04705362e-05,8.17887168e-06,6.71694776e-06,3.59554262e-06,1.61996975e-06,5.92671861e-07,2.21264162e-06,1.77801558e-06,8.29740606e-07,1.34338955e-06,1.38290101e-06,1.58045830e-07,2.37068744e-07,0.00000000e+00,3.95114574e-08,7.90229148e-08,3.95114574e-08,0.00000000e+00,0.00000000e+00,0.00000000e+00,0.00000000e+00,0.00000000e+00,0.00000000e+00,0.00000000e+00,0.00000000e+00,0.00000000e+00,0.00000000e+00,0.00000000e+00,0.00000000e+00,7.90229148e-08,0.00000000e+00,3.95114574e-08,0.00000000e+00,3.95114574e-08
rdl_bin_edges: 0.      , 2.343417, 4.686834, 7.030251, 9.373668,11.717085,14.060502,16.403919,18.747336,21.090753,23.43417 ,25.777587,28.121004,30.464421,32.807838,35.151255,37.494672,39.838089,42.181506,44.524923,46.86834 ,49.211757,51.555174,53.898591,56.242008,58.585425,60.928842,63.272259,65.615676,67.959093,70.30251 ,72.645927,74.989344,77.332761,79.676178,82.019595,84.363012,86.706429,89.049846,91.393263,93.73668 
lul:2.32443112e+02,0.00000000e+00,0.00000000e+00,0.00000000e+00,0.00000000e+00,0.00000000e+00,0.00000000e+00,0.00000000e+00,0.00000000e+00,0.00000000e+00,0.00000000e+00,0.00000000e+00,0.00000000e+00,0.00000000e+00,0.00000000e+00,0.00000000e+00,0.00000000e+00,0.00000000e+00,0.00000000e+00,0.00000000e+00,0.00000000e+00,0.00000000e+00,0.00000000e+00,0.00000000e+00,0.00000000e+00,0.00000000e+00,0.00000000e+00,0.00000000e+00,0.00000000e+00,0.00000000e+00,0.00000000e+00,0.00000000e+00,0.00000000e+00,0.00000000e+00,0.00000000e+00,0.00000000e+00,1.02095752e+02,3.25067533e+01,0.00000000e+00,3.39854252e-05
lul_bin_edges:0.        ,0.00272446,0.00544891,0.00817337,0.01089783,0.01362228,0.01634674,0.0190712 ,0.02179565,0.02452011,0.02724457,0.02996902,0.03269348,0.03541794,0.03814239,0.04086685,0.04359131,0.04631576,0.04904022,0.05176468,0.05448914,0.05721359,0.05993805,0.06266251,0.06538696,0.06811142,0.07083588,0.07356033,0.07628479,0.07900925,0.0817337 ,0.08445816,0.08718262,0.08990707,0.09263153,0.09535599,0.09808044,0.1008049 ,0.10352936,0.10625381,0.10897827
ldl:1.41524023e+02,0.00000000e+00,0.00000000e+00,0.00000000e+00,0.00000000e+00,0.00000000e+00,0.00000000e+00,0.00000000e+00,0.00000000e+00,0.00000000e+00,0.00000000e+00,0.00000000e+00,0.00000000e+00,0.00000000e+00,0.00000000e+00,0.00000000e+00,0.00000000e+00,0.00000000e+00,0.00000000e+00,0.00000000e+00,0.00000000e+00,0.00000000e+00,0.00000000e+00,0.00000000e+00,0.00000000e+00,0.00000000e+00,0.00000000e+00,0.00000000e+00,0.00000000e+00,0.00000000e+00,0.00000000e+00,0.00000000e+00,0.00000000e+00,0.00000000e+00,0.00000000e+00,2.09404833e+02,6.49863196e-05,3.24931598e-05,0.00000000e+00,9.74794795e-05
ldl_bin_edges:0.        ,0.00284958,0.00569916,0.00854874,0.01139832,0.01424789,0.01709747,0.01994705,0.02279663,0.02564621,0.02849579,0.03134537,0.03419495,0.03704453,0.0398941 ,0.04274368,0.04559326,0.04844284,0.05129242,0.054142  ,0.05699158,0.05984116,0.06269073,0.06554031,0.06838989,0.07123947,0.07408905,0.07693863,0.07978821,0.08263779,0.08548737,0.08833694,0.09118652,0.0940361 ,0.09688568,0.09973526,0.10258484,0.10543442,0.108284  ,0.11113358,0.11398315
ilul:3.03469102e-01,7.55658345e-03,5.78947763e-03,4.50808170e-03,3.59657931e-03,2.46491153e-03,2.43897129e-03,1.93947452e-03,1.30488590e-03,1.41619374e-03,1.39878045e-03,1.50868346e-03,1.19432948e-03,1.27593998e-03,1.26123833e-03,1.26685763e-03,1.07168504e-03,1.43461981e-03,1.14127286e-03,7.55044143e-04,5.35434142e-04,5.25240997e-04,4.49053773e-04,2.18858583e-04,3.12687789e-04,6.18906851e-04,6.73498983e-04,3.20724692e-04,2.85865443e-04,3.09061382e-04,4.90806462e-04,5.09591906e-04,3.02265952e-04,7.92909062e-05,6.63861234e-05,8.66744022e-05,1.17613211e-04,7.99769833e-05,2.39473565e-05,4.39742727e-05
ilul_bin_edges:  0.        ,  2.83412512,  5.66825025,  8.50237537, 11.3365005 , 14.17062562, 17.00475075, 19.83887587, 22.673001  , 25.50712612, 28.34125125, 31.17537637, 34.0095015 , 36.84362662, 39.67775175, 42.51187687, 45.346002  , 48.18012712, 51.01425225, 53.84837737, 56.6825025 , 59.51662762, 62.35075275, 65.18487787, 68.019003  , 70.85312812, 73.68725325, 76.52137837, 79.3555035 , 82.18962862, 85.02375375, 87.85787887, 90.692004  , 93.52612912, 96.36025425, 99.19437937,102.0285045 ,104.86262962,107.69675475,110.53087987,113.365005  
ildl:4.12744111e-01,8.22901395e-03,5.85453400e-03,5.02463574e-03,3.45031843e-03,3.06422656e-03,1.93594369e-03,2.23312859e-03,2.30961000e-03,1.89562492e-03,1.33600381e-03,1.28634445e-03,1.27820358e-03,8.08089281e-04,9.97771744e-04,1.49179451e-03,1.10968740e-03,4.82368458e-04,8.38167684e-04,8.76815432e-04,4.37893555e-04,5.98568783e-04,1.07686680e-03,6.99387133e-04,5.67804833e-04,6.66352306e-04,6.31132296e-05,9.08779090e-05,1.51977342e-04,7.06114069e-05,1.98937356e-04,6.13136671e-05,2.33300431e-04,1.79142168e-04,2.71648252e-04,0.00000000e+00,0.00000000e+00,4.09614715e-05,1.35824126e-05,7.97806066e-05
ildl_bin_edges: 0.      , 2.161001, 4.322002, 6.483003, 8.644004,10.805005,12.966006,15.127007,17.288008,19.449009,21.61001 ,23.771011,25.932012,28.093013,30.254014,32.415015,34.576016,36.737017,38.898018,41.059019,43.22002 ,45.381021,47.542022,49.703023,51.864024,54.025025,56.186026,58.347027,60.508028,62.669029,64.83003 ,66.991031,69.152032,71.313033,73.474034,75.635035,77.796036,79.957037,82.118038,84.279039,86.44004 
eul:9.71712533e+01,0.00000000e+00,0.00000000e+00,0.00000000e+00,0.00000000e+00,0.00000000e+00,0.00000000e+00,0.00000000e+00,0.00000000e+00,0.00000000e+00,2.26759681e-03,1.14918933e-02,9.80915179e-03,5.14057013e-03,8.85491422e-03,5.55099490e-03,1.14816327e-02,1.22717004e-02,1.25076946e-02,1.54791699e-01,4.69944560e+00,8.36846854e+00,2.71188161e-01,1.44469516e-02,7.95197975e-03,5.13030951e-03,4.10424761e-03,5.87933470e-03,5.92037718e-03,5.37656437e-03,2.93453704e-03,4.03242328e-03,2.20603309e-03,3.44756799e-03,3.09870695e-03,1.99056009e-03,1.84691143e-03,1.68274152e-03,3.18079190e-04,7.18243332e-04
eul_bin_edges:0.        ,0.009024  ,0.018048  ,0.027072  ,0.036096  ,0.04512   ,0.054144  ,0.063168  ,0.072192  ,0.081216  ,0.09024   ,0.09926399,0.10828799,0.11731199,0.12633599,0.13535999,0.14438399,0.15340799,0.16243199,0.17145599,0.18047999,0.18950399,0.19852799,0.20755199,0.21657599,0.22559999,0.23462399,0.24364799,0.25267199,0.26169599,0.27071999,0.27974398,0.28876798,0.29779198,0.30681598,0.31583998,0.32486398,0.33388798,0.34291198,0.35193598,0.36095998
edl:1.09355872e+02,0.00000000e+00,0.00000000e+00,0.00000000e+00,0.00000000e+00,0.00000000e+00,0.00000000e+00,0.00000000e+00,0.00000000e+00,0.00000000e+00,2.87297333e-04,1.09788624e-03,8.92673856e-04,5.54073428e-04,1.01580128e-03,3.48861047e-04,1.13892871e-03,1.21075305e-03,1.20049243e-03,1.62117781e-02,5.05715130e-01,8.95054319e-01,2.78986231e-02,1.64169904e-03,7.79807046e-04,4.20685380e-04,2.56515476e-04,7.07982713e-04,6.15637142e-04,5.13030951e-04,3.18079190e-04,3.89903523e-04,2.56515476e-04,2.87297333e-04,2.66776095e-04,2.05212381e-04,1.43648666e-04,2.15473000e-04,4.10424761e-05,5.13030951e-05
edl_bin_edges:0.        ,0.009024  ,0.018048  ,0.027072  ,0.036096  ,0.04512   ,0.054144  ,0.063168  ,0.072192  ,0.081216  ,0.09024   ,0.09926399,0.10828799,0.11731199,0.12633599,0.13535999,0.14438399,0.15340799,0.16243199,0.17145599,0.18047999,0.18950399,0.19852799,0.20755199,0.21657599,0.22559999,0.23462399,0.24364799,0.25267199,0.26169599,0.27071999,0.27974398,0.28876798,0.29779198,0.30681598,0.31583998,0.32486398,0.33388798,0.34291198,0.35193598,0.36095998
gul:7.81411535e+00,0.00000000e+00,0.00000000e+00,0.00000000e+00,0.00000000e+00,1.04000104e-03,8.82708223e-02,1.58127163e-01,1.80942553e-01,2.90013396e-01,3.38858190e-01,1.67077694e+01,3.67769749e+01,4.44944172e-01,1.51605123e-01,1.20851646e-01,1.28202162e-01,9.50631455e-02,6.97858322e-02,4.05424132e-02,1.93487198e-02,1.33202392e-02,9.45402071e-03,1.58644226e-03,1.05762817e-03,5.28814086e-04,1.05762817e-03,2.11525634e-03,0.00000000e+00,0.00000000e+00,5.28814086e-04,5.28814086e-04,0.00000000e+00,0.00000000e+00,0.00000000e+00,0.00000000e+00,0.00000000e+00,5.28814086e-04,5.28814086e-04,5.28814086e-04
gul_bin_edges:0.       ,0.0157584,0.0315168,0.0472752,0.0630336,0.078792 ,0.0945504,0.1103088,0.1260672,0.1418256,0.157584 ,0.1733424,0.1891008,0.2048592,0.2206176,0.236376 ,0.2521344,0.2678928,0.2836512,0.2994096,0.315168 ,0.3309264,0.3466848,0.3624432,0.3782016,0.39396  ,0.4097184,0.4254768,0.4412352,0.4569936,0.472752 ,0.4885104,0.5042688,0.5200272,0.5357856,0.551544 ,0.5673024,0.5830608,0.5988192,0.6145776,0.630336 
gdl:8.36489872e-01,0.00000000e+00,0.00000000e+00,0.00000000e+00,0.00000000e+00,1.05762817e-03,9.73840518e-02,1.63814852e-01,1.87529226e-01,2.99896344e-01,3.49869275e-01,1.89872166e+01,4.13545483e+01,4.96356652e-01,1.56605354e-01,1.25328938e-01,1.32767590e-01,9.89646183e-02,7.26473040e-02,4.31277266e-02,2.09939192e-02,1.46363988e-02,9.99458622e-03,1.58644226e-03,1.05762817e-03,5.28814086e-04,1.05762817e-03,2.11525634e-03,0.00000000e+00,0.00000000e+00,5.28814086e-04,5.28814086e-04,0.00000000e+00,0.00000000e+00,0.00000000e+00,0.00000000e+00,0.00000000e+00,5.28814086e-04,5.28814086e-04,5.28814086e-04
gdl_bin_edges:0.       ,0.0157584,0.0315168,0.0472752,0.0630336,0.078792 ,0.0945504,0.1103088,0.1260672,0.1418256,0.157584 ,0.1733424,0.1891008,0.2048592,0.2206176,0.236376 ,0.2521344,0.2678928,0.2836512,0.2994096,0.315168 ,0.3309264,0.3466848,0.3624432,0.3782016,0.39396  ,0.4097184,0.4254768,0.4412352,0.4569936,0.472752 ,0.4885104,0.5042688,0.5200272,0.5357856,0.551544 ,0.5673024,0.5830608,0.5988192,0.6145776,0.630336 
ri:34.60169313, 0.        , 0.        , 0.        , 0.        , 0.        , 0.        , 0.        , 0.        , 0.        , 0.        , 0.        , 0.        , 0.        , 0.        , 0.        , 0.        , 0.        , 0.        , 0.        , 0.        , 0.        , 0.        , 0.        , 0.        , 0.        , 0.        , 0.        , 0.        , 0.        , 0.        , 0.        , 0.        , 0.        , 0.        , 0.        , 0.        , 0.        , 0.        , 5.39830687
ri_bin_edges:1.   ,1.025,1.05 ,1.075,1.1  ,1.125,1.15 ,1.175,1.2  ,1.225,1.25 ,1.275,1.3  ,1.325,1.35 ,1.375,1.4  ,1.425,1.45 ,1.475,1.5  ,1.525,1.55 ,1.575,1.6  ,1.625,1.65 ,1.675,1.7  ,1.725,1.75 ,1.775,1.8  ,1.825,1.85 ,1.875,1.9  ,1.925,1.95 ,1.975,2.   
