period:1
ue_log_freq:1000
mac_log_freq:1000
mimo_layers:2
frequency:2412000000.0
bandwidth:50000000
ue_speed:5.555555555555555
max_distance:1000
shannon_cfg_bandwidth_mhz:50.0
shannon_cfg_mimo_layers:2
shannon_cfg_bw_efficiency:0.67
shannon_cfg_sinr_offset_db:0
shannon_cfg_ul_divisor:2
shannon_cfg_sinr_sample_rate:1000
n_ue:3
sinr_period:9.463597741343282
sinr_rate:105.66805852612856
ul_fairness:0.9977806668321941
dl_fairness:0.9960094103296969
ul_agg_throughput:1.6890640648126993
dl_agg_throughput:1.945786920229337
ul_ave_throughput:0.5630213549375664
dl_ave_throughput:0.6485956400764457
ul_se:0.03378128129625399
dl_se:0.03891573840458674
ul_ase:1.0752915804553224e-08
dl_ase:1.2387264262322176e-08
ul_gr:0.09999880247786523, 0.09999880247786523, 0.19999760448845513
dl_gr:0.09999880247786523, 0.09999880247786523, 0.19999760448845513
ul_tr:0.09998793164981348, 0.09694183472661275, 0.1999758621717783
dl_tr:0.09998793363147367, 0.0999879335095649, 0.19997586687403132
ul_er:0.0, 0.0, 0.0
dl_er:0.0, 0.0, 0.0
ul_er_ratio:0.0, 0.0, 0.0
dl_er_ratio:0.0, 0.0, 0.0
ul_er_perc:0.0, 0.0, 0.0
dl_er_perc:0.0, 0.0, 0.0
ul_l:0.006968191726017741, 0.007686311643363567, 0.00783042560094899
dl_l:0.008207632351976482, 0.00827709649407006, 0.008277103218332816
ul_il:0.03988987876248737, 0.009780347356556435, 0.0148196816301337
dl_il:0.00831214708720913, 0.00827709649407006, 0.008277103218332816
sinr_ul:0.00592476,0.00485206,0.00270883,0.00755005,0.01014403,0.01735385,0.03021538,0.07223694,0.05938191,0.03875795,0.02332628,0.01327327,0.00958926,0.00852957,0.00864876,0.00978646,0.00778193,0.00238594,0.00238377,0.00238594,0.03542284,0.02648803,0.0277731 ,0.05311692,0.02515529,0.01759873,0.01687493,0.02378354,0.02078432,0.00541116,0.01025022,0.01020037,0.00562353,0.00397006,0.00381187,0.0116328 ,0.00374252,0.00379453,0.0040134 ,0.0034608 
sinr_ul_bin_edges:-7.08369   ,-5.54552645,-4.0073629 ,-2.46919935,-0.9310358 , 0.60712775, 2.1452913 , 3.68345485, 5.2216184 , 6.75978195, 8.2979455 , 9.83610905,11.3742726 ,12.91243615,14.4505997 ,15.98876325,17.5269268 ,19.06509035,20.6032539 ,22.14141745,23.679581  ,25.21774455,26.7559081 ,28.29407165,29.8322352 ,31.37039875,32.9085623 ,34.44672585,35.9848894 ,37.52305295,39.0612165 ,40.59938005,42.1375436 ,43.67570715,45.2138707 ,46.75203425,48.2901978 ,49.82836135,51.3665249 ,52.90468845,54.442852  
sinr_dl:0.00591793,0.00485612,0.00271301,0.00753447,0.01013913,0.01732255,0.03013353,0.07217876,0.05946746,0.0387623 ,0.023364  ,0.0132942 ,0.00959306,0.00852476,0.00864611,0.00979026,0.007801  ,0.00238797,0.00238147,0.00238581,0.03536887,0.0264974 ,0.0277824 ,0.05310531,0.02516906,0.01761293,0.01685233,0.02381255,0.020781  ,0.00541519,0.01023665,0.01021064,0.00562322,0.00396984,0.00381166,0.01163216,0.00374448,0.00379432,0.00401318,0.00346278
sinr_dl_bin_edges: 2.216385  , 3.75463387, 5.29288275, 6.83113162, 8.3693805 , 9.90762937,11.44587825,12.98412712,14.522376  ,16.06062487,17.59887375,19.13712262,20.6753715 ,22.21362037,23.75186925,25.29011812,26.828367  ,28.36661587,29.90486475,31.44311362,32.9813625 ,34.51961137,36.05786025,37.59610912,39.134358  ,40.67260687,42.21085575,43.74910463,45.2873535 ,46.82560237,48.36385125,49.90210012,51.440349  ,52.97859787,54.51684675,56.05509562,57.5933445 ,59.13159337,60.66984225,62.20809112,63.74634   
rsrp_ul:0.00587704,0.0048849 ,0.00271431,0.00744974,0.01014239,0.01713505,0.02960833,0.07185456,0.05995534,0.03887555,0.02352982,0.01341126,0.00963549,0.00852203,0.00863035,0.00978712,0.00789165,0.00238504,0.00238721,0.00238288,0.03512577,0.02649975,0.02781684,0.05304933,0.02524983,0.01767661,0.01677329,0.02392625,0.02077219,0.00541563,0.01019005,0.01025287,0.00562142,0.0039859 ,0.00381044,0.01163277,0.00374328,0.00378877,0.00401623,0.00347467
rsrp_ul_bin_edges:-130.92696 ,-129.388219,-127.849478,-126.310737,-124.771996,-123.233255,-121.694514,-120.155773,-118.617032,-117.078291,-115.53955 ,-114.000809,-112.462068,-110.923327,-109.384586,-107.845845,-106.307104,-104.768363,-103.229622,-101.690881,-100.15214 , -98.613399, -97.074658, -95.535917, -93.997176, -92.458435, -90.919694, -89.380953, -87.842212, -86.303471, -84.76473 , -83.225989, -81.687248, -80.148507, -78.609766, -77.071025, -75.532284, -73.993543, -72.454802, -70.916061, -69.37732 
rsrp_dl:0.00587704,0.0048849 ,0.00271431,0.00744974,0.01014239,0.01713505,0.02960833,0.07185457,0.05995535,0.03887556,0.02352983,0.01341127,0.00963549,0.00852203,0.00863035,0.00978713,0.00789166,0.00238504,0.00238721,0.00238288,0.03512577,0.02649976,0.02781684,0.05304934,0.02524983,0.01767662,0.01677329,0.02392625,0.02077219,0.00541563,0.01019005,0.01025287,0.00562142,0.0039859 ,0.00381044,0.01163277,0.00374328,0.00378877,0.00401623,0.00347467
rsrp_dl_bin_edges:-127.91665   ,-126.37790925,-124.8391685 ,-123.30042775,-121.761687  ,-120.22294625,-118.6842055 ,-117.14546475,-115.606724  ,-114.06798325,-112.5292425 ,-110.99050175,-109.451761  ,-107.91302025,-106.3742795 ,-104.83553875,-103.296798  ,-101.75805725,-100.2193165 , -98.68057575, -97.141835  , -95.60309425, -94.0643535 , -92.52561275, -90.986872  , -89.44813125, -87.9093905 , -86.37064975, -84.831909  , -83.29316825, -81.7544275 , -80.21568675, -78.676946  , -77.13820525, -75.5994645 , -74.06072375, -72.521983  , -70.98324225, -69.4445015 , -67.90576075, -66.36702   
cqi_ul:0.25230859,0.        ,0.66664222,0.        ,0.        ,0.26472624,0.        ,0.        ,0.07608813,0.        ,0.04712842,0.        ,0.        ,0.04567954,0.        ,0.        ,0.00746659,0.        ,0.01294209,0.        ,0.        ,0.01635539,0.        ,0.        ,0.19392695,0.        ,0.13970527,0.        ,0.        ,0.12449653,0.        ,0.        ,0.21699339,0.        ,0.09217686,0.        ,0.        ,0.07742145,0.        ,0.43260901
cqi_ul_bin_edges: 0.   , 0.375, 0.75 , 1.125, 1.5  , 1.875, 2.25 , 2.625, 3.   , 3.375, 3.75 , 4.125, 4.5  , 4.875, 5.25 , 5.625, 6.   , 6.375, 6.75 , 7.125, 7.5  , 7.875, 8.25 , 8.625, 9.   , 9.375, 9.75 ,10.125,10.5  ,10.875,11.25 ,11.625,12.   ,12.375,12.75 ,13.125,13.5  ,13.875,14.25 ,14.625,15.   
cqi_dl:0.00738659,0.        ,0.05295947,0.        ,0.        ,0.15486956,0.        ,0.        ,0.5056305 ,0.        ,0.23789095,0.        ,0.        ,0.14322523,0.        ,0.        ,0.05047061,0.        ,0.05567055,0.        ,0.        ,0.0432529 ,0.        ,0.        ,0.04755508,0.        ,0.04841729,0.        ,0.        ,0.01151988,0.        ,0.        ,0.0130932 ,0.        ,0.01814204,0.        ,0.        ,0.16233615,0.        ,1.11424664
cqi_dl_bin_edges: 0.   , 0.375, 0.75 , 1.125, 1.5  , 1.875, 2.25 , 2.625, 3.   , 3.375, 3.75 , 4.125, 4.5  , 4.875, 5.25 , 5.625, 6.   , 6.375, 6.75 , 7.125, 7.5  , 7.875, 8.25 , 8.625, 9.   , 9.375, 9.75 ,10.125,10.5  ,10.875,11.25 ,11.625,12.   ,12.375,12.75 ,13.125,13.5  ,13.875,14.25 ,14.625,15.   
mcs_ul:0.49229508,0.10130375,0.04051388,0.        ,0.02232359,0.01843791,0.        ,0.01233321,0.01291416,0.        ,0.01375701,0.01071418,0.00204284,0.        ,0.00195712,0.00354758,0.        ,0.00338568,0.00323806,0.        ,0.00552375,0.06067082,0.04321862,0.        ,0.03286634,0.04197577,0.        ,0.02079027,0.04588049,0.        ,0.085242  ,0.03102826,0.02789972,0.        ,0.02148074,0.01820458,0.        ,0.0232712 ,0.        ,0.23175483
mcs_ul_bin_edges: 0. , 0.7, 1.4, 2.1, 2.8, 3.5, 4.2, 4.9, 5.6, 6.3, 7. , 7.7, 8.4, 9.1, 9.8,10.5,11.2,11.9,12.6,13.3,14. ,14.7,15.4,16.1,16.8,17.5,18.2,18.9,19.6,20.3,21. ,21.7,22.4,23.1,23.8,24.5,25.2,25.9,26.6,27.3,28. 
mcs_dl:0.03232825,0.03189492,0.05107092,0.        ,0.10248469,0.16838879,0.        ,0.07418497,0.05325661,0.        ,0.04828999,0.02843781,0.01685221,0.        ,0.01018561,0.01710459,0.        ,0.01271892,0.01153798,0.        ,0.01163322,0.01213321,0.01334272,0.        ,0.01289511,0.01304273,0.        ,0.00382853,0.00234283,0.        ,0.00351901,0.0034952 ,0.00357139,0.        ,0.00614756,0.04499479,0.        ,0.04197101,0.        ,0.59691784
mcs_dl_bin_edges: 0. , 0.7, 1.4, 2.1, 2.8, 3.5, 4.2, 4.9, 5.6, 6.3, 7. , 7.7, 8.4, 9.1, 9.8,10.5,11.2,11.9,12.6,13.3,14. ,14.7,15.4,16.1,16.8,17.5,18.2,18.9,19.6,20.3,21. ,21.7,22.4,23.1,23.8,24.5,25.2,25.9,26.6,27.3,28. 
eff_ul:0.51100111,1.35015189,0.3829853 ,0.15316532,0.08439574,0.        ,0.0697057 ,0.04662649,0.        ,0.04882279,0.05200924,0.04050564,0.00772307,0.00739903,0.01341187,0.        ,0.01279978,0.0122417 ,0.        ,0.02088291,0.        ,0.22936992,0.16339074,0.        ,0.12425329,0.        ,0.15869208,0.07859894,0.17345414,0.32226285,0.        ,0.11730432,0.        ,0.10547668,0.        ,0.0812093 ,0.        ,0.06882358,0.08797824,0.87616393
eff_ul_bin_edges:0.        ,0.18515756,0.37031512,0.55547269,0.74063025,0.92578781,1.11094538,1.29610294,1.4812605 ,1.66641806,1.85157562,2.03673319,2.22189075,2.40704831,2.59220587,2.77736344,2.962521  ,3.14767856,3.33283612,3.51799369,3.70315125,3.88830881,4.07346637,4.25862394,4.4437815 ,4.62893906,4.81409662,4.99925419,5.18441175,5.36956931,5.55472687,5.73988444,5.925042  ,6.11019956,6.29535712,6.48051469,6.66567225,6.85082981,7.03598737,7.22114494,7.4063025 
eff_dl:0.01496008,0.10725893,0.12058078,0.19307687,0.38744992,0.        ,0.63660459,0.28046103,0.        ,0.20134002,0.18256341,0.10751096,0.06371087,0.03850736,0.064665  ,0.        ,0.04808469,0.04362007,0.        ,0.04398012,0.        ,0.04587038,0.05044302,0.        ,0.04875078,0.        ,0.04930886,0.01447401,0.00885723,0.01330385,0.        ,0.01321384,0.        ,0.01350188,0.        ,0.02324123,0.        ,0.17010567,0.15867408,2.25668605
eff_dl_bin_edges:0.        ,0.18515756,0.37031512,0.55547269,0.74063025,0.92578781,1.11094538,1.29610294,1.4812605 ,1.66641806,1.85157562,2.03673319,2.22189075,2.40704831,2.59220587,2.77736344,2.962521  ,3.14767856,3.33283612,3.51799369,3.70315125,3.88830881,4.07346637,4.25862394,4.4437815 ,4.62893906,4.81409662,4.99925419,5.18441175,5.36956931,5.55472687,5.73988444,5.925042  ,6.11019956,6.29535712,6.48051469,6.66567225,6.85082981,7.03598737,7.22114494,7.4063025 
rul:3.15947748e+00,3.89335411e+00,3.42900120e+00,7.51076280e-05,7.22047181e-01,0.00000000e+00,3.75538140e-05,0.00000000e+00,3.75538140e-05,3.75538140e-05,3.75538140e-05,7.51076280e-05,3.75538140e-05,3.75538140e-05,0.00000000e+00,2.25322884e-04,5.74573354e-03,2.23069655e-02,8.63737722e-03,8.82514629e-03,3.37984326e-04,0.00000000e+00,0.00000000e+00,0.00000000e+00,0.00000000e+00,0.00000000e+00,0.00000000e+00,0.00000000e+00,0.00000000e+00,0.00000000e+00,0.00000000e+00,0.00000000e+00,0.00000000e+00,1.65236782e-03,8.26183908e-04,7.28543991e-03,0.00000000e+00,3.11696656e-03,2.89164368e-03,1.50215256e-04
rul_bin_edges:0.        ,0.08876063,0.17752125,0.26628188,0.3550425 ,0.44380313,0.53256375,0.62132438,0.710085  ,0.79884563,0.88760625,0.97636688,1.0651275 ,1.15388813,1.24264875,1.33140938,1.42017   ,1.50893063,1.59769125,1.68645188,1.7752125 ,1.86397313,1.95273375,2.04149438,2.130255  ,2.21901563,2.30777625,2.39653688,2.4852975 ,2.57405813,2.66281875,2.75157938,2.84034   ,2.92910063,3.01786125,3.10662188,3.1953825 ,3.28414313,3.37290375,3.46166438,3.550425  
rdl:2.54898072e+00,4.81999073e+00,4.09274751e+00,8.20214537e-05,8.32968873e-01,6.80778066e-03,0.00000000e+00,0.00000000e+00,0.00000000e+00,0.00000000e+00,0.00000000e+00,0.00000000e+00,0.00000000e+00,0.00000000e+00,0.00000000e+00,0.00000000e+00,0.00000000e+00,0.00000000e+00,0.00000000e+00,1.23032181e-03,0.00000000e+00,0.00000000e+00,0.00000000e+00,4.10107269e-05,0.00000000e+00,0.00000000e+00,0.00000000e+00,0.00000000e+00,0.00000000e+00,0.00000000e+00,0.00000000e+00,0.00000000e+00,0.00000000e+00,0.00000000e+00,0.00000000e+00,0.00000000e+00,0.00000000e+00,0.00000000e+00,0.00000000e+00,4.92128722e-04
rdl_bin_edges:0.        ,0.08127874,0.16255747,0.24383621,0.32511494,0.40639368,0.48767241,0.56895114,0.65022988,0.73150862,0.81278735,0.89406609,0.97534482,1.05662356,1.13790229,1.21918103,1.30045976,1.3817385 ,1.46301723,1.54429597,1.6255747 ,1.70685344,1.78813217,1.86941091,1.95068964,2.03196837,2.11324711,2.19452585,2.27580458,2.35708332,2.43836205,2.51964078,2.60091952,2.68219826,2.76347699,2.84475573,2.92603446,3.0073132 ,3.08859193,3.16987067,3.2511494 
lul:1006.87453936,   0.        ,   0.        ,   0.        ,   0.        ,   0.        ,   0.        ,   0.        ,   0.        ,   0.        ,   0.        ,   0.        ,   0.        ,   0.        ,   0.        ,   0.        ,   0.        ,   0.        ,   0.        ,   0.        ,   0.        ,   0.        ,   0.        ,   0.        ,   0.        ,   0.        ,   0.        ,   0.        ,   0.        ,   0.        ,   0.        ,   0.        ,   0.        ,   0.        ,   0.        , 902.46883808, 293.57737649, 652.66444756,  16.38041933, 722.89534567
lul_bin_edges:0.        ,0.00027817,0.00055635,0.00083452,0.0011127 ,0.00139087,0.00166905,0.00194722,0.0022254 ,0.00250357,0.00278175,0.00305992,0.0033381 ,0.00361627,0.00389445,0.00417262,0.0044508 ,0.00472897,0.00500715,0.00528532,0.0055635 ,0.00584167,0.00611985,0.00639802,0.0066762 ,0.00695437,0.00723255,0.00751072,0.0077889 ,0.00806707,0.00834525,0.00862342,0.0089016 ,0.00917977,0.00945795,0.00973612,0.0100143 ,0.01029247,0.01057065,0.01084882,0.011127  
ldl:744.48826128,  0.        ,  0.        ,  0.        ,  0.        ,  0.        ,  0.        ,  0.        ,  0.        ,  0.        ,  0.        ,  0.        ,  0.        ,  0.        ,  0.        ,  0.        ,  0.        ,  0.        ,  0.        ,  0.        ,  0.        ,  0.        ,  0.        ,  0.        ,  0.        ,  0.        ,  0.        ,  0.        ,  0.        ,  0.        ,  0.        ,  0.        ,  0.        ,  0.        ,  0.        ,996.49747781,324.1214064 ,718.79724515, 18.21378009,792.74279578
ldl_bin_edges:0.        ,0.00027817,0.00055635,0.00083452,0.0011127 ,0.00139087,0.00166905,0.00194722,0.0022254 ,0.00250357,0.00278175,0.00305992,0.0033381 ,0.00361627,0.00389445,0.00417262,0.0044508 ,0.00472897,0.00500715,0.00528532,0.0055635 ,0.00584167,0.00611985,0.00639802,0.0066762 ,0.00695437,0.00723255,0.00751072,0.0077889 ,0.00806707,0.00834525,0.00862342,0.0089016 ,0.00917977,0.00945795,0.00973612,0.0100143 ,0.01029247,0.01057065,0.01084882,0.011127  
ilul:3.73275916e+00,1.86299743e-03,1.95052079e-03,1.80048073e-03,1.68795069e-03,1.55041396e-03,1.17531381e-03,1.21282383e-03,8.37723675e-04,5.25140214e-04,5.00133537e-04,1.75046738e-04,1.62543400e-04,1.87550076e-04,1.75046738e-04,1.75046738e-04,2.00053415e-04,1.87550076e-04,1.75046738e-04,2.00053415e-04,1.87550076e-04,1.75046738e-04,1.75046738e-04,1.50040061e-04,1.50040061e-04,1.75046738e-04,1.75046738e-04,1.50040061e-04,1.87550076e-04,2.00053415e-04,1.75046738e-04,1.62543400e-04,1.62543400e-04,1.75046738e-04,2.00053415e-04,1.62543400e-04,1.75046738e-04,2.12556753e-04,2.00053415e-04,1.87550076e-04
ilul_bin_edges: 0.       , 0.2665928, 0.5331856, 0.7997784, 1.0663712, 1.332964 , 1.5995568, 1.8661496, 2.1327424, 2.3993352, 2.665928 , 2.9325208, 3.1991136, 3.4657064, 3.7322992, 3.998892 , 4.2654848, 4.5320776, 4.7986704, 5.0652632, 5.331856 , 5.5984488, 5.8650416, 6.1316344, 6.3982272, 6.66482  , 6.9314128, 7.1980056, 7.4645984, 7.7311912, 7.997784 , 8.2643768, 8.5309696, 8.7975624, 9.0641552, 9.330748 , 9.5973408, 9.8639336,10.1305264,10.3971192,10.663712 
ildl:6.62541864e+01,4.41753476e-04,2.20876738e-04,4.41753476e-04,4.41753476e-04,4.41753476e-04,4.41753476e-04,2.20876738e-04,2.20876738e-04,4.41753476e-04,4.41753476e-04,2.20876738e-04,4.41753476e-04,2.20876738e-04,4.41753476e-04,4.41753476e-04,0.00000000e+00,2.20876738e-04,2.20876738e-04,2.20876738e-04,0.00000000e+00,2.20876738e-04,2.20876738e-04,2.20876738e-04,0.00000000e+00,2.20876738e-04,2.20876738e-04,2.20876738e-04,0.00000000e+00,2.20876738e-04,2.20876738e-04,2.20876738e-04,0.00000000e+00,2.20876738e-04,2.20876738e-04,0.00000000e+00,2.20876738e-04,2.20876738e-04,2.20876738e-04,2.20876738e-04
ildl_bin_edges:0.        ,0.01509122,0.03018245,0.04527367,0.06036489,0.07545611,0.09054734,0.10563856,0.12072978,0.135821  ,0.15091223,0.16600345,0.18109467,0.19618589,0.21127712,0.22636834,0.24145956,0.25655078,0.27164201,0.28673323,0.30182445,0.31691567,0.3320069 ,0.34709812,0.36218934,0.37728056,0.39237179,0.40746301,0.42255423,0.43764545,0.45273668,0.4678279 ,0.48291912,0.49801034,0.51310157,0.52819279,0.54328401,0.55837523,0.57346646,0.58855768,0.6036489 
eul: 0., 0., 0., 0., 0., 0., 0., 0., 0., 0., 0., 0., 0., 0., 0., 0., 0., 0., 0., 0.,40., 0., 0., 0., 0., 0., 0., 0., 0., 0., 0., 0., 0., 0., 0., 0., 0., 0., 0., 0.
eul_bin_edges:-0.5  ,-0.475,-0.45 ,-0.425,-0.4  ,-0.375,-0.35 ,-0.325,-0.3  ,-0.275,-0.25 ,-0.225,-0.2  ,-0.175,-0.15 ,-0.125,-0.1  ,-0.075,-0.05 ,-0.025, 0.   , 0.025, 0.05 , 0.075, 0.1  , 0.125, 0.15 , 0.175, 0.2  , 0.225, 0.25 , 0.275, 0.3  , 0.325, 0.35 , 0.375, 0.4  , 0.425, 0.45 , 0.475, 0.5  
edl: 0., 0., 0., 0., 0., 0., 0., 0., 0., 0., 0., 0., 0., 0., 0., 0., 0., 0., 0., 0.,40., 0., 0., 0., 0., 0., 0., 0., 0., 0., 0., 0., 0., 0., 0., 0., 0., 0., 0., 0.
edl_bin_edges:-0.5  ,-0.475,-0.45 ,-0.425,-0.4  ,-0.375,-0.35 ,-0.325,-0.3  ,-0.275,-0.25 ,-0.225,-0.2  ,-0.175,-0.15 ,-0.125,-0.1  ,-0.075,-0.05 ,-0.025, 0.   , 0.025, 0.05 , 0.075, 0.1  , 0.125, 0.15 , 0.175, 0.2  , 0.225, 0.25 , 0.275, 0.3  , 0.325, 0.35 , 0.375, 0.4  , 0.425, 0.45 , 0.475, 0.5  
gul:1.53137825e-03,0.00000000e+00,0.00000000e+00,0.00000000e+00,0.00000000e+00,0.00000000e+00,0.00000000e+00,0.00000000e+00,0.00000000e+00,0.00000000e+00,0.00000000e+00,7.14643185e-03,4.59413476e-02,7.89170260e-01,4.61863682e+00,9.42451014e+01,1.96016417e+00,3.97137427e-01,2.65438897e-02,1.02091884e-03,1.02091884e-03,0.00000000e+00,1.53137825e-03,2.04183767e-03,9.69872894e-03,1.32719449e-02,5.41086983e-02,3.40476432e-01,5.84986493e-01,1.72433191e+00,4.31123815e+01,4.01016919e+00,5.78350521e-01,4.01731562e-01,1.75087580e-01,2.34811332e-02,1.07196478e-02,2.55229709e-03,5.10459418e-04,5.10459418e-04
gul_bin_edges:0.     ,0.00653,0.01306,0.01959,0.02612,0.03265,0.03918,0.04571,0.05224,0.05877,0.0653 ,0.07183,0.07836,0.08489,0.09142,0.09795,0.10448,0.11101,0.11754,0.12407,0.1306 ,0.13713,0.14366,0.15019,0.15672,0.16325,0.16978,0.17631,0.18284,0.18937,0.1959 ,0.20243,0.20896,0.21549,0.22202,0.22855,0.23508,0.24161,0.24814,0.25467,0.2612 
gdl:1.53137825e-03,0.00000000e+00,0.00000000e+00,0.00000000e+00,0.00000000e+00,0.00000000e+00,0.00000000e+00,0.00000000e+00,0.00000000e+00,0.00000000e+00,0.00000000e+00,7.14643185e-03,4.59413476e-02,7.89170260e-01,4.61863682e+00,9.42451014e+01,1.96016417e+00,3.97137427e-01,2.65438897e-02,1.02091884e-03,1.02091884e-03,0.00000000e+00,1.53137825e-03,2.04183767e-03,9.69872894e-03,1.32719449e-02,5.41086983e-02,3.40476432e-01,5.84986493e-01,1.72433191e+00,4.31123815e+01,4.01016919e+00,5.78350521e-01,4.01731562e-01,1.75087580e-01,2.34811332e-02,1.07196478e-02,2.55229709e-03,5.10459418e-04,5.10459418e-04
gdl_bin_edges:0.     ,0.00653,0.01306,0.01959,0.02612,0.03265,0.03918,0.04571,0.05224,0.05877,0.0653 ,0.07183,0.07836,0.08489,0.09142,0.09795,0.10448,0.11101,0.11754,0.12407,0.1306 ,0.13713,0.14366,0.15019,0.15672,0.16325,0.16978,0.17631,0.18284,0.18937,0.1959 ,0.20243,0.20896,0.21549,0.22202,0.22855,0.23508,0.24161,0.24814,0.25467,0.2612 
ri: 0., 0., 0., 0., 0., 0., 0., 0., 0., 0., 0., 0., 0., 0., 0., 0., 0., 0., 0., 0.,40., 0., 0., 0., 0., 0., 0., 0., 0., 0., 0., 0., 0., 0., 0., 0., 0., 0., 0., 0.
ri_bin_edges:0.5  ,0.525,0.55 ,0.575,0.6  ,0.625,0.65 ,0.675,0.7  ,0.725,0.75 ,0.775,0.8  ,0.825,0.85 ,0.875,0.9  ,0.925,0.95 ,0.975,1.   ,1.025,1.05 ,1.075,1.1  ,1.125,1.15 ,1.175,1.2  ,1.225,1.25 ,1.275,1.3  ,1.325,1.35 ,1.375,1.4  ,1.425,1.45 ,1.475,1.5  
