period:1.0
ue_log_freq:1000
mac_log_freq:1000
mimo_layers:1
frequency:28000000000.0
bandwidth:300000000.0
ue_speed:0.27778
max_distance:10.0
shannon_cfg_bandwidth_mhz:300.0
shannon_cfg_mimo_layers:1
shannon_cfg_bw_efficiency:0.67
shannon_cfg_sinr_offset_db:0.0
shannon_cfg_ul_divisor:2.0
shannon_cfg_sinr_sample_rate:1000
n_ue:30
sinr_period:16.304296531427745
sinr_rate:61.33352629304954
ul_fairness:0.9999915630868008
dl_fairness:0.9999936472480133
ul_agg_throughput:178.82421947401494
dl_agg_throughput:334.99321959709306
ul_ave_throughput:5.960807315800498
dl_ave_throughput:11.166440653236435
ul_se:0.5960807315800498
dl_se:1.1166440653236436
ul_ase:0.0018973838982559632
dl_ase:0.0035543884534097424
ul_gr:14.51426552995833, 14.514218832319555, 14.51938430959337, 14.531213180707889, 14.560751233296614, 14.565992145217681, 14.560672206523302, 14.54600555582164, 14.547000574740167, 14.55412016859045, 14.500536424158243, 14.542320034484408, 14.537589204463815, 14.532452464198478, 14.524567747497484, 14.55280545045261, 14.571268978399349, 14.592088941041236, 14.573607452464197, 14.529880501939749, 14.590048613439341, 14.521115714354135, 14.59153216150199, 14.523824177403132, 14.556871737152164, 14.508981512524548, 14.499498299727, 14.521342018295893, 14.563021456966327, 14.496700033526512
dl_gr:26.98578954930792, 26.963116049619234, 27.045045260788353, 27.03831720867857, 27.02343143828727, 27.026125532832026, 27.000502897648357, 27.058325350830973, 27.002909622108337, 27.045803199386942, 27.006419129268643, 27.039323003975287, 27.02088102878491, 26.94412447914172, 27.121722783658218, 27.039804348867282, 26.983400785478235, 27.022813592605008, 26.88211360697351, 26.992664878586144, 27.051643996359974, 27.047685473442215, 27.107932611715118, 27.006185641074765, 27.04515302457014, 27.0791956032377, 27.00730997653144, 27.06034412567652, 27.02213108865367, 26.922898606255085
ul_tr:14.2499914399636, 14.249989974376167, 14.26024438550697, 14.270507040567079, 14.301284013841661, 14.301284013841657, 14.301284746635375, 14.280766214857033, 14.280765482063316, 14.291026671535993, 14.239728784903491, 14.280766031658604, 14.270505758178075, 14.27050685736865, 14.260247683078692, 14.291026305139132, 14.311543371330043, 14.332062819100532, 14.311542821734758, 14.270507773360794, 14.326284848412282, 14.26006457972125, 14.327732212989128, 14.260249331864552, 14.29102520594856, 14.249988691987165, 14.239731899276785, 14.260247683078692, 14.301286212222807, 14.229469610613537
dl_tr:26.71351584367067, 26.694297003687915, 26.77116946405479, 26.771168497533406, 26.75195110733272, 26.751952073854106, 26.73273275061066, 26.790388787298237, 26.73273323387135, 26.771170913836865, 26.732733717132042, 26.771168980794098, 26.751952557114798, 26.67507913022654, 26.848043857464432, 26.771170913836865, 26.715953703003017, 26.74994969962642, 26.608281162411984, 26.72359033047559, 26.777099111786953, 26.77710104482973, 26.834755148474535, 26.732734200392738, 26.771170430576174, 26.80960666075961, 26.732733233871354, 26.790387820776854, 26.75195207385411, 26.655858840461704
ul_er:344.69426696680875, 344.6943136644475, 344.6891481871737, 344.6773193160592, 344.64778126347045, 344.6504466210067, 344.6478602902438, 344.66252694094544, 344.66153192202694, 344.6544123281766, 344.70799607260886, 344.66621246228266, 344.67094329230326, 344.6760800325686, 344.6839647492696, 344.6557270463145, 344.6372635183677, 344.6164435557258, 344.63492504430286, 344.6786519948273, 344.61848388332777, 344.687416782413, 344.61700033526506, 344.68470831936395, 344.65166075961497, 344.6995509842426, 344.7090341970401, 344.68719047847117, 344.64551103980074, 344.7197387326979
dl_er:332.2227429474592, 332.2454164471478, 332.1634872359787, 332.1702152880885, 332.1851010584798, 332.182406963935, 332.2080295991187, 332.1502071459361, 332.20562287465873, 332.16272929738017, 332.20211336749844, 332.16920949279177, 332.18765146798216, 332.2644080176253, 332.0868097131089, 332.1687281478998, 332.2330379807462, 332.18571890416206, 332.3264188897936, 332.21586761818094, 332.1568885004071, 332.16084702332483, 332.10059988505196, 332.2102531251497, 332.16337947219694, 332.1293368935294, 332.20122252023566, 332.1481883710906, 332.1864014081134, 332.285633890512
ul_er_ratio:0.9603002663889533, 0.9603002754747301, 0.9602722704632534, 0.9602435061791157, 0.9601579015039559, 0.9601581973471804, 0.9601579083154913, 0.9602144224807724, 0.9602143141520424, 0.9601860753228643, 0.9603292407256346, 0.9602148314729451, 0.9602428033989158, 0.9602433694076484, 0.9602716879415728, 0.9601862221298699, 0.960129291150624, 0.960072092334786, 0.9601290328699489, 0.9602436518236265, 0.960087773673283, 0.9602725598585978, 0.9600837373729589, 0.960271765829566, 0.9601857740393694, 0.9603008581517042, 0.9603293471262252, 0.9602720449653671, 0.9601576436349101, 0.9603579858100593
dl_er_ratio:0.9255758781973162, 0.9256301378661901, 0.9254149217292557, 0.9254163222552168, 0.9254689619087456, 0.9254684000005761, 0.9255232741591941, 0.9253626112765426, 0.9255227735377818, 0.9254147604946672, 0.9255220440860987, 0.9254161120165973, 0.9254694877435583, 0.9256836316834689, 0.9252007889721816, 0.9254160070144994, 0.9255717265629178, 0.925474250570638, 0.9258687411427708, 0.9255484741543846, 0.9253982625331152, 0.9253990802896512, 0.9252379160421017, 0.9255237317781959, 0.9254148968444865, 0.9253087268957634, 0.9255218604834785, 0.9253621939859251, 0.9254692294252191, 0.925737594063999
ul_er_perc:96.03002663889532, 96.03002754747301, 96.02722704632534, 96.02435061791157, 96.01579015039559, 96.01581973471805, 96.01579083154913, 96.02144224807724, 96.02143141520423, 96.01860753228642, 96.03292407256346, 96.0214831472945, 96.02428033989158, 96.02433694076484, 96.02716879415728, 96.018622212987, 96.01292911506239, 96.00720923347859, 96.01290328699488, 96.02436518236264, 96.0087773673283, 96.02725598585978, 96.0083737372959, 96.0271765829566, 96.01857740393694, 96.03008581517042, 96.03293471262252, 96.02720449653671, 96.015764363491, 96.03579858100592
dl_er_perc:92.55758781973162, 92.56301378661901, 92.54149217292557, 92.54163222552168, 92.54689619087456, 92.5468400000576, 92.55232741591941, 92.53626112765426, 92.55227735377818, 92.54147604946672, 92.55220440860987, 92.54161120165973, 92.54694877435583, 92.56836316834689, 92.52007889721816, 92.54160070144994, 92.55717265629177, 92.5474250570638, 92.58687411427708, 92.55484741543846, 92.53982625331152, 92.53990802896513, 92.52379160421017, 92.55237317781959, 92.54148968444865, 92.53087268957634, 92.55218604834785, 92.53621939859251, 92.54692294252192, 92.5737594063999
ul_l:0.0001560185384573016, 0.00015441566547008955, 0.00015122634179797883, 0.00015280955915752668, 0.00015407648096412666, 0.00015386401402844966, 0.00015349881432300398, 0.00015462766570716987, 0.00015358747427079842, 0.00015442434721251016, 0.00015116712474974855, 0.00015293678173523636, 0.00015273086924182192, 0.00015210662545859477, 0.00015382113336845634, 0.00015399624073470953, 0.00015411915159250922, 0.00015455974104123762, 0.0001537480532496767, 0.0001543083922122707, 0.0001554933706092246, 0.000155473714495426, 0.00015493476030221752, 0.00015572738025288567, 0.00015276647257292018, 0.0001531035376885866, 0.0001540849106590354, 0.00015256390532353083, 0.00015429272761626514, 0.00015241235298385936
dl_l:0.0001546060366947651, 0.0001557677615331194, 0.0001547419708271469, 0.0001544519937042004, 0.00015540764419512428, 0.00015541224602950334, 0.00015556282016859044, 0.0001561409896427032, 0.00015680825006705304, 0.00015705687541548924, 0.00015626227297284352, 0.00015643044458067915, 0.00015618891716317833, 0.0001566936715551511, 0.0001559956325063461, 0.0001569791358230758, 0.00015568590101537431, 0.00015679490118779635, 0.0001552639073638584, 0.0001569272192969012, 0.00015795205417883996, 0.0001579732180276833, 0.00015693489589300256, 0.00015625082982183056, 0.0001567162167273337, 0.00015699362466593225, 0.00015535363923320082, 0.00015472835507447674, 0.00015530952954882895, 0.00015454509601752959
ul_il:0.059463543494420235, 0.05913243103343073, 0.05795331010113032, 0.05890620833057139, 0.05887156205871929, 0.05896675727992241, 0.05906158255656401, 0.05894039759032999, 0.0587646154149145, 0.05924396441774032, 0.058613550456559235, 0.05889839917644523, 0.058657174799870676, 0.05884946558235547, 0.058847440589204464, 0.059221083895900195, 0.058914180251065665, 0.05929287864818718, 0.0588862014312946, 0.059031148897600465, 0.05911571953372527, 0.05881900294007137, 0.05880844210102257, 0.05920892502624647, 0.05900477798242252, 0.05883808363674026, 0.05940696813674027, 0.058856810659274866, 0.0594818910462666, 0.05859223982745821
dl_il:0.03255820231974711, 0.03261479669589061, 0.032561576521624606, 0.03256786548297333, 0.03257640721734757, 0.032620903736146366, 0.03255630450055079, 0.032671188782867955, 0.03253050919957852, 0.03259839177173236, 0.0325751270610422, 0.03254376749237272, 0.03265173615666459, 0.03258018487971167, 0.03268958964708559, 0.032635786016571675, 0.032431962338232194, 0.032555676235499785, 0.03247575486913406, 0.032547402734410175, 0.03254184585769194, 0.03264707951895445, 0.03262044549608458, 0.03262035243330619, 0.032640956800325686, 0.032666479560467455, 0.03256358897849514, 0.032565160046506066, 0.03256003842042244, 0.032418943591048424
sinr_ul:0.00567772,0.01745716,0.02013503,0.02980239,0.05094311,0.05567476,0.06573962,0.0824826 ,0.08229179,0.09309072,0.09569439,0.10627601,0.09174582,0.08205461,0.07771914,0.06939536,0.05004739,0.04258885,0.03259686,0.01784142,0.01667407,0.01698678,0.01716831,0.01759364,0.0181051 ,0.01857945,0.01929231,0.0200171 ,0.02113542,0.02180323,0.02363839,0.02843496,0.03592001,0.03635859,0.03743451,0.04068744,0.03987255,0.02494353,0.024656  ,0.01135146
sinr_ul_bin_edges:50.214783  ,50.81722617,51.41966935,52.02211252,52.6245557 ,53.22699887,53.82944205,54.43188522,55.0343284 ,55.63677157,56.23921475,56.84165792,57.4441011 ,58.04654428,58.64898745,59.25143062,59.8538738 ,60.45631698,61.05876015,61.66120333,62.2636465 ,62.86608967,63.46853285,64.07097602,64.6734192 ,65.27586238,65.87830555,66.48074872,67.0831919 ,67.68563507,68.28807825,68.89052143,69.4929646 ,70.09540777,70.69785095,71.30029412,71.9027373 ,72.50518048,73.10762365,73.71006682,74.31251   
sinr_dl:0.00590644,0.01750564,0.01998767,0.02999943,0.05058306,0.05578471,0.06492311,0.08294772,0.08234779,0.09253209,0.09618347,0.10635715,0.09156317,0.08162707,0.07769165,0.0697425 ,0.05099054,0.04259675,0.03376761,0.01776313,0.01669467,0.01695614,0.01713002,0.0175521 ,0.01813345,0.01853296,0.01925766,0.01998104,0.02112649,0.02170652,0.02346783,0.02805362,0.03499403,0.03738448,0.03720397,0.04009348,0.04136104,0.02405051,0.02524773,0.01302205
sinr_dl_bin_edges:35.493988  ,36.09540115,36.6968143 ,37.29822745,37.8996406 ,38.50105375,39.1024669 ,39.70388005,40.3052932 ,40.90670635,41.5081195 ,42.10953265,42.7109458 ,43.31235895,43.9137721 ,44.51518525,45.1165984 ,45.71801155,46.3194247 ,46.92083785,47.522251  ,48.12366415,48.7250773 ,49.32649045,49.9279036 ,50.52931675,51.1307299 ,51.73214305,52.3335562 ,52.93496935,53.5363825 ,54.13779565,54.7392088 ,55.34062195,55.9420351 ,56.54344825,57.1448614 ,57.74627455,58.3476877 ,58.94910085,59.550514  
rsrp_ul:0.00592862,0.01751106,0.01997225,0.03002939,0.0505499 ,0.05578556,0.06483248,0.08295286,0.08234354,0.09251352,0.09620264,0.10639519,0.09163471,0.0815935 ,0.07773313,0.06971901,0.05104638,0.04259551,0.03385259,0.01776461,0.01670261,0.01695218,0.0171221 ,0.01755221,0.01811906,0.01852925,0.01924743,0.01997092,0.02111921,0.02169534,0.02346888,0.02801557,0.03494247,0.03745012,0.03714878,0.04004671,0.04151227,0.02400652,0.02532738,0.01312765
rsrp_ul_bin_edges:-105.61856   ,-105.01724185,-104.4159237 ,-103.81460555,-103.2132874 ,-102.61196925,-102.0106511 ,-101.40933295,-100.8080148 ,-100.20669665, -99.6053785 , -99.00406035, -98.4027422 , -97.80142405, -97.2001059 , -96.59878775, -95.9974696 , -95.39615145, -94.7948333 , -94.19351515, -93.592197  , -92.99087885, -92.3895607 , -91.78824255, -91.1869244 , -90.58560625, -89.9842881 , -89.38296995, -88.7816518 , -88.18033365, -87.5790155 , -86.97769735, -86.3763792 , -85.77506105, -85.1737429 , -84.57242475, -83.9711066 , -83.36978845, -82.7684703 , -82.16715215, -81.565834  
rsrp_dl:0.00592862,0.01751105,0.01997224,0.03002805,0.0505512 ,0.05578554,0.06483112,0.0829515 ,0.08234616,0.09251215,0.09620393,0.10639648,0.09163335,0.08159214,0.07773442,0.069715  ,0.05105034,0.0425955 ,0.03385258,0.01776461,0.01670261,0.01695218,0.01712077,0.01755353,0.01811905,0.01852792,0.01924742,0.01997224,0.0211192 ,0.02169533,0.02346887,0.02801423,0.03494379,0.03744878,0.03715009,0.0400467 ,0.04151226,0.02400651,0.02532737,0.01312765
rsrp_dl_bin_edges:-115.61857  ,-115.0172516,-114.4159332,-113.8146148,-113.2132964,-112.611978 ,-112.0106596,-111.4093412,-110.8080228,-110.2067044,-109.605386 ,-109.0040676,-108.4027492,-107.8014308,-107.2001124,-106.598794 ,-105.9974756,-105.3961572,-104.7948388,-104.1935204,-103.592202 ,-102.9908836,-102.3895652,-101.7882468,-101.1869284,-100.58561  , -99.9842916, -99.3829732, -98.7816548, -98.1803364, -97.579018 , -96.9776996, -96.3763812, -95.7750628, -95.1737444, -94.572426 , -93.9711076, -93.3697892, -92.7684708, -92.1671524, -91.565834 
cqi_ul: 0., 0., 0., 0., 0., 0., 0., 0., 0., 0., 0., 0., 0., 0., 0., 0., 0., 0., 0., 0.,40., 0., 0., 0., 0., 0., 0., 0., 0., 0., 0., 0., 0., 0., 0., 0., 0., 0., 0., 0.
cqi_ul_bin_edges:14.5  ,14.525,14.55 ,14.575,14.6  ,14.625,14.65 ,14.675,14.7  ,14.725,14.75 ,14.775,14.8  ,14.825,14.85 ,14.875,14.9  ,14.925,14.95 ,14.975,15.   ,15.025,15.05 ,15.075,15.1  ,15.125,15.15 ,15.175,15.2  ,15.225,15.25 ,15.275,15.3  ,15.325,15.35 ,15.375,15.4  ,15.425,15.45 ,15.475,15.5  
cqi_dl: 0., 0., 0., 0., 0., 0., 0., 0., 0., 0., 0., 0., 0., 0., 0., 0., 0., 0., 0., 0.,40., 0., 0., 0., 0., 0., 0., 0., 0., 0., 0., 0., 0., 0., 0., 0., 0., 0., 0., 0.
cqi_dl_bin_edges:14.5  ,14.525,14.55 ,14.575,14.6  ,14.625,14.65 ,14.675,14.7  ,14.725,14.75 ,14.775,14.8  ,14.825,14.85 ,14.875,14.9  ,14.925,14.95 ,14.975,15.   ,15.025,15.05 ,15.075,15.1  ,15.125,15.15 ,15.175,15.2  ,15.225,15.25 ,15.275,15.3  ,15.325,15.35 ,15.375,15.4  ,15.425,15.45 ,15.475,15.5  
mcs_ul: 0., 0., 0., 0., 0., 0., 0., 0., 0., 0., 0., 0., 0., 0., 0., 0., 0., 0., 0., 0.,40., 0., 0., 0., 0., 0., 0., 0., 0., 0., 0., 0., 0., 0., 0., 0., 0., 0., 0., 0.
mcs_ul_bin_edges:27.5  ,27.525,27.55 ,27.575,27.6  ,27.625,27.65 ,27.675,27.7  ,27.725,27.75 ,27.775,27.8  ,27.825,27.85 ,27.875,27.9  ,27.925,27.95 ,27.975,28.   ,28.025,28.05 ,28.075,28.1  ,28.125,28.15 ,28.175,28.2  ,28.225,28.25 ,28.275,28.3  ,28.325,28.35 ,28.375,28.4  ,28.425,28.45 ,28.475,28.5  
mcs_dl: 0., 0., 0., 0., 0., 0., 0., 0., 0., 0., 0., 0., 0., 0., 0., 0., 0., 0., 0., 0.,40., 0., 0., 0., 0., 0., 0., 0., 0., 0., 0., 0., 0., 0., 0., 0., 0., 0., 0., 0.
mcs_dl_bin_edges:27.5  ,27.525,27.55 ,27.575,27.6  ,27.625,27.65 ,27.675,27.7  ,27.725,27.75 ,27.775,27.8  ,27.825,27.85 ,27.875,27.9  ,27.925,27.95 ,27.975,28.   ,28.025,28.05 ,28.075,28.1  ,28.125,28.15 ,28.175,28.2  ,28.225,28.25 ,28.275,28.3  ,28.325,28.35 ,28.375,28.4  ,28.425,28.45 ,28.475,28.5  
eff_ul: 0., 0., 0., 0., 0., 0., 0., 0., 0., 0., 0., 0., 0., 0., 0., 0., 0., 0., 0., 0.,40., 0., 0., 0., 0., 0., 0., 0., 0., 0., 0., 0., 0., 0., 0., 0., 0., 0., 0., 0.
eff_ul_bin_edges:5.054651,5.079651,5.104651,5.129651,5.154651,5.179651,5.204651,5.229651,5.254651,5.279651,5.304651,5.329651,5.354651,5.379651,5.404651,5.429651,5.454651,5.479651,5.504651,5.529651,5.554651,5.579651,5.604651,5.629651,5.654651,5.679651,5.704651,5.729651,5.754651,5.779651,5.804651,5.829651,5.854651,5.879651,5.904651,5.929651,5.954651,5.979651,6.004651,6.029651,6.054651
eff_dl: 0., 0., 0., 0., 0., 0., 0., 0., 0., 0., 0., 0., 0., 0., 0., 0., 0., 0., 0., 0.,40., 0., 0., 0., 0., 0., 0., 0., 0., 0., 0., 0., 0., 0., 0., 0., 0., 0., 0., 0.
eff_dl_bin_edges:5.054651,5.079651,5.104651,5.129651,5.154651,5.179651,5.204651,5.229651,5.254651,5.279651,5.304651,5.329651,5.354651,5.379651,5.404651,5.429651,5.454651,5.479651,5.504651,5.529651,5.554651,5.579651,5.604651,5.629651,5.654651,5.679651,5.704651,5.729651,5.754651,5.779651,5.804651,5.829651,5.854651,5.879651,5.904651,5.929651,5.954651,5.979651,6.004651,6.029651,6.054651
rul:4.51557884e-02,0.00000000e+00,0.00000000e+00,0.00000000e+00,0.00000000e+00,0.00000000e+00,0.00000000e+00,0.00000000e+00,7.45333817e-08,0.00000000e+00,0.00000000e+00,7.45333817e-08,0.00000000e+00,0.00000000e+00,0.00000000e+00,0.00000000e+00,0.00000000e+00,0.00000000e+00,0.00000000e+00,0.00000000e+00,1.50307744e-03,0.00000000e+00,0.00000000e+00,0.00000000e+00,0.00000000e+00,0.00000000e+00,0.00000000e+00,0.00000000e+00,0.00000000e+00,0.00000000e+00,0.00000000e+00,0.00000000e+00,0.00000000e+00,0.00000000e+00,0.00000000e+00,0.00000000e+00,0.00000000e+00,0.00000000e+00,0.00000000e+00,2.64593505e-05
rul_bin_edges:  0.        , 21.41993875, 42.8398775 , 64.25981625, 85.679755  ,107.09969375,128.5196325 ,149.93957125,171.35951   ,192.77944875,214.1993875 ,235.61932625,257.039265  ,278.45920375,299.8791425 ,321.29908125,342.71902   ,364.13895875,385.5588975 ,406.97883625,428.398775  ,449.81871375,471.2386525 ,492.65859125,514.07853   ,535.49846875,556.9184075 ,578.33834625,599.758285  ,621.17822375,642.5981625 ,664.01810125,685.43804   ,706.85797875,728.2779175 ,749.69785625,771.117795  ,792.53773375,813.9576725 ,835.37761125,856.79755   
rdl:2.40922332e-02,1.98938377e-08,1.98938377e-08,0.00000000e+00,0.00000000e+00,0.00000000e+00,5.96815132e-08,0.00000000e+00,0.00000000e+00,1.98938377e-08,1.98938377e-08,0.00000000e+00,0.00000000e+00,0.00000000e+00,0.00000000e+00,0.00000000e+00,0.00000000e+00,1.98938377e-08,0.00000000e+00,0.00000000e+00,8.28220252e-04,0.00000000e+00,0.00000000e+00,0.00000000e+00,0.00000000e+00,0.00000000e+00,0.00000000e+00,0.00000000e+00,0.00000000e+00,0.00000000e+00,0.00000000e+00,0.00000000e+00,0.00000000e+00,0.00000000e+00,0.00000000e+00,0.00000000e+00,0.00000000e+00,0.00000000e+00,0.00000000e+00,1.19363026e-06
rdl_bin_edges:   0.       ,  40.1255025,  80.251005 , 120.3765075, 160.50201  , 200.6275125, 240.753015 , 280.8785175, 321.00402  , 361.1295225, 401.255025 , 441.3805275, 481.50603  , 521.6315325, 561.757035 , 601.8825375, 642.00804  , 682.1335425, 722.259045 , 762.3845475, 802.51005  , 842.6355525, 882.761055 , 922.8865575, 963.01206  ,1003.1375625,1043.263065 ,1083.3885675,1123.51407  ,1163.6395725,1203.765075 ,1243.8905775,1284.01608  ,1324.1415825,1364.267085 ,1404.3925875,1444.51809  ,1484.6435925,1524.769095 ,1564.8945975,1605.0201   
lul:3.75532188e+03,0.00000000e+00,0.00000000e+00,0.00000000e+00,0.00000000e+00,0.00000000e+00,0.00000000e+00,0.00000000e+00,0.00000000e+00,0.00000000e+00,0.00000000e+00,1.41635059e+00,9.97953810e-01,2.75831954e-01,1.73557184e-01,3.95772365e+00,2.75150122e+01,3.05212705e+01,2.06068164e+01,1.93640230e+01,1.14981635e+01,7.00117284e+00,3.36576968e+00,3.59511310e-01,7.74808858e-02,2.78931189e-02,1.54961772e-02,9.29770630e-03,3.09923543e-03,3.09923543e-03,1.23969417e-02,3.09923543e-03,0.00000000e+00,3.09923543e-03,0.00000000e+00,0.00000000e+00,3.09923543e-03,0.00000000e+00,0.00000000e+00,3.09923543e-03
lul_bin_edges:0.        ,0.00025756,0.00051513,0.00077269,0.00103025,0.00128782,0.00154538,0.00180295,0.00206051,0.00231807,0.00257564,0.0028332 ,0.00309076,0.00334833,0.00360589,0.00386345,0.00412102,0.00437858,0.00463614,0.00489371,0.00515127,0.00540884,0.0056664 ,0.00592396,0.00618153,0.00643909,0.00669665,0.00695422,0.00721178,0.00746934,0.00772691,0.00798447,0.00824204,0.0084996 ,0.00875716,0.00901473,0.00927229,0.00952985,0.00978742,0.01004498,0.01030254
ldl:3.75329498e+03,0.00000000e+00,0.00000000e+00,0.00000000e+00,0.00000000e+00,0.00000000e+00,0.00000000e+00,0.00000000e+00,0.00000000e+00,0.00000000e+00,0.00000000e+00,2.55996847e+00,1.67668637e+00,3.84305194e-01,2.04549539e-01,3.83685347e+00,2.65914400e+01,2.98115456e+01,2.04828470e+01,1.93826184e+01,1.20994151e+01,7.44126428e+00,3.77796799e+00,7.22121856e-01,1.30167888e-01,5.26870024e-02,3.09923543e-02,1.54961772e-02,3.09923543e-03,9.29770630e-03,6.19847087e-03,6.19847087e-03,0.00000000e+00,3.09923543e-03,3.09923543e-03,0.00000000e+00,6.19847087e-03,0.00000000e+00,0.00000000e+00,3.09923543e-03
ldl_bin_edges:0.        ,0.00025756,0.00051513,0.00077269,0.00103025,0.00128782,0.00154538,0.00180295,0.00206051,0.00231807,0.00257564,0.0028332 ,0.00309076,0.00334833,0.00360589,0.00386345,0.00412102,0.00437858,0.00463614,0.00489371,0.00515127,0.00540884,0.0056664 ,0.00592396,0.00618153,0.00643909,0.00669665,0.00695422,0.00721178,0.00746934,0.00772691,0.00798447,0.00824204,0.0084996 ,0.00875716,0.00901473,0.00927229,0.00952985,0.00978742,0.01004498,0.01030254
ilul:1.99852945e+01,3.95839853e-04,4.12333180e-04,3.95839853e-04,4.12333180e-04,3.79346526e-04,3.79346526e-04,4.12333180e-04,3.62853199e-04,3.62853199e-04,3.95839853e-04,3.62853199e-04,3.46359871e-04,3.29866544e-04,3.46359871e-04,3.62853199e-04,3.13373217e-04,3.46359871e-04,3.62853199e-04,3.46359871e-04,3.46359871e-04,3.46359871e-04,3.46359871e-04,3.29866544e-04,4.94799816e-04,5.93759780e-04,8.41159688e-04,1.30297285e-03,1.83075932e-03,2.78737230e-03,4.79955822e-03,7.99926370e-03,1.01928762e-02,1.45141279e-02,1.88023930e-02,2.83520295e-02,6.40600829e-02,1.60793447e-01,2.47037055e-01,1.03759522e-01
ilul_bin_edges:0.        ,0.04839838,0.09679675,0.14519513,0.1935935 ,0.24199187,0.29039025,0.33878863,0.387187  ,0.43558537,0.48398375,0.53238213,0.5807805 ,0.62917888,0.67757725,0.72597563,0.774374  ,0.82277238,0.87117075,0.91956912,0.9679675 ,1.01636587,1.06476425,1.11316262,1.161561  ,1.20995937,1.25835775,1.30675612,1.3551545 ,1.40355287,1.45195125,1.50034962,1.548748  ,1.59714638,1.64554475,1.69394313,1.7423415 ,1.79073988,1.83913825,1.88753663,1.935935  
ildl:3.50505360e+01,4.34130822e-04,4.63072877e-04,4.05188768e-04,4.34130822e-04,3.47304658e-04,4.63072877e-04,3.76246713e-04,4.63072877e-04,3.76246713e-04,4.34130822e-04,3.76246713e-04,6.36725206e-04,4.92014932e-04,7.23551371e-04,4.34130822e-04,4.63072877e-04,6.94609316e-04,6.94609316e-04,8.39319590e-04,9.55087809e-04,7.52493426e-04,1.38921863e-03,1.41816069e-03,1.67863918e-03,2.11277000e-03,2.98103165e-03,3.50198863e-03,4.10977179e-03,3.96506151e-03,3.70458302e-03,4.63072877e-03,1.07953865e-02,7.15158175e-02,2.63720004e-01,2.99434499e-01,2.45602277e-01,1.73825981e-01,8.72024112e-02,1.34869976e-02
ildl_bin_edges:0.        ,0.02758098,0.05516196,0.08274294,0.11032392,0.1379049 ,0.16548588,0.19306686,0.22064784,0.24822882,0.2758098 ,0.30339078,0.33097176,0.35855274,0.38613372,0.4137147 ,0.44129568,0.46887666,0.49645764,0.52403862,0.5516196 ,0.57920058,0.60678156,0.63436254,0.66194352,0.6895245 ,0.71710548,0.74468646,0.77226744,0.79984842,0.8274294 ,0.85501038,0.88259136,0.91017234,0.93775332,0.9653343 ,0.99291528,1.02049626,1.04807724,1.07565822,1.1032392 
eul:1.34508732e-03,0.00000000e+00,0.00000000e+00,0.00000000e+00,0.00000000e+00,0.00000000e+00,0.00000000e+00,0.00000000e+00,3.70866290e-06,8.80767985e-04,1.18298982e-02,7.62803572e-03,3.52044168e-03,3.84888192e-03,2.99962442e-03,6.51383239e-04,1.37562461e-04,5.09217828e-05,1.67284369e-05,6.10219711e-06,7.60144382e-06,7.62774639e-06,4.52404269e-06,3.05109856e-06,1.49924670e-06,0.00000000e+00,1.52554928e-06,0.00000000e+00,2.28832392e-06,0.00000000e+00,0.00000000e+00,0.00000000e+00,7.62774639e-07,7.62774639e-07,0.00000000e+00,0.00000000e+00,0.00000000e+00,0.00000000e+00,0.00000000e+00,1.49924670e-06
eul_bin_edges:   0.     ,  30.34875,  60.6975 ,  91.04625, 121.395  , 151.74375, 182.0925 , 212.44125, 242.79   , 273.13875, 303.4875 , 333.83625, 364.185  , 394.53375, 424.8825 , 455.23125, 485.58   , 515.92875, 546.2775 , 576.62625, 606.975  , 637.32375, 667.6725 , 698.02125, 728.37   , 758.71875, 789.0675 , 819.41625, 849.765  , 880.11375, 910.4625 , 940.81125, 971.16   ,1001.50875,1031.8575 ,1062.20625,1092.555  ,1122.90375,1153.2525 ,1183.60125,1213.95   
edl:2.49343139e-03,0.00000000e+00,0.00000000e+00,0.00000000e+00,0.00000000e+00,0.00000000e+00,0.00000000e+00,0.00000000e+00,3.65605775e-06,8.46022285e-04,1.13897772e-02,7.35091180e-03,3.39668807e-03,3.71205593e-03,2.89386177e-03,6.29446893e-04,1.33196234e-04,4.91332078e-05,1.61234777e-05,5.89177652e-06,7.28581293e-06,7.39102323e-06,4.39252982e-06,2.94588826e-06,1.47294413e-06,0.00000000e+00,1.44664156e-06,0.00000000e+00,2.20941620e-06,0.00000000e+00,0.00000000e+00,0.00000000e+00,7.36472065e-07,7.10169492e-07,0.00000000e+00,0.00000000e+00,0.00000000e+00,0.00000000e+00,0.00000000e+00,1.49924670e-06
edl_bin_edges:   0.     ,  30.34875,  60.6975 ,  91.04625, 121.395  , 151.74375, 182.0925 , 212.44125, 242.79   , 273.13875, 303.4875 , 333.83625, 364.185  , 394.53375, 424.8825 , 455.23125, 485.58   , 515.92875, 546.2775 , 576.62625, 606.975  , 637.32375, 667.6725 , 698.02125, 728.37   , 758.71875, 789.0675 , 819.41625, 849.765  , 880.11375, 910.4625 , 940.81125, 971.16   ,1001.50875,1031.8575 ,1062.20625,1092.555  ,1122.90375,1153.2525 ,1183.60125,1213.95   
gul:3.16067245e-02,0.00000000e+00,0.00000000e+00,0.00000000e+00,0.00000000e+00,7.89077213e-07,0.00000000e+00,7.89077213e-07,1.04947269e-05,4.87649718e-05,5.08954802e-04,3.17182737e-04,1.44032894e-04,1.56474011e-04,1.21175957e-04,2.56450094e-05,5.26051475e-06,1.94639046e-06,6.31261770e-07,2.10420590e-07,2.89328311e-07,2.63025738e-07,2.10420590e-07,1.05210295e-07,7.89077213e-08,0.00000000e+00,5.26051475e-08,0.00000000e+00,7.89077213e-08,0.00000000e+00,0.00000000e+00,0.00000000e+00,2.63025738e-08,2.63025738e-08,0.00000000e+00,0.00000000e+00,0.00000000e+00,0.00000000e+00,0.00000000e+00,7.89077213e-08
gul_bin_edges:   0.     ,  30.34875,  60.6975 ,  91.04625, 121.395  , 151.74375, 182.0925 , 212.44125, 242.79   , 273.13875, 303.4875 , 333.83625, 364.185  , 394.53375, 424.8825 , 455.23125, 485.58   , 515.92875, 546.2775 , 576.62625, 606.975  , 637.32375, 667.6725 , 698.02125, 728.37   , 758.71875, 789.0675 , 819.41625, 849.765  , 880.11375, 910.4625 , 940.81125, 971.16   ,1001.50875,1031.8575 ,1062.20625,1092.555  ,1122.90375,1153.2525 ,1183.60125,1213.95   
gdl:3.04583804e-02,0.00000000e+00,0.00000000e+00,0.00000000e+00,0.00000000e+00,7.89077213e-07,0.00000000e+00,7.89077213e-07,1.05473321e-05,8.35106717e-05,9.49075769e-04,5.94306654e-04,2.67786503e-04,2.93300000e-04,2.26938606e-04,4.75813559e-05,9.62674200e-06,3.73496547e-06,1.23622097e-06,4.20841180e-07,6.04959197e-07,4.99748901e-07,3.41933459e-07,2.10420590e-07,1.05210295e-07,0.00000000e+00,1.31512869e-07,0.00000000e+00,1.57815443e-07,0.00000000e+00,0.00000000e+00,0.00000000e+00,5.26051475e-08,7.89077213e-08,0.00000000e+00,0.00000000e+00,0.00000000e+00,0.00000000e+00,0.00000000e+00,7.89077213e-08
gdl_bin_edges:   0.     ,  30.34875,  60.6975 ,  91.04625, 121.395  , 151.74375, 182.0925 , 212.44125, 242.79   , 273.13875, 303.4875 , 333.83625, 364.185  , 394.53375, 424.8825 , 455.23125, 485.58   , 515.92875, 546.2775 , 576.62625, 606.975  , 637.32375, 667.6725 , 698.02125, 728.37   , 758.71875, 789.0675 , 819.41625, 849.765  , 880.11375, 910.4625 , 940.81125, 971.16   ,1001.50875,1031.8575 ,1062.20625,1092.555  ,1122.90375,1153.2525 ,1183.60125,1213.95   
ri: 0., 0., 0., 0., 0., 0., 0., 0., 0., 0., 0., 0., 0., 0., 0., 0., 0., 0., 0., 0.,40., 0., 0., 0., 0., 0., 0., 0., 0., 0., 0., 0., 0., 0., 0., 0., 0., 0., 0., 0.
ri_bin_edges:0.5  ,0.525,0.55 ,0.575,0.6  ,0.625,0.65 ,0.675,0.7  ,0.725,0.75 ,0.775,0.8  ,0.825,0.85 ,0.875,0.9  ,0.925,0.95 ,0.975,1.   ,1.025,1.05 ,1.075,1.1  ,1.125,1.15 ,1.175,1.2  ,1.225,1.25 ,1.275,1.3  ,1.325,1.35 ,1.375,1.4  ,1.425,1.45 ,1.475,1.5  
