period:1
ue_log_freq:1000
mac_log_freq:1000
mimo_layers:2
frequency:2412000000.0
bandwidth:50000000
ue_speed:5.555555555555555
max_distance:1000
shannon_cfg_bandwidth_mhz:50.0
shannon_cfg_mimo_layers:2
shannon_cfg_bw_efficiency:0.67
shannon_cfg_sinr_offset_db:0
shannon_cfg_ul_divisor:2
shannon_cfg_sinr_sample_rate:1000
n_ue:3
sinr_period:9.463597741343282
sinr_rate:105.66805852612856
ul_fairness:0.9999999152711723
dl_fairness:0.4152374572123666
ul_agg_throughput:0.7726212223253401
dl_agg_throughput:23.10550201626726
ul_ave_throughput:0.25754040744178003
dl_ave_throughput:7.70183400542242
ul_se:0.015452424446506803
dl_se:0.4621100403253452
ul_ase:4.9186594668312055e-09
dl_ase:1.4709419434034755e-07
ul_gr:0.12153342466575334, 0.12153342466575334, 0.12153342466575334
dl_gr:0.46849107508924914, 0.48285845141548583, 15.46890619093809
ul_tr:0.12153342549334506, 0.12153342636073639, 0.12153342645673543
dl_tr:0.4684911042960571, 0.48285848104058965, 15.46890701924481
ul_er:0.0, 0.0, 0.0
dl_er:31.359968400316, 31.345601023989765, 16.359553284467154
ul_er_ratio:0.0, 0.0, 0.0
dl_er_ratio:0.9852807483746372, 0.9848293480567516, 0.5139913501426657
ul_er_perc:0.0, 0.0, 0.0
dl_er_perc:98.52807483746372, 98.48293480567516, 51.39913501426657
ul_l:0.0005246101995640044, 0.000525157528410716, 0.0005242594304196958
dl_l:4.091178213217868e-05, 4.294518500814992e-05, 0.0011311052234127658
ul_il:0.0005286734018599815, 0.000527207522388776, 0.0005243871199878
dl_il:0.10246697201998682, 0.09759067117484026, 0.09826396978752114
sinr_ul:0.01456044,0.02066297,0.02515005,0.06265787,0.0516273 ,0.05304914,0.08031152,0.04387707,0.05645425,0.05353313,0.04056231,0.02611587,0.03549014,0.0208329 ,0.01843018,0.00889458,0.008217  ,0.00692207,0.00530233,0.00253609,0.00140033,0.00047538,0.00043021,0.00040225,0.00038289,0.00036568,0.00035277,0.00034417,0.00033556,0.00033126,0.00032481,0.00031836,0.00031836,0.0003162 ,0.0003119 ,0.00031405,0.00030975,0.00038719,0.00059799,0.00211448
sinr_ul_bin_edges:17.892267  ,19.44188383,20.99150065,22.54111748,24.0907343 ,25.64035113,27.18996795,28.73958478,30.2892016 ,31.83881842,33.38843525,34.93805208,36.4876689 ,38.03728573,39.58690255,41.13651937,42.6861362 ,44.23575303,45.78536985,47.33498667,48.8846035 ,50.43422032,51.98383715,53.53345398,55.0830708 ,56.63268763,58.18230445,59.73192128,61.2815381 ,62.83115492,64.38077175,65.93038857,67.4800054 ,69.02962222,70.57923905,72.12885587,73.6784727 ,75.22808953,76.77770635,78.32732318,79.87694   
sinr_dl:0.01456255,0.02066076,0.02514998,0.06265769,0.05162715,0.05302748,0.0803285 ,0.04387265,0.05645839,0.05352007,0.0405751 ,0.02611149,0.03547498,0.02085435,0.01843228,0.00889456,0.00821698,0.00692205,0.00530232,0.00253608,0.00140033,0.00047538,0.00042806,0.0004044 ,0.00038289,0.00036568,0.00035277,0.00034417,0.00033556,0.00033126,0.00032481,0.00031835,0.00031835,0.0003162 ,0.0003119 ,0.00031405,0.00030975,0.00038719,0.00059799,0.00211447
sinr_dl_bin_edges:27.635088 ,29.1847093,30.7343306,32.2839519,33.8335732,35.3831945,36.9328158,38.4824371,40.0320584,41.5816797,43.131301 ,44.6809223,46.2305436,47.7801649,49.3297862,50.8794075,52.4290288,53.9786501,55.5282714,57.0778927,58.627514 ,60.1771353,61.7267566,63.2763779,64.8259992,66.3756205,67.9252418,69.4748631,71.0244844,72.5741057,74.123727 ,75.6733483,77.2229696,78.7725909,80.3222122,81.8718335,83.4214548,84.9710761,86.5206974,88.0703187,89.61994  
rsrp_ul:0.01456637,0.02065523,0.02517456,0.06278914,0.05142414,0.05107584,0.081619  ,0.04365612,0.05658418,0.0530689 ,0.0412954 ,0.02598512,0.03421539,0.02193019,0.01878256,0.00899138,0.00821737,0.00691231,0.0053815 ,0.00253487,0.00141901,0.00047515,0.00043   ,0.0004042 ,0.00038055,0.0003655 ,0.00035475,0.000344  ,0.0003354 ,0.0003311 ,0.00032465,0.00032035,0.0003182 ,0.00031605,0.00031175,0.00031175,0.00031175,0.000387  ,0.00059771,0.00211347
rsrp_ul_bin_edges:-92.76265   ,-91.21229112,-89.66193225,-88.11157337,-86.5612145 ,-85.01085562,-83.46049675,-81.91013787,-80.359779  ,-78.80942012,-77.25906125,-75.70870238,-74.1583435 ,-72.60798463,-71.05762575,-69.50726687,-67.956908  ,-66.40654912,-64.85619025,-63.30583137,-61.7554725 ,-60.20511362,-58.65475475,-57.10439587,-55.554037  ,-54.00367812,-52.45331925,-50.90296037,-49.3526015 ,-47.80224262,-46.25188375,-44.70152487,-43.151166  ,-41.60080712,-40.05044825,-38.50008937,-36.9497305 ,-35.39937162,-33.84901275,-32.29865387,-30.748295  
rsrp_dl:0.01456637,0.02065307,0.02517671,0.06278698,0.05142628,0.05107583,0.08161898,0.04365612,0.05658202,0.05307104,0.0412954 ,0.02598297,0.03421754,0.02193018,0.01878256,0.00899138,0.00821737,0.00691231,0.0053815 ,0.00253487,0.00141901,0.00047515,0.00043   ,0.0004042 ,0.00038055,0.0003655 ,0.00035475,0.000344  ,0.0003354 ,0.0003311 ,0.00032465,0.00032035,0.0003182 ,0.00031605,0.00031175,0.00031175,0.00031175,0.000387  ,0.0005977 ,0.00211347
rsrp_dl_bin_edges:-89.75236   ,-88.20200087,-86.65164175,-85.10128262,-83.5509235 ,-82.00056437,-80.45020525,-78.89984612,-77.349487  ,-75.79912787,-74.24876875,-72.69840962,-71.1480505 ,-69.59769137,-68.04733225,-66.49697312,-64.946614  ,-63.39625487,-61.84589575,-60.29553662,-58.7451775 ,-57.19481837,-55.64445925,-54.09410012,-52.543741  ,-50.99338187,-49.44302275,-47.89266362,-46.3423045 ,-44.79194537,-43.24158625,-41.69122712,-40.140868  ,-38.59050887,-37.04014975,-35.48979062,-33.9394315 ,-32.38907237,-30.83871325,-29.28835412,-27.737995  
cqi_ul: 0., 0., 0., 0., 0., 0., 0., 0., 0., 0., 0., 0., 0., 0., 0., 0., 0., 0., 0., 0.,40., 0., 0., 0., 0., 0., 0., 0., 0., 0., 0., 0., 0., 0., 0., 0., 0., 0., 0., 0.
cqi_ul_bin_edges:14.5  ,14.525,14.55 ,14.575,14.6  ,14.625,14.65 ,14.675,14.7  ,14.725,14.75 ,14.775,14.8  ,14.825,14.85 ,14.875,14.9  ,14.925,14.95 ,14.975,15.   ,15.025,15.05 ,15.075,15.1  ,15.125,15.15 ,15.175,15.2  ,15.225,15.25 ,15.275,15.3  ,15.325,15.35 ,15.375,15.4  ,15.425,15.45 ,15.475,15.5  
cqi_dl: 0., 0., 0., 0., 0., 0., 0., 0., 0., 0., 0., 0., 0., 0., 0., 0., 0., 0., 0., 0.,40., 0., 0., 0., 0., 0., 0., 0., 0., 0., 0., 0., 0., 0., 0., 0., 0., 0., 0., 0.
cqi_dl_bin_edges:14.5  ,14.525,14.55 ,14.575,14.6  ,14.625,14.65 ,14.675,14.7  ,14.725,14.75 ,14.775,14.8  ,14.825,14.85 ,14.875,14.9  ,14.925,14.95 ,14.975,15.   ,15.025,15.05 ,15.075,15.1  ,15.125,15.15 ,15.175,15.2  ,15.225,15.25 ,15.275,15.3  ,15.325,15.35 ,15.375,15.4  ,15.425,15.45 ,15.475,15.5  
mcs_ul: 0., 0., 0., 0., 0., 0., 0., 0., 0., 0., 0., 0., 0., 0., 0., 0., 0., 0., 0., 0.,40., 0., 0., 0., 0., 0., 0., 0., 0., 0., 0., 0., 0., 0., 0., 0., 0., 0., 0., 0.
mcs_ul_bin_edges:27.5  ,27.525,27.55 ,27.575,27.6  ,27.625,27.65 ,27.675,27.7  ,27.725,27.75 ,27.775,27.8  ,27.825,27.85 ,27.875,27.9  ,27.925,27.95 ,27.975,28.   ,28.025,28.05 ,28.075,28.1  ,28.125,28.15 ,28.175,28.2  ,28.225,28.25 ,28.275,28.3  ,28.325,28.35 ,28.375,28.4  ,28.425,28.45 ,28.475,28.5  
mcs_dl: 0., 0., 0., 0., 0., 0., 0., 0., 0., 0., 0., 0., 0., 0., 0., 0., 0., 0., 0., 0.,40., 0., 0., 0., 0., 0., 0., 0., 0., 0., 0., 0., 0., 0., 0., 0., 0., 0., 0., 0.
mcs_dl_bin_edges:27.5  ,27.525,27.55 ,27.575,27.6  ,27.625,27.65 ,27.675,27.7  ,27.725,27.75 ,27.775,27.8  ,27.825,27.85 ,27.875,27.9  ,27.925,27.95 ,27.975,28.   ,28.025,28.05 ,28.075,28.1  ,28.125,28.15 ,28.175,28.2  ,28.225,28.25 ,28.275,28.3  ,28.325,28.35 ,28.375,28.4  ,28.425,28.45 ,28.475,28.5  
eff_ul: 0., 0., 0., 0., 0., 0., 0., 0., 0., 0., 0., 0., 0., 0., 0., 0., 0., 0., 0., 0.,40., 0., 0., 0., 0., 0., 0., 0., 0., 0., 0., 0., 0., 0., 0., 0., 0., 0., 0., 0.
eff_ul_bin_edges:5.0545974,5.0795974,5.1045974,5.1295974,5.1545974,5.1795974,5.2045974,5.2295974,5.2545974,5.2795974,5.3045974,5.3295974,5.3545974,5.3795974,5.4045974,5.4295974,5.4545974,5.4795974,5.5045974,5.5295974,5.5545974,5.5795974,5.6045974,5.6295974,5.6545974,5.6795974,5.7045974,5.7295974,5.7545974,5.7795974,5.8045974,5.8295974,5.8545974,5.8795974,5.9045974,5.9295974,5.9545974,5.9795974,6.0045974,6.0295974,6.0545974
eff_dl: 0., 0., 0., 0., 0., 0., 0., 0., 0., 0., 0., 0., 0., 0., 0., 0., 0., 0., 0., 0.,40., 0., 0., 0., 0., 0., 0., 0., 0., 0., 0., 0., 0., 0., 0., 0., 0., 0., 0., 0.
eff_dl_bin_edges:5.0545974,5.0795974,5.1045974,5.1295974,5.1545974,5.1795974,5.2045974,5.2295974,5.2545974,5.2795974,5.3045974,5.3295974,5.3545974,5.3795974,5.4045974,5.4295974,5.4545974,5.4795974,5.5045974,5.5295974,5.5545974,5.5795974,5.6045974,5.6295974,5.6545974,5.6795974,5.7045974,5.7295974,5.7545974,5.7795974,5.8045974,5.8295974,5.8545974,5.8795974,5.9045974,5.9295974,5.9545974,5.9795974,6.0045974,6.0295974,6.0545974
rul:4.65227827e-01,6.83340935e-05,1.39774282e-05,7.29932362e-05,1.13372473e-04,2.32957137e-05,2.32957137e-05,3.72731419e-05,4.50383798e-05,7.60993314e-05,1.39774282e-05,1.86365709e-05,5.28036177e-05,9.31828547e-06,7.76523789e-06,1.39774282e-05,6.21219032e-06,4.65914274e-06,1.39774282e-05,0.00000000e+00,5.43566653e-05,3.10609516e-06,1.55304758e-06,0.00000000e+00,0.00000000e+00,0.00000000e+00,0.00000000e+00,0.00000000e+00,1.55304758e-06,0.00000000e+00,0.00000000e+00,0.00000000e+00,3.10609516e-06,0.00000000e+00,0.00000000e+00,0.00000000e+00,0.00000000e+00,1.55304758e-06,0.00000000e+00,1.08713331e-05
rul_bin_edges: 0.        , 2.14629613, 4.29259225, 6.43888838, 8.5851845 ,10.73148062,12.87777675,15.02407288,17.170369  ,19.31666513,21.46296125,23.60925738,25.7555535 ,27.90184963,30.04814575,32.19444188,34.340738  ,36.48703413,38.63333025,40.77962637,42.9259225 ,45.07221863,47.21851475,49.36481088,51.511107  ,53.65740313,55.80369925,57.94999538,60.0962915 ,62.24258763,64.38888375,66.53517987,68.681476  ,70.82777213,72.97406825,75.12036438,77.2666605 ,79.41295663,81.55925275,83.70554888,85.851845  
rdl:4.32769395e-01,2.65823764e-05,9.13769190e-05,7.80857308e-05,9.63611146e-05,4.98419558e-05,3.32279705e-05,0.00000000e+00,1.16297897e-05,4.98419558e-05,1.49525867e-05,1.16297897e-05,4.98419558e-06,4.98419558e-06,1.99367823e-05,1.32911882e-05,1.32911882e-05,6.64559411e-06,8.30699264e-06,6.24220655e-02,0.00000000e+00,1.66139853e-06,0.00000000e+00,1.66139853e-06,4.98419558e-06,0.00000000e+00,1.66139853e-06,1.66139853e-06,0.00000000e+00,1.66139853e-06,1.66139853e-06,0.00000000e+00,0.00000000e+00,0.00000000e+00,0.00000000e+00,1.66139853e-06,1.66139853e-06,1.66139853e-06,1.66139853e-06,2.67651303e-03
rdl_bin_edges: 0.        , 2.00632175, 4.0126435 , 6.01896525, 8.025287  ,10.03160875,12.0379305 ,14.04425225,16.050574  ,18.05689575,20.0632175 ,22.06953925,24.075861  ,26.08218275,28.0885045 ,30.09482625,32.101148  ,34.10746975,36.1137915 ,38.12011325,40.126435  ,42.13275675,44.1390785 ,46.14540025,48.151722  ,50.15804375,52.1643655 ,54.17068725,56.177009  ,58.18333075,60.1896525 ,62.19597425,64.202296  ,66.20861775,68.2149395 ,70.22126125,72.227583  ,74.23390475,76.2402265 ,78.24654825,80.25287   
lul:8.23279771e+03,0.00000000e+00,0.00000000e+00,0.00000000e+00,0.00000000e+00,0.00000000e+00,0.00000000e+00,0.00000000e+00,0.00000000e+00,0.00000000e+00,0.00000000e+00,0.00000000e+00,0.00000000e+00,0.00000000e+00,0.00000000e+00,0.00000000e+00,0.00000000e+00,0.00000000e+00,0.00000000e+00,0.00000000e+00,0.00000000e+00,0.00000000e+00,0.00000000e+00,0.00000000e+00,0.00000000e+00,0.00000000e+00,0.00000000e+00,0.00000000e+00,0.00000000e+00,1.60246143e+03,2.37436083e+01,1.59175027e+00,2.48710980e+00,2.55343273e+00,1.99300399e+01,1.42594295e+00,3.81356836e+00,1.69123467e+00,1.32645856e+00,5.47164157e+01
lul_bin_edges:0.        ,0.00010052,0.00020103,0.00030155,0.00040207,0.00050259,0.0006031 ,0.00070362,0.00080414,0.00090466,0.00100517,0.00110569,0.00120621,0.00130672,0.00140724,0.00150776,0.00160828,0.00170879,0.00180931,0.00190983,0.00201035,0.00211086,0.00221138,0.0023119 ,0.00241241,0.00251293,0.00261345,0.00271397,0.00281448,0.002915  ,0.00301552,0.00311604,0.00321655,0.00331707,0.00341759,0.0035181 ,0.00361862,0.00371914,0.00381966,0.00392017,0.00402069
ldl:8.38239748e+03,0.00000000e+00,0.00000000e+00,0.00000000e+00,0.00000000e+00,0.00000000e+00,0.00000000e+00,0.00000000e+00,0.00000000e+00,0.00000000e+00,0.00000000e+00,0.00000000e+00,0.00000000e+00,0.00000000e+00,0.00000000e+00,0.00000000e+00,0.00000000e+00,0.00000000e+00,0.00000000e+00,0.00000000e+00,0.00000000e+00,0.00000000e+00,0.00000000e+00,0.00000000e+00,0.00000000e+00,0.00000000e+00,0.00000000e+00,0.00000000e+00,0.00000000e+00,1.21639399e+03,1.83789151e+00,1.80564780e+00,2.41827830e+00,4.88492217e+01,9.99555032e-01,8.38336479e-01,3.22437107e-01,2.90193397e-01,1.69279481e+01,1.28974843e-01
ldl_bin_edges:0.        ,0.00010338,0.00020676,0.00031013,0.00041351,0.00051689,0.00062027,0.00072365,0.00082703,0.0009304 ,0.00103378,0.00113716,0.00124054,0.00134392,0.0014473 ,0.00155067,0.00165405,0.00175743,0.00186081,0.00196419,0.00206757,0.00217094,0.00227432,0.0023777 ,0.00248108,0.00258446,0.00268784,0.00279121,0.00289459,0.00299797,0.00310135,0.00320473,0.00330811,0.00341148,0.00351486,0.00361824,0.00372162,0.003825  ,0.00392838,0.00403175,0.00413513
ilul:1.26490873e+03,0.00000000e+00,0.00000000e+00,0.00000000e+00,2.49716860e+02,4.89630912e+00,8.50867454e+00,1.73230500e-01,1.01900294e-02,3.05700882e-02,2.54750735e-02,1.01900294e-02,2.03800588e-02,3.56651029e-02,2.54750735e-02,2.03800588e-02,1.52850441e-02,1.01900294e-02,2.03800588e-02,1.01900294e-02,0.00000000e+00,1.01900294e-02,0.00000000e+00,5.09501470e-03,1.52850441e-02,5.09501470e-03,0.00000000e+00,5.09501470e-03,5.09501470e-03,0.00000000e+00,5.09501470e-03,0.00000000e+00,0.00000000e+00,5.09501470e-03,0.00000000e+00,1.01900294e-02,5.09501470e-03,0.00000000e+00,5.09501470e-03,5.09501470e-03
ilul_bin_edges:0.        ,0.00065423,0.00130846,0.00196268,0.00261691,0.00327114,0.00392537,0.00457959,0.00523382,0.00588805,0.00654228,0.00719651,0.00785073,0.00850496,0.00915919,0.00981342,0.01046764,0.01112187,0.0117761 ,0.01243033,0.01308455,0.01373878,0.01439301,0.01504724,0.01570147,0.01635569,0.01700992,0.01766415,0.01831838,0.0189726 ,0.01962683,0.02028106,0.02093529,0.02158952,0.02224374,0.02289797,0.0235522 ,0.02420643,0.02486065,0.02551488,0.02616911
ildl:1.05281264e+00,0.00000000e+00,0.00000000e+00,0.00000000e+00,0.00000000e+00,0.00000000e+00,0.00000000e+00,0.00000000e+00,0.00000000e+00,0.00000000e+00,0.00000000e+00,0.00000000e+00,0.00000000e+00,0.00000000e+00,0.00000000e+00,0.00000000e+00,0.00000000e+00,0.00000000e+00,0.00000000e+00,0.00000000e+00,0.00000000e+00,0.00000000e+00,0.00000000e+00,0.00000000e+00,0.00000000e+00,0.00000000e+00,0.00000000e+00,0.00000000e+00,0.00000000e+00,0.00000000e+00,0.00000000e+00,0.00000000e+00,0.00000000e+00,0.00000000e+00,3.51539852e-06,0.00000000e+00,0.00000000e+00,0.00000000e+00,0.00000000e+00,1.81394564e-03
ildl_bin_edges: 0.        , 0.94819975, 1.8963995 , 2.84459925, 3.792799  , 4.74099875, 5.6891985 , 6.63739825, 7.585598  , 8.53379775, 9.4819975 ,10.43019725,11.378397  ,12.32659675,13.2747965 ,14.22299625,15.171196  ,16.11939575,17.0675955 ,18.01579525,18.963995  ,19.91219475,20.8603945 ,21.80859425,22.756794  ,23.70499375,24.6531935 ,25.60139325,26.549593  ,27.49779275,28.4459925 ,29.39419225,30.342392  ,31.29059175,32.2387915 ,33.18699125,34.135191  ,35.08339075,36.0315905 ,36.97979025,37.92799   
eul: 0., 0., 0., 0., 0., 0., 0., 0., 0., 0., 0., 0., 0., 0., 0., 0., 0., 0., 0., 0.,40., 0., 0., 0., 0., 0., 0., 0., 0., 0., 0., 0., 0., 0., 0., 0., 0., 0., 0., 0.
eul_bin_edges:-0.5  ,-0.475,-0.45 ,-0.425,-0.4  ,-0.375,-0.35 ,-0.325,-0.3  ,-0.275,-0.25 ,-0.225,-0.2  ,-0.175,-0.15 ,-0.125,-0.1  ,-0.075,-0.05 ,-0.025, 0.   , 0.025, 0.05 , 0.075, 0.1  , 0.125, 0.15 , 0.175, 0.2  , 0.225, 0.25 , 0.275, 0.3  , 0.325, 0.35 , 0.375, 0.4  , 0.425, 0.45 , 0.475, 0.5  
edl:6.25097021e-02,2.95403121e-05,9.51053951e-05,9.12627529e-05,8.79004410e-05,4.50549801e-04,4.46707159e-05,3.78019929e-04,1.42874241e-03,1.68211664e-03,5.53100316e-04,2.38003653e-04,9.72668814e-05,4.63518719e-05,9.60660557e-05,1.36653964e-04,1.35212973e-04,1.87088643e-04,9.43848997e-05,1.22964551e-04,6.22508041e-04,1.06249058e-03,1.42826208e-03,2.72587433e-04,2.11345323e-05,2.23353579e-05,1.32090827e-05,1.99337066e-05,2.13746974e-05,1.65713946e-05,2.54575048e-05,1.92132111e-05,0.00000000e+00,0.00000000e+00,0.00000000e+00,0.00000000e+00,0.00000000e+00,0.00000000e+00,0.00000000e+00,4.80330278e-07
edl_bin_edges:  0.    , 13.8792, 27.7584, 41.6376, 55.5168, 69.396 , 83.2752, 97.1544,111.0336,124.9128,138.792 ,152.6712,166.5504,180.4296,194.3088,208.188 ,222.0672,235.9464,249.8256,263.7048,277.584 ,291.4632,305.3424,319.2216,333.1008,346.98  ,360.8592,374.7384,388.6176,402.4968,416.376 ,430.2552,444.1344,458.0136,471.8928,485.772 ,499.6512,513.5304,527.4096,541.2888,555.168 
gul:2.85471335e-01,3.14408335e-05,8.86059853e-05,1.71495455e-05,5.71651518e-06,6.85981821e-05,1.42912879e-05,4.57321214e-05,2.00078031e-05,1.42912879e-05,2.85825759e-06,2.28660607e-05,0.00000000e+00,2.85825759e-06,0.00000000e+00,0.00000000e+00,2.85825759e-06,5.71651518e-06,0.00000000e+00,0.00000000e+00,2.85825759e-06,0.00000000e+00,2.85825759e-06,0.00000000e+00,0.00000000e+00,0.00000000e+00,0.00000000e+00,0.00000000e+00,2.85825759e-06,0.00000000e+00,0.00000000e+00,0.00000000e+00,0.00000000e+00,0.00000000e+00,2.85825759e-06,0.00000000e+00,0.00000000e+00,0.00000000e+00,0.00000000e+00,2.85825759e-06
gul_bin_edges:  0.    ,  3.4986,  6.9972, 10.4958, 13.9944, 17.493 , 20.9916, 24.4902, 27.9888, 31.4874, 34.986 , 38.4846, 41.9832, 45.4818, 48.9804, 52.479 , 55.9776, 59.4762, 62.9748, 66.4734, 69.972 , 73.4706, 76.9692, 80.4678, 83.9664, 87.465 , 90.9636, 94.4622, 97.9608,101.4594,104.958 ,108.4566,111.9552,115.4538,118.9524,122.451 ,125.9496,129.4482,132.9468,136.4454,139.944 
gdl:7.01479142e-02,1.44099084e-05,5.40371563e-05,1.60910643e-05,1.80123854e-05,2.44728277e-04,8.64594501e-06,4.49108810e-05,1.72198405e-04,1.74600056e-04,6.43642573e-05,5.30764958e-05,2.59378350e-05,1.20082570e-05,2.78591562e-05,2.83394864e-05,2.40165139e-05,4.13084039e-05,2.37763488e-05,2.61780002e-05,1.44099084e-04,2.33680680e-04,3.30467232e-04,6.02814499e-05,8.40577987e-06,1.00869358e-05,5.52379820e-06,6.72462390e-06,6.72462390e-06,5.04346792e-06,9.84677071e-06,6.72462390e-06,0.00000000e+00,0.00000000e+00,0.00000000e+00,0.00000000e+00,0.00000000e+00,0.00000000e+00,0.00000000e+00,2.40165139e-07
gdl_bin_edges:  0.    , 13.8792, 27.7584, 41.6376, 55.5168, 69.396 , 83.2752, 97.1544,111.0336,124.9128,138.792 ,152.6712,166.5504,180.4296,194.3088,208.188 ,222.0672,235.9464,249.8256,263.7048,277.584 ,291.4632,305.3424,319.2216,333.1008,346.98  ,360.8592,374.7384,388.6176,402.4968,416.376 ,430.2552,444.1344,458.0136,471.8928,485.772 ,499.6512,513.5304,527.4096,541.2888,555.168 
ri: 0., 0., 0., 0., 0., 0., 0., 0., 0., 0., 0., 0., 0., 0., 0., 0., 0., 0., 0., 0.,40., 0., 0., 0., 0., 0., 0., 0., 0., 0., 0., 0., 0., 0., 0., 0., 0., 0., 0., 0.
ri_bin_edges:0.5  ,0.525,0.55 ,0.575,0.6  ,0.625,0.65 ,0.675,0.7  ,0.725,0.75 ,0.775,0.8  ,0.825,0.85 ,0.875,0.9  ,0.925,0.95 ,0.975,1.   ,1.025,1.05 ,1.075,1.1  ,1.125,1.15 ,1.175,1.2  ,1.225,1.25 ,1.275,1.3  ,1.325,1.35 ,1.375,1.4  ,1.425,1.45 ,1.475,1.5  
