period:1
ue_log_freq:1000
mac_log_freq:1000
mimo_layers:2
frequency:2412000000.0
bandwidth:50000000
ue_speed:5.555555555555555
max_distance:1000
shannon_cfg_bandwidth_mhz:50.0
shannon_cfg_mimo_layers:2
shannon_cfg_bw_efficiency:0.67
shannon_cfg_sinr_offset_db:0
shannon_cfg_ul_divisor:2
shannon_cfg_sinr_sample_rate:1000
n_ue:1
sinr_period:9.463597741343282
sinr_rate:105.66805852612856
ul_fairness:nan
dl_fairness:1.0
ul_agg_throughput:0
dl_agg_throughput:114.42620778328715
ul_ave_throughput:0.0
dl_ave_throughput:114.42620778328715
ul_se:0.0
dl_se:2.288524155665743
ul_ase:0.0
dl_ase:7.284598635188184e-07
ul_gr:0.08978425179790168
dl_gr:115.49778001849984
ul_tr:0.0
dl_tr:115.37388135629705
ul_er:299.90500579161835
dl_er:184.49701002491648
ul_er_ratio:1.0
dl_er_ratio:0.6152548157479314
ul_er_perc:100.0
dl_er_perc:61.52548157479314
ul_l:0.0
dl_l:0.0064968812402354985
ul_il:0.0
dl_il:0.13486338722645647
sinr_dl:0.01983815,0.00875679,0.13160277,0.06387304,0.0372989 ,0.0454085 ,0.09716997,0.25180718,0.0654976 ,0.03344221,0.02094761,0.02648169,0.02782889,0.02827795,0.02900438,0.03049687,0.03271578,0.02018156,0.01641733,0.05055955,0.01007757,0.01010399,0.01019644,0.01024927,0.01038135,0.01051343,0.01069834,0.01090966,0.01135873,0.02220235,0.04876329,0.02588734,0.02959874,0.05836538,0.08771317,0.08954905,0.03554226,0.0244741 ,0.0182268 ,0.01253423
sinr_dl_bin_edges: 9.78904   ,10.41997385,11.0509077 ,11.68184155,12.3127754 ,12.94370925,13.5746431 ,14.20557695,14.8365108 ,15.46744465,16.0983785 ,16.72931235,17.3602462 ,17.99118005,18.6221139 ,19.25304775,19.8839816 ,20.51491545,21.1458493 ,21.77678315,22.407717  ,23.03865085,23.6695847 ,24.30051855,24.9314524 ,25.56238625,26.1933201 ,26.82425395,27.4551878 ,28.08612165,28.7170555 ,29.34798935,29.9789232 ,30.60985705,31.2407909 ,31.87172475,32.5026586 ,33.13359245,33.7645263 ,34.39546015,35.026394  
rsrp_dl:0.01983807,0.00875675,0.13160222,0.06385957,0.03731195,0.04540831,0.09711673,0.25185896,0.06549733,0.03344207,0.02094752,0.02648158,0.02782877,0.02827783,0.02900426,0.03049674,0.03271565,0.02018147,0.01641726,0.05055934,0.01007753,0.01010394,0.0101964 ,0.01024923,0.01038131,0.01051338,0.01069829,0.01090962,0.01135868,0.02220226,0.04876309,0.02588723,0.02959861,0.05836513,0.08769959,0.08956189,0.03555532,0.024474  ,0.01821351,0.01253417
rsrp_dl_bin_edges:-125.74126  ,-125.1103235,-124.479387 ,-123.8484505,-123.217514 ,-122.5865775,-121.955641 ,-121.3247045,-120.693768 ,-120.0628315,-119.431895 ,-118.8009585,-118.170022 ,-117.5390855,-116.908149 ,-116.2772125,-115.646276 ,-115.0153395,-114.384403 ,-113.7534665,-113.12253  ,-112.4915935,-111.860657 ,-111.2297205,-110.598784 ,-109.9678475,-109.336911 ,-108.7059745,-108.075038 ,-107.4441015,-106.813165 ,-106.1822285,-105.551292 ,-104.9203555,-104.289419 ,-103.6584825,-103.027546 ,-102.3966095,-101.765673 ,-101.1347365,-100.5038   
cqi_ul: 0., 0., 0., 0., 0., 0., 0., 0., 0., 0., 0., 0., 0., 0., 0., 0., 0., 0., 0., 0.,40., 0., 0., 0., 0., 0., 0., 0., 0., 0., 0., 0., 0., 0., 0., 0., 0., 0., 0., 0.
cqi_ul_bin_edges:-0.5  ,-0.475,-0.45 ,-0.425,-0.4  ,-0.375,-0.35 ,-0.325,-0.3  ,-0.275,-0.25 ,-0.225,-0.2  ,-0.175,-0.15 ,-0.125,-0.1  ,-0.075,-0.05 ,-0.025, 0.   , 0.025, 0.05 , 0.075, 0.1  , 0.125, 0.15 , 0.175, 0.2  , 0.225, 0.25 , 0.275, 0.3  , 0.325, 0.35 , 0.375, 0.4  , 0.425, 0.45 , 0.475, 0.5  
cqi_dl:0.34640737,0.        ,0.        ,0.97678673,0.        ,0.        ,0.19989577,0.        ,0.        ,0.16456273,0.        ,0.        ,0.10930678,0.        ,0.        ,0.13484503,0.        ,0.        ,0.1313066 ,0.        ,0.        ,0.06289691,0.        ,0.        ,0.06174308,0.        ,0.        ,0.12364   ,0.        ,0.        ,0.24020313,0.        ,0.        ,0.43138102,0.        ,0.        ,0.08725568,0.        ,0.        ,0.00669225
cqi_dl_bin_edges: 2.   , 2.325, 2.65 , 2.975, 3.3  , 3.625, 3.95 , 4.275, 4.6  , 4.925, 5.25 , 5.575, 5.9  , 6.225, 6.55 , 6.875, 7.2  , 7.525, 7.85 , 8.175, 8.5  , 8.825, 9.15 , 9.475, 9.8  ,10.125,10.45 ,10.775,11.1  ,11.425,11.75 ,12.075,12.4  ,12.725,13.05 ,13.375,13.7  ,14.025,14.35 ,14.675,15.   
mcs_ul: 0., 0., 0., 0., 0., 0., 0., 0., 0., 0., 0., 0., 0., 0., 0., 0., 0., 0., 0., 0.,40., 0., 0., 0., 0., 0., 0., 0., 0., 0., 0., 0., 0., 0., 0., 0., 0., 0., 0., 0.
mcs_ul_bin_edges:-0.5  ,-0.475,-0.45 ,-0.425,-0.4  ,-0.375,-0.35 ,-0.325,-0.3  ,-0.275,-0.25 ,-0.225,-0.2  ,-0.175,-0.15 ,-0.125,-0.1  ,-0.075,-0.05 ,-0.025, 0.   , 0.025, 0.05 , 0.075, 0.1  , 0.125, 0.15 , 0.175, 0.2  , 0.225, 0.25 , 0.275, 0.3  , 0.325, 0.35 , 0.375, 0.4  , 0.425, 0.45 , 0.475, 0.5  
mcs_dl:0.17320368,0.12135796,0.        ,0.3670354 ,0.06876866,0.        ,0.03117923,0.04157658,0.        ,0.04070479,0.02728182,0.        ,0.02737157,0.04210221,0.        ,0.0253203 ,0.05083291,0.        ,0.01482039,0.        ,0.015705  ,0.01574346,0.        ,0.01505116,0.01582038,0.        ,0.01208964,0.04966625,0.        ,0.04343554,0.07673013,0.        ,0.1561269 ,0.05956361,0.        ,0.02515364,0.01847421,0.        ,0.        ,0.00334613
mcs_dl_bin_edges: 2.  , 2.65, 3.3 , 3.95, 4.6 , 5.25, 5.9 , 6.55, 7.2 , 7.85, 8.5 , 9.15, 9.8 ,10.45,11.1 ,11.75,12.4 ,13.05,13.7 ,14.35,15.  ,15.65,16.3 ,16.95,17.6 ,18.25,18.9 ,19.55,20.2 ,20.85,21.5 ,22.15,22.8 ,23.45,24.1 ,24.75,25.4 ,26.05,26.7 ,27.35,28.  
eff_ul: 0., 0., 0., 0., 0., 0., 0., 0., 0., 0., 0., 0., 0., 0., 0., 0., 0., 0., 0., 0.,40., 0., 0., 0., 0., 0., 0., 0., 0., 0., 0., 0., 0., 0., 0., 0., 0., 0., 0., 0.
eff_ul_bin_edges:-0.5  ,-0.475,-0.45 ,-0.425,-0.4  ,-0.375,-0.35 ,-0.325,-0.3  ,-0.275,-0.25 ,-0.225,-0.2  ,-0.175,-0.15 ,-0.125,-0.1  ,-0.075,-0.05 ,-0.025, 0.   , 0.025, 0.05 , 0.075, 0.1  , 0.125, 0.15 , 0.175, 0.2  , 0.225, 0.25 , 0.275, 0.3  , 0.325, 0.35 , 0.375, 0.4  , 0.425, 0.45 , 0.475, 0.5  
eff_dl:0.66179384,0.46369656,0.        ,1.40240532,0.        ,0.26275812,0.11913269,0.15885991,0.        ,0.1555289 ,0.1042411 ,0.104584  ,0.16086832,0.        ,0.09674632,0.19422743,0.        ,0.05662722,0.        ,0.06000721,0.        ,0.06015417,0.        ,0.05750895,0.06044808,0.        ,0.04619331,0.18976975,0.        ,0.16596281,0.        ,0.2931781 ,0.        ,0.59654518,0.        ,0.22758654,0.        ,0.09610951,0.07058808,0.01278521
eff_dl_bin_edges:0.60159886,0.77171588,0.9418329 ,1.11194992,1.28206693,1.45218395,1.62230097,1.79241799,1.96253501,2.13265203,2.30276904,2.47288606,2.64300308,2.8131201 ,2.98323712,3.15335414,3.32347116,3.49358817,3.66370519,3.83382221,4.00393923,4.17405625,4.34417327,4.51429029,4.6844073 ,4.85452432,5.02464134,5.19475836,5.36487538,5.5349924 ,5.70510941,5.87522643,6.04534345,6.21546047,6.38557749,6.55569451,6.72581153,6.89592854,7.06604556,7.23616258,7.4062796 
rul: 0., 0., 0., 0., 0., 0., 0., 0., 0., 0., 0., 0., 0., 0., 0., 0., 0., 0., 0., 0.,40., 0., 0., 0., 0., 0., 0., 0., 0., 0., 0., 0., 0., 0., 0., 0., 0., 0., 0., 0.
rul_bin_edges:-0.5  ,-0.475,-0.45 ,-0.425,-0.4  ,-0.375,-0.35 ,-0.325,-0.3  ,-0.275,-0.25 ,-0.225,-0.2  ,-0.175,-0.15 ,-0.125,-0.1  ,-0.075,-0.05 ,-0.025, 0.   , 0.025, 0.05 , 0.075, 0.1  , 0.125, 0.15 , 0.175, 0.2  , 0.225, 0.25 , 0.275, 0.3  , 0.325, 0.35 , 0.375, 0.4  , 0.425, 0.45 , 0.475, 0.5  
rdl:1.70354453e-02,2.56202995e-03,5.25451955e-03,2.23569062e-03,4.13781529e-03,1.23803555e-03,1.21369322e-03,7.20000399e-04,4.99017709e-04,1.56589627e-03,9.56197043e-04,2.40912970e-03,5.55689690e-04,6.58003534e-05,1.93977921e-04,1.35404195e-04,1.62408965e-04,2.03866991e-04,1.04215589e-04,8.42092384e-04,0.00000000e+00,7.05547142e-04,1.40843184e-03,5.37052596e-04,2.47607110e-04,1.68874895e-04,5.24881432e-05,1.55943034e-05,4.75436080e-05,5.36291898e-05,0.00000000e+00,6.99841909e-05,3.80348864e-07,1.56703732e-04,0.00000000e+00,5.13470966e-05,0.00000000e+00,2.05388386e-05,1.40729080e-05,1.52139545e-06
rdl_bin_edges:  0.       , 21.9095275, 43.819055 , 65.7285825, 87.63811  ,109.5476375,131.457165 ,153.3666925,175.27622  ,197.1857475,219.095275 ,241.0048025,262.91433  ,284.8238575,306.733385 ,328.6429125,350.55244  ,372.4619675,394.371495 ,416.2810225,438.19055  ,460.1000775,482.009605 ,503.9191325,525.82866  ,547.7381875,569.647715 ,591.5572425,613.46677  ,635.3762975,657.285825 ,679.1953525,701.10488  ,723.0144075,744.923935 ,766.8334625,788.74299  ,810.6525175,832.562045 ,854.4715725,876.3811   
lul: 0., 0., 0., 0., 0., 0., 0., 0., 0., 0., 0., 0., 0., 0., 0., 0., 0., 0., 0., 0.,40., 0., 0., 0., 0., 0., 0., 0., 0., 0., 0., 0., 0., 0., 0., 0., 0., 0., 0., 0.
lul_bin_edges:-0.5  ,-0.475,-0.45 ,-0.425,-0.4  ,-0.375,-0.35 ,-0.325,-0.3  ,-0.275,-0.25 ,-0.225,-0.2  ,-0.175,-0.15 ,-0.125,-0.1  ,-0.075,-0.05 ,-0.025, 0.   , 0.025, 0.05 , 0.075, 0.1  , 0.125, 0.15 , 0.175, 0.2  , 0.225, 0.25 , 0.275, 0.3  , 0.325, 0.35 , 0.375, 0.4  , 0.425, 0.45 , 0.475, 0.5  
ldl:1.33618642e+03,0.00000000e+00,0.00000000e+00,0.00000000e+00,0.00000000e+00,0.00000000e+00,0.00000000e+00,0.00000000e+00,0.00000000e+00,0.00000000e+00,0.00000000e+00,0.00000000e+00,0.00000000e+00,0.00000000e+00,0.00000000e+00,0.00000000e+00,0.00000000e+00,0.00000000e+00,0.00000000e+00,0.00000000e+00,0.00000000e+00,0.00000000e+00,0.00000000e+00,0.00000000e+00,0.00000000e+00,0.00000000e+00,0.00000000e+00,0.00000000e+00,0.00000000e+00,0.00000000e+00,0.00000000e+00,0.00000000e+00,0.00000000e+00,0.00000000e+00,0.00000000e+00,1.36947995e+03,6.56324126e+00,6.86157040e-01,1.43048826e+02,7.24015009e+02
ldl_bin_edges:0.        ,0.00027933,0.00055866,0.00083799,0.00111732,0.00139666,0.00167599,0.00195532,0.00223465,0.00251398,0.00279331,0.00307264,0.00335197,0.00363131,0.00391064,0.00418997,0.0044693 ,0.00474863,0.00502796,0.00530729,0.00558662,0.00586596,0.00614529,0.00642462,0.00670395,0.00698328,0.00726261,0.00754194,0.00782127,0.0081006 ,0.00837994,0.00865927,0.0089386 ,0.00921793,0.00949726,0.00977659,0.01005592,0.01033525,0.01061459,0.01089392,0.01117325
ilul: 0., 0., 0., 0., 0., 0., 0., 0., 0., 0., 0., 0., 0., 0., 0., 0., 0., 0., 0., 0.,40., 0., 0., 0., 0., 0., 0., 0., 0., 0., 0., 0., 0., 0., 0., 0., 0., 0., 0., 0.
ilul_bin_edges:-0.5  ,-0.475,-0.45 ,-0.425,-0.4  ,-0.375,-0.35 ,-0.325,-0.3  ,-0.275,-0.25 ,-0.225,-0.2  ,-0.175,-0.15 ,-0.125,-0.1  ,-0.075,-0.05 ,-0.025, 0.   , 0.025, 0.05 , 0.075, 0.1  , 0.125, 0.15 , 0.175, 0.2  , 0.225, 0.25 , 0.275, 0.3  , 0.325, 0.35 , 0.375, 0.4  , 0.425, 0.45 , 0.475, 0.5  
ildl:2.69034049e+01,1.92188627e-02,2.10206311e-02,3.81494425e+00,9.76798698e+00,1.26183846e+00,1.97113461e+00,1.26364022e+00,8.48632907e-01,6.30618933e-01,1.26183846e+00,9.22505410e-01,1.05703745e+00,7.01488489e-01,1.47264536e+00,3.38131866e-01,1.71167996e-01,1.15253117e+00,3.96989633e-01,4.88279231e-01,1.64561512e-01,4.63835240e+00,4.19151384e+00,7.26713246e-02,1.03301387e-01,3.95187865e-01,3.59753086e-01,1.59936973e+00,9.00884190e-01,5.64554092e-02,5.70559987e-02,5.76565881e-02,5.70559987e-02,5.10501041e-02,5.64554092e-02,2.55851110e-01,6.79266679e-01,3.00294730e-02,1.30928502e+00,2.57052289e+00
ildl_bin_edges:0.        ,0.01387514,0.02775028,0.04162543,0.05550057,0.06937571,0.08325085,0.09712599,0.11100113,0.12487628,0.13875142,0.15262656,0.1665017 ,0.18037684,0.19425198,0.20812713,0.22200227,0.23587741,0.24975255,0.26362769,0.27750284,0.29137798,0.30525312,0.31912826,0.3330034 ,0.34687854,0.36075369,0.37462883,0.38850397,0.40237911,0.41625425,0.43012939,0.44400454,0.45787968,0.47175482,0.48562996,0.4995051 ,0.51338024,0.52725539,0.54113053,0.55500567
eul:3.07068148e-05,0.00000000e+00,0.00000000e+00,0.00000000e+00,0.00000000e+00,0.00000000e+00,0.00000000e+00,0.00000000e+00,0.00000000e+00,0.00000000e+00,0.00000000e+00,0.00000000e+00,0.00000000e+00,0.00000000e+00,0.00000000e+00,0.00000000e+00,0.00000000e+00,8.08074074e-07,0.00000000e+00,0.00000000e+00,0.00000000e+00,0.00000000e+00,0.00000000e+00,1.61614815e-06,4.04037037e-06,7.51508889e-05,1.68887481e-04,1.29291852e-05,8.35871822e-03,8.80275493e-02,3.63633333e-05,1.87473185e-04,5.89894074e-05,3.23229630e-06,2.42422222e-06,0.00000000e+00,0.00000000e+00,0.00000000e+00,0.00000000e+00,8.08074074e-07
eul_bin_edges:  0.    , 10.3125, 20.625 , 30.9375, 41.25  , 51.5625, 61.875 , 72.1875, 82.5   , 92.8125,103.125 ,113.4375,123.75  ,134.0625,144.375 ,154.6875,165.    ,175.3125,185.625 ,195.9375,206.25  ,216.5625,226.875 ,237.1875,247.5   ,257.8125,268.125 ,278.4375,288.75  ,299.0625,309.375 ,319.6875,330.    ,340.3125,350.625 ,360.9375,371.25  ,381.5625,391.875 ,402.1875,412.5   
edl:4.31518346e-02,0.00000000e+00,0.00000000e+00,0.00000000e+00,0.00000000e+00,0.00000000e+00,0.00000000e+00,0.00000000e+00,0.00000000e+00,0.00000000e+00,0.00000000e+00,0.00000000e+00,0.00000000e+00,0.00000000e+00,0.00000000e+00,0.00000000e+00,0.00000000e+00,0.00000000e+00,0.00000000e+00,0.00000000e+00,9.33699035e-07,0.00000000e+00,0.00000000e+00,0.00000000e+00,0.00000000e+00,0.00000000e+00,0.00000000e+00,1.86739807e-06,3.73479614e-06,5.41545440e-05,8.87014083e-05,7.46959228e-06,1.03827333e-03,6.50937619e-02,2.41081091e-03,9.33699035e-06,1.32585263e-04,4.48175537e-05,3.73479614e-06,2.80109711e-06
edl_bin_edges:  0.   ,  8.925, 17.85 , 26.775, 35.7  , 44.625, 53.55 , 62.475, 71.4  , 80.325, 89.25 , 98.175,107.1  ,116.025,124.95 ,133.875,142.8  ,151.725,160.65 ,169.575,178.5  ,187.425,196.35 ,205.275,214.2  ,223.125,232.05 ,240.975,249.9  ,258.825,267.75 ,276.675,285.6  ,294.525,303.45 ,312.375,321.3  ,330.225,339.15 ,348.075,357.   
gul:1.16109176e-01,0.00000000e+00,0.00000000e+00,0.00000000e+00,0.00000000e+00,0.00000000e+00,0.00000000e+00,0.00000000e+00,0.00000000e+00,0.00000000e+00,0.00000000e+00,0.00000000e+00,0.00000000e+00,0.00000000e+00,0.00000000e+00,0.00000000e+00,0.00000000e+00,0.00000000e+00,0.00000000e+00,0.00000000e+00,0.00000000e+00,0.00000000e+00,0.00000000e+00,0.00000000e+00,0.00000000e+00,0.00000000e+00,0.00000000e+00,0.00000000e+00,9.67858756e-07,0.00000000e+00,0.00000000e+00,0.00000000e+00,9.67858756e-07,0.00000000e+00,2.90357627e-05,2.90357627e-06,0.00000000e+00,0.00000000e+00,0.00000000e+00,9.67858756e-07
gul_bin_edges:  0.  ,  8.61, 17.22, 25.83, 34.44, 43.05, 51.66, 60.27, 68.88, 77.49, 86.1 , 94.71,103.32,111.93,120.54,129.15,137.76,146.37,154.98,163.59,172.2 ,180.81,189.42,198.03,206.64,215.25,223.86,232.47,241.08,249.69,258.3 ,266.91,275.52,284.13,292.74,301.35,309.96,318.57,327.18,335.79,344.4 
gdl:5.96253617e-02,0.00000000e+00,0.00000000e+00,0.00000000e+00,0.00000000e+00,0.00000000e+00,0.00000000e+00,0.00000000e+00,0.00000000e+00,0.00000000e+00,0.00000000e+00,0.00000000e+00,0.00000000e+00,0.00000000e+00,0.00000000e+00,0.00000000e+00,0.00000000e+00,0.00000000e+00,0.00000000e+00,0.00000000e+00,0.00000000e+00,0.00000000e+00,0.00000000e+00,1.61614815e-06,8.08074074e-07,2.58583704e-05,9.37365926e-05,4.04037037e-06,3.30421489e-03,3.38114354e-02,9.69688889e-06,7.43428148e-05,1.53534074e-05,2.42422222e-06,0.00000000e+00,0.00000000e+00,0.00000000e+00,0.00000000e+00,0.00000000e+00,8.08074074e-07
gdl_bin_edges:  0.    , 10.3125, 20.625 , 30.9375, 41.25  , 51.5625, 61.875 , 72.1875, 82.5   , 92.8125,103.125 ,113.4375,123.75  ,134.0625,144.375 ,154.6875,165.    ,175.3125,185.625 ,195.9375,206.25  ,216.5625,226.875 ,237.1875,247.5   ,257.8125,268.125 ,278.4375,288.75  ,299.0625,309.375 ,319.6875,330.    ,340.3125,350.625 ,360.9375,371.25  ,381.5625,391.875 ,402.1875,412.5   
ri: 0., 0., 0., 0., 0., 0., 0., 0., 0., 0., 0., 0., 0., 0., 0., 0., 0., 0., 0., 0.,40., 0., 0., 0., 0., 0., 0., 0., 0., 0., 0., 0., 0., 0., 0., 0., 0., 0., 0., 0.
ri_bin_edges:0.5  ,0.525,0.55 ,0.575,0.6  ,0.625,0.65 ,0.675,0.7  ,0.725,0.75 ,0.775,0.8  ,0.825,0.85 ,0.875,0.9  ,0.925,0.95 ,0.975,1.   ,1.025,1.05 ,1.075,1.1  ,1.125,1.15 ,1.175,1.2  ,1.225,1.25 ,1.275,1.3  ,1.325,1.35 ,1.375,1.4  ,1.425,1.45 ,1.475,1.5  
