period:1.0
ue_log_freq:1000
mac_log_freq:1000
mimo_layers:1
frequency:28000000000.0
bandwidth:300000000.0
ue_speed:0.27778
max_distance:10.0
shannon_cfg_bandwidth_mhz:300.0
shannon_cfg_mimo_layers:1
shannon_cfg_bw_efficiency:0.67
shannon_cfg_sinr_offset_db:0.0
shannon_cfg_ul_divisor:2.0
shannon_cfg_sinr_sample_rate:1000
n_ue:5
sinr_period:16.304296531427745
sinr_rate:61.33352629304954
ul_fairness:0.9999845678140081
dl_fairness:0.9999844492371743
ul_agg_throughput:350.1783598318179
dl_agg_throughput:655.9915240021976
ul_ave_throughput:70.03567196636358
dl_ave_throughput:131.19830480043953
ul_se:1.1672611994393929
dl_se:2.186638413340659
ul_ase:0.0037155077954030813
dl_ase:0.006960286244755697
ul_gr:85.85726756608265, 85.84998046517308, 85.84559428606313, 85.84966363469874, 85.8568097185764
dl_gr:160.6744453940541, 160.67565044869056, 160.67853671937002, 160.67876381173312, 160.68483120688603
ul_tr:85.68127266137598, 85.67485766406203, 85.66959459439596, 85.67256182418656, 85.68302270447471
dl_tr:160.49493305253037, 160.48004652829493, 160.50816963775102, 160.48798387319454, 160.50630773713448
ul_er:97.27997313961296, 97.28923264757952, 97.2916464196325, 97.28757707099689, 97.28240339417619
dl_er:22.464767718698496, 22.461590257005067, 22.460676393382577, 22.460449301019477, 22.45438190586655
ul_er_ratio:0.5316971510208592, 0.5317394931533691, 0.531760966860586, 0.5317419283701585, 0.5316982856735113
dl_er_ratio:0.12278533263884288, 0.12278008796524517, 0.12275683473218557, 0.1227692902930267, 0.12272790373538867
ul_er_perc:53.169715102085924, 53.17394931533691, 53.17609668605861, 53.17419283701585, 53.16982856735113
dl_er_perc:12.278533263884288, 12.278008796524517, 12.275683473218557, 12.27692902930267, 12.272790373538866
ul_l:0.0006925127903546791, 0.0006976987477711983, 0.0006969612136817044, 0.0006948031811891826, 0.0006965375165093706
dl_l:0.0006971767989597704, 0.0006959191219449362, 0.0006961759585422135, 0.0006966968054746352, 0.000694156005064404
ul_il:0.03401061877122276, 0.034251671433038276, 0.034140837248021486, 0.03404728089783774, 0.03403824788059215
dl_il:0.017312795079400527, 0.01728990856681155, 0.017219094304711555, 0.017172036567148524, 0.017250001145511264
sinr_ul:0.02785851,0.05008672,0.07540472,0.08249981,0.08767693,0.07581212,0.07308852,0.07485543,0.07542303,0.07923607,0.08778221,0.11829108,0.13573583,0.11237698,0.10405056,0.05390433,0.02328103,0.01483101,0.01484017,0.01490883,0.01500954,0.01542151,0.01560461,0.01624545,0.0165201 ,0.01644686,0.01691377,0.01787503,0.01862574,0.01929405,0.02079546,0.02302469,0.02497927,0.02809653,0.04002085,0.04266663,0.0382631 ,0.06556773,0.01202045,0.02925463
sinr_ul_bin_edges:52.17308,52.70653,53.23998,53.77343,54.30688,54.84033,55.37378,55.90723,56.44068,56.97413,57.50758,58.04103,58.57448,59.10793,59.64138,60.17483,60.70828,61.24173,61.77518,62.30863,62.84208,63.37553,63.90898,64.44243,64.97588,65.50933,66.04278,66.57623,67.10968,67.64313,68.17658,68.71003,69.24348,69.77693,70.31038,70.84383,71.37728,71.91073,72.44418,72.97763,73.51108
sinr_dl:0.02789896,0.0504315 ,0.0756152 ,0.08294595,0.08727297,0.07606851,0.07297778,0.07491922,0.07538626,0.07928745,0.0878728 ,0.1171912 ,0.13718248,0.11228725,0.10379348,0.05335739,0.02329721,0.01480802,0.01482633,0.01491333,0.01501864,0.01543074,0.01559558,0.0162412 ,0.01652967,0.01642893,0.01694176,0.01785295,0.01868173,0.01921745,0.02083837,0.02299501,0.02492271,0.02811417,0.03999172,0.04304581,0.03822886,0.06283104,0.01459281,0.02932298
sinr_dl_bin_edges:37.46613   ,37.99941913,38.53270825,39.06599738,39.5992865 ,40.13257563,40.66586475,41.19915388,41.732443  ,42.26573212,42.79902125,43.33231037,43.8655995 ,44.39888862,44.93217775,45.46546687,45.998756  ,46.53204512,47.06533425,47.59862338,48.1319125 ,48.66520162,49.19849075,49.73177988,50.265069  ,50.79835813,51.33164725,51.86493637,52.3982255 ,52.93151462,53.46480375,53.99809287,54.531382  ,55.06467112,55.59796025,56.13124937,56.6645385 ,57.19782762,57.73111675,58.26440587,58.797695  
rsrp_ul:0.02790345,0.05042218,0.07569279,0.08284494,0.0873551 ,0.07601331,0.07300959,0.07490981,0.07533564,0.07936044,0.08781756,0.11722745,0.13705382,0.11254329,0.10360998,0.05339842,0.02327882,0.01481255,0.01482628,0.01491786,0.01500486,0.01545358,0.01556805,0.01628235,0.0164884 ,0.01647009,0.0169005 ,0.01787121,0.01866793,0.01922197,0.02083372,0.02297662,0.02495467,0.02806829,0.04006027,0.04300446,0.03831573,0.0623409 ,0.01504149,0.02929084
rsrp_ul_bin_edges:-103.645836 ,-103.1125451,-102.5792542,-102.0459633,-101.5126724,-100.9793815,-100.4460906, -99.9127997, -99.3795088, -98.8462179, -98.312927 , -97.7796361, -97.2463452, -96.7130543, -96.1797634, -95.6464725, -95.1131816, -94.5798907, -94.0465998, -93.5133089, -92.980018 , -92.4467271, -91.9134362, -91.3801453, -90.8468544, -90.3135635, -89.7802726, -89.2469817, -88.7136908, -88.1803999, -87.647109 , -87.1138181, -86.5805272, -86.0472363, -85.5139454, -84.9806545, -84.4473636, -83.9140727, -83.3807818, -82.8474909, -82.3142   
rsrp_dl:0.02790345,0.05042218,0.07569279,0.08284494,0.0873551 ,0.07601331,0.07300959,0.07490981,0.07533564,0.07936044,0.08781756,0.11722745,0.13705382,0.11254329,0.10360998,0.05339842,0.02327882,0.01481255,0.01482628,0.01491786,0.01500486,0.01545358,0.01556805,0.01628235,0.0164884 ,0.01647009,0.0169005 ,0.01787121,0.01866793,0.01922197,0.02083372,0.02297662,0.02495467,0.02806829,0.04006027,0.04300446,0.03831573,0.0623409 ,0.01504149,0.02929084
rsrp_dl_bin_edges:-113.645836 ,-113.1125451,-112.5792542,-112.0459633,-111.5126724,-110.9793815,-110.4460906,-109.9127997,-109.3795088,-108.8462179,-108.312927 ,-107.7796361,-107.2463452,-106.7130543,-106.1797634,-105.6464725,-105.1131816,-104.5798907,-104.0465998,-103.5133089,-102.980018 ,-102.4467271,-101.9134362,-101.3801453,-100.8468544,-100.3135635, -99.7802726, -99.2469817, -98.7136908, -98.1803999, -97.647109 , -97.1138181, -96.5805272, -96.0472363, -95.5139454, -94.9806545, -94.4473636, -93.9140727, -93.3807818, -92.8474909, -92.3142   
cqi_ul: 0., 0., 0., 0., 0., 0., 0., 0., 0., 0., 0., 0., 0., 0., 0., 0., 0., 0., 0., 0.,40., 0., 0., 0., 0., 0., 0., 0., 0., 0., 0., 0., 0., 0., 0., 0., 0., 0., 0., 0.
cqi_ul_bin_edges:14.5  ,14.525,14.55 ,14.575,14.6  ,14.625,14.65 ,14.675,14.7  ,14.725,14.75 ,14.775,14.8  ,14.825,14.85 ,14.875,14.9  ,14.925,14.95 ,14.975,15.   ,15.025,15.05 ,15.075,15.1  ,15.125,15.15 ,15.175,15.2  ,15.225,15.25 ,15.275,15.3  ,15.325,15.35 ,15.375,15.4  ,15.425,15.45 ,15.475,15.5  
cqi_dl: 0., 0., 0., 0., 0., 0., 0., 0., 0., 0., 0., 0., 0., 0., 0., 0., 0., 0., 0., 0.,40., 0., 0., 0., 0., 0., 0., 0., 0., 0., 0., 0., 0., 0., 0., 0., 0., 0., 0., 0.
cqi_dl_bin_edges:14.5  ,14.525,14.55 ,14.575,14.6  ,14.625,14.65 ,14.675,14.7  ,14.725,14.75 ,14.775,14.8  ,14.825,14.85 ,14.875,14.9  ,14.925,14.95 ,14.975,15.   ,15.025,15.05 ,15.075,15.1  ,15.125,15.15 ,15.175,15.2  ,15.225,15.25 ,15.275,15.3  ,15.325,15.35 ,15.375,15.4  ,15.425,15.45 ,15.475,15.5  
mcs_ul: 0., 0., 0., 0., 0., 0., 0., 0., 0., 0., 0., 0., 0., 0., 0., 0., 0., 0., 0., 0.,40., 0., 0., 0., 0., 0., 0., 0., 0., 0., 0., 0., 0., 0., 0., 0., 0., 0., 0., 0.
mcs_ul_bin_edges:27.5  ,27.525,27.55 ,27.575,27.6  ,27.625,27.65 ,27.675,27.7  ,27.725,27.75 ,27.775,27.8  ,27.825,27.85 ,27.875,27.9  ,27.925,27.95 ,27.975,28.   ,28.025,28.05 ,28.075,28.1  ,28.125,28.15 ,28.175,28.2  ,28.225,28.25 ,28.275,28.3  ,28.325,28.35 ,28.375,28.4  ,28.425,28.45 ,28.475,28.5  
mcs_dl: 0., 0., 0., 0., 0., 0., 0., 0., 0., 0., 0., 0., 0., 0., 0., 0., 0., 0., 0., 0.,40., 0., 0., 0., 0., 0., 0., 0., 0., 0., 0., 0., 0., 0., 0., 0., 0., 0., 0., 0.
mcs_dl_bin_edges:27.5  ,27.525,27.55 ,27.575,27.6  ,27.625,27.65 ,27.675,27.7  ,27.725,27.75 ,27.775,27.8  ,27.825,27.85 ,27.875,27.9  ,27.925,27.95 ,27.975,28.   ,28.025,28.05 ,28.075,28.1  ,28.125,28.15 ,28.175,28.2  ,28.225,28.25 ,28.275,28.3  ,28.325,28.35 ,28.375,28.4  ,28.425,28.45 ,28.475,28.5  
eff_ul: 0., 0., 0., 0., 0., 0., 0., 0., 0., 0., 0., 0., 0., 0., 0., 0., 0., 0., 0., 0.,40., 0., 0., 0., 0., 0., 0., 0., 0., 0., 0., 0., 0., 0., 0., 0., 0., 0., 0., 0.
eff_ul_bin_edges:5.054651,5.079651,5.104651,5.129651,5.154651,5.179651,5.204651,5.229651,5.254651,5.279651,5.304651,5.329651,5.354651,5.379651,5.404651,5.429651,5.454651,5.479651,5.504651,5.529651,5.554651,5.579651,5.604651,5.629651,5.654651,5.679651,5.704651,5.729651,5.754651,5.779651,5.804651,5.829651,5.854651,5.879651,5.904651,5.929651,5.954651,5.979651,6.004651,6.029651,6.054651
eff_dl: 0., 0., 0., 0., 0., 0., 0., 0., 0., 0., 0., 0., 0., 0., 0., 0., 0., 0., 0., 0.,40., 0., 0., 0., 0., 0., 0., 0., 0., 0., 0., 0., 0., 0., 0., 0., 0., 0., 0., 0.
eff_dl_bin_edges:5.054651,5.079651,5.104651,5.129651,5.154651,5.179651,5.204651,5.229651,5.254651,5.279651,5.304651,5.329651,5.354651,5.379651,5.404651,5.429651,5.454651,5.479651,5.504651,5.529651,5.554651,5.579651,5.604651,5.629651,5.654651,5.679651,5.704651,5.729651,5.754651,5.779651,5.804651,5.829651,5.854651,5.879651,5.904651,5.929651,5.954651,5.979651,6.004651,6.029651,6.054651
rul:2.51452990e-02,7.59998156e-08,1.51999631e-07,7.59998156e-08,3.79999078e-07,3.03999263e-07,0.00000000e+00,0.00000000e+00,0.00000000e+00,0.00000000e+00,0.00000000e+00,7.59998156e-08,0.00000000e+00,5.73137410e-03,0.00000000e+00,7.59998156e-08,0.00000000e+00,0.00000000e+00,0.00000000e+00,0.00000000e+00,0.00000000e+00,0.00000000e+00,0.00000000e+00,0.00000000e+00,0.00000000e+00,0.00000000e+00,2.45403405e-04,0.00000000e+00,0.00000000e+00,0.00000000e+00,0.00000000e+00,0.00000000e+00,0.00000000e+00,0.00000000e+00,0.00000000e+00,0.00000000e+00,0.00000000e+00,0.00000000e+00,0.00000000e+00,6.07998525e-07
rul_bin_edges:   0.       ,  32.1297275,  64.259455 ,  96.3891825, 128.51891  , 160.6486375, 192.778365 , 224.9080925, 257.03782  , 289.1675475, 321.297275 , 353.4270025, 385.55673  , 417.6864575, 449.816185 , 481.9459125, 514.07564  , 546.2053675, 578.335095 , 610.4648225, 642.59455  , 674.7242775, 706.854005 , 738.9837325, 771.11346  , 803.2431875, 835.372915 , 867.5026425, 899.63237  , 931.7620975, 963.891825 , 996.0215525,1028.15128  ,1060.2810075,1092.410735 ,1124.5404625,1156.67019  ,1188.7999175,1220.929645 ,1253.0593725,1285.1891   
rdl:1.34216315e-02,2.83993013e-07,1.82566937e-06,1.25768334e-06,3.24563443e-07,4.86845164e-07,4.86845164e-07,4.05704304e-07,8.11408607e-08,5.27415595e-07,9.33119898e-07,3.24563443e-07,4.05704304e-08,3.05227576e-03,8.11408607e-08,0.00000000e+00,1.21711291e-07,0.00000000e+00,0.00000000e+00,0.00000000e+00,0.00000000e+00,0.00000000e+00,4.05704304e-08,1.21711291e-07,0.00000000e+00,0.00000000e+00,1.33071012e-04,0.00000000e+00,0.00000000e+00,0.00000000e+00,0.00000000e+00,0.00000000e+00,0.00000000e+00,0.00000000e+00,0.00000000e+00,0.00000000e+00,0.00000000e+00,0.00000000e+00,0.00000000e+00,2.83993013e-07
rdl_bin_edges:   0.       ,  60.1880075, 120.376015 , 180.5640225, 240.75203  , 300.9400375, 361.128045 , 421.3160525, 481.50406  , 541.6920675, 601.880075 , 662.0680825, 722.25609  , 782.4440975, 842.632105 , 902.8201125, 963.00812  ,1023.1961275,1083.384135 ,1143.5721425,1203.76015  ,1263.9481575,1324.136165 ,1384.3241725,1444.51218  ,1504.7001875,1564.888195 ,1625.0762025,1685.26421  ,1745.4522175,1805.640225 ,1865.8282325,1926.01624  ,1986.2042475,2046.392255 ,2106.5802625,2166.76827  ,2226.9562775,2287.144285 ,2347.3322925,2407.5203   
lul:4.81718162e+03,0.00000000e+00,0.00000000e+00,0.00000000e+00,0.00000000e+00,0.00000000e+00,0.00000000e+00,0.00000000e+00,0.00000000e+00,0.00000000e+00,0.00000000e+00,0.00000000e+00,0.00000000e+00,0.00000000e+00,0.00000000e+00,0.00000000e+00,0.00000000e+00,8.98325897e+00,1.06663461e+02,1.55860271e+02,1.79839894e+02,2.12890134e+02,2.01883094e+02,1.49366700e+02,8.07765328e+01,3.54088911e+01,1.09779210e+01,1.95098331e+00,4.80466039e-01,8.73574616e-02,2.91191539e-02,2.91191539e-02,2.91191539e-02,1.45595769e-02,0.00000000e+00,0.00000000e+00,0.00000000e+00,0.00000000e+00,4.36787308e-02,1.45595769e-02
lul_bin_edges:0.        ,0.00016771,0.00033543,0.00050314,0.00067086,0.00083857,0.00100629,0.001174  ,0.00134172,0.00150943,0.00167715,0.00184486,0.00201257,0.00218029,0.002348  ,0.00251572,0.00268343,0.00285115,0.00301886,0.00318658,0.00335429,0.00352201,0.00368972,0.00385744,0.00402515,0.00419286,0.00436058,0.00452829,0.00469601,0.00486372,0.00503144,0.00519915,0.00536687,0.00553458,0.0057023 ,0.00587001,0.00603772,0.00620544,0.00637315,0.00654087,0.00670858
ldl:4.19958780e+03,0.00000000e+00,0.00000000e+00,0.00000000e+00,0.00000000e+00,0.00000000e+00,0.00000000e+00,0.00000000e+00,0.00000000e+00,0.00000000e+00,0.00000000e+00,0.00000000e+00,0.00000000e+00,0.00000000e+00,0.00000000e+00,3.34752420e+01,1.31450941e+02,1.67363515e+02,2.10029533e+02,2.04545534e+02,1.47153965e+02,7.16474273e+01,2.73057435e+01,5.02699880e+00,7.99749808e-01,1.65027738e-01,1.26944414e-02,1.26944414e-02,5.07777656e-02,1.26944414e-02,0.00000000e+00,0.00000000e+00,0.00000000e+00,2.53888828e-02,1.26944414e-02,0.00000000e+00,0.00000000e+00,0.00000000e+00,0.00000000e+00,1.26944414e-02
ldl_bin_edges:0.        ,0.00019236,0.00038471,0.00057707,0.00076942,0.00096178,0.00115414,0.00134649,0.00153885,0.0017312 ,0.00192356,0.00211592,0.00230827,0.00250063,0.00269299,0.00288534,0.0030777 ,0.00327005,0.00346241,0.00365477,0.00384712,0.00403948,0.00423183,0.00442419,0.00461655,0.0048089 ,0.00500126,0.00519361,0.00538597,0.00557833,0.00577068,0.00596304,0.0061554 ,0.00634775,0.00654011,0.00673246,0.00692482,0.00711718,0.00730953,0.00750189,0.00769424
ilul:1.34129819e+02,2.83765389e-03,3.64841215e-03,4.45917040e-03,4.05379127e-03,4.45917040e-03,3.64841215e-03,4.45917040e-03,2.83765389e-03,4.05379127e-03,5.26992866e-03,4.45917040e-03,4.05379127e-03,3.24303302e-03,4.45917040e-03,3.24303302e-03,3.64841215e-03,5.26992866e-03,3.56733632e-02,1.44314969e-01,4.60916068e-01,1.00088107e+00,1.21046207e+00,8.71565124e-01,6.88739138e-01,6.91982171e-01,1.41436778e+00,2.63820736e+00,2.80198053e+00,3.14695817e+00,4.12675952e+00,4.33269211e+00,3.26168046e+00,2.35484735e+00,1.53881917e+00,7.29277050e-01,2.42822097e-01,7.86435507e-02,3.40518467e-02,9.32371993e-03
ilul_bin_edges:0.        ,0.00602363,0.01204726,0.01807089,0.02409452,0.03011814,0.03614177,0.0421654 ,0.04818903,0.05421266,0.06023629,0.06625992,0.07228355,0.07830717,0.0843308 ,0.09035443,0.09637806,0.10240169,0.10842532,0.11444895,0.12047257,0.1264962 ,0.13251983,0.13854346,0.14456709,0.15059072,0.15661435,0.16263798,0.1686616 ,0.17468523,0.18070886,0.18673249,0.19275612,0.19877975,0.20480338,0.21082701,0.21685064,0.22287426,0.22889789,0.23492152,0.24094515
ildl:2.29108122e+02,6.85541958e-02,4.22404641e-02,4.43178640e-02,4.22404641e-02,4.77801971e-02,7.34014622e-02,1.20489193e-01,1.96660521e-01,2.68677050e-01,3.91936109e-01,4.84726637e-01,5.58128099e-01,6.06600763e-01,6.76539892e-01,7.51326287e-01,7.85949619e-01,7.90796885e-01,7.79024952e-01,9.74993007e-01,1.36138938e+00,2.14941640e+00,2.88412349e+00,3.30722060e+00,3.61121345e+00,3.95121456e+00,4.45671519e+00,4.83410950e+00,5.01138096e+00,4.60975032e+00,3.74070470e+00,2.68123077e+00,1.86065782e+00,1.17373093e+00,6.59920693e-01,2.79064050e-01,1.12872060e-01,5.33199301e-02,1.80041322e-02,1.38493325e-02
ildl_bin_edges:0.        ,0.00352631,0.00705262,0.01057894,0.01410525,0.01763156,0.02115787,0.02468418,0.0282105 ,0.03173681,0.03526312,0.03878943,0.04231574,0.04584206,0.04936837,0.05289468,0.05642099,0.0599473 ,0.06347362,0.06699993,0.07052624,0.07405255,0.07757886,0.08110518,0.08463149,0.0881578 ,0.09168411,0.09521042,0.09873674,0.10226305,0.10578936,0.10931567,0.11284198,0.1163683 ,0.11989461,0.12342092,0.12694723,0.13047354,0.13399986,0.13752617,0.14105248
eul:2.34334145e-02,0.00000000e+00,0.00000000e+00,0.00000000e+00,0.00000000e+00,1.00776346e-05,9.86394021e-04,6.09794029e-03,7.63751146e-03,3.80849597e-03,3.98880064e-03,2.50411008e-03,8.02932504e-04,2.41863231e-04,1.13039492e-04,5.02667559e-05,2.31907014e-05,1.03204692e-05,6.19228152e-06,2.91401483e-06,1.69984199e-06,3.64251854e-07,7.28503708e-07,0.00000000e+00,0.00000000e+00,3.64251854e-07,3.64251854e-07,0.00000000e+00,0.00000000e+00,0.00000000e+00,0.00000000e+00,0.00000000e+00,3.64251854e-07,0.00000000e+00,0.00000000e+00,4.85669139e-07,0.00000000e+00,4.85669139e-07,3.64251854e-07,7.28503708e-07
eul_bin_edges:  0.     , 20.11125, 40.2225 , 60.33375, 80.445  ,100.55625,120.6675 ,140.77875,160.89   ,181.00125,201.1125 ,221.22375,241.335  ,261.44625,281.5575 ,301.66875,321.78   ,341.89125,362.0025 ,382.11375,402.225  ,422.33625,442.4475 ,462.55875,482.67   ,502.78125,522.8925 ,543.00375,563.115  ,583.22625,603.3375 ,623.44875,643.56   ,663.67125,683.7825 ,703.89375,724.005  ,744.11625,764.2275 ,784.33875,804.45   
edl:4.43629182e-02,0.00000000e+00,0.00000000e+00,0.00000000e+00,0.00000000e+00,0.00000000e+00,5.47142371e-05,1.01375030e-03,1.84983303e-03,9.27068197e-04,9.81782434e-04,7.21490209e-04,2.77997506e-04,8.63132459e-05,3.84843960e-05,2.05332081e-05,8.11492055e-06,3.56564691e-06,2.82792686e-06,1.22953342e-06,6.14766709e-07,2.45906683e-07,1.22953342e-07,0.00000000e+00,0.00000000e+00,2.45906683e-07,1.22953342e-07,0.00000000e+00,0.00000000e+00,0.00000000e+00,0.00000000e+00,0.00000000e+00,0.00000000e+00,1.22953342e-07,0.00000000e+00,0.00000000e+00,1.22953342e-07,0.00000000e+00,0.00000000e+00,2.45906683e-07
edl_bin_edges:  0.  , 19.86, 39.72, 59.58, 79.44, 99.3 ,119.16,139.02,158.88,178.74,198.6 ,218.46,238.32,258.18,278.04,297.9 ,317.76,337.62,357.48,377.34,397.2 ,417.06,436.92,456.78,476.64,496.5 ,516.36,536.22,556.08,575.94,595.8 ,615.66,635.52,655.38,675.24,695.1 ,714.96,734.82,754.68,774.54,794.4 
gul:2.62909703e-02,0.00000000e+00,0.00000000e+00,0.00000000e+00,0.00000000e+00,1.17774766e-05,1.08316360e-03,5.74206623e-03,6.77314181e-03,3.31080652e-03,3.41643956e-03,2.09760501e-03,6.54681999e-04,1.81883092e-04,8.79061141e-05,3.89749484e-05,1.56628297e-05,8.49920993e-06,4.12818768e-06,1.94267656e-06,1.33559013e-06,2.42834569e-07,4.85669139e-07,0.00000000e+00,0.00000000e+00,2.42834569e-07,2.42834569e-07,0.00000000e+00,0.00000000e+00,0.00000000e+00,0.00000000e+00,0.00000000e+00,2.42834569e-07,0.00000000e+00,0.00000000e+00,1.21417285e-07,0.00000000e+00,1.21417285e-07,2.42834569e-07,4.85669139e-07
gul_bin_edges:  0.     , 20.11125, 40.2225 , 60.33375, 80.445  ,100.55625,120.6675 ,140.77875,160.89   ,181.00125,201.1125 ,221.22375,241.335  ,261.44625,281.5575 ,301.66875,321.78   ,341.89125,362.0025 ,382.11375,402.225  ,422.33625,442.4475 ,462.55875,482.67   ,502.78125,522.8925 ,543.00375,563.115  ,583.22625,603.3375 ,623.44875,643.56   ,663.67125,683.7825 ,703.89375,724.005  ,744.11625,764.2275 ,784.33875,804.45   
gdl:5.91545011e-03,0.00000000e+00,0.00000000e+00,0.00000000e+00,0.00000000e+00,2.18551112e-05,1.98942221e-03,1.06761004e-02,1.26496170e-02,6.20721585e-03,6.43050223e-03,3.95431813e-03,1.22376481e-03,3.52717212e-04,1.62820579e-04,7.23647017e-05,3.22969977e-05,1.52985779e-05,7.64928894e-06,4.00677039e-06,2.54976298e-06,3.64251854e-07,1.09275556e-06,0.00000000e+00,0.00000000e+00,3.64251854e-07,4.85669139e-07,0.00000000e+00,0.00000000e+00,0.00000000e+00,0.00000000e+00,0.00000000e+00,4.85669139e-07,0.00000000e+00,0.00000000e+00,4.85669139e-07,0.00000000e+00,6.07086423e-07,6.07086423e-07,9.71338278e-07
gdl_bin_edges:  0.     , 20.11125, 40.2225 , 60.33375, 80.445  ,100.55625,120.6675 ,140.77875,160.89   ,181.00125,201.1125 ,221.22375,241.335  ,261.44625,281.5575 ,301.66875,321.78   ,341.89125,362.0025 ,382.11375,402.225  ,422.33625,442.4475 ,462.55875,482.67   ,502.78125,522.8925 ,543.00375,563.115  ,583.22625,603.3375 ,623.44875,643.56   ,663.67125,683.7825 ,703.89375,724.005  ,744.11625,764.2275 ,784.33875,804.45   
ri: 0., 0., 0., 0., 0., 0., 0., 0., 0., 0., 0., 0., 0., 0., 0., 0., 0., 0., 0., 0.,40., 0., 0., 0., 0., 0., 0., 0., 0., 0., 0., 0., 0., 0., 0., 0., 0., 0., 0., 0.
ri_bin_edges:0.5  ,0.525,0.55 ,0.575,0.6  ,0.625,0.65 ,0.675,0.7  ,0.725,0.75 ,0.775,0.8  ,0.825,0.85 ,0.875,0.9  ,0.925,0.95 ,0.975,1.   ,1.025,1.05 ,1.075,1.1  ,1.125,1.15 ,1.175,1.2  ,1.225,1.25 ,1.275,1.3  ,1.325,1.35 ,1.375,1.4  ,1.425,1.45 ,1.475,1.5  
