period:1
ue_log_freq:1000
mac_log_freq:1000
mimo_layers:2
frequency:2412000000.0
bandwidth:50000000
ue_speed:5.555555555555555
max_distance:1000
shannon_cfg_bandwidth_mhz:50.0
shannon_cfg_mimo_layers:2
shannon_cfg_bw_efficiency:0.67
shannon_cfg_sinr_offset_db:0
shannon_cfg_ul_divisor:2
shannon_cfg_sinr_sample_rate:1000
n_ue:20
sinr_period:9.463597741343282
sinr_rate:105.66805852612856
ul_fairness:nan
dl_fairness:0.997580081605899
ul_agg_throughput:0
dl_agg_throughput:40.84322578849042
ul_ave_throughput:0.0
dl_ave_throughput:2.042161289424521
ul_se:0.0
dl_se:0.8168645157698085
ul_ase:0.0
dl_ase:2.6001605104226503e-07
ul_gr:0.0, 0.0, 0.0, 0.0, 0.0, 0.0, 0.0, 0.0, 0.0, 0.0, 0.0, 0.0, 0.0, 0.0, 0.0, 0.0, 0.0, 0.0, 0.0, 0.0
dl_gr:2.111883881161188, 2.1135048649513504, 2.112308876911231, 2.11150188498115, 2.111939880601194, 2.1132558674413255, 2.1136138638613615, 2.112358876411236, 2.112409875901241, 2.1118918810811893, 2.113007869921301, 2.1131108688913107, 2.1128768712312875, 2.113008869911301, 2.1119548804511954, 2.1131898681013186, 2.11360186398136, 2.113634863651363, 2.1129328706712935, 2.111808881911181
ul_tr:0.0, 0.0, 0.0, 0.0, 0.0, 0.0, 0.0, 0.0, 0.0, 0.0, 0.0, 0.0, 0.0, 0.0, 0.0, 0.0, 0.0, 0.0, 0.0, 0.0
dl_tr:2.005900224597754, 2.0054989677103228, 2.005900223897761, 2.005498963310367, 2.0059002263977357, 2.0067027469725303, 2.0067027474725254, 2.00549896601034, 2.005900222797772, 2.0059002260977388, 2.0067027521724783, 2.006702748072519, 2.006702747572524, 2.006702745672543, 2.005900225397746, 2.0071040037599626, 2.0067027469725303, 2.00670274797252, 2.006301485885141, 2.0054989680103197
ul_er:0.0, 0.0, 0.0, 0.0, 0.0, 0.0, 0.0, 0.0, 0.0, 0.0, 0.0, 0.0, 0.0, 0.0, 0.0, 0.0, 0.0, 0.0, 0.0, 0.0
dl_er:97.88597414025861, 97.88534714652855, 97.88554914450856, 97.88635613643864, 97.88591814081859, 97.88460215397848, 97.88424415755843, 97.88549914500855, 97.88544814551854, 97.8859661403386, 97.88485015149848, 97.88474715252848, 97.8849811501885, 97.88484915150849, 97.88590314096858, 97.88466815331847, 97.88425615743843, 97.88422315776842, 97.88492515074847, 97.88604913950861
ul_er_ratio:0.0, 0.0, 0.0, 0.0, 0.0, 0.0, 0.0, 0.0, 0.0, 0.0, 0.0, 0.0, 0.0, 0.0, 0.0, 0.0, 0.0, 0.0, 0.0, 0.0
dl_er_ratio:0.9799192853537698, 0.9799230956016054, 0.9799191999257127, 0.9799232984380184, 0.9799192740788463, 0.9799111369206527, 0.9799110649198235, 0.9799231261681716, 0.9799191796330381, 0.9799192837308752, 0.9799111867436118, 0.9799111660700759, 0.9799112131333537, 0.9799111866062702, 0.9799192710733147, 0.979907213973501, 0.9799110673380078, 0.979911060691678, 0.9799151381613992, 0.9799232366901384
ul_er_perc:0.0, 0.0, 0.0, 0.0, 0.0, 0.0, 0.0, 0.0, 0.0, 0.0, 0.0, 0.0, 0.0, 0.0, 0.0, 0.0, 0.0, 0.0, 0.0, 0.0
dl_er_perc:97.99192853537699, 97.99230956016054, 97.99191999257127, 97.99232984380184, 97.99192740788463, 97.99111369206527, 97.99110649198235, 97.99231261681716, 97.9919179633038, 97.99192837308752, 97.99111867436118, 97.99111660700758, 97.99112131333537, 97.99111866062702, 97.99192710733146, 97.9907213973501, 97.99110673380078, 97.9911060691678, 97.99151381613991, 97.99232366901384
ul_l:0.0, 0.0, 0.0, 0.0, 0.0, 0.0, 0.0, 0.0, 0.0, 0.0, 0.0, 0.0, 0.0, 0.0, 0.0, 0.0, 0.0, 0.0, 0.0, 0.0
dl_l:0.00014651706836231638, 0.00014551009378606215, 0.00014745601566184337, 0.0001467273556314437, 0.0001464881777802222, 0.00014511160070599294, 0.00014605449795402047, 0.00014592306833731663, 0.00014694991793682064, 0.0001463559428095719, 0.0001451145179578204, 0.0001458978279897201, 0.0001461184050699493, 0.0001470210696703033, 0.00014581639502604977, 0.00014750117164528357, 0.00014583957711522885, 0.0001462691104108959, 0.0001465955151108489, 0.00014540093307766923
ul_il:0.0, 0.0, 0.0, 0.0, 0.0, 0.0, 0.0, 0.0, 0.0, 0.0, 0.0, 0.0, 0.0, 0.0, 0.0, 0.0, 0.0, 0.0, 0.0, 0.0
dl_il:0.2326195548411616, 0.2311002542215678, 0.23277891109419904, 0.23228286084287153, 0.2322847655702443, 0.2308104610410196, 0.23127861257349427, 0.23173844074789252, 0.2336559818054219, 0.23176926252600472, 0.22893381675557242, 0.23103198788272114, 0.231241168302157, 0.2323598693513965, 0.23205992416655832, 0.23349322048553514, 0.23191778590874093, 0.23114443451902478, 0.23202564360932393, 0.23017360149416502
sinr_ul:2.84085391e-04,4.30473998e-04,3.07873540e-04,1.05788642e-03,3.07713427e-03,1.90282316e-03,1.23309528e-03,1.30354480e-03,1.45610918e-03,3.51469897e-03,1.11664772e-02,5.84456515e-02,6.63755681e-02,6.52136085e-02,7.43926316e-02,4.44458685e-02,3.71474815e-02,2.68316593e-02,1.49867624e-02,1.25384129e-02,1.30320170e-02,7.05112749e-03,3.81937026e-03,2.39185260e-03,3.11007171e-03,6.83451810e-04,1.80240973e-04,1.14137367e-04,1.04988079e-04,9.92697743e-05,9.88123099e-05,6.15289615e-05,4.96348872e-05,4.84912262e-05,4.78050296e-05,4.71188330e-05,4.68901008e-05,4.66613686e-05,7.06782495e-05,2.52977812e-04
sinr_ul_bin_edges:-8.488394 ,-6.3024534,-4.1165128,-1.9305722, 0.2553684, 2.441309 , 4.6272496, 6.8131902, 8.9991308,11.1850714,13.371012 ,15.5569526,17.7428932,19.9288338,22.1147744,24.300715 ,26.4866556,28.6725962,30.8585368,33.0444774,35.230418 ,37.4163586,39.6022992,41.7882398,43.9741804,46.160121 ,48.3460616,50.5320022,52.7179428,54.9038834,57.089824 ,59.2757646,61.4617052,63.6476458,65.8335864,68.019527 ,70.2054676,72.3914082,74.5773488,76.7632894,78.94923  
sinr_dl:2.84087838e-04,4.30477705e-04,3.07876191e-04,1.05720933e-03,3.07738951e-03,1.90329702e-03,1.23287717e-03,1.30355603e-03,1.45543552e-03,3.51450050e-03,1.11560516e-02,5.84241963e-02,6.64150245e-02,6.52121115e-02,7.44069963e-02,4.44327559e-02,3.71459715e-02,2.68243422e-02,1.49905512e-02,1.25373773e-02,1.30341879e-02,7.05164569e-03,3.82008935e-03,2.39164447e-03,3.11032723e-03,6.83686430e-04,1.80242525e-04,1.14138350e-04,1.04988983e-04,9.92706292e-05,9.88131609e-05,6.15294914e-05,4.96353146e-05,4.84916438e-05,4.78054413e-05,4.71192388e-05,4.71192388e-05,4.64330362e-05,7.06788581e-05,2.52979991e-04
sinr_dl_bin_edges: 1.254509  , 3.44043077, 5.62635255, 7.81227432, 9.9981961 ,12.18411788,14.37003965,16.55596142,18.7418832 ,20.92780497,23.11372675,25.29964852,27.4855703 ,29.67149207,31.85741385,34.04333562,36.2292574 ,38.41517917,40.60110095,42.78702272,44.9729445 ,47.15886627,49.34478805,51.53070982,53.7166316 ,55.90255337,58.08847515,60.27439692,62.4603187 ,64.64624047,66.83216225,69.01808402,71.2040058 ,73.38992757,75.57584935,77.76177112,79.9476929 ,82.13361467,84.31953645,86.50545822,88.69138   
rsrp_ul:2.84181016e-04,4.30049917e-04,3.06851379e-04,1.00986163e-03,3.07790252e-03,1.91759212e-03,1.23633626e-03,1.30801125e-03,1.42525596e-03,3.37948705e-03,9.88244634e-03,5.55318558e-02,7.10228125e-02,6.57903095e-02,7.56166524e-02,4.31545245e-02,3.69398681e-02,2.58398630e-02,1.57011729e-02,1.23686295e-02,1.31994181e-02,7.18765005e-03,3.84800788e-03,2.32336872e-03,3.17888868e-03,7.60945620e-04,1.77241020e-04,1.14038796e-04,1.05566034e-04,9.93832077e-05,9.75512592e-05,6.54921599e-05,4.94626103e-05,4.85466360e-05,4.78596553e-05,4.71726746e-05,4.69436811e-05,4.67146875e-05,7.05300184e-05,2.53266884e-04
rsrp_ul_bin_edges:-119.13375   ,-116.95030438,-114.76685875,-112.58341313,-110.3999675 ,-108.21652188,-106.03307625,-103.84963063,-101.666185  , -99.48273938, -97.29929375, -95.11584813, -92.9324025 , -90.74895688, -88.56551125, -86.38206562, -84.19862   , -82.01517438, -79.83172875, -77.64828313, -75.4648375 , -73.28139187, -71.09794625, -68.91450063, -66.731055  , -64.54760938, -62.36416375, -60.18071813, -57.9972725 , -55.81382688, -53.63038125, -51.44693563, -49.26349   , -47.08004437, -44.89659875, -42.71315313, -40.5297075 , -38.34626188, -36.16281625, -33.97937063, -31.795925  
rsrp_dl:2.84181016e-04,4.30049917e-04,3.06851379e-04,1.00986163e-03,3.07790252e-03,1.91759212e-03,1.23633626e-03,1.30801125e-03,1.42525596e-03,3.37948705e-03,9.88244634e-03,5.55320847e-02,7.10225835e-02,6.57905385e-02,7.56164234e-02,4.31547535e-02,3.69396391e-02,2.58398630e-02,1.57011729e-02,1.23686295e-02,1.31994181e-02,7.18765005e-03,3.84800788e-03,2.32336872e-03,3.17888868e-03,7.60945620e-04,1.77241020e-04,1.14038796e-04,1.05566034e-04,9.93832077e-05,9.75512592e-05,6.54921599e-05,4.94626103e-05,4.85466360e-05,4.78596553e-05,4.71726746e-05,4.69436811e-05,4.67146875e-05,7.05300184e-05,2.53266884e-04
rsrp_dl_bin_edges:-116.12345   ,-113.94000438,-111.75655875,-109.57311313,-107.3896675 ,-105.20622188,-103.02277625,-100.83933063, -98.655885  , -96.47243938, -94.28899375, -92.10554813, -89.9221025 , -87.73865688, -85.55521125, -83.37176562, -81.18832   , -79.00487438, -76.82142875, -74.63798313, -72.4545375 , -70.27109187, -68.08764625, -65.90420063, -63.720755  , -61.53730938, -59.35386375, -57.17041813, -54.9869725 , -52.80352688, -50.62008125, -48.43663563, -46.25319   , -44.06974437, -41.88629875, -39.70285313, -37.5194075 , -35.33596188, -33.15251625, -30.96907063, -28.785625  
cqi_ul:1.08998910e-03,0.00000000e+00,2.81854324e-03,0.00000000e+00,0.00000000e+00,1.85569573e-03,0.00000000e+00,0.00000000e+00,4.63423937e-03,0.00000000e+00,0.00000000e+00,1.01727554e-02,0.00000000e+00,0.00000000e+00,1.40855734e-02,0.00000000e+00,0.00000000e+00,1.01770411e-02,0.00000000e+00,0.00000000e+00,6.70850434e-03,0.00000000e+00,5.31423257e-03,0.00000000e+00,0.00000000e+00,6.38279331e-03,0.00000000e+00,0.00000000e+00,9.91561513e-03,0.00000000e+00,0.00000000e+00,2.49640361e-02,0.00000000e+00,0.00000000e+00,7.29164137e-02,0.00000000e+00,0.00000000e+00,1.85815285e-01,0.00000000e+00,2.50029214e+00
cqi_ul_bin_edges: 1.  , 1.35, 1.7 , 2.05, 2.4 , 2.75, 3.1 , 3.45, 3.8 , 4.15, 4.5 , 4.85, 5.2 , 5.55, 5.9 , 6.25, 6.6 , 6.95, 7.3 , 7.65, 8.  , 8.35, 8.7 , 9.05, 9.4 , 9.75,10.1 ,10.45,10.8 ,11.15,11.5 ,11.85,12.2 ,12.55,12.9 ,13.25,13.6 ,13.95,14.3 ,14.65,15.  
cqi_dl:1.69998300e-04,0.00000000e+00,0.00000000e+00,0.00000000e+00,1.70598294e-03,0.00000000e+00,0.00000000e+00,0.00000000e+00,3.51996480e-03,0.00000000e+00,0.00000000e+00,0.00000000e+00,2.06997930e-03,0.00000000e+00,0.00000000e+00,0.00000000e+00,1.70398296e-03,0.00000000e+00,0.00000000e+00,0.00000000e+00,8.74391256e-03,0.00000000e+00,0.00000000e+00,0.00000000e+00,2.50437496e-02,0.00000000e+00,0.00000000e+00,0.00000000e+00,1.56038440e-02,0.00000000e+00,0.00000000e+00,0.00000000e+00,9.61990380e-03,0.00000000e+00,0.00000000e+00,0.00000000e+00,6.92393076e-03,0.00000000e+00,0.00000000e+00,3.92489475e+00
cqi_dl_bin_edges: 5.  , 5.25, 5.5 , 5.75, 6.  , 6.25, 6.5 , 6.75, 7.  , 7.25, 7.5 , 7.75, 8.  , 8.25, 8.5 , 8.75, 9.  , 9.25, 9.5 , 9.75,10.  ,10.25,10.5 ,10.75,11.  ,11.25,11.5 ,11.75,12.  ,12.25,12.5 ,12.75,13.  ,13.25,13.5 ,13.75,14.  ,14.25,14.5 ,14.75,15.  
mcs_ul:1.08141776e-03,8.72848414e-04,5.07852064e-04,0.00000000e+00,4.19995800e-04,9.91418657e-04,0.00000000e+00,1.32570103e-03,1.97140886e-03,0.00000000e+00,3.11496885e-03,5.23566193e-03,2.35711929e-05,0.00000000e+00,1.78355359e-03,3.10639751e-03,0.00000000e+00,1.98212304e-03,1.71426857e-03,0.00000000e+00,1.63998360e-03,1.16355979e-03,0.00000000e+00,0.00000000e+00,1.49355649e-03,1.48998510e-03,0.00000000e+00,1.70141156e-03,2.26354879e-03,0.00000000e+00,2.69425877e-03,5.15066278e-03,7.33135526e-03,0.00000000e+00,9.48990510e-03,2.69683017e-02,0.00000000e+00,3.86703276e-02,5.42080293e-02,1.25017536e+00
mcs_ul_bin_edges: 0. , 0.7, 1.4, 2.1, 2.8, 3.5, 4.2, 4.9, 5.6, 6.3, 7. , 7.7, 8.4, 9.1, 9.8,10.5,11.2,11.9,12.6,13.3,14. ,14.7,15.4,16.1,16.8,17.5,18.2,18.9,19.6,20.3,21. ,21.7,22.4,23.1,23.8,24.5,25.2,25.9,26.6,27.3,28. 
mcs_dl:8.09515714e-05,4.15233943e-04,0.00000000e+00,4.76185714e-06,0.00000000e+00,3.92377029e-04,0.00000000e+00,5.56184914e-04,0.00000000e+00,1.11998880e-03,0.00000000e+00,5.01899743e-04,0.00000000e+00,4.83804686e-04,0.00000000e+00,3.16187314e-04,0.00000000e+00,0.00000000e+00,0.00000000e+00,4.95233143e-04,1.84283871e-03,0.00000000e+00,2.32092917e-03,0.00000000e+00,3.06282651e-03,0.00000000e+00,8.86276852e-03,0.00000000e+00,3.24758657e-03,0.00000000e+00,4.18281531e-03,0.00000000e+00,2.41235683e-03,0.00000000e+00,2.16854974e-03,0.00000000e+00,1.56379389e-03,0.00000000e+00,1.73141126e-03,1.86899941e+00
mcs_dl_bin_edges: 7.   , 7.525, 8.05 , 8.575, 9.1  , 9.625,10.15 ,10.675,11.2  ,11.725,12.25 ,12.775,13.3  ,13.825,14.35 ,14.875,15.4  ,15.925,16.45 ,16.975,17.5  ,18.025,18.55 ,19.075,19.6  ,20.125,20.65 ,21.175,21.7  ,22.225,22.75 ,23.275,23.8  ,24.325,24.85 ,25.375,25.9  ,26.425,26.95 ,27.475,28.   
eff_ul:1.02852295e-02,4.88322850e-03,5.21779920e-03,6.97711478e-03,1.03754509e-02,1.63939642e-02,0.00000000e+00,2.75550923e-02,9.51082995e-03,1.63488535e-02,1.04318392e-02,0.00000000e+00,9.02213118e-03,0.00000000e+00,8.63117216e-03,0.00000000e+00,6.12377154e-03,7.86053179e-03,7.84173568e-03,0.00000000e+00,0.00000000e+00,8.95446519e-03,0.00000000e+00,1.19129724e-02,0.00000000e+00,1.41797828e-02,0.00000000e+00,2.71077450e-02,0.00000000e+00,3.85846477e-02,0.00000000e+00,0.00000000e+00,4.99450145e-02,0.00000000e+00,1.41933160e-01,0.00000000e+00,2.03520483e-01,0.00000000e+00,2.85294825e-01,6.57962599e+00
eff_ul_bin_edges:0.23439987,0.36740481,0.50040975,0.63341468,0.76641962,0.89942456,1.0324295 ,1.16543444,1.29843938,1.43144431,1.56444925,1.69745419,1.83045913,1.96346407,2.09646901,2.22947394,2.36247888,2.49548382,2.62848876,2.7614937 ,2.89449863,3.02750357,3.16050851,3.29351345,3.42651839,3.55952333,3.69252826,3.8255332 ,3.95853814,4.09154308,4.22454802,4.35755296,4.49055789,4.62356283,4.75656777,4.88957271,5.02257765,5.15558259,5.28858752,5.42159246,5.5545974 
eff_dl:3.75496256e-04,1.92607492e-03,1.84214046e-03,2.57988016e-03,0.00000000e+00,5.19510115e-03,0.00000000e+00,2.32807679e-03,0.00000000e+00,0.00000000e+00,2.24414233e-03,0.00000000e+00,1.46664420e-03,2.29715357e-03,0.00000000e+00,8.54806184e-03,0.00000000e+00,1.07656986e-02,0.00000000e+00,0.00000000e+00,1.42070113e-02,0.00000000e+00,4.11102137e-02,0.00000000e+00,0.00000000e+00,1.50640263e-02,0.00000000e+00,0.00000000e+00,1.94021125e-02,0.00000000e+00,1.11897884e-02,0.00000000e+00,0.00000000e+00,1.00588821e-02,0.00000000e+00,0.00000000e+00,7.25370415e-03,0.00000000e+00,8.03120228e-03,8.66940897e+00
eff_dl_bin_edges:1.0273006 ,1.14048302,1.25366544,1.36684786,1.48003028,1.5932127 ,1.70639512,1.81957754,1.93275996,2.04594238,2.1591248 ,2.27230722,2.38548964,2.49867206,2.61185448,2.7250369 ,2.83821932,2.95140174,3.06458416,3.17776658,3.290949  ,3.40413142,3.51731384,3.63049626,3.74367868,3.8568611 ,3.97004352,4.08322594,4.19640836,4.30959078,4.4227732 ,4.53595562,4.64913804,4.76232046,4.87550288,4.9886853 ,5.10186772,5.21505014,5.32823256,5.44141498,5.5545974 
rul: 0., 0., 0., 0., 0., 0., 0., 0., 0., 0., 0., 0., 0., 0., 0., 0., 0., 0., 0., 0.,40., 0., 0., 0., 0., 0., 0., 0., 0., 0., 0., 0., 0., 0., 0., 0., 0., 0., 0., 0.
rul_bin_edges:-0.5  ,-0.475,-0.45 ,-0.425,-0.4  ,-0.375,-0.35 ,-0.325,-0.3  ,-0.275,-0.25 ,-0.225,-0.2  ,-0.175,-0.15 ,-0.125,-0.1  ,-0.075,-0.05 ,-0.025, 0.   , 0.025, 0.05 , 0.075, 0.1  , 0.125, 0.15 , 0.175, 0.2  , 0.225, 0.25 , 0.275, 0.3  , 0.325, 0.35 , 0.375, 0.4  , 0.425, 0.45 , 0.475, 0.5  
rdl:3.17309178e-01,0.00000000e+00,0.00000000e+00,0.00000000e+00,0.00000000e+00,0.00000000e+00,0.00000000e+00,0.00000000e+00,0.00000000e+00,0.00000000e+00,0.00000000e+00,0.00000000e+00,0.00000000e+00,1.33338723e-02,0.00000000e+00,0.00000000e+00,0.00000000e+00,0.00000000e+00,0.00000000e+00,0.00000000e+00,0.00000000e+00,0.00000000e+00,0.00000000e+00,0.00000000e+00,0.00000000e+00,0.00000000e+00,1.63946636e-03,0.00000000e+00,0.00000000e+00,0.00000000e+00,0.00000000e+00,0.00000000e+00,0.00000000e+00,0.00000000e+00,0.00000000e+00,0.00000000e+00,0.00000000e+00,0.00000000e+00,0.00000000e+00,1.66139680e-07
rdl_bin_edges:  0.        ,  3.00948575,  6.0189715 ,  9.02845725, 12.037943  , 15.04742875, 18.0569145 , 21.06640025, 24.075886  , 27.08537175, 30.0948575 , 33.10434325, 36.113829  , 39.12331475, 42.1328005 , 45.14228625, 48.151772  , 51.16125775, 54.1707435 , 57.18022925, 60.189715  , 63.19920075, 66.2086865 , 69.21817225, 72.227658  , 75.23714375, 78.2466295 , 81.25611525, 84.265601  , 87.27508675, 90.2845725 , 93.29405825, 96.303544  , 99.31302975,102.3225155 ,105.33200125,108.341487  ,111.35097275,114.3604585 ,117.36994425,120.37943   
lul: 0., 0., 0., 0., 0., 0., 0., 0., 0., 0., 0., 0., 0., 0., 0., 0., 0., 0., 0., 0.,40., 0., 0., 0., 0., 0., 0., 0., 0., 0., 0., 0., 0., 0., 0., 0., 0., 0., 0., 0.
lul_bin_edges:-0.5  ,-0.475,-0.45 ,-0.425,-0.4  ,-0.375,-0.35 ,-0.325,-0.3  ,-0.275,-0.25 ,-0.225,-0.2  ,-0.175,-0.15 ,-0.125,-0.1  ,-0.075,-0.05 ,-0.025, 0.   , 0.025, 0.05 , 0.075, 0.1  , 0.125, 0.15 , 0.175, 0.2  , 0.225, 0.25 , 0.275, 0.3  , 0.325, 0.35 , 0.375, 0.4  , 0.425, 0.45 , 0.475, 0.5  
ldl:9.02094130e+03,0.00000000e+00,0.00000000e+00,0.00000000e+00,0.00000000e+00,0.00000000e+00,0.00000000e+00,0.00000000e+00,0.00000000e+00,0.00000000e+00,0.00000000e+00,0.00000000e+00,0.00000000e+00,0.00000000e+00,0.00000000e+00,0.00000000e+00,0.00000000e+00,0.00000000e+00,0.00000000e+00,0.00000000e+00,0.00000000e+00,0.00000000e+00,0.00000000e+00,0.00000000e+00,0.00000000e+00,0.00000000e+00,0.00000000e+00,0.00000000e+00,2.96394516e+02,1.90820029e+00,6.61257526e-02,4.72326804e-03,2.54111821e+00,4.38980532e+01,1.93653990e-01,4.25094124e-02,1.71454630e+00,7.87604946e+01,1.55867845e-01,9.44653609e-03
ldl_bin_edges:0.        ,0.00010586,0.00021172,0.00031757,0.00042343,0.00052929,0.00063515,0.000741  ,0.00084686,0.00095272,0.00105858,0.00116444,0.00127029,0.00137615,0.00148201,0.00158787,0.00169373,0.00179958,0.00190544,0.0020113 ,0.00211716,0.00222301,0.00232887,0.00243473,0.00254059,0.00264645,0.0027523 ,0.00285816,0.00296402,0.00306988,0.00317574,0.00328159,0.00338745,0.00349331,0.00359917,0.00370502,0.00381088,0.00391674,0.0040226 ,0.00412846,0.00423431
ilul: 0., 0., 0., 0., 0., 0., 0., 0., 0., 0., 0., 0., 0., 0., 0., 0., 0., 0., 0., 0.,40., 0., 0., 0., 0., 0., 0., 0., 0., 0., 0., 0., 0., 0., 0., 0., 0., 0., 0., 0.
ilul_bin_edges:-0.5  ,-0.475,-0.45 ,-0.425,-0.4  ,-0.375,-0.35 ,-0.325,-0.3  ,-0.275,-0.25 ,-0.225,-0.2  ,-0.175,-0.15 ,-0.125,-0.1  ,-0.075,-0.05 ,-0.025, 0.   , 0.025, 0.05 , 0.075, 0.1  , 0.125, 0.15 , 0.175, 0.2  , 0.225, 0.25 , 0.275, 0.3  , 0.325, 0.35 , 0.375, 0.4  , 0.425, 0.45 , 0.475, 0.5  
ildl:2.83547032e+00,6.60426416e-04,5.06079568e-04,5.37245758e-04,5.31309341e-04,5.35761654e-04,5.44666280e-04,5.86221200e-04,5.68411949e-04,5.69896053e-04,5.56539114e-04,5.58023219e-04,5.62475532e-04,5.77316575e-04,1.60164537e-02,8.54339484e-02,1.85023284e-02,3.87054403e-03,6.82687980e-05,7.56893196e-05,6.53005894e-05,6.82687980e-05,8.90462583e-05,1.82544830e-04,7.86575282e-05,6.23323808e-05,7.71734239e-05,6.53005894e-05,4.45231291e-05,5.49118593e-05,6.97529023e-05,6.38164851e-05,3.36891677e-04,5.04595464e-05,4.45231291e-05,3.85867119e-05,4.15549205e-05,2.22615646e-05,2.07774603e-05,2.96820861e-05
ildl_bin_edges: 0.        , 0.33690017, 0.67380035, 1.01070052, 1.3476007 , 1.68450087, 2.02140105, 2.35830122, 2.6952014 , 3.03210157, 3.36900175, 3.70590192, 4.0428021 , 4.37970227, 4.71660245, 5.05350262, 5.3904028 , 5.72730297, 6.06420315, 6.40110332, 6.7380035 , 7.07490367, 7.41180385, 7.74870402, 8.0856042 , 8.42250437, 8.75940455, 9.09630472, 9.4332049 , 9.77010507,10.10700525,10.44390542,10.7808056 ,11.11770577,11.45460595,11.79150612,12.1284063 ,12.46530647,12.80220665,13.13910682,13.476007  
eul: 0., 0., 0., 0., 0., 0., 0., 0., 0., 0., 0., 0., 0., 0., 0., 0., 0., 0., 0., 0.,40., 0., 0., 0., 0., 0., 0., 0., 0., 0., 0., 0., 0., 0., 0., 0., 0., 0., 0., 0.
eul_bin_edges:-0.5  ,-0.475,-0.45 ,-0.425,-0.4  ,-0.375,-0.35 ,-0.325,-0.3  ,-0.275,-0.25 ,-0.225,-0.2  ,-0.175,-0.15 ,-0.125,-0.1  ,-0.075,-0.05 ,-0.025, 0.   , 0.025, 0.05 , 0.075, 0.1  , 0.125, 0.15 , 0.175, 0.2  , 0.225, 0.25 , 0.275, 0.3  , 0.325, 0.35 , 0.375, 0.4  , 0.425, 0.45 , 0.475, 0.5  
edl:4.03757299e-03,0.00000000e+00,1.81382434e-06,0.00000000e+00,0.00000000e+00,0.00000000e+00,0.00000000e+00,0.00000000e+00,0.00000000e+00,3.81857757e-06,0.00000000e+00,0.00000000e+00,3.62764869e-06,0.00000000e+00,3.81857757e-06,3.93313489e-05,1.36705077e-04,5.10352892e-04,1.69489475e-02,1.68520033e-01,3.57037002e-04,3.15414507e-04,3.55127714e-05,5.53693747e-06,1.81382434e-06,1.90928878e-06,1.90928878e-06,0.00000000e+00,3.72311313e-06,0.00000000e+00,0.00000000e+00,0.00000000e+00,0.00000000e+00,0.00000000e+00,0.00000000e+00,0.00000000e+00,0.00000000e+00,0.00000000e+00,0.00000000e+00,1.90928878e-06
edl_bin_edges:  0.    ,  5.2375, 10.475 , 15.7125, 20.95  , 26.1875, 31.425 , 36.6625, 41.9   , 47.1375, 52.375 , 57.6125, 62.85  , 68.0875, 73.325 , 78.5625, 83.8   , 89.0375, 94.275 , 99.5125,104.75  ,109.9875,115.225 ,120.4625,125.7   ,130.9375,136.175 ,141.4125,146.65  ,151.8875,157.125 ,162.3625,167.6   ,172.8375,178.075 ,183.3125,188.55  ,193.7875,199.025 ,204.2625,209.5   
gul: 0., 0., 0., 0., 0., 0., 0., 0., 0., 0., 0., 0., 0., 0., 0., 0., 0., 0., 0., 0.,40., 0., 0., 0., 0., 0., 0., 0., 0., 0., 0., 0., 0., 0., 0., 0., 0., 0., 0., 0.
gul_bin_edges:-0.5  ,-0.475,-0.45 ,-0.425,-0.4  ,-0.375,-0.35 ,-0.325,-0.3  ,-0.275,-0.25 ,-0.225,-0.2  ,-0.175,-0.15 ,-0.125,-0.1  ,-0.075,-0.05 ,-0.025, 0.   , 0.025, 0.05 , 0.075, 0.1  , 0.125, 0.15 , 0.175, 0.2  , 0.225, 0.25 , 0.275, 0.3  , 0.325, 0.35 , 0.375, 0.4  , 0.425, 0.45 , 0.475, 0.5  
gdl:2.63314784e-01,0.00000000e+00,0.00000000e+00,1.34497646e-07,0.00000000e+00,0.00000000e+00,0.00000000e+00,0.00000000e+00,0.00000000e+00,0.00000000e+00,0.00000000e+00,0.00000000e+00,0.00000000e+00,0.00000000e+00,0.00000000e+00,0.00000000e+00,0.00000000e+00,2.68995293e-07,0.00000000e+00,0.00000000e+00,0.00000000e+00,8.06985878e-07,5.37990585e-07,3.90043174e-06,1.43912482e-05,9.54933289e-06,4.96780506e-03,6.61459424e-04,4.57291997e-06,1.46602434e-05,3.49693880e-06,8.06985878e-07,4.03492939e-07,1.34497646e-07,1.34497646e-07,0.00000000e+00,0.00000000e+00,0.00000000e+00,0.00000000e+00,1.34497646e-07
gdl_bin_edges:  0.    ,  3.7175,  7.435 , 11.1525, 14.87  , 18.5875, 22.305 , 26.0225, 29.74  , 33.4575, 37.175 , 40.8925, 44.61  , 48.3275, 52.045 , 55.7625, 59.48  , 63.1975, 66.915 , 70.6325, 74.35  , 78.0675, 81.785 , 85.5025, 89.22  , 92.9375, 96.655 ,100.3725,104.09  ,107.8075,111.525 ,115.2425,118.96  ,122.6775,126.395 ,130.1125,133.83  ,137.5475,141.265 ,144.9825,148.7   
ri: 0., 0., 0., 0., 0., 0., 0., 0., 0., 0., 0., 0., 0., 0., 0., 0., 0., 0., 0., 0.,40., 0., 0., 0., 0., 0., 0., 0., 0., 0., 0., 0., 0., 0., 0., 0., 0., 0., 0., 0.
ri_bin_edges:0.5  ,0.525,0.55 ,0.575,0.6  ,0.625,0.65 ,0.675,0.7  ,0.725,0.75 ,0.775,0.8  ,0.825,0.85 ,0.875,0.9  ,0.925,0.95 ,0.975,1.   ,1.025,1.05 ,1.075,1.1  ,1.125,1.15 ,1.175,1.2  ,1.225,1.25 ,1.275,1.3  ,1.325,1.35 ,1.375,1.4  ,1.425,1.45 ,1.475,1.5  
