period:1
ue_log_freq:1000
mac_log_freq:1000
mimo_layers:2
frequency:2412000000.0
bandwidth:50000000
ue_speed:5.555555555555555
max_distance:1000
shannon_cfg_bandwidth_mhz:50.0
shannon_cfg_mimo_layers:2
shannon_cfg_bw_efficiency:0.67
shannon_cfg_sinr_offset_db:0
shannon_cfg_ul_divisor:2
shannon_cfg_sinr_sample_rate:1000
n_ue:1
sinr_period:9.463597741343282
sinr_rate:105.66805852612856
ul_fairness:nan
dl_fairness:1.0
ul_agg_throughput:0
dl_agg_throughput:54.663690030857694
ul_ave_throughput:0.0
dl_ave_throughput:54.663690030857694
ul_se:0.0
dl_se:1.0932738006171538
ul_ase:0.0
dl_ase:3.4799985904216653e-07
ul_gr:0.08985675119374006
dl_gr:49.29728418929842
ul_tr:0.0
dl_tr:49.19575791193822
ul_er:299.9049382921809
dl_er:250.69751085407623
ul_er_ratio:1.0
dl_er_ratio:0.8359557781527861
ul_er_perc:100.0
dl_er_perc:83.59557781527862
ul_l:0.0
dl_l:0.005560312767026942
ul_il:0.0
dl_il:0.4380352166962525
sinr_dl:0.01989031,0.00869045,0.13104358,0.06426709,0.03732404,0.04540696,0.09797231,0.25116466,0.06542934,0.03334862,0.02088086,0.02642796,0.02782794,0.02819775,0.02904302,0.03045621,0.03266184,0.02052426,0.01645639,0.05053142,0.01003761,0.01013006,0.01016968,0.01028855,0.0103942 ,0.01051307,0.01067156,0.01094891,0.01135834,0.02221481,0.04878805,0.02589966,0.02959773,0.05841622,0.08760452,0.08949318,0.03565991,0.02444685,0.01823939,0.01248097
sinr_dl_bin_edges: 0.9655301 , 1.59648542, 2.22744074, 2.85839607, 3.48935139, 4.12030671, 4.75126203, 5.38221736, 6.01317268, 6.644128  , 7.27508332, 7.90603865, 8.53699397, 9.16794929, 9.79890461,10.42985994,11.06081526,11.69177058,12.32272591,12.95368123,13.58463655,14.21559187,14.84654719,15.47750252,16.10845784,16.73941316,17.37036848,18.00132381,18.63227913,19.26323445,19.89418977,20.5251451 ,21.15610042,21.78705574,22.41801106,23.04896639,23.67992171,24.31087703,24.94183235,25.57278768,26.203743  
rsrp_dl:0.01989027,0.00870364,0.13103013,0.06428018,0.03731077,0.04540687,0.09794571,0.25120381,0.06542922,0.03333535,0.02088082,0.02642791,0.02782789,0.02819769,0.02904296,0.03045615,0.03266178,0.02052422,0.01645636,0.05053132,0.01003759,0.01013004,0.01016966,0.01028853,0.01039419,0.01051305,0.01067154,0.01094889,0.01135832,0.02221476,0.04878795,0.02589962,0.02961088,0.0583897 ,0.08761757,0.08950622,0.03564664,0.02444681,0.01823935,0.01248095
rsrp_dl_bin_edges:-134.35396  ,-133.7230035,-133.092047 ,-132.4610905,-131.830134 ,-131.1991775,-130.568221 ,-129.9372645,-129.306308 ,-128.6753515,-128.044395 ,-127.4134385,-126.782482 ,-126.1515255,-125.520569 ,-124.8896125,-124.258656 ,-123.6276995,-122.996743 ,-122.3657865,-121.73483  ,-121.1038735,-120.472917 ,-119.8419605,-119.211004 ,-118.5800475,-117.949091 ,-117.3181345,-116.687178 ,-116.0562215,-115.425265 ,-114.7943085,-114.163352 ,-113.5323955,-112.901439 ,-112.2704825,-111.639526 ,-111.0085695,-110.377613 ,-109.7466565,-109.1157   
cqi_ul: 0., 0., 0., 0., 0., 0., 0., 0., 0., 0., 0., 0., 0., 0., 0., 0., 0., 0., 0., 0.,40., 0., 0., 0., 0., 0., 0., 0., 0., 0., 0., 0., 0., 0., 0., 0., 0., 0., 0., 0.
cqi_ul_bin_edges:-0.5  ,-0.475,-0.45 ,-0.425,-0.4  ,-0.375,-0.35 ,-0.325,-0.3  ,-0.275,-0.25 ,-0.225,-0.2  ,-0.175,-0.15 ,-0.125,-0.1  ,-0.075,-0.05 ,-0.025, 0.   , 0.025, 0.05 , 0.075, 0.1  , 0.125, 0.15 , 0.175, 0.2  , 0.225, 0.25 , 0.275, 0.3  , 0.325, 0.35 , 0.375, 0.4  , 0.425, 0.45 , 0.475, 0.5  
cqi_dl:0.47946267,0.        ,0.        ,0.        ,1.42545479,0.        ,0.        ,0.        ,0.50159582,0.        ,0.        ,0.        ,0.27089774,0.        ,0.        ,0.        ,0.07889934,0.        ,0.        ,0.        ,0.08263264,0.        ,0.        ,0.        ,0.10469913,0.        ,0.        ,0.        ,0.28279764,0.        ,0.        ,0.        ,0.59122841,0.        ,0.        ,0.        ,0.17276523,0.        ,0.        ,0.00956659
cqi_dl_bin_edges: 0.  , 0.25, 0.5 , 0.75, 1.  , 1.25, 1.5 , 1.75, 2.  , 2.25, 2.5 , 2.75, 3.  , 3.25, 3.5 , 3.75, 4.  , 4.25, 4.5 , 4.75, 5.  , 5.25, 5.5 , 5.75, 6.  , 6.25, 6.5 , 6.75, 7.  , 7.25, 7.5 , 7.75, 8.  , 8.25, 8.5 , 8.75, 9.  , 9.25, 9.5 , 9.75,10.  
mcs_ul: 0., 0., 0., 0., 0., 0., 0., 0., 0., 0., 0., 0., 0., 0., 0., 0., 0., 0., 0., 0.,40., 0., 0., 0., 0., 0., 0., 0., 0., 0., 0., 0., 0., 0., 0., 0., 0., 0., 0., 0.
mcs_ul_bin_edges:-0.5  ,-0.475,-0.45 ,-0.425,-0.4  ,-0.375,-0.35 ,-0.325,-0.3  ,-0.275,-0.25 ,-0.225,-0.2  ,-0.175,-0.15 ,-0.125,-0.1  ,-0.075,-0.05 ,-0.025, 0.   , 0.025, 0.05 , 0.075, 0.1  , 0.125, 0.15 , 0.175, 0.2  , 0.225, 0.25 , 0.275, 0.3  , 0.325, 0.35 , 0.375, 0.4  , 0.425, 0.45 , 0.475, 0.5  
mcs_dl:1.12053968,0.        ,0.14443017,0.        ,0.1506262 ,0.        ,0.        ,0.12031272,0.        ,0.03903889,0.        ,0.02384294,0.        ,0.        ,0.02256844,0.        ,0.02448999,0.        ,0.02411745,0.        ,0.        ,0.01631359,0.        ,0.04527413,0.        ,0.08954827,0.        ,0.        ,0.07680328,0.        ,0.18358671,0.        ,0.16419471,0.        ,0.        ,0.06292104,0.        ,0.03870556,0.        ,0.0056274 
mcs_dl_bin_edges: 0.   , 0.425, 0.85 , 1.275, 1.7  , 2.125, 2.55 , 2.975, 3.4  , 3.825, 4.25 , 4.675, 5.1  , 5.525, 5.95 , 6.375, 6.8  , 7.225, 7.65 , 8.075, 8.5  , 8.925, 9.35 , 9.775,10.2  ,10.625,11.05 ,11.475,11.9  ,12.325,12.75 ,13.175,13.6  ,14.025,14.45 ,14.875,15.3  ,15.725,16.15 ,16.575,17.   
eff_ul: 0., 0., 0., 0., 0., 0., 0., 0., 0., 0., 0., 0., 0., 0., 0., 0., 0., 0., 0., 0.,40., 0., 0., 0., 0., 0., 0., 0., 0., 0., 0., 0., 0., 0., 0., 0., 0., 0., 0., 0.
eff_ul_bin_edges:-0.5  ,-0.475,-0.45 ,-0.425,-0.4  ,-0.375,-0.35 ,-0.325,-0.3  ,-0.275,-0.25 ,-0.225,-0.2  ,-0.175,-0.15 ,-0.125,-0.1  ,-0.075,-0.05 ,-0.025, 0.   , 0.025, 0.05 , 0.075, 0.1  , 0.125, 0.15 , 0.175, 0.2  , 0.225, 0.25 , 0.275, 0.3  , 0.325, 0.35 , 0.375, 0.4  , 0.425, 0.45 , 0.475, 0.5  
eff_dl:1.05996118,0.        ,3.15129171,0.5428027 ,0.        ,0.56608883,0.        ,0.45216364,0.        ,0.        ,0.14671737,0.        ,0.        ,0.0896074 ,0.08481753,0.        ,0.09203918,0.        ,0.        ,0.09063906,0.        ,0.06131032,0.17015089,0.        ,0.33654357,0.        ,0.28864488,0.        ,0.        ,0.68996222,0.        ,0.61708252,0.        ,0.        ,0.23647215,0.        ,0.        ,0.14546464,0.        ,0.02114911
eff_dl_bin_edges:0.        ,0.11308496,0.22616992,0.33925488,0.45233984,0.5654248 ,0.67850976,0.79159472,0.90467968,1.01776464,1.1308496 ,1.24393456,1.35701952,1.47010448,1.58318944,1.6962744 ,1.80935936,1.92244432,2.03552928,2.14861424,2.2616992 ,2.37478416,2.48786912,2.60095408,2.71403904,2.827124  ,2.94020896,3.05329392,3.16637888,3.27946384,3.3925488 ,3.50563376,3.61871872,3.73180368,3.84488864,3.9579736 ,4.07105856,4.18414352,4.29722848,4.41031344,4.5233984 
rul: 0., 0., 0., 0., 0., 0., 0., 0., 0., 0., 0., 0., 0., 0., 0., 0., 0., 0., 0., 0.,40., 0., 0., 0., 0., 0., 0., 0., 0., 0., 0., 0., 0., 0., 0., 0., 0., 0., 0., 0.
rul_bin_edges:-0.5  ,-0.475,-0.45 ,-0.425,-0.4  ,-0.375,-0.35 ,-0.325,-0.3  ,-0.275,-0.25 ,-0.225,-0.2  ,-0.175,-0.15 ,-0.125,-0.1  ,-0.075,-0.05 ,-0.025, 0.   , 0.025, 0.05 , 0.075, 0.1  , 0.125, 0.15 , 0.175, 0.2  , 0.225, 0.25 , 0.275, 0.3  , 0.325, 0.35 , 0.375, 0.4  , 0.425, 0.45 , 0.475, 0.5  
rdl:4.22087868e-02,9.75490854e-03,3.91093116e-03,1.90813584e-03,3.93584155e-04,1.52762964e-03,5.30591297e-04,8.02737302e-04,1.64159467e-03,1.80164392e-03,1.50271925e-03,7.36102010e-04,5.26231979e-04,1.04623636e-04,1.89941720e-04,3.94829674e-04,8.30138731e-04,6.60125322e-04,0.00000000e+00,1.66650506e-03,0.00000000e+00,1.45040743e-03,8.46953244e-05,5.23740940e-04,4.96339511e-04,0.00000000e+00,2.04265194e-04,0.00000000e+00,0.00000000e+00,3.36290259e-04,0.00000000e+00,3.14493668e-04,0.00000000e+00,0.00000000e+00,1.42611980e-04,0.00000000e+00,0.00000000e+00,7.90904867e-05,0.00000000e+00,8.09587660e-06
rdl_bin_edges:  0.      , 13.381186, 26.762372, 40.143558, 53.524744, 66.90593 , 80.287116, 93.668302,107.049488,120.430674,133.81186 ,147.193046,160.574232,173.955418,187.336604,200.71779 ,214.098976,227.480162,240.861348,254.242534,267.62372 ,281.004906,294.386092,307.767278,321.148464,334.52965 ,347.910836,361.292022,374.673208,388.054394,401.43558 ,414.816766,428.197952,441.579138,454.960324,468.34151 ,481.722696,495.103882,508.485068,521.866254,535.24744 
lul: 0., 0., 0., 0., 0., 0., 0., 0., 0., 0., 0., 0., 0., 0., 0., 0., 0., 0., 0., 0.,40., 0., 0., 0., 0., 0., 0., 0., 0., 0., 0., 0., 0., 0., 0., 0., 0., 0., 0., 0.
lul_bin_edges:-0.5  ,-0.475,-0.45 ,-0.425,-0.4  ,-0.375,-0.35 ,-0.325,-0.3  ,-0.275,-0.25 ,-0.225,-0.2  ,-0.175,-0.15 ,-0.125,-0.1  ,-0.075,-0.05 ,-0.025, 0.   , 0.025, 0.05 , 0.075, 0.1  , 0.125, 0.15 , 0.175, 0.2  , 0.225, 0.25 , 0.275, 0.3  , 0.325, 0.35 , 0.375, 0.4  , 0.425, 0.45 , 0.475, 0.5  
ldl:1665.24069789,   0.        ,   0.        ,   0.        ,   0.        ,   0.        ,   0.        ,   0.        ,   0.        ,   0.        ,   0.        ,   0.        ,   0.        ,   0.        ,   0.        ,   0.        ,   0.        ,   0.        ,   0.        ,   0.        ,   0.        ,   0.        ,   0.        ,   0.        ,   0.        ,   0.        ,   0.        ,   0.        ,   0.        ,   0.        ,   0.        ,   0.        ,   0.        ,   0.        ,   0.        , 964.09139993,   2.99370446, 186.23213017,  81.51175521, 656.83654376
ldl_bin_edges:0.        ,0.00028114,0.00056229,0.00084343,0.00112457,0.00140572,0.00168686,0.001968  ,0.00224915,0.00253029,0.00281143,0.00309258,0.00337372,0.00365486,0.003936  ,0.00421715,0.00449829,0.00477943,0.00506058,0.00534172,0.00562286,0.00590401,0.00618515,0.00646629,0.00674744,0.00702858,0.00730972,0.00759087,0.00787201,0.00815315,0.0084343 ,0.00871544,0.00899658,0.00927773,0.00955887,0.00984001,0.01012116,0.0104023 ,0.01068344,0.01096458,0.01124573
ilul: 0., 0., 0., 0., 0., 0., 0., 0., 0., 0., 0., 0., 0., 0., 0., 0., 0., 0., 0., 0.,40., 0., 0., 0., 0., 0., 0., 0., 0., 0., 0., 0., 0., 0., 0., 0., 0., 0., 0., 0.
ilul_bin_edges:-0.5  ,-0.475,-0.45 ,-0.425,-0.4  ,-0.375,-0.35 ,-0.325,-0.3  ,-0.275,-0.25 ,-0.225,-0.2  ,-0.175,-0.15 ,-0.125,-0.1  ,-0.075,-0.05 ,-0.025, 0.   , 0.025, 0.05 , 0.075, 0.1  , 0.125, 0.15 , 0.175, 0.2  , 0.225, 0.25 , 0.275, 0.3  , 0.325, 0.35 , 0.375, 0.4  , 0.425, 0.45 , 0.475, 0.5  
ildl:2.13334221e+00,2.03990890e-01,1.13454735e-01,4.06766008e-01,2.07845143e-01,0.00000000e+00,2.58674727e-05,0.00000000e+00,0.00000000e+00,0.00000000e+00,0.00000000e+00,6.02712114e-03,1.32700135e-02,0.00000000e+00,0.00000000e+00,0.00000000e+00,0.00000000e+00,0.00000000e+00,0.00000000e+00,0.00000000e+00,0.00000000e+00,0.00000000e+00,0.00000000e+00,0.00000000e+00,0.00000000e+00,0.00000000e+00,0.00000000e+00,0.00000000e+00,0.00000000e+00,0.00000000e+00,0.00000000e+00,0.00000000e+00,0.00000000e+00,0.00000000e+00,0.00000000e+00,0.00000000e+00,0.00000000e+00,0.00000000e+00,0.00000000e+00,1.94006045e-02
ildl_bin_edges: 0.        , 0.32215223, 0.64430445, 0.96645668, 1.2886089 , 1.61076113, 1.93291335, 2.25506558, 2.5772178 , 2.89937003, 3.22152225, 3.54367447, 3.8658267 , 4.18797893, 4.51013115, 4.83228338, 5.1544356 , 5.47658783, 5.79874005, 6.12089228, 6.4430445 , 6.76519673, 7.08734895, 7.40950117, 7.7316534 , 8.05380563, 8.37595785, 8.69811008, 9.0202623 , 9.34241453, 9.66456675, 9.98671898,10.3088712 ,10.63102343,10.95317565,11.27532788,11.5974801 ,11.91963233,12.24178455,12.56393678,12.886089  
eul:2.07887102e-05,0.00000000e+00,0.00000000e+00,0.00000000e+00,0.00000000e+00,0.00000000e+00,0.00000000e+00,1.09414264e-06,0.00000000e+00,0.00000000e+00,0.00000000e+00,5.47071320e-07,0.00000000e+00,5.47071320e-07,1.64121396e-06,9.84728377e-06,4.10303490e-05,4.31639272e-04,1.09195436e-03,5.88167318e-02,4.48215533e-03,5.55277390e-04,1.76704037e-04,1.42238543e-05,3.82949924e-06,0.00000000e+00,0.00000000e+00,0.00000000e+00,0.00000000e+00,0.00000000e+00,5.47071320e-07,0.00000000e+00,0.00000000e+00,0.00000000e+00,0.00000000e+00,0.00000000e+00,0.00000000e+00,0.00000000e+00,0.00000000e+00,5.47071320e-07
eul_bin_edges:  0.    , 15.2325, 30.465 , 45.6975, 60.93  , 76.1625, 91.395 ,106.6275,121.86  ,137.0925,152.325 ,167.5575,182.79  ,198.0225,213.255 ,228.4875,243.72  ,258.9525,274.185 ,289.4175,304.65  ,319.8825,335.115 ,350.3475,365.58  ,380.8125,396.045 ,411.2775,426.51  ,441.7425,456.975 ,472.2075,487.44  ,502.6725,517.905 ,533.1375,548.37  ,563.6025,578.835 ,594.0675,609.3   
edl:1.39488518e-02,0.00000000e+00,0.00000000e+00,0.00000000e+00,0.00000000e+00,0.00000000e+00,0.00000000e+00,0.00000000e+00,0.00000000e+00,7.06807794e-07,0.00000000e+00,0.00000000e+00,0.00000000e+00,0.00000000e+00,0.00000000e+00,7.06807794e-07,0.00000000e+00,7.06807794e-07,7.06807794e-07,4.24084676e-06,1.06021169e-05,3.81676209e-05,2.89791195e-04,6.16336396e-04,3.23364566e-03,6.30239306e-02,2.77563421e-03,4.91231417e-04,3.37854125e-04,2.61518884e-05,1.41361559e-05,2.82723118e-06,7.06807794e-07,0.00000000e+00,0.00000000e+00,0.00000000e+00,0.00000000e+00,0.00000000e+00,0.00000000e+00,7.06807794e-07
edl_bin_edges:  0.  , 11.79, 23.58, 35.37, 47.16, 58.95, 70.74, 82.53, 94.32,106.11,117.9 ,129.69,141.48,153.27,165.06,176.85,188.64,200.43,212.22,224.01,235.8 ,247.59,259.38,271.17,282.96,294.75,306.54,318.33,330.12,341.91,353.7 ,365.49,377.28,389.07,400.86,412.65,424.44,436.23,448.02,459.81,471.6 
gul:1.16210404e-01,0.00000000e+00,0.00000000e+00,0.00000000e+00,0.00000000e+00,0.00000000e+00,0.00000000e+00,0.00000000e+00,0.00000000e+00,0.00000000e+00,0.00000000e+00,0.00000000e+00,0.00000000e+00,0.00000000e+00,0.00000000e+00,0.00000000e+00,0.00000000e+00,0.00000000e+00,0.00000000e+00,0.00000000e+00,0.00000000e+00,0.00000000e+00,0.00000000e+00,0.00000000e+00,0.00000000e+00,0.00000000e+00,0.00000000e+00,0.00000000e+00,0.00000000e+00,9.68702574e-07,1.93740515e-06,9.68702574e-07,0.00000000e+00,4.84351287e-06,1.35618360e-05,5.81221544e-06,3.87481029e-06,0.00000000e+00,0.00000000e+00,2.90610772e-06
gul_bin_edges:  0.    ,  8.6025, 17.205 , 25.8075, 34.41  , 43.0125, 51.615 , 60.2175, 68.82  , 77.4225, 86.025 , 94.6275,103.23  ,111.8325,120.435 ,129.0375,137.64  ,146.2425,154.845 ,163.4475,172.05  ,180.6525,189.255 ,197.8575,206.46  ,215.0625,223.665 ,232.2675,240.87  ,249.4725,258.075 ,266.6775,275.28  ,283.8825,292.485 ,301.0875,309.69  ,318.2925,326.895 ,335.4975,344.1   
gdl:5.48537472e-02,0.00000000e+00,0.00000000e+00,0.00000000e+00,0.00000000e+00,0.00000000e+00,0.00000000e+00,5.47071320e-07,0.00000000e+00,0.00000000e+00,0.00000000e+00,0.00000000e+00,0.00000000e+00,0.00000000e+00,0.00000000e+00,2.18828528e-06,1.09414264e-05,7.00251290e-05,1.87098392e-04,9.80953585e-03,6.01778453e-04,9.57374811e-05,1.42238543e-05,1.64121396e-06,1.09414264e-06,0.00000000e+00,0.00000000e+00,0.00000000e+00,0.00000000e+00,0.00000000e+00,0.00000000e+00,0.00000000e+00,0.00000000e+00,0.00000000e+00,0.00000000e+00,0.00000000e+00,0.00000000e+00,0.00000000e+00,0.00000000e+00,5.47071320e-07
gdl_bin_edges:  0.    , 15.2325, 30.465 , 45.6975, 60.93  , 76.1625, 91.395 ,106.6275,121.86  ,137.0925,152.325 ,167.5575,182.79  ,198.0225,213.255 ,228.4875,243.72  ,258.9525,274.185 ,289.4175,304.65  ,319.8825,335.115 ,350.3475,365.58  ,380.8125,396.045 ,411.2775,426.51  ,441.7425,456.975 ,472.2075,487.44  ,502.6725,517.905 ,533.1375,548.37  ,563.6025,578.835 ,594.0675,609.3   
ri: 0., 0., 0., 0., 0., 0., 0., 0., 0., 0., 0., 0., 0., 0., 0., 0., 0., 0., 0., 0.,40., 0., 0., 0., 0., 0., 0., 0., 0., 0., 0., 0., 0., 0., 0., 0., 0., 0., 0., 0.
ri_bin_edges:0.5  ,0.525,0.55 ,0.575,0.6  ,0.625,0.65 ,0.675,0.7  ,0.725,0.75 ,0.775,0.8  ,0.825,0.85 ,0.875,0.9  ,0.925,0.95 ,0.975,1.   ,1.025,1.05 ,1.075,1.1  ,1.125,1.15 ,1.175,1.2  ,1.225,1.25 ,1.275,1.3  ,1.325,1.35 ,1.375,1.4  ,1.425,1.45 ,1.475,1.5  
