period:1
ue_log_freq:1000
mac_log_freq:1000
mimo_layers:2
frequency:2412000000.0
bandwidth:50000000
ue_speed:5.555555555555555
max_distance:1000
shannon_cfg_bandwidth_mhz:50.0
shannon_cfg_mimo_layers:2
shannon_cfg_bw_efficiency:0.67
shannon_cfg_sinr_offset_db:0
shannon_cfg_ul_divisor:2
shannon_cfg_sinr_sample_rate:1000
n_ue:1
sinr_period:9.463597741343282
sinr_rate:105.66805852612856
ul_fairness:nan
dl_fairness:1.0
ul_agg_throughput:0
dl_agg_throughput:39.728739342300145
ul_ave_throughput:0.0
dl_ave_throughput:39.728739342300145
ul_se:0.0
dl_se:0.7945747868460029
ul_ase:0.0
dl_ase:2.5292100996546094e-07
ul_gr:0.0
dl_gr:40.25435845641543
ul_tr:0.0
dl_tr:40.124826513434876
ul_er:0.0
dl_er:59.74353656463435
ul_er_ratio:0.0
dl_er_ratio:0.5982228477894601
ul_er_perc:0.0
dl_er_perc:59.82228477894601
ul_l:0.0
dl_l:0.0027266173744302557
ul_il:0.0
dl_il:0.24847922177141726
sinr_ul:0.03576713,0.09124464,0.25492733,0.35620984,0.13289604,0.06797678,0.05782353,0.12012756,0.09241765,0.10805134,0.04280518,0.02851756,0.04720876,0.04028609,0.04140141,0.03670938,0.00490356,0.00494202,0.00494202,0.01040323,0.02299865,0.02751761,0.02036419,0.01928733,0.01890274,0.01646057,0.01469144,0.01490297,0.01715284,0.03359418,0.00924946,0.00955713,0.01186469,0.01438377,0.02001805,0.01242235,0.01394149,0.01453761,0.01528756,0.0162875 
sinr_ul_bin_edges:26.971836  ,27.49186135,28.0118867 ,28.53191205,29.0519374 ,29.57196275,30.0919881 ,30.61201345,31.1320388 ,31.65206415,32.1720895 ,32.69211485,33.2121402 ,33.73216555,34.2521909 ,34.77221625,35.2922416 ,35.81226695,36.3322923 ,36.85231765,37.372343  ,37.89236835,38.4123937 ,38.93241905,39.4524444 ,39.97246975,40.4924951 ,41.01252045,41.5325458 ,42.05257115,42.5725965 ,43.09262185,43.6126472 ,44.13267255,44.6526979 ,45.17272325,45.6927486 ,46.21277395,46.7327993 ,47.25282465,47.77285   
sinr_dl:0.03576718,0.09124478,0.25492771,0.35621037,0.13289624,0.06797688,0.05786207,0.12010851,0.09239856,0.10805151,0.04280524,0.0285176 ,0.04720884,0.04028615,0.04140148,0.03670944,0.00490357,0.00494202,0.00494202,0.01040325,0.02299868,0.02751766,0.02036422,0.01926813,0.01892199,0.0164606 ,0.01469147,0.01490299,0.01717209,0.033575  ,0.00924947,0.00955715,0.01186471,0.01438379,0.02001808,0.01242237,0.01394151,0.01453763,0.01528759,0.01628753
sinr_dl_bin_edges:36.715702  ,37.23572658,37.75575115,38.27577573,38.7958003 ,39.31582488,39.83584945,40.35587402,40.8758986 ,41.39592318,41.91594775,42.43597233,42.9559969 ,43.47602148,43.99604605,44.51607063,45.0360952 ,45.55611977,46.07614435,46.59616893,47.1161935 ,47.63621808,48.15624265,48.67626723,49.1962918 ,49.71631638,50.23634095,50.75636553,51.2763901 ,51.79641468,52.31643925,52.83646383,53.3564884 ,53.87651298,54.39653755,54.91656212,55.4365867 ,55.95661128,56.47663585,56.99666043,57.516685  
rsrp_ul:0.03576714,0.09124468,0.25490821,0.35622923,0.1328961 ,0.0679768 ,0.05786201,0.12010838,0.09241769,0.10803216,0.0428052 ,0.02851757,0.04720879,0.04028611,0.04140143,0.0367094 ,0.00490356,0.00494202,0.00494202,0.01040324,0.02299866,0.02751763,0.0203642 ,0.01928734,0.01890274,0.01646058,0.01469145,0.01490298,0.01715285,0.03359419,0.00924946,0.00955713,0.01186469,0.01438378,0.02001806,0.01242235,0.01394149,0.01453761,0.01528757,0.01628751
rsrp_ul_bin_edges:-83.54851   ,-83.02848487,-82.50845975,-81.98843462,-81.4684095 ,-80.94838437,-80.42835925,-79.90833412,-79.388309  ,-78.86828387,-78.34825875,-77.82823362,-77.3082085 ,-76.78818337,-76.26815825,-75.74813312,-75.228108  ,-74.70808288,-74.18805775,-73.66803262,-73.1480075 ,-72.62798238,-72.10795725,-71.58793212,-71.067907  ,-70.54788188,-70.02785675,-69.50783162,-68.9878065 ,-68.46778138,-67.94775625,-67.42773112,-66.907706  ,-66.38768088,-65.86765575,-65.34763062,-64.8276055 ,-64.30758038,-63.78755525,-63.26753012,-62.747505  
rsrp_dl:0.03576715,0.09124468,0.25490822,0.35622924,0.1328961 ,0.06797681,0.05786201,0.12010839,0.09241769,0.10803217,0.0428052 ,0.02851757,0.04720879,0.04028611,0.04140143,0.0367094 ,0.00490356,0.00494202,0.00494202,0.01040324,0.02299866,0.02751763,0.0203642 ,0.01928734,0.01890274,0.01646058,0.01469145,0.01490298,0.01715285,0.0335942 ,0.00924946,0.00955714,0.01186469,0.01438378,0.02001806,0.01242235,0.0139415 ,0.01453761,0.01528757,0.01628751
rsrp_dl_bin_edges:-80.53821  ,-80.0181849,-79.4981598,-78.9781347,-78.4581096,-77.9380845,-77.4180594,-76.8980343,-76.3780092,-75.8579841,-75.337959 ,-74.8179339,-74.2979088,-73.7778837,-73.2578586,-72.7378335,-72.2178084,-71.6977833,-71.1777582,-70.6577331,-70.137708 ,-69.6176829,-69.0976578,-68.5776327,-68.0576076,-67.5375825,-67.0175574,-66.4975323,-65.9775072,-65.4574821,-64.937457 ,-64.4174319,-63.8974068,-63.3773817,-62.8573566,-62.3373315,-61.8173064,-61.2972813,-60.7772562,-60.2572311,-59.737206 
cqi_ul: 0., 0., 0., 0., 0., 0., 0., 0., 0., 0., 0., 0., 0., 0., 0., 0., 0., 0., 0., 0.,40., 0., 0., 0., 0., 0., 0., 0., 0., 0., 0., 0., 0., 0., 0., 0., 0., 0., 0., 0.
cqi_ul_bin_edges:14.5  ,14.525,14.55 ,14.575,14.6  ,14.625,14.65 ,14.675,14.7  ,14.725,14.75 ,14.775,14.8  ,14.825,14.85 ,14.875,14.9  ,14.925,14.95 ,14.975,15.   ,15.025,15.05 ,15.075,15.1  ,15.125,15.15 ,15.175,15.2  ,15.225,15.25 ,15.275,15.3  ,15.325,15.35 ,15.375,15.4  ,15.425,15.45 ,15.475,15.5  
cqi_dl: 0., 0., 0., 0., 0., 0., 0., 0., 0., 0., 0., 0., 0., 0., 0., 0., 0., 0., 0., 0.,40., 0., 0., 0., 0., 0., 0., 0., 0., 0., 0., 0., 0., 0., 0., 0., 0., 0., 0., 0.
cqi_dl_bin_edges:14.5  ,14.525,14.55 ,14.575,14.6  ,14.625,14.65 ,14.675,14.7  ,14.725,14.75 ,14.775,14.8  ,14.825,14.85 ,14.875,14.9  ,14.925,14.95 ,14.975,15.   ,15.025,15.05 ,15.075,15.1  ,15.125,15.15 ,15.175,15.2  ,15.225,15.25 ,15.275,15.3  ,15.325,15.35 ,15.375,15.4  ,15.425,15.45 ,15.475,15.5  
mcs_ul: 0., 0., 0., 0., 0., 0., 0., 0., 0., 0., 0., 0., 0., 0., 0., 0., 0., 0., 0., 0.,40., 0., 0., 0., 0., 0., 0., 0., 0., 0., 0., 0., 0., 0., 0., 0., 0., 0., 0., 0.
mcs_ul_bin_edges:27.5  ,27.525,27.55 ,27.575,27.6  ,27.625,27.65 ,27.675,27.7  ,27.725,27.75 ,27.775,27.8  ,27.825,27.85 ,27.875,27.9  ,27.925,27.95 ,27.975,28.   ,28.025,28.05 ,28.075,28.1  ,28.125,28.15 ,28.175,28.2  ,28.225,28.25 ,28.275,28.3  ,28.325,28.35 ,28.375,28.4  ,28.425,28.45 ,28.475,28.5  
mcs_dl: 0., 0., 0., 0., 0., 0., 0., 0., 0., 0., 0., 0., 0., 0., 0., 0., 0., 0., 0., 0.,40., 0., 0., 0., 0., 0., 0., 0., 0., 0., 0., 0., 0., 0., 0., 0., 0., 0., 0., 0.
mcs_dl_bin_edges:27.5  ,27.525,27.55 ,27.575,27.6  ,27.625,27.65 ,27.675,27.7  ,27.725,27.75 ,27.775,27.8  ,27.825,27.85 ,27.875,27.9  ,27.925,27.95 ,27.975,28.   ,28.025,28.05 ,28.075,28.1  ,28.125,28.15 ,28.175,28.2  ,28.225,28.25 ,28.275,28.3  ,28.325,28.35 ,28.375,28.4  ,28.425,28.45 ,28.475,28.5  
eff_ul: 0., 0., 0., 0., 0., 0., 0., 0., 0., 0., 0., 0., 0., 0., 0., 0., 0., 0., 0., 0.,40., 0., 0., 0., 0., 0., 0., 0., 0., 0., 0., 0., 0., 0., 0., 0., 0., 0., 0., 0.
eff_ul_bin_edges:5.0545974,5.0795974,5.1045974,5.1295974,5.1545974,5.1795974,5.2045974,5.2295974,5.2545974,5.2795974,5.3045974,5.3295974,5.3545974,5.3795974,5.4045974,5.4295974,5.4545974,5.4795974,5.5045974,5.5295974,5.5545974,5.5795974,5.6045974,5.6295974,5.6545974,5.6795974,5.7045974,5.7295974,5.7545974,5.7795974,5.8045974,5.8295974,5.8545974,5.8795974,5.9045974,5.9295974,5.9545974,5.9795974,6.0045974,6.0295974,6.0545974
eff_dl: 0., 0., 0., 0., 0., 0., 0., 0., 0., 0., 0., 0., 0., 0., 0., 0., 0., 0., 0., 0.,40., 0., 0., 0., 0., 0., 0., 0., 0., 0., 0., 0., 0., 0., 0., 0., 0., 0., 0., 0.
eff_dl_bin_edges:5.0545974,5.0795974,5.1045974,5.1295974,5.1545974,5.1795974,5.2045974,5.2295974,5.2545974,5.2795974,5.3045974,5.3295974,5.3545974,5.3795974,5.4045974,5.4295974,5.4545974,5.4795974,5.5045974,5.5295974,5.5545974,5.5795974,5.6045974,5.6295974,5.6545974,5.6795974,5.7045974,5.7295974,5.7545974,5.7795974,5.8045974,5.8295974,5.8545974,5.8795974,5.9045974,5.9295974,5.9545974,5.9795974,6.0045974,6.0295974,6.0545974
rul: 0., 0., 0., 0., 0., 0., 0., 0., 0., 0., 0., 0., 0., 0., 0., 0., 0., 0., 0., 0.,40., 0., 0., 0., 0., 0., 0., 0., 0., 0., 0., 0., 0., 0., 0., 0., 0., 0., 0., 0.
rul_bin_edges:-0.5  ,-0.475,-0.45 ,-0.425,-0.4  ,-0.375,-0.35 ,-0.325,-0.3  ,-0.275,-0.25 ,-0.225,-0.2  ,-0.175,-0.15 ,-0.125,-0.1  ,-0.075,-0.05 ,-0.025, 0.   , 0.025, 0.05 , 0.075, 0.1  , 0.125, 0.15 , 0.175, 0.2  , 0.225, 0.25 , 0.275, 0.3  , 0.325, 0.35 , 0.375, 0.4  , 0.425, 0.45 , 0.475, 0.5  
rdl:3.86374264e-02,0.00000000e+00,0.00000000e+00,0.00000000e+00,0.00000000e+00,0.00000000e+00,0.00000000e+00,0.00000000e+00,0.00000000e+00,1.71956983e-01,0.00000000e+00,0.00000000e+00,0.00000000e+00,0.00000000e+00,0.00000000e+00,0.00000000e+00,0.00000000e+00,0.00000000e+00,0.00000000e+00,3.86125054e-02,0.00000000e+00,0.00000000e+00,0.00000000e+00,0.00000000e+00,0.00000000e+00,0.00000000e+00,0.00000000e+00,0.00000000e+00,0.00000000e+00,0.00000000e+00,0.00000000e+00,0.00000000e+00,0.00000000e+00,0.00000000e+00,0.00000000e+00,0.00000000e+00,0.00000000e+00,0.00000000e+00,0.00000000e+00,4.98418813e-06
rdl_bin_edges:  0.       ,  4.0126495,  8.025299 , 12.0379485, 16.050598 , 20.0632475, 24.075897 , 28.0885465, 32.101196 , 36.1138455, 40.126495 , 44.1391445, 48.151794 , 52.1644435, 56.177093 , 60.1897425, 64.202392 , 68.2150415, 72.227691 , 76.2403405, 80.25299  , 84.2656395, 88.278289 , 92.2909385, 96.303588 ,100.3162375,104.328887 ,108.3415365,112.354186 ,116.3668355,120.379485 ,124.3921345,128.404784 ,132.4174335,136.430083 ,140.4427325,144.455382 ,148.4680315,152.480681 ,156.4933305,160.50598  
lul: 0., 0., 0., 0., 0., 0., 0., 0., 0., 0., 0., 0., 0., 0., 0., 0., 0., 0., 0., 0.,40., 0., 0., 0., 0., 0., 0., 0., 0., 0., 0., 0., 0., 0., 0., 0., 0., 0., 0., 0.
lul_bin_edges:-0.5  ,-0.475,-0.45 ,-0.425,-0.4  ,-0.375,-0.35 ,-0.325,-0.3  ,-0.275,-0.25 ,-0.225,-0.2  ,-0.175,-0.15 ,-0.125,-0.1  ,-0.075,-0.05 ,-0.025, 0.   , 0.025, 0.05 , 0.075, 0.1  , 0.125, 0.15 , 0.175, 0.2  , 0.225, 0.25 , 0.275, 0.3  , 0.325, 0.35 , 0.375, 0.4  , 0.425, 0.45 , 0.475, 0.5  
ldl:1.27680815e+03,0.00000000e+00,0.00000000e+00,0.00000000e+00,0.00000000e+00,0.00000000e+00,0.00000000e+00,0.00000000e+00,0.00000000e+00,0.00000000e+00,0.00000000e+00,0.00000000e+00,0.00000000e+00,0.00000000e+00,0.00000000e+00,0.00000000e+00,0.00000000e+00,0.00000000e+00,0.00000000e+00,0.00000000e+00,0.00000000e+00,0.00000000e+00,0.00000000e+00,0.00000000e+00,4.72395955e+03,2.46236865e+01,9.88241599e-01,6.58827732e-01,1.26083157e+03,1.46589170e+01,1.64706933e-01,1.81177626e+00,9.26805913e+02,4.03531986e+00,0.00000000e+00,0.00000000e+00,0.00000000e+00,0.00000000e+00,0.00000000e+00,8.23534666e-02
ldl_bin_edges:0.        ,0.00012143,0.00024285,0.00036428,0.00048571,0.00060713,0.00072856,0.00084999,0.00097141,0.00109284,0.00121427,0.00133569,0.00145712,0.00157855,0.00169997,0.0018214 ,0.00194283,0.00206425,0.00218568,0.00230711,0.00242853,0.00254996,0.00267138,0.00279281,0.00291424,0.00303566,0.00315709,0.00327852,0.00339994,0.00352137,0.0036428 ,0.00376422,0.00388565,0.00400708,0.0041285 ,0.00424993,0.00437136,0.00449278,0.00461421,0.00473564,0.00485706
ilul: 0., 0., 0., 0., 0., 0., 0., 0., 0., 0., 0., 0., 0., 0., 0., 0., 0., 0., 0., 0.,40., 0., 0., 0., 0., 0., 0., 0., 0., 0., 0., 0., 0., 0., 0., 0., 0., 0., 0., 0.
ilul_bin_edges:-0.5  ,-0.475,-0.45 ,-0.425,-0.4  ,-0.375,-0.35 ,-0.325,-0.3  ,-0.275,-0.25 ,-0.225,-0.2  ,-0.175,-0.15 ,-0.125,-0.1  ,-0.075,-0.05 ,-0.025, 0.   , 0.025, 0.05 , 0.075, 0.1  , 0.125, 0.15 , 0.175, 0.2  , 0.225, 0.25 , 0.275, 0.3  , 0.325, 0.35 , 0.375, 0.4  , 0.425, 0.45 , 0.475, 0.5  
ildl:1.91423345e+01,1.35761238e-02,1.35761238e-02,1.35761238e-02,1.23419307e-02,1.48103168e-02,1.35761238e-02,9.87354455e-03,1.35761238e-02,1.35761238e-02,1.23419307e-02,1.11077376e-02,1.35761238e-02,1.35761238e-02,1.35761238e-02,1.23419307e-02,1.23419307e-02,1.11077376e-02,1.48103168e-02,1.23419307e-02,1.23419307e-02,1.48103168e-02,8.63935148e-03,1.23419307e-02,1.23419307e-02,1.35761238e-02,1.11077376e-02,1.23419307e-02,1.35761238e-02,1.35761238e-02,1.60445099e-02,1.23419307e-02,4.20366159e+00,1.32391890e+01,1.35835289e+01,1.48053801e+01,1.45622440e+01,1.48473426e+01,1.50337058e+01,1.36045102e+01
ildl_bin_edges:0.        ,0.00810238,0.01620476,0.02430714,0.03240952,0.04051189,0.04861427,0.05671665,0.06481903,0.07292141,0.08102379,0.08912617,0.09722855,0.10533093,0.11343331,0.12153569,0.12963806,0.13774044,0.14584282,0.1539452 ,0.16204758,0.17014996,0.17825234,0.18635472,0.1944571 ,0.20255947,0.21066185,0.21876423,0.22686661,0.23496899,0.24307137,0.25117375,0.25927613,0.26737851,0.27548089,0.28358326,0.29168564,0.29978802,0.3078904 ,0.31599278,0.32409516
eul: 0., 0., 0., 0., 0., 0., 0., 0., 0., 0., 0., 0., 0., 0., 0., 0., 0., 0., 0., 0.,40., 0., 0., 0., 0., 0., 0., 0., 0., 0., 0., 0., 0., 0., 0., 0., 0., 0., 0., 0.
eul_bin_edges:-0.5  ,-0.475,-0.45 ,-0.425,-0.4  ,-0.375,-0.35 ,-0.325,-0.3  ,-0.275,-0.25 ,-0.225,-0.2  ,-0.175,-0.15 ,-0.125,-0.1  ,-0.075,-0.05 ,-0.025, 0.   , 0.025, 0.05 , 0.075, 0.1  , 0.125, 0.15 , 0.175, 0.2  , 0.225, 0.25 , 0.275, 0.3  , 0.325, 0.35 , 0.375, 0.4  , 0.425, 0.45 , 0.475, 0.5  
edl:4.77161796e-02,1.18552460e-06,0.00000000e+00,1.18552460e-06,0.00000000e+00,0.00000000e+00,0.00000000e+00,3.55657380e-06,0.00000000e+00,5.92762300e-06,1.20923509e-04,6.66359667e-02,3.99996000e-03,5.69051808e-05,8.29867220e-06,0.00000000e+00,0.00000000e+00,1.18552460e-06,0.00000000e+00,0.00000000e+00,1.18552460e-06,0.00000000e+00,0.00000000e+00,0.00000000e+00,0.00000000e+00,0.00000000e+00,0.00000000e+00,0.00000000e+00,0.00000000e+00,0.00000000e+00,0.00000000e+00,0.00000000e+00,0.00000000e+00,0.00000000e+00,0.00000000e+00,0.00000000e+00,0.00000000e+00,0.00000000e+00,0.00000000e+00,1.18552460e-06
edl_bin_edges:  0.   ,  8.435, 16.87 , 25.305, 33.74 , 42.175, 50.61 , 59.045, 67.48 , 75.915, 84.35 , 92.785,101.22 ,109.655,118.09 ,126.525,134.96 ,143.395,151.83 ,160.265,168.7  ,177.135,185.57 ,194.005,202.44 ,210.875,219.31 ,227.745,236.18 ,244.615,253.05 ,261.485,269.92 ,278.355,286.79 ,295.225,303.66 ,312.095,320.53 ,328.965,337.4  
gul: 0., 0., 0., 0., 0., 0., 0., 0., 0., 0., 0., 0., 0., 0., 0., 0., 0., 0., 0., 0.,40., 0., 0., 0., 0., 0., 0., 0., 0., 0., 0., 0., 0., 0., 0., 0., 0., 0., 0., 0.
gul_bin_edges:-0.5  ,-0.475,-0.45 ,-0.425,-0.4  ,-0.375,-0.35 ,-0.325,-0.3  ,-0.275,-0.25 ,-0.225,-0.2  ,-0.175,-0.15 ,-0.125,-0.1  ,-0.075,-0.05 ,-0.025, 0.   , 0.025, 0.05 , 0.075, 0.1  , 0.125, 0.15 , 0.175, 0.2  , 0.225, 0.25 , 0.275, 0.3  , 0.325, 0.35 , 0.375, 0.4  , 0.425, 0.45 , 0.475, 0.5  
gdl:1.71581917e-01,0.00000000e+00,2.87147164e-06,0.00000000e+00,0.00000000e+00,0.00000000e+00,0.00000000e+00,0.00000000e+00,0.00000000e+00,0.00000000e+00,0.00000000e+00,2.87147164e-06,0.00000000e+00,0.00000000e+00,2.87147164e-06,0.00000000e+00,0.00000000e+00,0.00000000e+00,0.00000000e+00,0.00000000e+00,0.00000000e+00,2.87147164e-06,0.00000000e+00,8.61441493e-06,2.29717732e-05,9.18870926e-05,1.34959167e-04,1.07393039e-03,1.04917831e-01,8.96760594e-03,1.32087696e-04,1.57930940e-04,3.15861881e-05,8.61441493e-06,0.00000000e+00,2.87147164e-06,0.00000000e+00,0.00000000e+00,2.87147164e-06,2.87147164e-06
gdl_bin_edges:  0.    ,  3.4825,  6.965 , 10.4475, 13.93  , 17.4125, 20.895 , 24.3775, 27.86  , 31.3425, 34.825 , 38.3075, 41.79  , 45.2725, 48.755 , 52.2375, 55.72  , 59.2025, 62.685 , 66.1675, 69.65  , 73.1325, 76.615 , 80.0975, 83.58  , 87.0625, 90.545 , 94.0275, 97.51  ,100.9925,104.475 ,107.9575,111.44  ,114.9225,118.405 ,121.8875,125.37  ,128.8525,132.335 ,135.8175,139.3   
ri: 0., 0., 0., 0., 0., 0., 0., 0., 0., 0., 0., 0., 0., 0., 0., 0., 0., 0., 0., 0.,40., 0., 0., 0., 0., 0., 0., 0., 0., 0., 0., 0., 0., 0., 0., 0., 0., 0., 0., 0.
ri_bin_edges:0.5  ,0.525,0.55 ,0.575,0.6  ,0.625,0.65 ,0.675,0.7  ,0.725,0.75 ,0.775,0.8  ,0.825,0.85 ,0.875,0.9  ,0.925,0.95 ,0.975,1.   ,1.025,1.05 ,1.075,1.1  ,1.125,1.15 ,1.175,1.2  ,1.225,1.25 ,1.275,1.3  ,1.325,1.35 ,1.375,1.4  ,1.425,1.45 ,1.475,1.5  
