period:1
ue_log_freq:1000
mac_log_freq:1000
mimo_layers:2
frequency:2412000000.0
bandwidth:50000000
ue_speed:5.555555555555555
max_distance:1000
shannon_cfg_bandwidth_mhz:50.0
shannon_cfg_mimo_layers:2
shannon_cfg_bw_efficiency:0.67
shannon_cfg_sinr_offset_db:0
shannon_cfg_ul_divisor:2
shannon_cfg_sinr_sample_rate:1000
n_ue:1
sinr_period:9.463597741343282
sinr_rate:105.66805852612856
ul_fairness:1.0
dl_fairness:1.0
ul_agg_throughput:55.14143187469275
dl_agg_throughput:112.48731903110064
ul_ave_throughput:55.14143187469275
dl_ave_throughput:112.48731903110064
ul_se:1.102828637493855
dl_se:2.249746380622013
ul_ase:3.5104125808089393e-07
dl_ase:7.16116514358188e-07
ul_gr:55.22468979425171
dl_gr:113.50585661786153
ul_tr:55.131150989166755
dl_tr:113.41622264647792
ul_er:244.77020274831045
dl_er:186.49159340338832
ul_er_ratio:0.8161690492486854
dl_er_ratio:0.621829720411088
ul_er_perc:81.61690492486854
dl_er_perc:62.1829720411088
ul_l:0.0047330009053507885
dl_l:0.004728838157652853
ul_il:0.10531804474549378
dl_il:0.045556983692477564
sinr_ul:0.03309104,0.08292604,0.11189576,0.08371628,0.0310038 ,0.0242566 ,0.0186363 ,0.0123675 ,0.00816468,0.00453593,0.00301569,0.00089301,0.00048194,0.00047486,0.00046068,0.00044296,0.00043587,0.00042524,0.00041461,0.00040398,0.00040044,0.00038626,0.00037918,0.00037563,0.00036854,0.00036146,0.00035437,0.00035083,0.00034374,0.00033665,0.00033311,0.00033311,0.00032248,0.00031893,0.00031539,0.00031185,0.00036146,0.00040753,0.00041816,0.00042524
sinr_ul_bin_edges: 15.146073  , 17.49764692, 19.84922085, 22.20079477, 24.5523687 , 26.90394262, 29.25551655, 31.60709047, 33.9586644 , 36.31023833, 38.66181225, 41.01338618, 43.3649601 , 45.71653402, 48.06810795, 50.41968188, 52.7712558 , 55.12282972, 57.47440365, 59.82597757, 62.1775515 , 64.52912542, 66.88069935, 69.23227327, 71.5838472 , 73.93542112, 76.28699505, 78.63856897, 80.9901429 , 83.34171682, 85.69329075, 88.04486467, 90.3964386 , 92.74801252, 95.09958645, 97.45116038, 99.8027343 ,102.15430822,104.50588215,106.85745608,109.20903   
sinr_dl:0.03309111,0.08292622,0.111896  ,0.08371646,0.03100387,0.02425311,0.01863988,0.01236753,0.00816115,0.00453948,0.00301569,0.00089301,0.00048194,0.00047486,0.00046068,0.00044296,0.00043588,0.00042524,0.00041461,0.00040398,0.00040044,0.00038626,0.00037918,0.00037563,0.00036855,0.00036146,0.00035437,0.00035083,0.00034374,0.00033665,0.00033311,0.00033311,0.00032248,0.00031893,0.00031539,0.00031185,0.00036146,0.00040753,0.00041816,0.00042524
sinr_dl_bin_edges: 35.654198 , 38.0057668, 40.3573356, 42.7089044, 45.0604732, 47.412042 , 49.7636108, 52.1151796, 54.4667484, 56.8183172, 59.169886 , 61.5214548, 63.8730236, 66.2245924, 68.5761612, 70.92773  , 73.2792988, 75.6308676, 77.9824364, 80.3340052, 82.685574 , 85.0371428, 87.3887116, 89.7402804, 92.0918492, 94.443418 , 96.7949868, 99.1465556,101.4981244,103.8496932,106.201262 ,108.5528308,110.9043996,113.2559684,115.6075372,117.959106 ,120.3106748,122.6622436,125.0138124,127.3653812,129.71695  
rsrp_ul:0.03309099,0.08292593,0.11189561,0.08371618,0.03100376,0.02425657,0.01863628,0.01236748,0.00816467,0.00453593,0.00301568,0.00089301,0.00048194,0.00047485,0.00046068,0.00044296,0.00043587,0.00042524,0.00041461,0.00040398,0.00040044,0.00038626,0.00037918,0.00037563,0.00036854,0.00036146,0.00035437,0.00035083,0.00034374,0.00033665,0.00033311,0.00033311,0.00032248,0.00031893,0.00031539,0.00031184,0.00036146,0.00040752,0.00041816,0.00042524
rsrp_ul_bin_edges:-105.58493   ,-103.23335307,-100.88177615, -98.53019923, -96.1786223 , -93.82704537, -91.47546845, -89.12389153, -86.7723146 , -84.42073767, -82.06916075, -79.71758383, -77.3660069 , -75.01442997, -72.66285305, -70.31127613, -67.9596992 , -65.60812227, -63.25654535, -60.90496843, -58.5533915 , -56.20181458, -53.85023765, -51.49866073, -49.1470838 , -46.79550688, -44.44392995, -42.09235303, -39.7407761 , -37.38919918, -35.03762225, -32.68604533, -30.3344684 , -27.98289148, -25.63131455, -23.27973763, -20.9281607 , -18.57658378, -16.22500685, -13.87342993, -11.521853  
rsrp_dl:0.03309099,0.08292593,0.11189561,0.08371617,0.03100376,0.02425657,0.01863628,0.01236748,0.00816467,0.00453593,0.00301568,0.00089301,0.00048194,0.00047485,0.00046068,0.00044296,0.00043587,0.00042524,0.00041461,0.00040398,0.00040044,0.00038626,0.00037918,0.00037563,0.00036854,0.00036146,0.00035437,0.00035083,0.00034374,0.00033665,0.00033311,0.00033311,0.00032248,0.00031893,0.00031539,0.00031184,0.00036146,0.00040752,0.00041816,0.00042524
rsrp_dl_bin_edges:-108.84829   ,-106.49671306,-104.14513613,-101.79355919, -99.44198225, -97.09040531, -94.73882838, -92.38725144, -90.0356745 , -87.68409756, -85.33252063, -82.98094369, -80.62936675, -78.27778981, -75.92621288, -73.57463594, -71.223059  , -68.87148206, -66.51990513, -64.16832819, -61.81675125, -59.46517431, -57.11359738, -54.76202044, -52.4104435 , -50.05886656, -47.70728963, -45.35571269, -43.00413575, -40.65255881, -38.30098188, -35.94940494, -33.597828  , -31.24625106, -28.89467413, -26.54309719, -24.19152025, -21.83994331, -19.48836638, -17.13678944, -14.7852125 
cqi_ul:0.19608928,0.        ,0.        ,0.56790436,0.        ,0.        ,0.        ,0.30166415,0.        ,0.        ,0.80514481,0.        ,0.        ,0.        ,0.71847886,0.        ,0.        ,0.        ,0.26151297,0.        ,0.        ,0.15508962,0.        ,0.        ,0.        ,0.12133232,0.        ,0.        ,0.        ,0.15560476,0.        ,0.        ,0.0894235 ,0.        ,0.        ,0.        ,0.06460552,0.        ,0.        ,0.19951349
cqi_ul_bin_edges: 4.   , 4.275, 4.55 , 4.825, 5.1  , 5.375, 5.65 , 5.925, 6.2  , 6.475, 6.75 , 7.025, 7.3  , 7.575, 7.85 , 8.125, 8.4  , 8.675, 8.95 , 9.225, 9.5  , 9.775,10.05 ,10.325,10.6  ,10.875,11.15 ,11.425,11.7  ,11.975,12.25 ,12.525,12.8  ,13.075,13.35 ,13.625,13.9  ,14.175,14.45 ,14.725,15.   
cqi_dl: 0., 0., 0., 0., 0., 0., 0., 0., 0., 0., 0., 0., 0., 0., 0., 0., 0., 0., 0., 0.,40., 0., 0., 0., 0., 0., 0., 0., 0., 0., 0., 0., 0., 0., 0., 0., 0., 0., 0., 0.
cqi_dl_bin_edges:14.5  ,14.525,14.55 ,14.575,14.6  ,14.625,14.65 ,14.675,14.7  ,14.725,14.75 ,14.775,14.8  ,14.825,14.85 ,14.875,14.9  ,14.925,14.95 ,14.975,15.   ,15.025,15.05 ,15.075,15.1  ,15.125,15.15 ,15.175,15.2  ,15.225,15.25 ,15.275,15.3  ,15.325,15.35 ,15.375,15.4  ,15.425,15.45 ,15.475,15.5  
mcs_ul:0.03697071,0.05681112,0.        ,0.09365139,0.        ,0.17795504,0.06597046,0.        ,0.0783037 ,0.        ,0.14744805,0.        ,0.23762121,0.23899801,0.        ,0.10462232,0.        ,0.05592707,0.        ,0.06914435,0.03672433,0.        ,0.03744896,0.        ,0.02769542,0.        ,0.03031859,0.05484012,0.        ,0.01959404,0.        ,0.01995636,0.        ,0.0228114 ,0.01659406,0.        ,0.01430423,0.        ,0.        ,0.09541949
mcs_ul_bin_edges: 5.   , 5.575, 6.15 , 6.725, 7.3  , 7.875, 8.45 , 9.025, 9.6  ,10.175,10.75 ,11.325,11.9  ,12.475,13.05 ,13.625,14.2  ,14.775,15.35 ,15.925,16.5  ,17.075,17.65 ,18.225,18.8  ,19.375,19.95 ,20.525,21.1  ,21.675,22.25 ,22.825,23.4  ,23.975,24.55 ,25.125,25.7  ,26.275,26.85 ,27.425,28.   
mcs_dl: 0., 0., 0., 0., 0., 0., 0., 0., 0., 0., 0., 0., 0., 0., 0., 0., 0., 0., 0., 0.,40., 0., 0., 0., 0., 0., 0., 0., 0., 0., 0., 0., 0., 0., 0., 0., 0., 0., 0., 0.
mcs_dl_bin_edges:27.5  ,27.525,27.55 ,27.575,27.6  ,27.625,27.65 ,27.675,27.7  ,27.725,27.75 ,27.775,27.8  ,27.825,27.85 ,27.875,27.9  ,27.925,27.95 ,27.975,28.   ,28.025,28.05 ,28.075,28.1  ,28.125,28.15 ,28.175,28.2  ,28.225,28.25 ,28.275,28.3  ,28.325,28.35 ,28.375,28.4  ,28.425,28.45 ,28.475,28.5  
eff_ul:0.14340142,0.22035813,0.36325363,0.        ,0.69024935,0.        ,0.25588525,0.3037232 ,0.57191928,0.        ,0.92168159,0.        ,0.92702191,0.        ,0.40580748,0.        ,0.21692908,0.        ,0.26819608,0.        ,0.14244579,0.        ,0.14525648,0.        ,0.10742459,0.        ,0.11759929,0.21271305,0.        ,0.07600107,0.        ,0.        ,0.07740641,0.        ,0.08848053,0.        ,0.06436481,0.        ,0.05548303,0.37011171
eff_ul_bin_edges:1.4765962 ,1.62483849,1.77308079,1.92132309,2.06956538,2.21780767,2.36604997,2.51429226,2.66253456,2.81077686,2.95901915,3.10726145,3.25550374,3.40374604,3.55198833,3.70023063,3.84847292,3.99671522,4.14495751,4.29319981,4.4414421 ,4.5896844 ,4.73792669,4.88616899,5.03441128,5.18265358,5.33089587,5.47913817,5.62738046,5.77562276,5.92386505,6.07210735,6.22034964,6.36859194,6.51683423,6.66507652,6.81331882,6.96156112,7.10980341,7.25804571,7.406288  
eff_dl: 0., 0., 0., 0., 0., 0., 0., 0., 0., 0., 0., 0., 0., 0., 0., 0., 0., 0., 0., 0.,40., 0., 0., 0., 0., 0., 0., 0., 0., 0., 0., 0., 0., 0., 0., 0., 0., 0., 0., 0.
eff_dl_bin_edges:6.906288,6.931288,6.956288,6.981288,7.006288,7.031288,7.056288,7.081288,7.106288,7.131288,7.156288,7.181288,7.206288,7.231288,7.256288,7.281288,7.306288,7.331288,7.356288,7.381288,7.406288,7.431288,7.456288,7.481288,7.506288,7.531288,7.556288,7.581288,7.606288,7.631288,7.656288,7.681288,7.706288,7.731288,7.756288,7.781288,7.806288,7.831288,7.856288,7.881288,7.906288
rul:4.46248572e-02,0.00000000e+00,0.00000000e+00,1.17849511e-03,1.44702167e-03,5.88217400e-03,2.93387593e-03,5.23455111e-03,6.80519115e-03,2.24367338e-03,1.18467602e-03,1.46419089e-03,1.21695415e-03,1.11187854e-03,1.36117558e-03,6.40068438e-04,9.70404187e-04,1.18673633e-03,3.31022518e-04,3.61240341e-04,1.21420708e-03,1.31859592e-04,1.12630068e-04,0.00000000e+00,9.75211568e-05,2.60972110e-05,8.79063949e-05,9.40873133e-05,2.81575171e-05,7.41710207e-05,0.00000000e+00,4.12061226e-05,2.33501361e-05,1.92295239e-05,1.64824490e-05,3.91458165e-05,0.00000000e+00,1.17437449e-04,1.57956803e-05,9.54608507e-05
rul_bin_edges:  0.      , 12.134018, 24.268036, 36.402054, 48.536072, 60.67009 , 72.804108, 84.938126, 97.072144,109.206162,121.34018 ,133.474198,145.608216,157.742234,169.876252,182.01027 ,194.144288,206.278306,218.412324,230.546342,242.68036 ,254.814378,266.948396,279.082414,291.216432,303.35045 ,315.484468,327.618486,339.752504,351.886522,364.02054 ,376.154558,388.288576,400.422594,412.556612,424.69063 ,436.824648,448.958666,461.092684,473.226702,485.36072 
rdl:0.04779629,0.        ,0.        ,0.        ,0.        ,0.        ,0.        ,0.        ,0.        ,0.        ,0.        ,0.        ,0.        ,0.        ,0.        ,0.        ,0.        ,0.        ,0.        ,0.03665555,0.        ,0.        ,0.        ,0.        ,0.        ,0.        ,0.        ,0.        ,0.        ,0.        ,0.        ,0.        ,0.        ,0.        ,0.        ,0.        ,0.        ,0.        ,0.        ,0.00371089
rdl_bin_edges:  0.      , 11.342662, 22.685324, 34.027986, 45.370648, 56.71331 , 68.055972, 79.398634, 90.741296,102.083958,113.42662 ,124.769282,136.111944,147.454606,158.797268,170.13993 ,181.482592,192.825254,204.167916,215.510578,226.85324 ,238.195902,249.538564,260.881226,272.223888,283.56655 ,294.909212,306.251874,317.594536,328.937198,340.27986 ,351.622522,362.965184,374.307846,385.650508,396.99317 ,408.335832,419.678494,431.021156,442.363818,453.70648 
lul:1.94179783e+03,0.00000000e+00,0.00000000e+00,0.00000000e+00,0.00000000e+00,0.00000000e+00,0.00000000e+00,0.00000000e+00,0.00000000e+00,0.00000000e+00,0.00000000e+00,0.00000000e+00,0.00000000e+00,0.00000000e+00,0.00000000e+00,0.00000000e+00,0.00000000e+00,0.00000000e+00,0.00000000e+00,0.00000000e+00,0.00000000e+00,0.00000000e+00,0.00000000e+00,0.00000000e+00,0.00000000e+00,0.00000000e+00,0.00000000e+00,0.00000000e+00,0.00000000e+00,0.00000000e+00,0.00000000e+00,0.00000000e+00,0.00000000e+00,0.00000000e+00,0.00000000e+00,1.03257934e+03,8.39738359e+00,1.48373699e+02,4.18374983e-01,4.54534535e+02
lul_bin_edges:0.        ,0.00027885,0.00055771,0.00083656,0.00111542,0.00139427,0.00167313,0.00195198,0.00223084,0.00250969,0.00278854,0.0030674 ,0.00334625,0.00362511,0.00390396,0.00418282,0.00446167,0.00474052,0.00501938,0.00529823,0.00557709,0.00585594,0.0061348 ,0.00641365,0.0066925 ,0.00697136,0.00725021,0.00752907,0.00780792,0.00808678,0.00836563,0.00864449,0.00892334,0.00920219,0.00948105,0.0097599 ,0.01003876,0.01031761,0.01059647,0.01087532,0.01115418
ldl:1.94092280e+03,0.00000000e+00,0.00000000e+00,0.00000000e+00,0.00000000e+00,0.00000000e+00,0.00000000e+00,0.00000000e+00,0.00000000e+00,0.00000000e+00,0.00000000e+00,0.00000000e+00,0.00000000e+00,0.00000000e+00,0.00000000e+00,0.00000000e+00,0.00000000e+00,0.00000000e+00,0.00000000e+00,0.00000000e+00,0.00000000e+00,0.00000000e+00,0.00000000e+00,0.00000000e+00,0.00000000e+00,0.00000000e+00,0.00000000e+00,0.00000000e+00,0.00000000e+00,0.00000000e+00,0.00000000e+00,0.00000000e+00,0.00000000e+00,0.00000000e+00,0.00000000e+00,1.01919555e+03,7.72705481e+00,1.50692486e+02,8.95025654e-01,4.60699538e+02
ldl_bin_edges:0.        ,0.00027932,0.00055864,0.00083796,0.00111728,0.0013966 ,0.00167592,0.00195523,0.00223455,0.00251387,0.00279319,0.00307251,0.00335183,0.00363115,0.00391047,0.00418979,0.00446911,0.00474843,0.00502775,0.00530707,0.00558639,0.0058657 ,0.00614502,0.00642434,0.00670366,0.00698298,0.0072623 ,0.00754162,0.00782094,0.00810026,0.00837958,0.0086589 ,0.00893822,0.00921754,0.00949686,0.00977617,0.01005549,0.01033481,0.01061413,0.01089345,0.01117277
ilul:4.66800337e+01,5.74718011e-03,3.59198757e-03,5.02878260e-03,5.02878260e-03,4.31038508e-03,4.31038508e-03,4.31038508e-03,2.62646131e+00,1.05460755e+00,8.01013228e-01,1.89872463e+00,1.14153365e+00,9.97135749e-01,1.58909530e+00,1.15374641e+00,1.95619643e+00,3.00505680e+00,3.25290394e+00,4.07690589e+00,1.13578647e+00,1.91309258e+00,1.66596383e+00,1.35633451e+00,1.09842980e+00,3.91526645e-01,5.17964608e-01,3.30678376e+00,2.62215093e-01,2.20548037e-01,1.40087515e+00,4.41814471e-01,1.26437962e-01,1.42242708e-01,7.70840532e-01,2.99571763e-01,5.60350061e-02,5.02878260e-02,1.61639441e-01,6.24287440e-01
ilul_bin_edges:0.        ,0.01159979,0.02319959,0.03479939,0.04639918,0.05799897,0.06959877,0.08119857,0.09279836,0.10439815,0.11599795,0.12759774,0.13919754,0.15079734,0.16239713,0.17399692,0.18559672,0.19719651,0.20879631,0.2203961 ,0.2319959 ,0.2435957 ,0.25519549,0.26679528,0.27839508,0.28999487,0.30159467,0.31319446,0.32479426,0.33639405,0.34799385,0.35959364,0.37119344,0.38279324,0.39439303,0.40599283,0.41759262,0.42919241,0.44079221,0.452392  ,0.4639918 
ildl:2.06183581e+02,0.00000000e+00,0.00000000e+00,3.16927588e-03,0.00000000e+00,9.50782764e-03,6.33855176e-03,6.33855176e-03,3.16927588e-03,9.50782764e-03,0.00000000e+00,9.50782764e-03,9.50782764e-03,6.33855176e-03,3.16927588e-03,6.33855176e-03,6.33855176e-03,9.50782764e-03,3.16927588e-03,9.50782764e-03,6.33855176e-03,3.16927588e-03,6.33855176e-03,9.50782764e-03,3.16927588e-03,6.33855176e-03,9.50782764e-03,6.33855176e-03,0.00000000e+00,9.50782764e-03,9.50782764e-03,3.16927588e-03,3.16927588e-03,6.33855176e-03,3.16927588e-03,2.73825436e+00,2.31166983e+01,7.70514352e+01,4.78021881e+01,2.32371307e+01
ildl_bin_edges:0.        ,0.00262939,0.00525878,0.00788817,0.01051756,0.01314695,0.01577634,0.01840573,0.02103512,0.02366451,0.0262939 ,0.0289233 ,0.03155269,0.03418208,0.03681147,0.03944086,0.04207025,0.04469964,0.04732903,0.04995842,0.05258781,0.0552172 ,0.05784659,0.06047598,0.06310537,0.06573476,0.06836415,0.07099354,0.07362293,0.07625232,0.07888171,0.08151111,0.0841405 ,0.08676989,0.08939928,0.09202867,0.09465806,0.09728745,0.09991684,0.10254623,0.10517562
eul:1.51528230e-02,0.00000000e+00,0.00000000e+00,0.00000000e+00,0.00000000e+00,0.00000000e+00,0.00000000e+00,0.00000000e+00,0.00000000e+00,6.85865341e-07,0.00000000e+00,0.00000000e+00,0.00000000e+00,6.85865341e-07,0.00000000e+00,0.00000000e+00,0.00000000e+00,6.85865341e-07,0.00000000e+00,6.85865341e-07,2.05759602e-06,1.09738455e-05,1.44031722e-04,2.67487483e-05,6.58698215e-02,9.25918210e-04,7.81886488e-05,8.36755716e-05,3.42932670e-06,2.05759602e-06,6.85865341e-07,0.00000000e+00,0.00000000e+00,6.85865341e-07,0.00000000e+00,0.00000000e+00,0.00000000e+00,0.00000000e+00,0.00000000e+00,6.85865341e-07
eul_bin_edges:  0.  , 12.15, 24.3 , 36.45, 48.6 , 60.75, 72.9 , 85.05, 97.2 ,109.35,121.5 ,133.65,145.8 ,157.95,170.1 ,182.25,194.4 ,206.55,218.7 ,230.85,243.  ,255.15,267.3 ,279.45,291.6 ,303.75,315.9 ,328.05,340.2 ,352.35,364.5 ,376.65,388.8 ,400.95,413.1 ,425.25,437.4 ,449.55,461.7 ,473.85,486.  
edl:3.72830924e-02,0.00000000e+00,0.00000000e+00,0.00000000e+00,0.00000000e+00,0.00000000e+00,0.00000000e+00,0.00000000e+00,0.00000000e+00,0.00000000e+00,8.21213490e-07,0.00000000e+00,0.00000000e+00,0.00000000e+00,0.00000000e+00,0.00000000e+00,0.00000000e+00,0.00000000e+00,0.00000000e+00,0.00000000e+00,0.00000000e+00,8.21213490e-07,0.00000000e+00,0.00000000e+00,3.28485396e-06,6.56970792e-06,7.96577085e-05,7.30880006e-05,2.48827687e-04,6.01226820e-02,5.83061578e-04,2.29939777e-05,1.07578967e-04,9.03334839e-06,2.46364047e-06,8.21213490e-07,0.00000000e+00,8.21213490e-07,0.00000000e+00,8.21213490e-07
edl_bin_edges:  0.    , 10.1475, 20.295 , 30.4425, 40.59  , 50.7375, 60.885 , 71.0325, 81.18  , 91.3275,101.475 ,111.6225,121.77  ,131.9175,142.065 ,152.2125,162.36  ,172.5075,182.655 ,192.8025,202.95  ,213.0975,223.245 ,233.3925,243.54  ,253.6875,263.835 ,273.9825,284.13  ,294.2775,304.425 ,314.5725,324.72  ,334.8675,345.015 ,355.1625,365.31  ,375.4575,385.605 ,395.7525,405.9   
gul:9.37019658e-02,0.00000000e+00,0.00000000e+00,0.00000000e+00,0.00000000e+00,0.00000000e+00,0.00000000e+00,0.00000000e+00,0.00000000e+00,0.00000000e+00,0.00000000e+00,0.00000000e+00,0.00000000e+00,0.00000000e+00,0.00000000e+00,0.00000000e+00,0.00000000e+00,0.00000000e+00,0.00000000e+00,0.00000000e+00,0.00000000e+00,0.00000000e+00,0.00000000e+00,0.00000000e+00,0.00000000e+00,0.00000000e+00,0.00000000e+00,0.00000000e+00,9.57021406e-07,1.91404281e-06,6.69914984e-06,4.40229847e-05,4.78510703e-06,1.93318324e-04,2.06506079e-02,1.93318324e-04,1.91404281e-06,3.44527706e-05,7.65617124e-06,1.91404281e-06
gul_bin_edges:  0.    ,  8.7075, 17.415 , 26.1225, 34.83  , 43.5375, 52.245 , 60.9525, 69.66  , 78.3675, 87.075 , 95.7825,104.49  ,113.1975,121.905 ,130.6125,139.32  ,148.0275,156.735 ,165.4425,174.15  ,182.8575,191.565 ,200.2725,208.98  ,217.6875,226.395 ,235.1025,243.81  ,252.5175,261.225 ,269.9325,278.64  ,287.3475,296.055 ,304.7625,313.47  ,322.1775,330.885 ,339.5925,348.3   
gdl:5.11669261e-02,0.00000000e+00,0.00000000e+00,0.00000000e+00,0.00000000e+00,0.00000000e+00,0.00000000e+00,0.00000000e+00,0.00000000e+00,0.00000000e+00,0.00000000e+00,0.00000000e+00,0.00000000e+00,6.85865341e-07,0.00000000e+00,0.00000000e+00,0.00000000e+00,0.00000000e+00,0.00000000e+00,6.85865341e-07,0.00000000e+00,4.80105738e-06,5.82985540e-05,1.23455761e-05,3.05271804e-02,4.50613529e-04,3.70367284e-05,4.32095165e-05,6.85865341e-07,1.37173068e-06,0.00000000e+00,0.00000000e+00,0.00000000e+00,0.00000000e+00,0.00000000e+00,0.00000000e+00,0.00000000e+00,0.00000000e+00,0.00000000e+00,6.85865341e-07
gdl_bin_edges:  0.  , 12.15, 24.3 , 36.45, 48.6 , 60.75, 72.9 , 85.05, 97.2 ,109.35,121.5 ,133.65,145.8 ,157.95,170.1 ,182.25,194.4 ,206.55,218.7 ,230.85,243.  ,255.15,267.3 ,279.45,291.6 ,303.75,315.9 ,328.05,340.2 ,352.35,364.5 ,376.65,388.8 ,400.95,413.1 ,425.25,437.4 ,449.55,461.7 ,473.85,486.  
ri: 0., 0., 0., 0., 0., 0., 0., 0., 0., 0., 0., 0., 0., 0., 0., 0., 0., 0., 0., 0.,40., 0., 0., 0., 0., 0., 0., 0., 0., 0., 0., 0., 0., 0., 0., 0., 0., 0., 0., 0.
ri_bin_edges:0.5  ,0.525,0.55 ,0.575,0.6  ,0.625,0.65 ,0.675,0.7  ,0.725,0.75 ,0.775,0.8  ,0.825,0.85 ,0.875,0.9  ,0.925,0.95 ,0.975,1.   ,1.025,1.05 ,1.075,1.1  ,1.125,1.15 ,1.175,1.2  ,1.225,1.25 ,1.275,1.3  ,1.325,1.35 ,1.375,1.4  ,1.425,1.45 ,1.475,1.5  
