period:1
ue_log_freq:1000
mac_log_freq:1000
mimo_layers:2
frequency:2412000000.0
bandwidth:50000000
ue_speed:5.555555555555555
max_distance:1000
shannon_cfg_bandwidth_mhz:50.0
shannon_cfg_mimo_layers:2
shannon_cfg_bw_efficiency:0.67
shannon_cfg_sinr_offset_db:0
shannon_cfg_ul_divisor:2
shannon_cfg_sinr_sample_rate:1000
n_ue:15
sinr_period:9.463597741343282
sinr_rate:105.66805852612856
ul_fairness:0.7285507976254092
dl_fairness:0.20971810302211796
ul_agg_throughput:6.834339933210179
dl_agg_throughput:37.4460773811704
ul_ave_throughput:0.45562266221401193
dl_ave_throughput:2.496405158744693
ul_se:0.13668679866420358
dl_se:0.748921547623408
ul_ase:4.350875932562936e-08
dl_ase:2.3838913258459536e-07
ul_gr:0.12153342466575334, 0.12153342466575334, 0.12153342466575334, 0.12153342466575334, 0.12153342466575334, 0.12153342466575334, 0.12153342466575334, 0.12153342466575334, 0.12153342466575334, 0.12153342466575334, 0.12153342466575334, 0.12153342466575334, 0.12153342466575334, 0.12153342466575334, 0.12153342466575334
dl_gr:0.4586958930410696, 0.45870549294507057, 0.4609631503684964, 0.4640911190888091, 0.4685290747092529, 0.48285845141548583, 15.469248507514925, 0.4587074129258708, 0.4588590114098859, 0.4588590114098859, 0.458869731302687, 0.4597563624363757, 0.4597631623683764, 0.4597631623683764, 0.4597631623683764
ul_tr:0.1215334251201488, 0.12153342309176911, 0.11563529940124098, 0.11762333793842061, 0.12153342498275019, 0.09856134627861021, 0.12153342660073399, 0.12153342678473215, 0.12153342478975211, 0.1199205800394996, 0.12153342666973332, 0.121533424199758, 0.10608045626963732, 0.10488177403284468, 0.09776645112878872
dl_tr:0.4586959314372856, 0.4587055301848982, 0.46096318693313076, 0.46402325493295077, 0.46852911084489157, 0.48285848736892645, 15.469249729517708, 0.45870744913730865, 0.4588590490177099, 0.4588590500130999, 0.45886976838711613, 0.45975639771582294, 0.45976319956640443, 0.45976320106458946, 0.45876931214027866
ul_er:0.0, 0.0, 0.005894561054389457, 0.003907440925590744, 0.0, 0.02292669073309267, 0.0, 0.0, 0.0, 0.0016123638763612367, 0.0, 0.0, 0.015444465555344448, 0.016635053649463504, 0.023752712472875272
dl_er:31.369763582364172, 31.36975398246017, 31.36749632503675, 31.364436185638148, 31.35993040069599, 31.345601023989765, 16.35921096789032, 31.369752062479375, 31.369600463995358, 31.369600463995358, 31.369589744102555, 31.368703112968866, 31.36869631303687, 31.36869631303687, 31.36968923310767
ul_er_ratio:0.0, 0.0, 0.04850298545797733, 0.03215186278007016, 0.0, 0.1887156241637533, 0.0, 0.0, 0.0, 0.013266887350951537, 0.0, 0.0, 0.127088874639124, 0.1368950619164775, 0.1954647462085562
dl_er_ratio:0.9855884972617545, 0.9855881956837195, 0.98551726366902, 0.9854211211259107, 0.9852795542720186, 0.9848293478609417, 0.5139805887383848, 0.9855881353927956, 0.9855833723642796, 0.9855833723334569, 0.9855830355783617, 0.9855551790823718, 0.9855549653798247, 0.9855549653334339, 0.9855861913171797
ul_er_perc:0.0, 0.0, 4.850298545797733, 3.2151862780070157, 0.0, 18.87156241637533, 0.0, 0.0, 0.0, 1.3266887350951537, 0.0, 0.0, 12.708887463912399, 13.689506191647748, 19.54647462085562
dl_er_perc:98.55884972617545, 98.55881956837194, 98.551726366902, 98.54211211259107, 98.52795542720186, 98.48293478609416, 51.39805887383848, 98.55881353927956, 98.55833723642796, 98.5583372333457, 98.55830355783617, 98.55551790823718, 98.55549653798246, 98.55549653334339, 98.55861913171798
ul_l:0.0005248024055419445, 0.0005253591625083749, 0.0012240957474205258, 0.0008838573705012948, 0.0005312838740602594, 0.005458628550698493, 0.0005277886925340746, 0.0005257179195548046, 0.0005259246117678823, 0.0005374631723642765, 0.0005264661264427356, 0.0005266061058159417, 0.0016433776810861893, 0.0031830067462595367, 0.00239250201199788
dl_l:3.696467391526085e-05, 3.719730596694034e-05, 3.901458057419425e-05, 4.1110284415155846e-05, 4.0294470925290745e-05, 4.198134389256107e-05, 0.0010551015484415159, 3.722804016559834e-05, 3.7505668561314384e-05, 3.748042000779993e-05, 3.814569728302717e-05, 3.824515310546894e-05, 3.873598307616924e-05, 3.8516043561564385e-05, 5.022343245367545e-05
ul_il:0.0005581754805491946, 0.0005567655434555655, 0.001244404838292617, 0.0008938598361756385, 0.0005351005248727513, 0.00611034825200048, 0.0005278915132868672, 0.0005559731487475125, 0.0005524222295237047, 0.0005723531109708902, 0.000546901098101019, 0.0005439600848721512, 0.0017240386862091381, 0.003816909931670683, 0.0025785249327256727
dl_il:0.11178628680701293, 0.11169032681773684, 0.09260543589426906, 0.09320421982131875, 0.0913827195778212, 0.09207558421905279, 0.08788100400931392, 0.10960168066437535, 0.1090556250376006, 0.10563407420277098, 0.10422760423345566, 0.10342330188652514, 0.1016834516486565, 0.09659275332883167, 0.09654930330590993
sinr_ul:6.85835223e-04,4.60630974e-04,4.66826414e-04,1.33883461e-03,3.82692337e-03,2.51379983e-03,2.01847439e-03,2.04294638e-03,2.04449524e-03,3.51095592e-03,2.50295781e-02,6.24649056e-02,6.98055728e-02,6.73531079e-02,4.23114486e-02,2.91164002e-02,2.96820439e-02,3.51684159e-02,3.21918167e-02,1.55672824e-02,1.46091576e-02,9.02551718e-03,3.47316374e-03,4.05522534e-03,2.71391255e-03,1.50735058e-03,1.87102292e-04,1.52407827e-04,1.41256035e-04,1.32892191e-04,1.27626067e-04,1.18642679e-04,6.59814374e-05,6.44325774e-05,6.35032614e-05,6.31934893e-05,6.25739453e-05,6.22641733e-05,9.54097780e-05,3.40749207e-04
sinr_ul_bin_edges:-7.7705407 ,-5.61844178,-3.46634286,-1.31424395, 0.83785497, 2.98995389, 5.14205281, 7.29415172, 9.44625064,11.59834956,13.75044848,15.90254739,18.05464631,20.20674523,22.35884414,24.51094306,26.66304198,28.8151409 ,30.96723981,33.11933873,35.27143765,37.42353657,39.57563549,41.7277344 ,43.87983332,46.03193224,48.18403115,50.33613007,52.48822899,54.64032791,56.79242683,58.94452574,61.09662466,63.24872358,65.40082249,67.55292141,69.70502033,71.85711925,74.00921817,76.16131708,78.313416  
sinr_dl:6.85836824e-04,4.60632049e-04,4.66827504e-04,1.33883774e-03,3.82631276e-03,2.51380570e-03,2.01878888e-03,2.04264138e-03,2.04511956e-03,3.51127389e-03,2.50262291e-02,6.24619537e-02,6.98097629e-02,6.73504772e-02,4.23109279e-02,2.91043871e-02,2.96808741e-02,3.51706664e-02,3.22039730e-02,1.55682481e-02,1.46104308e-02,9.02646758e-03,3.47410117e-03,4.05554458e-03,2.71391889e-03,1.50766388e-03,1.87102729e-04,1.52408183e-04,1.41256365e-04,1.32892501e-04,1.27626365e-04,1.18642956e-04,6.59815915e-05,6.44327278e-05,6.35034096e-05,6.31936369e-05,6.25740914e-05,6.22643187e-05,9.54100008e-05,3.40750003e-04
sinr_dl_bin_edges: 1.9719543 , 4.12404819, 6.27614209, 8.42823598,10.58032987,12.73242376,14.88451766,17.03661155,19.18870544,21.34079933,23.49289323,25.64498712,27.79708101,29.9491749 ,32.1012688 ,34.25336269,36.40545658,38.55755047,40.70964437,42.86173826,45.01383215,47.16592604,49.31801994,51.47011383,53.62220772,55.77430161,57.92639551,60.0784894 ,62.23058329,64.38267718,66.53477108,68.68686497,70.83895886,72.99105275,75.14314665,77.29524054,79.44733443,81.59942832,83.75152222,85.90361611,88.05571   
rsrp_ul:6.87517289e-04,4.60410406e-04,4.59171078e-04,1.33630557e-03,3.78707698e-03,2.50623134e-03,2.04706026e-03,2.04891926e-03,2.03900463e-03,3.57236338e-03,2.45814541e-02,6.25126411e-02,7.01630138e-02,6.68887088e-02,4.22573718e-02,2.83945570e-02,2.87508638e-02,3.61261056e-02,3.29571435e-02,1.57816046e-02,1.46466899e-02,9.14159423e-03,3.53797202e-03,4.09505002e-03,2.72435310e-03,1.56527145e-03,1.87758214e-04,1.52437362e-04,1.40973577e-04,1.33537608e-04,1.27340967e-04,1.23932815e-04,6.59942237e-05,6.47548956e-05,6.35155674e-05,6.28959034e-05,6.25860713e-05,6.22762393e-05,9.54282672e-05,3.40815240e-04
rsrp_ul_bin_edges:-118.46681   ,-116.31512805,-114.1634461 ,-112.01176415,-109.8600822 ,-107.70840025,-105.5567183 ,-103.40503635,-101.2533544 , -99.10167245, -96.9499905 , -94.79830855, -92.6466266 , -90.49494465, -88.3432627 , -86.19158075, -84.0398988 , -81.88821685, -79.7365349 , -77.58485295, -75.433171  , -73.28148905, -71.1298071 , -68.97812515, -66.8264432 , -64.67476125, -62.5230793 , -60.37139735, -58.2197154 , -56.06803345, -53.9163515 , -51.76466955, -49.6129876 , -47.46130565, -45.3096237 , -43.15794175, -41.0062598 , -38.85457785, -36.7028959 , -34.55121395, -32.399532  
rsrp_dl:6.87517297e-04,4.60410411e-04,4.59171083e-04,1.33630559e-03,3.78707702e-03,2.50623137e-03,2.04706029e-03,2.04891928e-03,2.03900465e-03,3.57236342e-03,2.45814544e-02,6.25132615e-02,7.01623949e-02,6.68887096e-02,4.22573723e-02,2.83945573e-02,2.87508641e-02,3.61261060e-02,3.29571439e-02,1.57816048e-02,1.46466900e-02,9.14159434e-03,3.53797206e-03,4.09505007e-03,2.72435313e-03,1.56527147e-03,1.87758216e-04,1.52437364e-04,1.40973578e-04,1.33537609e-04,1.27340968e-04,1.23932816e-04,6.59942245e-05,6.47548963e-05,6.35155682e-05,6.28959041e-05,6.25860721e-05,6.22762400e-05,9.54282683e-05,3.40815244e-04
rsrp_dl_bin_edges:-115.45651   ,-113.30482807,-111.15314615,-109.00146422,-106.8497823 ,-104.69810037,-102.54641845,-100.39473652, -98.2430546 , -96.09137268, -93.93969075, -91.78800882, -89.6363269 , -87.48464497, -85.33296305, -83.18128112, -81.0295992 , -78.87791728, -76.72623535, -74.57455343, -72.4228715 , -70.27118957, -68.11950765, -65.96782573, -63.8161438 , -61.66446188, -59.51277995, -57.36109803, -55.2094161 , -53.05773418, -50.90605225, -48.75437033, -46.6026884 , -44.45100647, -42.29932455, -40.14764263, -37.9959607 , -35.84427878, -33.69259685, -31.54091493, -29.389233  
cqi_ul:1.64760257e-03,0.00000000e+00,3.80186674e-03,0.00000000e+00,0.00000000e+00,2.65140206e-03,0.00000000e+00,0.00000000e+00,5.48946891e-03,0.00000000e+00,0.00000000e+00,7.13897623e-03,0.00000000e+00,0.00000000e+00,2.05102711e-02,0.00000000e+00,0.00000000e+00,1.40474786e-02,0.00000000e+00,0.00000000e+00,1.15979793e-02,0.00000000e+00,5.82660840e-03,0.00000000e+00,0.00000000e+00,1.16246457e-02,0.00000000e+00,0.00000000e+00,1.19313093e-02,0.00000000e+00,0.00000000e+00,2.15674034e-02,0.00000000e+00,0.00000000e+00,1.25865408e-01,0.00000000e+00,0.00000000e+00,1.96428512e-01,0.00000000e+00,2.41701393e+00
cqi_ul_bin_edges: 1.  , 1.35, 1.7 , 2.05, 2.4 , 2.75, 3.1 , 3.45, 3.8 , 4.15, 4.5 , 4.85, 5.2 , 5.55, 5.9 , 6.25, 6.6 , 6.95, 7.3 , 7.65, 8.  , 8.35, 8.7 , 9.05, 9.4 , 9.75,10.1 ,10.45,10.8 ,11.15,11.5 ,11.85,12.2 ,12.55,12.9 ,13.25,13.6 ,13.95,14.3 ,14.65,15.  
cqi_dl:3.68292613e-03,0.00000000e+00,0.00000000e+00,0.00000000e+00,4.61625013e-03,0.00000000e+00,0.00000000e+00,0.00000000e+00,3.41922507e-03,0.00000000e+00,0.00000000e+00,0.00000000e+00,0.00000000e+00,2.09183093e-03,0.00000000e+00,0.00000000e+00,0.00000000e+00,1.08710024e-02,0.00000000e+00,0.00000000e+00,0.00000000e+00,0.00000000e+00,1.92412891e-02,0.00000000e+00,0.00000000e+00,0.00000000e+00,3.54277939e-02,0.00000000e+00,0.00000000e+00,0.00000000e+00,0.00000000e+00,1.87701827e-02,0.00000000e+00,0.00000000e+00,0.00000000e+00,1.00650845e-02,0.00000000e+00,0.00000000e+00,0.00000000e+00,4.33625886e+00
cqi_dl_bin_edges: 6.   , 6.225, 6.45 , 6.675, 6.9  , 7.125, 7.35 , 7.575, 7.8  , 8.025, 8.25 , 8.475, 8.7  , 8.925, 9.15 , 9.375, 9.6  , 9.825,10.05 ,10.275,10.5  ,10.725,10.95 ,11.175,11.4  ,11.625,11.85 ,12.075,12.3  ,12.525,12.75 ,12.975,13.2  ,13.425,13.65 ,13.875,14.1  ,14.325,14.55 ,14.775,15.   
mcs_ul:1.92950451e-03,7.95230143e-04,7.71420857e-04,0.00000000e+00,5.54280171e-04,8.92372029e-04,0.00000000e+00,1.85236243e-03,1.79331540e-03,0.00000000e+00,1.77617271e-03,4.56852574e-03,9.61895143e-05,0.00000000e+00,5.59042029e-03,4.37043249e-03,0.00000000e+00,2.65330680e-03,3.61234483e-03,0.00000000e+00,2.18664480e-03,1.45903303e-03,0.00000000e+00,0.00000000e+00,1.45427117e-03,3.66853474e-03,0.00000000e+00,2.14378809e-03,3.03711249e-03,0.00000000e+00,2.92854214e-03,3.96091277e-03,6.82278891e-03,0.00000000e+00,1.60503157e-02,4.68823883e-02,0.00000000e+00,4.71604808e-02,5.10347277e-02,1.20852601e+00
mcs_ul_bin_edges: 0. , 0.7, 1.4, 2.1, 2.8, 3.5, 4.2, 4.9, 5.6, 6.3, 7. , 7.7, 8.4, 9.1, 9.8,10.5,11.2,11.9,12.6,13.3,14. ,14.7,15.4,16.1,16.8,17.5,18.2,18.9,19.6,20.3,21. ,21.7,22.4,23.1,23.8,24.5,25.2,25.9,26.6,27.3,28. 
mcs_dl:1.61331720e-04,0.00000000e+00,5.33328000e-06,0.00000000e+00,1.49065176e-03,0.00000000e+00,1.05998940e-03,0.00000000e+00,1.01732316e-03,0.00000000e+00,8.66658000e-04,0.00000000e+00,6.71993280e-04,0.00000000e+00,4.37328960e-04,0.00000000e+00,0.00000000e+00,0.00000000e+00,5.03994960e-04,0.00000000e+00,1.74398256e-03,0.00000000e+00,3.14796852e-03,0.00000000e+00,2.43597564e-03,0.00000000e+00,6.22260444e-03,0.00000000e+00,9.93323400e-03,0.00000000e+00,6.00927324e-03,0.00000000e+00,3.71196288e-03,0.00000000e+00,4.73461932e-03,0.00000000e+00,2.20797792e-03,0.00000000e+00,2.32131012e-03,1.95131649e+00
mcs_dl_bin_edges: 8. , 8.5, 9. , 9.5,10. ,10.5,11. ,11.5,12. ,12.5,13. ,13.5,14. ,14.5,15. ,15.5,16. ,16.5,17. ,17.5,18. ,18.5,19. ,19.5,20. ,20.5,21. ,21.5,22. ,22.5,23. ,23.5,24. ,24.5,25. ,25.5,26. ,26.5,27. ,27.5,28. 
eff_ul:1.43401763e-02,6.97711478e-03,4.69652051e-03,9.74891397e-03,9.43815167e-03,9.34793036e-03,0.00000000e+00,2.40439796e-02,2.99284140e-02,2.30014222e-02,1.39642541e-02,0.00000000e+00,1.90116353e-02,0.00000000e+00,1.15082295e-02,0.00000000e+00,7.67883609e-03,7.65377462e-03,1.93073607e-02,0.00000000e+00,0.00000000e+00,1.12826763e-02,0.00000000e+00,1.59842091e-02,0.00000000e+00,1.54128074e-02,0.00000000e+00,2.08461353e-02,0.00000000e+00,3.59080821e-02,0.00000000e+00,0.00000000e+00,8.44722093e-02,0.00000000e+00,2.46740251e-01,0.00000000e+00,2.48203841e-01,0.00000000e+00,2.68593857e-01,6.36042705e+00
eff_ul_bin_edges:0.23439987,0.36740481,0.50040975,0.63341468,0.76641962,0.89942456,1.0324295 ,1.16543444,1.29843938,1.43144431,1.56444925,1.69745419,1.83045913,1.96346407,2.09646901,2.22947394,2.36247888,2.49548382,2.62848876,2.7614937 ,2.89449863,3.02750357,3.16050851,3.29351345,3.42651839,3.55952333,3.69252826,3.8255332 ,3.95853814,4.09154308,4.22454802,4.35755296,4.49055789,4.62356283,4.75656777,4.88957271,5.02257765,5.15558259,5.28858752,5.42159246,5.5545974 
eff_dl:7.36876876e-04,6.83285830e-03,4.84146377e-03,0.00000000e+00,4.64658724e-03,0.00000000e+00,3.95842950e-03,0.00000000e+00,3.06930533e-03,0.00000000e+00,0.00000000e+00,1.99748442e-03,2.30197900e-03,0.00000000e+00,7.96557813e-03,0.00000000e+00,1.43782339e-02,0.00000000e+00,0.00000000e+00,1.11262318e-02,0.00000000e+00,0.00000000e+00,2.84215238e-02,0.00000000e+00,4.53696919e-02,0.00000000e+00,0.00000000e+00,2.74471411e-02,0.00000000e+00,0.00000000e+00,1.69542580e-02,0.00000000e+00,0.00000000e+00,2.16252048e-02,0.00000000e+00,1.00848604e-02,0.00000000e+00,1.06025012e-02,0.00000000e+00,8.91256844e+00
eff_dl_bin_edges:1.1758002 ,1.28527013,1.39474006,1.50420999,1.61367992,1.72314985,1.83261978,1.94208971,2.05155964,2.16102957,2.2704995 ,2.37996943,2.48943936,2.59890929,2.70837922,2.81784915,2.92731908,3.03678901,3.14625894,3.25572887,3.3651988 ,3.47466873,3.58413866,3.69360859,3.80307852,3.91254845,4.02201838,4.13148831,4.24095824,4.35042817,4.4598981 ,4.56936803,4.67883796,4.78830789,4.89777782,5.00724775,5.11671768,5.22618761,5.33565754,5.44512747,5.5545974 
rul:4.64074223e-01,6.02582461e-04,3.37943153e-04,2.75200031e-04,1.98479481e-04,7.26826267e-05,3.69625324e-05,2.60911993e-05,4.03792370e-05,5.00081320e-05,1.89471805e-05,2.32957137e-05,3.78943609e-05,9.62889499e-06,9.31828547e-06,1.05607235e-05,4.34853322e-06,3.72731419e-06,5.28036177e-06,2.48487613e-06,5.00081320e-05,9.31828547e-07,3.10609516e-07,6.21219032e-07,1.55304758e-06,6.21219032e-07,6.21219032e-07,3.10609516e-07,3.10609516e-07,9.31828547e-07,3.10609516e-07,3.10609516e-07,6.21219032e-07,3.10609516e-07,1.24243806e-06,6.21219032e-07,1.24243806e-06,6.21219032e-07,6.21219032e-07,1.67729139e-05
rul_bin_edges: 0.        , 2.14629613, 4.29259225, 6.43888838, 8.5851845 ,10.73148062,12.87777675,15.02407288,17.170369  ,19.31666513,21.46296125,23.60925738,25.7555535 ,27.90184963,30.04814575,32.19444188,34.340738  ,36.48703413,38.63333025,40.77962637,42.9259225 ,45.07221863,47.21851475,49.36481088,51.511107  ,53.65740313,55.80369925,57.94999538,60.0962915 ,62.24258763,64.38888375,66.53517987,68.681476  ,70.82777213,72.97406825,75.12036438,77.2666605 ,79.41295663,81.55925275,83.70554888,85.851845  
rdl:4.82570148e-01,3.68830473e-05,8.34022061e-05,7.87502902e-05,7.21046961e-05,3.09020126e-05,2.59178170e-05,8.30699264e-06,1.09652303e-05,1.62817056e-05,2.02690620e-05,8.63927234e-06,5.98103470e-06,5.98103470e-06,8.63927234e-06,6.31331440e-06,5.64875499e-06,5.31647529e-06,7.64243322e-06,1.27897781e-02,1.66139853e-06,1.32911882e-06,6.64559411e-07,6.64559411e-07,1.32911882e-06,0.00000000e+00,1.32911882e-06,1.99367823e-06,1.99367823e-06,1.32911882e-06,1.32911882e-06,3.32279705e-07,3.32279705e-07,9.96839116e-07,1.66139853e-06,1.66139853e-06,1.32911882e-06,1.32911882e-06,9.96839116e-07,2.60440833e-03
rdl_bin_edges: 0.        , 2.00632175, 4.0126435 , 6.01896525, 8.025287  ,10.03160875,12.0379305 ,14.04425225,16.050574  ,18.05689575,20.0632175 ,22.06953925,24.075861  ,26.08218275,28.0885045 ,30.09482625,32.101148  ,34.10746975,36.1137915 ,38.12011325,40.126435  ,42.13275675,44.1390785 ,46.14540025,48.151722  ,50.15804375,52.1643655 ,54.17068725,56.177009  ,58.18333075,60.1896525 ,62.19597425,64.202296  ,66.20861775,68.2149395 ,70.22126125,72.227583  ,74.23390475,76.2402265 ,78.24654825,80.25287   
lul:2.76250278e+01,1.81583509e-02,1.66235819e-02,1.34430969e-02,9.70787600e-03,8.78331638e-03,8.57991326e-03,7.54440649e-03,6.13907587e-03,5.30697221e-03,3.97560636e-03,2.86613482e-03,2.10799593e-03,1.71968089e-03,1.62722493e-03,1.38683943e-03,1.01701558e-03,8.50594849e-04,4.62279809e-04,4.06806232e-04,2.58876693e-04,2.40385501e-04,1.10947154e-04,2.03403116e-04,9.24559619e-05,5.54735771e-05,5.54735771e-05,1.84911924e-05,3.69823847e-05,0.00000000e+00,5.54735771e-05,0.00000000e+00,3.69823847e-05,1.84911924e-05,3.69823847e-05,0.00000000e+00,3.69823847e-05,1.84911924e-05,3.69823847e-05,1.84911924e-05
lul_bin_edges:0.        ,0.03605284,0.07210568,0.10815852,0.14421136,0.1802642 ,0.21631704,0.25236988,0.28842272,0.32447556,0.3605284 ,0.39658124,0.43263408,0.46868692,0.50473976,0.5407926 ,0.57684544,0.61289828,0.64895112,0.68500396,0.7210568 ,0.75710964,0.79316248,0.82921532,0.86526816,0.901321  ,0.93737384,0.97342668,1.00947952,1.04553236,1.0815852 ,1.11763804,1.15369088,1.18974372,1.22579656,1.2618494 ,1.29790224,1.33395508,1.37000792,1.40606076,1.4421136 
ldl:7.95860853e+02,0.00000000e+00,2.42967668e+01,3.07132999e+00,0.00000000e+00,0.00000000e+00,2.19537526e-03,5.48843815e-03,7.68381341e-03,9.87918866e-03,5.48843815e-04,1.09768763e-03,2.19537526e-03,5.48843815e-04,0.00000000e+00,0.00000000e+00,1.64653144e-03,2.19537526e-03,0.00000000e+00,0.00000000e+00,0.00000000e+00,0.00000000e+00,0.00000000e+00,0.00000000e+00,0.00000000e+00,0.00000000e+00,0.00000000e+00,4.93959433e-03,0.00000000e+00,0.00000000e+00,0.00000000e+00,5.48843815e-04,0.00000000e+00,5.48843815e-04,2.19537526e-03,5.48843815e-04,0.00000000e+00,1.09768763e-03,5.48843815e-04,1.09768763e-03
ldl_bin_edges:0.        ,0.00121466,0.00242932,0.00364399,0.00485865,0.00607331,0.00728798,0.00850264,0.0097173 ,0.01093196,0.01214662,0.01336129,0.01457595,0.01579061,0.01700528,0.01821994,0.0194346 ,0.02064926,0.02186392,0.02307859,0.02429325,0.02550791,0.02672257,0.02793724,0.0291519 ,0.03036656,0.03158122,0.03279589,0.03401055,0.03522521,0.03643987,0.03765454,0.0388692 ,0.04008386,0.04129853,0.04251319,0.04372785,0.04494251,0.04615718,0.04737184,0.0485865 
ilul:2.76039509e+01,1.74857240e-02,1.80587234e-02,1.36410828e-02,1.20145038e-02,1.02400540e-02,8.79831354e-03,7.91108864e-03,6.35844508e-03,5.78544567e-03,4.73186610e-03,3.25315795e-03,2.80954550e-03,2.58773928e-03,1.81141749e-03,1.46022431e-03,1.38628890e-03,8.13289487e-04,7.20870227e-04,5.36031707e-04,4.43612447e-04,3.69677039e-04,1.47870816e-04,2.21806224e-04,9.24192598e-05,5.54515559e-05,5.54515559e-05,1.84838520e-05,3.69677039e-05,0.00000000e+00,5.54515559e-05,0.00000000e+00,3.69677039e-05,1.84838520e-05,3.69677039e-05,0.00000000e+00,3.69677039e-05,1.84838520e-05,3.69677039e-05,1.84838520e-05
ilul_bin_edges:0.        ,0.03606716,0.07213432,0.10820147,0.14426863,0.18033579,0.21640295,0.2524701 ,0.28853726,0.32460442,0.36067158,0.39673873,0.43280589,0.46887305,0.50494021,0.54100736,0.57707452,0.61314168,0.64920884,0.68527599,0.72134315,0.75741031,0.79347747,0.82954462,0.86561178,0.90167894,0.9377461 ,0.97381325,1.00988041,1.04594757,1.08201473,1.11808188,1.15414904,1.1902162 ,1.22628336,1.26235051,1.29841767,1.33448483,1.37055199,1.40661914,1.4426863 
ildl:9.67426288e-01,2.19986713e-03,1.23361281e-03,4.38026641e-04,0.00000000e+00,0.00000000e+00,6.48928357e-07,0.00000000e+00,0.00000000e+00,0.00000000e+00,0.00000000e+00,0.00000000e+00,0.00000000e+00,0.00000000e+00,0.00000000e+00,0.00000000e+00,0.00000000e+00,0.00000000e+00,0.00000000e+00,0.00000000e+00,0.00000000e+00,0.00000000e+00,0.00000000e+00,0.00000000e+00,0.00000000e+00,0.00000000e+00,0.00000000e+00,0.00000000e+00,0.00000000e+00,0.00000000e+00,0.00000000e+00,6.48928357e-07,0.00000000e+00,0.00000000e+00,0.00000000e+00,0.00000000e+00,3.06943113e-04,5.96365160e-04,6.02854444e-04,5.97014089e-04
ildl_bin_edges: 0.       , 1.0273245, 2.054649 , 3.0819735, 4.109298 , 5.1366225, 6.163947 , 7.1912715, 8.218596 , 9.2459205,10.273245 ,11.3005695,12.327894 ,13.3552185,14.382543 ,15.4098675,16.437192 ,17.4645165,18.491841 ,19.5191655,20.54649  ,21.5738145,22.601139 ,23.6284635,24.655788 ,25.6831125,26.710437 ,27.7377615,28.765086 ,29.7924105,30.819735 ,31.8470595,32.874384 ,33.9017085,34.929033 ,35.9563575,36.983682 ,38.0110065,39.038331 ,40.0656555,41.09298  
eul:1.56407664e+00,2.35930410e-04,1.56590980e-04,1.70162199e-04,1.52415221e-04,1.52415221e-04,1.36756123e-04,1.29448544e-04,7.72515503e-05,8.24712496e-05,7.51636705e-05,6.89000313e-05,7.09879111e-05,4.48894143e-05,5.53288130e-05,4.28015346e-05,4.48894143e-05,4.69772941e-05,2.40106170e-05,2.08787974e-05,1.14833386e-05,1.04393987e-05,9.39545882e-06,4.17575947e-06,3.13181961e-06,3.13181961e-06,1.04393987e-06,0.00000000e+00,1.04393987e-06,1.04393987e-06,3.13181961e-06,0.00000000e+00,3.13181961e-06,3.13181961e-06,2.08787974e-06,0.00000000e+00,2.08787974e-06,0.00000000e+00,1.04393987e-06,1.04393987e-06
eul_bin_edges: 0.    , 0.6386, 1.2772, 1.9158, 2.5544, 3.193 , 3.8316, 4.4702, 5.1088, 5.7474, 6.386 , 7.0246, 7.6632, 8.3018, 8.9404, 9.579 ,10.2176,10.8562,11.4948,12.1334,12.772 ,13.4106,14.0492,14.6878,15.3264,15.965 ,16.6036,17.2422,17.8808,18.5194,19.158 ,19.7966,20.4352,21.0738,21.7124,22.351 ,22.9896,23.6282,24.2668,24.9054,25.544 
edl:6.12574811e-02,3.34309874e-05,1.05000199e-04,1.00148863e-04,9.32321070e-05,5.07036642e-04,4.97141838e-05,4.10634355e-04,1.52932357e-03,1.82049979e-03,6.05120085e-04,2.73500061e-04,1.14318606e-04,5.52860150e-05,1.11868922e-04,1.59325553e-04,1.53705689e-04,2.20327499e-04,1.10620063e-04,1.43666786e-04,7.36490416e-04,1.24607281e-03,1.68720814e-03,3.19515701e-04,2.78591562e-05,3.08372039e-05,1.75320552e-05,2.53134057e-05,2.61299671e-05,2.05581359e-05,3.32868883e-05,2.45448772e-05,0.00000000e+00,0.00000000e+00,0.00000000e+00,0.00000000e+00,0.00000000e+00,0.00000000e+00,0.00000000e+00,6.72462390e-07
edl_bin_edges:  0.    , 13.8792, 27.7584, 41.6376, 55.5168, 69.396 , 83.2752, 97.1544,111.0336,124.9128,138.792 ,152.6712,166.5504,180.4296,194.3088,208.188 ,222.0672,235.9464,249.8256,263.7048,277.584 ,291.4632,305.3424,319.2216,333.1008,346.98  ,360.8592,374.7384,388.6176,402.4968,416.376 ,430.2552,444.1344,458.0136,471.8928,485.772 ,499.6512,513.5304,527.4096,541.2888,555.168 
gul:2.85471335e-01,3.14408335e-05,8.86059853e-05,1.71495455e-05,5.71651518e-06,6.85981821e-05,1.42912879e-05,4.57321214e-05,2.00078031e-05,1.42912879e-05,2.85825759e-06,2.28660607e-05,0.00000000e+00,2.85825759e-06,0.00000000e+00,0.00000000e+00,2.85825759e-06,5.71651518e-06,0.00000000e+00,0.00000000e+00,2.85825759e-06,0.00000000e+00,2.85825759e-06,0.00000000e+00,0.00000000e+00,0.00000000e+00,0.00000000e+00,0.00000000e+00,2.85825759e-06,0.00000000e+00,0.00000000e+00,0.00000000e+00,0.00000000e+00,0.00000000e+00,2.85825759e-06,0.00000000e+00,0.00000000e+00,0.00000000e+00,0.00000000e+00,2.85825759e-06
gul_bin_edges:  0.    ,  3.4986,  6.9972, 10.4958, 13.9944, 17.493 , 20.9916, 24.4902, 27.9888, 31.4874, 34.986 , 38.4846, 41.9832, 45.4818, 48.9804, 52.479 , 55.9776, 59.4762, 62.9748, 66.4734, 69.972 , 73.4706, 76.9692, 80.4678, 83.9664, 87.465 , 90.9636, 94.4622, 97.9608,101.4594,104.958 ,108.4566,111.9552,115.4538,118.9524,122.451 ,125.9496,129.4482,132.9468,136.4454,139.944 
gdl:7.13950437e-02,9.84677071e-06,4.48628480e-05,7.20495418e-06,1.19602239e-05,1.93284904e-04,3.60247709e-06,1.30169505e-05,7.16172445e-05,3.62169030e-05,1.37854790e-05,1.83005836e-05,8.16561473e-06,3.07411378e-06,1.06152992e-05,8.54987896e-06,5.52379820e-06,9.51053951e-06,7.54118537e-06,5.47576517e-06,2.93962130e-05,4.79369618e-05,7.00801876e-05,1.33531817e-05,1.68115597e-06,1.58508992e-06,1.20082570e-06,1.34492478e-06,1.96935414e-06,1.05672661e-06,2.01738717e-06,1.39295781e-06,0.00000000e+00,0.00000000e+00,0.00000000e+00,0.00000000e+00,0.00000000e+00,0.00000000e+00,0.00000000e+00,4.80330278e-08
gdl_bin_edges:  0.    , 13.8792, 27.7584, 41.6376, 55.5168, 69.396 , 83.2752, 97.1544,111.0336,124.9128,138.792 ,152.6712,166.5504,180.4296,194.3088,208.188 ,222.0672,235.9464,249.8256,263.7048,277.584 ,291.4632,305.3424,319.2216,333.1008,346.98  ,360.8592,374.7384,388.6176,402.4968,416.376 ,430.2552,444.1344,458.0136,471.8928,485.772 ,499.6512,513.5304,527.4096,541.2888,555.168 
ri: 0., 0., 0., 0., 0., 0., 0., 0., 0., 0., 0., 0., 0., 0., 0., 0., 0., 0., 0., 0.,40., 0., 0., 0., 0., 0., 0., 0., 0., 0., 0., 0., 0., 0., 0., 0., 0., 0., 0., 0.
ri_bin_edges:0.5  ,0.525,0.55 ,0.575,0.6  ,0.625,0.65 ,0.675,0.7  ,0.725,0.75 ,0.775,0.8  ,0.825,0.85 ,0.875,0.9  ,0.925,0.95 ,0.975,1.   ,1.025,1.05 ,1.075,1.1  ,1.125,1.15 ,1.175,1.2  ,1.225,1.25 ,1.275,1.3  ,1.325,1.35 ,1.375,1.4  ,1.425,1.45 ,1.475,1.5  
