period:1
ue_log_freq:1000
mac_log_freq:1000
mimo_layers:2
frequency:2412000000.0
bandwidth:50000000
ue_speed:5.555555555555555
max_distance:1000
shannon_cfg_bandwidth_mhz:50.0
shannon_cfg_mimo_layers:2
shannon_cfg_bw_efficiency:0.67
shannon_cfg_sinr_offset_db:0
shannon_cfg_ul_divisor:2
shannon_cfg_sinr_sample_rate:1000
n_ue:60
sinr_period:9.463597741343282
sinr_rate:105.66805852612856
ul_fairness:nan
dl_fairness:0.11925700800318924
ul_agg_throughput:0
dl_agg_throughput:99.2099396901148
ul_ave_throughput:0.0
dl_ave_throughput:1.6534989948352465
ul_se:0.0
dl_se:1.984198793802296
ul_ase:0.0
dl_ase:6.315900922212236e-07
ul_gr:0.0, 0.0, 0.0, 0.0, 0.0, 0.0, 0.0, 0.0, 0.0, 0.0, 0.0, 0.0, 0.0, 0.0, 0.0, 0.0, 0.0, 0.0, 0.0, 0.0, 0.0, 0.0, 0.0, 0.0, 0.0, 0.0, 0.0, 0.0, 0.0, 0.0, 0.0, 0.0, 0.0, 0.0, 0.0, 0.0, 0.0, 0.0, 0.0, 0.0, 0.0, 0.0, 0.0, 0.0, 0.0, 0.0, 0.0, 0.0, 0.0, 0.0, 0.0, 0.0, 0.0, 0.0, 0.0, 0.0, 0.0, 0.0, 0.0, 0.0
dl_gr:1.3856061439385605, 1.384848151518485, 0.10493395066049338, 0.10493395066049338, 1.9748942510574896, 0.10493395066049338, 1.3857441425585744, 0.10493395066049338, 1.3856371436285637, 1.2224407755922442, 1.3844561554384456, 0.10493395066049338, 1.3864341356586434, 1.3851771482285178, 0.10493395066049338, 0.10493395066049338, 1.3856171438285618, 0.10493395066049338, 0.10493395066049338, 0.10493395066049338, 1.385828141718583, 0.10493395066049338, 0.10493395066049338, 1.3852551474485255, 1.386131138688613, 1.385368146318537, 0.10493395066049338, 0.10493395066049338, 0.10493395066049338, 1.3852701472985272, 1.385128148718513, 0.10493395066049338, 1.3858051419485804, 1.3844391556084439, 0.10493395066049338, 1.3858951410485894, 1.3776792232077677, 1.3848591514084858, 0.10493395066049338, 0.10493395066049338, 0.10493395066049338, 1.3853411465885341, 0.10493395066049338, 0.10493395066049338, 1.3859791402085977, 1.385010149898501, 1.3040129598704013, 1.3851621483785164, 1.223651763482365, 0.10493395066049338, 1.3856281437185627, 0.10493395066049338, 0.10493395066049338, 0.10493395066049338, 1.3859071409285908, 0.10493395066049338, 0.10493395066049338, 0.10493395066049338, 0.10493395066049338, 0.10493395066049338
ul_tr:0.0, 0.0, 0.0, 0.0, 0.0, 0.0, 0.0, 0.0, 0.0, 0.0, 0.0, 0.0, 0.0, 0.0, 0.0, 0.0, 0.0, 0.0, 0.0, 0.0, 0.0, 0.0, 0.0, 0.0, 0.0, 0.0, 0.0, 0.0, 0.0, 0.0, 0.0, 0.0, 0.0, 0.0, 0.0, 0.0, 0.0, 0.0, 0.0, 0.0, 0.0, 0.0, 0.0, 0.0, 0.0, 0.0, 0.0, 0.0, 0.0, 0.0, 0.0, 0.0, 0.0, 0.0, 0.0, 0.0, 0.0, 0.0, 0.0, 0.0
dl_tr:1.2792178305216948, 1.2792178277217228, 0.0, 0.0, 0.0, 0.0, 1.280020349396506, 0.0, 1.280020343596564, 1.1160510773842265, 1.2788165700342997, 0.0, 1.280020358396416, 1.279619092809072, 0.0, 0.0, 1.27961909600904, 0.0, 0.0, 0.0, 1.2796190916090837, 0.0, 0.0, 1.2788165765342345, 1.280020347896521, 1.2796716627933722, 0.0, 0.0, 0.0, 1.2792178284217157, 1.2792178322216776, 0.0, 1.279619087809122, 1.2788165695343046, 0.0, 1.280020349496505, 1.2711926308736914, 1.2788165684343158, 0.0, 0.0, 0.0, 1.2792178319216807, 0.0, 0.0, 1.2796190882091178, 1.2791078117618824, 1.1986017505924942, 1.2795467780722194, 1.1171086744132561, 0.0, 1.279619081609184, 0.0, 0.0, 0.0, 1.280020352696473, 0.0, 0.0, 0.0, 0.0, 0.0
ul_er:0.0, 0.0, 0.0, 0.0, 0.0, 0.0, 0.0, 0.0, 0.0, 0.0, 0.0, 0.0, 0.0, 0.0, 0.0, 0.0, 0.0, 0.0, 0.0, 0.0, 0.0, 0.0, 0.0, 0.0, 0.0, 0.0, 0.0, 0.0, 0.0, 0.0, 0.0, 0.0, 0.0, 0.0, 0.0, 0.0, 0.0, 0.0, 0.0, 0.0, 0.0, 0.0, 0.0, 0.0, 0.0, 0.0, 0.0, 0.0, 0.0, 0.0, 0.0, 0.0, 0.0, 0.0, 0.0, 0.0, 0.0, 0.0, 0.0, 0.0
dl_er:98.61232787672124, 98.6130858691413, 99.89300006999929, 99.89300006999929, 98.0230397696023, 99.89300006999929, 98.61218987810122, 99.89300006999929, 98.61229687703121, 98.77549324506755, 98.61347786522136, 99.89300006999929, 98.61149988500115, 98.61275687243126, 99.89300006999929, 99.89300006999929, 98.61231687683124, 99.89300006999929, 99.89300006999929, 99.89300006999929, 98.61210587894121, 99.89300006999929, 99.89300006999929, 98.61267887321127, 98.61180288197119, 98.61256587434124, 99.89300006999929, 99.89300006999929, 99.89300006999929, 98.61266387336127, 98.61280587194128, 99.89300006999929, 98.61212887871122, 98.61349486505135, 99.89300006999929, 98.6120388796112, 98.62025479745202, 98.6130748692513, 99.89300006999929, 99.89300006999929, 99.89300006999929, 98.61259287407127, 99.89300006999929, 99.89300006999929, 98.6119548804512, 98.61292387076129, 98.69392106078939, 98.61277187228127, 98.77428225717743, 99.89300006999929, 98.61230587694122, 99.89300006999929, 99.89300006999929, 99.89300006999929, 98.6120268797312, 99.89300006999929, 99.89300006999929, 99.89300006999929, 99.89300006999929, 99.89300006999929
ul_er_ratio:0.0, 0.0, 0.0, 0.0, 0.0, 0.0, 0.0, 0.0, 0.0, 0.0, 0.0, 0.0, 0.0, 0.0, 0.0, 0.0, 0.0, 0.0, 0.0, 0.0, 0.0, 0.0, 0.0, 0.0, 0.0, 0.0, 0.0, 0.0, 0.0, 0.0, 0.0, 0.0, 0.0, 0.0, 0.0, 0.0, 0.0, 0.0, 0.0, 0.0, 0.0, 0.0, 0.0, 0.0, 0.0, 0.0, 0.0, 0.0, 0.0, 0.0, 0.0, 0.0, 0.0, 0.0, 0.0, 0.0, 0.0, 0.0, 0.0, 0.0
dl_er_ratio:0.9871939329653507, 0.9871940301666915, 1.0, 1.0, 1.0, 1.0, 0.9871859843076718, 1.0, 0.9871859980906296, 0.9888273718766266, 0.9871980458826767, 1.0, 0.9871858957068879, 0.987190022457226, 1.0, 1.0, 0.98718996600129, 1.0, 1.0, 1.0, 0.9871899389865744, 1.0, 1.0, 0.987197943420743, 0.9871859346790479, 0.9871894784385257, 1.0, 1.0, 1.0, 0.9871939760606303, 0.987193994227105, 1.0, 0.9871899419736052, 0.9871980480662745, 1.0, 0.9871859649368053, 0.9872742595727648, 0.9871979942512944, 1.0, 1.0, 1.0, 0.987193966924008, 1.0, 1.0, 0.9871899196561806, 0.9871950966436729, 0.9880010863990721, 0.9871907390341901, 0.9888167672509607, 1.0, 0.9871899647329836, 1.0, 1.0, 1.0, 0.9871859633658511, 1.0, 1.0, 1.0, 1.0, 1.0
ul_er_perc:0.0, 0.0, 0.0, 0.0, 0.0, 0.0, 0.0, 0.0, 0.0, 0.0, 0.0, 0.0, 0.0, 0.0, 0.0, 0.0, 0.0, 0.0, 0.0, 0.0, 0.0, 0.0, 0.0, 0.0, 0.0, 0.0, 0.0, 0.0, 0.0, 0.0, 0.0, 0.0, 0.0, 0.0, 0.0, 0.0, 0.0, 0.0, 0.0, 0.0, 0.0, 0.0, 0.0, 0.0, 0.0, 0.0, 0.0, 0.0, 0.0, 0.0, 0.0, 0.0, 0.0, 0.0, 0.0, 0.0, 0.0, 0.0, 0.0, 0.0
dl_er_perc:98.71939329653507, 98.71940301666915, 100.0, 100.0, 100.0, 100.0, 98.71859843076717, 100.0, 98.71859980906295, 98.88273718766266, 98.71980458826766, 100.0, 98.71858957068879, 98.71900224572259, 100.0, 100.0, 98.718996600129, 100.0, 100.0, 100.0, 98.71899389865743, 100.0, 100.0, 98.7197943420743, 98.7185934679048, 98.71894784385256, 100.0, 100.0, 100.0, 98.71939760606303, 98.7193994227105, 100.0, 98.71899419736052, 98.71980480662745, 100.0, 98.71859649368054, 98.72742595727648, 98.71979942512944, 100.0, 100.0, 100.0, 98.71939669240079, 100.0, 100.0, 98.71899196561806, 98.7195096643673, 98.80010863990721, 98.719073903419, 98.88167672509607, 100.0, 98.71899647329836, 100.0, 100.0, 100.0, 98.71859633658511, 100.0, 100.0, 100.0, 100.0, 100.0
ul_l:0.0, 0.0, 0.0, 0.0, 0.0, 0.0, 0.0, 0.0, 0.0, 0.0, 0.0, 0.0, 0.0, 0.0, 0.0, 0.0, 0.0, 0.0, 0.0, 0.0, 0.0, 0.0, 0.0, 0.0, 0.0, 0.0, 0.0, 0.0, 0.0, 0.0, 0.0, 0.0, 0.0, 0.0, 0.0, 0.0, 0.0, 0.0, 0.0, 0.0, 0.0, 0.0, 0.0, 0.0, 0.0, 0.0, 0.0, 0.0, 0.0, 0.0, 0.0, 0.0, 0.0, 0.0, 0.0, 0.0, 0.0, 0.0, 0.0, 0.0
dl_l:9.436395410945891e-05, 9.415859910300897e-05, 0.0, 0.0, 0.0, 0.0, 9.407974858251416e-05, 0.0, 9.548178416115839e-05, 0.9880698976769242, 9.367071386586134e-05, 0.0, 9.241103110268897e-05, 9.312131779882201e-05, 0.0, 0.0, 9.205215788442116e-05, 0.0, 0.0, 0.0, 9.347202816871832e-05, 0.0, 0.0, 9.33004594104059e-05, 9.493712375776242e-05, 0.008577686841042589, 0.0, 0.0, 0.0, 9.463282805871941e-05, 9.393904602153979e-05, 0.0, 9.438265575544244e-05, 9.434627991120089e-05, 0.0, 9.516480838491615e-05, 9.193253613463865e-05, 9.476438718612813e-05, 0.0, 0.0, 0.0, 9.41434972210278e-05, 0.0, 0.0, 9.396060893191069e-05, 0.004163664233135668, 0.11068074802023878, 0.006571725546379538, 8.024600062299375e-05, 0.0, 9.639724635853641e-05, 0.0, 0.0, 0.0, 9.401863202667975e-05, 0.0, 0.0, 0.0, 0.0, 0.0
ul_il:0.0, 0.0, 0.0, 0.0, 0.0, 0.0, 0.0, 0.0, 0.0, 0.0, 0.0, 0.0, 0.0, 0.0, 0.0, 0.0, 0.0, 0.0, 0.0, 0.0, 0.0, 0.0, 0.0, 0.0, 0.0, 0.0, 0.0, 0.0, 0.0, 0.0, 0.0, 0.0, 0.0, 0.0, 0.0, 0.0, 0.0, 0.0, 0.0, 0.0, 0.0, 0.0, 0.0, 0.0, 0.0, 0.0, 0.0, 0.0, 0.0, 0.0, 0.0, 0.0, 0.0, 0.0, 0.0, 0.0, 0.0, 0.0, 0.0, 0.0
dl_il:0.22642092255768442, 0.22499795153838462, 0.0, 0.0, 0.0, 0.0, 0.22498264962355377, 0.0, 0.22793953672008282, 1.2226842313705861, 0.22511913902194977, 0.0, 0.2211743663620964, 0.22322780825395747, 0.0, 0.0, 0.22080493071629284, 0.0, 0.0, 0.0, 0.22478507943199566, 0.0, 0.0, 0.22287259281783184, 0.22811583517291825, 0.23734997809441907, 0.0, 0.0, 0.0, 0.22791114420059796, 0.2246405668100819, 0.0, 0.22708388010971892, 0.22577137074202258, 0.0, 0.22727302972397276, 0.22123567262412375, 0.22646657901892983, 0.0, 0.0, 0.0, 0.22512780907949917, 0.0, 0.0, 0.22548845072930268, 0.2384249973682263, 0.31545908743342566, 0.2492748179851202, 0.2229539175801142, 0.0, 0.23035484571759282, 0.0, 0.0, 0.0, 0.224293908200649, 0.0, 0.0, 0.0, 0.0, 0.0
sinr_ul:0.00324582,0.00584417,0.00137948,0.00264934,0.01119848,0.02642032,0.02097975,0.02997829,0.01732652,0.01773347,0.01432186,0.02283063,0.02035527,0.00733945,0.0230127 ,0.02058352,0.00840306,0.00371431,0.01073989,0.01496833,0.00685296,0.01117003,0.02214435,0.01810843,0.01352449,0.02300016,0.01220446,0.01907214,0.02019765,0.03398684,0.02486686,0.0079642 ,0.01164261,0.01876309,0.00940104,0.00199996,0.00491491,0.00167018,0.00066756,0.00022252
sinr_ul_bin_edges:-35.069668 ,-33.2361483,-31.4026286,-29.5691089,-27.7355892,-25.9020695,-24.0685498,-22.2350301,-20.4015104,-18.5679907,-16.734471 ,-14.9009513,-13.0674316,-11.2339119, -9.4003922, -7.5668725, -5.7333528, -3.8998331, -2.0663134, -0.2327937,  1.600726 ,  3.4342457,  5.2677654,  7.1012851,  8.9348048, 10.7683245, 12.6018442, 14.4353639, 16.2688836, 18.1024033, 19.935923 , 21.7694427, 23.6029624, 25.4364821, 27.2700018, 29.1035215, 30.9370412, 32.7705609, 34.6040806, 36.4376003, 38.27112  
sinr_dl:0.00324583,0.00584418,0.0073762 ,0.00574356,0.00639903,0.02213104,0.02097989,0.02998246,0.01732338,0.01773334,0.01432307,0.02283105,0.0203566 ,0.0073362 ,0.02301512,0.02058121,0.00840208,0.0037135 ,0.01074056,0.01496809,0.00685443,0.01116924,0.0221454 ,0.01810939,0.01352243,0.02300431,0.01220449,0.01907137,0.02020734,0.03397711,0.02486801,0.00795777,0.01164491,0.01876486,0.0093977 ,0.00200015,0.00491492,0.00167018,0.00066756,0.00022252
sinr_dl_bin_edges:-25.30925   ,-23.47573492,-21.64221985,-19.80870477,-17.9751897 ,-16.14167463,-14.30815955,-12.47464447,-10.6411294 , -8.80761432, -6.97409925, -5.14058417, -3.3070691 , -1.47355402,  0.35996105,  2.19347613,  4.0269912 ,  5.86050628,  7.69402135,  9.52753643, 11.3610515 , 13.19456658, 15.02808165, 16.86159672, 18.6951118 , 20.52862688, 22.36214195, 24.19565703, 26.0291721 , 27.86268717, 29.69620225, 31.52971733, 33.3632324 , 35.19674748, 37.03026255, 38.86377763, 40.6972927 , 42.53080778, 44.36432285, 46.19783792, 48.031353  
rsrp_ul:0.00324577,0.00584916,0.00157604,0.00317564,0.01240654,0.02541943,0.02213738,0.02939215,0.01678152,0.0175363 ,0.01462886,0.02288707,0.02048748,0.00780692,0.0227692 ,0.01977627,0.00824756,0.0035077 ,0.01140838,0.01431718,0.00745831,0.0108254 ,0.02256811,0.01813638,0.01299907,0.02401173,0.01198618,0.01977281,0.02105118,0.03268666,0.02434615,0.00702676,0.01231077,0.02020818,0.00743376,0.00204898,0.0049133 ,0.0016659 ,0.00066702,0.00022246
rsrp_ul_bin_edges:-142.61195   ,-140.77942675,-138.9469035 ,-137.11438025,-135.281857  ,-133.44933375,-131.6168105 ,-129.78428725,-127.951764  ,-126.11924075,-124.2867175 ,-122.45419425,-120.621671  ,-118.78914775,-116.9566245 ,-115.12410125,-113.291578  ,-111.45905475,-109.6265315 ,-107.79400825,-105.961485  ,-104.12896175,-102.2964385 ,-100.46391525, -98.631392  , -96.79886875, -94.9663455 , -93.13382225, -91.301299  , -89.46877575, -87.6362525 , -85.80372925, -83.971206  , -82.13868275, -80.3061595 , -78.47363625, -76.641113  , -74.80858975, -72.9760665 , -71.14354325, -69.31102   
rsrp_dl:0.00324577,0.00584916,0.00866092,0.00518569,0.00745413,0.02127692,0.02213738,0.02939215,0.01678152,0.0175363 ,0.01462886,0.02288707,0.02048748,0.00780692,0.0227692 ,0.01977627,0.00824756,0.0035077 ,0.01140838,0.01431718,0.00745831,0.0108254 ,0.02256811,0.01813638,0.01299907,0.02401173,0.01198618,0.01977281,0.02105118,0.03268666,0.02434615,0.00702676,0.01231077,0.02020818,0.00743376,0.00204898,0.0049133 ,0.0016659 ,0.00066702,0.00022246
rsrp_dl_bin_edges:-139.60165   ,-137.76912675,-135.9366035 ,-134.10408025,-132.271557  ,-130.43903375,-128.6065105 ,-126.77398725,-124.941464  ,-123.10894075,-121.2764175 ,-119.44389425,-117.611371  ,-115.77884775,-113.9463245 ,-112.11380125,-110.281278  ,-108.44875475,-106.6162315 ,-104.78370825,-102.951185  ,-101.11866175, -99.2861385 , -97.45361525, -95.621092  , -93.78856875, -91.9560455 , -90.12352225, -88.290999  , -86.45847575, -84.6259525 , -82.79342925, -80.960906  , -79.12838275, -77.2958595 , -75.46333625, -73.630813  , -71.79828975, -69.9657665 , -68.13324325, -66.30072   
cqi_ul:1.00777659,0.        ,0.12329299,0.        ,0.        ,0.08694135,0.        ,0.        ,0.03610008,0.        ,0.05305191,0.        ,0.        ,0.07008019,0.        ,0.        ,0.02907482,0.        ,0.04212713,0.        ,0.        ,0.10418162,0.        ,0.        ,0.07485703,0.        ,0.06230338,0.        ,0.        ,0.09717903,0.        ,0.        ,0.09744836,0.        ,0.08880622,0.        ,0.        ,0.05609144,0.        ,0.63735452
cqi_ul_bin_edges: 0.   , 0.375, 0.75 , 1.125, 1.5  , 1.875, 2.25 , 2.625, 3.   , 3.375, 3.75 , 4.125, 4.5  , 4.875, 5.25 , 5.625, 6.   , 6.375, 6.75 , 7.125, 7.5  , 7.875, 8.25 , 8.625, 9.   , 9.375, 9.75 ,10.125,10.5  ,10.875,11.25 ,11.625,12.   ,12.375,12.75 ,13.125,13.5  ,13.875,14.25 ,14.625,15.   
cqi_dl:0.56867298,0.        ,0.09213419,0.        ,0.        ,0.08707513,0.        ,0.        ,0.14535499,0.        ,0.08275739,0.        ,0.        ,0.0878969 ,0.        ,0.        ,0.0913862 ,0.        ,0.05935718,0.        ,0.        ,0.03353344,0.        ,0.        ,0.01304431,0.        ,0.0689682 ,0.        ,0.        ,0.06169405,0.        ,0.        ,0.03838406,0.        ,0.07291305,0.        ,0.        ,0.08902133,0.        ,1.07447326
cqi_dl_bin_edges: 0.   , 0.375, 0.75 , 1.125, 1.5  , 1.875, 2.25 , 2.625, 3.   , 3.375, 3.75 , 4.125, 4.5  , 4.875, 5.25 , 5.625, 6.   , 6.375, 6.75 , 7.125, 7.5  , 7.875, 8.25 , 8.625, 9.   , 9.375, 9.75 ,10.125,10.5  ,10.875,11.25 ,11.625,12.   ,12.375,12.75 ,13.125,13.5  ,13.875,14.25 ,14.625,15.   
mcs_ul:6.39765745e-01,1.27401107e-02,1.36210543e-02,0.00000000e+00,5.71827615e-03,9.77847364e-03,0.00000000e+00,1.86421945e-02,1.98098019e-02,0.00000000e+00,1.77331560e-02,8.48039139e-03,6.38088857e-05,0.00000000e+00,7.03159635e-03,1.12558398e-02,0.00000000e+00,1.13122678e-02,2.54176030e-02,0.00000000e+00,3.03939818e-02,2.36538111e-02,0.00000000e+00,0.00000000e+00,1.64481689e-02,2.24395375e-02,0.00000000e+00,1.09372716e-02,2.55392684e-02,0.00000000e+00,2.65209253e-02,4.12093498e-02,1.09951281e-02,0.00000000e+00,1.86707657e-02,2.89039967e-02,0.00000000e+00,1.62834086e-02,1.37615291e-02,3.41443967e-01
mcs_ul_bin_edges: 0. , 0.7, 1.4, 2.1, 2.8, 3.5, 4.2, 4.9, 5.6, 6.3, 7. , 7.7, 8.4, 9.1, 9.8,10.5,11.2,11.9,12.6,13.3,14. ,14.7,15.4,16.1,16.8,17.5,18.2,18.9,19.6,20.3,21. ,21.7,22.4,23.1,23.8,24.5,25.2,25.9,26.6,27.3,28. 
mcs_dl:3.82836410e-01,1.78148219e-02,4.18576767e-02,0.00000000e+00,3.60110685e-02,3.34784747e-02,0.00000000e+00,1.08558438e-02,1.47472335e-02,0.00000000e+00,3.23403909e-02,1.83391023e-02,2.47616571e-04,0.00000000e+00,3.03701725e-02,2.08021729e-02,0.00000000e+00,1.09963186e-02,1.32746292e-02,0.00000000e+00,4.68971501e-03,3.40234693e-03,0.00000000e+00,0.00000000e+00,3.58567843e-03,1.81179141e-02,0.00000000e+00,1.88293355e-02,1.72429228e-02,0.00000000e+00,1.58074610e-02,9.83775877e-03,1.07251308e-02,0.00000000e+00,1.36651014e-02,2.53954603e-02,0.00000000e+00,2.09200289e-02,2.67571134e-02,5.75623529e-01
mcs_dl_bin_edges: 0. , 0.7, 1.4, 2.1, 2.8, 3.5, 4.2, 4.9, 5.6, 6.3, 7. , 7.7, 8.4, 9.1, 9.8,10.5,11.2,11.9,12.6,13.3,14. ,14.7,15.4,16.1,16.8,17.5,18.2,18.9,19.6,20.3,21. ,21.7,22.4,23.1,23.8,24.5,25.2,25.9,26.6,27.3,28. 
eff_ul:2.72146616,0.50350941,0.13288319,0.02882508,0.04929201,0.09397287,0.09985862,0.08939052,0.04274855,0.03576701,0.05673922,0.        ,0.05702366,0.12812682,0.        ,0.15321209,0.        ,0.11923577,0.08291307,0.11311478,0.        ,0.05513336,0.        ,0.12874012,0.        ,0.13368852,0.        ,0.        ,0.20773095,0.        ,0.055425  ,0.        ,0.09411689,0.        ,0.14570127,0.        ,0.08208254,0.        ,0.06937007,1.72117444
eff_ul_bin_edges:0.        ,0.13886493,0.27772987,0.41659481,0.55545974,0.69432467,0.83318961,0.97205454,1.11091948,1.24978441,1.38864935,1.52751428,1.66637922,1.80524416,1.94410909,2.08297402,2.22183896,2.36070389,2.49956883,2.63843376,2.7772987 ,2.91616363,3.05502857,3.1938935 ,3.33275844,3.47162338,3.61048831,3.74935325,3.88821818,4.02708311,4.16594805,4.30481298,4.44367792,4.58254285,4.72140779,4.86027272,4.99913766,5.13800259,5.27686753,5.41573246,5.5545974 
eff_dl:1.5356819 ,0.39414644,0.30080127,0.18152709,0.16876062,0.05472289,0.07433888,0.16302369,0.09244502,0.15434028,0.10486104,0.        ,0.05543101,0.06691567,0.        ,0.02364024,0.        ,0.01715079,0.01807494,0.09133004,0.        ,0.09491622,0.        ,0.08691932,0.        ,0.07968335,0.        ,0.        ,0.04959086,0.        ,0.05406398,0.        ,0.06888399,0.        ,0.1280152 ,0.        ,0.10545513,0.        ,0.13487911,2.90164303
eff_dl_bin_edges:0.        ,0.13886493,0.27772987,0.41659481,0.55545974,0.69432467,0.83318961,0.97205454,1.11091948,1.24978441,1.38864935,1.52751428,1.66637922,1.80524416,1.94410909,2.08297402,2.22183896,2.36070389,2.49956883,2.63843376,2.7772987 ,2.91616363,3.05502857,3.1938935 ,3.33275844,3.47162338,3.61048831,3.74935325,3.88821818,4.02708311,4.16594805,4.30481298,4.44367792,4.58254285,4.72140779,4.86027272,4.99913766,5.13800259,5.27686753,5.41573246,5.5545974 
rul: 0., 0., 0., 0., 0., 0., 0., 0., 0., 0., 0., 0., 0., 0., 0., 0., 0., 0., 0., 0.,40., 0., 0., 0., 0., 0., 0., 0., 0., 0., 0., 0., 0., 0., 0., 0., 0., 0., 0., 0.
rul_bin_edges:-0.5  ,-0.475,-0.45 ,-0.425,-0.4  ,-0.375,-0.35 ,-0.325,-0.3  ,-0.275,-0.25 ,-0.225,-0.2  ,-0.175,-0.15 ,-0.125,-0.1  ,-0.075,-0.05 ,-0.025, 0.   , 0.025, 0.05 , 0.075, 0.1  , 0.125, 0.15 , 0.175, 0.2  , 0.225, 0.25 , 0.275, 0.3  , 0.325, 0.35 , 0.375, 0.4  , 0.425, 0.45 , 0.475, 0.5  
rdl:2.45881921e-01,5.19186263e-06,3.69660620e-06,1.24604703e-07,0.00000000e+00,0.00000000e+00,0.00000000e+00,4.15349011e-08,0.00000000e+00,2.97518650e-03,0.00000000e+00,0.00000000e+00,0.00000000e+00,0.00000000e+00,0.00000000e+00,0.00000000e+00,0.00000000e+00,0.00000000e+00,0.00000000e+00,3.42164515e-04,0.00000000e+00,0.00000000e+00,0.00000000e+00,0.00000000e+00,0.00000000e+00,0.00000000e+00,0.00000000e+00,0.00000000e+00,0.00000000e+00,3.53046659e-06,0.00000000e+00,0.00000000e+00,0.00000000e+00,0.00000000e+00,0.00000000e+00,0.00000000e+00,0.00000000e+00,0.00000000e+00,0.00000000e+00,4.15349011e-08
rdl_bin_edges:  0.       ,  4.0126495,  8.025299 , 12.0379485, 16.050598 , 20.0632475, 24.075897 , 28.0885465, 32.101196 , 36.1138455, 40.126495 , 44.1391445, 48.151794 , 52.1644435, 56.177093 , 60.1897425, 64.202392 , 68.2150415, 72.227691 , 76.2403405, 80.25299  , 84.2656395, 88.278289 , 92.2909385, 96.303588 ,100.3162375,104.328887 ,108.3415365,112.354186 ,116.3668355,120.379485 ,124.3921345,128.404784 ,132.4174335,136.430083 ,140.4427325,144.455382 ,148.4680315,152.480681 ,156.4933305,160.50598  
lul: 0., 0., 0., 0., 0., 0., 0., 0., 0., 0., 0., 0., 0., 0., 0., 0., 0., 0., 0., 0.,40., 0., 0., 0., 0., 0., 0., 0., 0., 0., 0., 0., 0., 0., 0., 0., 0., 0., 0., 0.
lul_bin_edges:-0.5  ,-0.475,-0.45 ,-0.425,-0.4  ,-0.375,-0.35 ,-0.325,-0.3  ,-0.275,-0.25 ,-0.225,-0.2  ,-0.175,-0.15 ,-0.125,-0.1  ,-0.075,-0.05 ,-0.025, 0.   , 0.025, 0.05 , 0.075, 0.1  , 0.125, 0.15 , 0.175, 0.2  , 0.225, 0.25 , 0.275, 0.3  , 0.325, 0.35 , 0.375, 0.4  , 0.425, 0.45 , 0.475, 0.5  
ldl:4.13148549e-01,7.57695613e-06,7.43919329e-06,4.75281793e-06,1.03322129e-05,7.57695613e-06,7.57695613e-06,7.57695613e-06,7.50807471e-06,1.23986555e-06,0.00000000e+00,0.00000000e+00,0.00000000e+00,0.00000000e+00,0.00000000e+00,0.00000000e+00,0.00000000e+00,0.00000000e+00,0.00000000e+00,0.00000000e+00,0.00000000e+00,0.00000000e+00,0.00000000e+00,0.00000000e+00,0.00000000e+00,0.00000000e+00,0.00000000e+00,0.00000000e+00,1.54983193e-05,1.37762839e-07,0.00000000e+00,2.75525677e-07,3.92624090e-05,0.00000000e+00,0.00000000e+00,0.00000000e+00,0.00000000e+00,0.00000000e+00,0.00000000e+00,2.73459235e-05
ldl_bin_edges: 0.      , 2.419593, 4.839186, 7.258779, 9.678372,12.097965,14.517558,16.937151,19.356744,21.776337,24.19593 ,26.615523,29.035116,31.454709,33.874302,36.293895,38.713488,41.133081,43.552674,45.972267,48.39186 ,50.811453,53.231046,55.650639,58.070232,60.489825,62.909418,65.329011,67.748604,70.168197,72.58779 ,75.007383,77.426976,79.846569,82.266162,84.685755,87.105348,89.524941,91.944534,94.364127,96.78372 
ilul: 0., 0., 0., 0., 0., 0., 0., 0., 0., 0., 0., 0., 0., 0., 0., 0., 0., 0., 0., 0.,40., 0., 0., 0., 0., 0., 0., 0., 0., 0., 0., 0., 0., 0., 0., 0., 0., 0., 0., 0.
ilul_bin_edges:-0.5  ,-0.475,-0.45 ,-0.425,-0.4  ,-0.375,-0.35 ,-0.325,-0.3  ,-0.275,-0.25 ,-0.225,-0.2  ,-0.175,-0.15 ,-0.125,-0.1  ,-0.075,-0.05 ,-0.025, 0.   , 0.025, 0.05 , 0.075, 0.1  , 0.125, 0.15 , 0.175, 0.2  , 0.225, 0.25 , 0.275, 0.3  , 0.325, 0.35 , 0.375, 0.4  , 0.425, 0.45 , 0.475, 0.5  
ildl:4.03660832e-01,1.96072464e-04,2.94571806e-03,5.12893967e-04,6.15459139e-04,2.35709204e-04,2.00294935e-04,3.11917988e-05,9.26219353e-06,1.02156546e-05,8.78546298e-06,3.69125654e-05,2.35641100e-05,1.62769430e-05,0.00000000e+00,0.00000000e+00,6.81043642e-08,0.00000000e+00,1.56640038e-06,2.92848766e-06,1.77071347e-06,4.97161859e-06,0.00000000e+00,1.83881783e-05,0.00000000e+00,0.00000000e+00,0.00000000e+00,0.00000000e+00,1.51872732e-05,2.72417457e-07,0.00000000e+00,0.00000000e+00,3.90919050e-05,0.00000000e+00,0.00000000e+00,0.00000000e+00,0.00000000e+00,0.00000000e+00,0.00000000e+00,4.28376451e-05
ildl_bin_edges: 0.    , 2.4472, 4.8944, 7.3416, 9.7888,12.236 ,14.6832,17.1304,19.5776,22.0248,24.472 ,26.9192,29.3664,31.8136,34.2608,36.708 ,39.1552,41.6024,44.0496,46.4968,48.944 ,51.3912,53.8384,56.2856,58.7328,61.18  ,63.6272,66.0744,68.5216,70.9688,73.416 ,75.8632,78.3104,80.7576,83.2048,85.652 ,88.0992,90.5464,92.9936,95.4408,97.888 
eul: 0., 0., 0., 0., 0., 0., 0., 0., 0., 0., 0., 0., 0., 0., 0., 0., 0., 0., 0., 0.,40., 0., 0., 0., 0., 0., 0., 0., 0., 0., 0., 0., 0., 0., 0., 0., 0., 0., 0., 0.
eul_bin_edges:-0.5  ,-0.475,-0.45 ,-0.425,-0.4  ,-0.375,-0.35 ,-0.325,-0.3  ,-0.275,-0.25 ,-0.225,-0.2  ,-0.175,-0.15 ,-0.125,-0.1  ,-0.075,-0.05 ,-0.025, 0.   , 0.025, 0.05 , 0.075, 0.1  , 0.125, 0.15 , 0.175, 0.2  , 0.225, 0.25 , 0.275, 0.3  , 0.325, 0.35 , 0.375, 0.4  , 0.425, 0.45 , 0.475, 0.5  
edl:6.15232345e-04,0.00000000e+00,1.11508664e-04,3.91835114e-04,8.19465564e-05,4.26617374e-05,4.86839088e-05,2.21905759e-04,8.24169470e-02,9.46944238e-05,1.76303288e-05,1.34373217e-05,3.36284804e-06,3.19400211e-05,1.98844220e-04,1.08764918e-05,5.02316632e-06,0.00000000e+00,2.51861840e-06,8.30159139e-07,1.68845927e-06,0.00000000e+00,8.96571870e-05,1.08624213e-05,1.66031828e-06,2.50454791e-06,1.67438877e-06,8.30159139e-07,0.00000000e+00,0.00000000e+00,8.44229633e-07,3.36284804e-06,0.00000000e+00,0.00000000e+00,0.00000000e+00,0.00000000e+00,0.00000000e+00,0.00000000e+00,0.00000000e+00,8.44229633e-07
edl_bin_edges:  0.   , 11.845, 23.69 , 35.535, 47.38 , 59.225, 71.07 , 82.915, 94.76 ,106.605,118.45 ,130.295,142.14 ,153.985,165.83 ,177.675,189.52 ,201.365,213.21 ,225.055,236.9  ,248.745,260.59 ,272.435,284.28 ,296.125,307.97 ,319.815,331.66 ,343.505,355.35 ,367.195,379.04 ,390.885,402.73 ,414.575,426.42 ,438.265,450.11 ,461.955,473.8  
gul: 0., 0., 0., 0., 0., 0., 0., 0., 0., 0., 0., 0., 0., 0., 0., 0., 0., 0., 0., 0.,40., 0., 0., 0., 0., 0., 0., 0., 0., 0., 0., 0., 0., 0., 0., 0., 0., 0., 0., 0.
gul_bin_edges:-0.5  ,-0.475,-0.45 ,-0.425,-0.4  ,-0.375,-0.35 ,-0.325,-0.3  ,-0.275,-0.25 ,-0.225,-0.2  ,-0.175,-0.15 ,-0.125,-0.1  ,-0.075,-0.05 ,-0.025, 0.   , 0.025, 0.05 , 0.075, 0.1  , 0.125, 0.15 , 0.175, 0.2  , 0.225, 0.25 , 0.275, 0.3  , 0.325, 0.35 , 0.375, 0.4  , 0.425, 0.45 , 0.475, 0.5  
gdl:1.07847102e-01,0.00000000e+00,3.62118414e-08,2.57104074e-06,3.54876046e-06,7.06130907e-07,7.78554590e-07,1.30362629e-06,1.35794405e-06,2.48051114e-06,6.94235317e-04,7.68234215e-05,1.21309669e-06,1.26741445e-07,9.05296035e-08,0.00000000e+00,1.81059207e-08,1.62953286e-07,1.53900326e-06,1.99165128e-07,1.81059207e-08,3.62118414e-08,0.00000000e+00,1.81059207e-08,0.00000000e+00,1.81059207e-08,0.00000000e+00,0.00000000e+00,1.44847366e-07,1.90112167e-06,7.24236828e-08,1.81059207e-08,1.81059207e-08,3.62118414e-08,0.00000000e+00,1.81059207e-08,0.00000000e+00,0.00000000e+00,0.00000000e+00,1.81059207e-08
gdl_bin_edges:  0.   ,  9.205, 18.41 , 27.615, 36.82 , 46.025, 55.23 , 64.435, 73.64 , 82.845, 92.05 ,101.255,110.46 ,119.665,128.87 ,138.075,147.28 ,156.485,165.69 ,174.895,184.1  ,193.305,202.51 ,211.715,220.92 ,230.125,239.33 ,248.535,257.74 ,266.945,276.15 ,285.355,294.56 ,303.765,312.97 ,322.175,331.38 ,340.585,349.79 ,358.995,368.2  
ri: 0., 0., 0., 0., 0., 0., 0., 0., 0., 0., 0., 0., 0., 0., 0., 0., 0., 0., 0., 0.,40., 0., 0., 0., 0., 0., 0., 0., 0., 0., 0., 0., 0., 0., 0., 0., 0., 0., 0., 0.
ri_bin_edges:0.5  ,0.525,0.55 ,0.575,0.6  ,0.625,0.65 ,0.675,0.7  ,0.725,0.75 ,0.775,0.8  ,0.825,0.85 ,0.875,0.9  ,0.925,0.95 ,0.975,1.   ,1.025,1.05 ,1.075,1.1  ,1.125,1.15 ,1.175,1.2  ,1.225,1.25 ,1.275,1.3  ,1.325,1.35 ,1.375,1.4  ,1.425,1.45 ,1.475,1.5  
