period:1
ue_log_freq:1000
mac_log_freq:1000
mimo_layers:2
frequency:2412000000.0
bandwidth:50000000
ue_speed:5.555555555555555
max_distance:1000
shannon_cfg_bandwidth_mhz:50.0
shannon_cfg_mimo_layers:2
shannon_cfg_bw_efficiency:0.67
shannon_cfg_sinr_offset_db:0
shannon_cfg_ul_divisor:2
shannon_cfg_sinr_sample_rate:1000
n_ue:10
sinr_period:9.463597741343282
sinr_rate:105.66805852612856
ul_fairness:0.8670757977146747
dl_fairness:0.9998548431738139
ul_agg_throughput:3.206098201578493
dl_agg_throughput:25.12498665833744
ul_ave_throughput:0.3206098201578493
dl_ave_throughput:2.512498665833744
ul_se:0.06412196403156986
dl_se:0.5024997331667488
ul_ase:2.041065507277012e-08
dl_ase:1.59950632871693e-07
ul_gr:0.12153342466575334, 0.12153342466575334, 0.12153342466575334, 0.12153342466575334, 0.12153342466575334, 0.12153342466575334, 0.12153342466575334, 0.12153342466575334, 0.12153342466575334, 0.12153342466575334
dl_gr:1.9741345786542135, 1.975350246497535, 1.9747576124238755, 1.9759517604823955, 1.9746708932910673, 1.9728304316956833, 1.9743791362086376, 1.9735739442605575, 1.976382236177638, 1.9758583214167857
ul_tr:0.12153342630473696, 0.12153342593774064, 0.12153342594874052, 0.12153342679073208, 0.12119735173171269, 0.12153342663973361, 0.12153342690733095, 0.12011643970800293, 0.11015659224145999, 0.11554245619678004
dl_tr:1.97413470298917, 1.975350374095559, 1.974757743573364, 1.975951888586114, 1.9746710154214457, 1.9728305586894128, 1.9743792606676935, 1.9735740938262618, 1.9763823622153778, 1.9751110973419266
ul_er:0.0, 0.0, 0.0, 0.0, 0.0003359866401335986, 0.0, 0.0, 0.0014161258387416127, 0.01136410635893641, 0.005987950120498795
dl_er:29.854324896751034, 29.853109228907716, 29.853701862981374, 29.85250771492285, 29.853788582114177, 29.85562904370956, 29.85408033919661, 29.854885531144692, 29.85207723922761, 29.853347636523637
ul_er_ratio:0.0, 0.0, 0.0, 0.0, 0.002764563572717849, 0.0, 0.0, 0.011652233558724098, 0.0935158083340655, 0.049271209584094394
dl_er_ratio:0.9379758012855488, 0.9379376068231349, 0.9379562263463519, 0.9379187081875533, 0.9379589511905144, 0.9380167754476966, 0.9379681176692538, 0.9379934147903941, 0.9379051833810463, 0.9379451228268115
ul_er_perc:0.0, 0.0, 0.0, 0.0, 0.2764563572717849, 0.0, 0.0, 1.1652233558724099, 9.351580833406551, 4.927120958409439
dl_er_perc:93.79758012855488, 93.79376068231349, 93.7956226346352, 93.79187081875533, 93.79589511905144, 93.80167754476966, 93.79681176692539, 93.79934147903941, 93.79051833810463, 93.79451228268115
ul_l:0.0005264889923500765, 0.0005268823970320297, 0.0005268501182398175, 0.0005268511044459555, 0.0005299068631773681, 0.0005275091032329676, 0.00052739244800052, 0.0005393338337536625, 0.002226738472944271, 0.0008027205426805732
dl_l:0.00015009582610473894, 0.00014897248067619322, 0.0001500509655613444, 0.00014931644387356126, 0.00015041773765562345, 0.00014910643966560335, 0.0001498085920510795, 0.0001484951726612734, 0.0001497328005669943, 0.0001579289241207588
ul_il:0.0005433029204197958, 0.0005450180955140449, 0.0005411481231877681, 0.0005410478487765123, 0.0005414863359116409, 0.000541592643496565, 0.000539395225698743, 0.0005543224049319507, 0.0023049736333656664, 0.0008488388629203708
dl_il:0.10294305681474485, 0.10215814117310527, 0.10241356535746042, 0.10207909538592512, 0.1033477616895371, 0.10199037553629964, 0.10204956898507116, 0.1014912264609104, 0.10211356516261136, 0.10261339467535023
sinr_ul:4.92210335e-04,2.30855562e-04,3.69744274e-04,6.12330302e-04,9.44537086e-04,7.27288864e-04,8.64769921e-04,1.28518981e-03,1.50806865e-03,2.83501892e-03,2.82657298e-02,5.83487433e-02,6.02594016e-02,6.24314146e-02,5.76866758e-02,2.48812559e-02,4.63175086e-02,3.15868592e-02,2.95354354e-02,1.89320330e-02,1.00741238e-02,1.44298803e-02,5.45842023e-03,3.08511244e-03,2.99220715e-03,2.41131450e-03,3.24699287e-04,2.31793999e-04,2.15840566e-04,2.03171663e-04,1.94256510e-04,1.86749012e-04,1.67980267e-04,9.71282548e-05,9.52513803e-05,9.43129431e-05,9.33745058e-05,9.38437244e-05,1.44519336e-04,5.14263610e-04
sinr_ul_bin_edges:-6.235776 ,-4.1045946,-1.9734132, 0.1577682, 2.2889496, 4.420131 , 6.5513124, 8.6824938,10.8136752,12.9448566,15.076038 ,17.2072194,19.3384008,21.4695822,23.6007636,25.731945 ,27.8631264,29.9943078,32.1254892,34.2566706,36.387852 ,38.5190334,40.6502148,42.7813962,44.9125776,47.043759 ,49.1749404,51.3061218,53.4373032,55.5684846,57.699666 ,59.8308474,61.9620288,64.0932102,66.2243916,68.355573 ,70.4867544,72.6179358,74.7491172,76.8802986,79.01148  
sinr_dl:4.92219485e-04,2.30859854e-04,3.69751148e-04,6.11872458e-04,9.44554645e-04,7.27771612e-04,8.64785997e-04,1.28474447e-03,1.50809669e-03,2.83460239e-03,2.82568707e-02,5.83493588e-02,6.02628679e-02,6.24321059e-02,5.76703868e-02,2.49000183e-02,4.63249388e-02,3.15907310e-02,2.95280076e-02,1.89403618e-02,1.00705573e-02,1.44306178e-02,5.45946016e-03,3.08470057e-03,2.99226278e-03,2.41229778e-03,3.24705323e-04,2.31798308e-04,2.15844579e-04,2.03175440e-04,1.94260121e-04,1.86752483e-04,1.67983389e-04,9.71300604e-05,9.52531510e-05,9.43146963e-05,9.33762416e-05,9.38454690e-05,1.44522022e-04,5.14273170e-04
sinr_dl_bin_edges: 3.5073187 , 5.63846048, 7.76960226, 9.90074405,12.03188583,14.16302761,16.29416939,18.42531118,20.55645296,22.68759474,24.81873652,26.94987831,29.08102009,31.21216187,33.34330365,35.47444544,37.60558722,39.736729  ,41.86787078,43.99901257,46.13015435,48.26129613,50.39243791,52.5235797 ,54.65472148,56.78586326,58.91700504,61.04814683,63.17928861,65.31043039,67.44157218,69.57271396,71.70385574,73.83499752,75.9661393 ,78.09728109,80.22842287,82.35956465,84.49070643,86.62184822,88.75299   
rsrp_ul:4.92856887e-04,2.30909095e-04,3.61177566e-04,6.09487143e-04,9.42917996e-04,7.27057966e-04,8.67672669e-04,1.27964083e-03,1.50114426e-03,2.73657846e-03,2.69735684e-02,5.90050335e-02,6.02414083e-02,6.16889402e-02,5.69973941e-02,2.67398376e-02,4.72056258e-02,3.21777232e-02,2.85701801e-02,1.98784044e-02,9.77154619e-03,1.44217074e-02,5.64622117e-03,3.08458810e-03,2.99335314e-03,2.42666177e-03,3.73875215e-04,2.32319945e-04,2.15860030e-04,2.03632664e-04,1.94697282e-04,1.86232183e-04,1.75885950e-04,9.68783576e-05,9.54675078e-05,9.45269412e-05,9.35863746e-05,9.31160913e-05,1.45317536e-04,5.14960202e-04
rsrp_ul_bin_edges:-116.85663   ,-114.73027335,-112.6039167 ,-110.47756005,-108.3512034 ,-106.22484675,-104.0984901 ,-101.97213345, -99.8457768 , -97.71942015, -95.5930635 , -93.46670685, -91.3403502 , -89.21399355, -87.0876369 , -84.96128025, -82.8349236 , -80.70856695, -78.5822103 , -76.45585365, -74.329497  , -72.20314035, -70.0767837 , -67.95042705, -65.8240704 , -63.69771375, -61.5713571 , -59.44500045, -57.3186438 , -55.19228715, -53.0659305 , -50.93957385, -48.8132172 , -46.68686055, -44.5605039 , -42.43414725, -40.3077906 , -38.18143395, -36.0550773 , -33.92872065, -31.802364  
rsrp_dl:4.92856893e-04,2.30909098e-04,3.61177571e-04,6.09487150e-04,9.42918007e-04,7.27057974e-04,8.67672679e-04,1.27964085e-03,1.50114428e-03,2.73657849e-03,2.69735687e-02,5.90050342e-02,6.02414090e-02,6.16889409e-02,5.69973948e-02,2.67398379e-02,4.72056263e-02,3.21777236e-02,2.85701805e-02,1.98784046e-02,9.77154630e-03,1.44217075e-02,5.64622124e-03,3.08458813e-03,2.99335317e-03,2.42666180e-03,3.73875220e-04,2.32319948e-04,2.15860032e-04,2.03632667e-04,1.94697284e-04,1.86232185e-04,1.75885952e-04,9.68783588e-05,9.54675089e-05,9.45269423e-05,9.35863757e-05,9.31160924e-05,1.45317538e-04,5.14960208e-04
rsrp_dl_bin_edges:-113.84633   ,-111.71997337,-109.59361675,-107.46726012,-105.3409035 ,-103.21454687,-101.08819025, -98.96183362, -96.835477  , -94.70912037, -92.58276375, -90.45640712, -88.3300505 , -86.20369387, -84.07733725, -81.95098062, -79.824624  , -77.69826738, -75.57191075, -73.44555413, -71.3191975 , -69.19284088, -67.06648425, -64.94012763, -62.813771  , -60.68741438, -58.56105775, -56.43470113, -54.3083445 , -52.18198788, -50.05563125, -47.92927463, -45.802918  , -43.67656138, -41.55020475, -39.42384813, -37.2974915 , -35.17113488, -33.04477825, -30.91842163, -28.792065  
cqi_ul:2.70458834e-03,0.00000000e+00,0.00000000e+00,1.69229077e-03,0.00000000e+00,0.00000000e+00,1.83998160e-03,0.00000000e+00,0.00000000e+00,3.23073692e-03,0.00000000e+00,0.00000000e+00,3.01227757e-03,0.00000000e+00,0.00000000e+00,5.80917268e-03,0.00000000e+00,0.00000000e+00,4.28918788e-03,0.00000000e+00,0.00000000e+00,3.12304569e-03,0.00000000e+00,0.00000000e+00,6.96608419e-03,0.00000000e+00,0.00000000e+00,8.31376302e-03,0.00000000e+00,0.00000000e+00,9.69836455e-03,0.00000000e+00,0.00000000e+00,2.38612998e-02,0.00000000e+00,0.00000000e+00,1.45573929e-01,0.00000000e+00,0.00000000e+00,2.85680835e+00
cqi_ul_bin_edges: 2.   , 2.325, 2.65 , 2.975, 3.3  , 3.625, 3.95 , 4.275, 4.6  , 4.925, 5.25 , 5.575, 5.9  , 6.225, 6.55 , 6.875, 7.2  , 7.525, 7.85 , 8.175, 8.5  , 8.825, 9.15 , 9.475, 9.8  ,10.125,10.45 ,10.775,11.1  ,11.425,11.75 ,12.075,12.4  ,12.725,13.05 ,13.375,13.7  ,14.025,14.35 ,14.675,15.   
cqi_dl:4.31495685e-03,0.00000000e+00,0.00000000e+00,0.00000000e+00,0.00000000e+00,2.19997800e-03,0.00000000e+00,0.00000000e+00,0.00000000e+00,0.00000000e+00,1.36498635e-03,0.00000000e+00,0.00000000e+00,0.00000000e+00,0.00000000e+00,3.90996090e-03,0.00000000e+00,0.00000000e+00,0.00000000e+00,0.00000000e+00,5.81494185e-03,0.00000000e+00,0.00000000e+00,0.00000000e+00,0.00000000e+00,8.04991950e-03,0.00000000e+00,0.00000000e+00,0.00000000e+00,0.00000000e+00,8.08491915e-03,0.00000000e+00,0.00000000e+00,0.00000000e+00,0.00000000e+00,5.23494765e-03,0.00000000e+00,0.00000000e+00,0.00000000e+00,4.96102539e+00
cqi_dl_bin_edges: 7. , 7.2, 7.4, 7.6, 7.8, 8. , 8.2, 8.4, 8.6, 8.8, 9. , 9.2, 9.4, 9.6, 9.8,10. ,10.2,10.4,10.6,10.8,11. ,11.2,11.4,11.6,11.8,12. ,12.2,12.4,12.6,12.8,13. ,13.2,13.4,13.6,13.8,14. ,14.2,14.4,14.6,14.8,15. 
mcs_ul:7.42849714e-04,5.12852014e-04,4.34281371e-04,0.00000000e+00,3.51425057e-04,3.72853414e-04,0.00000000e+00,4.81423757e-04,7.77135086e-04,0.00000000e+00,7.22849914e-04,7.05707229e-04,8.57134286e-06,0.00000000e+00,6.84278871e-04,1.18427387e-03,0.00000000e+00,1.51284201e-03,1.01713269e-03,0.00000000e+00,9.74275972e-04,7.18564243e-04,0.00000000e+00,0.00000000e+00,7.31421257e-04,1.33855804e-03,0.00000000e+00,1.89569533e-03,1.82569603e-03,0.00000000e+00,2.03426537e-03,2.18712099e-03,2.31569113e-03,0.00000000e+00,3.89567533e-03,7.18278532e-03,0.00000000e+00,2.22397776e-02,4.53224039e-02,1.32640102e+00
mcs_ul_bin_edges: 0. , 0.7, 1.4, 2.1, 2.8, 3.5, 4.2, 4.9, 5.6, 6.3, 7. , 7.7, 8.4, 9.1, 9.8,10.5,11.2,11.9,12.6,13.3,14. ,14.7,15.4,16.1,16.8,17.5,18.2,18.9,19.6,20.3,21. ,21.7,22.4,23.1,23.8,24.5,25.2,25.9,26.6,27.3,28. 
mcs_dl:1.26351678e-03,0.00000000e+00,7.67051153e-04,0.00000000e+00,5.31759388e-04,0.00000000e+00,0.00000000e+00,5.03524377e-04,0.00000000e+00,3.29408471e-04,0.00000000e+00,0.00000000e+00,0.00000000e+00,0.00000000e+00,3.12938047e-04,0.00000000e+00,5.64700235e-04,0.00000000e+00,1.27528136e-03,0.00000000e+00,0.00000000e+00,1.33175139e-03,0.00000000e+00,1.40469184e-03,0.00000000e+00,1.57645482e-03,0.00000000e+00,0.00000000e+00,2.21174259e-03,0.00000000e+00,2.21174259e-03,0.00000000e+00,1.59292525e-03,0.00000000e+00,0.00000000e+00,1.15528256e-03,0.00000000e+00,1.30822221e-03,0.00000000e+00,2.33460018e+00
mcs_dl_bin_edges:11.   ,11.425,11.85 ,12.275,12.7  ,13.125,13.55 ,13.975,14.4  ,14.825,15.25 ,15.675,16.1  ,16.525,16.95 ,17.375,17.8  ,18.225,18.65 ,19.075,19.5  ,19.925,20.35 ,20.775,21.2  ,21.625,22.05 ,22.475,22.9  ,23.325,23.75 ,24.175,24.6  ,25.025,25.45 ,25.875,26.3  ,26.725,27.15 ,27.575,28.   
eff_ul:6.60871109e-03,4.13514346e-03,1.96231353e-03,2.53371517e-03,4.09003280e-03,3.80433198e-03,0.00000000e+00,3.71411067e-03,3.64644468e-03,6.23278895e-03,7.96203076e-03,0.00000000e+00,5.35313117e-03,0.00000000e+00,5.12757789e-03,0.00000000e+00,3.78177665e-03,3.84944264e-03,7.04478076e-03,0.00000000e+00,0.00000000e+00,9.97697339e-03,0.00000000e+00,9.60856970e-03,0.00000000e+00,1.07062623e-02,0.00000000e+00,1.15107357e-02,0.00000000e+00,1.21873955e-02,0.00000000e+00,0.00000000e+00,2.05027931e-02,0.00000000e+00,3.78027296e-02,0.00000000e+00,1.17047115e-01,0.00000000e+00,2.38530111e-01,6.98079881e+00
eff_ul_bin_edges:0.23439987,0.36740481,0.50040975,0.63341468,0.76641962,0.89942456,1.0324295 ,1.16543444,1.29843938,1.43144431,1.56444925,1.69745419,1.83045913,1.96346407,2.09646901,2.22947394,2.36247888,2.49548382,2.62848876,2.7614937 ,2.89449863,3.02750357,3.16050851,3.29351345,3.42651839,3.55952333,3.69252826,3.8255332 ,3.95853814,4.09154308,4.22454802,4.35755296,4.49055789,4.62356283,4.75656777,4.88957271,5.02257765,5.15558259,5.28858752,5.42159246,5.5545974 
eff_dl:5.26723922e-03,0.00000000e+00,3.19761636e-03,0.00000000e+00,2.21675245e-03,0.00000000e+00,2.09904878e-03,0.00000000e+00,0.00000000e+00,1.37320948e-03,1.30454901e-03,0.00000000e+00,2.35407339e-03,0.00000000e+00,0.00000000e+00,5.31628241e-03,0.00000000e+00,0.00000000e+00,5.55168975e-03,0.00000000e+00,5.85575757e-03,0.00000000e+00,0.00000000e+00,6.57178822e-03,0.00000000e+00,0.00000000e+00,9.22012079e-03,0.00000000e+00,0.00000000e+00,9.22012079e-03,0.00000000e+00,0.00000000e+00,6.64044870e-03,0.00000000e+00,0.00000000e+00,4.81604182e-03,0.00000000e+00,5.45360336e-03,0.00000000e+00,9.73227888e+00
eff_dl_bin_edges:1.4766005 ,1.57855042,1.68050035,1.78245027,1.88440019,1.98635011,2.08830003,2.19024996,2.29219988,2.3941498 ,2.49609972,2.59804965,2.69999957,2.80194949,2.90389941,3.00584934,3.10779926,3.20974918,3.3116991 ,3.41364903,3.51559895,3.61754887,3.71949879,3.82144872,3.92339864,4.02534856,4.12729848,4.22924841,4.33119833,4.43314825,4.53509817,4.6370481 ,4.73899802,4.84094794,4.94289786,5.04484779,5.14679771,5.24874763,5.35069755,5.45264748,5.5545974 
rul:4.64915819e-01,2.10593252e-04,1.12751254e-04,1.45365253e-04,1.26728682e-04,3.72731419e-05,3.63413133e-05,2.37616280e-05,3.07503421e-05,5.77733699e-05,1.86365709e-05,2.23638851e-05,4.23981989e-05,1.16478568e-05,9.31828547e-06,1.11819426e-05,4.19322846e-06,1.39774282e-06,3.72731419e-06,6.05688556e-06,7.03530553e-05,0.00000000e+00,4.65914274e-07,4.65914274e-07,1.39774282e-06,0.00000000e+00,4.65914274e-07,9.31828547e-07,4.65914274e-07,0.00000000e+00,0.00000000e+00,0.00000000e+00,4.65914274e-07,9.31828547e-07,0.00000000e+00,0.00000000e+00,0.00000000e+00,0.00000000e+00,9.31828547e-07,1.39774282e-05
rul_bin_edges: 0.        , 2.14629613, 4.29259225, 6.43888838, 8.5851845 ,10.73148062,12.87777675,15.02407288,17.170369  ,19.31666513,21.46296125,23.60925738,25.7555535 ,27.90184963,30.04814575,32.19444188,34.340738  ,36.48703413,38.63333025,40.77962637,42.9259225 ,45.07221863,47.21851475,49.36481088,51.511107  ,53.65740313,55.80369925,57.94999538,60.0962915 ,62.24258763,64.38888375,66.53517987,68.681476  ,70.82777213,72.97406825,75.12036438,77.2666605 ,79.41295663,81.55925275,83.70554888,85.851845  
rdl:8.65135453e-02,1.55868995e-05,5.43729054e-06,3.73714041e-03,3.62486036e-07,4.53107545e-07,1.81243018e-07,3.49255295e-04,0.00000000e+00,0.00000000e+00,1.81243018e-07,0.00000000e+00,0.00000000e+00,0.00000000e+00,0.00000000e+00,0.00000000e+00,0.00000000e+00,0.00000000e+00,0.00000000e+00,0.00000000e+00,0.00000000e+00,0.00000000e+00,0.00000000e+00,0.00000000e+00,0.00000000e+00,9.06215089e-08,0.00000000e+00,0.00000000e+00,0.00000000e+00,0.00000000e+00,0.00000000e+00,0.00000000e+00,9.06215089e-08,0.00000000e+00,0.00000000e+00,0.00000000e+00,0.00000000e+00,0.00000000e+00,0.00000000e+00,9.06215089e-08
rdl_bin_edges:  0.       , 11.0347975, 22.069595 , 33.1043925, 44.13919  , 55.1739875, 66.208785 , 77.2435825, 88.27838  , 99.3131775,110.347975 ,121.3827725,132.41757  ,143.4523675,154.487165 ,165.5219625,176.55676  ,187.5915575,198.626355 ,209.6611525,220.69595  ,231.7307475,242.765545 ,253.8003425,264.83514  ,275.8699375,286.904735 ,297.9395325,308.97433  ,320.0091275,331.043925 ,342.0787225,353.11352  ,364.1483175,375.183115 ,386.2179125,397.25271  ,408.2875075,419.322305 ,430.3571025,441.3919   
lul:4.50679318e+01,7.67061508e-03,5.86576447e-03,4.82797537e-03,4.73773284e-03,4.10603513e-03,3.15848856e-03,2.52679085e-03,1.80485061e-03,1.62436555e-03,2.03045693e-03,1.66948681e-03,1.44388049e-03,1.75972934e-03,1.26339543e-03,9.92667834e-04,8.57304038e-04,1.17315289e-03,7.67061508e-04,9.47546569e-04,4.96333917e-04,5.41455182e-04,3.60970121e-04,4.51212652e-04,2.70727591e-04,6.31697713e-04,3.60970121e-04,9.02425304e-05,2.70727591e-04,1.80485061e-04,2.70727591e-04,9.02425304e-05,4.51212652e-05,9.02425304e-05,1.35363796e-04,9.02425304e-05,4.51212652e-05,4.51212652e-05,0.00000000e+00,9.02425304e-05
lul_bin_edges:0.        ,0.02216228,0.04432456,0.06648683,0.08864911,0.11081139,0.13297367,0.15513594,0.17729822,0.1994605 ,0.22162277,0.24378505,0.26594733,0.28810961,0.31027189,0.33243416,0.35459644,0.37675872,0.398921  ,0.42108327,0.44324555,0.46540783,0.48757011,0.50973238,0.53189466,0.55405694,0.57621922,0.59838149,0.62054377,0.64270605,0.66486833,0.6870306 ,0.70919288,0.73135516,0.75351744,0.77567971,0.79784199,0.82000427,0.84216654,0.86432882,0.8864911 
ldl:8.70305231e+02,0.00000000e+00,3.47530815e+01,8.50555176e+00,1.82718620e-03,0.00000000e+00,0.00000000e+00,0.00000000e+00,3.65437240e-03,3.65437240e-03,3.65437240e-03,1.82718620e-03,2.74077930e-03,0.00000000e+00,1.82718620e-03,0.00000000e+00,9.13593099e-04,0.00000000e+00,0.00000000e+00,0.00000000e+00,0.00000000e+00,0.00000000e+00,0.00000000e+00,0.00000000e+00,0.00000000e+00,0.00000000e+00,9.13593099e-04,1.82718620e-03,5.48155860e-03,9.13593099e-04,0.00000000e+00,0.00000000e+00,0.00000000e+00,9.13593099e-04,2.74077930e-03,1.82718620e-03,0.00000000e+00,9.13593099e-04,0.00000000e+00,2.74077930e-03
ldl_bin_edges:0.        ,0.00109457,0.00218914,0.0032837 ,0.00437827,0.00547284,0.00656741,0.00766198,0.00875655,0.00985111,0.01094568,0.01204025,0.01313482,0.01422939,0.01532396,0.01641852,0.01751309,0.01860766,0.01970223,0.0207968 ,0.02189137,0.02298593,0.0240805 ,0.02517507,0.02626964,0.02736421,0.02845877,0.02955334,0.03064791,0.03174248,0.03283705,0.03393162,0.03502618,0.03612075,0.03721532,0.03830989,0.03940446,0.04049903,0.04159359,0.04268816,0.04378273
ilul:4.50063979e+01,1.05915329e-02,6.08449762e-03,8.24787455e-03,6.21970867e-03,4.46196492e-03,4.37182421e-03,3.10985434e-03,2.20844728e-03,1.66760305e-03,1.89295481e-03,1.75774376e-03,1.39718093e-03,1.26196988e-03,1.30704023e-03,1.44225129e-03,9.46477407e-04,1.12675882e-03,6.76055291e-04,9.91547760e-04,5.40844233e-04,5.40844233e-04,4.50703527e-04,4.05633174e-04,2.25351764e-04,7.21125643e-04,2.70422116e-04,1.35211058e-04,2.70422116e-04,1.80281411e-04,2.70422116e-04,9.01407054e-05,4.50703527e-05,9.01407054e-05,9.01407054e-05,9.01407054e-05,9.01407054e-05,4.50703527e-05,0.00000000e+00,9.01407054e-05
ilul_bin_edges:0.        ,0.02218731,0.04437463,0.06656194,0.08874925,0.11093656,0.13312388,0.15531119,0.1774985 ,0.19968581,0.22187313,0.24406044,0.26624775,0.28843506,0.31062238,0.33280969,0.354997  ,0.37718431,0.39937163,0.42155894,0.44374625,0.46593356,0.48812088,0.51030819,0.5324955 ,0.55468281,0.57687013,0.59905744,0.62124475,0.64343206,0.66561938,0.68780669,0.709994  ,0.73218131,0.75436863,0.77655594,0.79874325,0.82093056,0.84311788,0.86530519,0.8874925 
ildl:6.12703625e+00,7.69141171e-03,6.12108182e-03,5.62114006e-03,5.30066457e-03,5.03787467e-03,5.20452192e-03,4.99941761e-03,4.55075193e-03,3.54445890e-03,3.04451713e-03,2.19205234e-03,2.04463361e-03,2.09590969e-03,2.22409989e-03,1.50238909e-02,8.52208417e-02,1.08397629e-01,8.12084886e-03,4.59561850e-03,0.00000000e+00,0.00000000e+00,0.00000000e+00,0.00000000e+00,4.48665683e-05,1.08961666e-04,5.76855878e-05,1.15371176e-04,7.69141171e-05,1.08961666e-04,1.08961666e-04,9.61426464e-05,9.61426464e-05,1.08961666e-04,9.61426464e-05,1.08961666e-04,1.02552156e-04,7.69141171e-05,1.15371176e-04,8.33236268e-05
ildl_bin_edges:0.        ,0.15601661,0.31203323,0.46804984,0.62406645,0.78008306,0.93609968,1.09211629,1.2481329 ,1.40414951,1.56016613,1.71618274,1.87219935,2.02821596,2.18423258,2.34024919,2.4962658 ,2.65228241,2.80829903,2.96431564,3.12033225,3.27634886,3.43236548,3.58838209,3.7443987 ,3.90041531,4.05643193,4.21244854,4.36846515,4.52448176,4.68049837,4.83651499,4.9925316 ,5.14854821,5.30456483,5.46058144,5.61659805,5.77261466,5.92863128,6.08464789,6.2406645 
eul:1.53380591e+00,7.21128193e-05,5.21667204e-05,4.90980898e-05,3.37549367e-05,3.22206214e-05,3.22206214e-05,1.99460990e-05,2.60833602e-05,2.91519908e-05,1.99460990e-05,1.99460990e-05,1.38088377e-05,1.53431531e-05,1.99460990e-05,1.38088377e-05,1.53431531e-05,9.20589183e-06,1.68774684e-05,9.20589183e-06,3.06863061e-06,4.60294592e-06,1.53431531e-06,1.53431531e-06,1.53431531e-06,3.06863061e-06,3.06863061e-06,1.53431531e-06,0.00000000e+00,0.00000000e+00,1.53431531e-06,0.00000000e+00,0.00000000e+00,0.00000000e+00,0.00000000e+00,1.53431531e-06,0.00000000e+00,0.00000000e+00,0.00000000e+00,1.53431531e-06
eul_bin_edges: 0.     , 0.65175, 1.3035 , 1.95525, 2.607  , 3.25875, 3.9105 , 4.56225, 5.214  , 5.86575, 6.5175 , 7.16925, 7.821  , 8.47275, 9.1245 , 9.77625,10.428  ,11.07975,11.7315 ,12.38325,13.035  ,13.68675,14.3385 ,14.99025,15.642  ,16.29375,16.9455 ,17.59725,18.249  ,18.90075,19.5525 ,20.20425,20.856  ,21.50775,22.1595 ,22.81125,23.463  ,24.11475,24.7665 ,25.41825,26.07   
edl:1.36237215e-02,5.68806990e-04,5.96326062e-04,1.50933608e-04,7.23571965e-04,2.08054364e-04,2.62313517e-05,0.00000000e+00,1.43080100e-07,0.00000000e+00,0.00000000e+00,0.00000000e+00,0.00000000e+00,0.00000000e+00,0.00000000e+00,0.00000000e+00,0.00000000e+00,0.00000000e+00,0.00000000e+00,0.00000000e+00,0.00000000e+00,0.00000000e+00,0.00000000e+00,0.00000000e+00,0.00000000e+00,0.00000000e+00,0.00000000e+00,0.00000000e+00,0.00000000e+00,0.00000000e+00,0.00000000e+00,0.00000000e+00,0.00000000e+00,0.00000000e+00,0.00000000e+00,0.00000000e+00,0.00000000e+00,0.00000000e+00,0.00000000e+00,1.58977889e-07
edl_bin_edges:   0.    ,  62.9012, 125.8024, 188.7036, 251.6048, 314.506 , 377.4072, 440.3084, 503.2096, 566.1108, 629.012 , 691.9132, 754.8144, 817.7156, 880.6168, 943.518 ,1006.4192,1069.3204,1132.2216,1195.1228,1258.024 ,1320.9252,1383.8264,1446.7276,1509.6288,1572.53  ,1635.4312,1698.3324,1761.2336,1824.1348,1887.036 ,1949.9372,2012.8384,2075.7396,2138.6408,2201.542 ,2264.4432,2327.3444,2390.2456,2453.1468,2516.048 
gul:2.85468477e-01,3.42990911e-05,8.86059853e-05,1.71495455e-05,5.71651518e-06,6.85981821e-05,1.42912879e-05,4.57321214e-05,2.00078031e-05,1.42912879e-05,2.85825759e-06,2.28660607e-05,0.00000000e+00,2.85825759e-06,0.00000000e+00,0.00000000e+00,2.85825759e-06,5.71651518e-06,0.00000000e+00,0.00000000e+00,2.85825759e-06,0.00000000e+00,2.85825759e-06,0.00000000e+00,0.00000000e+00,0.00000000e+00,0.00000000e+00,0.00000000e+00,2.85825759e-06,0.00000000e+00,0.00000000e+00,0.00000000e+00,0.00000000e+00,0.00000000e+00,2.85825759e-06,0.00000000e+00,0.00000000e+00,0.00000000e+00,0.00000000e+00,2.85825759e-06
gul_bin_edges:  0.    ,  3.4986,  6.9972, 10.4958, 13.9944, 17.493 , 20.9916, 24.4902, 27.9888, 31.4874, 34.986 , 38.4846, 41.9832, 45.4818, 48.9804, 52.479 , 55.9776, 59.4762, 62.9748, 66.4734, 69.972 , 73.4706, 76.9692, 80.4678, 83.9664, 87.465 , 90.9636, 94.4622, 97.9608,101.4594,104.958 ,108.4566,111.9552,115.4538,118.9524,122.451 ,125.9496,129.4482,132.9468,136.4454,139.944 
gdl:7.12234217e-02,1.27527689e-05,4.98582829e-05,1.76521377e-05,1.36173634e-05,2.04188401e-04,3.81862571e-06,1.75800882e-05,8.95575804e-05,4.76967967e-05,2.03900203e-05,2.07502680e-05,9.15029180e-06,3.60247709e-06,1.15279267e-05,9.07824226e-06,7.56520189e-06,1.23925212e-05,8.86209364e-06,7.27700372e-06,4.01315948e-05,7.52197216e-05,1.03535192e-04,2.06061689e-05,2.01738717e-06,2.59378350e-06,1.00869358e-06,1.94533763e-06,3.45837800e-06,2.08943671e-06,3.60247709e-06,3.24222938e-06,0.00000000e+00,0.00000000e+00,0.00000000e+00,0.00000000e+00,0.00000000e+00,0.00000000e+00,0.00000000e+00,7.20495418e-08
gdl_bin_edges:  0.    , 13.8792, 27.7584, 41.6376, 55.5168, 69.396 , 83.2752, 97.1544,111.0336,124.9128,138.792 ,152.6712,166.5504,180.4296,194.3088,208.188 ,222.0672,235.9464,249.8256,263.7048,277.584 ,291.4632,305.3424,319.2216,333.1008,346.98  ,360.8592,374.7384,388.6176,402.4968,416.376 ,430.2552,444.1344,458.0136,471.8928,485.772 ,499.6512,513.5304,527.4096,541.2888,555.168 
ri: 0., 0., 0., 0., 0., 0., 0., 0., 0., 0., 0., 0., 0., 0., 0., 0., 0., 0., 0., 0.,40., 0., 0., 0., 0., 0., 0., 0., 0., 0., 0., 0., 0., 0., 0., 0., 0., 0., 0., 0.
ri_bin_edges:0.5  ,0.525,0.55 ,0.575,0.6  ,0.625,0.65 ,0.675,0.7  ,0.725,0.75 ,0.775,0.8  ,0.825,0.85 ,0.875,0.9  ,0.925,0.95 ,0.975,1.   ,1.025,1.05 ,1.075,1.1  ,1.125,1.15 ,1.175,1.2  ,1.225,1.25 ,1.275,1.3  ,1.325,1.35 ,1.375,1.4  ,1.425,1.45 ,1.475,1.5  
