period:1
ue_log_freq:1000
mac_log_freq:1000
mimo_layers:2
frequency:2412000000.0
bandwidth:50000000
ue_speed:5.555555555555555
max_distance:1000
shannon_cfg_bandwidth_mhz:50.0
shannon_cfg_mimo_layers:2
shannon_cfg_bw_efficiency:0.67
shannon_cfg_sinr_offset_db:0
shannon_cfg_ul_divisor:2
shannon_cfg_sinr_sample_rate:1000
n_ue:3
sinr_period:9.463597741343282
sinr_rate:105.66805852612856
ul_fairness:0.9981971313919366
dl_fairness:0.9944901908450112
ul_agg_throughput:1.6587621025601926
dl_agg_throughput:1.4724801332641833
ul_ave_throughput:0.5529207008533975
dl_ave_throughput:0.4908267110880611
ul_se:0.033175242051203854
dl_se:0.029449602665283667
ul_ase:1.0560007521438405e-08
dl_ase:9.374099672544303e-09
ul_gr:0.0999988445911341, 0.0999988445911341, 0.1999976884541155
dl_gr:0.0999988445911341, 0.0999988445911341, 0.1999976884541155
ul_tr:0.0736594294835552, 0.06305575472845273, 0.12243246936490636
dl_tr:0.09809486402579974, 0.0999878447928021, 0.199975688503015
ul_er:0.0, 0.0, 0.0
dl_er:0.0, 0.0, 0.0
ul_er_ratio:0.0, 0.0, 0.0
dl_er_ratio:0.0, 0.0, 0.0
ul_er_perc:0.0, 0.0, 0.0
dl_er_perc:0.0, 0.0, 0.0
ul_l:0.00382405987601624, 0.0038972410713492864, 0.004027233185268148
dl_l:0.007978287807306927, 0.008233179650898492, 0.008305809700027998
ul_il:0.10766633662311377, 0.09097674114279358, 0.16621524399935503
dl_il:0.016453590006639932, 0.016689785380746194, 0.02771220220414796
sinr_ul:0.00646172,0.01349079,0.00889381,0.00849298,0.01800644,0.02579652,0.02313205,0.02772128,0.03503307,0.04610338,0.05034407,0.06154412,0.02769224,0.01596936,0.00875633,0.00584982,0.00528052,0.00556904,0.00605895,0.00247857,0.00149683,0.00149295,0.01938708,0.01653479,0.01716992,0.03368535,0.01238512,0.0093082 ,0.01534779,0.01373478,0.00339836,0.0062855 ,0.00599117,0.00335575,0.0024108 ,0.00582465,0.00335382,0.0023469 ,0.00250181,0.00223459
sinr_ul_bin_edges:-17.398142 ,-15.6767382,-13.9553344,-12.2339306,-10.5125268, -8.791123 , -7.0697192, -5.3483154, -3.6269116, -1.9055078, -0.184104 ,  1.5372998,  3.2587036,  4.9801074,  6.7015112,  8.422915 , 10.1443188, 11.8657226, 13.5871264, 15.3085302, 17.029934 , 18.7513378, 20.4727416, 22.1941454, 23.9155492, 25.636953 , 27.3583568, 29.0797606, 30.8011644, 32.5225682, 34.243972 , 35.9653758, 37.6867796, 39.4081834, 41.1295872, 42.850991 , 44.5723948, 46.2937986, 48.0152024, 49.7366062, 51.45801  
sinr_dl:0.00649049,0.01361435,0.00876633,0.00849323,0.01804788,0.0258109 ,0.02311863,0.02770905,0.03501497,0.04612493,0.05037058,0.06160256,0.02762189,0.01598122,0.00876246,0.0058552 ,0.00527994,0.00556854,0.00606244,0.00247921,0.0014914 ,0.00149334,0.01936883,0.01653904,0.01715497,0.03368821,0.01239799,0.00928929,0.01531493,0.01382741,0.00339923,0.00625613,0.00602177,0.00336049,0.00240948,0.00583583,0.00334887,0.00234557,0.00250052,0.00225259
sinr_dl_bin_edges:-5.0796127 ,-3.35865171,-1.63769072, 0.08327028, 1.80423127, 3.52519226, 5.24615325, 6.96711425, 8.68807524,10.40903623,12.12999722,13.85095822,15.57191921,17.2928802 ,19.01384119,20.73480219,22.45576318,24.17672417,25.89768516,27.61864616,29.33960715,31.06056814,32.78152913,34.50249013,36.22345112,37.94441211,39.6653731 ,41.3863341 ,43.10729509,44.82825608,46.54921707,48.27017807,49.99113906,51.71210005,53.43306104,55.15402204,56.87498303,58.59594402,60.31690501,62.03786601,63.758827  
rsrp_ul:0.00664552,0.01416005,0.00821865,0.00867836,0.01808994,0.02587409,0.02311967,0.02760045,0.03548934,0.04566906,0.05038261,0.06194923,0.02736768,0.01600279,0.00879281,0.00586769,0.00528383,0.00555345,0.00605972,0.00254299,0.00149359,0.00149553,0.01914516,0.01657889,0.01714529,0.03369315,0.0124783 ,0.00914196,0.01516871,0.0143579 ,0.00340035,0.00609852,0.00618193,0.00339841,0.00240915,0.00556509,0.00363118,0.00234126,0.0024945 ,0.00235871
rsrp_ul_bin_edges:-135.16573 ,-133.447297,-131.728864,-130.010431,-128.291998,-126.573565,-124.855132,-123.136699,-121.418266,-119.699833,-117.9814  ,-116.262967,-114.544534,-112.826101,-111.107668,-109.389235,-107.670802,-105.952369,-104.233936,-102.515503,-100.79707 , -99.078637, -97.360204, -95.641771, -93.923338, -92.204905, -90.486472, -88.768039, -87.049606, -85.331173, -83.61274 , -81.894307, -80.175874, -78.457441, -76.739008, -75.020575, -73.302142, -71.583709, -69.865276, -68.146843, -66.42841 
rsrp_dl:0.00664552,0.01416005,0.00821865,0.00867836,0.01808994,0.02587409,0.02311967,0.02760045,0.03548934,0.04566906,0.05038261,0.06194923,0.02736962,0.01600085,0.00879281,0.00586769,0.00528383,0.00555345,0.00605972,0.00254299,0.00149359,0.00149553,0.01914516,0.01657889,0.01714529,0.03369315,0.0124783 ,0.00914196,0.01516871,0.0143579 ,0.00340035,0.00609852,0.00618193,0.00339841,0.00240915,0.00556509,0.00363118,0.00234126,0.0024945 ,0.00235871
rsrp_dl_bin_edges:-129.14513  ,-127.4266971,-125.7082642,-123.9898313,-122.2713984,-120.5529655,-118.8345326,-117.1160997,-115.3976668,-113.6792339,-111.960801 ,-110.2423681,-108.5239352,-106.8055023,-105.0870694,-103.3686365,-101.6502036, -99.9317707, -98.2133378, -96.4949049, -94.776472 , -93.0580391, -91.3396062, -89.6211733, -87.9027404, -86.1843075, -84.4658746, -82.7474417, -81.0290088, -79.3105759, -77.592143 , -75.8737101, -74.1552772, -72.4368443, -70.7184114, -68.9999785, -67.2815456, -65.5631127, -63.8446798, -62.1262469, -60.407814 
cqi_ul:1.45176326,0.        ,0.25875297,0.        ,0.        ,0.07162595,0.        ,0.        ,0.05062172,0.        ,0.01538651,0.        ,0.        ,0.00760881,0.        ,0.        ,0.0046844 ,0.        ,0.0825414 ,0.        ,0.        ,0.08583914,0.        ,0.        ,0.09283463,0.        ,0.15550067,0.        ,0.        ,0.04267513,0.        ,0.        ,0.05473723,0.        ,0.0713504 ,0.        ,0.        ,0.05271058,0.        ,0.16803388
cqi_ul_bin_edges: 0.   , 0.375, 0.75 , 1.125, 1.5  , 1.875, 2.25 , 2.625, 3.   , 3.375, 3.75 , 4.125, 4.5  , 4.875, 5.25 , 5.625, 6.   , 6.375, 6.75 , 7.125, 7.5  , 7.875, 8.25 , 8.625, 9.   , 9.375, 9.75 ,10.125,10.5  ,10.875,11.25 ,11.625,12.   ,12.375,12.75 ,13.125,13.5  ,13.875,14.25 ,14.625,15.   
cqi_dl:0.22389998,0.        ,0.27574835,0.        ,0.        ,0.45291992,0.        ,0.        ,0.45875986,0.        ,0.1856337 ,0.        ,0.        ,0.09016799,0.        ,0.        ,0.03221301,0.        ,0.0347641 ,0.        ,0.        ,0.02676418,0.        ,0.        ,0.02926193,0.        ,0.02985748,0.        ,0.        ,0.00770659,0.        ,0.        ,0.00820436,0.        ,0.01049767,0.        ,0.        ,0.10098566,0.        ,0.6992819 
cqi_dl_bin_edges: 0.   , 0.375, 0.75 , 1.125, 1.5  , 1.875, 2.25 , 2.625, 3.   , 3.375, 3.75 , 4.125, 4.5  , 4.875, 5.25 , 5.625, 6.   , 6.375, 6.75 , 7.125, 7.5  , 7.875, 8.25 , 8.625, 9.   , 9.375, 9.75 ,10.125,10.5  ,10.875,11.25 ,11.625,12.   ,12.375,12.75 ,13.125,13.5  ,13.875,14.25 ,14.625,15.   
mcs_ul:0.91634798,0.0226712 ,0.01569984,0.        ,0.01403795,0.01308082,0.        ,0.0062666 ,0.00197617,0.        ,0.00208569,0.00199046,0.0012857 ,0.        ,0.0012238 ,0.00407139,0.        ,0.04014722,0.02514261,0.        ,0.02084265,0.0284521 ,0.02128074,0.        ,0.05939941,0.02390452,0.        ,0.01136179,0.01149989,0.        ,0.01408081,0.0152427 ,0.02184264,0.        ,0.01638079,0.01967123,0.        ,0.00856658,0.        ,0.09001815
mcs_ul_bin_edges: 0. , 0.7, 1.4, 2.1, 2.8, 3.5, 4.2, 4.9, 5.6, 6.3, 7. , 7.7, 8.4, 9.1, 9.8,10.5,11.2,11.9,12.6,13.3,14. ,14.7,15.4,16.1,16.8,17.5,18.2,18.9,19.6,20.3,21. ,21.7,22.4,23.1,23.8,24.5,25.2,25.9,26.6,27.3,28. 
mcs_dl:0.26766875,0.09573714,0.14689853,0.        ,0.10929415,0.13647006,0.        ,0.06482792,0.0346187 ,0.        ,0.03024255,0.01806172,0.01089989,0.        ,0.00635708,0.01063323,0.        ,0.0079904 ,0.00713802,0.        ,0.00719993,0.00748564,0.00819039,0.        ,0.00794278,0.0080523 ,0.        ,0.0026714 ,0.00145713,0.        ,0.00220474,0.00219045,0.00223331,0.        ,0.00339044,0.02729497,0.        ,0.02680449,0.        ,0.3746153 
mcs_dl_bin_edges: 0. , 0.7, 1.4, 2.1, 2.8, 3.5, 4.2, 4.9, 5.6, 6.3, 7. , 7.7, 8.4, 9.1, 9.8,10.5,11.2,11.9,12.6,13.3,14. ,14.7,15.4,16.1,16.8,17.5,18.2,18.9,19.6,20.3,21. ,21.7,22.4,23.1,23.8,24.5,25.2,25.9,26.6,27.3,28. 
eff_ul:2.94026017,0.52405311,0.08570996,0.05935428,0.0530714 ,0.        ,0.0494529 ,0.0236913 ,0.        ,0.00747104,0.0078851 ,0.00752505,0.00486068,0.00462665,0.01539215,0.        ,0.15177917,0.09505326,0.        ,0.07879699,0.        ,0.10756501,0.08045322,0.        ,0.22456333,0.        ,0.09037261,0.04295399,0.04347606,0.05323343,0.        ,0.05762604,0.        ,0.08257752,0.        ,0.06192864,0.        ,0.07436837,0.03238652,0.34031948
eff_ul_bin_edges:0.       ,0.1851575,0.370315 ,0.5554725,0.74063  ,0.9257875,1.110945 ,1.2961025,1.48126  ,1.6664175,1.851575 ,2.0367325,2.22189  ,2.4070475,2.592205 ,2.7773625,2.96252  ,3.1476775,3.332835 ,3.5179925,3.70315  ,3.8883075,4.073465 ,4.2586225,4.44378  ,4.6289375,4.814095 ,4.9992525,5.18441  ,5.3695675,5.554725 ,5.7398825,5.92504  ,6.1101975,6.295355 ,6.4805125,6.66567  ,6.8508275,7.035985 ,7.2211425,7.4063   
eff_dl:0.45346526,0.55847391,0.36194049,0.55535947,0.41319364,0.        ,0.51593397,0.24508619,0.        ,0.13087826,0.11433395,0.06828353,0.04120775,0.02403335,0.04019961,0.        ,0.03020821,0.02698576,0.        ,0.0272198 ,0.        ,0.02829995,0.03096432,0.        ,0.03002819,0.        ,0.03044225,0.01009941,0.00550877,0.00833516,0.        ,0.00828116,0.        ,0.00844318,0.        ,0.01281779,0.        ,0.1031904 ,0.10133614,1.41625757
eff_dl_bin_edges:0.       ,0.1851575,0.370315 ,0.5554725,0.74063  ,0.9257875,1.110945 ,1.2961025,1.48126  ,1.6664175,1.851575 ,2.0367325,2.22189  ,2.4070475,2.592205 ,2.7773625,2.96252  ,3.1476775,3.332835 ,3.5179925,3.70315  ,3.8883075,4.073465 ,4.2586225,4.44378  ,4.6289375,4.814095 ,4.9992525,5.18441  ,5.3695675,5.554725 ,5.7398825,5.92504  ,6.1101975,6.295355 ,6.4805125,6.66567  ,6.8508275,7.035985 ,7.2211425,7.4063   
rul:6.80489991e+00,2.17592510e+00,1.64585526e+00,3.68027382e-05,2.58796855e-01,0.00000000e+00,7.36054765e-05,7.36054765e-05,0.00000000e+00,3.68027382e-05,7.36054765e-05,0.00000000e+00,3.68027382e-05,0.00000000e+00,0.00000000e+00,0.00000000e+00,4.74755323e-03,2.23024594e-02,2.26704868e-02,4.37952585e-03,8.31741884e-02,0.00000000e+00,0.00000000e+00,0.00000000e+00,0.00000000e+00,0.00000000e+00,0.00000000e+00,0.00000000e+00,0.00000000e+00,0.00000000e+00,0.00000000e+00,0.00000000e+00,2.20816429e-04,0.00000000e+00,0.00000000e+00,1.06727941e-03,4.04830121e-04,6.62449288e-04,3.68027382e-05,1.54571501e-02
rul_bin_edges:0.        ,0.09057207,0.18114413,0.27171619,0.36228826,0.45286033,0.54343239,0.63400446,0.72457652,0.81514859,0.90572065,0.99629272,1.08686478,1.17743685,1.26800891,1.35858098,1.44915304,1.53972511,1.63029717,1.72086924,1.8114413 ,1.90201337,1.99258543,2.0831575 ,2.17372956,2.26430163,2.35487369,2.44544576,2.53601782,2.62658989,2.71716195,2.80773402,2.89830608,2.98887815,3.07945021,3.17002228,3.26059434,3.35116641,3.44173847,3.53231054,3.6228826 
rdl:2.37627860e+00,5.46242775e+00,3.68232792e+00,1.20521315e-04,4.55289356e-01,0.00000000e+00,4.01737718e-05,0.00000000e+00,8.03475436e-05,0.00000000e+00,0.00000000e+00,4.01737718e-05,0.00000000e+00,0.00000000e+00,8.03475436e-05,8.03475436e-05,1.76764596e-03,2.14126204e-02,2.41444368e-02,1.58284661e-02,0.00000000e+00,0.00000000e+00,0.00000000e+00,0.00000000e+00,0.00000000e+00,0.00000000e+00,0.00000000e+00,0.00000000e+00,0.00000000e+00,0.00000000e+00,0.00000000e+00,0.00000000e+00,0.00000000e+00,3.21390174e-04,1.12486561e-03,2.41042631e-03,4.21824604e-03,8.03475436e-05,1.76764596e-03,2.41042631e-03
rdl_bin_edges:0.        ,0.08297205,0.16594409,0.24891614,0.33188818,0.41486023,0.49783227,0.58080432,0.66377636,0.74674841,0.82972045,0.9126925 ,0.99566454,1.07863659,1.16160863,1.24458068,1.32755272,1.41052477,1.49349681,1.57646886,1.6594409 ,1.74241295,1.82538499,1.90835704,1.99132908,2.07430113,2.15727317,2.24024522,2.32321726,2.40618931,2.48916135,2.5721334 ,2.65510544,2.73807749,2.82104953,2.90402158,2.98699362,3.06996567,3.15293771,3.23590976,3.3188818 
lul:2.23449843e+03,0.00000000e+00,0.00000000e+00,0.00000000e+00,0.00000000e+00,0.00000000e+00,0.00000000e+00,0.00000000e+00,0.00000000e+00,0.00000000e+00,0.00000000e+00,0.00000000e+00,0.00000000e+00,0.00000000e+00,0.00000000e+00,0.00000000e+00,0.00000000e+00,0.00000000e+00,0.00000000e+00,0.00000000e+00,0.00000000e+00,0.00000000e+00,0.00000000e+00,0.00000000e+00,0.00000000e+00,0.00000000e+00,0.00000000e+00,0.00000000e+00,0.00000000e+00,0.00000000e+00,0.00000000e+00,0.00000000e+00,0.00000000e+00,0.00000000e+00,0.00000000e+00,0.00000000e+00,9.74999143e+02,1.53489880e+00,2.59095752e+02,1.55653242e+02
lul_bin_edges:0.        ,0.0002758 ,0.00055161,0.00082741,0.00110321,0.00137901,0.00165482,0.00193062,0.00220642,0.00248222,0.00275803,0.00303383,0.00330963,0.00358543,0.00386124,0.00413704,0.00441284,0.00468864,0.00496445,0.00524025,0.00551605,0.00579185,0.00606766,0.00634346,0.00661926,0.00689507,0.00717087,0.00744667,0.00772247,0.00799828,0.00827408,0.00854988,0.00882568,0.00910149,0.00937729,0.00965309,0.00992889,0.0102047 ,0.0104805 ,0.0107563 ,0.0110321 
ldl: 714.83983902,   0.        ,   0.        ,   0.        ,   0.        ,   0.        ,   0.        ,   0.        ,   0.        ,   0.        ,   0.        ,   0.        ,   0.        ,   0.        ,   0.        ,   0.        ,   0.        ,   0.        ,   0.        ,   0.        ,   0.        ,   0.        ,   0.        ,   0.        ,   0.        ,   0.        ,   0.        ,   0.        ,   0.        ,   0.        ,   0.        ,   0.        ,   0.        ,   0.        ,   0.        ,   0.        ,2185.06743427,   3.62574521, 406.55480996, 315.69363509
ldl_bin_edges:0.        ,0.0002758 ,0.00055161,0.00082741,0.00110321,0.00137901,0.00165482,0.00193062,0.00220642,0.00248222,0.00275803,0.00303383,0.00330963,0.00358543,0.00386124,0.00413704,0.00441284,0.00468864,0.00496445,0.00524025,0.00551605,0.00579185,0.00606766,0.00634346,0.00661926,0.00689507,0.00717087,0.00744667,0.00772247,0.00799828,0.00827408,0.00854988,0.00882568,0.00910149,0.00937729,0.00965309,0.00992889,0.0102047 ,0.0104805 ,0.0107563 ,0.0110321 
ilul:1.44237033e+00,3.10716297e-03,1.75537689e-03,6.51580340e-04,1.50738735e-04,1.50738735e-04,3.50102869e-04,2.57714612e-04,1.79913975e-04,1.75051435e-04,3.35515250e-04,3.25790170e-04,3.16065090e-04,3.20927630e-04,3.25790170e-04,3.35515250e-04,3.25790170e-04,4.81391445e-04,6.07817481e-04,5.00841605e-04,3.50102869e-04,3.20927630e-04,1.89639054e-04,2.28539373e-04,3.16065090e-04,4.91116525e-04,7.00205739e-04,5.34879384e-04,4.37628587e-04,1.60463815e-04,1.65326355e-04,1.50738735e-04,0.00000000e+00,0.00000000e+00,0.00000000e+00,2.72302232e-04,3.54965409e-04,3.79278108e-04,3.54965409e-04,3.45240329e-04
ilul_bin_edges: 0.        , 0.68550595, 1.3710119 , 2.05651785, 2.7420238 , 3.42752975, 4.1130357 , 4.79854165, 5.4840476 , 6.16955355, 6.8550595 , 7.54056545, 8.2260714 , 8.91157735, 9.5970833 ,10.28258925,10.9680952 ,11.65360115,12.3391071 ,13.02461305,13.710119  ,14.39562495,15.0811309 ,15.76663685,16.4521428 ,17.13764875,17.8231547 ,18.50866065,19.1941666 ,19.87967255,20.5651785 ,21.25068445,21.9361904 ,22.62169635,23.3072023 ,23.99270825,24.6782142 ,25.36372015,26.0492261 ,26.73473205,27.420238  
ildl:7.48192269e+00,2.96017702e-03,2.73440081e-03,2.15741715e-03,2.23267589e-03,2.18250340e-03,2.03198592e-03,1.95672719e-03,1.37974353e-03,1.12888107e-03,1.00344984e-03,9.78363593e-04,1.07870858e-03,1.02853608e-03,1.15396731e-03,9.78363593e-04,8.78018609e-04,8.52932363e-04,8.78018609e-04,8.52932363e-04,7.77673625e-04,9.28191101e-04,8.78018609e-04,8.78018609e-04,9.03104855e-04,8.27846117e-04,9.03104855e-04,8.27846117e-04,9.28191101e-04,8.02759871e-04,8.78018609e-04,9.28191101e-04,9.03104855e-04,9.03104855e-04,7.27501133e-04,6.27156149e-04,5.76983657e-04,4.26466181e-04,4.76638673e-04,4.76638673e-04
ildl_bin_edges:0.        ,0.13287361,0.26574721,0.39862082,0.53149443,0.66436804,0.79724164,0.93011525,1.06298886,1.19586247,1.32873607,1.46160968,1.59448329,1.7273569 ,1.8602305 ,1.99310411,2.12597772,2.25885133,2.39172494,2.52459854,2.65747215,2.79034576,2.92321936,3.05609297,3.18896658,3.32184019,3.45471379,3.5875874 ,3.72046101,3.85333462,3.98620822,4.11908183,4.25195544,4.38482905,4.51770265,4.65057626,4.78344987,4.91632348,5.04919708,5.18207069,5.3149443 
eul: 0., 0., 0., 0., 0., 0., 0., 0., 0., 0., 0., 0., 0., 0., 0., 0., 0., 0., 0., 0.,40., 0., 0., 0., 0., 0., 0., 0., 0., 0., 0., 0., 0., 0., 0., 0., 0., 0., 0., 0.
eul_bin_edges:-0.5  ,-0.475,-0.45 ,-0.425,-0.4  ,-0.375,-0.35 ,-0.325,-0.3  ,-0.275,-0.25 ,-0.225,-0.2  ,-0.175,-0.15 ,-0.125,-0.1  ,-0.075,-0.05 ,-0.025, 0.   , 0.025, 0.05 , 0.075, 0.1  , 0.125, 0.15 , 0.175, 0.2  , 0.225, 0.25 , 0.275, 0.3  , 0.325, 0.35 , 0.375, 0.4  , 0.425, 0.45 , 0.475, 0.5  
edl: 0., 0., 0., 0., 0., 0., 0., 0., 0., 0., 0., 0., 0., 0., 0., 0., 0., 0., 0., 0.,40., 0., 0., 0., 0., 0., 0., 0., 0., 0., 0., 0., 0., 0., 0., 0., 0., 0., 0., 0.
edl_bin_edges:-0.5  ,-0.475,-0.45 ,-0.425,-0.4  ,-0.375,-0.35 ,-0.325,-0.3  ,-0.275,-0.25 ,-0.225,-0.2  ,-0.175,-0.15 ,-0.125,-0.1  ,-0.075,-0.05 ,-0.025, 0.   , 0.025, 0.05 , 0.075, 0.1  , 0.125, 0.15 , 0.175, 0.2  , 0.225, 0.25 , 0.275, 0.3  , 0.325, 0.35 , 0.375, 0.4  , 0.425, 0.45 , 0.475, 0.5  
gul:1.09050170e-03,0.00000000e+00,7.27001130e-04,0.00000000e+00,3.63500565e-04,7.27001130e-04,0.00000000e+00,7.27001130e-04,4.36200678e-03,4.43470689e-02,7.18927783e+01,7.19004118e-01,3.27150509e-02,2.90800452e-03,7.27001130e-04,3.63500565e-04,7.27001130e-04,2.18100339e-03,2.54450396e-03,1.96290305e-02,4.14390644e-02,3.59054953e+01,3.44598536e-01,1.49035232e-02,1.41765220e-02,2.18100339e-03,1.45400226e-03,0.00000000e+00,3.63500565e-04,0.00000000e+00,0.00000000e+00,0.00000000e+00,0.00000000e+00,3.63500565e-04,0.00000000e+00,0.00000000e+00,0.00000000e+00,0.00000000e+00,0.00000000e+00,3.63500565e-04
gul_bin_edges:0.        ,0.00917   ,0.01834   ,0.02751   ,0.03668   ,0.04585   ,0.05502   ,0.06419   ,0.07336   ,0.08253   ,0.0917    ,0.10086999,0.11003999,0.11920999,0.12837999,0.13754999,0.14671999,0.15588999,0.16505999,0.17422999,0.18339999,0.19256999,0.20173999,0.21090999,0.22007999,0.22924999,0.23841999,0.24758999,0.25675999,0.26592999,0.27509999,0.28426998,0.29343998,0.30260998,0.31177998,0.32094998,0.33011998,0.33928998,0.34845998,0.35762998,0.36679998
gdl:1.09050170e-03,0.00000000e+00,7.27001130e-04,0.00000000e+00,3.63500565e-04,7.27001130e-04,0.00000000e+00,7.27001130e-04,4.36200678e-03,4.43470689e-02,7.18927783e+01,7.19004118e-01,3.27150509e-02,2.90800452e-03,7.27001130e-04,3.63500565e-04,7.27001130e-04,2.18100339e-03,2.54450396e-03,1.96290305e-02,4.14390644e-02,3.59054953e+01,3.44598536e-01,1.49035232e-02,1.41765220e-02,2.18100339e-03,1.45400226e-03,0.00000000e+00,3.63500565e-04,0.00000000e+00,0.00000000e+00,0.00000000e+00,0.00000000e+00,3.63500565e-04,0.00000000e+00,0.00000000e+00,0.00000000e+00,0.00000000e+00,0.00000000e+00,3.63500565e-04
gdl_bin_edges:0.        ,0.00917   ,0.01834   ,0.02751   ,0.03668   ,0.04585   ,0.05502   ,0.06419   ,0.07336   ,0.08253   ,0.0917    ,0.10086999,0.11003999,0.11920999,0.12837999,0.13754999,0.14671999,0.15588999,0.16505999,0.17422999,0.18339999,0.19256999,0.20173999,0.21090999,0.22007999,0.22924999,0.23841999,0.24758999,0.25675999,0.26592999,0.27509999,0.28426998,0.29343998,0.30260998,0.31177998,0.32094998,0.33011998,0.33928998,0.34845998,0.35762998,0.36679998
ri: 0., 0., 0., 0., 0., 0., 0., 0., 0., 0., 0., 0., 0., 0., 0., 0., 0., 0., 0., 0.,40., 0., 0., 0., 0., 0., 0., 0., 0., 0., 0., 0., 0., 0., 0., 0., 0., 0., 0., 0.
ri_bin_edges:0.5  ,0.525,0.55 ,0.575,0.6  ,0.625,0.65 ,0.675,0.7  ,0.725,0.75 ,0.775,0.8  ,0.825,0.85 ,0.875,0.9  ,0.925,0.95 ,0.975,1.   ,1.025,1.05 ,1.075,1.1  ,1.125,1.15 ,1.175,1.2  ,1.225,1.25 ,1.275,1.3  ,1.325,1.35 ,1.375,1.4  ,1.425,1.45 ,1.475,1.5  
