period:1
ue_log_freq:1000
mac_log_freq:1000
mimo_layers:2
frequency:2412000000.0
bandwidth:50000000
ue_speed:5.555555555555555
max_distance:1000
shannon_cfg_bandwidth_mhz:50.0
shannon_cfg_mimo_layers:2
shannon_cfg_bw_efficiency:0.67
shannon_cfg_sinr_offset_db:0
shannon_cfg_ul_divisor:2
shannon_cfg_sinr_sample_rate:1000
n_ue:3
sinr_period:9.463597741343282
sinr_rate:105.66805852612856
ul_fairness:0.9911232736733676
dl_fairness:0.9973826491586107
ul_agg_throughput:1.825283188128775
dl_agg_throughput:1.5266865645024086
ul_ave_throughput:0.6084277293762583
dl_ave_throughput:0.5088955215008029
ul_se:0.036505663762575497
dl_se:0.03053373129004817
ul_ase:1.1620113677329139e-08
dl_ase:9.719188531701682e-09
ul_gr:0.09999881269604305, 0.09999881269604305, 0.19999762487555128
dl_gr:0.09999881269604305, 0.09999881269604305, 0.19999762487555128
ul_tr:0.08581081903328966, 0.08069188944305557, 0.1974852960386396
dl_tr:0.09998881884710156, 0.09414186650697494, 0.19997762169928304
ul_er:0.0, 0.0, 0.0
dl_er:0.0, 0.0, 0.0
ul_er_ratio:0.0, 0.0, 0.0
dl_er_ratio:0.0, 0.0, 0.0
ul_er_perc:0.0, 0.0, 0.0
dl_er_perc:0.0, 0.0, 0.0
ul_l:0.004419097826436736, 0.004498248458280417, 0.004849068698218018
dl_l:0.008035258550154498, 0.008165707225212747, 0.008687338043214567
ul_il:0.018231253245342548, 0.01816749315315847, 0.050216155013634856
dl_il:0.010729666486695134, 0.008526477130628693, 0.00953823655291447
sinr_ul:0.00454719,0.00812068,0.00454719,0.00312051,0.00863948,0.0150915 ,0.01657238,0.02448206,0.03014041,0.04364067,0.05578782,0.07067219,0.03349128,0.01876177,0.01028103,0.00677143,0.00604357,0.00634749,0.00693984,0.0030334 ,0.00170931,0.00170931,0.02080211,0.0196445 ,0.01970838,0.03838691,0.01429008,0.01065658,0.01721894,0.01634783,0.00398   ,0.00696888,0.00702695,0.00386966,0.00272754,0.00591387,0.00457817,0.00267915,0.00285337,0.00264237
sinr_ul_bin_edges:-17.608774  ,-15.88685022,-14.16492645,-12.44300268,-10.7210789 , -8.99915512, -7.27723135, -5.55530758, -3.8333838 , -2.11146002, -0.38953625,  1.33238753,  3.0543113 ,  4.77623507,  6.49815885,  8.22008262,  9.9420064 , 11.66393018, 13.38585395, 15.10777773, 16.8297015 , 18.55162528, 20.27354905, 21.99547283, 23.7173966 , 25.43932037, 27.16124415, 28.88316792, 30.6050917 , 32.32701547, 34.04893925, 35.77086302, 37.4927868 , 39.21471057, 40.93663435, 42.65855812, 44.3804819 , 46.10240567, 47.82432945, 49.54625323, 51.268177  
sinr_dl:0.00456133,0.00812559,0.00453809,0.00312284,0.0085883 ,0.01508761,0.01656481,0.02441355,0.03007648,0.04370819,0.05556454,0.07070055,0.0337027 ,0.0188358 ,0.01030945,0.0067781 ,0.00605015,0.00633862,0.00693879,0.0030667 ,0.0017134 ,0.00170759,0.02058211,0.01978446,0.01970508,0.03838793,0.01430738,0.01068117,0.01710884,0.01656869,0.00391081,0.00693685,0.00705883,0.00387984,0.00272789,0.00573651,0.00475493,0.00267949,0.0028518 ,0.002664  
sinr_dl_bin_edges:-8.060277 ,-6.3385725,-4.616868 ,-2.8951635,-1.173459 , 0.5482455, 2.26995  , 3.9916545, 5.713359 , 7.4350635, 9.156768 ,10.8784725,12.600177 ,14.3218815,16.043586 ,17.7652905,19.486995 ,21.2086995,22.930404 ,24.6521085,26.373813 ,28.0955175,29.817222 ,31.5389265,33.260631 ,34.9823355,36.70404  ,38.4257445,40.147449 ,41.8691535,43.590858 ,45.3125625,47.034267 ,48.7559715,50.477676 ,52.1993805,53.921085 ,55.6427895,57.364494 ,59.0861985,60.807903 
rsrp_ul:0.00457532,0.00812831,0.00452111,0.00313283,0.00854847,0.01508713,0.01654899,0.02437137,0.03003679,0.04375695,0.05538403,0.07073643,0.03385698,0.01888022,0.01033755,0.0067865 ,0.00604299,0.0063431 ,0.00693559,0.00309217,0.00171163,0.00171163,0.02041759,0.01988512,0.01970311,0.03838196,0.014332  ,0.01070156,0.01702337,0.01670389,0.00388796,0.00691429,0.00707887,0.00388602,0.00272815,0.00560733,0.00488899,0.00267975,0.0028482 ,0.00268168
rsrp_ul_bin_edges:-134.97386 ,-133.252322,-131.530784,-129.809246,-128.087708,-126.36617 ,-124.644632,-122.923094,-121.201556,-119.480018,-117.75848 ,-116.036942,-114.315404,-112.593866,-110.872328,-109.15079 ,-107.429252,-105.707714,-103.986176,-102.264638,-100.5431  , -98.821562, -97.100024, -95.378486, -93.656948, -91.93541 , -90.213872, -88.492334, -86.770796, -85.049258, -83.32772 , -81.606182, -79.884644, -78.163106, -76.441568, -74.72003 , -72.998492, -71.276954, -69.555416, -67.833878, -66.11234 
rsrp_dl:0.00457532,0.00812637,0.00452304,0.00313283,0.00854847,0.0150852 ,0.01655092,0.02437137,0.03003679,0.04375694,0.05538402,0.07073448,0.03385891,0.01888021,0.01033755,0.0067865 ,0.00604298,0.0063431 ,0.00693559,0.00309216,0.00171163,0.00171163,0.02041758,0.01988512,0.01970311,0.03838196,0.014332  ,0.01069963,0.0170253 ,0.01670389,0.00388796,0.00691429,0.00707887,0.00388602,0.00272815,0.00560733,0.00488899,0.00267975,0.0028482 ,0.00268168
rsrp_dl_bin_edges:-128.77599   ,-127.05445175,-125.3329135 ,-123.61137525,-121.889837  ,-120.16829875,-118.4467605 ,-116.72522225,-115.003684  ,-113.28214575,-111.5606075 ,-109.83906925,-108.117531  ,-106.39599275,-104.6744545 ,-102.95291625,-101.231378  , -99.50983975, -97.7883015 , -96.06676325, -94.345225  , -92.62368675, -90.9021485 , -89.18061025, -87.459072  , -85.73753375, -84.0159955 , -82.29445725, -80.572919  , -78.85138075, -77.1298425 , -75.40830425, -73.686766  , -71.96522775, -70.2436895 , -68.52215125, -66.800613  , -65.07907475, -63.3575365 , -61.63599825, -59.91446   
cqi_ul:1.30120477,0.        ,0.27581946,0.        ,0.        ,0.08074586,0.        ,0.        ,0.05833719,0.        ,0.01573318,0.        ,0.        ,0.00871102,0.        ,0.        ,0.00535995,0.        ,0.10409674,0.        ,0.        ,0.09207019,0.        ,0.        ,0.12090546,0.        ,0.16340281,0.        ,0.        ,0.04852396,0.        ,0.        ,0.06359048,0.        ,0.07940365,0.        ,0.        ,0.05843497,0.        ,0.19032699
cqi_ul_bin_edges: 0.   , 0.375, 0.75 , 1.125, 1.5  , 1.875, 2.25 , 2.625, 3.   , 3.375, 3.75 , 4.125, 4.5  , 4.875, 5.25 , 5.625, 6.   , 6.375, 6.75 , 7.125, 7.5  , 7.875, 8.25 , 8.625, 9.   , 9.375, 9.75 ,10.125,10.5  ,10.875,11.25 ,11.625,12.   ,12.375,12.75 ,13.125,13.5  ,13.875,14.25 ,14.625,15.   
cqi_dl:0.23430877,0.        ,0.27605057,0.        ,0.        ,0.64938906,0.        ,0.        ,0.34823652,0.        ,0.07161706,0.        ,0.        ,0.03887072,0.        ,0.        ,0.01884426,0.        ,0.03281745,0.        ,0.        ,0.0345241 ,0.        ,0.        ,0.02463975,0.        ,0.00844436,0.        ,0.        ,0.0061866 ,0.        ,0.        ,0.07175039,0.        ,0.11838104,0.        ,0.        ,0.08083475,0.        ,0.65177126
cqi_dl_bin_edges: 0.   , 0.375, 0.75 , 1.125, 1.5  , 1.875, 2.25 , 2.625, 3.   , 3.375, 3.75 , 4.125, 4.5  , 4.875, 5.25 , 5.625, 6.   , 6.375, 6.75 , 7.125, 7.5  , 7.875, 8.25 , 8.625, 9.   , 9.375, 9.75 ,10.125,10.5  ,10.875,11.25 ,11.625,12.   ,12.375,12.75 ,13.125,13.5  ,13.875,14.25 ,14.625,15.   
mcs_ul:0.84483441,0.02526165,0.01799506,0.        ,0.01627603,0.01497604,0.        ,0.00616661,0.00226188,0.        ,0.00239045,0.00227617,0.00146665,0.        ,0.00140475,0.00837134,0.        ,0.04739476,0.02671878,0.        ,0.02260454,0.03359014,0.03118064,0.        ,0.06596125,0.02157597,0.        ,0.01285701,0.0131332 ,0.        ,0.01515699,0.0189141 ,0.02680449,0.        ,0.01573318,0.0271664 ,0.        ,0.00413805,0.        ,0.10196089
mcs_ul_bin_edges: 0. , 0.7, 1.4, 2.1, 2.8, 3.5, 4.2, 4.9, 5.6, 6.3, 7. , 7.7, 8.4, 9.1, 9.8,10.5,11.2,11.9,12.6,13.3,14. ,14.7,15.4,16.1,16.8,17.5,18.2,18.9,19.6,20.3,21. ,21.7,22.4,23.1,23.8,24.5,25.2,25.9,26.6,27.3,28. 
mcs_dl:0.27340679,0.15247467,0.19541233,0.        ,0.13013203,0.05642325,0.        ,0.02218549,0.01618079,0.        ,0.01143322,0.00939038,0.00515709,0.        ,0.00493805,0.00899039,0.        ,0.00859039,0.00905229,0.        ,0.00944276,0.00967133,0.00352854,0.        ,0.00224283,0.00228093,0.        ,0.00163808,0.00167141,0.        ,0.00273331,0.03570917,0.03702344,0.        ,0.02639497,0.02270453,0.        ,0.02059979,0.        ,0.34916318
mcs_dl_bin_edges: 0. , 0.7, 1.4, 2.1, 2.8, 3.5, 4.2, 4.9, 5.6, 6.3, 7. , 7.7, 8.4, 9.1, 9.8,10.5,11.2,11.9,12.6,13.3,14. ,14.7,15.4,16.1,16.8,17.5,18.2,18.9,19.6,20.3,21. ,21.7,22.4,23.1,23.8,24.5,25.2,25.9,26.6,27.3,28. 
eff_ul:2.63533363,0.55861793,0.09550332,0.06803149,0.06153258,0.        ,0.0566179 ,0.02331325,0.        ,0.00855119,0.00903726,0.0086052 ,0.00554477,0.00531074,0.03164842,0.        ,0.179179  ,0.10101209,0.        ,0.08545792,0.        ,0.12698972,0.11788044,0.        ,0.24937079,0.        ,0.08156938,0.04860678,0.04965093,0.05730199,0.        ,0.07150598,0.        ,0.10133614,0.        ,0.0594803 ,0.        ,0.10270433,0.01564418,0.38546977
eff_ul_bin_edges:0.       ,0.1851575,0.370315 ,0.5554725,0.74063  ,0.9257875,1.110945 ,1.2961025,1.48126  ,1.6664175,1.851575 ,2.0367325,2.22189  ,2.4070475,2.592205 ,2.7773625,2.96252  ,3.1476775,3.332835 ,3.5179925,3.70315  ,3.8883075,4.073465 ,4.2586225,4.44378  ,4.6289375,4.814095 ,4.9992525,5.18441  ,5.3695675,5.554725 ,5.7398825,5.92504  ,6.1101975,6.295355 ,6.4805125,6.66567  ,6.8508275,7.035985 ,7.2211425,7.4063   
eff_dl:0.4745462 ,0.55908599,0.57644041,0.73876906,0.49197263,0.        ,0.21331176,0.0838737 ,0.        ,0.06117253,0.04322403,0.03550095,0.01949672,0.0186686 ,0.03398874,0.        ,0.03247653,0.03422277,0.        ,0.03569898,0.        ,0.0365631 ,0.01333986,0.        ,0.00847918,0.        ,0.0086232 ,0.00619286,0.00631888,0.01033344,0.        ,0.13500083,0.        ,0.13996953,0.        ,0.09978792,0.        ,0.08583597,0.07787886,1.32003415
eff_dl_bin_edges:0.       ,0.1851575,0.370315 ,0.5554725,0.74063  ,0.9257875,1.110945 ,1.2961025,1.48126  ,1.6664175,1.851575 ,2.0367325,2.22189  ,2.4070475,2.592205 ,2.7773625,2.96252  ,3.1476775,3.332835 ,3.5179925,3.70315  ,3.8883075,4.073465 ,4.2586225,4.44378  ,4.6289375,4.814095 ,4.9992525,5.18441  ,5.3695675,5.554725 ,5.7398825,5.92504  ,6.1101975,6.295355 ,6.4805125,6.66567  ,6.8508275,7.035985 ,7.2211425,7.4063   
rul:1.43267882e+00,4.79204876e-06,4.79204876e-06,0.00000000e+00,0.00000000e+00,9.58409752e-06,4.79204876e-06,1.43761463e-05,0.00000000e+00,9.58409752e-06,0.00000000e+00,4.79204876e-06,9.58409752e-06,9.58409752e-06,0.00000000e+00,4.79204876e-06,9.58409752e-06,0.00000000e+00,4.79204876e-06,9.72785899e-04,3.32568184e-03,0.00000000e+00,0.00000000e+00,0.00000000e+00,0.00000000e+00,0.00000000e+00,4.79204876e-06,0.00000000e+00,0.00000000e+00,0.00000000e+00,0.00000000e+00,0.00000000e+00,0.00000000e+00,0.00000000e+00,0.00000000e+00,0.00000000e+00,0.00000000e+00,0.00000000e+00,0.00000000e+00,5.55877656e-04
rul_bin_edges: 0.        , 0.69558975, 1.3911795 , 2.08676925, 2.782359  , 3.47794875, 4.1735385 , 4.86912825, 5.564718  , 6.26030775, 6.9558975 , 7.65148725, 8.347077  , 9.04266675, 9.7382565 ,10.43384625,11.129436  ,11.82502575,12.5206155 ,13.21620525,13.911795  ,14.60738475,15.3029745 ,15.99856425,16.694154  ,17.38974375,18.0853335 ,18.78092325,19.476513  ,20.17210275,20.8676925 ,21.56328225,22.258872  ,22.95446175,23.6500515 ,24.34564125,25.041231  ,25.73682075,26.4324105 ,27.12800025,27.82359   
rdl:1.54507092e+00,0.00000000e+00,0.00000000e+00,0.00000000e+00,0.00000000e+00,0.00000000e+00,0.00000000e+00,5.15322528e-06,5.15322528e-06,5.15322528e-06,5.15322528e-06,5.15322528e-06,0.00000000e+00,5.15322528e-06,5.15322528e-06,0.00000000e+00,0.00000000e+00,5.15322528e-06,0.00000000e+00,4.94709627e-04,2.57661264e-04,0.00000000e+00,0.00000000e+00,0.00000000e+00,0.00000000e+00,0.00000000e+00,0.00000000e+00,5.15322528e-06,0.00000000e+00,0.00000000e+00,0.00000000e+00,0.00000000e+00,0.00000000e+00,0.00000000e+00,0.00000000e+00,0.00000000e+00,0.00000000e+00,0.00000000e+00,0.00000000e+00,1.13370956e-04
rdl_bin_edges: 0.        , 0.64683763, 1.29367525, 1.94051288, 2.5873505 , 3.23418813, 3.88102575, 4.52786338, 5.174701  , 5.82153863, 6.46837625, 7.11521388, 7.7620515 , 8.40888913, 9.05572675, 9.70256438,10.349402  ,10.99623963,11.64307725,12.28991488,12.9367525 ,13.58359013,14.23042775,14.87726538,15.524103  ,16.17094063,16.81777825,17.46461588,18.1114535 ,18.75829113,19.40512875,20.05196638,20.698804  ,21.34564163,21.99247925,22.63931688,23.2861545 ,23.93299213,24.57982975,25.22666738,25.873505  
lul:2.00019223e+03,0.00000000e+00,0.00000000e+00,0.00000000e+00,0.00000000e+00,0.00000000e+00,0.00000000e+00,0.00000000e+00,0.00000000e+00,0.00000000e+00,0.00000000e+00,0.00000000e+00,0.00000000e+00,0.00000000e+00,0.00000000e+00,0.00000000e+00,0.00000000e+00,0.00000000e+00,0.00000000e+00,0.00000000e+00,0.00000000e+00,0.00000000e+00,0.00000000e+00,0.00000000e+00,0.00000000e+00,0.00000000e+00,0.00000000e+00,0.00000000e+00,0.00000000e+00,0.00000000e+00,0.00000000e+00,0.00000000e+00,0.00000000e+00,0.00000000e+00,0.00000000e+00,0.00000000e+00,1.18376202e+03,7.63154739e-01,2.26136074e+02,2.23253045e+02
lul_bin_edges:0.        ,0.00027517,0.00055034,0.00082551,0.00110068,0.00137585,0.00165102,0.0019262 ,0.00220137,0.00247654,0.00275171,0.00302688,0.00330205,0.00357722,0.00385239,0.00412756,0.00440273,0.0046779 ,0.00495307,0.00522825,0.00550342,0.00577859,0.00605376,0.00632893,0.0066041 ,0.00687927,0.00715444,0.00742961,0.00770478,0.00797995,0.00825512,0.00853029,0.00880547,0.00908064,0.00935581,0.00963098,0.00990615,0.01018132,0.01045649,0.01073166,0.01100683
ldl:6.76714441e+02,0.00000000e+00,0.00000000e+00,0.00000000e+00,0.00000000e+00,0.00000000e+00,0.00000000e+00,0.00000000e+00,0.00000000e+00,0.00000000e+00,0.00000000e+00,0.00000000e+00,0.00000000e+00,0.00000000e+00,0.00000000e+00,0.00000000e+00,0.00000000e+00,0.00000000e+00,0.00000000e+00,0.00000000e+00,0.00000000e+00,0.00000000e+00,0.00000000e+00,0.00000000e+00,0.00000000e+00,0.00000000e+00,0.00000000e+00,0.00000000e+00,0.00000000e+00,0.00000000e+00,0.00000000e+00,0.00000000e+00,0.00000000e+00,0.00000000e+00,0.00000000e+00,0.00000000e+00,2.19565788e+03,1.40389654e+00,3.56299260e+02,4.00727745e+02
ldl_bin_edges:0.        ,0.00027542,0.00055084,0.00082626,0.00110168,0.00137711,0.00165253,0.00192795,0.00220337,0.00247879,0.00275421,0.00302963,0.00330505,0.00358047,0.0038559 ,0.00413132,0.00440674,0.00468216,0.00495758,0.005233  ,0.00550842,0.00578384,0.00605927,0.00633469,0.00661011,0.00688553,0.00716095,0.00743637,0.00771179,0.00798721,0.00826263,0.00853806,0.00881348,0.0090889 ,0.00936432,0.00963974,0.00991516,0.01019058,0.010466  ,0.01074142,0.01101685
ilul:1.85662548e+00,5.71126120e-04,4.96631409e-04,3.72473556e-04,3.22810416e-04,1.55197315e-04,1.48989423e-04,1.42781530e-04,1.61405208e-04,1.55197315e-04,1.36573637e-04,1.36573637e-04,1.36573637e-04,1.48989423e-04,1.80028886e-04,1.67613100e-04,1.80028886e-04,1.30365745e-04,1.42781530e-04,1.30365745e-04,1.17949960e-04,1.36573637e-04,8.69104965e-05,9.31183891e-05,7.44947113e-05,9.31183891e-05,8.07026039e-05,8.69104965e-05,8.69104965e-05,9.31183891e-05,8.69104965e-05,6.82868187e-05,7.44947113e-05,6.20789261e-05,9.93262817e-05,9.93262817e-05,1.11742067e-04,9.93262817e-05,4.96631409e-05,4.34552483e-05
ilul_bin_edges: 0.       , 0.5369455, 1.073891 , 1.6108365, 2.147782 , 2.6847275, 3.221673 , 3.7586185, 4.295564 , 4.8325095, 5.369455 , 5.9064005, 6.443346 , 6.9802915, 7.517237 , 8.0541825, 8.591128 , 9.1280735, 9.665019 ,10.2019645,10.73891  ,11.2758555,11.812801 ,12.3497465,12.886692 ,13.4236375,13.960583 ,14.4975285,15.034474 ,15.5714195,16.108365 ,16.6453105,17.182256 ,17.7192015,18.256147 ,18.7930925,19.330038 ,19.8669835,20.403929 ,20.9408745,21.47782  
ildl:4.96924985e+00,1.82298800e-04,1.82298800e-04,2.15444036e-04,1.32580946e-04,1.32580946e-04,1.32580946e-04,9.94357091e-05,1.32580946e-04,1.16008327e-04,9.94357091e-05,9.94357091e-05,1.32580946e-04,1.16008327e-04,8.28630910e-05,8.28630910e-05,6.62904728e-05,3.31452364e-05,1.65726182e-05,3.31452364e-05,3.31452364e-05,1.65726182e-05,3.31452364e-05,1.65726182e-05,1.65726182e-05,1.65726182e-05,3.31452364e-05,3.31452364e-05,1.65726182e-05,3.31452364e-05,1.65726182e-05,3.31452364e-05,1.65726182e-05,3.31452364e-05,1.65726182e-05,1.65726182e-05,3.31452364e-05,1.65726182e-05,3.31452364e-05,3.31452364e-05
ildl_bin_edges:0.        ,0.20113297,0.40226595,0.60339893,0.8045319 ,1.00566487,1.20679785,1.40793082,1.6090638 ,1.81019677,2.01132975,2.21246272,2.4135957 ,2.61472867,2.81586165,3.01699462,3.2181276 ,3.41926058,3.62039355,3.82152652,4.0226595 ,4.22379247,4.42492545,4.62605843,4.8271914 ,5.02832437,5.22945735,5.43059032,5.6317233 ,5.83285628,6.03398925,6.23512222,6.4362552 ,6.63738817,6.83852115,7.03965412,7.2407871 ,7.44192007,7.64305305,7.84418602,8.045319  
eul: 0., 0., 0., 0., 0., 0., 0., 0., 0., 0., 0., 0., 0., 0., 0., 0., 0., 0., 0., 0.,40., 0., 0., 0., 0., 0., 0., 0., 0., 0., 0., 0., 0., 0., 0., 0., 0., 0., 0., 0.
eul_bin_edges:-0.5  ,-0.475,-0.45 ,-0.425,-0.4  ,-0.375,-0.35 ,-0.325,-0.3  ,-0.275,-0.25 ,-0.225,-0.2  ,-0.175,-0.15 ,-0.125,-0.1  ,-0.075,-0.05 ,-0.025, 0.   , 0.025, 0.05 , 0.075, 0.1  , 0.125, 0.15 , 0.175, 0.2  , 0.225, 0.25 , 0.275, 0.3  , 0.325, 0.35 , 0.375, 0.4  , 0.425, 0.45 , 0.475, 0.5  
edl: 0., 0., 0., 0., 0., 0., 0., 0., 0., 0., 0., 0., 0., 0., 0., 0., 0., 0., 0., 0.,40., 0., 0., 0., 0., 0., 0., 0., 0., 0., 0., 0., 0., 0., 0., 0., 0., 0., 0., 0.
edl_bin_edges:-0.5  ,-0.475,-0.45 ,-0.425,-0.4  ,-0.375,-0.35 ,-0.325,-0.3  ,-0.275,-0.25 ,-0.225,-0.2  ,-0.175,-0.15 ,-0.125,-0.1  ,-0.075,-0.05 ,-0.025, 0.   , 0.025, 0.05 , 0.075, 0.1  , 0.125, 0.15 , 0.175, 0.2  , 0.225, 0.25 , 0.275, 0.3  , 0.325, 0.35 , 0.375, 0.4  , 0.425, 0.45 , 0.475, 0.5  
gul:1.25548023e-03,0.00000000e+00,0.00000000e+00,0.00000000e+00,0.00000000e+00,3.34794727e-03,1.67397363e-03,1.67397363e-03,2.51096045e-03,1.08808286e-02,1.00438418e-02,4.68712618e-02,8.35137077e+01,7.86767608e-02,1.17178154e-02,1.00438418e-02,4.60342750e-03,1.67397363e-03,4.18493409e-03,6.27740113e-03,3.34794727e-03,2.09246704e-03,6.27740113e-03,1.67397363e-02,8.61677929e-01,4.08951759e+01,3.22239925e-02,6.69589454e-03,3.76644068e-03,1.67397363e-03,2.92945386e-03,2.09246704e-03,1.25548023e-03,8.36986817e-04,0.00000000e+00,4.18493409e-04,1.25548023e-03,0.00000000e+00,4.18493409e-04,1.25548023e-03
gul_bin_edges:0.      ,0.007965,0.01593 ,0.023895,0.03186 ,0.039825,0.04779 ,0.055755,0.06372 ,0.071685,0.07965 ,0.087615,0.09558 ,0.103545,0.11151 ,0.119475,0.12744 ,0.135405,0.14337 ,0.151335,0.1593  ,0.167265,0.17523 ,0.183195,0.19116 ,0.199125,0.20709 ,0.215055,0.22302 ,0.230985,0.23895 ,0.246915,0.25488 ,0.262845,0.27081 ,0.278775,0.28674 ,0.294705,0.30267 ,0.310635,0.3186  
gdl:1.25548023e-03,0.00000000e+00,0.00000000e+00,0.00000000e+00,0.00000000e+00,3.34794727e-03,1.67397363e-03,1.67397363e-03,2.51096045e-03,1.08808286e-02,1.00438418e-02,4.68712618e-02,8.35137077e+01,7.86767608e-02,1.17178154e-02,1.00438418e-02,4.60342750e-03,1.67397363e-03,4.18493409e-03,6.27740113e-03,3.34794727e-03,2.09246704e-03,6.27740113e-03,1.67397363e-02,8.61677929e-01,4.08951759e+01,3.22239925e-02,6.69589454e-03,3.76644068e-03,1.67397363e-03,2.92945386e-03,2.09246704e-03,1.25548023e-03,8.36986817e-04,0.00000000e+00,4.18493409e-04,1.25548023e-03,0.00000000e+00,4.18493409e-04,1.25548023e-03
gdl_bin_edges:0.      ,0.007965,0.01593 ,0.023895,0.03186 ,0.039825,0.04779 ,0.055755,0.06372 ,0.071685,0.07965 ,0.087615,0.09558 ,0.103545,0.11151 ,0.119475,0.12744 ,0.135405,0.14337 ,0.151335,0.1593  ,0.167265,0.17523 ,0.183195,0.19116 ,0.199125,0.20709 ,0.215055,0.22302 ,0.230985,0.23895 ,0.246915,0.25488 ,0.262845,0.27081 ,0.278775,0.28674 ,0.294705,0.30267 ,0.310635,0.3186  
ri: 0., 0., 0., 0., 0., 0., 0., 0., 0., 0., 0., 0., 0., 0., 0., 0., 0., 0., 0., 0.,40., 0., 0., 0., 0., 0., 0., 0., 0., 0., 0., 0., 0., 0., 0., 0., 0., 0., 0., 0.
ri_bin_edges:0.5  ,0.525,0.55 ,0.575,0.6  ,0.625,0.65 ,0.675,0.7  ,0.725,0.75 ,0.775,0.8  ,0.825,0.85 ,0.875,0.9  ,0.925,0.95 ,0.975,1.   ,1.025,1.05 ,1.075,1.1  ,1.125,1.15 ,1.175,1.2  ,1.225,1.25 ,1.275,1.3  ,1.325,1.35 ,1.375,1.4  ,1.425,1.45 ,1.475,1.5  
