period:1.0
ue_log_freq:1000
mac_log_freq:1000
mimo_layers:2
frequency:2000000000.0
bandwidth:10000000.0
ue_speed:0.41667
max_distance:500.0
shannon_cfg_bandwidth_mhz:10.0
shannon_cfg_mimo_layers:2
shannon_cfg_bw_efficiency:0.67
shannon_cfg_sinr_offset_db:0.0
shannon_cfg_ul_divisor:2.0
shannon_cfg_sinr_sample_rate:1000
n_ue:200
sinr_period:152.17343429332567
sinr_rate:6.571449245683877
ul_fairness:0.11968382361284328
dl_fairness:0.12499999999999999
ul_agg_throughput:12.13787650917994
dl_agg_throughput:39.68146117524804
ul_ave_throughput:0.0606893825458997
dl_ave_throughput:0.1984073058762402
ul_se:1.213787650917994
dl_se:3.968146117524804
ul_ase:1.5454424360599893e-06
dl_ase:5.052400556119886e-06
ul_gr:0.03499962407037805, 0.03499962617660163, 0.03499962407037805, 0.034999634243374884, 0.034999634243374884, 0.034999634243374884, 0.034999634243374884, 0.034999634243374884, 0.034999634243374884, 0.034999634243374884, 0.03499963423971307, 0.03499963423971307, 0.03499963423971307, 0.03499962441703127, 0.03499963423971307, 0.03499963423971307, 0.03499963423971307, 0.03499963423971307, 0.03499963423971307, 0.03499963423971307, 0.034999634243374884, 0.03499963423971307, 0.03499963423971307, 0.034999634243374884, 0.03499962406661428, 0.034999634243374884, 0.03499963423971307, 0.03499963424703663, 0.03499963423971307, 0.03499963423971307, 0.03499963423971307, 0.03499963423971307, 0.03499963423971307, 0.03499963423971307, 0.03499963423971307, 0.03499962581869926, 0.03499963423971307, 0.034999634590119545, 0.03499963423971307, 0.03499963423971307, 0.03499963423971307, 0.03499963423605118, 0.03499963423971307, 0.03499963423605118, 0.034999634590119545, 0.03499963459377785, 0.03499962406661428, 0.03499963423605118, 0.03499963423971307, 0.03499963423605118, 0.03499963423971307, 0.03499963459377785, 0.03499963423605118, 0.034999634590119545, 0.03499963423605118, 0.03499963423605118, 0.03499963423605118, 0.03499962370866248, 0.03499963423605118, 0.03499963423605118, 0.03499963423605118, 0.03499963423605118, 0.03499963423605118, 0.034999634590119545, 0.03499963423605118, 0.03499963423605118, 0.034999634590119545, 0.03499963423605118, 0.03499962406661428, 0.03499963423605118, 0.034999634590119545, 0.03499963423605118, 0.03499963423605118, 0.03499963423605118, 0.03499963423605118, 0.03499963423605118, 0.03499963423605118, 0.03499963423605118, 0.03499963423605118, 0.03499962371619728, 0.03499963423605118, 0.03499963459377785, 0.034999634590119545, 0.03499963423605118, 0.034999634590119545, 0.03499963424337488, 0.03499963423605118, 0.03499963423605118, 0.03499963423605118, 0.03499963423971307, 0.03499962406661428, 0.03499963423971307, 0.03499963423605118, 0.034999634590119545, 0.03499963423605118, 0.03499963423605118, 0.03499963423605118, 0.03499963423605118, 0.03499963423605118, 0.03499963423605118, 0.03499963423605118, 0.03499962370866248, 0.03499963423605118, 0.03499963423605118, 0.03499963423605118, 0.03499963423605118, 0.03499963423605118, 0.03499963423605118, 0.03499963423238922, 0.03499963423605118, 0.03499963423605118, 0.03499963423605118, 0.03499962617660163, 0.03499962405908649, 0.03499962581495295, 0.03499962371242992, 0.03499962336578028, 0.03499962370866248, 0.034999625814952945, 0.0349996240553225, 0.0349996240553225, 0.0349996240553225, 0.03499962370866248, 0.03499962582993773, 0.03499962335446745, 0.0349996240553225, 0.0349996240553225, 0.03499962370489497, 0.03499962370489497, 0.03499962405155842, 0.03499962405155842, 0.03499962405155842, 0.03499962370489497, 0.03499962405155842, 0.034999626172858976, 0.03499962405155842, 0.03499962405155842, 0.03499962405155842, 0.034999626157887626, 0.03499962405155842, 0.034999626858742666, 0.03499963105648504, 0.034999626157887626, 0.034999623697359726, 0.03499962650457563, 0.03499962862575339, 0.034999623697359726, 0.034999616684831036, 0.034999623697359726, 0.034999630702352943, 0.034999626858742666, 0.034999623697359726, 0.034999623697359726, 0.034999630702352943, 0.034999630702352943, 0.034999630355615964, 0.03499962407037805, 0.034999630702352943, 0.03499963141061005, 0.0349996307060505, 0.034999630355615964, 0.03499963175735412, 0.034999633162765206, 0.034999633162765206, 0.03499962369359199, 0.03499963350952681, 0.03499963351686558, 0.03499962407037805, 0.0349996307060505, 0.03499963105648504, 0.03499963105648504, 0.034999634564489325, 0.03499963035931696, 0.034999630702352943, 0.03499962579622028, 0.03499963350952681, 0.03499963561580244, 0.03499963561215407, 0.03499962617660163, 0.034999626858742666, 0.03499962440198945, 0.03499962474490613, 0.03499963142539122, 0.034999627220367244, 0.03499963388197573, 0.034999627216634965, 0.034999634243374884, 0.034999634243374884, 0.034999634243374884, 0.03499962407037805, 0.034999634243374884, 0.034999634243374884, 0.034999634243374884, 0.034999634243374884, 0.034999634243374884, 0.034999634243374884, 0.034999634243374884, 0.034999634243374884, 0.034999634243374884, 0.034999634243374884
dl_gr:0.03499962407037805, 0.03499962617660163, 0.03499962407037805, 0.034999634243374884, 0.034999634243374884, 0.034999634243374884, 0.034999634243374884, 0.034999634243374884, 0.034999634243374884, 0.034999634243374884, 0.03499963423971307, 0.03499963423971307, 0.03499963423971307, 0.03499962441703127, 0.03499963423971307, 0.03499963423971307, 0.03499963423971307, 0.03499963423971307, 0.03499963423971307, 0.03499963423971307, 0.034999634243374884, 0.03499963423971307, 0.03499963423971307, 0.034999634243374884, 0.03499962406661428, 0.034999634243374884, 0.03499963423971307, 0.03499963424703663, 0.03499963423971307, 0.03499963423971307, 0.03499963423971307, 0.03499963423971307, 0.03499963423971307, 0.03499963423971307, 0.03499963423971307, 0.03499962581869926, 0.03499963423971307, 0.034999634590119545, 0.03499963423971307, 0.03499963423971307, 0.03499963423971307, 0.03499963423605118, 0.03499963423971307, 0.03499963423605118, 0.034999634590119545, 0.03499963459377785, 0.03499962406661428, 0.03499963423605118, 0.03499963423971307, 0.03499963423605118, 0.03499963423971307, 0.03499963459377785, 0.03499963423605118, 0.034999634590119545, 0.03499963423605118, 0.03499963423605118, 0.03499963423605118, 0.03499962370866248, 0.03499963423605118, 0.03499963423605118, 0.03499963423605118, 0.03499963423605118, 0.03499963423605118, 0.034999634590119545, 0.03499963423605118, 0.03499963423605118, 0.034999634590119545, 0.03499963423605118, 0.03499962406661428, 0.03499963423605118, 0.034999634590119545, 0.03499963423605118, 0.03499963423605118, 0.03499963423605118, 0.03499963423605118, 0.03499963423605118, 0.03499963423605118, 0.03499963423605118, 0.03499963423605118, 0.03499962371619728, 0.03499963423605118, 0.03499963459377785, 0.034999634590119545, 0.03499963423605118, 0.034999634590119545, 0.03499963424337488, 0.03499963423605118, 0.03499963423605118, 0.03499963423605118, 0.03499963423971307, 0.03499962406661428, 0.03499963423971307, 0.03499963423605118, 0.034999634590119545, 0.03499963423605118, 0.03499963423605118, 0.03499963423605118, 0.03499963423605118, 0.03499963423605118, 0.03499963423605118, 0.03499963423605118, 0.03499962370866248, 0.03499963423605118, 0.03499963423605118, 0.03499963423605118, 0.03499963423605118, 0.03499963423605118, 0.03499963423605118, 0.03499963423238922, 0.03499963423605118, 0.03499963423605118, 0.03499963423605118, 0.03499962617660163, 0.03499962405908649, 0.03499962581495295, 0.03499962371242992, 0.03499962336578028, 0.03499962370866248, 0.034999625814952945, 0.0349996240553225, 0.0349996240553225, 0.0349996240553225, 0.03499962370866248, 0.03499962582993773, 0.03499962335446745, 0.0349996240553225, 0.0349996240553225, 0.03499962370489497, 0.03499962370489497, 0.03499962405155842, 0.03499962405155842, 0.03499962405155842, 0.03499962370489497, 0.03499962405155842, 0.034999626172858976, 0.03499962405155842, 0.03499962405155842, 0.03499962405155842, 0.034999626157887626, 0.03499962405155842, 0.034999626858742666, 0.03499963105648504, 0.034999626157887626, 0.034999623697359726, 0.03499962650457563, 0.03499962862575339, 0.034999623697359726, 0.034999616684831036, 0.034999623697359726, 0.034999630702352943, 0.034999626858742666, 0.034999623697359726, 0.034999623697359726, 0.034999630702352943, 0.034999630702352943, 0.034999630355615964, 0.03499962407037805, 0.034999630702352943, 0.03499963141061005, 0.0349996307060505, 0.034999630355615964, 0.03499963175735412, 0.034999633162765206, 0.034999633162765206, 0.03499962369359199, 0.03499963350952681, 0.03499963351686558, 0.03499962407037805, 0.0349996307060505, 0.03499963105648504, 0.03499963105648504, 0.034999634564489325, 0.03499963035931696, 0.034999630702352943, 0.03499962579622028, 0.03499963350952681, 0.03499963561580244, 0.03499963561215407, 0.03499962617660163, 0.034999626858742666, 0.03499962440198945, 0.03499962474490613, 0.03499963142539122, 0.034999627220367244, 0.03499963388197573, 0.034999627216634965, 0.034999634243374884, 0.034999634243374884, 0.034999634243374884, 0.03499962407037805, 0.034999634243374884, 0.034999634243374884, 0.034999634243374884, 0.034999634243374884, 0.034999634243374884, 0.034999634243374884, 0.034999634243374884, 0.034999634243374884, 0.034999634243374884, 0.034999634243374884
ul_tr:0.029048776474299678, 0.0, 0.0, 0.026585755959393303, 0.0009913008471942736, 0.0, 0.022452516868148375, 0.0, 0.0, 0.0, 0.0, 0.0, 0.0, 0.0, 0.0, 0.0, 0.0, 0.0, 0.0, 0.0, 0.0, 0.03500802997057587, 0.0, 0.0, 0.0, 0.0, 0.0, 0.0, 0.0, 0.0, 0.0, 0.0, 0.02882018751647912, 0.0, 0.0, 0.0, 0.0, 0.027595023593628608, 0.0, 0.0, 0.0, 0.0, 0.0, 0.0, 0.0, 0.0, 0.0003149155500745888, 0.0, 0.0, 0.0, 0.0, 0.0, 0.0, 0.0, 0.0, 0.026241433830731957, 0.0, 0.0, 0.0, 0.0, 0.0, 0.0, 0.0, 0.0, 0.0, 0.0, 0.0, 0.0, 0.0, 0.0, 0.0, 0.0, 0.0, 0.0, 0.0, 0.0, 0.0, 0.0, 0.0, 0.0, 0.0, 0.0, 0.0, 0.0, 0.026123728950107127, 0.0, 0.0, 0.0, 0.03499892535362374, 0.0, 0.0, 0.012203393609476993, 0.03499892535362374, 0.0, 0.0, 0.0, 0.0, 0.027720372503894558, 0.0, 0.021234369644333874, 0.025082100198637405, 0.0, 0.0, 0.004487107562708368, 0.0, 0.0, 0.0, 0.0, 0.0, 0.0, 0.0, 0.0, 0.0005738005464793809, 0.0, 0.0, 0.0, 0.01980686145370491, 0.0, 0.0, 0.0, 0.0, 0.0, 0.0, 0.012056040147150695, 0.0, 0.0, 0.0, 0.0, 0.0, 0.01015883253394175, 0.0, 0.0, 0.0, 0.033568043199164975, 0.0, 0.0, 0.0, 0.0, 0.0, 0.0, 0.0, 0.0, 0.0, 0.0, 0.0, 0.0, 0.0, 0.0, 0.0, 0.0, 0.029018570731352254, 0.0, 0.0, 0.0, 0.0, 0.0, 0.0, 0.0, 0.0, 0.0, 7.216498448075614e-05, 0.030231748894679403, 0.0, 0.0, 0.028572362185031293, 0.0, 0.0, 0.0, 0.0, 0.0, 0.0, 0.0, 0.0, 0.02783928145645557, 0.0, 0.0, 0.0, 0.026366742927269815, 0.0, 0.0286528681494273, 0.0, 0.0, 0.0, 0.0, 0.0, 0.0, 0.0, 0.0, 0.0, 0.0, 0.0, 0.0, 0.0, 0.0, 0.0, 0.0, 0.0, 0.0, 0.0, 0.0
dl_tr:0.0, 0.0, 0.0, 0.0, 0.0, 0.0, 0.0, 0.0, 0.0, 0.0, 0.0, 0.0, 0.0, 0.0, 0.0, 0.0, 0.0, 0.0, 0.0, 0.0, 0.0, 0.0, 0.0, 0.0, 0.0, 0.0, 0.0, 0.0, 0.0, 0.0, 0.0, 0.0, 0.0, 0.0, 0.0, 0.0, 0.0, 0.0, 0.0, 0.0, 0.0, 0.0, 0.0, 0.0, 0.0, 0.0, 0.0, 0.0, 0.0, 0.0, 0.0, 0.0, 0.0, 0.0, 0.0, 0.0, 0.0, 0.0, 0.0, 0.0, 0.0, 0.0, 0.03499892535362374, 0.034998925364382684, 0.03499892535362374, 0.0, 0.0, 0.03499892535362374, 0.0, 0.0, 0.0, 0.03499892535362374, 0.0, 0.03499892535362374, 0.0, 0.0, 0.0, 0.03499892535362374, 0.03499892535362374, 0.0, 0.0, 0.0, 0.0, 0.0, 0.034998925364382684, 0.0, 0.03499892535362374, 0.03499892535362374, 0.03499892535362374, 0.0, 0.0, 0.034998925364382684, 0.03499892535362374, 0.0, 0.0, 0.0, 0.0, 0.03499892535362374, 0.03499892535362374, 0.03499892535362374, 0.03499892535362374, 0.0, 0.03499892535362374, 0.03499892535362374, 0.03499892535362374, 0.03499892535362374, 0.0, 0.03499892535362374, 0.0, 0.0, 0.03499892535362374, 0.03499892535362374, 0.0, 0.0, 0.0, 0.0, 0.0, 0.0, 0.0, 0.0, 0.0, 0.0, 0.0, 0.0, 0.0, 0.0, 0.0, 0.0, 0.0, 0.0, 0.0, 0.0, 0.0, 0.0, 0.0, 0.0, 0.0, 0.0, 0.0, 0.0, 0.0, 0.0, 0.0, 0.0, 0.0, 0.0, 0.0, 0.0, 0.0, 0.0, 0.0, 0.0, 0.0, 0.0, 0.0, 0.0, 0.0, 0.0, 0.0, 0.0, 0.0, 0.0, 0.0, 0.0, 0.0, 0.0, 0.0, 0.0, 0.0, 0.0, 0.0, 0.0, 0.0, 0.0, 0.0, 0.0, 0.0, 0.0, 0.0, 0.0, 0.0, 0.0, 0.0, 0.0, 0.0, 0.0, 0.0, 0.0, 0.0, 0.0, 0.0, 0.0, 0.0, 0.0, 0.0, 0.0, 0.0, 0.0, 0.0, 0.0
ul_er:2.412847159648385e-06, 0.0, 0.0, 0.00023144616308755066, 0.0, 0.0, 0.0, 0.0, 0.0, 0.0, 0.0, 0.0, 0.0, 0.0, 0.0, 0.0, 0.0, 0.0, 0.0, 0.0, 0.0, 0.0, 0.0, 0.0, 0.0, 0.0, 0.0, 0.0, 0.0, 0.0, 0.0, 0.0, 0.000589323615393857, 0.0, 0.0, 0.0, 0.0, 0.0, 0.0, 0.0, 0.0, 0.0, 0.0, 0.0, 0.0, 0.0, 0.0, 0.0, 0.0, 0.0, 0.0, 0.0, 0.0, 0.0, 0.0, 1.5257851686473174e-05, 0.0, 0.0, 0.0, 0.0, 0.0, 0.0, 0.0, 0.0, 0.0, 0.0, 0.0, 0.0, 0.0, 0.0, 0.0, 0.0, 0.0, 0.0, 0.0, 0.0, 0.0, 0.0, 0.0, 0.0, 0.0, 0.0, 0.0, 0.0, 9.030475351407635e-06, 0.0, 0.0, 0.0, 0.0, 0.0, 0.0, 0.0, 0.0, 0.0, 0.0, 0.0, 0.0, 7.608902415826517e-06, 0.0, 0.0, 0.0, 0.0, 0.0, 0.0, 0.0, 0.0, 0.0, 0.0, 0.0, 0.0, 0.0, 0.0, 0.0, 0.0, 0.0, 0.0, 0.0, 0.0, 0.0, 0.0, 0.0, 0.0, 0.0, 1.2354331023987825e-05, 0.0, 0.0, 0.0, 0.0, 0.0, 2.4229802657268443e-06, 0.0, 0.0, 0.0, 1.5979654975620012e-05, 0.0, 0.0, 0.0, 0.0, 0.0, 0.0, 0.0, 0.0, 0.0, 0.0, 0.0, 0.0, 0.0, 0.0, 0.0, 0.0, 2.1185846733014278e-05, 0.0, 0.0, 0.0, 0.0, 0.0, 0.0, 0.0, 0.0, 0.0, 0.0, 6.227722375745926e-06, 0.0, 0.0, 5.305632040050062e-05, 0.0, 0.0, 0.0, 0.0, 0.0, 0.0, 0.0, 0.0, 0.00024683854818523157, 0.0, 0.0, 0.0, 0.0, 0.0, 6.20757323935201e-06, 0.0, 0.0, 0.0, 0.0, 0.0, 0.0, 0.0, 0.0, 0.0, 0.0, 0.0, 0.0, 0.0, 0.0, 0.0, 0.0, 0.0, 0.0, 0.0, 0.0
dl_er:0.0, 0.0, 0.0, 0.0, 0.0, 0.0, 0.0, 0.0, 0.0, 0.0, 0.0, 0.0, 0.0, 0.0, 0.0, 0.0, 0.0, 0.0, 0.0, 0.0, 0.0, 0.0, 0.0, 0.0, 0.0, 0.0, 0.0, 0.0, 0.0, 0.0, 0.0, 0.0, 0.0, 0.0, 0.0, 0.0, 0.0, 0.0, 0.0, 0.0, 0.0, 0.0, 0.0, 0.0, 0.0, 0.0, 0.0, 0.0, 0.0, 0.0, 0.0, 0.0, 0.0, 0.0, 0.0, 0.0, 0.0, 0.0, 0.0, 0.0, 0.0, 0.0, 0.0, 0.0, 0.0, 0.0, 0.0, 0.0, 0.0, 0.0, 0.0, 0.0, 0.0, 0.0, 0.0, 0.0, 0.0, 0.0, 0.0, 0.0, 0.0, 0.0, 0.0, 0.0, 0.0, 0.0, 0.0, 0.0, 0.0, 0.0, 0.0, 0.0, 0.0, 0.0, 0.0, 0.0, 0.0, 0.0, 0.0, 0.0, 0.0, 0.0, 0.0, 0.0, 0.0, 0.0, 0.0, 0.0, 0.0, 0.0, 0.0, 0.0, 0.0, 0.0, 0.0, 0.0, 0.0, 0.0, 0.0, 0.0, 0.0, 0.0, 0.0, 0.0, 0.0, 0.0, 0.0, 0.0, 0.0, 0.0, 0.0, 0.0, 0.0, 0.0, 0.0, 0.0, 0.0, 0.0, 0.0, 0.0, 0.0, 0.0, 0.0, 0.0, 0.0, 0.0, 0.0, 0.0, 0.0, 0.0, 0.0, 0.0, 0.0, 0.0, 0.0, 0.0, 0.0, 0.0, 0.0, 0.0, 0.0, 0.0, 0.0, 0.0, 0.0, 0.0, 0.0, 0.0, 0.0, 0.0, 0.0, 0.0, 0.0, 0.0, 0.0, 0.0, 0.0, 0.0, 0.0, 0.0, 0.0, 0.0, 0.0, 0.0, 0.0, 0.0, 0.0, 0.0, 0.0, 0.0, 0.0, 0.0, 0.0, 0.0, 0.0, 0.0, 0.0, 0.0, 0.0, 0.0
ul_er_ratio:8.305502170494894e-05, 0.0, 0.0, 0.008630511193169156, 0.0, 0.0, 0.0, 0.0, 0.0, 0.0, 0.0, 0.0, 0.0, 0.0, 0.0, 0.0, 0.0, 0.0, 0.0, 0.0, 0.0, 0.0, 0.0, 0.0, 0.0, 0.0, 0.0, 0.0, 0.0, 0.0, 0.0, 0.0, 0.020038538306581, 0.0, 0.0, 0.0, 0.0, 0.0, 0.0, 0.0, 0.0, 0.0, 0.0, 0.0, 0.0, 0.0, 0.0, 0.0, 0.0, 0.0, 0.0, 0.0, 0.0, 0.0, 0.0, 0.0005811033572325445, 0.0, 0.0, 0.0, 0.0, 0.0, 0.0, 0.0, 0.0, 0.0, 0.0, 0.0, 0.0, 0.0, 0.0, 0.0, 0.0, 0.0, 0.0, 0.0, 0.0, 0.0, 0.0, 0.0, 0.0, 0.0, 0.0, 0.0, 0.0, 0.00034556149254602424, 0.0, 0.0, 0.0, 0.0, 0.0, 0.0, 0.0, 0.0, 0.0, 0.0, 0.0, 0.0, 0.0002744124177065002, 0.0, 0.0, 0.0, 0.0, 0.0, 0.0, 0.0, 0.0, 0.0, 0.0, 0.0, 0.0, 0.0, 0.0, 0.0, 0.0, 0.0, 0.0, 0.0, 0.0, 0.0, 0.0, 0.0, 0.0, 0.0, 0.0010236930062511836, 0.0, 0.0, 0.0, 0.0, 0.0, 0.00023845284299159992, 0.0, 0.0, 0.0, 0.00047581122264660057, 0.0, 0.0, 0.0, 0.0, 0.0, 0.0, 0.0, 0.0, 0.0, 0.0, 0.0, 0.0, 0.0, 0.0, 0.0, 0.0, 0.0007295462920306326, 0.0, 0.0, 0.0, 0.0, 0.0, 0.0, 0.0, 0.0, 0.0, 0.0, 0.00020595698100491614, 0.0, 0.0, 0.0018534688109601947, 0.0, 0.0, 0.0, 0.0, 0.0, 0.0, 0.0, 0.0, 0.008788631115456505, 0.0, 0.0, 0.0, 0.0, 0.0, 0.00021660060845725038, 0.0, 0.0, 0.0, 0.0, 0.0, 0.0, 0.0, 0.0, 0.0, 0.0, 0.0, 0.0, 0.0, 0.0, 0.0, 0.0, 0.0, 0.0, 0.0, 0.0
dl_er_ratio:0.0, 0.0, 0.0, 0.0, 0.0, 0.0, 0.0, 0.0, 0.0, 0.0, 0.0, 0.0, 0.0, 0.0, 0.0, 0.0, 0.0, 0.0, 0.0, 0.0, 0.0, 0.0, 0.0, 0.0, 0.0, 0.0, 0.0, 0.0, 0.0, 0.0, 0.0, 0.0, 0.0, 0.0, 0.0, 0.0, 0.0, 0.0, 0.0, 0.0, 0.0, 0.0, 0.0, 0.0, 0.0, 0.0, 0.0, 0.0, 0.0, 0.0, 0.0, 0.0, 0.0, 0.0, 0.0, 0.0, 0.0, 0.0, 0.0, 0.0, 0.0, 0.0, 0.0, 0.0, 0.0, 0.0, 0.0, 0.0, 0.0, 0.0, 0.0, 0.0, 0.0, 0.0, 0.0, 0.0, 0.0, 0.0, 0.0, 0.0, 0.0, 0.0, 0.0, 0.0, 0.0, 0.0, 0.0, 0.0, 0.0, 0.0, 0.0, 0.0, 0.0, 0.0, 0.0, 0.0, 0.0, 0.0, 0.0, 0.0, 0.0, 0.0, 0.0, 0.0, 0.0, 0.0, 0.0, 0.0, 0.0, 0.0, 0.0, 0.0, 0.0, 0.0, 0.0, 0.0, 0.0, 0.0, 0.0, 0.0, 0.0, 0.0, 0.0, 0.0, 0.0, 0.0, 0.0, 0.0, 0.0, 0.0, 0.0, 0.0, 0.0, 0.0, 0.0, 0.0, 0.0, 0.0, 0.0, 0.0, 0.0, 0.0, 0.0, 0.0, 0.0, 0.0, 0.0, 0.0, 0.0, 0.0, 0.0, 0.0, 0.0, 0.0, 0.0, 0.0, 0.0, 0.0, 0.0, 0.0, 0.0, 0.0, 0.0, 0.0, 0.0, 0.0, 0.0, 0.0, 0.0, 0.0, 0.0, 0.0, 0.0, 0.0, 0.0, 0.0, 0.0, 0.0, 0.0, 0.0, 0.0, 0.0, 0.0, 0.0, 0.0, 0.0, 0.0, 0.0, 0.0, 0.0, 0.0, 0.0, 0.0, 0.0, 0.0, 0.0, 0.0, 0.0, 0.0, 0.0
ul_er_perc:0.008305502170494894, 0.0, 0.0, 0.8630511193169157, 0.0, 0.0, 0.0, 0.0, 0.0, 0.0, 0.0, 0.0, 0.0, 0.0, 0.0, 0.0, 0.0, 0.0, 0.0, 0.0, 0.0, 0.0, 0.0, 0.0, 0.0, 0.0, 0.0, 0.0, 0.0, 0.0, 0.0, 0.0, 2.0038538306581, 0.0, 0.0, 0.0, 0.0, 0.0, 0.0, 0.0, 0.0, 0.0, 0.0, 0.0, 0.0, 0.0, 0.0, 0.0, 0.0, 0.0, 0.0, 0.0, 0.0, 0.0, 0.0, 0.05811033572325445, 0.0, 0.0, 0.0, 0.0, 0.0, 0.0, 0.0, 0.0, 0.0, 0.0, 0.0, 0.0, 0.0, 0.0, 0.0, 0.0, 0.0, 0.0, 0.0, 0.0, 0.0, 0.0, 0.0, 0.0, 0.0, 0.0, 0.0, 0.0, 0.034556149254602424, 0.0, 0.0, 0.0, 0.0, 0.0, 0.0, 0.0, 0.0, 0.0, 0.0, 0.0, 0.0, 0.02744124177065002, 0.0, 0.0, 0.0, 0.0, 0.0, 0.0, 0.0, 0.0, 0.0, 0.0, 0.0, 0.0, 0.0, 0.0, 0.0, 0.0, 0.0, 0.0, 0.0, 0.0, 0.0, 0.0, 0.0, 0.0, 0.0, 0.10236930062511836, 0.0, 0.0, 0.0, 0.0, 0.0, 0.023845284299159993, 0.0, 0.0, 0.0, 0.047581122264660054, 0.0, 0.0, 0.0, 0.0, 0.0, 0.0, 0.0, 0.0, 0.0, 0.0, 0.0, 0.0, 0.0, 0.0, 0.0, 0.0, 0.07295462920306327, 0.0, 0.0, 0.0, 0.0, 0.0, 0.0, 0.0, 0.0, 0.0, 0.0, 0.020595698100491614, 0.0, 0.0, 0.18534688109601946, 0.0, 0.0, 0.0, 0.0, 0.0, 0.0, 0.0, 0.0, 0.8788631115456506, 0.0, 0.0, 0.0, 0.0, 0.0, 0.021660060845725037, 0.0, 0.0, 0.0, 0.0, 0.0, 0.0, 0.0, 0.0, 0.0, 0.0, 0.0, 0.0, 0.0, 0.0, 0.0, 0.0, 0.0, 0.0, 0.0, 0.0
dl_er_perc:0.0, 0.0, 0.0, 0.0, 0.0, 0.0, 0.0, 0.0, 0.0, 0.0, 0.0, 0.0, 0.0, 0.0, 0.0, 0.0, 0.0, 0.0, 0.0, 0.0, 0.0, 0.0, 0.0, 0.0, 0.0, 0.0, 0.0, 0.0, 0.0, 0.0, 0.0, 0.0, 0.0, 0.0, 0.0, 0.0, 0.0, 0.0, 0.0, 0.0, 0.0, 0.0, 0.0, 0.0, 0.0, 0.0, 0.0, 0.0, 0.0, 0.0, 0.0, 0.0, 0.0, 0.0, 0.0, 0.0, 0.0, 0.0, 0.0, 0.0, 0.0, 0.0, 0.0, 0.0, 0.0, 0.0, 0.0, 0.0, 0.0, 0.0, 0.0, 0.0, 0.0, 0.0, 0.0, 0.0, 0.0, 0.0, 0.0, 0.0, 0.0, 0.0, 0.0, 0.0, 0.0, 0.0, 0.0, 0.0, 0.0, 0.0, 0.0, 0.0, 0.0, 0.0, 0.0, 0.0, 0.0, 0.0, 0.0, 0.0, 0.0, 0.0, 0.0, 0.0, 0.0, 0.0, 0.0, 0.0, 0.0, 0.0, 0.0, 0.0, 0.0, 0.0, 0.0, 0.0, 0.0, 0.0, 0.0, 0.0, 0.0, 0.0, 0.0, 0.0, 0.0, 0.0, 0.0, 0.0, 0.0, 0.0, 0.0, 0.0, 0.0, 0.0, 0.0, 0.0, 0.0, 0.0, 0.0, 0.0, 0.0, 0.0, 0.0, 0.0, 0.0, 0.0, 0.0, 0.0, 0.0, 0.0, 0.0, 0.0, 0.0, 0.0, 0.0, 0.0, 0.0, 0.0, 0.0, 0.0, 0.0, 0.0, 0.0, 0.0, 0.0, 0.0, 0.0, 0.0, 0.0, 0.0, 0.0, 0.0, 0.0, 0.0, 0.0, 0.0, 0.0, 0.0, 0.0, 0.0, 0.0, 0.0, 0.0, 0.0, 0.0, 0.0, 0.0, 0.0, 0.0, 0.0, 0.0, 0.0, 0.0, 0.0, 0.0, 0.0, 0.0, 0.0, 0.0, 0.0
ul_l:2.679000123614709, 0.0, 0.0, 1.1123185996450358, 7.854333282675076e-05, 0.0, 0.001802394903097562, 0.0, 0.0, 0.0, 0.0, 0.0, 0.0, 0.0, 0.0, 0.0, 0.0, 0.0, 0.0, 0.0, 0.0, 0.16123830865664973, 0.0, 0.0, 0.0, 0.0, 0.0, 0.0, 0.0, 0.0, 0.0, 0.0, 1.058577016883507, 0.0, 0.0, 0.0, 0.0, 0.005990959980899844, 0.0, 0.0, 0.0, 0.0, 0.0, 0.0, 0.0, 0.0, 2.4621622474744947e-05, 0.0, 0.0, 0.0, 0.0, 0.0, 0.0, 0.0, 0.0, 0.3472285036594555, 0.0, 0.0, 0.0, 0.0, 0.0, 0.0, 0.0, 0.0, 0.0, 0.0, 0.0, 0.0, 0.0, 0.0, 0.0, 0.0, 0.0, 0.0, 0.0, 0.0, 0.0, 0.0, 0.0, 0.0, 0.0, 0.0, 0.0, 0.0, 0.27546608040886533, 0.0, 0.0, 0.0, 0.002642280360962326, 0.0, 0.0, 0.00011253921398522285, 0.002642280360962326, 0.0, 0.0, 0.0, 0.0, 0.19486771643933504, 0.0, 0.001705444617152068, 0.001969494271524684, 0.0, 0.0, 0.00037976415452979986, 0.0, 0.0, 0.0, 0.0, 0.0, 0.0, 0.0, 0.0, 4.520771197300842e-05, 0.0, 0.0, 0.0, 0.0015618639713338874, 0.0, 0.0, 0.0, 0.0, 0.0, 0.0, 0.15651373014943734, 0.0, 0.0, 0.0, 0.0, 0.0, 0.41947895020485504, 0.0, 0.0, 0.0, 0.5908439615075393, 0.0, 0.0, 0.0, 0.0, 0.0, 0.0, 0.0, 0.0, 0.0, 0.0, 0.0, 0.0, 0.0, 0.0, 0.0, 0.0, 0.801544076463252, 0.0, 0.0, 0.0, 0.0, 0.0, 0.0, 0.0, 0.0, 0.0, 5.228253307100805e-06, 2.0595310017893302, 0.0, 0.0, 0.4172601679243394, 0.0, 0.0, 0.0, 0.0, 0.0, 0.0, 0.0, 0.0, 1.1751237375227335, 0.0, 0.0, 0.0, 0.0020772306271907163, 0.0, 0.3969436363472016, 0.0, 0.0, 0.0, 0.0, 0.0, 0.0, 0.0, 0.0, 0.0, 0.0, 0.0, 0.0, 0.0, 0.0, 0.0, 0.0, 0.0, 0.0, 0.0, 0.0
dl_l:0.0, 0.0, 0.0, 0.0, 0.0, 0.0, 0.0, 0.0, 0.0, 0.0, 0.0, 0.0, 0.0, 0.0, 0.0, 0.0, 0.0, 0.0, 0.0, 0.0, 0.0, 0.0, 0.0, 0.0, 0.0, 0.0, 0.0, 0.0, 0.0, 0.0, 0.0, 0.0, 0.0, 0.0, 0.0, 0.0, 0.0, 0.0, 0.0, 0.0, 0.0, 0.0, 0.0, 0.0, 0.0, 0.0, 0.0, 0.0, 0.0, 0.0, 0.0, 0.0, 0.0, 0.0, 0.0, 0.0, 0.0, 0.0, 0.0, 0.0, 0.0, 0.0, 0.002642280360962326, 0.0026422839640052455, 0.002642280360962326, 0.0, 0.0, 0.002642280360962326, 0.0, 0.0, 0.0, 0.002642280360962326, 0.0, 0.002642280360962326, 0.0, 0.0, 0.0, 0.002642280360962326, 0.002642280360962326, 0.0, 0.0, 0.0, 0.0, 0.0, 0.0026422839640052455, 0.0, 0.002642280360962326, 0.002642280360962326, 0.002642280360962326, 0.0, 0.0, 0.0026422839258139438, 0.002642280360962326, 0.0, 0.0, 0.0, 0.0, 0.002642280360962326, 0.002642280360962326, 0.002642280360962326, 0.002642280360962326, 0.0, 0.002642280360962326, 0.002642280360962326, 0.002642280360962326, 0.002642280360962326, 0.0, 0.002642280360962326, 0.0, 0.0, 0.002642280360962326, 0.002642280360962326, 0.0, 0.0, 0.0, 0.0, 0.0, 0.0, 0.0, 0.0, 0.0, 0.0, 0.0, 0.0, 0.0, 0.0, 0.0, 0.0, 0.0, 0.0, 0.0, 0.0, 0.0, 0.0, 0.0, 0.0, 0.0, 0.0, 0.0, 0.0, 0.0, 0.0, 0.0, 0.0, 0.0, 0.0, 0.0, 0.0, 0.0, 0.0, 0.0, 0.0, 0.0, 0.0, 0.0, 0.0, 0.0, 0.0, 0.0, 0.0, 0.0, 0.0, 0.0, 0.0, 0.0, 0.0, 0.0, 0.0, 0.0, 0.0, 0.0, 0.0, 0.0, 0.0, 0.0, 0.0, 0.0, 0.0, 0.0, 0.0, 0.0, 0.0, 0.0, 0.0, 0.0, 0.0, 0.0, 0.0, 0.0, 0.0, 0.0, 0.0, 0.0, 0.0, 0.0, 0.0, 0.0, 0.0, 0.0, 0.0
ul_il:3.109092110276062, 0.0, 0.0, 1.1465317147388738, 7.854333282675076e-05, 0.0, 0.0018138375834239374, 0.0, 0.0, 0.0, 0.0, 0.0, 0.0, 0.0, 0.0, 0.0, 0.0, 0.0, 0.0, 0.0, 0.0, 0.16124746530460335, 0.0, 0.0, 0.0, 0.0, 0.0, 0.0, 0.0, 0.0, 0.0, 0.0, 1.0861236677322712, 0.0, 0.0, 0.0, 0.0, 0.8051738719498078, 0.0, 0.0, 0.0, 0.0, 0.0, 0.0, 0.0, 0.0, 2.4621622474744947e-05, 0.0, 0.0, 0.0, 0.0, 0.0, 0.0, 0.0, 0.0, 0.3481720090978013, 0.0, 0.0, 0.0, 0.0, 0.0, 0.0, 0.0, 0.0, 0.0, 0.0, 0.0, 0.0, 0.0, 0.0, 0.0, 0.0, 0.0, 0.0, 0.0, 0.0, 0.0, 0.0, 0.0, 0.0, 0.0, 0.0, 0.0, 0.0, 0.2758825089506168, 0.0, 0.0, 0.0, 0.002642280360962326, 0.0, 0.0, 0.6078674472592728, 0.002642280360962326, 0.0, 0.0, 0.0, 0.0, 0.19497517905033088, 0.0, 0.0017167015783106233, 0.0019817647371654836, 0.0, 0.0, 0.0003881886898821621, 0.0, 0.0, 0.0, 0.0, 0.0, 0.0, 0.0, 0.0, 5.111282316610434e-05, 0.0, 0.0, 0.0, 0.0015749517096404718, 0.0, 0.0, 0.0, 0.0, 0.0, 0.0, 1.508207078399199, 0.0, 0.0, 0.0, 0.0, 0.0, 0.42350330103462064, 0.0, 0.0, 0.0, 2.6230769444971536, 0.0, 0.0, 0.0, 0.0, 0.0, 0.0, 0.0, 0.0, 0.0, 0.0, 0.0, 0.0, 0.0, 0.0, 0.0, 0.0, 0.8574640938095656, 0.0, 0.0, 0.0, 0.0, 0.0, 0.0, 0.0, 0.0, 0.0, 5.265359316552525e-06, 2.2322059155239633, 0.0, 0.0, 0.4243468627740897, 0.0, 0.0, 0.0, 0.0, 0.0, 0.0, 0.0, 0.0, 1.1764592353179326, 0.0, 0.0, 0.0, 0.0020869197132784654, 0.0, 0.3988379542300637, 0.0, 0.0, 0.0, 0.0, 0.0, 0.0, 0.0, 0.0, 0.0, 0.0, 0.0, 0.0, 0.0, 0.0, 0.0, 0.0, 0.0, 0.0, 0.0, 0.0
dl_il:0.0, 0.0, 0.0, 0.0, 0.0, 0.0, 0.0, 0.0, 0.0, 0.0, 0.0, 0.0, 0.0, 0.0, 0.0, 0.0, 0.0, 0.0, 0.0, 0.0, 0.0, 0.0, 0.0, 0.0, 0.0, 0.0, 0.0, 0.0, 0.0, 0.0, 0.0, 0.0, 0.0, 0.0, 0.0, 0.0, 0.0, 0.0, 0.0, 0.0, 0.0, 0.0, 0.0, 0.0, 0.0, 0.0, 0.0, 0.0, 0.0, 0.0, 0.0, 0.0, 0.0, 0.0, 0.0, 0.0, 0.0, 0.0, 0.0, 0.0, 0.0, 0.0, 0.002642280360962326, 0.0026422839640052455, 0.002642280360962326, 0.0, 0.0, 0.002642280360962326, 0.0, 0.0, 0.0, 0.002642280360962326, 0.0, 0.002642280360962326, 0.0, 0.0, 0.0, 0.002642280360962326, 0.002642280360962326, 0.0, 0.0, 0.0, 0.0, 0.0, 0.0026422839640052455, 0.0, 0.002642280360962326, 0.002642280360962326, 0.002642280360962326, 0.0, 0.0, 0.0026422839258139438, 0.002642280360962326, 0.0, 0.0, 0.0, 0.0, 0.002642280360962326, 0.002642280360962326, 0.002642280360962326, 0.002642280360962326, 0.0, 0.002642280360962326, 0.002642280360962326, 0.002642280360962326, 0.002642280360962326, 0.0, 0.002642280360962326, 0.0, 0.0, 0.002642280360962326, 0.002642280360962326, 0.0, 0.0, 0.0, 0.0, 0.0, 0.0, 0.0, 0.0, 0.0, 0.0, 0.0, 0.0, 0.0, 0.0, 0.0, 0.0, 0.0, 0.0, 0.0, 0.0, 0.0, 0.0, 0.0, 0.0, 0.0, 0.0, 0.0, 0.0, 0.0, 0.0, 0.0, 0.0, 0.0, 0.0, 0.0, 0.0, 0.0, 0.0, 0.0, 0.0, 0.0, 0.0, 0.0, 0.0, 0.0, 0.0, 0.0, 0.0, 0.0, 0.0, 0.0, 0.0, 0.0, 0.0, 0.0, 0.0, 0.0, 0.0, 0.0, 0.0, 0.0, 0.0, 0.0, 0.0, 0.0, 0.0, 0.0, 0.0, 0.0, 0.0, 0.0, 0.0, 0.0, 0.0, 0.0, 0.0, 0.0, 0.0, 0.0, 0.0, 0.0, 0.0, 0.0, 0.0, 0.0, 0.0, 0.0, 0.0
sinr_ul:0.00117741,0.00328774,0.00741419,0.00831579,0.00694585,0.023337  ,0.02179661,0.01987829,0.01904668,0.01572141,0.01406756,0.01915401,0.00859767,0.0101536 ,0.01510116,0.01865427,0.01905931,0.02406748,0.02802833,0.01992315,0.02014855,0.01614438,0.00901959,0.01692074,0.00860689,0.00631213,0.00142198,0.00046863,0.00016867,0.00070516,0.00078098,0.00053335,0.00027138,0.00031884,0.00039791,0.00032341,0.000351  ,0.00015201,0.0001337 ,0.00015782
sinr_ul_bin_edges:-49.23104   ,-46.64749215,-44.0639443 ,-41.48039645,-38.8968486 ,-36.31330075,-33.7297529 ,-31.14620505,-28.5626572 ,-25.97910935,-23.3955615 ,-20.81201365,-18.2284658 ,-15.64491795,-13.0613701 ,-10.47782225, -7.8942744 , -5.31072655, -2.7271787 , -0.14363085,  2.439917  ,  5.02346485,  7.6070127 , 10.19056055, 12.7741084 , 15.35765625, 17.9412041 , 20.52475195, 23.1082998 , 25.69184765, 28.2753955 , 30.85894335, 33.4424912 , 36.02603905, 38.6095869 , 41.19313475, 43.7766826 , 46.36023045, 48.9437783 , 51.52732615, 54.110874  
sinr_dl:0.00115453,0.00333616,0.00710604,0.00854317,0.00674371,0.01834268,0.0249908 ,0.02777782,0.02542583,0.0186641 ,0.02132445,0.00801362,0.01040223,0.01403875,0.01989514,0.01598918,0.02173433,0.03088737,0.01992741,0.02371501,0.01473901,0.01138321,0.01303296,0.01470838,0.00858775,0.00251522,0.00099152,0.00035863,0.00026194,0.00077428,0.00073768,0.00051051,0.00021995,0.00034027,0.00040386,0.00031275,0.00034436,0.0001415 ,0.00013681,0.00015956
sinr_dl_bin_edges:-16.22992  ,-13.7215955,-11.213271 , -8.7049465, -6.196622 , -3.6882975, -1.179973 ,  1.3283515,  3.836676 ,  6.3450005,  8.853325 , 11.3616495, 13.869974 , 16.3782985, 18.886623 , 21.3949475, 23.903272 , 26.4115965, 28.919921 , 31.4282455, 33.93657  , 36.4448945, 38.953219 , 41.4615435, 43.969868 , 46.4781925, 48.986517 , 51.4948415, 54.003166 , 56.5114905, 59.019815 , 61.5281395, 64.036464 , 66.5447885, 69.053113 , 71.5614375, 74.069762 , 76.5780865, 79.086411 , 81.5947355, 84.10306  
rsrp_ul:0.0010391 ,0.00330951,0.00714324,0.00871784,0.00654656,0.0228221 ,0.02255687,0.01968827,0.01848709,0.01617593,0.01420135,0.01925338,0.00868915,0.0102229 ,0.01448225,0.01955099,0.01817069,0.02493557,0.02743995,0.02015076,0.01936861,0.01666797,0.00923505,0.01679711,0.00849161,0.00673124,0.00140894,0.00046978,0.00016876,0.00071792,0.00078036,0.00053207,0.00026178,0.00031892,0.0003977 ,0.00032504,0.00035108,0.00014919,0.00013379,0.00015781
rsrp_ul_bin_edges:-130.717     ,-128.13334268,-125.54968535,-122.96602803,-120.3823707 ,-117.79871338,-115.21505605,-112.63139873,-110.0477414 ,-107.46408408,-104.88042675,-102.29676943, -99.7131121 , -97.12945477, -94.54579745, -91.96214013, -89.3784828 , -86.79482548, -84.21116815, -81.62751083, -79.0438535 , -76.46019618, -73.87653885, -71.29288153, -68.7092242 , -66.12556688, -63.54190955, -60.95825223, -58.3745949 , -55.79093758, -53.20728025, -50.62362293, -48.0399656 , -45.45630827, -42.87265095, -40.28899363, -37.7053363 , -35.12167897, -32.53802165, -29.95436433, -27.370707  
rsrp_dl:0.00096946,0.00317098,0.00711286,0.00867239,0.00669379,0.01744401,0.02552379,0.02756436,0.02556997,0.01904433,0.02131913,0.00829418,0.01040058,0.01361235,0.01991144,0.01461865,0.02337033,0.03024459,0.02021997,0.02394765,0.01413998,0.01215685,0.01310192,0.01417133,0.00900048,0.0027037 ,0.00097361,0.00035882,0.000275  ,0.00078133,0.00073027,0.0005048 ,0.00021435,0.00034006,0.00040494,0.00031354,0.00034405,0.000139  ,0.0001368 ,0.00015955
rsrp_dl_bin_edges:-124.69639   ,-122.18795647,-119.67952295,-117.17108942,-114.6626559 ,-112.15422237,-109.64578885,-107.13735532,-104.6289218 ,-102.12048827, -99.61205475, -97.10362122, -94.5951877 , -92.08675417, -89.57832065, -87.06988712, -84.5614536 , -82.05302007, -79.54458655, -77.03615302, -74.5277195 , -72.01928598, -69.51085245, -67.00241893, -64.4939854 , -61.98555187, -59.47711835, -56.96868482, -54.4602513 , -51.95181777, -49.44338425, -46.93495072, -44.4265172 , -41.91808367, -39.40965015, -36.90121662, -34.3927831 , -31.88434957, -29.37591605, -26.86748252, -24.359049  
cqi_ul:1.66895346,0.        ,0.12804867,0.        ,0.        ,0.16877484,0.        ,0.        ,0.12726855,0.        ,0.12268044,0.        ,0.        ,0.07136264,0.        ,0.        ,0.06230363,0.        ,0.0407761 ,0.        ,0.        ,0.0737205 ,0.        ,0.        ,0.05863194,0.        ,0.04822213,0.        ,0.        ,0.04745455,0.        ,0.        ,0.00910373,0.        ,0.00668686,0.        ,0.        ,0.00190439,0.        ,0.03077423
cqi_ul_bin_edges: 0.   , 0.375, 0.75 , 1.125, 1.5  , 1.875, 2.25 , 2.625, 3.   , 3.375, 3.75 , 4.125, 4.5  , 4.875, 5.25 , 5.625, 6.   , 6.375, 6.75 , 7.125, 7.5  , 7.875, 8.25 , 8.625, 9.   , 9.375, 9.75 ,10.125,10.5  ,10.875,11.25 ,11.625,12.   ,12.375,12.75 ,13.125,13.5  ,13.875,14.25 ,14.625,15.   
cqi_dl:0.17285314,0.        ,0.05943454,0.        ,0.        ,0.17357146,0.        ,0.        ,0.12808828,0.        ,0.18246989,0.        ,0.        ,0.10792448,0.        ,0.        ,0.07444462,0.        ,0.11321476,0.        ,0.        ,0.08904621,0.        ,0.        ,0.02281241,0.        ,0.05259295,0.        ,0.        ,0.05132558,0.        ,0.        ,0.07272418,0.        ,0.08727558,0.        ,0.        ,0.0689784 ,0.        ,1.20991019
cqi_dl_bin_edges: 0.   , 0.375, 0.75 , 1.125, 1.5  , 1.875, 2.25 , 2.625, 3.   , 3.375, 3.75 , 4.125, 4.5  , 4.875, 5.25 , 5.625, 6.   , 6.375, 6.75 , 7.125, 7.5  , 7.875, 8.25 , 8.625, 9.   , 9.375, 9.75 ,10.125,10.5  ,10.875,11.25 ,11.625,12.   ,12.375,12.75 ,13.125,13.5  ,13.875,14.25 ,14.625,15.   
mcs_ul:1.02827723e+00,2.48175777e-02,3.60840832e-02,0.00000000e+00,3.20954954e-02,3.96034002e-02,0.00000000e+00,2.61182633e-02,1.69912954e-02,0.00000000e+00,2.12386901e-02,2.17296296e-02,2.19188540e-04,0.00000000e+00,1.14281258e-02,9.34916000e-03,0.00000000e+00,1.24951770e-02,2.10420283e-02,0.00000000e+00,1.84510982e-02,1.91890449e-02,0.00000000e+00,0.00000000e+00,1.22209232e-02,1.54689899e-02,0.00000000e+00,1.03642926e-02,1.07316569e-02,0.00000000e+00,1.46904236e-02,2.94427777e-03,1.93272088e-03,0.00000000e+00,1.21157985e-03,2.37066887e-03,0.00000000e+00,5.36779504e-04,4.83072949e-04,1.64865539e-02
mcs_ul_bin_edges: 0. , 0.7, 1.4, 2.1, 2.8, 3.5, 4.2, 4.9, 5.6, 6.3, 7. , 7.7, 8.4, 9.1, 9.8,10.5,11.2,11.9,12.6,13.3,14. ,14.7,15.4,16.1,16.8,17.5,18.2,18.9,19.6,20.3,21. ,21.7,22.4,23.1,23.8,24.5,25.2,25.9,26.6,27.3,28. 
mcs_dl:1.75536255e-01,4.18882844e-02,3.56674015e-02,0.00000000e+00,3.29513209e-02,4.69470024e-02,0.00000000e+00,5.08047236e-02,3.18693940e-02,0.00000000e+00,2.59472942e-02,2.18575834e-02,2.71751086e-04,0.00000000e+00,1.77517106e-02,2.67757060e-02,0.00000000e+00,3.38750601e-02,3.09615309e-02,0.00000000e+00,1.67417977e-02,6.62035704e-03,0.00000000e+00,0.00000000e+00,5.60057533e-03,1.21601459e-02,0.00000000e+00,1.60146490e-02,1.42214494e-02,0.00000000e+00,1.32743969e-02,1.31319421e-02,2.58274377e-02,0.00000000e+00,2.17628996e-02,2.49918746e-02,0.00000000e+00,2.54379755e-02,1.15097312e-02,6.48171178e-01
mcs_dl_bin_edges: 0. , 0.7, 1.4, 2.1, 2.8, 3.5, 4.2, 4.9, 5.6, 6.3, 7. , 7.7, 8.4, 9.1, 9.8,10.5,11.2,11.9,12.6,13.3,14. ,14.7,15.4,16.1,16.8,17.5,18.2,18.9,19.6,20.3,21. ,21.7,22.4,23.1,23.8,24.5,25.2,25.9,26.6,27.3,28. 
eff_ul:4.50695117e+00,6.76459491e-01,3.06997285e-01,1.61789183e-01,1.99635546e-01,1.31658740e-01,8.56508915e-02,1.07061451e-01,1.09536213e-01,5.87125838e-02,4.71278894e-02,0.00000000e+00,6.29865487e-02,1.06070105e-01,0.00000000e+00,9.30095661e-02,0.00000000e+00,9.67294585e-02,6.16040710e-02,7.79771490e-02,0.00000000e+00,5.22450395e-02,0.00000000e+00,5.40968747e-02,0.00000000e+00,7.40524985e-02,0.00000000e+00,0.00000000e+00,1.48417181e-02,0.00000000e+00,9.74259244e-03,0.00000000e+00,6.10741513e-03,0.00000000e+00,1.19502309e-02,0.00000000e+00,2.70583508e-03,0.00000000e+00,2.43510738e-03,8.31065558e-02
eff_ul_bin_edges:0.        ,0.13886495,0.2777299 ,0.41659485,0.5554598 ,0.69432475,0.8331897 ,0.97205465,1.1109196 ,1.24978455,1.3886495 ,1.52751445,1.6663794 ,1.80524435,1.9441093 ,2.08297425,2.2218392 ,2.36070415,2.4995691 ,2.63843405,2.777299  ,2.91616395,3.0550289 ,3.19389385,3.3327588 ,3.47162375,3.6104887 ,3.74935365,3.8882186 ,4.02708355,4.1659485 ,4.30481345,4.4436784 ,4.58254335,4.7214083 ,4.86027325,4.9991382 ,5.13800315,5.2768681 ,5.41573305,5.554598  
eff_dl:0.46678394,0.4180713 ,0.39094804,0.16610329,0.23665368,0.25609995,0.16064944,0.13079691,0.11018121,0.09085391,0.13497282,0.        ,0.17075973,0.15607302,0.        ,0.08439321,0.        ,0.03337235,0.02823177,0.0612977 ,0.        ,0.08072775,0.        ,0.07168846,0.        ,0.06691449,0.        ,0.        ,0.0661964 ,0.        ,0.13019273,0.        ,0.10970392,0.        ,0.12598076,0.        ,0.1282295 ,0.        ,0.05801905,3.2673459 
eff_dl_bin_edges:0.        ,0.13886495,0.2777299 ,0.41659485,0.5554598 ,0.69432475,0.8331897 ,0.97205465,1.1109196 ,1.24978455,1.3886495 ,1.52751445,1.6663794 ,1.80524435,1.9441093 ,2.08297425,2.2218392 ,2.36070415,2.4995691 ,2.63843405,2.777299  ,2.91616395,3.0550289 ,3.19389385,3.3327588 ,3.47162375,3.6104887 ,3.74935365,3.8882186 ,4.02708355,4.1659485 ,4.30481345,4.4436784 ,4.58254335,4.7214083 ,4.86027325,4.9991382 ,5.13800315,5.2768681 ,5.41573305,5.554598  
rul:2.28050956e+00,6.10774134e-04,1.57375983e-04,6.53258797e-05,2.98077878e-05,1.72451186e-05,1.24484631e-05,2.85515208e-06,1.94150342e-06,1.48467908e-06,6.85236500e-07,7.99442583e-07,1.02785475e-06,2.28412167e-07,1.14206083e-07,0.00000000e+00,5.71030417e-07,0.00000000e+00,1.14206083e-07,0.00000000e+00,0.00000000e+00,0.00000000e+00,1.14206083e-07,0.00000000e+00,0.00000000e+00,0.00000000e+00,0.00000000e+00,0.00000000e+00,0.00000000e+00,0.00000000e+00,0.00000000e+00,0.00000000e+00,0.00000000e+00,0.00000000e+00,0.00000000e+00,0.00000000e+00,0.00000000e+00,0.00000000e+00,0.00000000e+00,1.14206083e-07
rul_bin_edges: 0.        , 0.43832493, 0.87664985, 1.31497478, 1.7532997 , 2.19162463, 2.62994955, 3.06827448, 3.5065994 , 3.94492433, 4.38324925, 4.82157418, 5.2598991 , 5.69822403, 6.13654895, 6.57487388, 7.0131988 , 7.45152373, 7.88984865, 8.32817358, 8.7664985 , 9.20482343, 9.64314835,10.08147328,10.5197982 ,10.95812313,11.39644805,11.83477298,12.2730979 ,12.71142283,13.14974775,13.58807268,14.0263976 ,14.46472253,14.90304745,15.34137238,15.7796973 ,16.21802223,16.65634715,17.09467208,17.532997  
rdl:3.41325938e+02,0.00000000e+00,0.00000000e+00,0.00000000e+00,0.00000000e+00,0.00000000e+00,1.42979106e-03,3.81277617e-03,9.53194043e-04,4.76597022e-04,4.76597022e-04,1.42979106e-03,1.46791883e-01,3.12104897e+01,7.14895532e-03,1.23915226e-02,5.71916426e-03,2.38298511e-03,2.38298511e-03,5.24256724e-03,4.28937319e-03,2.85958213e-03,2.85958213e-03,6.67235830e-03,1.09617315e-02,3.33617915e-03,8.05115348e+00,7.14895532e-03,0.00000000e+00,0.00000000e+00,0.00000000e+00,0.00000000e+00,0.00000000e+00,4.76597022e-04,1.42979106e-03,4.76597022e-04,0.00000000e+00,3.81277617e-03,9.53194043e-04,1.90638809e-03
rdl_bin_edges:0.        ,0.00262588,0.00525175,0.00787763,0.0105035 ,0.01312938,0.01575525,0.01838113,0.021007  ,0.02363288,0.02625875,0.02888463,0.0315105 ,0.03413638,0.03676225,0.03938813,0.042014  ,0.04463988,0.04726575,0.04989163,0.0525175 ,0.05514338,0.05776926,0.06039513,0.06302101,0.06564688,0.06827276,0.07089863,0.07352451,0.07615038,0.07877626,0.08140213,0.08402801,0.08665388,0.08927976,0.09190563,0.09453151,0.09715738,0.09978326,0.10240913,0.10503501
lul:5.53156931e-01,4.21713327e-06,1.82834922e-05,4.41134335e-05,7.99035777e-05,5.99554275e-05,4.41966664e-05,3.37925547e-05,2.75500877e-05,3.14065451e-05,2.36658860e-05,2.77720421e-05,2.45537036e-05,2.63293386e-05,3.27937600e-05,3.30989473e-05,3.78432222e-05,3.93969029e-05,3.38757876e-05,2.93257228e-05,3.13233122e-05,3.73993134e-05,3.13788008e-05,3.04632390e-05,2.97973758e-05,2.86043710e-05,2.26393470e-05,2.16960409e-05,2.71339232e-05,2.64403158e-05,2.82159509e-05,2.69397132e-05,1.58974826e-05,1.94487528e-05,7.40772751e-06,7.65742619e-06,1.55090625e-05,5.77081394e-06,3.66224731e-06,1.44270349e-06
lul_bin_edges: 0.        , 1.80431212, 3.60862425, 5.41293637, 7.2172485 , 9.02156062,10.82587275,12.63018487,14.434497  ,16.23880912,18.04312125,19.84743337,21.6517455 ,23.45605762,25.26036975,27.06468187,28.868994  ,30.67330612,32.47761825,34.28193037,36.0862425 ,37.89055462,39.69486675,41.49917887,43.303491  ,45.10780312,46.91211525,48.71642737,50.5207395 ,52.32505162,54.12936375,55.93367587,57.737988  ,59.54230012,61.34661225,63.15092437,64.9552365 ,66.75954862,68.56386075,70.36817287,72.172485  
ldl:7.43918438e+03,0.00000000e+00,0.00000000e+00,0.00000000e+00,0.00000000e+00,0.00000000e+00,0.00000000e+00,0.00000000e+00,0.00000000e+00,0.00000000e+00,0.00000000e+00,0.00000000e+00,0.00000000e+00,0.00000000e+00,0.00000000e+00,0.00000000e+00,0.00000000e+00,0.00000000e+00,0.00000000e+00,0.00000000e+00,0.00000000e+00,0.00000000e+00,0.00000000e+00,0.00000000e+00,4.95667769e+02,1.18509983e+02,5.92082480e-01,1.00757896e+00,8.35147919e+01,9.26037774e+01,1.76586003e-01,3.32397182e-01,1.13846035e+01,5.69126300e+01,1.03874119e-02,7.27118835e-02,7.27118835e-02,0.00000000e+00,0.00000000e+00,3.11622358e-02
ldl_bin_edges:0.        ,0.00012048,0.00024096,0.00036144,0.00048192,0.0006024 ,0.00072289,0.00084337,0.00096385,0.00108433,0.00120481,0.00132529,0.00144577,0.00156625,0.00168673,0.00180721,0.00192769,0.00204817,0.00216866,0.00228914,0.00240962,0.0025301 ,0.00265058,0.00277106,0.00289154,0.00301202,0.0031325 ,0.00325298,0.00337346,0.00349394,0.00361443,0.00373491,0.00385539,0.00397587,0.00409635,0.00421683,0.00433731,0.00445779,0.00457827,0.00469875,0.00481923
ilul:5.18648350e-01,4.95294411e-05,5.49198692e-05,7.45024874e-05,8.03616484e-05,5.13002098e-05,5.38001185e-05,5.06752326e-05,5.43990549e-05,5.54927650e-05,4.83836496e-05,4.97117261e-05,5.48938285e-05,6.67163134e-05,6.54403183e-05,7.09609501e-05,6.14040074e-05,4.50243973e-05,3.99985392e-05,4.17432671e-05,4.38786058e-05,4.48941937e-05,4.85919753e-05,4.57014559e-05,3.60924318e-05,2.87229093e-05,3.50247625e-05,3.49466404e-05,3.44779075e-05,3.27071388e-05,2.01555139e-05,2.37230919e-05,1.17704035e-05,1.18485256e-05,1.84889081e-05,3.51549661e-06,2.70823442e-06,8.59343615e-07,5.20814312e-07,3.64570019e-07
ilul_bin_edges: 0.        , 1.92235013, 3.84470025, 5.76705038, 7.6894005 , 9.61175063,11.53410075,13.45645088,15.378801  ,17.30115113,19.22350125,21.14585138,23.0682015 ,24.99055163,26.91290175,28.83525188,30.757602  ,32.67995212,34.60230225,36.52465238,38.4470025 ,40.36935263,42.29170275,44.21405288,46.136403  ,48.05875313,49.98110325,51.90345338,53.8258035 ,55.74815363,57.67050375,59.59285388,61.515204  ,63.43755413,65.35990425,67.28225438,69.2046045 ,71.12695463,73.04930475,74.97165487,76.894005  
ildl:7.43918438e+03,0.00000000e+00,0.00000000e+00,0.00000000e+00,0.00000000e+00,0.00000000e+00,0.00000000e+00,0.00000000e+00,0.00000000e+00,0.00000000e+00,0.00000000e+00,0.00000000e+00,0.00000000e+00,0.00000000e+00,0.00000000e+00,0.00000000e+00,0.00000000e+00,0.00000000e+00,0.00000000e+00,0.00000000e+00,0.00000000e+00,0.00000000e+00,0.00000000e+00,0.00000000e+00,4.95667769e+02,1.18509983e+02,5.92082480e-01,1.00757896e+00,8.35147919e+01,9.26037774e+01,1.76586003e-01,3.32397182e-01,1.13846035e+01,5.69126300e+01,1.03874119e-02,7.27118835e-02,7.27118835e-02,0.00000000e+00,0.00000000e+00,3.11622358e-02
ildl_bin_edges:0.        ,0.00012048,0.00024096,0.00036144,0.00048192,0.0006024 ,0.00072289,0.00084337,0.00096385,0.00108433,0.00120481,0.00132529,0.00144577,0.00156625,0.00168673,0.00180721,0.00192769,0.00204817,0.00216866,0.00228914,0.00240962,0.0025301 ,0.00265058,0.00277106,0.00289154,0.00301202,0.0031325 ,0.00325298,0.00337346,0.00349394,0.00361443,0.00373491,0.00385539,0.00397587,0.00409635,0.00421683,0.00433731,0.00445779,0.00457827,0.00469875,0.00481923
eul:2.00193486e+01,1.10240861e-04,3.14687549e-04,1.08236482e-04,1.08236482e-04,6.01313789e-06,1.00218965e-06,0.00000000e+00,0.00000000e+00,1.00218965e-06,0.00000000e+00,0.00000000e+00,0.00000000e+00,2.00437930e-06,0.00000000e+00,0.00000000e+00,0.00000000e+00,0.00000000e+00,0.00000000e+00,0.00000000e+00,6.01313789e-06,0.00000000e+00,0.00000000e+00,1.00218965e-06,0.00000000e+00,0.00000000e+00,7.01532754e-06,0.00000000e+00,0.00000000e+00,0.00000000e+00,0.00000000e+00,0.00000000e+00,0.00000000e+00,5.01094824e-06,0.00000000e+00,0.00000000e+00,0.00000000e+00,0.00000000e+00,0.00000000e+00,1.00218965e-06
eul_bin_edges:0.     ,0.04995,0.0999 ,0.14985,0.1998 ,0.24975,0.2997 ,0.34965,0.3996 ,0.44955,0.4995 ,0.54945,0.5994 ,0.64935,0.6993 ,0.74925,0.7992 ,0.84915,0.8991 ,0.94905,0.999  ,1.04895,1.0989 ,1.14885,1.1988 ,1.24875,1.2987 ,1.34865,1.3986 ,1.44855,1.4985 ,1.54845,1.5984 ,1.64835,1.6983 ,1.74825,1.7982 ,1.84815,1.8981 ,1.94805,1.998  
edl: 0., 0., 0., 0., 0., 0., 0., 0., 0., 0., 0., 0., 0., 0., 0., 0., 0., 0., 0., 0.,40., 0., 0., 0., 0., 0., 0., 0., 0., 0., 0., 0., 0., 0., 0., 0., 0., 0., 0., 0.
edl_bin_edges:-0.5  ,-0.475,-0.45 ,-0.425,-0.4  ,-0.375,-0.35 ,-0.325,-0.3  ,-0.275,-0.25 ,-0.225,-0.2  ,-0.175,-0.15 ,-0.125,-0.1  ,-0.075,-0.05 ,-0.025, 0.   , 0.025, 0.05 , 0.075, 0.1  , 0.125, 0.15 , 0.175, 0.2  , 0.225, 0.25 , 0.275, 0.3  , 0.325, 0.35 , 0.375, 0.4  , 0.425, 0.45 , 0.475, 0.5  
gul:4.00214844e-03,0.00000000e+00,0.00000000e+00,0.00000000e+00,0.00000000e+00,8.00429687e-03,6.00322266e-02,2.20118164e-01,1.52081641e-01,1.16062305e-01,4.80257812e-02,6.00322266e-02,8.00429687e-02,2.58817219e+02,1.39746319e+02,6.00322266e-02,3.60193359e-02,3.20171875e-02,3.60193359e-02,8.00429687e-03,2.80150391e-02,1.60085937e-02,8.00429687e-03,1.20064453e-02,1.20064453e-02,8.40451172e-02,3.20171875e-02,4.00214844e-03,1.60085937e-02,4.00214844e-03,0.00000000e+00,1.20064453e-02,0.00000000e+00,0.00000000e+00,0.00000000e+00,0.00000000e+00,0.00000000e+00,0.00000000e+00,0.00000000e+00,2.80150391e-02
gul_bin_edges:0.        ,0.00250162,0.00500325,0.00750487,0.0100065 ,0.01250813,0.01500975,0.01751137,0.020013  ,0.02251462,0.02501625,0.02751788,0.0300195 ,0.03252112,0.03502275,0.03752437,0.040026  ,0.04252762,0.04502925,0.04753088,0.0500325 ,0.05253413,0.05503575,0.05753738,0.060039  ,0.06254063,0.06504225,0.06754388,0.0700455 ,0.07254713,0.07504875,0.07755038,0.080052  ,0.08255362,0.08505525,0.08755687,0.0900585 ,0.09256012,0.09506175,0.09756337,0.100065  
gdl:4.00214844e-03,0.00000000e+00,0.00000000e+00,0.00000000e+00,0.00000000e+00,8.00429687e-03,6.00322266e-02,2.20118164e-01,1.52081641e-01,1.16062305e-01,4.80257812e-02,6.00322266e-02,8.00429687e-02,2.58817219e+02,1.39746319e+02,6.00322266e-02,3.60193359e-02,3.20171875e-02,3.60193359e-02,8.00429687e-03,2.80150391e-02,1.60085937e-02,8.00429687e-03,1.20064453e-02,1.20064453e-02,8.40451172e-02,3.20171875e-02,4.00214844e-03,1.60085937e-02,4.00214844e-03,0.00000000e+00,1.20064453e-02,0.00000000e+00,0.00000000e+00,0.00000000e+00,0.00000000e+00,0.00000000e+00,0.00000000e+00,0.00000000e+00,2.80150391e-02
gdl_bin_edges:0.        ,0.00250162,0.00500325,0.00750487,0.0100065 ,0.01250813,0.01500975,0.01751137,0.020013  ,0.02251462,0.02501625,0.02751788,0.0300195 ,0.03252112,0.03502275,0.03752437,0.040026  ,0.04252762,0.04502925,0.04753088,0.0500325 ,0.05253413,0.05503575,0.05753738,0.060039  ,0.06254063,0.06504225,0.06754388,0.0700455 ,0.07254713,0.07504875,0.07755038,0.080052  ,0.08255362,0.08505525,0.08755687,0.0900585 ,0.09256012,0.09506175,0.09756337,0.100065  
ri:25.49666388, 0.        , 0.        , 0.        , 0.        , 0.        , 0.        , 0.        , 0.        , 0.        , 0.        , 0.        , 0.        , 0.        , 0.        , 0.        , 0.        , 0.        , 0.        , 0.        , 0.        , 0.        , 0.        , 0.        , 0.        , 0.        , 0.        , 0.        , 0.        , 0.        , 0.        , 0.        , 0.        , 0.        , 0.        , 0.        , 0.        , 0.        , 0.        ,14.50333612
ri_bin_edges:1.   ,1.025,1.05 ,1.075,1.1  ,1.125,1.15 ,1.175,1.2  ,1.225,1.25 ,1.275,1.3  ,1.325,1.35 ,1.375,1.4  ,1.425,1.45 ,1.475,1.5  ,1.525,1.55 ,1.575,1.6  ,1.625,1.65 ,1.675,1.7  ,1.725,1.75 ,1.775,1.8  ,1.825,1.85 ,1.875,1.9  ,1.925,1.95 ,1.975,2.   
