period:1
ue_log_freq:1000
mac_log_freq:1000
mimo_layers:2
frequency:2412000000.0
bandwidth:50000000
ue_speed:5.555555555555555
max_distance:1000
shannon_cfg_bandwidth_mhz:50.0
shannon_cfg_mimo_layers:2
shannon_cfg_bw_efficiency:0.67
shannon_cfg_sinr_offset_db:0
shannon_cfg_ul_divisor:2
shannon_cfg_sinr_sample_rate:1000
n_ue:1
sinr_period:9.463597741343282
sinr_rate:105.66805852612856
ul_fairness:nan
dl_fairness:1.0
ul_agg_throughput:0
dl_agg_throughput:291.0964897853371
ul_ave_throughput:0.0
dl_ave_throughput:291.0964897853371
ul_se:0.0
dl_se:5.821929795706742
ul_ase:0.0
dl_ase:1.8531778106414327e-06
ul_gr:0.35003833205559814
dl_gr:299.990100329989
ul_tr:0.0
dl_tr:299.8901177994067
ul_er:299.6300423319222
dl_er:0.0
ul_er_ratio:1.0
dl_er_ratio:0.0
ul_er_perc:100.0
dl_er_perc:0.0
ul_l:0.0
dl_l:0.006510748024082531
ul_il:0.0
dl_il:0.0066700883495550145
sinr_dl: 0., 0., 0., 0., 0., 0., 0., 0., 0., 0., 0., 0., 0., 0., 0., 0., 0., 0., 0., 0.,40., 0., 0., 0., 0., 0., 0., 0., 0., 0., 0., 0., 0., 0., 0., 0., 0., 0., 0., 0.
sinr_dl_bin_edges:36.62928,36.65428,36.67928,36.70428,36.72928,36.75428,36.77928,36.80428,36.82928,36.85428,36.87928,36.90428,36.92928,36.95428,36.97928,37.00428,37.02928,37.05428,37.07928,37.10428,37.12928,37.15428,37.17928,37.20428,37.22928,37.25428,37.27928,37.30428,37.32928,37.35428,37.37928,37.40428,37.42928,37.45428,37.47928,37.50428,37.52928,37.55428,37.57928,37.60428,37.62928
rsrp_dl: 0., 0., 0., 0., 0., 0., 0., 0., 0., 0., 0., 0., 0., 0., 0., 0., 0., 0., 0., 0.,40., 0., 0., 0., 0., 0., 0., 0., 0., 0., 0., 0., 0., 0., 0., 0., 0., 0., 0., 0.
rsrp_dl_bin_edges:-99.94046,-99.91546,-99.89046,-99.86546,-99.84046,-99.81546,-99.79046,-99.76546,-99.74046,-99.71546,-99.69046,-99.66546,-99.64046,-99.61546,-99.59046,-99.56546,-99.54046,-99.51546,-99.49046,-99.46546,-99.44046,-99.41546,-99.39046,-99.36546,-99.34046,-99.31546,-99.29046,-99.26546,-99.24046,-99.21546,-99.19046,-99.16546,-99.14046,-99.11546,-99.09046,-99.06546,-99.04046,-99.01546,-98.99046,-98.96546,-98.94046
cqi_ul: 0., 0., 0., 0., 0., 0., 0., 0., 0., 0., 0., 0., 0., 0., 0., 0., 0., 0., 0., 0.,40., 0., 0., 0., 0., 0., 0., 0., 0., 0., 0., 0., 0., 0., 0., 0., 0., 0., 0., 0.
cqi_ul_bin_edges:-0.5  ,-0.475,-0.45 ,-0.425,-0.4  ,-0.375,-0.35 ,-0.325,-0.3  ,-0.275,-0.25 ,-0.225,-0.2  ,-0.175,-0.15 ,-0.125,-0.1  ,-0.075,-0.05 ,-0.025, 0.   , 0.025, 0.05 , 0.075, 0.1  , 0.125, 0.15 , 0.175, 0.2  , 0.225, 0.25 , 0.275, 0.3  , 0.325, 0.35 , 0.375, 0.4  , 0.425, 0.45 , 0.475, 0.5  
cqi_dl: 0., 0., 0., 0., 0., 0., 0., 0., 0., 0., 0., 0., 0., 0., 0., 0., 0., 0., 0., 0.,40., 0., 0., 0., 0., 0., 0., 0., 0., 0., 0., 0., 0., 0., 0., 0., 0., 0., 0., 0.
cqi_dl_bin_edges:14.5  ,14.525,14.55 ,14.575,14.6  ,14.625,14.65 ,14.675,14.7  ,14.725,14.75 ,14.775,14.8  ,14.825,14.85 ,14.875,14.9  ,14.925,14.95 ,14.975,15.   ,15.025,15.05 ,15.075,15.1  ,15.125,15.15 ,15.175,15.2  ,15.225,15.25 ,15.275,15.3  ,15.325,15.35 ,15.375,15.4  ,15.425,15.45 ,15.475,15.5  
mcs_ul: 0., 0., 0., 0., 0., 0., 0., 0., 0., 0., 0., 0., 0., 0., 0., 0., 0., 0., 0., 0.,40., 0., 0., 0., 0., 0., 0., 0., 0., 0., 0., 0., 0., 0., 0., 0., 0., 0., 0., 0.
mcs_ul_bin_edges:-0.5  ,-0.475,-0.45 ,-0.425,-0.4  ,-0.375,-0.35 ,-0.325,-0.3  ,-0.275,-0.25 ,-0.225,-0.2  ,-0.175,-0.15 ,-0.125,-0.1  ,-0.075,-0.05 ,-0.025, 0.   , 0.025, 0.05 , 0.075, 0.1  , 0.125, 0.15 , 0.175, 0.2  , 0.225, 0.25 , 0.275, 0.3  , 0.325, 0.35 , 0.375, 0.4  , 0.425, 0.45 , 0.475, 0.5  
mcs_dl: 0., 0., 0., 0., 0., 0., 0., 0., 0., 0., 0., 0., 0., 0., 0., 0., 0., 0., 0., 0.,40., 0., 0., 0., 0., 0., 0., 0., 0., 0., 0., 0., 0., 0., 0., 0., 0., 0., 0., 0.
mcs_dl_bin_edges:27.5  ,27.525,27.55 ,27.575,27.6  ,27.625,27.65 ,27.675,27.7  ,27.725,27.75 ,27.775,27.8  ,27.825,27.85 ,27.875,27.9  ,27.925,27.95 ,27.975,28.   ,28.025,28.05 ,28.075,28.1  ,28.125,28.15 ,28.175,28.2  ,28.225,28.25 ,28.275,28.3  ,28.325,28.35 ,28.375,28.4  ,28.425,28.45 ,28.475,28.5  
eff_ul: 0., 0., 0., 0., 0., 0., 0., 0., 0., 0., 0., 0., 0., 0., 0., 0., 0., 0., 0., 0.,40., 0., 0., 0., 0., 0., 0., 0., 0., 0., 0., 0., 0., 0., 0., 0., 0., 0., 0., 0.
eff_ul_bin_edges:-0.5  ,-0.475,-0.45 ,-0.425,-0.4  ,-0.375,-0.35 ,-0.325,-0.3  ,-0.275,-0.25 ,-0.225,-0.2  ,-0.175,-0.15 ,-0.125,-0.1  ,-0.075,-0.05 ,-0.025, 0.   , 0.025, 0.05 , 0.075, 0.1  , 0.125, 0.15 , 0.175, 0.2  , 0.225, 0.25 , 0.275, 0.3  , 0.325, 0.35 , 0.375, 0.4  , 0.425, 0.45 , 0.475, 0.5  
eff_dl: 0., 0., 0., 0., 0., 0., 0., 0., 0., 0., 0., 0., 0., 0., 0., 0., 0., 0., 0., 0.,40., 0., 0., 0., 0., 0., 0., 0., 0., 0., 0., 0., 0., 0., 0., 0., 0., 0., 0., 0.
eff_dl_bin_edges:6.9062796,6.9312796,6.9562796,6.9812796,7.0062796,7.0312796,7.0562796,7.0812796,7.1062796,7.1312796,7.1562796,7.1812796,7.2062796,7.2312796,7.2562796,7.2812796,7.3062796,7.3312796,7.3562796,7.3812796,7.4062796,7.4312796,7.4562796,7.4812796,7.5062796,7.5312796,7.5562796,7.5812796,7.6062796,7.6312796,7.6562796,7.6812796,7.7062796,7.7312796,7.7562796,7.7812796,7.8062796,7.8312796,7.8562796,7.8812796,7.9062796
rul: 0., 0., 0., 0., 0., 0., 0., 0., 0., 0., 0., 0., 0., 0., 0., 0., 0., 0., 0., 0.,40., 0., 0., 0., 0., 0., 0., 0., 0., 0., 0., 0., 0., 0., 0., 0., 0., 0., 0., 0.
rul_bin_edges:-0.5  ,-0.475,-0.45 ,-0.425,-0.4  ,-0.375,-0.35 ,-0.325,-0.3  ,-0.275,-0.25 ,-0.225,-0.2  ,-0.175,-0.15 ,-0.125,-0.1  ,-0.075,-0.05 ,-0.025, 0.   , 0.025, 0.05 , 0.075, 0.1  , 0.125, 0.15 , 0.175, 0.2  , 0.225, 0.25 , 0.275, 0.3  , 0.325, 0.35 , 0.375, 0.4  , 0.425, 0.45 , 0.475, 0.5  
rdl:1.67186666e-02,0.00000000e+00,0.00000000e+00,0.00000000e+00,0.00000000e+00,0.00000000e+00,0.00000000e+00,0.00000000e+00,0.00000000e+00,0.00000000e+00,0.00000000e+00,1.91120881e-05,9.99709224e-05,1.24140363e-02,1.55837026e-04,1.47016062e-06,0.00000000e+00,0.00000000e+00,0.00000000e+00,0.00000000e+00,0.00000000e+00,0.00000000e+00,0.00000000e+00,0.00000000e+00,1.61717669e-05,1.32314456e-04,1.24493202e-02,8.82096374e-05,5.88064250e-06,0.00000000e+00,0.00000000e+00,0.00000000e+00,0.00000000e+00,0.00000000e+00,0.00000000e+00,0.00000000e+00,0.00000000e+00,1.47016062e-06,3.08733731e-05,1.97295556e-03
rdl_bin_edges:  0.        , 22.67250375, 45.3450075 , 68.01751125, 90.690015  ,113.36251875,136.0350225 ,158.70752625,181.38003   ,204.05253375,226.7250375 ,249.39754125,272.070045  ,294.74254875,317.4150525 ,340.08755625,362.76006   ,385.43256375,408.1050675 ,430.77757125,453.450075  ,476.12257875,498.7950825 ,521.46758625,544.14009   ,566.81259375,589.4850975 ,612.15760125,634.830105  ,657.50260875,680.1751125 ,702.84761625,725.52012   ,748.19262375,770.8651275 ,793.53763125,816.210135  ,838.88263875,861.5551425 ,884.22764625,906.90015   
lul: 0., 0., 0., 0., 0., 0., 0., 0., 0., 0., 0., 0., 0., 0., 0., 0., 0., 0., 0., 0.,40., 0., 0., 0., 0., 0., 0., 0., 0., 0., 0., 0., 0., 0., 0., 0., 0., 0., 0., 0.
lul_bin_edges:-0.5  ,-0.475,-0.45 ,-0.425,-0.4  ,-0.375,-0.35 ,-0.325,-0.3  ,-0.275,-0.25 ,-0.225,-0.2  ,-0.175,-0.15 ,-0.125,-0.1  ,-0.075,-0.05 ,-0.025, 0.   , 0.025, 0.05 , 0.075, 0.1  , 0.125, 0.15 , 0.175, 0.2  , 0.225, 0.25 , 0.275, 0.3  , 0.325, 0.35 , 0.375, 0.4  , 0.425, 0.45 , 0.475, 0.5  
ldl:1362.58812975,   0.        ,   0.        ,   0.        ,   0.        ,   0.        ,   0.        ,   0.        ,   0.        ,   0.        ,   0.        ,   0.        ,   0.        ,   0.        ,   0.        ,   0.        ,   0.        ,   0.        ,   0.        ,   0.        ,   0.        ,   0.        ,   0.        ,   0.        ,   0.        ,   0.        ,   0.        ,   0.        ,   0.        ,   0.        ,   0.        ,   0.        ,   0.        ,   0.        ,   0.        ,1034.76179111,  59.5503254 ,   0.        , 163.67353018, 974.13308959
ldl_bin_edges:0.        ,0.00027819,0.00055637,0.00083456,0.00111275,0.00139093,0.00166912,0.00194731,0.00222549,0.00250368,0.00278187,0.00306005,0.00333824,0.00361643,0.00389462,0.0041728 ,0.00445099,0.00472918,0.00500736,0.00528555,0.00556374,0.00584192,0.00612011,0.0063983 ,0.00667648,0.00695467,0.00723286,0.00751104,0.00778923,0.00806742,0.0083456 ,0.00862379,0.00890198,0.00918016,0.00945835,0.00973654,0.01001472,0.01029291,0.0105711 ,0.01084929,0.01112747
ilul: 0., 0., 0., 0., 0., 0., 0., 0., 0., 0., 0., 0., 0., 0., 0., 0., 0., 0., 0., 0.,40., 0., 0., 0., 0., 0., 0., 0., 0., 0., 0., 0., 0., 0., 0., 0., 0., 0., 0., 0.
ilul_bin_edges:-0.5  ,-0.475,-0.45 ,-0.425,-0.4  ,-0.375,-0.35 ,-0.325,-0.3  ,-0.275,-0.25 ,-0.225,-0.2  ,-0.175,-0.15 ,-0.125,-0.1  ,-0.075,-0.05 ,-0.025, 0.   , 0.025, 0.05 , 0.075, 0.1  , 0.125, 0.15 , 0.175, 0.2  , 0.225, 0.25 , 0.275, 0.3  , 0.325, 0.35 , 0.375, 0.4  , 0.425, 0.45 , 0.475, 0.5  
ildl:1316.7856478 ,   0.        ,   0.        ,   0.        ,   0.        ,   0.        ,   0.        ,   0.        ,   0.        ,   0.        ,   0.        ,   0.        ,   0.        ,   0.        ,   0.        ,   0.        ,   0.        ,   0.        ,   0.        ,   0.        ,   0.        ,   0.        ,   0.        ,   0.        ,   0.        ,   0.        ,   0.        ,   0.        ,   0.        ,   0.        ,   0.        ,   0.        ,   0.        ,   0.        , 403.30323701,   2.31583828, 651.67689288,  22.81100709, 729.25747537, 347.72311822
ildl_bin_edges:0.        ,0.00028786,0.00057573,0.00086359,0.00115145,0.00143932,0.00172718,0.00201504,0.00230291,0.00259077,0.00287863,0.00316649,0.00345436,0.00374222,0.00403008,0.00431795,0.00460581,0.00489367,0.00518154,0.0054694 ,0.00575726,0.00604513,0.00633299,0.00662085,0.00690872,0.00719658,0.00748444,0.0077723 ,0.00806017,0.00834803,0.00863589,0.00892376,0.00921162,0.00949948,0.00978735,0.01007521,0.01036307,0.01065094,0.0109388 ,0.01122666,0.01151452
eul:1.40186669e-04,0.00000000e+00,0.00000000e+00,0.00000000e+00,0.00000000e+00,0.00000000e+00,0.00000000e+00,0.00000000e+00,0.00000000e+00,0.00000000e+00,0.00000000e+00,0.00000000e+00,0.00000000e+00,0.00000000e+00,0.00000000e+00,0.00000000e+00,0.00000000e+00,0.00000000e+00,0.00000000e+00,0.00000000e+00,0.00000000e+00,0.00000000e+00,0.00000000e+00,0.00000000e+00,0.00000000e+00,0.00000000e+00,0.00000000e+00,0.00000000e+00,3.78882890e-06,3.78882890e-05,3.40994601e-04,6.63045058e-04,3.78882890e-05,1.88532126e-02,9.24209034e-02,1.32609012e-04,2.42485050e-04,7.12299833e-04,6.44100913e-05,1.89441445e-05
eul_bin_edges:  0.    ,  8.7975, 17.595 , 26.3925, 35.19  , 43.9875, 52.785 , 61.5825, 70.38  , 79.1775, 87.975 , 96.7725,105.57  ,114.3675,123.165 ,131.9625,140.76  ,149.5575,158.355 ,167.1525,175.95  ,184.7475,193.545 ,202.3425,211.14  ,219.9375,228.735 ,237.5325,246.33  ,255.1275,263.925 ,272.7225,281.52  ,290.3175,299.115 ,307.9125,316.71  ,325.5075,334.305 ,343.1025,351.9   
edl: 0., 0., 0., 0., 0., 0., 0., 0., 0., 0., 0., 0., 0., 0., 0., 0., 0., 0., 0., 0.,40., 0., 0., 0., 0., 0., 0., 0., 0., 0., 0., 0., 0., 0., 0., 0., 0., 0., 0., 0.
edl_bin_edges:-0.5  ,-0.475,-0.45 ,-0.425,-0.4  ,-0.375,-0.35 ,-0.325,-0.3  ,-0.275,-0.25 ,-0.225,-0.2  ,-0.175,-0.15 ,-0.125,-0.1  ,-0.075,-0.05 ,-0.025, 0.   , 0.025, 0.05 , 0.075, 0.1  , 0.125, 0.15 , 0.175, 0.2  , 0.225, 0.25 , 0.275, 0.3  , 0.325, 0.35 , 0.375, 0.4  , 0.425, 0.45 , 0.475, 0.5  
gul:1.29048239e-01,0.00000000e+00,0.00000000e+00,0.00000000e+00,0.00000000e+00,0.00000000e+00,0.00000000e+00,0.00000000e+00,0.00000000e+00,0.00000000e+00,0.00000000e+00,0.00000000e+00,0.00000000e+00,0.00000000e+00,0.00000000e+00,0.00000000e+00,0.00000000e+00,0.00000000e+00,0.00000000e+00,0.00000000e+00,0.00000000e+00,0.00000000e+00,0.00000000e+00,0.00000000e+00,0.00000000e+00,0.00000000e+00,0.00000000e+00,0.00000000e+00,0.00000000e+00,0.00000000e+00,0.00000000e+00,0.00000000e+00,0.00000000e+00,0.00000000e+00,0.00000000e+00,0.00000000e+00,0.00000000e+00,8.61297733e-06,1.24888171e-04,1.72259547e-05
gul_bin_edges:  0.  ,  7.74, 15.48, 23.22, 30.96, 38.7 , 46.44, 54.18, 61.92, 69.66, 77.4 , 85.14, 92.88,100.62,108.36,116.1 ,123.84,131.58,139.32,147.06,154.8 ,162.54,170.28,178.02,185.76,193.5 ,201.24,208.98,216.72,224.46,232.2 ,239.94,247.68,255.42,263.16,270.9 ,278.64,286.38,294.12,301.86,309.6 
gdl:3.78882890e-06,0.00000000e+00,0.00000000e+00,0.00000000e+00,0.00000000e+00,0.00000000e+00,0.00000000e+00,0.00000000e+00,0.00000000e+00,0.00000000e+00,0.00000000e+00,0.00000000e+00,0.00000000e+00,0.00000000e+00,0.00000000e+00,0.00000000e+00,0.00000000e+00,0.00000000e+00,0.00000000e+00,0.00000000e+00,0.00000000e+00,0.00000000e+00,0.00000000e+00,0.00000000e+00,0.00000000e+00,0.00000000e+00,0.00000000e+00,0.00000000e+00,3.78882890e-06,3.78882890e-05,3.40994601e-04,6.63045058e-04,3.78882890e-05,1.88873121e-02,9.25194129e-02,1.36397840e-04,2.42485050e-04,7.12299833e-04,6.44100913e-05,1.89441445e-05
gdl_bin_edges:  0.    ,  8.7975, 17.595 , 26.3925, 35.19  , 43.9875, 52.785 , 61.5825, 70.38  , 79.1775, 87.975 , 96.7725,105.57  ,114.3675,123.165 ,131.9625,140.76  ,149.5575,158.355 ,167.1525,175.95  ,184.7475,193.545 ,202.3425,211.14  ,219.9375,228.735 ,237.5325,246.33  ,255.1275,263.925 ,272.7225,281.52  ,290.3175,299.115 ,307.9125,316.71  ,325.5075,334.305 ,343.1025,351.9   
ri:20., 0., 0., 0., 0., 0., 0., 0., 0., 0., 0., 0., 0., 0., 0., 0., 0., 0., 0., 0., 0., 0., 0., 0., 0., 0., 0., 0., 0., 0., 0., 0., 0., 0., 0., 0., 0., 0., 0.,20.
ri_bin_edges:1.   ,1.025,1.05 ,1.075,1.1  ,1.125,1.15 ,1.175,1.2  ,1.225,1.25 ,1.275,1.3  ,1.325,1.35 ,1.375,1.4  ,1.425,1.45 ,1.475,1.5  ,1.525,1.55 ,1.575,1.6  ,1.625,1.65 ,1.675,1.7  ,1.725,1.75 ,1.775,1.8  ,1.825,1.85 ,1.875,1.9  ,1.925,1.95 ,1.975,2.   
