period:1.0
ue_log_freq:1000
mac_log_freq:1000
mimo_layers:1
frequency:28000000000.0
bandwidth:300000000.0
ue_speed:0.27778
max_distance:10.0
shannon_cfg_bandwidth_mhz:300.0
shannon_cfg_mimo_layers:1
shannon_cfg_bw_efficiency:0.67
shannon_cfg_sinr_offset_db:0.0
shannon_cfg_ul_divisor:2.0
shannon_cfg_sinr_sample_rate:1000
n_ue:1
sinr_period:16.304296531427745
sinr_rate:61.33352629304954
ul_fairness:1.0
dl_fairness:1.0
ul_agg_throughput:148.90898968112754
dl_agg_throughput:148.87471325486808
ul_ave_throughput:148.90898968112754
dl_ave_throughput:148.87471325486808
ul_se:0.4963632989370918
dl_se:0.4962490441828936
ul_ase:0.0015799734519047655
dl_ase:0.0015796097677267177
ul_gr:149.99840851591483
dl_gr:149.99840851591483
ul_tr:149.99218618375818
dl_tr:149.99272409801904
ul_er:0.0
dl_er:0.0
ul_er_ratio:0.0
dl_er_ratio:0.0
ul_er_perc:0.0
dl_er_perc:0.0
ul_l:0.0027585521587454127
dl_l:0.002758571473588264
ul_il:0.002758552971906281
dl_il:0.002758571473588264
sinr_ul:0.19973779,0.19614185,0.19069347,0.18055947,0.1760918 ,0.17129722,0.16356051,0.16061838,0.15822109,0.15059335,0.15331755,0.14950368,0.14950368,0.14296562,0.14612568,0.14372839,0.14721536,0.14525394,0.14972161,0.1376262 ,0.14220284,0.14492703,0.1376262 ,0.13413923,0.13838897,0.13697239,0.13828001,0.13631859,0.13413923,0.12781911,0.12422317,0.12051827,0.11921066,0.11768511,0.1170313 ,0.39217473,0.61065496,0.54897925,0.71559085,3.44751994
sinr_ul_bin_edges:42.027367 ,42.1191364,42.2109058,42.3026752,42.3944446,42.486214 ,42.5779834,42.6697528,42.7615222,42.8532916,42.945061 ,43.0368304,43.1285998,43.2203692,43.3121386,43.403908 ,43.4956774,43.5874468,43.6792162,43.7709856,43.862755 ,43.9545244,44.0462938,44.1380632,44.2298326,44.321602 ,44.4133714,44.5051408,44.5969102,44.6886796,44.780449 ,44.8722184,44.9639878,45.0557572,45.1475266,45.239296 ,45.3310654,45.4228348,45.5146042,45.6063736,45.698143 
sinr_dl:0.19993192,0.19655432,0.19001704,0.18119171,0.17541711,0.17214846,0.1626694 ,0.16125299,0.15711271,0.15122916,0.15220975,0.15068438,0.14828738,0.14447396,0.14469187,0.14512769,0.14545456,0.14665306,0.14828738,0.13902623,0.14098741,0.14610829,0.13695609,0.13488595,0.13750086,0.13782773,0.13750086,0.13695609,0.13346954,0.12845762,0.12388152,0.12093974,0.1188696 ,0.1176711 ,0.11690842,0.39212805,0.61058227,0.5489139 ,0.71419822,3.44841702
sinr_dl_bin_edges:27.28335   ,27.37513032,27.46691065,27.55869097,27.6504713 ,27.74225162,27.83403195,27.92581227,28.0175926 ,28.10937292,28.20115325,28.29293357,28.3847139 ,28.47649422,28.56827455,28.66005488,28.7518352 ,28.84361553,28.93539585,29.02717618,29.1189565 ,29.21073682,29.30251715,29.39429747,29.4860778 ,29.57785812,29.66963845,29.76141877,29.8531991 ,29.94497942,30.03675975,30.12854008,30.2203204 ,30.31210073,30.40388105,30.49566138,30.5874417 ,30.67922203,30.77100235,30.86278267,30.954563  
rsrp_ul:0.20008191,0.19670362,0.19005602,0.1811199 ,0.17545309,0.1720748 ,0.16270278,0.16128607,0.1573629 ,0.15147814,0.15245893,0.15049734,0.1483178 ,0.14439463,0.14472156,0.14515747,0.14559337,0.14679212,0.14820882,0.13894577,0.14112531,0.14613826,0.13665725,0.13491362,0.13752907,0.13774702,0.13763805,0.13676623,0.13349692,0.12848397,0.12390694,0.12085558,0.11900297,0.11769524,0.11704138,0.39155464,0.61048958,0.54891753,0.71467167,3.44977833
rsrp_ul_bin_edges:-113.83069  ,-113.7389285,-113.647167 ,-113.5554055,-113.463644 ,-113.3718825,-113.280121 ,-113.1883595,-113.096598 ,-113.0048365,-112.913075 ,-112.8213135,-112.729552 ,-112.6377905,-112.546029 ,-112.4542675,-112.362506 ,-112.2707445,-112.178983 ,-112.0872215,-111.99546  ,-111.9036985,-111.811937 ,-111.7201755,-111.628414 ,-111.5366525,-111.444891 ,-111.3531295,-111.261368 ,-111.1696065,-111.077845 ,-110.9860835,-110.894322 ,-110.8025605,-110.710799 ,-110.6190375,-110.527276 ,-110.4355145,-110.343753 ,-110.2519915,-110.16023  
rsrp_dl:0.20008191,0.19670362,0.19005602,0.1811199 ,0.17545309,0.1720748 ,0.16270278,0.16128607,0.1573629 ,0.15147814,0.15245893,0.15049734,0.1483178 ,0.14439463,0.14472156,0.14515747,0.14559337,0.14679212,0.14820882,0.13894577,0.14112531,0.14613826,0.13665725,0.13491362,0.13752907,0.13774702,0.13763805,0.13676623,0.13349692,0.12848397,0.12390694,0.12085558,0.11900297,0.11769524,0.11704138,0.39155464,0.61048958,0.54891753,0.71467167,3.44977833
rsrp_dl_bin_edges:-123.83069  ,-123.7389285,-123.647167 ,-123.5554055,-123.463644 ,-123.3718825,-123.280121 ,-123.1883595,-123.096598 ,-123.0048365,-122.913075 ,-122.8213135,-122.729552 ,-122.6377905,-122.546029 ,-122.4542675,-122.362506 ,-122.2707445,-122.178983 ,-122.0872215,-121.99546  ,-121.9036985,-121.811937 ,-121.7201755,-121.628414 ,-121.5366525,-121.444891 ,-121.3531295,-121.261368 ,-121.1696065,-121.077845 ,-120.9860835,-120.894322 ,-120.8025605,-120.710799 ,-120.6190375,-120.527276 ,-120.4355145,-120.343753 ,-120.2519915,-120.16023  
cqi_ul: 0., 0., 0., 0., 0., 0., 0., 0., 0., 0., 0., 0., 0., 0., 0., 0., 0., 0., 0., 0.,40., 0., 0., 0., 0., 0., 0., 0., 0., 0., 0., 0., 0., 0., 0., 0., 0., 0., 0., 0.
cqi_ul_bin_edges:14.5  ,14.525,14.55 ,14.575,14.6  ,14.625,14.65 ,14.675,14.7  ,14.725,14.75 ,14.775,14.8  ,14.825,14.85 ,14.875,14.9  ,14.925,14.95 ,14.975,15.   ,15.025,15.05 ,15.075,15.1  ,15.125,15.15 ,15.175,15.2  ,15.225,15.25 ,15.275,15.3  ,15.325,15.35 ,15.375,15.4  ,15.425,15.45 ,15.475,15.5  
cqi_dl: 0., 0., 0., 0., 0., 0., 0., 0., 0., 0., 0., 0., 0., 0., 0., 0., 0., 0., 0., 0.,40., 0., 0., 0., 0., 0., 0., 0., 0., 0., 0., 0., 0., 0., 0., 0., 0., 0., 0., 0.
cqi_dl_bin_edges:14.5  ,14.525,14.55 ,14.575,14.6  ,14.625,14.65 ,14.675,14.7  ,14.725,14.75 ,14.775,14.8  ,14.825,14.85 ,14.875,14.9  ,14.925,14.95 ,14.975,15.   ,15.025,15.05 ,15.075,15.1  ,15.125,15.15 ,15.175,15.2  ,15.225,15.25 ,15.275,15.3  ,15.325,15.35 ,15.375,15.4  ,15.425,15.45 ,15.475,15.5  
mcs_ul: 0., 0., 0., 0., 0., 0., 0., 0., 0., 0., 0., 0., 0., 0., 0., 0., 0., 0., 0., 0.,40., 0., 0., 0., 0., 0., 0., 0., 0., 0., 0., 0., 0., 0., 0., 0., 0., 0., 0., 0.
mcs_ul_bin_edges:27.5  ,27.525,27.55 ,27.575,27.6  ,27.625,27.65 ,27.675,27.7  ,27.725,27.75 ,27.775,27.8  ,27.825,27.85 ,27.875,27.9  ,27.925,27.95 ,27.975,28.   ,28.025,28.05 ,28.075,28.1  ,28.125,28.15 ,28.175,28.2  ,28.225,28.25 ,28.275,28.3  ,28.325,28.35 ,28.375,28.4  ,28.425,28.45 ,28.475,28.5  
mcs_dl: 0., 0., 0., 0., 0., 0., 0., 0., 0., 0., 0., 0., 0., 0., 0., 0., 0., 0., 0., 0.,40., 0., 0., 0., 0., 0., 0., 0., 0., 0., 0., 0., 0., 0., 0., 0., 0., 0., 0., 0.
mcs_dl_bin_edges:27.5  ,27.525,27.55 ,27.575,27.6  ,27.625,27.65 ,27.675,27.7  ,27.725,27.75 ,27.775,27.8  ,27.825,27.85 ,27.875,27.9  ,27.925,27.95 ,27.975,28.   ,28.025,28.05 ,28.075,28.1  ,28.125,28.15 ,28.175,28.2  ,28.225,28.25 ,28.275,28.3  ,28.325,28.35 ,28.375,28.4  ,28.425,28.45 ,28.475,28.5  
eff_ul: 0., 0., 0., 0., 0., 0., 0., 0., 0., 0., 0., 0., 0., 0., 0., 0., 0., 0., 0., 0.,40., 0., 0., 0., 0., 0., 0., 0., 0., 0., 0., 0., 0., 0., 0., 0., 0., 0., 0., 0.
eff_ul_bin_edges:5.054651,5.079651,5.104651,5.129651,5.154651,5.179651,5.204651,5.229651,5.254651,5.279651,5.304651,5.329651,5.354651,5.379651,5.404651,5.429651,5.454651,5.479651,5.504651,5.529651,5.554651,5.579651,5.604651,5.629651,5.654651,5.679651,5.704651,5.729651,5.754651,5.779651,5.804651,5.829651,5.854651,5.879651,5.904651,5.929651,5.954651,5.979651,6.004651,6.029651,6.054651
eff_dl: 0., 0., 0., 0., 0., 0., 0., 0., 0., 0., 0., 0., 0., 0., 0., 0., 0., 0., 0., 0.,40., 0., 0., 0., 0., 0., 0., 0., 0., 0., 0., 0., 0., 0., 0., 0., 0., 0., 0., 0.
eff_dl_bin_edges:5.054651,5.079651,5.104651,5.129651,5.154651,5.179651,5.204651,5.229651,5.254651,5.279651,5.304651,5.329651,5.354651,5.379651,5.404651,5.429651,5.454651,5.479651,5.504651,5.529651,5.554651,5.579651,5.604651,5.629651,5.654651,5.679651,5.704651,5.729651,5.754651,5.779651,5.804651,5.829651,5.854651,5.879651,5.904651,5.929651,5.954651,5.979651,6.004651,6.029651,6.054651
rul:9.86397763e-03,0.00000000e+00,0.00000000e+00,0.00000000e+00,5.09315066e-06,8.00352246e-06,5.09315066e-06,8.73111541e-06,9.45870836e-06,1.89174167e-05,4.85246291e-02,4.34372992e-03,3.63796475e-05,2.54657533e-05,2.47381603e-05,1.89174167e-05,1.16414872e-05,1.74622308e-05,1.74622308e-05,1.81898238e-05,1.81898238e-05,8.79587118e-03,9.82978077e-04,0.00000000e+00,0.00000000e+00,0.00000000e+00,0.00000000e+00,7.27592951e-07,0.00000000e+00,0.00000000e+00,0.00000000e+00,7.27592951e-07,2.18277885e-06,0.00000000e+00,0.00000000e+00,0.00000000e+00,0.00000000e+00,0.00000000e+00,0.00000000e+00,1.45518590e-06
rul_bin_edges:  0.      , 13.743811, 27.487622, 41.231433, 54.975244, 68.719055, 82.462866, 96.206677,109.950488,123.694299,137.43811 ,151.181921,164.925732,178.669543,192.413354,206.157165,219.900976,233.644787,247.388598,261.132409,274.87622 ,288.620031,302.363842,316.107653,329.851464,343.595275,357.339086,371.082897,384.826708,398.570519,412.31433 ,426.058141,439.801952,453.545763,467.289574,481.033385,494.777196,508.521007,522.264818,536.008629,549.75244 
rdl:9.86400885e-03,0.00000000e+00,0.00000000e+00,0.00000000e+00,5.09316678e-06,8.00354779e-06,5.09316678e-06,8.73114304e-06,9.45873830e-06,1.89174766e-05,4.85247827e-02,4.34374366e-03,3.63797627e-05,2.54658339e-05,2.47382386e-05,1.89174766e-05,1.16415241e-05,1.74622861e-05,1.74622861e-05,1.81898813e-05,1.81898813e-05,8.79589902e-03,9.82981188e-04,0.00000000e+00,0.00000000e+00,0.00000000e+00,0.00000000e+00,7.27595254e-07,0.00000000e+00,0.00000000e+00,0.00000000e+00,7.27595254e-07,2.18278576e-06,0.00000000e+00,0.00000000e+00,0.00000000e+00,0.00000000e+00,0.00000000e+00,0.00000000e+00,1.45519051e-06
rdl_bin_edges:  0.       , 13.7437675, 27.487535 , 41.2313025, 54.97507  , 68.7188375, 82.462605 , 96.2063725,109.95014  ,123.6939075,137.437675 ,151.1814425,164.92521  ,178.6689775,192.412745 ,206.1565125,219.90028  ,233.6440475,247.387815 ,261.1315825,274.87535  ,288.6191175,302.362885 ,316.1066525,329.85042  ,343.5941875,357.337955 ,371.0817225,384.82549  ,398.5692575,412.313025 ,426.0567925,439.80056  ,453.5443275,467.288095 ,481.0318625,494.77563  ,508.5193975,522.263165 ,536.0069325,549.7507   
lul:1.28646846e+03,0.00000000e+00,0.00000000e+00,0.00000000e+00,0.00000000e+00,0.00000000e+00,0.00000000e+00,0.00000000e+00,0.00000000e+00,0.00000000e+00,0.00000000e+00,0.00000000e+00,0.00000000e+00,0.00000000e+00,0.00000000e+00,0.00000000e+00,0.00000000e+00,0.00000000e+00,0.00000000e+00,0.00000000e+00,0.00000000e+00,0.00000000e+00,0.00000000e+00,0.00000000e+00,0.00000000e+00,0.00000000e+00,0.00000000e+00,0.00000000e+00,5.96385407e+03,1.81246202e+01,1.36646351e+01,1.17667691e+01,2.70445903e+01,1.25325580e+03,9.20465003e+00,6.35785105e+00,6.92721085e+00,8.73208140e+02,1.85990867e+01,9.48932993e-01
lul_bin_edges:0.        ,0.00010538,0.00021076,0.00031614,0.00042152,0.0005269 ,0.00063228,0.00073766,0.00084304,0.00094842,0.0010538 ,0.00115919,0.00126457,0.00136995,0.00147533,0.00158071,0.00168609,0.00179147,0.00189685,0.00200223,0.00210761,0.00221299,0.00231837,0.00242375,0.00252913,0.00263451,0.00273989,0.00284527,0.00295065,0.00305603,0.00316141,0.00326679,0.00337217,0.00347756,0.00358294,0.00368832,0.0037937 ,0.00389908,0.00400446,0.00410984,0.00421522
ldl:1.28600363e+03,0.00000000e+00,0.00000000e+00,0.00000000e+00,0.00000000e+00,0.00000000e+00,0.00000000e+00,0.00000000e+00,0.00000000e+00,0.00000000e+00,0.00000000e+00,0.00000000e+00,0.00000000e+00,0.00000000e+00,0.00000000e+00,0.00000000e+00,0.00000000e+00,0.00000000e+00,0.00000000e+00,0.00000000e+00,0.00000000e+00,0.00000000e+00,0.00000000e+00,0.00000000e+00,0.00000000e+00,0.00000000e+00,0.00000000e+00,0.00000000e+00,5.96169920e+03,1.84026484e+01,1.34699797e+01,1.19522355e+01,2.72245365e+01,1.25242354e+03,9.39104221e+00,6.16583580e+00,6.82984888e+00,8.75264106e+02,1.63157501e+01,8.53731110e-01
ldl_bin_edges:0.        ,0.00010542,0.00021084,0.00031626,0.00042167,0.00052709,0.00063251,0.00073793,0.00084335,0.00094877,0.00105419,0.0011596 ,0.00126502,0.00137044,0.00147586,0.00158128,0.0016867 ,0.00179212,0.00189753,0.00200295,0.00210837,0.00221379,0.00231921,0.00242463,0.00253005,0.00263546,0.00274088,0.0028463 ,0.00295172,0.00305714,0.00316256,0.00326798,0.00337339,0.00347881,0.00358423,0.00368965,0.00379507,0.00390049,0.00400591,0.00411132,0.00421674
ilul:1.28646846e+03,0.00000000e+00,0.00000000e+00,0.00000000e+00,0.00000000e+00,0.00000000e+00,0.00000000e+00,0.00000000e+00,0.00000000e+00,0.00000000e+00,0.00000000e+00,0.00000000e+00,0.00000000e+00,0.00000000e+00,0.00000000e+00,0.00000000e+00,0.00000000e+00,0.00000000e+00,0.00000000e+00,0.00000000e+00,0.00000000e+00,0.00000000e+00,0.00000000e+00,0.00000000e+00,0.00000000e+00,0.00000000e+00,0.00000000e+00,0.00000000e+00,5.96385407e+03,1.81246202e+01,1.36646351e+01,1.17667691e+01,2.70445903e+01,1.25325580e+03,9.20465003e+00,6.35785105e+00,6.92721085e+00,8.73208140e+02,1.85990867e+01,9.48932993e-01
ilul_bin_edges:0.        ,0.00010538,0.00021076,0.00031614,0.00042152,0.0005269 ,0.00063228,0.00073766,0.00084304,0.00094842,0.0010538 ,0.00115919,0.00126457,0.00136995,0.00147533,0.00158071,0.00168609,0.00179147,0.00189685,0.00200223,0.00210761,0.00221299,0.00231837,0.00242375,0.00252913,0.00263451,0.00273989,0.00284527,0.00295065,0.00305603,0.00316141,0.00326679,0.00337217,0.00347756,0.00358294,0.00368832,0.0037937 ,0.00389908,0.00400446,0.00410984,0.00421522
ildl:1.28600363e+03,0.00000000e+00,0.00000000e+00,0.00000000e+00,0.00000000e+00,0.00000000e+00,0.00000000e+00,0.00000000e+00,0.00000000e+00,0.00000000e+00,0.00000000e+00,0.00000000e+00,0.00000000e+00,0.00000000e+00,0.00000000e+00,0.00000000e+00,0.00000000e+00,0.00000000e+00,0.00000000e+00,0.00000000e+00,0.00000000e+00,0.00000000e+00,0.00000000e+00,0.00000000e+00,0.00000000e+00,0.00000000e+00,0.00000000e+00,0.00000000e+00,5.96169920e+03,1.84026484e+01,1.34699797e+01,1.19522355e+01,2.72245365e+01,1.25242354e+03,9.39104221e+00,6.16583580e+00,6.82984888e+00,8.75264106e+02,1.63157501e+01,8.53731110e-01
ildl_bin_edges:0.        ,0.00010542,0.00021084,0.00031626,0.00042167,0.00052709,0.00063251,0.00073793,0.00084335,0.00094877,0.00105419,0.0011596 ,0.00126502,0.00137044,0.00147586,0.00158128,0.0016867 ,0.00179212,0.00189753,0.00200295,0.00210837,0.00221379,0.00231921,0.00242463,0.00253005,0.00263546,0.00274088,0.0028463 ,0.00295172,0.00305714,0.00316256,0.00326798,0.00337339,0.00347881,0.00358423,0.00368965,0.00379507,0.00390049,0.00400591,0.00411132,0.00421674
eul: 0., 0., 0., 0., 0., 0., 0., 0., 0., 0., 0., 0., 0., 0., 0., 0., 0., 0., 0., 0.,40., 0., 0., 0., 0., 0., 0., 0., 0., 0., 0., 0., 0., 0., 0., 0., 0., 0., 0., 0.
eul_bin_edges:-0.5  ,-0.475,-0.45 ,-0.425,-0.4  ,-0.375,-0.35 ,-0.325,-0.3  ,-0.275,-0.25 ,-0.225,-0.2  ,-0.175,-0.15 ,-0.125,-0.1  ,-0.075,-0.05 ,-0.025, 0.   , 0.025, 0.05 , 0.075, 0.1  , 0.125, 0.15 , 0.175, 0.2  , 0.225, 0.25 , 0.275, 0.3  , 0.325, 0.35 , 0.375, 0.4  , 0.425, 0.45 , 0.475, 0.5  
edl: 0., 0., 0., 0., 0., 0., 0., 0., 0., 0., 0., 0., 0., 0., 0., 0., 0., 0., 0., 0.,40., 0., 0., 0., 0., 0., 0., 0., 0., 0., 0., 0., 0., 0., 0., 0., 0., 0., 0., 0.
edl_bin_edges:-0.5  ,-0.475,-0.45 ,-0.425,-0.4  ,-0.375,-0.35 ,-0.325,-0.3  ,-0.275,-0.25 ,-0.225,-0.2  ,-0.175,-0.15 ,-0.125,-0.1  ,-0.075,-0.05 ,-0.025, 0.   , 0.025, 0.05 , 0.075, 0.1  , 0.125, 0.15 , 0.175, 0.2  , 0.225, 0.25 , 0.275, 0.3  , 0.325, 0.35 , 0.375, 0.4  , 0.425, 0.45 , 0.475, 0.5  
gul:8.29695084e-07,0.00000000e+00,0.00000000e+00,4.14847542e-06,2.32314624e-05,3.81659739e-05,5.39301805e-05,4.39738395e-05,4.39738395e-05,8.54585937e-05,1.41877859e-04,2.43100660e-04,8.16826513e-02,2.03275296e-04,1.39388774e-04,7.55022527e-05,4.39738395e-05,4.39738395e-05,5.22707903e-05,2.65502427e-05,1.90829869e-05,8.29695084e-07,8.29695084e-07,0.00000000e+00,0.00000000e+00,1.65939017e-06,0.00000000e+00,0.00000000e+00,0.00000000e+00,0.00000000e+00,0.00000000e+00,0.00000000e+00,0.00000000e+00,0.00000000e+00,0.00000000e+00,0.00000000e+00,0.00000000e+00,0.00000000e+00,0.00000000e+00,1.65939017e-06
gul_bin_edges:  0.    , 12.0525, 24.105 , 36.1575, 48.21  , 60.2625, 72.315 , 84.3675, 96.42  ,108.4725,120.525 ,132.5775,144.63  ,156.6825,168.735 ,180.7875,192.84  ,204.8925,216.945 ,228.9975,241.05  ,253.1025,265.155 ,277.2075,289.26  ,301.3125,313.365 ,325.4175,337.47  ,349.5225,361.575 ,373.6275,385.68  ,397.7325,409.785 ,421.8375,433.89  ,445.9425,457.995 ,470.0475,482.1   
gdl:8.29695084e-07,0.00000000e+00,0.00000000e+00,4.14847542e-06,2.32314624e-05,3.81659739e-05,5.39301805e-05,4.39738395e-05,4.39738395e-05,8.54585937e-05,1.41877859e-04,2.43100660e-04,8.16826513e-02,2.03275296e-04,1.39388774e-04,7.55022527e-05,4.39738395e-05,4.39738395e-05,5.22707903e-05,2.65502427e-05,1.90829869e-05,8.29695084e-07,8.29695084e-07,0.00000000e+00,0.00000000e+00,1.65939017e-06,0.00000000e+00,0.00000000e+00,0.00000000e+00,0.00000000e+00,0.00000000e+00,0.00000000e+00,0.00000000e+00,0.00000000e+00,0.00000000e+00,0.00000000e+00,0.00000000e+00,0.00000000e+00,0.00000000e+00,1.65939017e-06
gdl_bin_edges:  0.    , 12.0525, 24.105 , 36.1575, 48.21  , 60.2625, 72.315 , 84.3675, 96.42  ,108.4725,120.525 ,132.5775,144.63  ,156.6825,168.735 ,180.7875,192.84  ,204.8925,216.945 ,228.9975,241.05  ,253.1025,265.155 ,277.2075,289.26  ,301.3125,313.365 ,325.4175,337.47  ,349.5225,361.575 ,373.6275,385.68  ,397.7325,409.785 ,421.8375,433.89  ,445.9425,457.995 ,470.0475,482.1   
ri: 0., 0., 0., 0., 0., 0., 0., 0., 0., 0., 0., 0., 0., 0., 0., 0., 0., 0., 0., 0.,40., 0., 0., 0., 0., 0., 0., 0., 0., 0., 0., 0., 0., 0., 0., 0., 0., 0., 0., 0.
ri_bin_edges:0.5  ,0.525,0.55 ,0.575,0.6  ,0.625,0.65 ,0.675,0.7  ,0.725,0.75 ,0.775,0.8  ,0.825,0.85 ,0.875,0.9  ,0.925,0.95 ,0.975,1.   ,1.025,1.05 ,1.075,1.1  ,1.125,1.15 ,1.175,1.2  ,1.225,1.25 ,1.275,1.3  ,1.325,1.35 ,1.375,1.4  ,1.425,1.45 ,1.475,1.5  
