period:1
ue_log_freq:1000
mac_log_freq:1000
mimo_layers:2
frequency:2412000000.0
bandwidth:50000000
ue_speed:5.555555555555555
max_distance:1000
shannon_cfg_bandwidth_mhz:50.0
shannon_cfg_mimo_layers:2
shannon_cfg_bw_efficiency:0.67
shannon_cfg_sinr_offset_db:0
shannon_cfg_ul_divisor:2
shannon_cfg_sinr_sample_rate:1000
n_ue:20
sinr_period:9.463597741343282
sinr_rate:105.66805852612856
ul_fairness:nan
dl_fairness:0.9997781194769741
ul_agg_throughput:0
dl_agg_throughput:39.526235099594345
ul_ave_throughput:0.0
dl_ave_throughput:1.9763117549797173
ul_se:0.0
dl_se:0.790524701991887
ul_ase:0.0
dl_ase:2.5163182791651257e-07
ul_gr:0.0, 0.0, 0.0, 0.0, 0.0, 0.0, 0.0, 0.0, 0.0, 0.0, 0.0, 0.0, 0.0, 0.0, 0.0, 0.0, 0.0, 0.0, 0.0, 0.0
dl_gr:2.1126578734212655, 2.1129248707512924, 2.1129248707512924, 1.941858581414186, 2.1126578734212655, 1.6747442525574745, 2.1126578734212655, 2.1126578734212655, 2.1126578734212655, 2.1126578734212655, 2.1126578734212655, 2.1126578734212655, 2.1129248707512924, 2.1129248707512924, 2.1059059409405907, 2.1129248707512924, 2.1129248707512924, 2.1129248707512924, 2.0088579114208858, 2.030931690683093
ul_tr:0.0, 0.0, 0.0, 0.0, 0.0, 0.0, 0.0, 0.0, 0.0, 0.0, 0.0, 0.0, 0.0, 0.0, 0.0, 0.0, 0.0, 0.0, 0.0, 0.0
dl_tr:2.0062371063009374, 2.0062451315056853, 2.0062451315056853, 1.835297185105749, 2.0062371063009374, 1.5628795991641085, 2.0062371063009374, 2.0062371063009374, 2.0062371063009374, 2.0062371063009374, 2.0062371063009374, 2.0062371063009374, 2.0062451315056853, 2.0062451315056853, 1.9997424813191873, 2.0062451315056853, 2.0062451315056853, 2.0062451315056853, 1.9024435173910264, 1.9249090016561836
ul_er:0.0, 0.0, 0.0, 0.0, 0.0, 0.0, 0.0, 0.0, 0.0, 0.0, 0.0, 0.0, 0.0, 0.0, 0.0, 0.0, 0.0, 0.0, 0.0, 0.0
dl_er:97.88518414815853, 97.88491715082849, 97.88491715082849, 98.05598344016559, 97.88518414815853, 98.329122698773, 97.88518414815853, 97.88518414815853, 97.88518414815853, 97.88518414815853, 97.88518414815853, 97.88518414815853, 97.88491715082849, 97.88491715082849, 97.8919360806392, 97.88491715082849, 97.88491715082849, 97.88491715082849, 97.98898411015888, 97.9669103308967
ul_er_ratio:0.0, 0.0, 0.0, 0.0, 0.0, 0.0, 0.0, 0.0, 0.0, 0.0, 0.0, 0.0, 0.0, 0.0, 0.0, 0.0, 0.0, 0.0, 0.0, 0.0
dl_er_ratio:0.9799158217882361, 0.9799156893796551, 0.9799156893796551, 0.981627053196058, 0.9799158217882361, 0.9843543070194681, 0.9799158217882361, 0.9799158217882361, 0.9799158217882361, 0.9799158217882361, 0.9799158217882361, 0.9799158217882361, 0.9799156893796551, 0.9799156893796551, 0.9799808901991888, 0.9799156893796551, 0.9799156893796551, 0.9799156893796551, 0.9809548870951732, 0.9807300636376647
ul_er_perc:0.0, 0.0, 0.0, 0.0, 0.0, 0.0, 0.0, 0.0, 0.0, 0.0, 0.0, 0.0, 0.0, 0.0, 0.0, 0.0, 0.0, 0.0, 0.0, 0.0
dl_er_perc:97.9915821788236, 97.99156893796551, 97.99156893796551, 98.1627053196058, 97.9915821788236, 98.43543070194681, 97.9915821788236, 97.9915821788236, 97.9915821788236, 97.9915821788236, 97.9915821788236, 97.9915821788236, 97.99156893796551, 97.99156893796551, 97.99808901991888, 97.99156893796551, 97.99156893796551, 97.99156893796551, 98.09548870951733, 98.07300636376647
ul_l:0.0, 0.0, 0.0, 0.0, 0.0, 0.0, 0.0, 0.0, 0.0, 0.0, 0.0, 0.0, 0.0, 0.0, 0.0, 0.0, 0.0, 0.0, 0.0, 0.0
dl_l:0.0028639439700232994, 0.0028640815355386448, 0.0028640815355386448, 0.5334362115703444, 0.0028639439700232994, 0.7752076172614571, 0.0028639439700232994, 0.0028639439700232994, 0.0028639439700232994, 0.0028639439700232994, 0.0028639439700232994, 0.0028639439700232994, 0.0028640815355386448, 0.0028640815355386448, 0.0037641356304316956, 0.0028640815355386448, 0.0028640815355386448, 0.0028640815355386448, 0.12957192667075426, 0.11915923150000403
ul_il:0.0, 0.0, 0.0, 0.0, 0.0, 0.0, 0.0, 0.0, 0.0, 0.0, 0.0, 0.0, 0.0, 0.0, 0.0, 0.0, 0.0, 0.0, 0.0, 0.0
dl_il:4.795490339743504, 4.795492936129529, 4.795492936129529, 5.448590021593684, 4.795490339743504, 5.906442783744063, 4.795490339743504, 4.795490339743504, 4.795490339743504, 4.795490339743504, 4.795490339743504, 4.795490339743504, 4.795492936129529, 4.795492936129529, 4.797510571203178, 4.795492936129529, 4.795492936129529, 4.795492936129529, 5.021870158102309, 4.963326211249777
sinr_ul:4.54618470e-04,3.43307247e-04,2.89877860e-04,8.25812108e-04,2.48470084e-03,1.87190327e-03,1.78121391e-03,1.43204818e-03,1.67341778e-03,2.65904937e-03,1.03610830e-02,3.94765840e-02,9.15350856e-02,8.60461534e-02,7.10889714e-02,2.96572937e-02,2.42517863e-02,3.12613470e-02,2.26041459e-02,1.78194037e-02,9.10057128e-03,9.05979622e-03,4.01095347e-03,3.46306791e-03,2.15686000e-03,1.43556327e-03,3.47525356e-04,1.17872727e-04,1.09202169e-04,1.02875004e-04,9.79538766e-05,9.42044459e-05,9.65478401e-05,5.50697631e-05,4.78052412e-05,4.71022229e-05,4.68678835e-05,4.68678835e-05,7.21765406e-05,2.56836002e-04
sinr_ul_bin_edges:-7.558347  ,-5.42471108,-3.29107515,-1.15743923, 0.9761967 , 3.10983263, 5.24346855, 7.37710448, 9.5107404 ,11.64437632,13.77801225,15.91164817,18.0452841 ,20.17892003,22.31255595,24.44619188,26.5798278 ,28.71346373,30.84709965,32.98073558,35.1143715 ,37.24800743,39.38164335,41.51527928,43.6489152 ,45.78255113,47.91618705,50.04982298,52.1834589 ,54.31709483,56.45073075,58.58436668,60.7180026 ,62.85163852,64.98527445,67.11891038,69.2525463 ,71.38618222,73.51981815,75.65345408,77.78709   
sinr_dl:4.54618907e-04,3.43307577e-04,2.89878138e-04,8.25812901e-04,2.48517191e-03,1.87213941e-03,1.78098128e-03,1.43204956e-03,1.67459109e-03,2.65881759e-03,1.03707009e-02,3.95000558e-02,9.15452501e-02,8.60584217e-02,7.10564665e-02,2.96488859e-02,2.42569651e-02,3.12641891e-02,2.25940910e-02,1.78187178e-02,9.09120644e-03,9.06074229e-03,4.00978563e-03,3.46283690e-03,2.15498735e-03,1.43579899e-03,3.46119652e-04,1.17872840e-04,1.09436613e-04,1.02640764e-04,9.79539707e-05,9.42045364e-05,9.65479328e-05,5.50698160e-05,4.78052871e-05,4.71022682e-05,4.68679286e-05,4.68679286e-05,7.21766100e-05,2.56836248e-04
sinr_dl_bin_edges: 2.185585  , 4.31921888, 6.45285275, 8.58648663,10.7201205 ,12.85375438,14.98738825,17.12102212,19.254656  ,21.38828988,23.52192375,25.65555763,27.7891915 ,29.92282538,32.05645925,34.19009313,36.323727  ,38.45736088,40.59099475,42.72462863,44.8582625 ,46.99189638,49.12553025,51.25916413,53.392798  ,55.52643188,57.66006575,59.79369963,61.9273335 ,64.06096738,66.19460125,68.32823513,70.461869  ,72.59550288,74.72913675,76.86277063,78.9964045 ,81.13003838,83.26367225,85.39730613,87.53094   
rsrp_ul:4.57245226e-04,3.43344057e-04,2.89908941e-04,8.36212694e-04,2.55105806e-03,1.88780640e-03,1.73781309e-03,1.43173300e-03,1.82499671e-03,2.61246157e-03,1.20109485e-02,4.24288883e-02,9.23487706e-02,8.74728163e-02,6.70903662e-02,2.81085116e-02,2.73182344e-02,2.91057327e-02,2.24322023e-02,1.71763431e-02,8.12284074e-03,9.10365635e-03,3.91177861e-03,3.23704308e-03,2.05865816e-03,1.38134462e-03,2.69050497e-04,1.17416637e-04,1.08979513e-04,1.02182941e-04,9.77300149e-05,9.39801822e-05,9.77300149e-05,4.82790961e-05,4.78103670e-05,4.71072734e-05,4.68729088e-05,4.68729088e-05,7.21842796e-05,2.56863540e-04
rsrp_ul_bin_edges:-118.07059   ,-115.93718282,-113.80377565,-111.67036848,-109.5369613 ,-107.40355412,-105.27014695,-103.13673977,-101.0033326 , -98.86992542, -96.73651825, -94.60311108, -92.4697039 , -90.33629672, -88.20288955, -86.06948238, -83.9360752 , -81.80266803, -79.66926085, -77.53585367, -75.4024465 , -73.26903932, -71.13563215, -69.00222497, -66.8688178 , -64.73541063, -62.60200345, -60.46859627, -58.3351891 , -56.20178192, -54.06837475, -51.93496758, -49.8015604 , -47.66815322, -45.53474605, -43.40133887, -41.2679317 , -39.13452453, -37.00111735, -34.86771017, -32.734303  
rsrp_dl:4.57245226e-04,3.43344057e-04,2.89908941e-04,8.36212694e-04,2.55105806e-03,1.88780640e-03,1.73781309e-03,1.43173300e-03,1.82499671e-03,2.61246157e-03,1.20109485e-02,4.24291227e-02,9.23487706e-02,8.74725819e-02,6.70903662e-02,2.81085116e-02,2.73182344e-02,2.91057327e-02,2.24322023e-02,1.71763431e-02,8.12284074e-03,9.10365635e-03,3.91177861e-03,3.23704308e-03,2.05865816e-03,1.38134462e-03,2.69050497e-04,1.17416637e-04,1.08979513e-04,1.02182941e-04,9.77300149e-05,9.39801822e-05,9.77300149e-05,4.82790961e-05,4.78103670e-05,4.71072734e-05,4.68729088e-05,4.68729088e-05,7.21842796e-05,2.56863540e-04
rsrp_dl_bin_edges:-115.06029   ,-112.92688282,-110.79347565,-108.66006848,-106.5266613 ,-104.39325412,-102.25984695,-100.12643977, -97.9930326 , -95.85962542, -93.72621825, -91.59281108, -89.4594039 , -87.32599672, -85.19258955, -83.05918238, -80.9257752 , -78.79236803, -76.65896085, -74.52555367, -72.3921465 , -70.25873932, -68.12533215, -65.99192497, -63.8585178 , -61.72511062, -59.59170345, -57.45829627, -55.3248891 , -53.19148192, -51.05807475, -48.92466758, -46.7912604 , -44.65785322, -42.52444605, -40.39103887, -38.2576317 , -36.12422453, -33.99081735, -31.85741017, -29.724003  
cqi_ul:3.41425157e-04,0.00000000e+00,3.12139736e-03,0.00000000e+00,0.00000000e+00,2.05140806e-03,0.00000000e+00,0.00000000e+00,2.71425857e-03,0.00000000e+00,0.00000000e+00,4.60138256e-03,0.00000000e+00,0.00000000e+00,1.29898701e-02,0.00000000e+00,0.00000000e+00,1.05598944e-02,0.00000000e+00,0.00000000e+00,1.03741820e-02,0.00000000e+00,4.37567053e-03,0.00000000e+00,0.00000000e+00,8.22277492e-03,0.00000000e+00,0.00000000e+00,1.02541832e-02,0.00000000e+00,0.00000000e+00,1.50098499e-02,0.00000000e+00,0.00000000e+00,4.94609340e-02,0.00000000e+00,0.00000000e+00,1.16621691e-01,0.00000000e+00,2.60644394e+00
cqi_ul_bin_edges: 1.  , 1.35, 1.7 , 2.05, 2.4 , 2.75, 3.1 , 3.45, 3.8 , 4.15, 4.5 , 4.85, 5.2 , 5.55, 5.9 , 6.25, 6.6 , 6.95, 7.3 , 7.65, 8.  , 8.35, 8.7 , 9.05, 9.4 , 9.75,10.1 ,10.45,10.8 ,11.15,11.5 ,11.85,12.2 ,12.55,12.9 ,13.25,13.6 ,13.95,14.3 ,14.65,15.  
cqi_dl:9.06657600e-04,0.00000000e+00,0.00000000e+00,0.00000000e+00,4.34440100e-03,0.00000000e+00,0.00000000e+00,0.00000000e+00,2.66664000e-03,0.00000000e+00,0.00000000e+00,0.00000000e+00,0.00000000e+00,1.42887460e-03,0.00000000e+00,0.00000000e+00,0.00000000e+00,6.05549500e-03,0.00000000e+00,0.00000000e+00,0.00000000e+00,0.00000000e+00,8.59991400e-03,0.00000000e+00,0.00000000e+00,0.00000000e+00,2.48264184e-02,0.00000000e+00,0.00000000e+00,0.00000000e+00,0.00000000e+00,1.63998360e-02,0.00000000e+00,0.00000000e+00,0.00000000e+00,1.06376714e-02,0.00000000e+00,0.00000000e+00,0.00000000e+00,4.36857854e+00
cqi_dl_bin_edges: 6.   , 6.225, 6.45 , 6.675, 6.9  , 7.125, 7.35 , 7.575, 7.8  , 8.025, 8.25 , 8.475, 8.7  , 8.925, 9.15 , 9.375, 9.6  , 9.825,10.05 ,10.275,10.5  ,10.725,10.95 ,11.175,11.4  ,11.625,11.85 ,12.075,12.3  ,12.525,12.75 ,12.975,13.2  ,13.425,13.65 ,13.875,14.1  ,14.325,14.55 ,14.775,15.   
mcs_ul:9.66418907e-04,7.64992350e-04,6.12136736e-04,0.00000000e+00,4.13567293e-04,4.44281271e-04,0.00000000e+00,9.12848014e-04,1.22713059e-03,0.00000000e+00,1.07356069e-03,1.61855524e-03,6.71421857e-05,0.00000000e+00,4.80923762e-03,2.40854734e-03,0.00000000e+00,2.87139986e-03,2.50426067e-03,0.00000000e+00,2.68283031e-03,1.10427467e-03,0.00000000e+00,0.00000000e+00,1.08356059e-03,2.46711819e-03,0.00000000e+00,1.64426927e-03,2.10140756e-03,0.00000000e+00,3.02568403e-03,3.87496125e-03,3.62996370e-03,0.00000000e+00,7.22921342e-03,1.75012536e-02,0.00000000e+00,1.94305200e-02,3.88667542e-02,1.30323554e+00
mcs_ul_bin_edges: 0. , 0.7, 1.4, 2.1, 2.8, 3.5, 4.2, 4.9, 5.6, 6.3, 7. , 7.7, 8.4, 9.1, 9.8,10.5,11.2,11.9,12.6,13.3,14. ,14.7,15.4,16.1,16.8,17.5,18.2,18.9,19.6,20.3,21. ,21.7,22.4,23.1,23.8,24.5,25.2,25.9,26.6,27.3,28. 
mcs_dl:2.99997000e-06,0.00000000e+00,5.99994000e-06,0.00000000e+00,3.98996010e-04,0.00000000e+00,9.68990310e-04,0.00000000e+00,9.85990140e-04,0.00000000e+00,6.97993020e-04,0.00000000e+00,5.01994980e-04,0.00000000e+00,3.26996730e-04,0.00000000e+00,0.00000000e+00,0.00000000e+00,3.15996840e-04,0.00000000e+00,8.36991630e-04,0.00000000e+00,1.88798112e-03,0.00000000e+00,1.57498425e-03,0.00000000e+00,2.29497705e-03,0.00000000e+00,7.96192038e-03,0.00000000e+00,3.20996790e-03,0.00000000e+00,4.03195968e-03,0.00000000e+00,3.34796652e-03,0.00000000e+00,3.02296977e-03,0.00000000e+00,1.76398236e-03,1.96586034e+00
mcs_dl_bin_edges: 8. , 8.5, 9. , 9.5,10. ,10.5,11. ,11.5,12. ,12.5,13. ,13.5,14. ,14.5,15. ,15.5,16. ,16.5,17. ,17.5,18. ,18.5,19. ,19.5,20. ,20.5,21. ,21.5,22. ,22.5,23. ,23.5,24. ,24.5,25. ,25.5,26. ,26.5,27. ,27.5,28. 
eff_ul:9.11235249e-03,5.39824182e-03,2.33823566e-03,4.80428485e-03,6.45834223e-03,5.65010965e-03,0.00000000e+00,8.51839552e-03,2.56642040e-02,1.26760943e-02,1.51120697e-02,0.00000000e+00,1.31798300e-02,0.00000000e+00,1.41196353e-02,0.00000000e+00,5.81175617e-03,5.70273875e-03,1.29843505e-02,0.00000000e+00,0.00000000e+00,8.65372749e-03,0.00000000e+00,1.10596291e-02,0.00000000e+00,1.59240615e-02,0.00000000e+00,2.03937757e-02,0.00000000e+00,1.91043628e-02,0.00000000e+00,0.00000000e+00,3.80470790e-02,0.00000000e+00,9.21084409e-02,0.00000000e+00,1.02262098e-01,0.00000000e+00,2.04554269e-01,6.85887975e+00
eff_ul_bin_edges:0.23439987,0.36740481,0.50040975,0.63341468,0.76641962,0.89942456,1.0324295 ,1.16543444,1.29843938,1.43144431,1.56444925,1.69745419,1.83045913,1.96346407,2.09646901,2.22947394,2.36247888,2.49548382,2.62848876,2.7614937 ,2.89449863,3.02750357,3.16050851,3.29351345,3.42651839,3.55952333,3.69252826,3.8255332 ,3.95853814,4.09154308,4.22454802,4.35755296,4.49055789,4.62356283,4.75656777,4.88957271,5.02257765,5.15558259,5.28858752,5.42159246,5.5545974 
eff_dl:1.37022560e-05,1.84980455e-03,4.42582867e-03,0.00000000e+00,4.50347479e-03,0.00000000e+00,3.18805822e-03,0.00000000e+00,2.29284416e-03,0.00000000e+00,0.00000000e+00,1.49354590e-03,1.44330429e-03,0.00000000e+00,3.82292941e-03,0.00000000e+00,8.62328641e-03,0.00000000e+00,0.00000000e+00,7.19368438e-03,0.00000000e+00,0.00000000e+00,1.04822258e-02,0.00000000e+00,3.63657873e-02,0.00000000e+00,0.00000000e+00,1.46614139e-02,0.00000000e+00,0.00000000e+00,1.84158320e-02,0.00000000e+00,0.00000000e+00,1.52917176e-02,0.00000000e+00,1.38073066e-02,0.00000000e+00,8.05692650e-03,0.00000000e+00,8.97899698e+00
eff_dl_bin_edges:1.1758002 ,1.28527013,1.39474006,1.50420999,1.61367992,1.72314985,1.83261978,1.94208971,2.05155964,2.16102957,2.2704995 ,2.37996943,2.48943936,2.59890929,2.70837922,2.81784915,2.92731908,3.03678901,3.14625894,3.25572887,3.3651988 ,3.47466873,3.58413866,3.69360859,3.80307852,3.91254845,4.02201838,4.13148831,4.24095824,4.35042817,4.4598981 ,4.56936803,4.67883796,4.78830789,4.89777782,5.00724775,5.11671768,5.22618761,5.33565754,5.44512747,5.5545974 
rul: 0., 0., 0., 0., 0., 0., 0., 0., 0., 0., 0., 0., 0., 0., 0., 0., 0., 0., 0., 0.,40., 0., 0., 0., 0., 0., 0., 0., 0., 0., 0., 0., 0., 0., 0., 0., 0., 0., 0., 0.
rul_bin_edges:-0.5  ,-0.475,-0.45 ,-0.425,-0.4  ,-0.375,-0.35 ,-0.325,-0.3  ,-0.275,-0.25 ,-0.225,-0.2  ,-0.175,-0.15 ,-0.125,-0.1  ,-0.075,-0.05 ,-0.025, 0.   , 0.025, 0.05 , 0.075, 0.1  , 0.125, 0.15 , 0.175, 0.2  , 0.225, 0.25 , 0.275, 0.3  , 0.325, 0.35 , 0.375, 0.4  , 0.425, 0.45 , 0.475, 0.5  
rdl:5.34121193e-01,0.00000000e+00,8.60241139e-04,3.27334404e-03,4.92108534e-03,3.12469943e-03,5.09819381e-03,1.60504551e-02,1.29478942e-02,1.14393096e-02,2.64578864e+00,3.71927786e-03,5.62003126e-03,4.52259128e-03,6.54668808e-03,2.63481424e+00,0.00000000e+00,3.16265125e-06,0.00000000e+00,1.58132562e-05,0.00000000e+00,0.00000000e+00,0.00000000e+00,0.00000000e+00,3.16265125e-06,4.32476745e-01,0.00000000e+00,0.00000000e+00,0.00000000e+00,1.58132562e-05,0.00000000e+00,0.00000000e+00,0.00000000e+00,0.00000000e+00,0.00000000e+00,0.00000000e+00,0.00000000e+00,0.00000000e+00,0.00000000e+00,3.16265125e-06
rdl_bin_edges:0.        ,0.15809362,0.31618725,0.47428087,0.6323745 ,0.79046812,0.94856175,1.10665537,1.264749  ,1.42284262,1.58093625,1.73902987,1.8971235 ,2.05521712,2.21331075,2.37140438,2.529498  ,2.68759162,2.84568525,3.00377887,3.1618725 ,3.31996612,3.47805975,3.63615337,3.794247  ,3.95234062,4.11043425,4.26852787,4.4266215 ,4.58471512,4.74280875,4.90090237,5.058996  ,5.21708962,5.37518325,5.53327687,5.6913705 ,5.84946412,6.00755775,6.16565137,6.323745  
lul: 0., 0., 0., 0., 0., 0., 0., 0., 0., 0., 0., 0., 0., 0., 0., 0., 0., 0., 0., 0.,40., 0., 0., 0., 0., 0., 0., 0., 0., 0., 0., 0., 0., 0., 0., 0., 0., 0., 0., 0.
lul_bin_edges:-0.5  ,-0.475,-0.45 ,-0.425,-0.4  ,-0.375,-0.35 ,-0.325,-0.3  ,-0.275,-0.25 ,-0.225,-0.2  ,-0.175,-0.15 ,-0.125,-0.1  ,-0.075,-0.05 ,-0.025, 0.   , 0.025, 0.05 , 0.075, 0.1  , 0.125, 0.15 , 0.175, 0.2  , 0.225, 0.25 , 0.275, 0.3  , 0.325, 0.35 , 0.375, 0.4  , 0.425, 0.45 , 0.475, 0.5  
ldl:4.27124784e+00,6.45504633e-04,0.00000000e+00,0.00000000e+00,0.00000000e+00,4.33224586e-06,4.33224586e-06,8.66449171e-06,0.00000000e+00,0.00000000e+00,0.00000000e+00,0.00000000e+00,5.98066541e-03,0.00000000e+00,1.15627642e-02,7.71139763e-03,0.00000000e+00,0.00000000e+00,0.00000000e+00,0.00000000e+00,0.00000000e+00,0.00000000e+00,0.00000000e+00,0.00000000e+00,0.00000000e+00,0.00000000e+00,0.00000000e+00,0.00000000e+00,1.42314276e-03,1.48141147e-02,0.00000000e+00,1.57758733e-02,0.00000000e+00,7.42980164e-04,1.05706799e-03,0.00000000e+00,1.16970638e-04,3.79071512e-04,4.33224586e-04,3.81237635e-04
ldl_bin_edges:0.        ,0.23082485,0.4616497 ,0.69247455,0.9232994 ,1.15412425,1.3849491 ,1.61577395,1.8465988 ,2.07742365,2.3082485 ,2.53907335,2.7698982 ,3.00072305,3.2315479 ,3.46237275,3.6931976 ,3.92402245,4.1548473 ,4.38567215,4.616497  ,4.84732185,5.0781467 ,5.30897155,5.5397964 ,5.77062125,6.0014461 ,6.23227095,6.4630958 ,6.69392065,6.9247455 ,7.15557035,7.3863952 ,7.61722005,7.8480449 ,8.07886975,8.3096946 ,8.54051945,8.7713443 ,9.00216915,9.232994  
ilul: 0., 0., 0., 0., 0., 0., 0., 0., 0., 0., 0., 0., 0., 0., 0., 0., 0., 0., 0., 0.,40., 0., 0., 0., 0., 0., 0., 0., 0., 0., 0., 0., 0., 0., 0., 0., 0., 0., 0., 0.
ilul_bin_edges:-0.5  ,-0.475,-0.45 ,-0.425,-0.4  ,-0.375,-0.35 ,-0.325,-0.3  ,-0.275,-0.25 ,-0.225,-0.2  ,-0.175,-0.15 ,-0.125,-0.1  ,-0.075,-0.05 ,-0.025, 0.   , 0.025, 0.05 , 0.075, 0.1  , 0.125, 0.15 , 0.175, 0.2  , 0.225, 0.25 , 0.275, 0.3  , 0.325, 0.35 , 0.375, 0.4  , 0.425, 0.45 , 0.475, 0.5  
ildl:1.93802198e-01,7.96699939e-03,8.09868533e-03,8.14258065e-03,8.34010956e-03,8.34010956e-03,8.51569081e-03,7.98894705e-03,8.37193366e-03,8.04820572e-03,8.23585819e-03,1.85496547e+00,6.02133962e-03,5.48691418e-06,3.29214851e-06,3.29214851e-06,4.01642118e-04,1.28503530e-03,1.65704808e-03,5.83697931e-03,6.17936275e-03,9.22898966e-04,5.76894157e-03,8.77906269e-05,0.00000000e+00,0.00000000e+00,1.82823981e-03,6.74012538e-03,6.52394096e-03,6.78511808e-03,5.26085332e-03,1.40245527e-03,3.77499696e-04,2.89709069e-04,0.00000000e+00,0.00000000e+00,2.19476567e-06,7.39636032e-04,1.96321789e-03,3.88473524e-03
ildl_bin_edges: 0.        , 0.45562495, 0.9112499 , 1.36687485, 1.8224998 , 2.27812475, 2.7337497 , 3.18937465, 3.6449996 , 4.10062455, 4.5562495 , 5.01187445, 5.4674994 , 5.92312435, 6.3787493 , 6.83437425, 7.2899992 , 7.74562415, 8.2012491 , 8.65687405, 9.112499  , 9.56812395,10.0237489 ,10.47937385,10.9349988 ,11.39062375,11.8462487 ,12.30187365,12.7574986 ,13.21312355,13.6687485 ,14.12437345,14.5799984 ,15.03562335,15.4912483 ,15.94687325,16.4024982 ,16.85812315,17.3137481 ,17.76937305,18.224998  
eul: 0., 0., 0., 0., 0., 0., 0., 0., 0., 0., 0., 0., 0., 0., 0., 0., 0., 0., 0., 0.,40., 0., 0., 0., 0., 0., 0., 0., 0., 0., 0., 0., 0., 0., 0., 0., 0., 0., 0., 0.
eul_bin_edges:-0.5  ,-0.475,-0.45 ,-0.425,-0.4  ,-0.375,-0.35 ,-0.325,-0.3  ,-0.275,-0.25 ,-0.225,-0.2  ,-0.175,-0.15 ,-0.125,-0.1  ,-0.075,-0.05 ,-0.025, 0.   , 0.025, 0.05 , 0.075, 0.1  , 0.125, 0.15 , 0.175, 0.2  , 0.225, 0.25 , 0.275, 0.3  , 0.325, 0.35 , 0.375, 0.4  , 0.425, 0.45 , 0.475, 0.5  
edl:6.85910496e-03,0.00000000e+00,0.00000000e+00,0.00000000e+00,0.00000000e+00,0.00000000e+00,0.00000000e+00,0.00000000e+00,0.00000000e+00,0.00000000e+00,0.00000000e+00,0.00000000e+00,0.00000000e+00,0.00000000e+00,0.00000000e+00,0.00000000e+00,0.00000000e+00,0.00000000e+00,0.00000000e+00,0.00000000e+00,0.00000000e+00,0.00000000e+00,0.00000000e+00,0.00000000e+00,0.00000000e+00,0.00000000e+00,6.61150413e-06,1.32230083e-05,6.44621653e-06,9.75196860e-06,9.75196860e-06,9.32222083e-05,1.51153860e-02,3.08276917e-01,1.33717671e-04,1.61981851e-05,1.50411719e-05,6.61150413e-06,6.61150413e-06,9.91725620e-06
edl_bin_edges:  0.   ,  3.025,  6.05 ,  9.075, 12.1  , 15.125, 18.15 , 21.175, 24.2  , 27.225, 30.25 , 33.275, 36.3  , 39.325, 42.35 , 45.375, 48.4  , 51.425, 54.45 , 57.475, 60.5  , 63.525, 66.55 , 69.575, 72.6  , 75.625, 78.65 , 81.675, 84.7  , 87.725, 90.75 , 93.775, 96.8  , 99.825,102.85 ,105.875,108.9  ,111.925,114.95 ,117.975,121.   
gul: 0., 0., 0., 0., 0., 0., 0., 0., 0., 0., 0., 0., 0., 0., 0., 0., 0., 0., 0., 0.,40., 0., 0., 0., 0., 0., 0., 0., 0., 0., 0., 0., 0., 0., 0., 0., 0., 0., 0., 0.
gul_bin_edges:-0.5  ,-0.475,-0.45 ,-0.425,-0.4  ,-0.375,-0.35 ,-0.325,-0.3  ,-0.275,-0.25 ,-0.225,-0.2  ,-0.175,-0.15 ,-0.125,-0.1  ,-0.075,-0.05 ,-0.025, 0.   , 0.025, 0.05 , 0.075, 0.1  , 0.125, 0.15 , 0.175, 0.2  , 0.225, 0.25 , 0.275, 0.3  , 0.325, 0.35 , 0.375, 0.4  , 0.425, 0.45 , 0.475, 0.5  
gdl:3.52890525e-01,0.00000000e+00,0.00000000e+00,0.00000000e+00,0.00000000e+00,0.00000000e+00,0.00000000e+00,0.00000000e+00,0.00000000e+00,0.00000000e+00,0.00000000e+00,0.00000000e+00,0.00000000e+00,0.00000000e+00,0.00000000e+00,0.00000000e+00,0.00000000e+00,0.00000000e+00,0.00000000e+00,0.00000000e+00,0.00000000e+00,0.00000000e+00,0.00000000e+00,0.00000000e+00,0.00000000e+00,0.00000000e+00,0.00000000e+00,0.00000000e+00,0.00000000e+00,3.60356757e-06,0.00000000e+00,1.80178378e-07,3.60356757e-07,1.62160541e-06,2.70267568e-06,3.91527616e-04,7.06569511e-03,2.16214054e-06,3.60356757e-07,1.62160541e-06
gdl_bin_edges:  0.   ,  2.775,  5.55 ,  8.325, 11.1  , 13.875, 16.65 , 19.425, 22.2  , 24.975, 27.75 , 30.525, 33.3  , 36.075, 38.85 , 41.625, 44.4  , 47.175, 49.95 , 52.725, 55.5  , 58.275, 61.05 , 63.825, 66.6  , 69.375, 72.15 , 74.925, 77.7  , 80.475, 83.25 , 86.025, 88.8  , 91.575, 94.35 , 97.125, 99.9  ,102.675,105.45 ,108.225,111.   
ri: 0., 0., 0., 0., 0., 0., 0., 0., 0., 0., 0., 0., 0., 0., 0., 0., 0., 0., 0., 0.,40., 0., 0., 0., 0., 0., 0., 0., 0., 0., 0., 0., 0., 0., 0., 0., 0., 0., 0., 0.
ri_bin_edges:0.5  ,0.525,0.55 ,0.575,0.6  ,0.625,0.65 ,0.675,0.7  ,0.725,0.75 ,0.775,0.8  ,0.825,0.85 ,0.875,0.9  ,0.925,0.95 ,0.975,1.   ,1.025,1.05 ,1.075,1.1  ,1.125,1.15 ,1.175,1.2  ,1.225,1.25 ,1.275,1.3  ,1.325,1.35 ,1.375,1.4  ,1.425,1.45 ,1.475,1.5  
