period:1
ue_log_freq:1000
mac_log_freq:1000
mimo_layers:2
frequency:2412000000.0
bandwidth:50000000
ue_speed:5.555555555555555
max_distance:1000
shannon_cfg_bandwidth_mhz:50.0
shannon_cfg_mimo_layers:2
shannon_cfg_bw_efficiency:0.67
shannon_cfg_sinr_offset_db:0
shannon_cfg_ul_divisor:2
shannon_cfg_sinr_sample_rate:1000
n_ue:100
sinr_period:9.463597741343282
sinr_rate:105.66805852612856
ul_fairness:0.15870910090017415
dl_fairness:0.5155519320135006
ul_agg_throughput:3.9524985043602565
dl_agg_throughput:26.237509410937374
ul_ave_throughput:0.039524985043602565
dl_ave_throughput:0.26237509410937376
ul_se:0.07904997008720513
dl_se:0.5247501882187474
ul_ase:2.5162386981290324e-08
dl_ase:1.6703317268683223e-07
ul_gr:0.034999626655001205, 0.034999626655001205, 0.03499962628630077, 0.034999624889926195, 0.03499962699382457, 0.034999624882423246, 0.034999624889926195, 0.03499962208970218, 0.034999624178594646, 0.034999624882423246, 0.034999624878671656, 0.034999624882423246, 0.034999626655001205, 0.034999624882423246, 0.034999624882423246, 0.034999624882423246, 0.034999622085922735, 0.034999624882423246, 0.034999624878671656, 0.034999624878671656, 0.034999624878671656, 0.034999624878671656, 0.03499962417483598, 0.034999626655001205, 0.034999624878671656, 0.034999624878671656, 0.034999623821031736, 0.034999623821031736, 0.03499962102445794, 0.03499962102824811, 0.03499962312094072, 0.03499962382855614, 0.034999623117171405, 0.03499962312094072, 0.03499962665126757, 0.03499962032057668, 0.034999623117171405, 0.034999623117171405, 0.03499962032057668, 0.034999623117171405, 0.03499962312094072, 0.034999620324373926, 0.034999623117171405, 0.034999623117171405, 0.0349996203281711, 0.03499962699382456, 0.03499962032057668, 0.034999623117171405, 0.034999620324373926, 0.03499962381348702, 0.03499962312094072, 0.034999623117171405, 0.034999623117171405, 0.034999623117171405, 0.03499962381348702, 0.0349996227671224, 0.03499962699755486, 0.03499962032057668, 0.03499962381348702, 0.03499962381348702, 0.03499962381348702, 0.03499962102064768, 0.034999623817249415, 0.03499962381348702, 0.03499962381348702, 0.034999623817249415, 0.034999623817249415, 0.03499962699755486, 0.034999623817249415, 0.034999623455902504, 0.034999623459668554, 0.034999623459668554, 0.034999623455902504, 0.034999623459668554, 0.034999623455902504, 0.034999625560004605, 0.034999623455902504, 0.03499962102064768, 0.03499962594375106, 0.034999620655426424, 0.03499962414850322, 0.03499962065922048, 0.03499962345966855, 0.034999623463434514, 0.03499962381724942, 0.034999624163539536, 0.03499962626011662, 0.03499962485616055, 0.03499962590257747, 0.03499962699382456, 0.03499962486366455, 0.034999625574984004, 0.034999625563769565, 0.034999624893677556, 0.03499962699755486, 0.034999623497344846, 0.034999625254945196, 0.034999625612447245, 0.034999625612447245, 0.034999625612447245
dl_gr:0.034999626655001205, 0.034999626655001205, 0.03499962628630077, 0.034999624889926195, 0.03499962699382457, 0.034999624882423246, 0.034999624889926195, 0.03499962208970218, 0.034999624178594646, 0.034999624882423246, 0.034999624878671656, 0.034999624882423246, 0.034999626655001205, 0.034999624882423246, 0.034999624882423246, 0.034999624882423246, 0.034999622085922735, 0.034999624882423246, 0.034999624878671656, 0.034999624878671656, 0.034999624878671656, 0.034999624878671656, 0.03499962417483598, 0.034999626655001205, 0.034999624878671656, 0.034999624878671656, 0.034999623821031736, 0.034999623821031736, 0.03499962102445794, 0.03499962102824811, 0.03499962312094072, 0.03499962382855614, 0.034999623117171405, 0.03499962312094072, 0.03499962665126757, 0.03499962032057668, 0.034999623117171405, 0.034999623117171405, 0.03499962032057668, 0.034999623117171405, 0.03499962312094072, 0.034999620324373926, 0.034999623117171405, 0.034999623117171405, 0.0349996203281711, 0.03499962699382456, 0.03499962032057668, 0.034999623117171405, 0.034999620324373926, 0.03499962381348702, 0.03499962312094072, 0.034999623117171405, 0.034999623117171405, 0.034999623117171405, 0.03499962381348702, 0.0349996227671224, 0.03499962699755486, 0.03499962032057668, 0.03499962381348702, 0.03499962381348702, 0.03499962381348702, 0.03499962102064768, 0.034999623817249415, 0.03499962381348702, 0.03499962381348702, 0.034999623817249415, 0.034999623817249415, 0.03499962699755486, 0.034999623817249415, 0.034999623455902504, 0.034999623459668554, 0.034999623459668554, 0.034999623455902504, 0.034999623459668554, 0.034999623455902504, 0.034999625560004605, 0.034999623455902504, 0.03499962102064768, 0.03499962594375106, 0.034999620655426424, 0.03499962414850322, 0.03499962065922048, 0.03499962345966855, 0.034999623463434514, 0.03499962381724942, 0.034999624163539536, 0.03499962626011662, 0.03499962485616055, 0.03499962590257747, 0.03499962699382456, 0.03499962486366455, 0.034999625574984004, 0.034999625563769565, 0.034999624893677556, 0.03499962699755486, 0.034999623497344846, 0.034999625254945196, 0.034999625612447245, 0.034999625612447245, 0.034999625612447245
ul_tr:0.024294330375715028, 0.014562761175367013, 0.0, 0.0, 0.0, 0.0, 0.005145377334636772, 0.0, 0.0, 0.016776897716471645, 0.016374035209213014, 0.0, 0.0009355163717048683, 0.03479298737740774, 0.0, 0.0, 0.02576873155430989, 0.0, 0.0, 0.0, 0.03482814181461961, 0.0, 0.0, 0.024744096974288976, 0.03480169658203402, 0.0, 0.0, 0.0, 0.0, 0.03498203936587024, 0.0, 0.0, 0.03390004281904468, 0.026517664785192074, 0.0, 0.034331848069219, 0.0, 0.03275197840390655, 0.0, 0.0, 0.0, 0.013558021505490658, 0.0, 0.0, 0.0, 0.0, 0.0, 0.0, 0.0334802641841821, 0.0, 0.02692051398438797, 0.0, 0.0, 0.0, 0.033670766703075464, 0.0, 0.0, 0.0, 0.0, 0.0, 0.03499778081702255, 0.025202450035994677, 0.03335038624152482, 0.0, 0.022746061273321, 0.0, 0.0, 0.0, 0.0, 0.0, 0.0, 0.03499857464015243, 0.0, 0.03496255809610538, 0.0, 0.0, 0.0, 0.034996026105073665, 0.0, 0.015854341584649392, 0.002143684379806163, 0.03498272213944231, 0.0, 0.0, 0.034978983477256816, 0.0, 0.03499752728180509, 0.0, 0.00029340410665919866, 0.0, 0.0, 0.0, 0.0, 0.03499856917702239, 0.0, 0.033093328868165094, 0.0, 0.03003035379691054, 0.03380645308170164, 0.0
dl_tr:0.03499507321182848, 0.03499962619205768, 0.020735378462021586, 0.021175106067195377, 0.02064998145516186, 0.025190698281328132, 0.035001026289113134, 0.015080592450606048, 0.030462860779195713, 0.03500172637964797, 0.035002076435417896, 0.008165258324632461, 0.03499962619205768, 0.03500172637964797, 0.0012579131167116712, 0.022618579018051806, 0.03500137633087978, 0.0, 0.034943774236946064, 0.02173593075808339, 0.0349982186627029, 0.03173981244101851, 0.028651057780353643, 0.03499962619205768, 0.0349982186627029, 0.023590064067897473, 0.028217602992639042, 0.01190712152237791, 0.004914223606732808, 0.0349982186627029, 0.03450181847205137, 0.016608232503655403, 0.03499926875627588, 0.034998918718083354, 0.0, 0.034998918718083354, 0.022784164794621246, 0.03499926875627588, 0.008041537236040685, 0.023966458327445848, 0.0, 0.034998568686892426, 0.029638361329636147, 0.005219159572240114, 0.0349982186627029, 0.03479065565694599, 0.03413787609524238, 0.01512792546806553, 0.034991925241128936, 0.010475316754303146, 0.03499227520587676, 0.0, 0.0, 0.0, 0.03499157179586938, 0.02229443880109215, 0.033089064080554835, 0.03499227520587676, 0.03475680125338801, 0.017671447547832175, 0.03499157179586938, 0.03499227205546721, 0.03499122183115636, 0.018415144729109365, 0.03499157179586938, 0.02217057236983178, 0.015910384054967697, 0.021539692521111275, 0.034909898603104436, 0.03073618126231459, 0.007017775296047368, 0.03499052224365899, 0.03499087211876019, 0.034991922467694836, 0.01104812003640619, 0.013921560241288605, 0.029101572136043127, 0.03499682369588047, 0.008814829735981519, 0.03499402554304232, 0.03499472555655575, 0.03499367554678749, 0.033013771309209475, 0.0077598897844676695, 0.03499577631738444, 0.023208865287993197, 0.03499367554678749, 0.031069013749837473, 0.034994375546298334, 0.0, 0.006955439716957544, 0.03420582749849982, 0.008819041916987548, 0.034996123487544134, 0.0349985743732824, 0.034998573323219394, 0.017725127302552105, 0.03499822553437069, 0.034998574854647094, 0.029999046835786716
ul_er:0.0, 0.0, 0.0, 0.0, 0.0, 0.0, 0.0, 0.0, 0.0, 0.0, 0.0, 0.0, 0.0, 0.0, 0.0, 0.0, 0.0, 0.0, 0.0, 0.0, 0.0, 0.0, 0.0, 0.0, 0.0, 0.0, 0.0, 0.0, 0.0, 0.0, 0.0, 0.0, 0.0, 0.0, 0.0, 0.0, 0.0, 0.0, 0.0, 0.0, 0.0, 6.800816097931753e-07, 0.0, 0.0, 0.0, 0.0, 0.0, 0.0, 0.0, 0.0, 0.0, 0.0, 0.0, 0.0, 0.0, 0.0, 0.0, 0.0, 0.0, 0.0, 0.0, 0.0, 1.0401456203868542e-06, 0.0, 0.0, 0.0, 0.0, 0.0, 0.0, 0.0, 0.0, 0.0, 0.0, 0.0, 0.0, 0.0, 0.0, 0.0, 0.0, 0.0, 0.0, 0.0, 0.0, 0.0, 0.0, 0.0, 0.0, 0.0, 0.0, 0.0, 0.0, 0.0, 0.0, 0.0, 0.0, 0.0, 0.0, 1.0800216004320087e-06, 0.0, 0.0
dl_er:0.0, 0.0, 0.0, 0.0, 0.0, 0.0, 0.0, 0.0, 0.0, 0.0, 0.0, 0.0, 0.0, 0.0, 0.0, 0.0, 0.0, 0.0, 0.0, 0.0, 0.0, 0.0, 0.0, 0.0, 0.0, 0.0, 0.0, 0.0, 3.300396047525703e-07, 0.0, 0.0, 0.0, 0.0, 0.0, 0.0, 0.0, 0.0, 0.0, 0.0, 0.0, 0.0, 0.0, 0.0, 0.0, 0.0, 0.0, 0.0, 0.0, 0.0, 0.0, 0.0, 0.0, 0.0, 0.0, 0.0, 0.0, 0.0, 0.0, 0.0, 0.0, 0.0, 0.0, 0.0, 0.0, 0.0, 0.0, 0.0, 0.0, 0.0, 0.0, 0.0, 0.0, 0.0, 0.0, 0.0, 0.0, 0.0, 0.0, 0.0, 0.0, 0.0, 0.0, 0.0, 0.0, 0.0, 0.0, 0.0, 0.0, 0.0, 0.0, 0.0, 0.0, 0.0, 0.0, 0.0, 0.0, 0.0, 0.0, 0.0, 0.0
ul_er_ratio:0.0, 0.0, 0.0, 0.0, 0.0, 0.0, 0.0, 0.0, 0.0, 0.0, 0.0, 0.0, 0.0, 0.0, 0.0, 0.0, 0.0, 0.0, 0.0, 0.0, 0.0, 0.0, 0.0, 0.0, 0.0, 0.0, 0.0, 0.0, 0.0, 0.0, 0.0, 0.0, 0.0, 0.0, 0.0, 0.0, 0.0, 0.0, 0.0, 0.0, 0.0, 5.0158313863931843e-05, 0.0, 0.0, 0.0, 0.0, 0.0, 0.0, 0.0, 0.0, 0.0, 0.0, 0.0, 0.0, 0.0, 0.0, 0.0, 0.0, 0.0, 0.0, 0.0, 0.0, 3.118744033052099e-05, 0.0, 0.0, 0.0, 0.0, 0.0, 0.0, 0.0, 0.0, 0.0, 0.0, 0.0, 0.0, 0.0, 0.0, 0.0, 0.0, 0.0, 0.0, 0.0, 0.0, 0.0, 0.0, 0.0, 0.0, 0.0, 0.0, 0.0, 0.0, 0.0, 0.0, 0.0, 0.0, 0.0, 0.0, 3.5963038160578865e-05, 0.0, 0.0
dl_er_ratio:0.0, 0.0, 0.0, 0.0, 0.0, 0.0, 0.0, 0.0, 0.0, 0.0, 0.0, 0.0, 0.0, 0.0, 0.0, 0.0, 0.0, 0.0, 0.0, 0.0, 0.0, 0.0, 0.0, 0.0, 0.0, 0.0, 0.0, 0.0, 6.715556050517904e-05, 0.0, 0.0, 0.0, 0.0, 0.0, 0.0, 0.0, 0.0, 0.0, 0.0, 0.0, 0.0, 0.0, 0.0, 0.0, 0.0, 0.0, 0.0, 0.0, 0.0, 0.0, 0.0, 0.0, 0.0, 0.0, 0.0, 0.0, 0.0, 0.0, 0.0, 0.0, 0.0, 0.0, 0.0, 0.0, 0.0, 0.0, 0.0, 0.0, 0.0, 0.0, 0.0, 0.0, 0.0, 0.0, 0.0, 0.0, 0.0, 0.0, 0.0, 0.0, 0.0, 0.0, 0.0, 0.0, 0.0, 0.0, 0.0, 0.0, 0.0, 0.0, 0.0, 0.0, 0.0, 0.0, 0.0, 0.0, 0.0, 0.0, 0.0, 0.0
ul_er_perc:0.0, 0.0, 0.0, 0.0, 0.0, 0.0, 0.0, 0.0, 0.0, 0.0, 0.0, 0.0, 0.0, 0.0, 0.0, 0.0, 0.0, 0.0, 0.0, 0.0, 0.0, 0.0, 0.0, 0.0, 0.0, 0.0, 0.0, 0.0, 0.0, 0.0, 0.0, 0.0, 0.0, 0.0, 0.0, 0.0, 0.0, 0.0, 0.0, 0.0, 0.0, 0.005015831386393184, 0.0, 0.0, 0.0, 0.0, 0.0, 0.0, 0.0, 0.0, 0.0, 0.0, 0.0, 0.0, 0.0, 0.0, 0.0, 0.0, 0.0, 0.0, 0.0, 0.0, 0.0031187440330520994, 0.0, 0.0, 0.0, 0.0, 0.0, 0.0, 0.0, 0.0, 0.0, 0.0, 0.0, 0.0, 0.0, 0.0, 0.0, 0.0, 0.0, 0.0, 0.0, 0.0, 0.0, 0.0, 0.0, 0.0, 0.0, 0.0, 0.0, 0.0, 0.0, 0.0, 0.0, 0.0, 0.0, 0.0, 0.0035963038160578865, 0.0, 0.0
dl_er_perc:0.0, 0.0, 0.0, 0.0, 0.0, 0.0, 0.0, 0.0, 0.0, 0.0, 0.0, 0.0, 0.0, 0.0, 0.0, 0.0, 0.0, 0.0, 0.0, 0.0, 0.0, 0.0, 0.0, 0.0, 0.0, 0.0, 0.0, 0.0, 0.006715556050517904, 0.0, 0.0, 0.0, 0.0, 0.0, 0.0, 0.0, 0.0, 0.0, 0.0, 0.0, 0.0, 0.0, 0.0, 0.0, 0.0, 0.0, 0.0, 0.0, 0.0, 0.0, 0.0, 0.0, 0.0, 0.0, 0.0, 0.0, 0.0, 0.0, 0.0, 0.0, 0.0, 0.0, 0.0, 0.0, 0.0, 0.0, 0.0, 0.0, 0.0, 0.0, 0.0, 0.0, 0.0, 0.0, 0.0, 0.0, 0.0, 0.0, 0.0, 0.0, 0.0, 0.0, 0.0, 0.0, 0.0, 0.0, 0.0, 0.0, 0.0, 0.0, 0.0, 0.0, 0.0, 0.0, 0.0, 0.0, 0.0, 0.0, 0.0, 0.0
ul_l:0.00055655009725089, 0.0008441276610554421, 0.0, 0.0, 0.0, 0.0, 0.00011962567776422114, 0.0, 0.0, 0.0009401838295469546, 0.0009791758388942784, 0.0, 2.2477773285931438e-05, 0.16267124491196322, 0.0, 0.0, 0.0008136840840315628, 0.0, 0.0, 0.0, 0.030712644023300564, 0.0, 0.0, 0.0005655771156876275, 0.08821552010384742, 0.0, 0.0, 0.0, 0.0, 0.4223648171183039, 0.0, 0.0, 0.6503933764183255, 0.0014080932600838108, 0.0, 0.0022986689428515705, 0.0, 0.03433238302684076, 0.0, 0.0, 0.0, 0.16852360986926734, 0.0, 0.0, 0.0, 0.0, 0.0, 0.0, 0.002087453646241549, 0.0, 0.0020236739698420796, 0.0, 0.0, 0.0, 0.008747233383924588, 0.0, 0.0, 0.0, 0.0, 0.0, 0.008864375216232434, 0.001963336638060948, 0.5974724088992118, 0.0, 0.001829695283287493, 0.0, 0.0, 0.0, 0.0, 0.0, 0.0, 0.023412287670097214, 0.0, 0.034368732233040274, 0.0, 0.0, 0.0, 0.006118741971652314, 0.0, 0.0013115508234469862, 0.00016768704068673048, 0.002770006870744319, 0.0, 0.0, 0.0034117598819804773, 0.0, 0.0034347232384091455, 0.0, 2.3275462866315937e-05, 0.0, 0.0, 0.0, 0.0, 0.00296758020842359, 0.0, 0.0025640066054023235, 0.0, 0.021828037412817254, 0.0026367090435138706, 0.0
dl_l:0.0008023748530401215, 0.0008019159581433256, 0.0033232611643577922, 0.0004885898461956956, 0.00047014193849469465, 0.0043276852125162515, 0.0008019480373479879, 0.00034551873560384824, 0.014131028441265538, 0.0008019640779127913, 0.0008019720984358279, 0.17003133291721373, 0.0008019159581433256, 0.0008019640779127913, 0.04436830494275727, 0.0005191025634823483, 0.0008019560575501795, 0.0, 0.015371481493391273, 0.6010951980770475, 0.0008020153201052115, 0.012795765895491503, 0.004614588134545145, 0.0008019159581433256, 0.0008020153201052115, 0.0005416402053445879, 0.0006476522459589747, 0.0008416863859331713, 0.13261701020802294, 0.0008020153201052115, 0.6741149666278446, 0.0014539659729060198, 0.0008020393839337507, 0.0008020313624971246, 0.0, 0.0008020313624971246, 0.0005281785478877043, 0.0008020393839337507, 0.0008362224574074631, 0.0036129110650081012, 0.0, 0.0008020233412209465, 0.0006792069197607665, 0.06664847312964714, 0.0008020153201052115, 1.8982918392651427, 0.3144706603635003, 4.658071161333581, 0.0008010209417220067, 0.001327795077546632, 0.0008010289529728867, 0.0, 0.0, 0.0, 0.0008010051445406811, 0.0033171281905786812, 0.4091984629266456, 0.0008010289529728867, 0.560951672013022, 0.001087759117973696, 0.0008010051445406811, 0.0008010191479252303, 0.0008009971333676715, 0.00041884755457218583, 0.0008010051445406811, 0.002968991238235353, 0.00036683684156781944, 0.002080138822347341, 0.04179934377468445, 2.351763376269847, 0.012718532675248041, 0.0008009731428338534, 0.060546641477159116, 0.0008010431356967114, 0.0002522101543242351, 0.0008932557990868539, 0.0034245441184661395, 0.0008024170887475371, 0.0014474348619013331, 0.0008023592059570126, 0.0008023752561906762, 0.0008023511810809729, 0.26890914183169506, 0.039068937714637195, 0.0008023951263236853, 0.0005304406531799771, 0.0008023511810809729, 0.03279273609230169, 0.0008023672309935789, 0.0, 0.00016051651572035805, 0.010444051458210986, 0.004556199614117118, 0.0008023989068954827, 0.0008024908654639278, 0.0008024908845390724, 0.0007513557359444378, 0.0020485802553501073, 0.0023594308701344025, 3.114458976267549
ul_il:0.0010771315544401776, 7.297737815601893, 0.0, 0.0, 0.0, 0.0, 0.00022988205601548125, 0.0, 0.0, 6.701153535459162, 6.47338902141122, 0.0, 4.250041611464458e-05, 0.18399151236962494, 0.0, 0.0, 0.0012845668295916632, 0.0, 0.0, 0.0, 0.08107004678661353, 0.0, 0.0, 0.0010957640585883435, 0.2516251528019592, 0.0, 0.0, 0.0, 0.0, 0.5204003369614718, 0.0, 0.0, 1.4220571455961837, 0.0016856767551981758, 0.0, 0.09036257310656885, 0.0, 0.15987144917129997, 0.0, 0.0, 0.0, 2.570278110571869, 0.0, 0.0, 0.0, 0.0, 0.0, 0.0, 0.024559370292725126, 0.0, 0.0020744093064298356, 0.0, 0.0, 0.0, 0.00878922324040706, 0.0, 0.0, 0.0, 0.0, 0.0, 0.01247835029694054, 0.001992725620192625, 0.7229944865828998, 0.0, 0.0018410888126969046, 0.0, 0.0, 0.0, 0.0, 0.0, 0.0, 0.023742133900033997, 0.0, 0.034382235910928746, 0.0, 0.0, 0.0, 0.006383894824919239, 0.0, 0.0013152419702919496, 0.00016771511201728326, 0.0035582833411665865, 0.0, 0.0, 0.003788048984274799, 0.0, 0.0036430182639472317, 0.0, 2.3305532274809465e-05, 0.0, 0.0, 0.0, 0.0, 0.0034691208132419265, 0.0, 0.0033493960814798885, 0.0, 0.06768242922782555, 0.0026367291179123582, 0.0
dl_il:0.0015522618575813032, 0.0015518832999359975, 4.948818428969857, 0.0009423269720147612, 0.0009126292799645975, 2.772094141229683, 0.0015519453802344187, 0.0006686832670163613, 0.014882079726860956, 0.0015519764222462246, 0.001551991943717809, 9.339592074828582, 0.0015518832999359975, 0.0015519764222462246, 0.2782479639988499, 0.0010037549791929194, 0.0015519609010850976, 0.0, 0.5758482548375461, 0.6015609757227524, 0.001551998240354439, 0.013529307502527278, 1.113346851183299, 0.0015518832999359975, 0.001551998240354439, 0.0010471557366440308, 0.001252329726729475, 8.160507154347384, 4.993306576718856, 0.001551998240354439, 0.6812331543364798, 6.804112775819084, 0.001552044806820955, 0.0015520292843549661, 0.0, 0.0015520292843549661, 0.0010164284991228771, 0.001552044806820955, 8.987352348717083, 3.8863912882647496, 0.0, 0.001552013762199464, 0.0013143379735112918, 8.404096497159642, 0.001551998240354439, 1.983899681870486, 0.3177926846603438, 4.65839530895801, 0.0015508474038234588, 8.347556724352993, 0.0015508629143138608, 0.0, 0.0, 0.0, 0.001550823964179627, 4.005630359165623, 0.4394726898795617, 0.0015508629143138608, 0.5659739197337241, 6.17473062574509, 0.001550823964179627, 0.0015508529566593658, 0.0015508084537685276, 0.0008134602061879283, 0.001550823964179627, 4.899556142398164, 0.0007077618680675294, 4.823117441679031, 0.0505869991464745, 2.569055429452602, 6.05439038607151, 0.0015507694735407665, 0.06326040897641899, 0.0015508594731247, 0.0004889515366962384, 7.306687417919198, 2.1979264676189754, 0.001552341604475582, 9.44913715917824, 0.0015522236911394937, 0.0015522547415128874, 0.001552208166418627, 0.27165297875927347, 9.484244952100605, 0.0015522971164733065, 0.001027779043700555, 0.001552208166418627, 0.03361661158389326, 0.0015522392161709108, 0.0, 0.00030956025678551783, 0.11849023449644758, 9.146316324896175, 0.0015523083810086707, 0.0015524428200712043, 0.0015524428677590656, 0.001008249832846314, 0.002322258514549291, 0.0025005083859777196, 3.1169234129852104
sinr_ul:5.95534722e-07,9.96692866e-03,5.77644859e-03,7.20209916e-03,9.72800013e-03,2.18580300e-02,2.30724444e-02,1.95051319e-02,1.48830082e-02,1.94636231e-02,3.22484434e-02,1.54723494e-02,1.27187755e-02,8.26941649e-03,9.55612881e-03,2.12315870e-02,1.01371920e-02,1.22742088e-02,1.44085457e-02,1.41425204e-02,8.80355158e-03,2.17818016e-02,3.64135537e-02,1.19551213e-02,1.10087571e-02,3.05951795e-02,2.71177927e-02,9.60752346e-03,2.21401348e-02,2.00159220e-02,2.13010859e-02,1.85699041e-02,2.04486971e-02,1.25511920e-02,1.44942432e-02,4.85986110e-03,5.61922742e-03,9.91154393e-03,3.68999269e-03,2.66614940e-03
sinr_ul_bin_edges:-47.204105,-45.52475 ,-43.845395,-42.16604 ,-40.486685,-38.80733 ,-37.127975,-35.44862 ,-33.769265,-32.08991 ,-30.410555,-28.7312  ,-27.051845,-25.37249 ,-23.693135,-22.01378 ,-20.334425,-18.65507 ,-16.975715,-15.29636 ,-13.617005,-11.93765 ,-10.258295, -8.57894 , -6.899585, -5.22023 , -3.540875, -1.86152 , -0.182165,  1.49719 ,  3.176545,  4.8559  ,  6.535255,  8.21461 ,  9.893965, 11.57332 , 13.252675, 14.93203 , 16.611385, 18.29074 , 19.970095
sinr_dl:6.23478447e-07,7.60718523e-03,8.75962279e-03,6.08053590e-03,1.02410699e-02,1.61687289e-02,2.63232600e-02,2.30327278e-02,1.36404615e-02,1.30153620e-02,4.05997319e-02,2.51933924e-02,1.69771934e-02,1.79102289e-02,1.87371484e-02,8.64795780e-03,1.26640942e-02,1.45079694e-02,1.44098339e-02,8.80039828e-03,2.17784762e-02,3.43166902e-02,1.52571411e-02,1.21373173e-02,2.80262914e-02,3.03821671e-02,8.76660575e-03,1.68446419e-02,2.89325173e-02,8.43098730e-03,2.56557017e-02,1.99529313e-02,1.64121349e-02,1.53439293e-02,1.25272407e-02,3.15006251e-03,6.97123721e-03,8.66485406e-03,3.90540664e-03,2.63319887e-03
sinr_dl_bin_edges:-14.202724  ,-12.59863565,-10.9945473 , -9.39045895, -7.7863706 , -6.18228225, -4.5781939 , -2.97410555, -1.3700172 ,  0.23407115,  1.8381595 ,  3.44224785,  5.0463362 ,  6.65042455,  8.2545129 ,  9.85860125, 11.4626896 , 13.06677795, 14.6708663 , 16.27495465, 17.879043  , 19.48313135, 21.0872197 , 22.69130805, 24.2953964 , 25.89948475, 27.5035731 , 29.10766145, 30.7117498 , 32.31583815, 33.9199265 , 35.52401485, 37.1281032 , 38.73219155, 40.3362799 , 41.94036825, 43.5444566 , 45.14854495, 46.7526333 , 48.35672165, 49.96081   
rsrp_ul:5.97169809e-07,9.89492458e-03,5.86480469e-03,8.06698780e-03,8.91646185e-03,2.01492857e-02,2.52145397e-02,1.90587939e-02,1.56557023e-02,1.95861545e-02,3.18319575e-02,1.54045327e-02,1.27690432e-02,7.53610384e-03,9.97834920e-03,2.16269824e-02,9.81621760e-03,1.14252319e-02,1.44607058e-02,1.49766008e-02,8.84229336e-03,2.24377001e-02,3.62437286e-02,1.12543817e-02,1.19143737e-02,3.02683281e-02,2.70593167e-02,1.00089840e-02,2.27968977e-02,1.96552471e-02,1.69357955e-02,2.16032747e-02,2.02971449e-02,1.36584679e-02,1.53992776e-02,4.53586300e-03,4.68342366e-03,1.07753320e-02,3.83388989e-03,2.66391480e-03
rsrp_ul_bin_edges:-128.55864   ,-126.88388317,-125.20912635,-123.53436953,-121.8596127 ,-120.18485587,-118.51009905,-116.83534222,-115.1605854 ,-113.48582857,-111.81107175,-110.13631492,-108.4615581 ,-106.78680128,-105.11204445,-103.43728762,-101.7625308 ,-100.08777398, -98.41301715, -96.73826032, -95.0635035 , -93.38874667, -91.71398985, -90.03923302, -88.3644762 , -86.68971937, -85.01496255, -83.34020573, -81.6654489 , -79.99069207, -78.31593525, -76.64117842, -74.9664216 , -73.29166477, -71.61690795, -69.94215112, -68.2673943 , -66.59263748, -64.91788065, -63.24312382, -61.568367  
rsrp_dl:6.25267230e-07,7.49895495e-03,8.88729831e-03,6.72481159e-03,9.77048827e-03,1.79081537e-02,2.49465368e-02,2.23714362e-02,1.40410009e-02,1.30120612e-02,4.03973278e-02,2.49897428e-02,1.73745506e-02,1.73485395e-02,2.00158045e-02,8.09783590e-03,1.19585484e-02,1.41419816e-02,1.53118566e-02,9.03905066e-03,2.21195786e-02,3.54258280e-02,1.42046334e-02,1.22179718e-02,2.78732251e-02,2.89568758e-02,1.05061777e-02,1.64460288e-02,2.96815605e-02,7.46988002e-03,2.57606973e-02,1.96253251e-02,1.71177534e-02,1.43209956e-02,1.43010496e-02,3.06187110e-03,5.48697005e-03,1.01821017e-02,3.96944649e-03,2.63106198e-03
rsrp_dl_bin_edges:-122.53804   ,-120.93854067,-119.33904135,-117.73954202,-116.1400427 ,-114.54054337,-112.94104405,-111.34154472,-109.7420454 ,-108.14254607,-106.54304675,-104.94354742,-103.3440481 ,-101.74454877,-100.14504945, -98.54555013, -96.9460508 , -95.34655147, -93.74705215, -92.14755282, -90.5480535 , -88.94855417, -87.34905485, -85.74955553, -84.1500562 , -82.55055687, -80.95105755, -79.35155822, -77.7520589 , -76.15255957, -74.55306025, -72.95356093, -71.3540616 , -69.75456228, -68.15506295, -66.55556363, -64.9560643 , -63.35656498, -61.75706565, -60.15756633, -58.558067  
cqi_ul:2.03750653,0.        ,0.        ,0.1736146 ,0.        ,0.        ,0.07222117,0.        ,0.        ,0.18607694,0.        ,0.        ,0.09788903,0.        ,0.        ,0.11199371,0.        ,0.        ,0.09229669,0.        ,0.        ,0.08786142,0.        ,0.        ,0.08457458,0.        ,0.        ,0.01174903,0.        ,0.        ,0.03494768,0.        ,0.        ,0.05392339,0.        ,0.        ,0.02234871,0.        ,0.        ,0.00991959
cqi_ul_bin_edges: 0.   , 0.325, 0.65 , 0.975, 1.3  , 1.625, 1.95 , 2.275, 2.6  , 2.925, 3.25 , 3.575, 3.9  , 4.225, 4.55 , 4.875, 5.2  , 5.525, 5.85 , 6.175, 6.5  , 6.825, 7.15 , 7.475, 7.8  , 8.125, 8.45 , 8.775, 9.1  , 9.425, 9.75 ,10.075,10.4  ,10.725,11.05 ,11.375,11.7  ,12.025,12.35 ,12.675,13.   
cqi_dl:0.23283919,0.        ,0.13455274,0.        ,0.        ,0.10561796,0.        ,0.        ,0.11828368,0.        ,0.20129051,0.        ,0.        ,0.08131731,0.        ,0.        ,0.0602653 ,0.        ,0.10389003,0.        ,0.        ,0.04826286,0.        ,0.        ,0.04022647,0.        ,0.0794547 ,0.        ,0.        ,0.06719116,0.        ,0.        ,0.08816663,0.        ,0.11526493,0.        ,0.        ,0.10734589,0.        ,1.0826973 
cqi_dl_bin_edges: 0.   , 0.375, 0.75 , 1.125, 1.5  , 1.875, 2.25 , 2.625, 3.   , 3.375, 3.75 , 4.125, 4.5  , 4.875, 5.25 , 5.625, 6.   , 6.375, 6.75 , 7.125, 7.5  , 7.875, 8.25 , 8.625, 9.   , 9.375, 9.75 ,10.125,10.5  ,10.875,11.25 ,11.625,12.   ,12.375,12.75 ,13.125,13.5  ,13.875,14.25 ,14.625,15.   
mcs_ul:1.16441602e+00,2.29219777e-02,0.00000000e+00,4.60590199e-02,5.07009901e-02,0.00000000e+00,1.45517418e-02,0.00000000e+00,3.63505512e-02,3.41339781e-02,0.00000000e+00,2.41027525e-02,2.74580157e-02,0.00000000e+00,1.88821563e-04,0.00000000e+00,2.03474437e-02,2.35593305e-02,0.00000000e+00,2.21286071e-02,2.42227662e-02,0.00000000e+00,1.97560161e-02,0.00000000e+00,5.10458294e-03,0.00000000e+00,0.00000000e+00,1.00491476e-03,8.92437916e-03,0.00000000e+00,9.24841617e-03,0.00000000e+00,1.57321966e-02,1.23079656e-02,0.00000000e+00,3.78379211e-03,7.83753505e-03,0.00000000e+00,3.88284342e-03,1.27534564e-03
mcs_ul_bin_edges: 0.   , 0.625, 1.25 , 1.875, 2.5  , 3.125, 3.75 , 4.375, 5.   , 5.625, 6.25 , 6.875, 7.5  , 8.125, 8.75 , 9.375,10.   ,10.625,11.25 ,11.875,12.5  ,13.125,13.75 ,14.375,15.   ,15.625,16.25 ,16.875,17.5  ,18.125,18.75 ,19.375,20.   ,20.625,21.25 ,21.875,22.5  ,23.125,23.75 ,24.375,25.   
mcs_dl:2.31431785e-01,2.19663723e-02,2.19866603e-02,0.00000000e+00,4.13795951e-02,7.34479812e-02,0.00000000e+00,3.43862229e-02,2.30177784e-02,0.00000000e+00,2.05450667e-02,1.81492209e-02,1.77877510e-04,0.00000000e+00,1.39578839e-02,3.57075171e-02,0.00000000e+00,1.99478555e-02,1.55862132e-02,0.00000000e+00,1.02688901e-02,8.75185923e-03,0.00000000e+00,0.00000000e+00,1.27980368e-02,2.01265902e-02,0.00000000e+00,2.24384263e-02,1.95285217e-02,0.00000000e+00,1.64667426e-02,1.19050774e-02,3.53270449e-02,0.00000000e+00,1.86878540e-02,4.30612162e-02,0.00000000e+00,4.20175253e-02,1.54856302e-02,5.80019984e-01
mcs_dl_bin_edges: 0. , 0.7, 1.4, 2.1, 2.8, 3.5, 4.2, 4.9, 5.6, 6.3, 7. , 7.7, 8.4, 9.1, 9.8,10.5,11.2,11.9,12.6,13.3,14. ,14.7,15.4,16.1,16.8,17.5,18.2,18.9,19.6,20.3,21. ,21.7,22.4,23.1,23.8,24.5,25.2,25.9,26.6,27.3,28. 
eff_ul:5.49945818e+00,5.44559437e-01,1.18978814e-01,2.39073943e-01,3.38700821e-01,0.00000000e+00,1.88681166e-01,1.77175822e-01,1.25107744e-01,1.42523573e-01,0.00000000e+00,1.06595536e-01,1.22287058e-01,0.00000000e+00,1.14860745e-01,1.25730687e-01,0.00000000e+00,1.02545575e-01,0.00000000e+00,2.64958475e-02,0.00000000e+00,5.21611042e-03,4.63228813e-02,0.00000000e+00,0.00000000e+00,4.80048277e-02,0.00000000e+00,8.16595376e-02,0.00000000e+00,6.38857244e-02,0.00000000e+00,0.00000000e+00,1.96401508e-02,0.00000000e+00,4.06815084e-02,0.00000000e+00,0.00000000e+00,2.01542865e-02,0.00000000e+00,6.61980893e-03
eff_ul_bin_edges:0.        ,0.12040997,0.24081995,0.36122992,0.4816399 ,0.60204987,0.72245985,0.84286982,0.9632798 ,1.08368977,1.20409975,1.32450972,1.4449197 ,1.56532967,1.68573965,1.80614962,1.9265596 ,2.04696957,2.16737955,2.28778952,2.4081995 ,2.52860947,2.64901945,2.76942942,2.8898394 ,3.01024937,3.13065935,3.25106932,3.3714793 ,3.49188927,3.61229925,3.73270922,3.8531192 ,3.97352917,4.09393915,4.21434913,4.3347591 ,4.45516907,4.57557905,4.69598902,4.816399  
eff_dl:0.6287742 ,0.53784308,0.22156147,0.20858911,0.37024164,0.17333644,0.1160296 ,0.10356499,0.09148784,0.07125652,0.17999691,0.        ,0.10055452,0.07856806,0.        ,0.05176413,0.        ,0.04411697,0.06451322,0.1014555 ,0.        ,0.11310916,0.        ,0.09844072,0.        ,0.08300669,0.        ,0.        ,0.06001193,0.        ,0.178079  ,0.        ,0.09420302,0.        ,0.21706594,0.        ,0.21180483,0.        ,0.07806103,2.92380466
eff_dl_bin_edges:0.        ,0.13886495,0.2777299 ,0.41659485,0.5554598 ,0.69432475,0.8331897 ,0.97205465,1.1109196 ,1.24978455,1.3886495 ,1.52751445,1.6663794 ,1.80524435,1.9441093 ,2.08297425,2.2218392 ,2.36070415,2.4995691 ,2.63843405,2.777299  ,2.91616395,3.0550289 ,3.19389385,3.3327588 ,3.47162375,3.6104887 ,3.74935365,3.8882186 ,4.02708355,4.1659485 ,4.30481345,4.4436784 ,4.58254335,4.7214083 ,4.86027325,4.9991382 ,5.13800315,5.2768681 ,5.41573305,5.554598  
rul:1.28573302e+01,2.06816754e-01,1.92549691e-02,4.25196442e-03,2.46187037e-03,1.20605458e-03,1.07903255e-03,6.31181660e-04,9.95224194e-05,1.49283629e-04,1.30950552e-05,3.66661545e-05,5.49992317e-05,4.97612097e-05,3.27376379e-05,9.16653862e-06,1.30950552e-06,1.30950552e-05,1.30950552e-06,6.54752759e-06,1.30950552e-06,0.00000000e+00,0.00000000e+00,2.61901104e-06,0.00000000e+00,0.00000000e+00,0.00000000e+00,0.00000000e+00,1.30950552e-06,1.30950552e-06,1.30950552e-06,0.00000000e+00,0.00000000e+00,1.30950552e-06,0.00000000e+00,0.00000000e+00,0.00000000e+00,1.30950552e-06,0.00000000e+00,1.30950552e-06
rul_bin_edges:0.        ,0.07637371,0.15274741,0.22912112,0.30549483,0.38186854,0.45824224,0.53461595,0.61098966,0.68736337,0.76373707,0.84011078,0.91648449,0.9928582 ,1.06923191,1.14560561,1.22197932,1.29835303,1.37472673,1.45110044,1.52747415,1.60384786,1.68022157,1.75659527,1.83296898,1.90934269,1.98571639,2.0620901 ,2.13846381,2.21483752,2.29121123,2.36758493,2.44395864,2.52033235,2.59670605,2.67307976,2.74945347,2.82582718,2.90220089,2.97857459,3.0549483 
rdl:4.15156260e+00,1.42317014e-03,8.30805686e-07,1.24620853e-06,4.15402843e-07,3.11552132e-05,5.00145023e-04,0.00000000e+00,0.00000000e+00,0.00000000e+00,0.00000000e+00,0.00000000e+00,0.00000000e+00,4.56943128e-06,0.00000000e+00,0.00000000e+00,0.00000000e+00,0.00000000e+00,0.00000000e+00,3.32322275e-06,1.66161137e-06,0.00000000e+00,0.00000000e+00,4.15402843e-07,0.00000000e+00,0.00000000e+00,5.81563980e-06,0.00000000e+00,0.00000000e+00,0.00000000e+00,0.00000000e+00,0.00000000e+00,0.00000000e+00,2.49241706e-06,0.00000000e+00,0.00000000e+00,0.00000000e+00,0.00000000e+00,0.00000000e+00,8.30805686e-07
rdl_bin_edges:0.        ,0.24075856,0.48151712,0.72227569,0.96303425,1.20379281,1.44455138,1.68530994,1.9260685 ,2.16682706,2.40758562,2.64834419,2.88910275,3.12986131,3.37061988,3.61137844,3.852137  ,4.09289556,4.33365412,4.57441269,4.81517125,5.05592981,5.29668837,5.53744694,5.7782055 ,6.01896406,6.25972263,6.50048119,6.74123975,6.98199831,7.22275687,7.46351544,7.704274  ,7.94503256,8.18579112,8.42654969,8.66730825,8.90806681,9.14882537,9.38958394,9.6303425 
lul:4.97538586e-01,2.48044932e-05,3.07316713e-05,3.15784111e-05,4.55247125e-05,4.63714522e-05,3.30228494e-05,1.96244384e-05,2.53523836e-05,2.71454795e-05,1.67355617e-05,1.47930411e-05,1.98734795e-05,1.06091507e-05,1.08083836e-05,1.18045480e-05,9.46356167e-06,5.57852056e-06,6.02679454e-06,3.98465755e-06,6.07660276e-06,3.43676713e-06,1.11072329e-05,6.72410961e-06,1.03601096e-05,1.62872877e-05,3.03830138e-06,1.39463014e-06,1.99232877e-06,2.93868494e-06,6.22602742e-06,2.49041097e-06,2.44060275e-06,2.44060275e-06,2.39079453e-06,2.54021919e-06,2.29117809e-06,2.49041097e-06,2.44060275e-06,1.94252055e-06
lul_bin_edges: 0.       , 2.0079375, 4.015875 , 6.0238125, 8.03175  ,10.0396875,12.047625 ,14.0555625,16.0635   ,18.0714375,20.079375 ,22.0873125,24.09525  ,26.1031875,28.111125 ,30.1190625,32.127    ,34.1349375,36.142875 ,38.1508125,40.15875  ,42.1666875,44.174625 ,46.1825625,48.1905   ,50.1984375,52.206375 ,54.2143125,56.22225  ,58.2301875,60.238125 ,62.2460625,64.254    ,66.2619375,68.269875 ,70.2778125,72.28575  ,74.2936875,76.301625 ,78.3095625,80.3175   
ldl:4.09690329e-01,6.14140868e-05,5.21176477e-05,3.73914299e-05,3.44297325e-05,4.65644650e-05,3.31134225e-05,3.35659041e-05,5.61077122e-05,3.76382380e-05,5.24467251e-05,4.42609226e-05,4.07644742e-05,1.09665074e-04,5.93573525e-05,8.50665315e-05,9.26353138e-05,8.87275185e-05,4.75516975e-05,5.33928229e-05,3.84609318e-05,8.31743359e-05,1.18056550e-05,1.28340222e-05,1.65772786e-05,1.98557131e-04,7.12452768e-05,6.53218820e-05,7.40424355e-06,6.25247233e-06,2.67375462e-06,2.87942805e-07,0.00000000e+00,1.23404059e-07,4.11346864e-08,1.64538746e-07,3.29077491e-07,7.56878230e-06,1.68652214e-05,2.13900369e-06
ldl_bin_edges: 0.      , 2.431325, 4.86265 , 7.293975, 9.7253  ,12.156625,14.58795 ,17.019275,19.4506  ,21.881925,24.31325 ,26.744575,29.1759  ,31.607225,34.03855 ,36.469875,38.9012  ,41.332525,43.76385 ,46.195175,48.6265  ,51.057825,53.48915 ,55.920475,58.3518  ,60.783125,63.21445 ,65.645775,68.0771  ,70.508425,72.93975 ,75.371075,77.8024  ,80.233725,82.66505 ,85.096375,87.5277  ,89.959025,92.39035 ,94.821675,97.253   
ilul:4.92382987e-01,8.21437153e-04,5.44403837e-04,3.51546412e-04,2.09244329e-04,2.12481864e-04,2.12382247e-04,1.87229096e-04,1.96344001e-04,1.76968603e-04,1.63121918e-04,1.58987836e-04,1.63968658e-04,1.46685206e-04,1.53110466e-04,1.46984055e-04,1.40807836e-04,1.48279069e-04,1.46436165e-04,1.42999398e-04,1.43995562e-04,1.43198631e-04,1.43248439e-04,1.43547288e-04,1.44144987e-04,1.47382521e-04,7.54594523e-05,5.13522741e-05,5.24978632e-05,2.57508494e-05,2.39079453e-05,2.36589042e-05,2.39577535e-05,2.37585206e-05,2.36589042e-05,1.58390137e-05,4.83139727e-06,2.49041097e-06,2.44060275e-06,1.94252055e-06
ilul_bin_edges: 0.       , 2.0079375, 4.015875 , 6.0238125, 8.03175  ,10.0396875,12.047625 ,14.0555625,16.0635   ,18.0714375,20.079375 ,22.0873125,24.09525  ,26.1031875,28.111125 ,30.1190625,32.127    ,34.1349375,36.142875 ,38.1508125,40.15875  ,42.1666875,44.174625 ,46.1825625,48.1905   ,50.1984375,52.206375 ,54.2143125,56.22225  ,58.2301875,60.238125 ,62.2460625,64.254    ,66.2619375,68.269875 ,70.2778125,72.28575  ,74.2936875,76.301625 ,78.3095625,80.3175   
ildl:3.90390479e-01,1.72048746e-03,1.15519090e-03,1.47294655e-03,1.07057946e-03,1.02191863e-03,9.73422326e-04,9.29779770e-04,9.23445224e-04,9.08061325e-04,9.29203902e-04,8.65200304e-04,8.23943487e-04,7.61420692e-04,6.82814731e-04,5.95735286e-04,5.98655759e-04,5.34240827e-04,4.84469392e-04,4.88541600e-04,4.53249128e-04,4.54483130e-04,3.43176102e-04,3.34414685e-04,3.07060962e-04,4.56251867e-04,3.51978654e-04,3.10022568e-04,2.25493395e-04,2.15621375e-04,2.06160689e-04,1.17888375e-04,6.03427235e-05,5.54889803e-05,3.22485993e-05,4.36014226e-06,3.29067340e-07,7.56854883e-06,1.68647012e-05,2.13893771e-06
ildl_bin_edges: 0.    , 2.4314, 4.8628, 7.2942, 9.7256,12.157 ,14.5884,17.0198,19.4512,21.8826,24.314 ,26.7454,29.1768,31.6082,34.0396,36.471 ,38.9024,41.3338,43.7652,46.1966,48.628 ,51.0594,53.4908,55.9222,58.3536,60.785 ,63.2164,65.6478,68.0792,70.5106,72.942 ,75.3734,77.8048,80.2362,82.6676,85.099 ,87.5304,89.9618,92.3932,94.8246,97.256 
eul:3.70370185e+02,0.00000000e+00,0.00000000e+00,0.00000000e+00,0.00000000e+00,0.00000000e+00,0.00000000e+00,0.00000000e+00,0.00000000e+00,0.00000000e+00,0.00000000e+00,3.70414042e-05,3.70414042e-05,3.70414042e-05,0.00000000e+00,0.00000000e+00,0.00000000e+00,0.00000000e+00,0.00000000e+00,0.00000000e+00,0.00000000e+00,0.00000000e+00,0.00000000e+00,0.00000000e+00,0.00000000e+00,3.70414042e-05,0.00000000e+00,0.00000000e+00,0.00000000e+00,0.00000000e+00,0.00000000e+00,0.00000000e+00,0.00000000e+00,0.00000000e+00,0.00000000e+00,0.00000000e+00,0.00000000e+00,0.00000000e+00,0.00000000e+00,3.70414042e-05
eul_bin_edges:0.    ,0.0027,0.0054,0.0081,0.0108,0.0135,0.0162,0.0189,0.0216,0.0243,0.027 ,0.0297,0.0324,0.0351,0.0378,0.0405,0.0432,0.0459,0.0486,0.0513,0.054 ,0.0567,0.0594,0.0621,0.0648,0.0675,0.0702,0.0729,0.0756,0.0783,0.081 ,0.0837,0.0864,0.0891,0.0918,0.0945,0.0972,0.0999,0.1026,0.1053,0.108 
edl:1.21212109e+03,0.00000000e+00,0.00000000e+00,0.00000000e+00,0.00000000e+00,0.00000000e+00,0.00000000e+00,0.00000000e+00,0.00000000e+00,0.00000000e+00,0.00000000e+00,0.00000000e+00,0.00000000e+00,0.00000000e+00,0.00000000e+00,0.00000000e+00,0.00000000e+00,0.00000000e+00,0.00000000e+00,0.00000000e+00,0.00000000e+00,0.00000000e+00,0.00000000e+00,0.00000000e+00,0.00000000e+00,0.00000000e+00,0.00000000e+00,0.00000000e+00,0.00000000e+00,0.00000000e+00,0.00000000e+00,0.00000000e+00,0.00000000e+00,0.00000000e+00,0.00000000e+00,0.00000000e+00,0.00000000e+00,0.00000000e+00,0.00000000e+00,1.21226414e-04
edl_bin_edges:0.      ,0.000825,0.00165 ,0.002475,0.0033  ,0.004125,0.00495 ,0.005775,0.0066  ,0.007425,0.00825 ,0.009075,0.0099  ,0.010725,0.01155 ,0.012375,0.0132  ,0.014025,0.01485 ,0.015675,0.0165  ,0.017325,0.01815 ,0.018975,0.0198  ,0.020625,0.02145 ,0.022275,0.0231  ,0.023925,0.02475 ,0.025575,0.0264  ,0.027225,0.02805 ,0.028875,0.0297  ,0.030525,0.03135 ,0.032175,0.033   
gul:3.90232810e-03,0.00000000e+00,0.00000000e+00,2.73162967e-02,0.00000000e+00,0.00000000e+00,0.00000000e+00,3.90232810e-03,0.00000000e+00,3.90232810e-03,1.56093124e-02,3.51209529e-02,1.13167515e-01,3.89269755e+02,6.08763184e-01,6.24372497e-02,1.17069843e-02,3.90232810e-03,3.90232810e-03,0.00000000e+00,0.00000000e+00,0.00000000e+00,3.90232810e-03,0.00000000e+00,0.00000000e+00,7.80465621e-03,7.80465621e-03,0.00000000e+00,0.00000000e+00,0.00000000e+00,0.00000000e+00,0.00000000e+00,0.00000000e+00,0.00000000e+00,0.00000000e+00,0.00000000e+00,0.00000000e+00,0.00000000e+00,0.00000000e+00,3.90232810e-03
gul_bin_edges:0.        ,0.00256288,0.00512575,0.00768863,0.0102515 ,0.01281437,0.01537725,0.01794013,0.020503  ,0.02306587,0.02562875,0.02819163,0.0307545 ,0.03331738,0.03588025,0.03844313,0.041006  ,0.04356887,0.04613175,0.04869462,0.0512575 ,0.05382038,0.05638325,0.05894613,0.061509  ,0.06407188,0.06663475,0.06919762,0.0717605 ,0.07432337,0.07688625,0.07944912,0.082012  ,0.08457488,0.08713775,0.08970063,0.0922635 ,0.09482638,0.09738925,0.09995213,0.102515  
gdl:3.90232810e-03,0.00000000e+00,0.00000000e+00,2.73162967e-02,0.00000000e+00,0.00000000e+00,0.00000000e+00,3.90232810e-03,0.00000000e+00,3.90232810e-03,1.56093124e-02,3.51209529e-02,1.13167515e-01,3.89269755e+02,6.08763184e-01,6.24372497e-02,1.17069843e-02,3.90232810e-03,3.90232810e-03,0.00000000e+00,0.00000000e+00,0.00000000e+00,3.90232810e-03,0.00000000e+00,0.00000000e+00,7.80465621e-03,7.80465621e-03,0.00000000e+00,0.00000000e+00,0.00000000e+00,0.00000000e+00,0.00000000e+00,0.00000000e+00,0.00000000e+00,0.00000000e+00,0.00000000e+00,0.00000000e+00,0.00000000e+00,0.00000000e+00,3.90232810e-03
gdl_bin_edges:0.        ,0.00256288,0.00512575,0.00768863,0.0102515 ,0.01281437,0.01537725,0.01794013,0.020503  ,0.02306587,0.02562875,0.02819163,0.0307545 ,0.03331738,0.03588025,0.03844313,0.041006  ,0.04356887,0.04613175,0.04869462,0.0512575 ,0.05382038,0.05638325,0.05894613,0.061509  ,0.06407188,0.06663475,0.06919762,0.0717605 ,0.07432337,0.07688625,0.07944912,0.082012  ,0.08457488,0.08713775,0.08970063,0.0922635 ,0.09482638,0.09738925,0.09995213,0.102515  
ri:26.06706477, 0.        , 0.        , 0.        , 0.        , 0.        , 0.        , 0.        , 0.        , 0.        , 0.        , 0.        , 0.        , 0.        , 0.        , 0.        , 0.        , 0.        , 0.        , 0.        , 0.        , 0.        , 0.        , 0.        , 0.        , 0.        , 0.        , 0.        , 0.        , 0.        , 0.        , 0.        , 0.        , 0.        , 0.        , 0.        , 0.        , 0.        , 0.        ,13.93293523
ri_bin_edges:1.   ,1.025,1.05 ,1.075,1.1  ,1.125,1.15 ,1.175,1.2  ,1.225,1.25 ,1.275,1.3  ,1.325,1.35 ,1.375,1.4  ,1.425,1.45 ,1.475,1.5  ,1.525,1.55 ,1.575,1.6  ,1.625,1.65 ,1.675,1.7  ,1.725,1.75 ,1.775,1.8  ,1.825,1.85 ,1.875,1.9  ,1.925,1.95 ,1.975,2.   
