period:1
ue_log_freq:1000
mac_log_freq:1000
mimo_layers:2
frequency:2412000000.0
bandwidth:50000000
ue_speed:5.555555555555555
max_distance:1000
shannon_cfg_bandwidth_mhz:50.0
shannon_cfg_mimo_layers:2
shannon_cfg_bw_efficiency:0.67
shannon_cfg_sinr_offset_db:0
shannon_cfg_ul_divisor:2
shannon_cfg_sinr_sample_rate:1000
n_ue:4
sinr_period:9.463597741343282
sinr_rate:105.66805852612856
ul_fairness:nan
dl_fairness:0.9999799608991338
ul_agg_throughput:0
dl_agg_throughput:40.026735677431944
ul_ave_throughput:0.0
dl_ave_throughput:10.006683919357986
ul_se:0.0
dl_se:0.8005347135486388
ul_ase:0.0
dl_ase:2.548181135558407e-07
ul_gr:0.0, 0.0, 0.0, 0.0
dl_gr:10.14430055699443, 10.143176568234319, 10.143939560604395, 10.139381606183939
ul_tr:0.0, 0.0, 0.0, 0.0
dl_tr:10.033513638063619, 10.031507335726642, 10.03230986080139, 10.02749473605264
ul_er:0.0, 0.0, 0.0, 0.0
dl_er:89.85364846351536, 89.85477245227545, 89.85400945990541, 89.85856741432588
ul_er_ratio:0.0, 0.0, 0.0, 0.0
dl_er_ratio:0.8995515196651581, 0.8995707182506202, 0.8995627236139269, 0.8996106711969859
ul_er_perc:0.0, 0.0, 0.0, 0.0
dl_er_perc:89.95515196651581, 89.95707182506202, 89.95627236139269, 89.96106711969858
ul_l:0.0, 0.0, 0.0, 0.0
dl_l:0.0007253306241247587, 0.0007260979410125899, 0.0007245781549744503, 0.0007244275013259867
ul_il:0.0, 0.0, 0.0, 0.0
dl_il:0.25262294714645855, 0.25269700912621873, 0.25225054950159, 0.2522327821448886
sinr_ul:0.01061524,0.0159004 ,0.01722752,0.03453652,0.0643134 ,0.08369956,0.03662365,0.06323408,0.05789404,0.07262864,0.0474451 ,0.03138505,0.02729561,0.04198864,0.0174936 ,0.01042066,0.00753361,0.00730078,0.00456839,0.00347577,0.00105271,0.00060701,0.00057375,0.00054215,0.00051887,0.00050058,0.00048395,0.00047397,0.00046565,0.00039248,0.00024447,0.00024114,0.00023615,0.00023615,0.00023449,0.00023449,0.00023449,0.00029935,0.00045568,0.00161815
sinr_ul_bin_edges:19.725216 ,21.2284646,22.7317132,24.2349618,25.7382104,27.241459 ,28.7447076,30.2479562,31.7512048,33.2544534,34.757702 ,36.2609506,37.7641992,39.2674478,40.7706964,42.273945 ,43.7771936,45.2804422,46.7836908,48.2869394,49.790188 ,51.2934366,52.7966852,54.2999338,55.8031824,57.306431 ,58.8096796,60.3129282,61.8161768,63.3194254,64.822674 ,66.3259226,67.8291712,69.3324198,70.8356684,72.338917 ,73.8421656,75.3454142,76.8486628,78.3519114,79.85516  
sinr_dl:0.01061526,0.01590044,0.01722756,0.03453661,0.0642753 ,0.08366982,0.03666199,0.0632492 ,0.0578975 ,0.07263713,0.04744522,0.0313818 ,0.02729568,0.04198874,0.01749531,0.01042069,0.00753363,0.0073008 ,0.00457339,0.00347578,0.00105271,0.00060701,0.00057209,0.00054382,0.00051887,0.00050058,0.00048229,0.00047563,0.00046565,0.00039414,0.00024281,0.00024114,0.00023615,0.00023615,0.00023449,0.00023449,0.00023449,0.00029935,0.00045568,0.00161815
sinr_dl_bin_edges:29.467152  ,30.97039705,32.4736421 ,33.97688715,35.4801322 ,36.98337725,38.4866223 ,39.98986735,41.4931124 ,42.99635745,44.4996025 ,46.00284755,47.5060926 ,49.00933765,50.5125827 ,52.01582775,53.5190728 ,55.02231785,56.5255629 ,58.02880795,59.532053  ,61.03529805,62.5385431 ,64.04178815,65.5450332 ,67.04827825,68.5515233 ,70.05476835,71.5580134 ,73.06125845,74.5645035 ,76.06774855,77.5709936 ,79.07423865,80.5774837 ,82.08072875,83.5839738 ,85.08721885,86.5904639 ,88.09370895,89.596954  
rsrp_ul:0.01061565,0.01590186,0.01722258,0.03451169,0.06014428,0.08153194,0.03927725,0.06517266,0.05824803,0.07337309,0.04792846,0.03073915,0.02741074,0.04215156,0.01768499,0.01037613,0.0075434 ,0.00722403,0.00515147,0.00347313,0.00107454,0.00060879,0.0005722 ,0.00054226,0.00052064,0.00049901,0.00048571,0.0004724 ,0.00046408,0.00040254,0.00024119,0.00024119,0.0002362 ,0.0002362 ,0.00023454,0.00023454,0.00023454,0.00029941,0.00045576,0.00161846
rsrp_ul_bin_edges:-91.042274  ,-89.53931983,-88.03636565,-86.53341148,-85.0304573 ,-83.52750313,-82.02454895,-80.52159478,-79.0186406 ,-77.51568643,-76.01273225,-74.50977807,-73.0068239 ,-71.50386973,-70.00091555,-68.49796138,-66.9950072 ,-65.49205303,-63.98909885,-62.48614468,-60.9831905 ,-59.48023633,-57.97728215,-56.47432798,-54.9713738 ,-53.46841963,-51.96546545,-50.46251128,-48.9595571 ,-47.45660292,-45.95364875,-44.45069457,-42.9477404 ,-41.44478623,-39.94183205,-38.43887788,-36.9359237 ,-35.43296952,-33.93001535,-32.42706117,-30.924107  
rsrp_dl:0.01061565,0.01590186,0.01722257,0.03451168,0.06014428,0.08153194,0.03927725,0.06517266,0.0582497 ,0.07337143,0.04792846,0.03073915,0.02741074,0.04215156,0.01768499,0.01037613,0.0075434 ,0.00722403,0.00515147,0.00347312,0.00107454,0.00060879,0.0005722 ,0.00054226,0.00052064,0.00049901,0.00048571,0.0004724 ,0.00046408,0.00040254,0.00024119,0.00024119,0.0002362 ,0.0002362 ,0.00023454,0.00023454,0.00023454,0.00029941,0.00045576,0.00161846
rsrp_dl_bin_edges:-88.031975 ,-86.5290208,-85.0260666,-83.5231124,-82.0201582,-80.517204 ,-79.0142498,-77.5112956,-76.0083414,-74.5053872,-73.002433 ,-71.4994788,-69.9965246,-68.4935704,-66.9906162,-65.487662 ,-63.9847078,-62.4817536,-60.9787994,-59.4758452,-57.972891 ,-56.4699368,-54.9669826,-53.4640284,-51.9610742,-50.45812  ,-48.9551658,-47.4522116,-45.9492574,-44.4463032,-42.943349 ,-41.4403948,-39.9374406,-38.4344864,-36.9315322,-35.428578 ,-33.9256238,-32.4226696,-30.9197154,-29.4167612,-27.913807 
cqi_ul: 0., 0., 0., 0., 0., 0., 0., 0., 0., 0., 0., 0., 0., 0., 0., 0., 0., 0., 0., 0.,40., 0., 0., 0., 0., 0., 0., 0., 0., 0., 0., 0., 0., 0., 0., 0., 0., 0., 0., 0.
cqi_ul_bin_edges:14.5  ,14.525,14.55 ,14.575,14.6  ,14.625,14.65 ,14.675,14.7  ,14.725,14.75 ,14.775,14.8  ,14.825,14.85 ,14.875,14.9  ,14.925,14.95 ,14.975,15.   ,15.025,15.05 ,15.075,15.1  ,15.125,15.15 ,15.175,15.2  ,15.225,15.25 ,15.275,15.3  ,15.325,15.35 ,15.375,15.4  ,15.425,15.45 ,15.475,15.5  
cqi_dl: 0., 0., 0., 0., 0., 0., 0., 0., 0., 0., 0., 0., 0., 0., 0., 0., 0., 0., 0., 0.,40., 0., 0., 0., 0., 0., 0., 0., 0., 0., 0., 0., 0., 0., 0., 0., 0., 0., 0., 0.
cqi_dl_bin_edges:14.5  ,14.525,14.55 ,14.575,14.6  ,14.625,14.65 ,14.675,14.7  ,14.725,14.75 ,14.775,14.8  ,14.825,14.85 ,14.875,14.9  ,14.925,14.95 ,14.975,15.   ,15.025,15.05 ,15.075,15.1  ,15.125,15.15 ,15.175,15.2  ,15.225,15.25 ,15.275,15.3  ,15.325,15.35 ,15.375,15.4  ,15.425,15.45 ,15.475,15.5  
mcs_ul: 0., 0., 0., 0., 0., 0., 0., 0., 0., 0., 0., 0., 0., 0., 0., 0., 0., 0., 0., 0.,40., 0., 0., 0., 0., 0., 0., 0., 0., 0., 0., 0., 0., 0., 0., 0., 0., 0., 0., 0.
mcs_ul_bin_edges:27.5  ,27.525,27.55 ,27.575,27.6  ,27.625,27.65 ,27.675,27.7  ,27.725,27.75 ,27.775,27.8  ,27.825,27.85 ,27.875,27.9  ,27.925,27.95 ,27.975,28.   ,28.025,28.05 ,28.075,28.1  ,28.125,28.15 ,28.175,28.2  ,28.225,28.25 ,28.275,28.3  ,28.325,28.35 ,28.375,28.4  ,28.425,28.45 ,28.475,28.5  
mcs_dl: 0., 0., 0., 0., 0., 0., 0., 0., 0., 0., 0., 0., 0., 0., 0., 0., 0., 0., 0., 0.,40., 0., 0., 0., 0., 0., 0., 0., 0., 0., 0., 0., 0., 0., 0., 0., 0., 0., 0., 0.
mcs_dl_bin_edges:27.5  ,27.525,27.55 ,27.575,27.6  ,27.625,27.65 ,27.675,27.7  ,27.725,27.75 ,27.775,27.8  ,27.825,27.85 ,27.875,27.9  ,27.925,27.95 ,27.975,28.   ,28.025,28.05 ,28.075,28.1  ,28.125,28.15 ,28.175,28.2  ,28.225,28.25 ,28.275,28.3  ,28.325,28.35 ,28.375,28.4  ,28.425,28.45 ,28.475,28.5  
eff_ul: 0., 0., 0., 0., 0., 0., 0., 0., 0., 0., 0., 0., 0., 0., 0., 0., 0., 0., 0., 0.,40., 0., 0., 0., 0., 0., 0., 0., 0., 0., 0., 0., 0., 0., 0., 0., 0., 0., 0., 0.
eff_ul_bin_edges:5.0545974,5.0795974,5.1045974,5.1295974,5.1545974,5.1795974,5.2045974,5.2295974,5.2545974,5.2795974,5.3045974,5.3295974,5.3545974,5.3795974,5.4045974,5.4295974,5.4545974,5.4795974,5.5045974,5.5295974,5.5545974,5.5795974,5.6045974,5.6295974,5.6545974,5.6795974,5.7045974,5.7295974,5.7545974,5.7795974,5.8045974,5.8295974,5.8545974,5.8795974,5.9045974,5.9295974,5.9545974,5.9795974,6.0045974,6.0295974,6.0545974
eff_dl: 0., 0., 0., 0., 0., 0., 0., 0., 0., 0., 0., 0., 0., 0., 0., 0., 0., 0., 0., 0.,40., 0., 0., 0., 0., 0., 0., 0., 0., 0., 0., 0., 0., 0., 0., 0., 0., 0., 0., 0.
eff_dl_bin_edges:5.0545974,5.0795974,5.1045974,5.1295974,5.1545974,5.1795974,5.2045974,5.2295974,5.2545974,5.2795974,5.3045974,5.3295974,5.3545974,5.3795974,5.4045974,5.4295974,5.4545974,5.4795974,5.5045974,5.5295974,5.5545974,5.5795974,5.6045974,5.6295974,5.6545974,5.6795974,5.7045974,5.7295974,5.7545974,5.7795974,5.8045974,5.8295974,5.8545974,5.8795974,5.9045974,5.9295974,5.9545974,5.9795974,6.0045974,6.0295974,6.0545974
rul: 0., 0., 0., 0., 0., 0., 0., 0., 0., 0., 0., 0., 0., 0., 0., 0., 0., 0., 0., 0.,40., 0., 0., 0., 0., 0., 0., 0., 0., 0., 0., 0., 0., 0., 0., 0., 0., 0., 0., 0.
rul_bin_edges:-0.5  ,-0.475,-0.45 ,-0.425,-0.4  ,-0.375,-0.35 ,-0.325,-0.3  ,-0.275,-0.25 ,-0.225,-0.2  ,-0.175,-0.15 ,-0.125,-0.1  ,-0.075,-0.05 ,-0.025, 0.   , 0.025, 0.05 , 0.075, 0.1  , 0.125, 0.15 , 0.175, 0.2  , 0.225, 0.25 , 0.275, 0.3  , 0.325, 0.35 , 0.375, 0.4  , 0.425, 0.45 , 0.475, 0.5  
rdl:0.38144672,0.        ,0.        ,0.        ,0.        ,0.        ,0.        ,0.        ,0.        ,0.        ,0.        ,0.        ,0.        ,0.        ,0.        ,0.        ,0.        ,0.        ,0.        ,0.1093545 ,0.        ,0.        ,0.        ,0.        ,0.        ,0.        ,0.        ,0.        ,0.        ,0.        ,0.        ,0.        ,0.        ,0.        ,0.        ,0.        ,0.        ,0.        ,0.        ,0.00762333
rdl_bin_edges: 0.        , 2.00632175, 4.0126435 , 6.01896525, 8.025287  ,10.03160875,12.0379305 ,14.04425225,16.050574  ,18.05689575,20.0632175 ,22.06953925,24.075861  ,26.08218275,28.0885045 ,30.09482625,32.101148  ,34.10746975,36.1137915 ,38.12011325,40.126435  ,42.13275675,44.1390785 ,46.14540025,48.151722  ,50.15804375,52.1643655 ,54.17068725,56.177009  ,58.18333075,60.1896525 ,62.19597425,64.202296  ,66.20861775,68.2149395 ,70.22126125,72.227583  ,74.23390475,76.2402265 ,78.24654825,80.25287   
lul: 0., 0., 0., 0., 0., 0., 0., 0., 0., 0., 0., 0., 0., 0., 0., 0., 0., 0., 0., 0.,40., 0., 0., 0., 0., 0., 0., 0., 0., 0., 0., 0., 0., 0., 0., 0., 0., 0., 0., 0.
lul_bin_edges:-0.5  ,-0.475,-0.45 ,-0.425,-0.4  ,-0.375,-0.35 ,-0.325,-0.3  ,-0.275,-0.25 ,-0.225,-0.2  ,-0.175,-0.15 ,-0.125,-0.1  ,-0.075,-0.05 ,-0.025, 0.   , 0.025, 0.05 , 0.075, 0.1  , 0.125, 0.15 , 0.175, 0.2  , 0.225, 0.25 , 0.275, 0.3  , 0.325, 0.35 , 0.375, 0.4  , 0.425, 0.45 , 0.475, 0.5  
ldl:7.56432462e+03,0.00000000e+00,0.00000000e+00,0.00000000e+00,0.00000000e+00,0.00000000e+00,0.00000000e+00,0.00000000e+00,0.00000000e+00,0.00000000e+00,0.00000000e+00,0.00000000e+00,0.00000000e+00,0.00000000e+00,0.00000000e+00,0.00000000e+00,0.00000000e+00,0.00000000e+00,0.00000000e+00,0.00000000e+00,0.00000000e+00,0.00000000e+00,0.00000000e+00,0.00000000e+00,0.00000000e+00,0.00000000e+00,0.00000000e+00,0.00000000e+00,0.00000000e+00,2.03241573e+03,3.13815999e+00,1.18607622e+00,2.71809133e-01,1.16136629e+00,1.49322054e+02,3.70648817e-01,3.21228975e-01,2.96519054e-01,6.91877792e-01,1.30567223e+02
ldl_bin_edges:0.        ,0.00010117,0.00020235,0.00030352,0.00040469,0.00050586,0.00060704,0.00070821,0.00080938,0.00091056,0.00101173,0.0011129 ,0.00121408,0.00131525,0.00141642,0.00151759,0.00161877,0.00171994,0.00182111,0.00192229,0.00202346,0.00212463,0.0022258 ,0.00232698,0.00242815,0.00252932,0.0026305 ,0.00273167,0.00283284,0.00293401,0.00303519,0.00313636,0.00323753,0.00333871,0.00343988,0.00354105,0.00364223,0.0037434 ,0.00384457,0.00394574,0.00404692
ilul: 0., 0., 0., 0., 0., 0., 0., 0., 0., 0., 0., 0., 0., 0., 0., 0., 0., 0., 0., 0.,40., 0., 0., 0., 0., 0., 0., 0., 0., 0., 0., 0., 0., 0., 0., 0., 0., 0., 0., 0.
ilul_bin_edges:-0.5  ,-0.475,-0.45 ,-0.425,-0.4  ,-0.375,-0.35 ,-0.325,-0.3  ,-0.275,-0.25 ,-0.225,-0.2  ,-0.175,-0.15 ,-0.125,-0.1  ,-0.075,-0.05 ,-0.025, 0.   , 0.025, 0.05 , 0.075, 0.1  , 0.125, 0.15 , 0.175, 0.2  , 0.225, 0.25 , 0.275, 0.3  , 0.325, 0.35 , 0.375, 0.4  , 0.425, 0.45 , 0.475, 0.5  
ildl:2.75063983e+01,2.42585393e-03,2.51570037e-03,2.69539326e-03,2.51570037e-03,2.51570037e-03,2.42585393e-03,2.51570037e-03,2.42585393e-03,2.33600749e-03,2.42585393e-03,2.51570037e-03,2.51570037e-03,2.33600749e-03,2.60554682e-03,2.33600749e-03,2.69539326e-03,2.06646816e-03,2.51570037e-03,2.24616105e-03,2.51570037e-03,2.42585393e-03,2.51570037e-03,2.51570037e-03,2.33600749e-03,2.42585393e-03,2.42585393e-03,2.60554682e-03,2.33600749e-03,2.42585393e-03,2.15631461e-03,2.51570037e-03,2.42585393e-03,2.51570037e-03,2.33600749e-03,2.60554682e-03,2.60554682e-03,6.45726378e-01,3.91523840e+00,3.78325398e+00
ildl_bin_edges:0.        ,0.02782498,0.05564995,0.08347493,0.1112999 ,0.13912488,0.16694985,0.19477483,0.2225998 ,0.25042478,0.27824975,0.30607472,0.3338997 ,0.36172468,0.38954965,0.41737462,0.4451996 ,0.47302458,0.50084955,0.52867453,0.5564995 ,0.58432448,0.61214945,0.63997443,0.6677994 ,0.69562438,0.72344935,0.75127433,0.7790993 ,0.80692428,0.83474925,0.86257423,0.8903992 ,0.91822418,0.94604915,0.97387413,1.0016991 ,1.02952408,1.05734905,1.08517403,1.112999  
eul: 0., 0., 0., 0., 0., 0., 0., 0., 0., 0., 0., 0., 0., 0., 0., 0., 0., 0., 0., 0.,40., 0., 0., 0., 0., 0., 0., 0., 0., 0., 0., 0., 0., 0., 0., 0., 0., 0., 0., 0.
eul_bin_edges:-0.5  ,-0.475,-0.45 ,-0.425,-0.4  ,-0.375,-0.35 ,-0.325,-0.3  ,-0.275,-0.25 ,-0.225,-0.2  ,-0.175,-0.15 ,-0.125,-0.1  ,-0.075,-0.05 ,-0.025, 0.   , 0.025, 0.05 , 0.075, 0.1  , 0.125, 0.15 , 0.175, 0.2  , 0.225, 0.25 , 0.275, 0.3  , 0.325, 0.35 , 0.375, 0.4  , 0.425, 0.45 , 0.475, 0.5  
edl:2.14022121e-02,0.00000000e+00,1.58226266e-06,0.00000000e+00,3.69194620e-06,6.32905063e-06,7.91131329e-06,5.80162975e-06,3.69194620e-06,0.00000000e+00,2.10968354e-06,0.00000000e+00,2.10968354e-06,1.58226266e-06,3.69194620e-06,7.38389241e-06,1.84597310e-05,5.64340348e-05,5.59066139e-05,7.38389241e-05,2.01791231e-03,1.87008678e-01,9.70454430e-05,6.69824525e-05,5.64340348e-05,2.74258861e-05,2.10968354e-06,5.80162975e-06,1.58226266e-06,4.21936709e-06,0.00000000e+00,2.10968354e-06,0.00000000e+00,2.10968354e-06,8.96615506e-06,4.21936709e-06,6.32905063e-06,1.58226266e-06,0.00000000e+00,4.21936709e-06
edl_bin_edges:  0.  ,  4.74,  9.48, 14.22, 18.96, 23.7 , 28.44, 33.18, 37.92, 42.66, 47.4 , 52.14, 56.88, 61.62, 66.36, 71.1 , 75.84, 80.58, 85.32, 90.06, 94.8 , 99.54,104.28,109.02,113.76,118.5 ,123.24,127.98,132.72,137.46,142.2 ,146.94,151.68,156.42,161.16,165.9 ,170.64,175.38,180.12,184.86,189.6 
gul: 0., 0., 0., 0., 0., 0., 0., 0., 0., 0., 0., 0., 0., 0., 0., 0., 0., 0., 0., 0.,40., 0., 0., 0., 0., 0., 0., 0., 0., 0., 0., 0., 0., 0., 0., 0., 0., 0., 0., 0.
gul_bin_edges:-0.5  ,-0.475,-0.45 ,-0.425,-0.4  ,-0.375,-0.35 ,-0.325,-0.3  ,-0.275,-0.25 ,-0.225,-0.2  ,-0.175,-0.15 ,-0.125,-0.1  ,-0.075,-0.05 ,-0.025, 0.   , 0.025, 0.05 , 0.075, 0.1  , 0.125, 0.15 , 0.175, 0.2  , 0.225, 0.25 , 0.275, 0.3  , 0.325, 0.35 , 0.375, 0.4  , 0.425, 0.45 , 0.475, 0.5  
gdl:2.00350839e-01,0.00000000e+00,5.57408027e-07,0.00000000e+00,5.57408027e-07,0.00000000e+00,5.57408027e-07,0.00000000e+00,1.11481605e-06,0.00000000e+00,0.00000000e+00,0.00000000e+00,0.00000000e+00,5.57408027e-07,5.57408027e-07,0.00000000e+00,1.11481605e-06,3.34444816e-06,8.91852843e-06,7.24630435e-06,7.24630435e-06,1.44926087e-04,2.23849489e-02,3.01000334e-05,6.68889632e-06,6.68889632e-06,2.22963211e-06,1.67222408e-06,0.00000000e+00,1.11481605e-06,0.00000000e+00,0.00000000e+00,0.00000000e+00,0.00000000e+00,0.00000000e+00,0.00000000e+00,1.67222408e-06,0.00000000e+00,2.22963211e-06,5.57408027e-07
gdl_bin_edges:  0.   ,  4.485,  8.97 , 13.455, 17.94 , 22.425, 26.91 , 31.395, 35.88 , 40.365, 44.85 , 49.335, 53.82 , 58.305, 62.79 , 67.275, 71.76 , 76.245, 80.73 , 85.215, 89.7  , 94.185, 98.67 ,103.155,107.64 ,112.125,116.61 ,121.095,125.58 ,130.065,134.55 ,139.035,143.52 ,148.005,152.49 ,156.975,161.46 ,165.945,170.43 ,174.915,179.4  
ri: 0., 0., 0., 0., 0., 0., 0., 0., 0., 0., 0., 0., 0., 0., 0., 0., 0., 0., 0., 0.,40., 0., 0., 0., 0., 0., 0., 0., 0., 0., 0., 0., 0., 0., 0., 0., 0., 0., 0., 0.
ri_bin_edges:0.5  ,0.525,0.55 ,0.575,0.6  ,0.625,0.65 ,0.675,0.7  ,0.725,0.75 ,0.775,0.8  ,0.825,0.85 ,0.875,0.9  ,0.925,0.95 ,0.975,1.   ,1.025,1.05 ,1.075,1.1  ,1.125,1.15 ,1.175,1.2  ,1.225,1.25 ,1.275,1.3  ,1.325,1.35 ,1.375,1.4  ,1.425,1.45 ,1.475,1.5  
