period:1
ue_log_freq:1000
mac_log_freq:1000
mimo_layers:2
frequency:2412000000.0
bandwidth:50000000
ue_speed:5.555555555555555
max_distance:1000
shannon_cfg_bandwidth_mhz:50.0
shannon_cfg_mimo_layers:2
shannon_cfg_bw_efficiency:0.67
shannon_cfg_sinr_offset_db:0
shannon_cfg_ul_divisor:2
shannon_cfg_sinr_sample_rate:1000
n_ue:1
sinr_period:9.463597741343282
sinr_rate:105.66805852612856
ul_fairness:1.0
dl_fairness:1.0
ul_agg_throughput:220.45064820034605
dl_agg_throughput:263.88970126284016
ul_ave_throughput:220.45064820034605
dl_ave_throughput:263.88970126284016
ul_se:4.409012964006921
dl_se:5.277794025256803
ul_ase:1.4034324147559007e-06
dl_ase:1.6799740154809835e-06
ul_gr:220.528709760752
dl_gr:266.1873667719435
ul_tr:220.42330032483065
dl_tr:266.0664660003667
ul_er:79.46840776326866
dl_er:33.809750752077065
ul_er_ratio:0.26499034691523776
dl_er_ratio:0.11274568926547439
ul_er_perc:26.499034691523775
dl_er_perc:11.274568926547438
ul_l:0.004230106614228216
dl_l:0.004285743169769419
ul_il:0.023243185092282563
dl_il:0.021951789234552214
sinr_ul:0.03314264,0.08289558,0.11192817,0.08363965,0.03099904,0.02426351,0.01860863,0.01236914,0.00815634,0.00453523,0.00301168,0.00088933,0.00048541,0.00047124,0.00046061,0.00044644,0.00043226,0.00042518,0.00041809,0.00040038,0.00040038,0.00038975,0.00038266,0.00037203,0.00036849,0.00035786,0.00035432,0.00035077,0.00034723,0.00033306,0.00033306,0.00033306,0.00032243,0.00031888,0.00031534,0.00031534,0.00035786,0.00040746,0.00041809,0.00042518
sinr_ul_bin_edges: 22.137627  , 24.48956217, 26.84149735, 29.19343252, 31.5453677 , 33.89730288, 36.24923805, 38.60117322, 40.9531084 , 43.30504357, 45.65697875, 48.00891393, 50.3608491 , 52.71278428, 55.06471945, 57.41665463, 59.7685898 , 62.12052498, 64.47246015, 66.82439533, 69.1763305 , 71.52826568, 73.88020085, 76.23213603, 78.5840712 , 80.93600638, 83.28794155, 85.63987673, 87.9918119 , 90.34374708, 92.69568225, 95.04761743, 97.3995526 , 99.75148778,102.10342295,104.45535813,106.8072933 ,109.15922848,111.51116365,113.86309883,116.215034  
sinr_dl:0.03314273,0.08289579,0.11191428,0.08365403,0.03099557,0.02426711,0.01860868,0.01237272,0.00815281,0.00453525,0.00301169,0.00088933,0.00048541,0.00047124,0.00046061,0.00044644,0.00043227,0.00042518,0.00041809,0.00040038,0.00040038,0.00038975,0.00037912,0.00037558,0.00036849,0.00035786,0.00035786,0.00034723,0.00034723,0.00033306,0.00033306,0.00033306,0.00032243,0.00031888,0.00031534,0.00031534,0.00035786,0.00040746,0.00041809,0.00042518
sinr_dl_bin_edges: 27.20112   , 29.55304925, 31.9049785 , 34.25690775, 36.608837  , 38.96076625, 41.3126955 , 43.66462475, 46.016554  , 48.36848325, 50.7204125 , 53.07234175, 55.424271  , 57.77620025, 60.1281295 , 62.48005875, 64.831988  , 67.18391725, 69.5358465 , 71.88777575, 74.239705  , 76.59163425, 78.9435635 , 81.29549275, 83.647422  , 85.99935125, 88.3512805 , 90.70320975, 93.055139  , 95.40706825, 97.7589975 ,100.11092675,102.462856  ,104.81478525,107.1667145 ,109.51864375,111.870573  ,114.22250225,116.5744315 ,118.92636075,121.27829   
rsrp_ul:0.03313892,0.08289868,0.11191694,0.08364629,0.03100241,0.02426338,0.01860853,0.01237262,0.00815275,0.00453521,0.00301166,0.00088933,0.00048541,0.00047124,0.00046061,0.00044643,0.00043226,0.00042518,0.00041809,0.00040037,0.00040037,0.00038974,0.00038266,0.00037203,0.00036849,0.00035786,0.00035786,0.00034723,0.00034723,0.00033305,0.00033305,0.00033305,0.00032243,0.00031888,0.00031534,0.00031534,0.00035786,0.00040746,0.00041809,0.00042518
rsrp_ul_bin_edges:-109.04897   ,-106.69702222,-104.34507445,-101.99312667, -99.6411789 , -97.28923113, -94.93728335, -92.58533557, -90.2333878 , -87.88144002, -85.52949225, -83.17754447, -80.8255967 , -78.47364892, -76.12170115, -73.76975337, -71.4178056 , -69.06585782, -66.71391005, -64.36196227, -62.0100145 , -59.65806672, -57.30611895, -54.95417117, -52.6022234 , -50.25027562, -47.89832785, -45.54638007, -43.1944323 , -40.84248452, -38.49053675, -36.13858897, -33.7866412 , -31.43469342, -29.08274565, -26.73079787, -24.3788501 , -22.02690232, -19.67495455, -17.32300677, -14.971059  
rsrp_dl:0.03313892,0.08289868,0.11191694,0.08364628,0.03100241,0.02426337,0.01860853,0.01237262,0.00815275,0.00453521,0.00301166,0.00088933,0.00048541,0.00047124,0.00046061,0.00044643,0.00043226,0.00042518,0.00041809,0.00040037,0.00040037,0.00038974,0.00038266,0.00037203,0.00036849,0.00035786,0.00035786,0.00034723,0.00034723,0.00033305,0.00033305,0.00033305,0.00032243,0.00031888,0.00031534,0.00031534,0.00035786,0.00040746,0.00041809,0.00042518
rsrp_dl_bin_edges:-116.4209    ,-114.06895207,-111.71700415,-109.36505623,-107.0131083 ,-104.66116038,-102.30921245, -99.95726452, -97.6053166 , -95.25336868, -92.90142075, -90.54947283, -88.1975249 , -85.84557698, -83.49362905, -81.14168112, -78.7897332 , -76.43778528, -74.08583735, -71.73388943, -69.3819415 , -67.02999357, -64.67804565, -62.32609772, -59.9741498 , -57.62220188, -55.27025395, -52.91830602, -50.5663581 , -48.21441017, -45.86246225, -43.51051433, -41.1585664 , -38.80661847, -36.45467055, -34.10272262, -31.7507747 , -29.39882678, -27.04687885, -24.69493092, -22.342983  
cqi_ul:0.31285454,0.        ,0.        ,0.        ,0.        ,0.919659  ,0.        ,0.        ,0.        ,0.        ,0.        ,0.83113593,0.        ,0.        ,0.        ,0.        ,0.        ,0.97503949,0.        ,0.        ,0.        ,0.        ,1.10503841,0.        ,0.        ,0.        ,0.        ,0.        ,0.39147293,0.        ,0.        ,0.        ,0.        ,0.        ,0.18942699,0.        ,0.        ,0.        ,0.        ,0.98965842
cqi_ul_bin_edges: 8.   , 8.175, 8.35 , 8.525, 8.7  , 8.875, 9.05 , 9.225, 9.4  , 9.575, 9.75 , 9.925,10.1  ,10.275,10.45 ,10.625,10.8  ,10.975,11.15 ,11.325,11.5  ,11.675,11.85 ,12.025,12.2  ,12.375,12.55 ,12.725,12.9  ,13.075,13.25 ,13.425,13.6  ,13.775,13.95 ,14.125,14.3  ,14.475,14.65 ,14.825,15.   
cqi_dl:0.15379872,0.        ,0.        ,0.        ,0.        ,0.        ,0.        ,0.        ,0.30953075,0.        ,0.        ,0.        ,0.        ,0.        ,0.        ,0.        ,1.36005533,0.        ,0.        ,0.        ,0.        ,0.        ,0.        ,0.        ,1.33472221,0.        ,0.        ,0.        ,0.        ,0.        ,0.        ,0.        ,1.78438513,0.        ,0.        ,0.        ,0.        ,0.        ,0.        ,3.05750785
cqi_dl_bin_edges:10.   ,10.125,10.25 ,10.375,10.5  ,10.625,10.75 ,10.875,11.   ,11.125,11.25 ,11.375,11.5  ,11.625,11.75 ,11.875,12.   ,12.125,12.25 ,12.375,12.5  ,12.625,12.75 ,12.875,13.   ,13.125,13.25 ,13.375,13.5  ,13.625,13.75 ,13.875,14.   ,14.125,14.25 ,14.375,14.5  ,14.625,14.75 ,14.875,15.   
mcs_ul:0.05671064,0.        ,0.08928814,0.        ,0.        ,0.14717655,0.        ,0.        ,0.28199765,0.        ,0.16113199,0.        ,0.        ,0.22673144,0.        ,0.        ,0.14817654,0.        ,0.30668633,0.        ,0.        ,0.34530823,0.        ,0.        ,0.17053191,0.        ,0.0715994 ,0.        ,0.        ,0.11108796,0.        ,0.        ,0.0408441 ,0.        ,0.04755516,0.        ,0.        ,0.        ,0.        ,0.4618406 
mcs_ul_bin_edges:13.   ,13.375,13.75 ,14.125,14.5  ,14.875,15.25 ,15.625,16.   ,16.375,16.75 ,17.125,17.5  ,17.875,18.25 ,18.625,19.   ,19.375,19.75 ,20.125,20.5  ,20.875,21.25 ,21.625,22.   ,22.375,22.75 ,23.125,23.5  ,23.875,24.25 ,24.625,25.   ,25.375,25.75 ,26.125,26.5  ,26.875,27.25 ,27.625,28.   
mcs_dl:0.07689936,0.        ,0.        ,0.        ,0.03799968,0.        ,0.        ,0.        ,0.11673236,0.        ,0.        ,0.        ,0.24463129,0.        ,0.        ,0.        ,0.4354297 ,0.        ,0.        ,0.        ,0.3283306 ,0.        ,0.        ,0.        ,0.33903051,0.        ,0.        ,0.        ,0.44052966,0.        ,0.        ,0.        ,0.4516629 ,0.        ,0.        ,0.        ,0.        ,0.        ,0.        ,1.52875393
mcs_dl_bin_edges:18.  ,18.25,18.5 ,18.75,19.  ,19.25,19.5 ,19.75,20.  ,20.25,20.5 ,20.75,21.  ,21.25,21.5 ,21.75,22.  ,22.25,22.5 ,22.75,23.  ,23.25,23.5 ,23.75,24.  ,24.25,24.5 ,24.75,25.  ,25.25,25.5 ,25.75,26.  ,26.25,26.5 ,26.75,27.  ,27.25,27.5 ,27.75,28.  
eff_ul:0.20829214,0.        ,0.32794586,0.        ,0.        ,0.54056382,0.        ,0.        ,1.03574738,0.        ,0.        ,0.59182067,0.        ,0.        ,0.83276048,0.        ,0.        ,0.54423668,0.        ,1.12642629,0.        ,1.26828042,0.        ,0.        ,0.        ,0.62634558,0.        ,0.        ,0.26297699,0.        ,0.        ,0.40801428,0.        ,0.        ,0.        ,0.15001605,0.        ,0.17466504,0.        ,1.6962914 
eff_ul_bin_edges:3.3222916 ,3.42439093,3.52649027,3.6285896 ,3.73068894,3.83278827,3.93488761,4.03698694,4.13908628,4.24118562,4.34328495,4.44538428,4.54748362,4.64958295,4.75168229,4.85378162,4.95588096,5.0579803 ,5.16007963,5.26217897,5.3642783 ,5.46637764,5.56847697,5.6705763 ,5.77267564,5.87477498,5.97687431,6.07897364,6.18107298,6.28317231,6.38527165,6.48737099,6.58947032,6.69156966,6.79366899,6.89576833,6.99786766,7.099967  ,7.20206633,7.30416567,7.406265  
eff_dl:0.29692489,0.        ,0.        ,0.        ,0.14672491,0.        ,0.        ,0.45072863,0.        ,0.        ,0.        ,0.9445738 ,0.        ,0.        ,0.        ,0.        ,1.6812873 ,0.        ,0.        ,0.        ,0.        ,1.26775472,0.        ,0.        ,0.        ,0.        ,0.        ,1.30906937,0.        ,0.        ,0.        ,0.        ,1.70097933,0.        ,0.        ,0.        ,1.74396715,0.        ,0.        ,5.90284617
eff_dl_bin_edges:4.816406  ,4.88115247,4.94589895,5.01064542,5.0753919 ,5.14013837,5.20488485,5.26963132,5.3343778 ,5.39912428,5.46387075,5.52861722,5.5933637 ,5.65811018,5.72285665,5.78760313,5.8523496 ,5.91709607,5.98184255,6.04658903,6.1113355 ,6.17608197,6.24082845,6.30557493,6.3703214 ,6.43506787,6.49981435,6.56456083,6.6293073 ,6.69405378,6.75880025,6.82354672,6.8882932 ,6.95303968,7.01778615,7.08253263,7.1472791 ,7.21202558,7.27677205,7.34151852,7.406265  
rul:1.89664111e-02,0.00000000e+00,0.00000000e+00,0.00000000e+00,0.00000000e+00,0.00000000e+00,0.00000000e+00,8.21310720e-05,2.65859347e-04,8.39976873e-04,5.89317107e-04,1.21863311e-03,1.31089724e-03,1.13810200e-03,1.61142230e-03,5.51984802e-04,3.19991190e-04,9.40240779e-04,1.42129420e-04,2.36260162e-04,1.05970416e-03,2.24527151e-04,2.41326689e-04,0.00000000e+00,2.02927746e-04,8.87975551e-05,3.04791608e-04,2.75192423e-04,1.74128539e-04,2.79725632e-04,2.66659325e-07,1.39196167e-04,6.18649633e-05,4.02655580e-05,2.02661087e-05,9.25307856e-05,0.00000000e+00,2.97325147e-04,2.53326358e-05,2.57859567e-04
rul_bin_edges:   0.    ,  31.2506,  62.5012,  93.7518, 125.0024, 156.253 , 187.5036, 218.7542, 250.0048, 281.2554, 312.506 , 343.7566, 375.0072, 406.2578, 437.5084, 468.759 , 500.0096, 531.2602, 562.5108, 593.7614, 625.012 , 656.2626, 687.5132, 718.7638, 750.0144, 781.265 , 812.5156, 843.7662, 875.0168, 906.2674, 937.518 , 968.7686,1000.0192,1031.2698,1062.5204,1093.771 ,1125.0216,1156.2722,1187.5228,1218.7734,1250.024 
rdl:1.34232065e-02,0.00000000e+00,0.00000000e+00,0.00000000e+00,0.00000000e+00,1.90178891e-07,0.00000000e+00,0.00000000e+00,1.41302916e-04,2.93065672e-04,1.28161555e-03,1.27476911e-03,1.61214646e-03,2.78421897e-03,0.00000000e+00,0.00000000e+00,0.00000000e+00,3.89866727e-05,1.82571736e-05,1.77056548e-04,1.90178891e-07,2.07675349e-04,1.52903829e-04,1.61842237e-04,2.35631646e-04,2.30877174e-04,7.87530789e-04,0.00000000e+00,0.00000000e+00,0.00000000e+00,0.00000000e+00,0.00000000e+00,0.00000000e+00,0.00000000e+00,0.00000000e+00,0.00000000e+00,0.00000000e+00,0.00000000e+00,0.00000000e+00,1.90178891e-07
rdl_bin_edges:   0.       ,  43.8180275,  87.636055 , 131.4540825, 175.27211  , 219.0901375, 262.908165 , 306.7261925, 350.54422  , 394.3622475, 438.180275 , 481.9983025, 525.81633  , 569.6343575, 613.452385 , 657.2704125, 701.08844  , 744.9064675, 788.724495 , 832.5425225, 876.36055  , 920.1785775, 963.996605 ,1007.8146325,1051.63266  ,1095.4506875,1139.268715 ,1183.0867425,1226.90477  ,1270.7227975,1314.540825 ,1358.3588525,1402.17688  ,1445.9949075,1489.812935 ,1533.6309625,1577.44899  ,1621.2670175,1665.085045 ,1708.9030725,1752.7211   
lul:1.85454175e+03,0.00000000e+00,0.00000000e+00,0.00000000e+00,0.00000000e+00,0.00000000e+00,0.00000000e+00,0.00000000e+00,0.00000000e+00,0.00000000e+00,0.00000000e+00,0.00000000e+00,0.00000000e+00,0.00000000e+00,0.00000000e+00,0.00000000e+00,0.00000000e+00,0.00000000e+00,0.00000000e+00,0.00000000e+00,0.00000000e+00,0.00000000e+00,0.00000000e+00,0.00000000e+00,0.00000000e+00,0.00000000e+00,0.00000000e+00,0.00000000e+00,0.00000000e+00,0.00000000e+00,0.00000000e+00,6.42516347e+02,2.89500000e+02,2.47703323e+00,3.39796812e+02,5.21480681e-02,0.00000000e+00,0.00000000e+00,0.00000000e+00,2.60740340e-02
lul_bin_edges:0.       ,0.0003196,0.0006392,0.0009588,0.0012784,0.001598 ,0.0019176,0.0022372,0.0025568,0.0028764,0.003196 ,0.0035156,0.0038352,0.0041548,0.0044744,0.004794 ,0.0051136,0.0054332,0.0057528,0.0060724,0.006392 ,0.0067116,0.0070312,0.0073508,0.0076704,0.00799  ,0.0083096,0.0086292,0.0089488,0.0092684,0.009588 ,0.0099076,0.0102272,0.0105468,0.0108664,0.011186 ,0.0115056,0.0118252,0.0121448,0.0124644,0.012784 
ldl:2110.71119112,   0.        ,   0.        ,   0.        ,   0.        ,   0.        ,   0.        ,   0.        ,   0.        ,   0.        ,   0.        ,   0.        ,   0.        ,   0.        ,   0.        ,   0.        ,   0.        ,   0.        ,   0.        ,   0.        ,   0.        ,   0.        ,   0.        ,   0.        ,   0.        ,   0.        ,   0.        ,   0.        ,   0.        ,   0.        ,   0.        ,   0.        ,   0.        ,   0.        ,   0.        , 701.28769577,  22.72733141, 315.31181887,   2.87082081, 435.64705778
ldl_bin_edges:0.        ,0.00027866,0.00055733,0.00083599,0.00111465,0.00139332,0.00167198,0.00195065,0.00222931,0.00250797,0.00278664,0.0030653 ,0.00334396,0.00362263,0.00390129,0.00417995,0.00445862,0.00473728,0.00501595,0.00529461,0.00557327,0.00585194,0.0061306 ,0.00640926,0.00668793,0.00696659,0.00724525,0.00752392,0.00780258,0.00808125,0.00835991,0.00863857,0.00891724,0.0091959 ,0.00947456,0.00975323,0.01003189,0.01031055,0.01058922,0.01086788,0.01114655
ilul:2.69741621e+02,0.00000000e+00,0.00000000e+00,0.00000000e+00,0.00000000e+00,7.58489501e-03,1.13773425e-02,0.00000000e+00,1.13773425e-02,7.58489501e-03,3.79244750e-03,3.79244750e-03,7.58489501e-03,1.13773425e-02,1.13773425e-02,0.00000000e+00,1.13773425e-02,2.61299633e+00,1.88674263e+01,1.36148865e+01,4.88846483e+00,6.95914117e+00,7.43319711e+00,1.08615697e+01,1.20827377e+01,2.58948316e+01,1.45061117e+01,7.06912215e+00,1.04937022e+01,9.11325135e+00,9.39389247e+00,5.10084189e+00,4.09584330e+00,3.68246653e+00,6.46991544e+00,2.76469423e+00,3.54593842e+00,2.40820417e+00,1.33873397e+00,2.07067634e+00
ilul_bin_edges:0.        ,0.00219733,0.00439466,0.00659199,0.00878933,0.01098666,0.01318399,0.01538132,0.01757865,0.01977598,0.02197331,0.02417065,0.02636798,0.02856531,0.03076264,0.03295997,0.0351573 ,0.03735463,0.03955196,0.0417493 ,0.04394663,0.04614396,0.04834129,0.05053862,0.05273595,0.05493328,0.05713062,0.05932795,0.06152528,0.06372261,0.06591994,0.06811727,0.0703146 ,0.07251194,0.07470927,0.0769066 ,0.07910393,0.08130126,0.08349859,0.08569592,0.08789326
ildl:3.11653666e+02,0.00000000e+00,0.00000000e+00,0.00000000e+00,0.00000000e+00,4.41548363e-03,1.32464509e-02,4.41548363e-03,1.76619345e-02,1.32464509e-02,8.83096727e-03,1.32464509e-02,8.83096727e-03,1.32464509e-02,1.32464509e-02,8.83096727e-03,1.76619345e-02,8.83096727e-03,1.32464509e-02,1.76619345e-02,8.83096727e-03,1.32464509e-02,1.23191993e+00,1.96400712e+01,1.74941462e+01,1.08974136e+01,4.34439435e+01,3.19592706e+01,1.88982700e+01,1.68406546e+01,1.25311426e+01,7.80657507e+00,1.59619733e+01,8.80447437e+00,4.26094171e+00,2.47267084e+00,1.15685671e+00,7.06477382e-01,1.66022185e+00,2.24306569e+00
ildl_bin_edges:0.        ,0.00188728,0.00377456,0.00566185,0.00754913,0.00943641,0.01132369,0.01321098,0.01509826,0.01698554,0.01887282,0.0207601 ,0.02264739,0.02453467,0.02642195,0.02830923,0.03019652,0.0320838 ,0.03397108,0.03585836,0.03774565,0.03963293,0.04152021,0.04340749,0.04529477,0.04718206,0.04906934,0.05095662,0.0528439 ,0.05473119,0.05661847,0.05850575,0.06039303,0.06228031,0.0641676 ,0.06605488,0.06794216,0.06982944,0.07171673,0.07360401,0.07549129
eul:2.97572235e-02,0.00000000e+00,0.00000000e+00,0.00000000e+00,0.00000000e+00,0.00000000e+00,3.37310823e-07,0.00000000e+00,3.03579741e-06,4.38504070e-06,2.05759602e-05,2.78719933e-03,7.85731832e-03,4.04772988e-05,4.04772988e-06,2.02386494e-06,3.37310823e-07,0.00000000e+00,0.00000000e+00,0.00000000e+00,3.37310823e-07,0.00000000e+00,0.00000000e+00,0.00000000e+00,0.00000000e+00,0.00000000e+00,0.00000000e+00,0.00000000e+00,0.00000000e+00,0.00000000e+00,0.00000000e+00,0.00000000e+00,0.00000000e+00,0.00000000e+00,0.00000000e+00,0.00000000e+00,0.00000000e+00,0.00000000e+00,0.00000000e+00,3.37310823e-07
eul_bin_edges:  0.   , 24.705, 49.41 , 74.115, 98.82 ,123.525,148.23 ,172.935,197.64 ,222.345,247.05 ,271.755,296.46 ,321.165,345.87 ,370.575,395.28 ,419.985,444.69 ,469.395,494.1  ,518.805,543.51 ,568.215,592.92 ,617.625,642.33 ,667.035,691.74 ,716.445,741.15 ,765.855,790.56 ,815.265,839.97 ,864.675,889.38 ,914.085,938.79 ,963.495,988.2  
edl:9.12792462e-02,0.00000000e+00,0.00000000e+00,0.00000000e+00,0.00000000e+00,0.00000000e+00,0.00000000e+00,0.00000000e+00,0.00000000e+00,0.00000000e+00,0.00000000e+00,0.00000000e+00,0.00000000e+00,8.57331676e-07,0.00000000e+00,0.00000000e+00,8.57331676e-07,8.57331676e-07,1.71466335e-06,1.71466335e-06,1.71466335e-06,3.42932670e-06,8.57331676e-07,1.71466335e-06,1.71466335e-06,7.71598508e-06,6.00132173e-06,1.88612969e-05,6.94438657e-05,1.74038330e-04,7.56423738e-03,3.58707573e-03,9.68784794e-05,3.42932670e-05,1.71466335e-05,4.28665838e-06,1.71466335e-06,1.71466335e-06,0.00000000e+00,2.57199503e-06
edl_bin_edges:  0.  ,  9.72, 19.44, 29.16, 38.88, 48.6 , 58.32, 68.04, 77.76, 87.48, 97.2 ,106.92,116.64,126.36,136.08,145.8 ,155.52,165.24,174.96,184.68,194.4 ,204.12,213.84,223.56,233.28,243.  ,252.72,262.44,272.16,281.88,291.6 ,301.32,311.04,320.76,330.48,340.2 ,349.92,359.64,369.36,379.08,388.8 
gul:1.16818227e-02,0.00000000e+00,0.00000000e+00,0.00000000e+00,0.00000000e+00,1.10264822e-06,7.35098810e-07,1.83774703e-06,4.04304346e-06,8.08608691e-06,1.32317786e-05,6.72615412e-05,8.36358672e-03,2.36701817e-02,2.57284584e-04,2.31556125e-05,7.71853751e-06,2.94039524e-06,1.10264822e-06,0.00000000e+00,0.00000000e+00,0.00000000e+00,1.10264822e-06,0.00000000e+00,0.00000000e+00,0.00000000e+00,0.00000000e+00,0.00000000e+00,0.00000000e+00,0.00000000e+00,0.00000000e+00,0.00000000e+00,3.67549405e-07,0.00000000e+00,0.00000000e+00,0.00000000e+00,0.00000000e+00,0.00000000e+00,3.67549405e-07,3.67549405e-07
gul_bin_edges:  0.    , 22.6725, 45.345 , 68.0175, 90.69  ,113.3625,136.035 ,158.7075,181.38  ,204.0525,226.725 ,249.3975,272.07  ,294.7425,317.415 ,340.0875,362.76  ,385.4325,408.105 ,430.7775,453.45  ,476.1225,498.795 ,521.4675,544.14  ,566.8125,589.485 ,612.1575,634.83  ,657.5025,680.175 ,702.8475,725.52  ,748.1925,770.865 ,793.5375,816.21  ,838.8825,861.555 ,884.2275,906.9   
gdl:4.56482737e-03,0.00000000e+00,0.00000000e+00,0.00000000e+00,0.00000000e+00,1.01193247e-06,6.74621647e-07,1.68655412e-06,9.78201388e-06,1.11312572e-05,7.31964487e-05,1.01014472e-02,2.55293697e-02,1.53139114e-04,1.95640278e-05,6.74621647e-06,2.02386494e-06,3.37310823e-07,0.00000000e+00,0.00000000e+00,1.01193247e-06,3.37310823e-07,0.00000000e+00,0.00000000e+00,0.00000000e+00,0.00000000e+00,0.00000000e+00,0.00000000e+00,0.00000000e+00,3.37310823e-07,0.00000000e+00,0.00000000e+00,0.00000000e+00,0.00000000e+00,0.00000000e+00,3.37310823e-07,3.37310823e-07,0.00000000e+00,0.00000000e+00,3.37310823e-07
gdl_bin_edges:  0.   , 24.705, 49.41 , 74.115, 98.82 ,123.525,148.23 ,172.935,197.64 ,222.345,247.05 ,271.755,296.46 ,321.165,345.87 ,370.575,395.28 ,419.985,444.69 ,469.395,494.1  ,518.805,543.51 ,568.215,592.92 ,617.625,642.33 ,667.035,691.74 ,716.445,741.15 ,765.855,790.56 ,815.265,839.97 ,864.675,889.38 ,914.085,938.79 ,963.495,988.2  
ri: 0., 0., 0., 0., 0., 0., 0., 0., 0., 0., 0., 0., 0., 0., 0., 0., 0., 0., 0., 0.,40., 0., 0., 0., 0., 0., 0., 0., 0., 0., 0., 0., 0., 0., 0., 0., 0., 0., 0., 0.
ri_bin_edges:0.5  ,0.525,0.55 ,0.575,0.6  ,0.625,0.65 ,0.675,0.7  ,0.725,0.75 ,0.775,0.8  ,0.825,0.85 ,0.875,0.9  ,0.925,0.95 ,0.975,1.   ,1.025,1.05 ,1.075,1.1  ,1.125,1.15 ,1.175,1.2  ,1.225,1.25 ,1.275,1.3  ,1.325,1.35 ,1.375,1.4  ,1.425,1.45 ,1.475,1.5  
