period:1
ue_log_freq:1000
mac_log_freq:1000
mimo_layers:2
frequency:2412000000.0
bandwidth:50000000
ue_speed:5.555555555555555
max_distance:1000
shannon_cfg_bandwidth_mhz:50.0
shannon_cfg_mimo_layers:2
shannon_cfg_bw_efficiency:0.67
shannon_cfg_sinr_offset_db:0
shannon_cfg_ul_divisor:2
shannon_cfg_sinr_sample_rate:1000
n_ue:40
sinr_period:9.463597741343282
sinr_rate:105.66805852612856
ul_fairness:nan
dl_fairness:0.024999999999999998
ul_agg_throughput:0
dl_agg_throughput:39.728739342300145
ul_ave_throughput:0.0
dl_ave_throughput:0.9932184835575036
ul_se:0.0
dl_se:0.7945747868460029
ul_ase:0.0
dl_ase:2.5292100996546094e-07
ul_gr:0.0, 0.0, 0.0, 0.0, 0.0, 0.0, 0.0, 0.0, 0.0, 0.0, 0.0, 0.0, 0.0, 0.0, 0.0, 0.0, 0.0, 0.0, 0.0, 0.0, 0.0, 0.0, 0.0, 0.0, 0.0, 0.0, 0.0, 0.0, 0.0, 0.0, 0.0, 0.0, 0.0, 0.0, 0.0, 0.0, 0.0, 0.0, 0.0, 0.0
dl_gr:0.10496495035049648, 0.10496495035049648, 0.10496495035049648, 0.10496495035049648, 0.10496495035049648, 0.10496495035049648, 0.10496495035049648, 0.10496495035049648, 0.10496495035049648, 0.10496495035049648, 0.10496495035049648, 0.10496495035049648, 0.10496495035049648, 0.10496495035049648, 0.10496495035049648, 0.10496495035049648, 0.10496495035049648, 0.10496495035049648, 0.10496495035049648, 0.10496495035049648, 0.10496495035049648, 0.10496495035049648, 0.10496495035049648, 0.10496495035049648, 0.10496495035049648, 0.10496495035049648, 0.10496495035049648, 0.10496495035049648, 0.10496495035049648, 0.10496495035049648, 0.10496495035049648, 0.10496495035049648, 0.10496495035049648, 40.25463245367546, 0.10496495035049648, 0.10496495035049648, 0.10496495035049648, 0.10496495035049648, 0.10496495035049648, 0.10496495035049648
ul_tr:0.0, 0.0, 0.0, 0.0, 0.0, 0.0, 0.0, 0.0, 0.0, 0.0, 0.0, 0.0, 0.0, 0.0, 0.0, 0.0, 0.0, 0.0, 0.0, 0.0, 0.0, 0.0, 0.0, 0.0, 0.0, 0.0, 0.0, 0.0, 0.0, 0.0, 0.0, 0.0, 0.0, 0.0, 0.0, 0.0, 0.0, 0.0, 0.0, 0.0
dl_tr:0.0, 0.0, 0.0, 0.0, 0.0, 0.0, 0.0, 0.0, 0.0, 0.0, 0.0, 0.0, 0.0, 0.0, 0.0, 0.0, 0.0, 0.0, 0.0, 0.0, 0.0, 0.0, 0.0, 0.0, 0.0, 0.0, 0.0, 0.0, 0.0, 0.0, 0.0, 0.0, 0.0, 40.12482707152929, 0.0, 0.0, 0.0, 0.0, 0.0, 0.0
ul_er:0.0, 0.0, 0.0, 0.0, 0.0, 0.0, 0.0, 0.0, 0.0, 0.0, 0.0, 0.0, 0.0, 0.0, 0.0, 0.0, 0.0, 0.0, 0.0, 0.0, 0.0, 0.0, 0.0, 0.0, 0.0, 0.0, 0.0, 0.0, 0.0, 0.0, 0.0, 0.0, 0.0, 0.0, 0.0, 0.0, 0.0, 0.0, 0.0, 0.0
dl_er:99.8930010699893, 99.8930010699893, 99.8930010699893, 99.8930010699893, 99.8930010699893, 99.8930010699893, 99.8930010699893, 99.8930010699893, 99.8930010699893, 99.8930010699893, 99.8930010699893, 99.8930010699893, 99.8930010699893, 99.8930010699893, 99.8930010699893, 99.8930010699893, 99.8930010699893, 99.8930010699893, 99.8930010699893, 99.8930010699893, 99.8930010699893, 99.8930010699893, 99.8930010699893, 99.8930010699893, 99.8930010699893, 99.8930010699893, 99.8930010699893, 99.8930010699893, 99.8930010699893, 99.8930010699893, 99.8930010699893, 99.8930010699893, 99.8930010699893, 59.74435255647443, 99.8930010699893, 99.8930010699893, 99.8930010699893, 99.8930010699893, 99.8930010699893, 99.8930010699893
ul_er_ratio:0.0, 0.0, 0.0, 0.0, 0.0, 0.0, 0.0, 0.0, 0.0, 0.0, 0.0, 0.0, 0.0, 0.0, 0.0, 0.0, 0.0, 0.0, 0.0, 0.0, 0.0, 0.0, 0.0, 0.0, 0.0, 0.0, 0.0, 0.0, 0.0, 0.0, 0.0, 0.0, 0.0, 0.0, 0.0, 0.0, 0.0, 0.0, 0.0, 0.0
dl_er_ratio:1.0, 1.0, 1.0, 1.0, 1.0, 1.0, 1.0, 1.0, 1.0, 1.0, 1.0, 1.0, 1.0, 1.0, 1.0, 1.0, 1.0, 1.0, 1.0, 1.0, 1.0, 1.0, 1.0, 1.0, 1.0, 1.0, 1.0, 1.0, 1.0, 1.0, 1.0, 1.0, 1.0, 0.598226127209739, 1.0, 1.0, 1.0, 1.0, 1.0, 1.0
ul_er_perc:0.0, 0.0, 0.0, 0.0, 0.0, 0.0, 0.0, 0.0, 0.0, 0.0, 0.0, 0.0, 0.0, 0.0, 0.0, 0.0, 0.0, 0.0, 0.0, 0.0, 0.0, 0.0, 0.0, 0.0, 0.0, 0.0, 0.0, 0.0, 0.0, 0.0, 0.0, 0.0, 0.0, 0.0, 0.0, 0.0, 0.0, 0.0, 0.0, 0.0
dl_er_perc:100.0, 100.0, 100.0, 100.0, 100.0, 100.0, 100.0, 100.0, 100.0, 100.0, 100.0, 100.0, 100.0, 100.0, 100.0, 100.0, 100.0, 100.0, 100.0, 100.0, 100.0, 100.0, 100.0, 100.0, 100.0, 100.0, 100.0, 100.0, 100.0, 100.0, 100.0, 100.0, 100.0, 59.8226127209739, 100.0, 100.0, 100.0, 100.0, 100.0, 100.0
ul_l:0.0, 0.0, 0.0, 0.0, 0.0, 0.0, 0.0, 0.0, 0.0, 0.0, 0.0, 0.0, 0.0, 0.0, 0.0, 0.0, 0.0, 0.0, 0.0, 0.0, 0.0, 0.0, 0.0, 0.0, 0.0, 0.0, 0.0, 0.0, 0.0, 0.0, 0.0, 0.0, 0.0, 0.0, 0.0, 0.0, 0.0, 0.0, 0.0, 0.0
dl_l:0.0, 0.0, 0.0, 0.0, 0.0, 0.0, 0.0, 0.0, 0.0, 0.0, 0.0, 0.0, 0.0, 0.0, 0.0, 0.0, 0.0, 0.0, 0.0, 0.0, 0.0, 0.0, 0.0, 0.0, 0.0, 0.0, 0.0, 0.0, 0.0, 0.0, 0.0, 0.0, 0.0, 0.002703690815965841, 0.0, 0.0, 0.0, 0.0, 0.0, 0.0
ul_il:0.0, 0.0, 0.0, 0.0, 0.0, 0.0, 0.0, 0.0, 0.0, 0.0, 0.0, 0.0, 0.0, 0.0, 0.0, 0.0, 0.0, 0.0, 0.0, 0.0, 0.0, 0.0, 0.0, 0.0, 0.0, 0.0, 0.0, 0.0, 0.0, 0.0, 0.0, 0.0, 0.0, 0.0, 0.0, 0.0, 0.0, 0.0, 0.0, 0.0
dl_il:0.0, 0.0, 0.0, 0.0, 0.0, 0.0, 0.0, 0.0, 0.0, 0.0, 0.0, 0.0, 0.0, 0.0, 0.0, 0.0, 0.0, 0.0, 0.0, 0.0, 0.0, 0.0, 0.0, 0.0, 0.0, 0.0, 0.0, 0.0, 0.0, 0.0, 0.0, 0.0, 0.0, 0.2414893556700623, 0.0, 0.0, 0.0, 0.0, 0.0, 0.0
sinr_ul:0.00485949,0.0033578 ,0.00090634,0.00440402,0.01080173,0.03765982,0.01903296,0.01794223,0.01210186,0.01664535,0.01741831,0.02898881,0.02689407,0.01593475,0.00828047,0.01324778,0.00904816,0.00568589,0.00265302,0.0056591 ,0.02175754,0.03754659,0.01138571,0.00534161,0.03052757,0.01069351,0.        ,0.01156915,0.04415493,0.01120106,0.00208351,0.04837565,0.01654308,0.00341218,0.00769107,0.00575515,0.00762357,0.00257239,0.00101619,0.00033399
sinr_ul_bin_edges:-34.015743  ,-32.16767772,-30.31961245,-28.47154717,-26.6234819 ,-24.77541662,-22.92735135,-21.07928607,-19.2312208 ,-17.38315552,-15.53509025,-13.68702497,-11.8389597 , -9.99089442, -8.14282915, -6.29476387, -4.4466986 , -2.59863332, -0.75056805,  1.09749723,  2.9455625 ,  4.79362778,  6.64169305,  8.48975833, 10.3378236 , 12.18588888, 14.03395415, 15.88201943, 17.7300847 , 19.57814998, 21.42621525, 23.27428053, 25.1223458 , 26.97041108, 28.81847635, 30.66654163, 32.5146069 , 34.36267218, 36.21073745, 38.05880273, 39.906868  
sinr_dl:0.00485951,0.00335781,0.00090635,0.00440404,0.01080961,0.03766401,0.01903005,0.01794568,0.0120927 ,0.01664473,0.01742595,0.02898445,0.02690418,0.01592141,0.00828009,0.01324809,0.00904724,0.00568523,0.00265343,0.00566318,0.02176181,0.03754443,0.01138007,0.00534461,0.03052457,0.0106926 ,0.        ,0.01157216,0.04416171,0.01119136,0.00208758,0.04837893,0.01653759,0.0034149 ,0.00769016,0.00575328,0.00762225,0.0025724 ,0.00101619,0.000334  
sinr_dl_bin_edges:-24.2552    ,-22.40714137,-20.55908275,-18.71102413,-16.8629655 ,-15.01490687,-13.16684825,-11.31878963, -9.470731  , -7.62267238, -5.77461375, -3.92655513, -2.0784965 , -0.23043788,  1.61762075,  3.46567937,  5.313738  ,  7.16179662,  9.00985525, 10.85791387, 12.7059725 , 14.55403112, 16.40208975, 18.25014837, 20.098207  , 21.94626562, 23.79432425, 25.64238287, 27.4904415 , 29.33850012, 31.18655875, 33.03461737, 34.882676  , 36.73073462, 38.57879325, 40.42685187, 42.2749105 , 44.12296912, 45.97102775, 47.81908637, 49.667145  
rsrp_ul:0.00486112,0.00336257,0.00090615,0.00441103,0.01271556,0.03859921,0.01828622,0.01791209,0.01104626,0.01734663,0.01778223,0.02868076,0.02714768,0.01461208,0.00817034,0.01338231,0.0090356 ,0.00534439,0.00274823,0.00629928,0.02296359,0.03698922,0.01016205,0.0063284 ,0.03057701,0.00947432,0.        ,0.01277555,0.04579503,0.00837318,0.00382228,0.04987634,0.01377594,0.00397745,0.0076084 ,0.00510215,0.00746731,0.00256814,0.00101474,0.00033391
rsrp_ul_bin_edges:-141.52205   ,-139.67578725,-137.8295245 ,-135.98326175,-134.136999  ,-132.29073625,-130.4444735 ,-128.59821075,-126.751948  ,-124.90568525,-123.0594225 ,-121.21315975,-119.366897  ,-117.52063425,-115.6743715 ,-113.82810875,-111.981846  ,-110.13558325,-108.2893205 ,-106.44305775,-104.596795  ,-102.75053225,-100.9042695 , -99.05800675, -97.211744  , -95.36548125, -93.5192185 , -91.67295575, -89.826693  , -87.98043025, -86.1341675 , -84.28790475, -82.441642  , -80.59537925, -78.7491165 , -76.90285375, -75.056591  , -73.21032825, -71.3640655 , -69.51780275, -67.67154   
rsrp_dl:0.00486112,0.00336257,0.00090615,0.00441103,0.01271556,0.03859921,0.01828608,0.01791222,0.01104639,0.01734649,0.01778223,0.02868076,0.02714768,0.01461208,0.00817034,0.01338231,0.0090356 ,0.00534439,0.00274823,0.00629928,0.02296359,0.03698922,0.01016205,0.0063284 ,0.03057701,0.00947432,0.        ,0.01277555,0.04579503,0.00837318,0.00382228,0.04987634,0.01377594,0.00397745,0.0076084 ,0.00510215,0.00746731,0.00256814,0.00101474,0.00033391
rsrp_dl_bin_edges:-138.51175   ,-136.66548725,-134.8192245 ,-132.97296175,-131.126699  ,-129.28043625,-127.4341735 ,-125.58791075,-123.741648  ,-121.89538525,-120.0491225 ,-118.20285975,-116.356597  ,-114.51033425,-112.6640715 ,-110.81780875,-108.971546  ,-107.12528325,-105.2790205 ,-103.43275775,-101.586495  , -99.74023225, -97.8939695 , -96.04770675, -94.201444  , -92.35518125, -90.5089185 , -88.66265575, -86.816393  , -84.97013025, -83.1238675 , -81.27760475, -79.431342  , -77.58507925, -75.7388165 , -73.89255375, -72.046291  , -70.20002825, -68.3537655 , -66.50750275, -64.66124   
cqi_ul:1.04226691e+00,0.00000000e+00,4.64135359e-02,0.00000000e+00,0.00000000e+00,7.36825965e-02,0.00000000e+00,0.00000000e+00,5.98334017e-02,0.00000000e+00,2.84970484e-02,0.00000000e+00,0.00000000e+00,1.47865188e-02,0.00000000e+00,0.00000000e+00,2.22744439e-02,0.00000000e+00,1.11286220e-01,0.00000000e+00,0.00000000e+00,1.87210795e-01,0.00000000e+00,0.00000000e+00,4.18729146e-02,0.00000000e+00,2.39977600e-02,0.00000000e+00,0.00000000e+00,1.49703170e-01,0.00000000e+00,0.00000000e+00,6.47033530e-02,0.00000000e+00,1.37998620e-04,0.00000000e+00,0.00000000e+00,1.01692316e-02,0.00000000e+00,7.89830768e-01
cqi_ul_bin_edges: 0.   , 0.375, 0.75 , 1.125, 1.5  , 1.875, 2.25 , 2.625, 3.   , 3.375, 3.75 , 4.125, 4.5  , 4.875, 5.25 , 5.625, 6.   , 6.375, 6.75 , 7.125, 7.5  , 7.875, 8.25 , 8.625, 9.   , 9.375, 9.75 ,10.125,10.5  ,10.875,11.25 ,11.625,12.   ,12.375,12.75 ,13.125,13.5  ,13.875,14.25 ,14.625,15.   
cqi_dl:0.50221831,0.        ,0.06327937,0.        ,0.        ,0.08640247,0.        ,0.        ,0.18748546,0.        ,0.13896928,0.        ,0.        ,0.08532781,0.        ,0.        ,0.03135302,0.        ,0.06470069,0.        ,0.        ,0.05245014,0.        ,0.        ,0.02178645,0.        ,0.01952447,0.        ,0.        ,0.02032313,0.        ,0.        ,0.06258204,0.        ,0.18400349,0.        ,0.        ,0.08404516,0.        ,1.06221538
cqi_dl_bin_edges: 0.   , 0.375, 0.75 , 1.125, 1.5  , 1.875, 2.25 , 2.625, 3.   , 3.375, 3.75 , 4.125, 4.5  , 4.875, 5.25 , 5.625, 6.   , 6.375, 6.75 , 7.125, 7.5  , 7.875, 8.25 , 8.625, 9.   , 9.375, 9.75 ,10.125,10.5  ,10.875,11.25 ,11.625,12.   ,12.375,12.75 ,13.125,13.5  ,13.875,14.25 ,14.625,15.   
mcs_ul:6.04013960e-01,1.86805275e-02,2.03308681e-02,0.00000000e+00,1.17227399e-02,1.05259662e-02,0.00000000e+00,4.74030974e-03,2.73961546e-03,0.00000000e+00,5.18173390e-03,5.06066368e-03,5.82137036e-05,0.00000000e+00,6.81386043e-03,2.09408620e-02,0.00000000e+00,3.86767561e-02,6.04922522e-02,0.00000000e+00,3.97992449e-02,1.03713249e-02,0.00000000e+00,0.00000000e+00,1.20605937e-02,6.97100172e-03,0.00000000e+00,5.88494115e-03,1.56937716e-02,0.00000000e+00,6.45043550e-02,2.10362182e-02,1.36262923e-02,0.00000000e+00,7.39278322e-05,0.00000000e+00,0.00000000e+00,0.00000000e+00,5.43065998e-03,4.23140769e-01
mcs_ul_bin_edges: 0. , 0.7, 1.4, 2.1, 2.8, 3.5, 4.2, 4.9, 5.6, 6.3, 7. , 7.7, 8.4, 9.1, 9.8,10.5,11.2,11.9,12.6,13.3,14. ,14.7,15.4,16.1,16.8,17.5,18.2,18.9,19.6,20.3,21. ,21.7,22.4,23.1,23.8,24.5,25.2,25.9,26.6,27.3,28. 
mcs_dl:3.36606634e-01,1.26255880e-02,5.25630458e-02,0.00000000e+00,4.78755927e-02,3.24686039e-02,0.00000000e+00,4.19792231e-02,3.28978853e-02,0.00000000e+00,1.28134433e-02,7.36956916e-03,2.41783296e-04,0.00000000e+00,9.18490815e-03,1.72666130e-02,0.00000000e+00,1.73944689e-02,1.61098389e-02,0.00000000e+00,1.19884515e-02,5.63744363e-03,0.00000000e+00,0.00000000e+00,6.03386823e-03,7.19028524e-03,0.00000000e+00,3.26925302e-03,4.37602767e-03,0.00000000e+00,6.51136346e-03,1.04513241e-02,2.30747693e-02,0.00000000e+00,4.27170728e-02,5.58562272e-02,0.00000000e+00,3.10632608e-02,1.39573604e-02,5.69047524e-01
mcs_dl_bin_edges: 0. , 0.7, 1.4, 2.1, 2.8, 3.5, 4.2, 4.9, 5.6, 6.3, 7. , 7.7, 8.4, 9.1, 9.8,10.5,11.2,11.9,12.6,13.3,14. ,14.7,15.4,16.1,16.8,17.5,18.2,18.9,19.6,20.3,21. ,21.7,22.4,23.1,23.8,24.5,25.2,25.9,26.6,27.3,28. 
eff_ul:2.81460609e+00,2.30149392e-01,1.96651350e-01,5.90928008e-02,5.30600206e-02,2.38952823e-02,1.38100437e-02,2.61204438e-02,2.55101446e-02,3.46412282e-02,1.05560150e-01,0.00000000e+00,1.94964476e-01,3.04933542e-01,0.00000000e+00,2.00622795e-01,0.00000000e+00,5.22804940e-02,6.07958775e-02,3.51399092e-02,0.00000000e+00,2.96652197e-02,0.00000000e+00,7.91102530e-02,0.00000000e+00,3.25158028e-01,0.00000000e+00,0.00000000e+00,1.06040828e-01,0.00000000e+00,6.86883598e-02,0.00000000e+00,3.72660546e-04,0.00000000e+00,0.00000000e+00,0.00000000e+00,0.00000000e+00,0.00000000e+00,2.73752476e-02,2.13299735e+00
eff_ul_bin_edges:0.        ,0.13886493,0.27772987,0.41659481,0.55545974,0.69432467,0.83318961,0.97205454,1.11091948,1.24978441,1.38864935,1.52751428,1.66637922,1.80524416,1.94410909,2.08297402,2.22183896,2.36070389,2.49956883,2.63843376,2.7772987 ,2.91616363,3.05502857,3.1938935 ,3.33275844,3.47162338,3.61048831,3.74935325,3.88821818,4.02708311,4.16594805,4.30481298,4.44367792,4.58254285,4.72140779,4.86027272,4.99913766,5.13800259,5.27686753,5.41573246,5.5545974 
eff_dl:1.35622335,0.34056673,0.32860739,0.24133461,0.16366999,0.21161178,0.16583394,0.06459089,0.03714904,0.04751872,0.08703874,0.        ,0.08768325,0.08120759,0.        ,0.06043222,0.        ,0.02841762,0.03041594,0.03624529,0.        ,0.01647988,0.        ,0.02205898,0.        ,0.03282293,0.        ,0.        ,0.05268376,0.        ,0.1163169 ,0.        ,0.21533118,0.        ,0.28156395,0.        ,0.15658584,0.        ,0.07035723,2.86849424
eff_dl_bin_edges:0.        ,0.13886493,0.27772987,0.41659481,0.55545974,0.69432467,0.83318961,0.97205454,1.11091948,1.24978441,1.38864935,1.52751428,1.66637922,1.80524416,1.94410909,2.08297402,2.22183896,2.36070389,2.49956883,2.63843376,2.7772987 ,2.91616363,3.05502857,3.1938935 ,3.33275844,3.47162338,3.61048831,3.74935325,3.88821818,4.02708311,4.16594805,4.30481298,4.44367792,4.58254285,4.72140779,4.86027272,4.99913766,5.13800259,5.27686753,5.41573246,5.5545974 
rul: 0., 0., 0., 0., 0., 0., 0., 0., 0., 0., 0., 0., 0., 0., 0., 0., 0., 0., 0., 0.,40., 0., 0., 0., 0., 0., 0., 0., 0., 0., 0., 0., 0., 0., 0., 0., 0., 0., 0., 0.
rul_bin_edges:-0.5  ,-0.475,-0.45 ,-0.425,-0.4  ,-0.375,-0.35 ,-0.325,-0.3  ,-0.275,-0.25 ,-0.225,-0.2  ,-0.175,-0.15 ,-0.125,-0.1  ,-0.075,-0.05 ,-0.025, 0.   , 0.025, 0.05 , 0.075, 0.1  , 0.125, 0.15 , 0.175, 0.2  , 0.225, 0.25 , 0.275, 0.3  , 0.325, 0.35 , 0.375, 0.4  , 0.425, 0.45 , 0.475, 0.5  
rdl:1.62729536e-01,0.00000000e+00,0.00000000e+00,0.00000000e+00,0.00000000e+00,0.00000000e+00,2.68132551e-03,0.00000000e+00,0.00000000e+00,0.00000000e+00,0.00000000e+00,0.00000000e+00,0.00000000e+00,7.20879324e-04,0.00000000e+00,0.00000000e+00,0.00000000e+00,0.00000000e+00,0.00000000e+00,7.80855686e-06,0.00000000e+00,0.00000000e+00,0.00000000e+00,0.00000000e+00,0.00000000e+00,0.00000000e+00,1.28758118e-06,0.00000000e+00,0.00000000e+00,0.00000000e+00,0.00000000e+00,0.00000000e+00,0.00000000e+00,2.90744138e-07,0.00000000e+00,0.00000000e+00,0.00000000e+00,0.00000000e+00,0.00000000e+00,4.15348769e-08
rdl_bin_edges:  0.        ,  6.01897775, 12.0379555 , 18.05693325, 24.075911  , 30.09488875, 36.1138665 , 42.13284425, 48.151822  , 54.17079975, 60.1897775 , 66.20875525, 72.227733  , 78.24671075, 84.2656885 , 90.28466625, 96.303644  ,102.32262175,108.3415995 ,114.36057725,120.379555  ,126.39853275,132.4175105 ,138.43648825,144.455466  ,150.47444375,156.4934215 ,162.51239925,168.531377  ,174.55035475,180.5693325 ,186.58831025,192.607288  ,198.62626575,204.6452435 ,210.66422125,216.683199  ,222.70217675,228.7211545 ,234.74013225,240.75911   
lul: 0., 0., 0., 0., 0., 0., 0., 0., 0., 0., 0., 0., 0., 0., 0., 0., 0., 0., 0., 0.,40., 0., 0., 0., 0., 0., 0., 0., 0., 0., 0., 0., 0., 0., 0., 0., 0., 0., 0., 0.
lul_bin_edges:-0.5  ,-0.475,-0.45 ,-0.425,-0.4  ,-0.375,-0.35 ,-0.325,-0.3  ,-0.275,-0.25 ,-0.225,-0.2  ,-0.175,-0.15 ,-0.125,-0.1  ,-0.075,-0.05 ,-0.025, 0.   , 0.025, 0.05 , 0.075, 0.1  , 0.125, 0.15 , 0.175, 0.2  , 0.225, 0.25 , 0.275, 0.3  , 0.325, 0.35 , 0.375, 0.4  , 0.425, 0.45 , 0.475, 0.5  
ldl:2.47391051e+03,0.00000000e+00,0.00000000e+00,0.00000000e+00,0.00000000e+00,0.00000000e+00,0.00000000e+00,3.05773721e+01,1.14650149e+01,1.61016621e+00,8.13986378e+00,4.79892675e-02,1.26287546e-02,5.05150184e-03,3.15718865e-03,1.26287546e-03,6.31437730e-04,0.00000000e+00,0.00000000e+00,0.00000000e+00,6.31437730e-04,6.31437730e-04,0.00000000e+00,0.00000000e+00,0.00000000e+00,0.00000000e+00,6.31437730e-04,0.00000000e+00,0.00000000e+00,0.00000000e+00,0.00000000e+00,0.00000000e+00,0.00000000e+00,0.00000000e+00,0.00000000e+00,0.00000000e+00,0.00000000e+00,0.00000000e+00,0.00000000e+00,6.31437730e-04
ldl_bin_edges:0.        ,0.00039592,0.00079184,0.00118775,0.00158367,0.00197959,0.00237551,0.00277143,0.00316734,0.00356326,0.00395918,0.0043551 ,0.00475101,0.00514693,0.00554285,0.00593877,0.00633469,0.0067306 ,0.00712652,0.00752244,0.00791836,0.00831428,0.00871019,0.00910611,0.00950203,0.00989795,0.01029387,0.01068978,0.0110857 ,0.01148162,0.01187754,0.01227345,0.01266937,0.01306529,0.01346121,0.01385713,0.01425304,0.01464896,0.01504488,0.0154408 ,0.01583672
ilul: 0., 0., 0., 0., 0., 0., 0., 0., 0., 0., 0., 0., 0., 0., 0., 0., 0., 0., 0., 0.,40., 0., 0., 0., 0., 0., 0., 0., 0., 0., 0., 0., 0., 0., 0., 0., 0., 0., 0., 0.
ilul_bin_edges:-0.5  ,-0.475,-0.45 ,-0.425,-0.4  ,-0.375,-0.35 ,-0.325,-0.3  ,-0.275,-0.25 ,-0.225,-0.2  ,-0.175,-0.15 ,-0.125,-0.1  ,-0.075,-0.05 ,-0.025, 0.   , 0.025, 0.05 , 0.075, 0.1  , 0.125, 0.15 , 0.175, 0.2  , 0.225, 0.25 , 0.275, 0.3  , 0.325, 0.35 , 0.375, 0.4  , 0.425, 0.45 , 0.475, 0.5  
ildl:1.20553771e+02,2.76929408e-04,3.07699342e-04,3.69239211e-04,2.76929408e-04,3.38469277e-04,3.69239211e-04,2.76929408e-04,4.00009145e-04,4.00009145e-04,2.76929408e-04,2.76929408e-04,3.69239211e-04,3.07699342e-04,3.38469277e-04,3.38469277e-04,3.38469277e-04,2.76929408e-04,3.07699342e-04,3.38469277e-04,3.38469277e-04,2.76929408e-04,3.38469277e-04,3.69239211e-04,3.38469277e-04,2.76929408e-04,3.38469277e-04,3.38469277e-04,3.07699342e-04,3.07699342e-04,4.30779079e-04,1.87696599e-03,1.45449479e-01,3.38561586e-01,3.10376327e-01,3.53238845e-01,3.36530771e-01,3.69023821e-01,3.67916104e-01,2.94375961e-01
ildl_bin_edges:0.        ,0.00812473,0.01624947,0.0243742 ,0.03249893,0.04062367,0.0487484 ,0.05687313,0.06499786,0.0731226 ,0.08124733,0.08937206,0.0974968 ,0.10562153,0.11374626,0.121871  ,0.12999573,0.13812046,0.14624519,0.15436993,0.16249466,0.17061939,0.17874413,0.18686886,0.19499359,0.20311833,0.21124306,0.21936779,0.22749252,0.23561726,0.24374199,0.25186672,0.25999146,0.26811619,0.27624092,0.28436565,0.29249039,0.30061512,0.30873985,0.31686459,0.32498932
eul: 0., 0., 0., 0., 0., 0., 0., 0., 0., 0., 0., 0., 0., 0., 0., 0., 0., 0., 0., 0.,40., 0., 0., 0., 0., 0., 0., 0., 0., 0., 0., 0., 0., 0., 0., 0., 0., 0., 0., 0.
eul_bin_edges:-0.5  ,-0.475,-0.45 ,-0.425,-0.4  ,-0.375,-0.35 ,-0.325,-0.3  ,-0.275,-0.25 ,-0.225,-0.2  ,-0.175,-0.15 ,-0.125,-0.1  ,-0.075,-0.05 ,-0.025, 0.   , 0.025, 0.05 , 0.075, 0.1  , 0.125, 0.15 , 0.175, 0.2  , 0.225, 0.25 , 0.275, 0.3  , 0.325, 0.35 , 0.375, 0.4  , 0.425, 0.45 , 0.475, 0.5  
edl:3.22985823e-04,5.20474839e-04,2.57014973e-02,4.57049893e-04,9.31723871e-05,3.96337915e-05,3.42146575e-05,9.73676263e-06,9.96114333e-06,1.89703685e-06,2.16221405e-06,2.15541463e-06,1.08790644e-06,5.43953220e-07,2.71976610e-07,0.00000000e+00,0.00000000e+00,0.00000000e+00,2.71976610e-07,0.00000000e+00,0.00000000e+00,0.00000000e+00,0.00000000e+00,2.71976610e-07,2.71976610e-07,0.00000000e+00,0.00000000e+00,0.00000000e+00,0.00000000e+00,0.00000000e+00,0.00000000e+00,0.00000000e+00,0.00000000e+00,0.00000000e+00,0.00000000e+00,0.00000000e+00,0.00000000e+00,0.00000000e+00,0.00000000e+00,2.71976610e-07
edl_bin_edges:   0.    ,  36.7675,  73.535 , 110.3025, 147.07  , 183.8375, 220.605 , 257.3725, 294.14  , 330.9075, 367.675 , 404.4425, 441.21  , 477.9775, 514.745 , 551.5125, 588.28  , 625.0475, 661.815 , 698.5825, 735.35  , 772.1175, 808.885 , 845.6525, 882.42  , 919.1875, 955.955 , 992.7225,1029.49  ,1066.2575,1103.025 ,1139.7925,1176.56  ,1213.3275,1250.095 ,1286.8625,1323.63  ,1360.3975,1397.165 ,1433.9325,1470.7   
gul: 0., 0., 0., 0., 0., 0., 0., 0., 0., 0., 0., 0., 0., 0., 0., 0., 0., 0., 0., 0.,40., 0., 0., 0., 0., 0., 0., 0., 0., 0., 0., 0., 0., 0., 0., 0., 0., 0., 0., 0.
gul_bin_edges:-0.5  ,-0.475,-0.45 ,-0.425,-0.4  ,-0.375,-0.35 ,-0.325,-0.3  ,-0.275,-0.25 ,-0.225,-0.2  ,-0.175,-0.15 ,-0.125,-0.1  ,-0.075,-0.05 ,-0.025, 0.   , 0.025, 0.05 , 0.075, 0.1  , 0.125, 0.15 , 0.175, 0.2  , 0.225, 0.25 , 0.275, 0.3  , 0.325, 0.35 , 0.375, 0.4  , 0.425, 0.45 , 0.475, 0.5  
gdl:9.26583613e-02,0.00000000e+00,3.04517920e-07,1.49916514e-06,5.03625791e-06,8.03458819e-06,6.88678988e-06,1.09392207e-05,1.74512193e-05,9.58528714e-04,1.24852347e-05,9.13553760e-06,1.92080534e-06,2.29559663e-06,1.00725158e-06,7.96431483e-07,8.90129304e-07,4.91913563e-07,2.34244554e-07,3.51366831e-07,5.62186929e-07,3.74791286e-07,2.34244554e-07,2.10820098e-07,1.17122277e-07,2.34244554e-08,9.36978215e-08,4.68489108e-08,4.68489108e-08,7.02733661e-08,1.87395643e-07,0.00000000e+00,0.00000000e+00,2.34244554e-08,0.00000000e+00,2.34244554e-08,2.34244554e-08,2.34244554e-08,0.00000000e+00,4.68489108e-08
gdl_bin_edges:  0.    , 10.6725, 21.345 , 32.0175, 42.69  , 53.3625, 64.035 , 74.7075, 85.38  , 96.0525,106.725 ,117.3975,128.07  ,138.7425,149.415 ,160.0875,170.76  ,181.4325,192.105 ,202.7775,213.45  ,224.1225,234.795 ,245.4675,256.14  ,266.8125,277.485 ,288.1575,298.83  ,309.5025,320.175 ,330.8475,341.52  ,352.1925,362.865 ,373.5375,384.21  ,394.8825,405.555 ,416.2275,426.9   
ri: 0., 0., 0., 0., 0., 0., 0., 0., 0., 0., 0., 0., 0., 0., 0., 0., 0., 0., 0., 0.,40., 0., 0., 0., 0., 0., 0., 0., 0., 0., 0., 0., 0., 0., 0., 0., 0., 0., 0., 0.
ri_bin_edges:0.5  ,0.525,0.55 ,0.575,0.6  ,0.625,0.65 ,0.675,0.7  ,0.725,0.75 ,0.775,0.8  ,0.825,0.85 ,0.875,0.9  ,0.925,0.95 ,0.975,1.   ,1.025,1.05 ,1.075,1.1  ,1.125,1.15 ,1.175,1.2  ,1.225,1.25 ,1.275,1.3  ,1.325,1.35 ,1.375,1.4  ,1.425,1.45 ,1.475,1.5  
