period:1
ue_log_freq:1000
mac_log_freq:1000
mimo_layers:2
frequency:2412000000.0
bandwidth:50000000
ue_speed:5.555555555555555
max_distance:1000
shannon_cfg_bandwidth_mhz:50.0
shannon_cfg_mimo_layers:2
shannon_cfg_bw_efficiency:0.67
shannon_cfg_sinr_offset_db:0
shannon_cfg_ul_divisor:2
shannon_cfg_sinr_sample_rate:1000
n_ue:30
sinr_period:9.463597741343282
sinr_rate:105.66805852612856
ul_fairness:0.8552262951415828
dl_fairness:0.6500675055829627
ul_agg_throughput:14.062807532800834
dl_agg_throughput:19.65886827917107
ul_ave_throughput:0.4687602510933611
dl_ave_throughput:0.6552956093057023
ul_se:0.28125615065601667
dl_se:0.3931773655834214
ul_ase:8.952661330380776e-08
dl_ase:1.2515224248890153e-07
ul_gr:0.1439987909734419, 0.1439987909734419, 0.1439987909734419, 0.1439987909734419, 0.1439987909734419, 0.1439987909734419, 0.1439987909734419, 0.1439987909734419, 0.1439987909734419, 0.1439987909734419, 0.1439987909734419, 0.1439987909734419, 0.11819858009465756, 0.1439987909734419, 0.1439987909734419, 0.1439987909734419, 0.1439987909734419, 0.1439987909734419, 0.1439987909734419, 0.1439987909734419, 0.1439987909734419, 0.1439987909734419, 0.1439987909734419, 0.1439987909734419, 0.1439987909734419, 0.1439987909734419, 0.1439987909734419, 0.1439987909734419, 0.1439987909734419, 0.13440486256363698
dl_gr:0.1439987909734419, 0.1439987909734419, 0.1439987909734419, 0.1439987909734419, 0.1439987909734419, 0.1439987909734419, 0.1439987909734419, 0.1439987909734419, 0.1439987909734419, 0.1439987909734419, 0.1439987909734419, 0.1439987909734419, 0.1439987909734419, 0.1439987909734419, 0.1439987909734419, 0.1439987909734419, 0.1439987909734419, 0.1439987909734419, 0.1439987909734419, 0.1439987909734419, 0.1439987909734419, 0.1439987909734419, 0.1439987909734419, 0.1439987909734419, 0.1439987909734419, 0.1439987909734419, 0.1439987909734419, 0.1439987909734419, 0.1439987909734419, 0.1407300074278881
ul_tr:0.14165393286490943, 0.14364705065929453, 0.1439867944259381, 0.1439867923818718, 0.13589822159649503, 0.13323078269690253, 0.11742218434709711, 0.12921592252594563, 0.14398679238170514, 0.1265133092610228, 0.143986791880251, 0.14398679255890368, 0.03094422289372589, 0.11578859450092081, 0.1439867933372222, 0.14398679430197245, 0.13328408501879152, 0.14398678163423637, 0.13757044703873303, 0.14146921275107707, 0.14192138830257248, 0.1430999983761885, 0.13153176066954442, 0.08166499395259205, 0.08817832626744777, 0.0947079737414688, 0.12052934429126426, 0.14398679622403981, 0.1439811263292806, 0.04706223714360714
dl_tr:0.14398679367611103, 0.14398680350007084, 0.1439867962501729, 0.14398679238170514, 0.14397719802019984, 0.14398681893885887, 0.1439867971755402, 0.14398680848590428, 0.14398679238170514, 0.1424040185246123, 0.14398679238087184, 0.1439867924357047, 0.14074689567509438, 0.14385243216178198, 0.14398682354644546, 0.14398679685441787, 0.1439868321960317, 0.14398689015224875, 0.14398681032443064, 0.14398679240878826, 0.14216762218740678, 0.14398684288543429, 0.1439868309435838, 0.1439868484538962, 0.14398685263202807, 0.13778050133737219, 0.14151965800443328, 0.14398680188516763, 0.14398685393589217, 0.05339834264218632
ul_er:0.0, 0.0, 0.0, 0.0, 0.0, 0.0, 0.0, 0.0, 0.0, 0.0, 0.0, 0.0, 0.02579900968879426, 0.0, 0.0, 0.0, 0.0, 0.0, 0.0, 0.0, 0.0, 0.0, 0.0, 0.0, 0.0, 0.0, 0.0, 0.0, 0.0, 0.009592727219814835
dl_er:0.0, 0.0, 0.0, 0.0, 0.0, 0.0, 0.0, 0.0, 0.0, 0.0, 0.0, 0.0, 0.0, 0.0, 0.0, 0.0, 0.0, 0.0, 0.0, 0.0, 0.0, 0.0, 0.0, 0.0, 0.0, 0.0, 0.0, 0.0, 0.0, 0.0032675823555637037
ul_er_ratio:0.0, 0.0, 0.0, 0.0, 0.0, 0.0, 0.0, 0.0, 0.0, 0.0, 0.0, 0.0, 0.45466231856416456, 0.0, 0.0, 0.0, 0.0, 0.0, 0.0, 0.0, 0.0, 0.0, 0.0, 0.0, 0.0, 0.0, 0.0, 0.0, 0.0, 0.16931838767527613
dl_er_ratio:0.0, 0.0, 0.0, 0.0, 0.0, 0.0, 0.0, 0.0, 0.0, 0.0, 0.0, 0.0, 0.0, 0.0, 0.0, 0.0, 0.0, 0.0, 0.0, 0.0, 0.0, 0.0, 0.0, 0.0, 0.0, 0.0, 0.0, 0.0, 0.0, 0.05766397276129255
ul_er_perc:0.0, 0.0, 0.0, 0.0, 0.0, 0.0, 0.0, 0.0, 0.0, 0.0, 0.0, 0.0, 45.46623185641646, 0.0, 0.0, 0.0, 0.0, 0.0, 0.0, 0.0, 0.0, 0.0, 0.0, 0.0, 0.0, 0.0, 0.0, 0.0, 0.0, 16.931838767527612
dl_er_perc:0.0, 0.0, 0.0, 0.0, 0.0, 0.0, 0.0, 0.0, 0.0, 0.0, 0.0, 0.0, 0.0, 0.0, 0.0, 0.0, 0.0, 0.0, 0.0, 0.0, 0.0, 0.0, 0.0, 0.0, 0.0, 0.0, 0.0, 0.0, 0.0, 5.766397276129255
ul_l:0.008473903397330021, 0.006859822539499671, 0.008272513980887658, 0.009104441758447846, 0.0072534548954842045, 0.00620677469669836, 0.00565059555754952, 0.006535858444283798, 0.009104441758447846, 0.006645259538578845, 0.008936397029228924, 0.008805146689823419, 0.00148581261079491, 0.0035403810174498545, 0.004358395974054383, 0.0077013233860759485, 0.0038734464571753566, 0.0015066171162656978, 0.0049858592657477845, 0.008720596302380814, 0.005777451653515387, 0.004980453368880259, 0.0034882117549895415, 0.002758077393813385, 0.0017006110675536036, 0.0030465317677436017, 0.0034522047185565116, 0.006665005496641695, 0.002293874599245006, 0.00105545260719494
dl_l:0.009033122114065716, 0.008537573262622812, 0.008912398206173282, 0.009104441758447846, 0.008659065788522595, 0.007731650374096882, 0.008834153154515377, 0.00823225404712044, 0.009104441758447846, 0.00826331130487246, 0.009104445581478488, 0.009101024279472672, 0.005066604800322498, 0.006891030045641287, 0.0074621216439738, 0.008919759158940343, 0.006943775082924309, 0.0034594618293889217, 0.008177842968250264, 0.00910444319021508, 0.0074420273954217036, 0.006424008790814244, 0.00699805649555837, 0.006250891235385539, 0.005022953773568553, 0.005631931178461013, 0.0062376832852434555, 0.008618012849692918, 0.006042285509879084, 0.0030602478571095243
ul_il:0.1202942560164207, 1.2485293721240656, 0.0261569611445613, 0.009104441758447846, 0.05697519986059699, 0.3178282053596845, 0.22353492368773595, 0.21510254891176325, 0.009104441758447846, 0.2114049701076199, 0.06260618673388972, 0.012996582940621327, 5.261570547594324, 0.733573571529954, 1.1134909960496038, 0.027579088838630507, 0.5314343347763352, 2.9933131335030376, 0.3388992863503971, 0.01748141000107499, 0.06671802663556553, 0.1685198462058108, 0.37811931510651575, 0.6250289790107499, 0.869790863474896, 1.4109517094911292, 1.0540739083543889, 0.38463440634304713, 2.205848051673536, 0.3482867950163665
dl_il:0.00918397236580945, 0.011677559439746335, 0.009323231720135666, 0.009104441758447846, 0.010132944695365038, 0.01339991509672836, 0.010140054673527722, 0.017050003593174226, 0.009104441758447846, 0.016613718266618612, 0.009104445581478488, 0.009101346950783743, 0.06938490204966209, 0.03240766296479612, 0.03281834789336755, 0.009468973644848793, 0.043317777420013165, 0.16172891186254282, 0.01360551543826718, 0.009104456719552336, 0.024343424081274326, 0.045094197807664105, 0.01849223901071241, 0.08719411501471656, 0.08520662523288557, 0.04241180326536862, 0.04866070216749444, 0.010825044896571694, 0.044838094957879514, 0.005011991592728394
sinr_ul:3.63113527e-04,4.60583839e-04,9.54444271e-04,6.29114728e-03,9.44526381e-03,1.52942148e-02,2.55644778e-02,3.21001144e-02,3.12529851e-02,2.50573555e-02,1.62678602e-02,1.16665781e-02,7.66020651e-03,1.41545119e-02,2.54300696e-02,2.66762739e-02,1.69268832e-02,1.22595360e-02,6.70372821e-03,2.87399108e-03,2.66163924e-03,1.40363759e-03,5.91168022e-04,3.50583954e-04,1.42218787e-04,6.77735979e-05,7.11907541e-05,8.15235836e-05,1.89570808e-05,2.01774937e-05,2.61981975e-05,1.21227684e-05,4.88165171e-06,4.63756913e-06,4.55620826e-06,4.31212568e-06,4.14940396e-06,3.98668223e-06,5.28845602e-06,1.92011634e-05
sinr_ul_bin_edges:-29.688807  ,-26.27469047,-22.86057395,-19.44645743,-16.0323409 ,-12.61822438, -9.20410785, -5.78999133, -2.3758748 ,  1.03824172,  4.45235825,  7.86647477, 11.2805913 , 14.69470782, 18.10882435, 21.52294087, 24.9370574 , 28.35117392, 31.76529045, 35.17940698, 38.5935235 , 42.00764003, 45.42175655, 48.83587307, 52.2499896 , 55.66410613, 59.07822265, 62.49233917, 65.9064557 , 69.32057222, 72.73468875, 76.14880528, 79.5629218 , 82.97703832, 86.39115485, 89.80527138, 93.2193879 , 96.63350442,100.04762095,103.46173748,106.875854  
sinr_dl:3.63221173e-04,4.62614189e-04,8.53698676e-04,5.73327196e-03,9.04975491e-03,1.45144578e-02,2.37509385e-02,4.12355424e-02,2.70848048e-02,2.52227869e-02,1.75898191e-02,1.17922536e-02,9.55803167e-03,1.45767552e-02,2.45745282e-02,2.90927101e-02,1.86018812e-02,1.15300889e-02,6.35083945e-03,2.89595484e-03,2.27422865e-03,1.05098758e-03,5.46869524e-04,3.15728778e-04,7.40249242e-05,6.77036947e-05,7.53557093e-05,6.41272096e-05,1.91300366e-05,2.07935180e-05,2.97763178e-05,5.15679247e-06,4.82409618e-06,4.65774804e-06,4.57457397e-06,4.24187768e-06,4.07552953e-06,4.07552953e-06,5.48948876e-06,1.93795588e-05
sinr_dl_bin_edges:-22.874266  ,-19.53457785,-16.1948897 ,-12.85520155, -9.5155134 , -6.17582525, -2.8361371 ,  0.50355105,  3.8432392 ,  7.18292735, 10.5226155 , 13.86230365, 17.2019918 , 20.54167995, 23.8813681 , 27.22105625, 30.5607444 , 33.90043255, 37.2401207 , 40.57980885, 43.919497  , 47.25918515, 50.5988733 , 53.93856145, 57.2782496 , 60.61793775, 63.9576259 , 67.29731405, 70.6370022 , 73.97669035, 77.3163785 , 80.65606665, 83.9957548 , 87.33544295, 90.6751311 , 94.01481925, 97.3545074 ,100.69419555,104.0338837 ,107.37357185,110.71326   
rsrp_ul:3.63293834e-04,4.60112575e-04,9.34207370e-04,6.21932379e-03,9.36215281e-03,1.53341051e-02,2.54783680e-02,3.20951283e-02,3.13113924e-02,2.50398791e-02,1.63139986e-02,1.16504406e-02,7.66607706e-03,1.42319485e-02,2.53639902e-02,2.68167591e-02,1.69324679e-02,1.21010420e-02,6.67870474e-03,2.82587161e-03,2.66645805e-03,1.38399586e-03,5.87822267e-04,3.46872855e-04,1.41122868e-04,6.77162147e-05,7.12930615e-05,8.08042225e-05,1.89410300e-05,2.02417016e-05,2.66637676e-05,1.12995844e-05,4.95881044e-06,4.63364254e-06,4.55235057e-06,4.30847464e-06,4.14589069e-06,3.98330674e-06,5.28397834e-06,1.91849060e-05
rsrp_ul_bin_edges:-155.89265   ,-152.47564033,-149.05863065,-145.64162097,-142.2246113 ,-138.80760163,-135.39059195,-131.97358228,-128.5565726 ,-125.13956293,-121.72255325,-118.30554358,-114.8885339 ,-111.47152422,-108.05451455,-104.63750488,-101.2204952 , -97.80348552, -94.38647585, -90.96946618, -87.5524565 , -84.13544683, -80.71843715, -77.30142747, -73.8844178 , -70.46740813, -67.05039845, -63.63338878, -60.2163791 , -56.79936942, -53.38235975, -49.96535008, -46.5483404 , -43.13133072, -39.71432105, -36.29731138, -32.8803017 , -29.46329203, -26.04628235, -22.62927268, -19.212263  
rsrp_dl:3.63163054e-04,4.62660920e-04,8.41201672e-04,5.67969062e-03,9.04466355e-03,1.44933562e-02,2.36443337e-02,4.12847982e-02,2.71157037e-02,2.51860103e-02,1.76348953e-02,1.17972716e-02,9.57831125e-03,1.45054090e-02,2.46834505e-02,2.91965141e-02,1.85066030e-02,1.14197283e-02,6.33877047e-03,2.89483097e-03,2.28437790e-03,1.02457034e-03,5.42126216e-04,3.15533750e-04,7.34804623e-05,6.78281190e-05,7.57247750e-05,6.31732481e-05,1.91182198e-05,2.07806737e-05,2.96748021e-05,5.15360708e-06,4.82111630e-06,4.65487091e-06,4.57174822e-06,4.23925744e-06,4.07301205e-06,4.07301205e-06,5.48609786e-06,1.93675879e-05
rsrp_dl_bin_edges:-154.58498   ,-151.24322763,-147.90147525,-144.55972288,-141.2179705 ,-137.87621813,-134.53446575,-131.19271338,-127.850961  ,-124.50920862,-121.16745625,-117.82570388,-114.4839515 ,-111.14219913,-107.80044675,-104.45869437,-101.116942  , -97.77518962, -94.43343725, -91.09168487, -87.7499325 , -84.40818013, -81.06642775, -77.72467538, -74.382923  , -71.04117063, -67.69941825, -64.35766587, -61.0159135 , -57.67416112, -54.33240875, -50.99065638, -47.648904  , -44.30715163, -40.96539925, -37.62364688, -34.2818945 , -30.94014213, -27.59838975, -24.25663737, -20.914885  
cqi_ul:1.0731992 ,0.        ,0.28572799,0.        ,0.        ,0.17656816,0.        ,0.        ,0.08225931,0.        ,0.03931226,0.        ,0.        ,0.05954099,0.        ,0.        ,0.05087513,0.        ,0.12689894,0.        ,0.        ,0.13166113,0.        ,0.        ,0.14552175,0.        ,0.12165158,0.        ,0.        ,0.05937062,0.        ,0.        ,0.08107266,0.        ,0.07269717,0.        ,0.        ,0.03785376,0.        ,0.12245602
cqi_ul_bin_edges: 0.   , 0.375, 0.75 , 1.125, 1.5  , 1.875, 2.25 , 2.625, 3.   , 3.375, 3.75 , 4.125, 4.5  , 4.875, 5.25 , 5.625, 6.   , 6.375, 6.75 , 7.125, 7.5  , 7.875, 8.25 , 8.625, 9.   , 9.375, 9.75 ,10.125,10.5  ,10.875,11.25 ,11.625,12.   ,12.375,12.75 ,13.125,13.5  ,13.875,14.25 ,14.625,15.   
cqi_dl:0.49520106,0.        ,0.48933222,0.        ,0.        ,0.26027339,0.        ,0.        ,0.18234589,0.        ,0.07468604,0.        ,0.        ,0.06022691,0.        ,0.        ,0.03094271,0.        ,0.04863145,0.        ,0.        ,0.05615509,0.        ,0.        ,0.0856778 ,0.        ,0.10052805,0.        ,0.        ,0.09649327,0.        ,0.        ,0.16444678,0.        ,0.1550476 ,0.        ,0.        ,0.08742075,0.        ,0.27925767
cqi_dl_bin_edges: 0.   , 0.375, 0.75 , 1.125, 1.5  , 1.875, 2.25 , 2.625, 3.   , 3.375, 3.75 , 4.125, 4.5  , 4.875, 5.25 , 5.625, 6.   , 6.375, 6.75 , 7.125, 7.5  , 7.875, 8.25 , 8.625, 9.   , 9.375, 9.75 ,10.125,10.5  ,10.875,11.25 ,11.625,12.   ,12.375,12.75 ,13.125,13.5  ,13.875,14.25 ,14.625,15.   
mcs_ul:0.72799671,0.05574557,0.03884452,0.        ,0.02742477,0.01664272,0.        ,0.01058007,0.01048007,0.        ,0.01411774,0.01777922,0.01461774,0.        ,0.0126368 ,0.03209854,0.        ,0.03588303,0.03177315,0.        ,0.0387596 ,0.04147704,0.03648105,0.        ,0.03319576,0.03197473,0.        ,0.01521138,0.01658994,0.        ,0.02432837,0.01910778,0.01605106,0.        ,0.02289386,0.01084435,0.        ,0.00943445,0.        ,0.06560144
mcs_ul_bin_edges: 0. , 0.7, 1.4, 2.1, 2.8, 3.5, 4.2, 4.9, 5.6, 6.3, 7. , 7.7, 8.4, 9.1, 9.8,10.5,11.2,11.9,12.6,13.3,14. ,14.7,15.4,16.1,16.8,17.5,18.2,18.9,19.6,20.3,21. ,21.7,22.4,23.1,23.8,24.5,25.2,25.9,26.6,27.3,28. 
mcs_dl:0.52742854,0.06200742,0.07742475,0.        ,0.06002966,0.03765564,0.        ,0.02189426,0.01811612,0.        ,0.01810461,0.0141598 ,0.00899635,0.        ,0.0075801 ,0.01323957,0.        ,0.01281299,0.01521733,0.        ,0.01486575,0.01974309,0.02615573,0.        ,0.02215101,0.03170331,0.        ,0.02556566,0.02611486,0.        ,0.04253338,0.04557541,0.04292107,0.        ,0.04014014,0.02524344,0.        ,0.02158911,0.        ,0.14960232
mcs_dl_bin_edges: 0. , 0.7, 1.4, 2.1, 2.8, 3.5, 4.2, 4.9, 5.6, 6.3, 7. , 7.7, 8.4, 9.1, 9.8,10.5,11.2,11.9,12.6,13.3,14. ,14.7,15.4,16.1,16.8,17.5,18.2,18.9,19.6,20.3,21. ,21.7,22.4,23.1,23.8,24.5,25.2,25.9,26.6,27.3,28. 
eff_ul:2.17355178,0.57868528,0.2107496 ,0.14685413,0.10368106,0.        ,0.06291884,0.03999862,0.        ,0.03962056,0.053373  ,0.06721544,0.05526326,0.04777421,0.12135054,0.        ,0.13565805,0.12012037,0.        ,0.14653308,0.        ,0.15680652,0.13791887,0.        ,0.12549863,0.        ,0.12088248,0.05750758,0.06271931,0.09197492,0.        ,0.07223815,0.        ,0.06068202,0.        ,0.08655166,0.        ,0.04099776,0.03566751,0.24801033
eff_ul_bin_edges:0.        ,0.18515763,0.37031527,0.5554729 ,0.74063053,0.92578816,1.1109458 ,1.29610343,1.48126106,1.66641869,1.85157632,2.03673396,2.22189159,2.40704922,2.59220686,2.77736449,2.96252212,3.14767975,3.33283738,3.51799502,3.70315265,3.88831028,4.07346792,4.25862555,4.44378318,4.62894081,4.81409844,4.99925608,5.18441371,5.36957134,5.55472897,5.73988661,5.92504424,6.11020187,6.29535951,6.48051714,6.66567477,6.8508324 ,7.03599004,7.22114767,7.4063053 
eff_dl:1.00293136,0.99104519,0.23442293,0.29270911,0.22694588,0.        ,0.14235949,0.08277263,0.        ,0.06848912,0.06844561,0.05353202,0.03401128,0.02865702,0.05005303,0.        ,0.0484403 ,0.05753008,0.        ,0.05620089,0.        ,0.07463998,0.09888339,0.        ,0.08374326,0.        ,0.11985633,0.09665258,0.09872887,0.16080008,0.        ,0.1723007 ,0.        ,0.16226579,0.        ,0.15175231,0.        ,0.0954344 ,0.08161896,0.56558094
eff_dl_bin_edges:0.        ,0.18515763,0.37031527,0.5554729 ,0.74063053,0.92578816,1.1109458 ,1.29610343,1.48126106,1.66641869,1.85157632,2.03673396,2.22189159,2.40704922,2.59220686,2.77736449,2.96252212,3.14767975,3.33283738,3.51799502,3.70315265,3.88831028,4.07346792,4.25862555,4.44378318,4.62894081,4.81409844,4.99925608,5.18441371,5.36957134,5.55472897,5.73988661,5.92504424,6.11020187,6.29535951,6.48051714,6.66567477,6.8508324 ,7.03599004,7.22114767,7.4063053 
rul:1.50045855e+00,9.91975431e-03,1.60927667e-02,3.75655799e-03,2.67039120e-03,1.14079522e-03,5.24518266e-04,2.63752879e-04,5.73598494e-04,2.94054585e-04,6.14569815e-05,1.39131778e-04,1.80103099e-04,6.01766277e-05,3.15820599e-05,2.34731527e-05,4.18248902e-05,7.29801655e-05,4.18248902e-05,1.62178146e-05,2.56070756e-06,3.84106134e-06,7.68212269e-06,1.45106762e-05,1.74981683e-05,1.28035378e-06,1.02428303e-05,0.00000000e+00,4.26784594e-06,4.26784594e-07,4.26784594e-07,2.56070756e-06,1.28035378e-06,0.00000000e+00,8.53569188e-07,2.98749216e-06,2.98749216e-06,0.00000000e+00,0.00000000e+00,4.26784594e-07
rul_bin_edges: 0.        , 0.65085635, 1.3017127 , 1.95256905, 2.6034254 , 3.25428175, 3.9051381 , 4.55599445, 5.2068508 , 5.85770715, 6.5085635 , 7.15941985, 7.8102762 , 8.46113255, 9.1119889 , 9.76284525,10.4137016 ,11.06455795,11.7154143 ,12.36627065,13.017127  ,13.66798335,14.3188397 ,14.96969605,15.6205524 ,16.27140875,16.9222651 ,17.57312145,18.2239778 ,18.87483415,19.5256905 ,20.17654685,20.8274032 ,21.47825955,22.1291159 ,22.77997225,23.4308286 ,24.08168495,24.7325413 ,25.38339765,26.034254  
rdl:1.94100037e+00,4.55718960e-05,2.49560383e-05,2.22434254e-05,2.38709932e-05,1.35413634e-03,6.26667823e-03,2.39957734e-03,4.34018058e-06,3.96041477e-05,1.25322714e-04,2.23519300e-04,5.43607617e-04,5.48490320e-04,3.37991562e-04,7.32405472e-05,0.00000000e+00,5.42522572e-07,2.71261286e-06,6.51027086e-06,1.30205417e-05,8.13783858e-06,4.34018058e-06,1.51906320e-05,3.25513543e-06,4.88270315e-06,5.42522572e-07,5.42522572e-07,1.08504514e-06,0.00000000e+00,0.00000000e+00,0.00000000e+00,0.00000000e+00,0.00000000e+00,0.00000000e+00,5.42522572e-07,0.00000000e+00,0.00000000e+00,0.00000000e+00,2.71261286e-06
rdl_bin_edges: 0.       , 0.5120072, 1.0240144, 1.5360216, 2.0480288, 2.560036 , 3.0720432, 3.5840504, 4.0960576, 4.6080648, 5.120072 , 5.6320792, 6.1440864, 6.6560936, 7.1681008, 7.680108 , 8.1921152, 8.7041224, 9.2161296, 9.7281368,10.240144 ,10.7521512,11.2641584,11.7761656,12.2881728,12.80018  ,13.3121872,13.8241944,14.3362016,14.8482088,15.360216 ,15.8722232,16.3842304,16.8962376,17.4082448,17.920252 ,18.4322592,18.9442664,19.4562736,19.9682808,20.480288 
lul:7.58580657e+00,0.00000000e+00,0.00000000e+00,0.00000000e+00,2.10715210e-06,0.00000000e+00,0.00000000e+00,0.00000000e+00,0.00000000e+00,0.00000000e+00,0.00000000e+00,0.00000000e+00,0.00000000e+00,0.00000000e+00,0.00000000e+00,0.00000000e+00,0.00000000e+00,0.00000000e+00,0.00000000e+00,0.00000000e+00,0.00000000e+00,0.00000000e+00,0.00000000e+00,0.00000000e+00,0.00000000e+00,0.00000000e+00,0.00000000e+00,0.00000000e+00,0.00000000e+00,0.00000000e+00,0.00000000e+00,0.00000000e+00,0.00000000e+00,0.00000000e+00,0.00000000e+00,0.00000000e+00,0.00000000e+00,0.00000000e+00,0.00000000e+00,2.10715210e-06
lul_bin_edges:0.        ,0.13182506,0.26365013,0.39547519,0.52730026,0.65912532,0.79095039,0.92277545,1.05460052,1.18642558,1.31825065,1.45007571,1.58190078,1.71372584,1.84555091,1.97737597,2.10920104,2.2410261 ,2.37285117,2.50467623,2.6365013 ,2.76832636,2.90015143,3.03197649,3.16380156,3.29562662,3.42745169,3.55927675,3.69110182,3.82292688,3.95475195,4.08657701,4.21840208,4.35022714,4.48205221,4.61387728,4.74570234,4.8775274 ,5.00935247,5.14117753,5.2730026 
ldl:5.40244960e+02,0.00000000e+00,0.00000000e+00,0.00000000e+00,0.00000000e+00,0.00000000e+00,0.00000000e+00,0.00000000e+00,0.00000000e+00,0.00000000e+00,0.00000000e+00,0.00000000e+00,0.00000000e+00,0.00000000e+00,0.00000000e+00,0.00000000e+00,0.00000000e+00,0.00000000e+00,0.00000000e+00,9.52958455e+02,4.10815779e+02,5.81796895e-02,0.00000000e+00,5.28906268e-04,0.00000000e+00,0.00000000e+00,0.00000000e+00,0.00000000e+00,0.00000000e+00,0.00000000e+00,0.00000000e+00,0.00000000e+00,0.00000000e+00,0.00000000e+00,0.00000000e+00,0.00000000e+00,0.00000000e+00,0.00000000e+00,0.00000000e+00,5.28906268e-04
ldl_bin_edges:0.        ,0.00052519,0.00105038,0.00157557,0.00210075,0.00262594,0.00315113,0.00367632,0.00420151,0.0047267 ,0.00525188,0.00577707,0.00630226,0.00682745,0.00735264,0.00787783,0.00840302,0.0089282 ,0.00945339,0.00997858,0.01050377,0.01102896,0.01155415,0.01207933,0.01260452,0.01312971,0.0136549 ,0.01418009,0.01470528,0.01523047,0.01575565,0.01628084,0.01680603,0.01733122,0.01785641,0.0183816 ,0.01890678,0.01943197,0.01995716,0.02048235,0.02100754
ilul:5.06227381e-01,5.24481783e-03,2.30664302e-03,1.56463362e-03,1.52417910e-03,1.93902179e-03,1.46460063e-03,1.98800853e-03,1.86841027e-03,9.51931568e-04,4.58533565e-04,2.21543647e-04,4.34702176e-04,3.58794791e-04,1.39604861e-04,1.19745371e-04,8.42925032e-05,1.76970125e-04,8.66462206e-05,1.52991629e-05,1.61818069e-04,6.17850809e-06,2.11246134e-04,1.51520556e-05,1.57404849e-05,8.60577913e-05,2.13599851e-04,1.07829677e-04,6.84049110e-05,1.11801575e-04,1.64760216e-05,1.75057729e-05,3.70710485e-05,3.88363366e-05,1.83001525e-04,0.00000000e+00,4.60004638e-04,0.00000000e+00,1.54315595e-04,5.10021132e-04
ilul_bin_edges: 0.        , 1.88825025, 3.7765005 , 5.66475075, 7.553001  , 9.44125125,11.3295015 ,13.21775175,15.106002  ,16.99425225,18.8825025 ,20.77075275,22.659003  ,24.54725325,26.4355035 ,28.32375375,30.212004  ,32.10025425,33.9885045 ,35.87675475,37.765005  ,39.65325525,41.5415055 ,43.42975575,45.318006  ,47.20625625,49.0945065 ,50.98275675,52.871007  ,54.75925725,56.6475075 ,58.53575775,60.424008  ,62.31225825,64.2005085 ,66.08875875,67.977009  ,69.86525925,71.7535095 ,73.64175975,75.53001   
ildl:1.94872375e+00,2.18548376e-03,1.98393117e-03,1.37219182e-03,8.00218257e-04,9.08076130e-04,7.49013005e-04,4.91897268e-04,4.41781489e-04,6.79286703e-04,3.13768357e-04,2.77815733e-04,2.62018367e-04,2.22252586e-04,2.08634168e-04,1.39997340e-04,1.29647342e-04,1.21476291e-04,2.14081535e-04,8.98815606e-05,7.51736688e-05,6.31894608e-05,9.69631381e-05,6.86368281e-05,5.55631465e-05,5.66526200e-05,4.63026221e-05,4.24894650e-05,3.37736773e-05,3.21394671e-05,3.10499936e-05,3.21394671e-05,3.32289406e-05,1.30736815e-05,1.30736815e-05,1.19842081e-05,1.19842081e-05,1.08947346e-05,1.25289448e-05,1.25289448e-05
ildl_bin_edges: 0.        , 0.50992607, 1.01985215, 1.52977822, 2.0397043 , 2.54963038, 3.05955645, 3.56948252, 4.0794086 , 4.58933467, 5.09926075, 5.60918683, 6.1191129 , 6.62903897, 7.13896505, 7.64889112, 8.1588172 , 8.66874327, 9.17866935, 9.68859542,10.1985215 ,10.70844757,11.21837365,11.72829972,12.2382258 ,12.74815187,13.25807795,13.76800402,14.2779301 ,14.78785617,15.29778225,15.80770833,16.3176344 ,16.82756047,17.33748655,17.84741263,18.3573387 ,18.86726477,19.37719085,19.88711693,20.397043  
eul:2.35069987e+02,0.00000000e+00,0.00000000e+00,0.00000000e+00,0.00000000e+00,0.00000000e+00,0.00000000e+00,0.00000000e+00,0.00000000e+00,0.00000000e+00,0.00000000e+00,0.00000000e+00,0.00000000e+00,0.00000000e+00,0.00000000e+00,0.00000000e+00,0.00000000e+00,0.00000000e+00,0.00000000e+00,0.00000000e+00,0.00000000e+00,0.00000000e+00,0.00000000e+00,0.00000000e+00,0.00000000e+00,0.00000000e+00,0.00000000e+00,0.00000000e+00,5.92524452e-04,1.31672100e-04,1.64590125e-03,3.81849091e-03,1.31672100e-04,9.50672565e-02,1.83419236e+00,5.92524452e-04,1.05337680e-03,3.81849091e-03,0.00000000e+00,7.24196552e-04
eul_bin_edges:0.       ,0.0042192,0.0084384,0.0126576,0.0168768,0.021096 ,0.0253152,0.0295344,0.0337536,0.0379728,0.042192 ,0.0464112,0.0506304,0.0548496,0.0590688,0.063288 ,0.0675072,0.0717264,0.0759456,0.0801648,0.084384 ,0.0886032,0.0928224,0.0970416,0.1012608,0.10548  ,0.1096992,0.1139184,0.1181376,0.1223568,0.126576 ,0.1307952,0.1350144,0.1392336,0.1434528,0.147672 ,0.1518912,0.1561104,0.1603296,0.1645488,0.168768 
edl:2.38255512e+02,0.00000000e+00,0.00000000e+00,0.00000000e+00,0.00000000e+00,0.00000000e+00,0.00000000e+00,0.00000000e+00,0.00000000e+00,0.00000000e+00,0.00000000e+00,0.00000000e+00,0.00000000e+00,0.00000000e+00,0.00000000e+00,0.00000000e+00,0.00000000e+00,0.00000000e+00,0.00000000e+00,0.00000000e+00,0.00000000e+00,0.00000000e+00,0.00000000e+00,0.00000000e+00,0.00000000e+00,0.00000000e+00,0.00000000e+00,0.00000000e+00,6.62316316e-05,6.62316316e-05,0.00000000e+00,1.98694895e-04,0.00000000e+00,2.05318058e-03,1.76838456e-01,7.94779579e-04,0.00000000e+00,1.98694895e-04,0.00000000e+00,1.32463263e-04
edl_bin_edges:0.      ,0.004194,0.008388,0.012582,0.016776,0.02097 ,0.025164,0.029358,0.033552,0.037746,0.04194 ,0.046134,0.050328,0.054522,0.058716,0.06291 ,0.067104,0.071298,0.075492,0.079686,0.08388 ,0.088074,0.092268,0.096462,0.100656,0.10485 ,0.109044,0.113238,0.117432,0.121626,0.12582 ,0.130014,0.134208,0.138402,0.142596,0.14679 ,0.150984,0.155178,0.159372,0.163566,0.16776 
gul:6.84561854e-01,0.00000000e+00,6.95551569e-04,4.17330941e-03,2.08665471e-03,2.08665471e-03,6.95551569e-04,1.39110314e-03,2.78220628e-03,9.04217040e-03,1.57913391e-01,1.71055374e+01,6.52723677e+01,1.99994261e-01,1.31227396e-02,2.08665471e-03,6.95551569e-04,0.00000000e+00,1.39110314e-03,2.08665471e-03,0.00000000e+00,1.39110314e-03,0.00000000e+00,6.95551569e-04,6.95551569e-04,0.00000000e+00,6.95551569e-04,0.00000000e+00,0.00000000e+00,0.00000000e+00,0.00000000e+00,0.00000000e+00,0.00000000e+00,0.00000000e+00,0.00000000e+00,0.00000000e+00,0.00000000e+00,0.00000000e+00,0.00000000e+00,6.95551569e-04
gul_bin_edges:0.        ,0.0119808 ,0.0239616 ,0.0359424 ,0.0479232 ,0.059904  ,0.0718848 ,0.0838656 ,0.0958464 ,0.1078272 ,0.119808  ,0.13178879,0.14376959,0.15575039,0.16773119,0.17971199,0.19169279,0.20367359,0.21565439,0.22763519,0.23961599,0.25159679,0.26357759,0.27555839,0.28753919,0.29951999,0.31150079,0.32348159,0.33546239,0.34744319,0.35942399,0.37140478,0.38338558,0.39536638,0.40734718,0.41932798,0.43130878,0.44328958,0.45527038,0.46725118,0.47923198
gdl:6.38516340e-02,0.00000000e+00,6.95551569e-04,4.17330941e-03,2.08665471e-03,2.08665471e-03,6.95551569e-04,1.39110314e-03,2.78220628e-03,9.04217040e-03,1.59211754e-01,1.72254737e+01,6.57701507e+01,2.01617215e-01,1.31922948e-02,2.08665471e-03,6.95551569e-04,0.00000000e+00,1.39110314e-03,2.08665471e-03,0.00000000e+00,1.39110314e-03,0.00000000e+00,6.95551569e-04,6.95551569e-04,0.00000000e+00,6.95551569e-04,0.00000000e+00,0.00000000e+00,0.00000000e+00,0.00000000e+00,0.00000000e+00,0.00000000e+00,0.00000000e+00,0.00000000e+00,0.00000000e+00,0.00000000e+00,0.00000000e+00,0.00000000e+00,6.95551569e-04
gdl_bin_edges:0.        ,0.0119808 ,0.0239616 ,0.0359424 ,0.0479232 ,0.059904  ,0.0718848 ,0.0838656 ,0.0958464 ,0.1078272 ,0.119808  ,0.13178879,0.14376959,0.15575039,0.16773119,0.17971199,0.19169279,0.20367359,0.21565439,0.22763519,0.23961599,0.25159679,0.26357759,0.27555839,0.28753919,0.29951999,0.31150079,0.32348159,0.33546239,0.34744319,0.35942399,0.37140478,0.38338558,0.39536638,0.40734718,0.41932798,0.43130878,0.44328958,0.45527038,0.46725118,0.47923198
ri:34.55206207, 0.        , 0.        , 0.        , 0.        , 0.        , 0.        , 0.        , 0.        , 0.        , 0.        , 0.        , 0.        , 0.        , 0.        , 0.        , 0.        , 0.        , 0.        , 0.        , 0.        , 0.        , 0.        , 0.        , 0.        , 0.        , 0.        , 0.        , 0.        , 0.        , 0.        , 0.        , 0.        , 0.        , 0.        , 0.        , 0.        , 0.        , 0.        , 5.44793793
ri_bin_edges:1.   ,1.025,1.05 ,1.075,1.1  ,1.125,1.15 ,1.175,1.2  ,1.225,1.25 ,1.275,1.3  ,1.325,1.35 ,1.375,1.4  ,1.425,1.45 ,1.475,1.5  ,1.525,1.55 ,1.575,1.6  ,1.625,1.65 ,1.675,1.7  ,1.725,1.75 ,1.775,1.8  ,1.825,1.85 ,1.875,1.9  ,1.925,1.95 ,1.975,2.   
