period:1.0
ue_log_freq:1000
mac_log_freq:1000
mimo_layers:1
frequency:28000000000.0
bandwidth:300000000.0
ue_speed:0.27778
max_distance:10.0
shannon_cfg_bandwidth_mhz:300.0
shannon_cfg_mimo_layers:1
shannon_cfg_bw_efficiency:0.67
shannon_cfg_sinr_offset_db:0.0
shannon_cfg_ul_divisor:2.0
shannon_cfg_sinr_sample_rate:1000
n_ue:30
sinr_period:16.304296531427745
sinr_rate:61.33352629304954
ul_fairness:0.9999961594916159
dl_fairness:0.9999972122854557
ul_agg_throughput:172.3787790098517
dl_agg_throughput:322.91905107324556
ul_ave_throughput:5.745959300328391
dl_ave_throughput:10.763968369108186
ul_se:0.574595930032839
dl_se:1.0763968369108183
ul_ase:0.0018289956509042235
dl_ase:0.003426277546456749
ul_gr:14.556062902143939, 14.555067945246318, 14.56926937122699, 14.542945867388765, 14.5436911534544, 14.54375450276998, 14.567178843812885, 14.541090105085335, 14.545654982237348, 14.566534171366108, 14.552519066901848, 14.552451991155937, 14.55246689687725, 14.541198171564854, 14.550898069709088, 14.540482696941844, 14.569533947780288, 14.56352694209127, 14.558868904181056, 14.561782972697687, 14.55885772489007, 14.531520632002584, 14.545982908106227, 14.555988373537378, 14.553711524606863, 14.548591409335948, 14.538414528109707, 14.54105656721238, 14.545539462897178, 14.542055250540335
dl_gr:27.012822646759247, 27.01607582043574, 27.033347825006835, 27.044847588999577, 27.03492410503565, 27.014052368767544, 27.052740168434656, 27.03916478274911, 27.015352892952077, 27.035483069584878, 27.033835987379824, 27.059179440041735, 27.018397386530197, 27.036925198121875, 27.037256850421084, 27.02136735150175, 27.023506322510123, 27.012874816783842, 27.04444886095446, 27.03010210419099, 27.011987926365737, 27.03006856631804, 27.05288922564778, 27.036861848806296, 27.03578118401113, 27.014577795443813, 27.018188706431815, 27.01620997192756, 27.015893225349664, 27.016127990460344
ul_tr:14.282560662559314, 14.282564083422354, 14.293204742503667, 14.271919433334164, 14.27192190395747, 14.271920573621845, 14.293204742503667, 14.27191905323827, 14.271919623382107, 14.29320341216804, 14.282562372990833, 14.282560282463422, 14.282560472511367, 14.271919433334165, 14.282559522271633, 14.271912781656027, 14.29320170173652, 14.293199611209104, 14.282556861600378, 14.282558191936008, 14.28673468998584, 14.262427054629471, 14.277121670931361, 14.282561612799048, 14.2825614227511, 14.27191905323827, 14.261277063821334, 14.27191905323827, 14.271918293046483, 14.27192019352595
dl_tr:26.73537133480734, 26.735372337465524, 26.755300216132955, 26.775235113407692, 26.755298210816584, 26.73537133480734, 26.77524313467319, 26.75529971480386, 26.735364316200034, 26.755303725436608, 26.755304226765702, 26.77523160410404, 26.735369830820066, 26.755298210816584, 26.755289688221996, 26.735344764365383, 26.75708174570839, 26.733536287978534, 26.761018048145477, 26.743865690259106, 26.729145804536305, 26.751193524706224, 26.77113042729734, 26.75530522942389, 26.755303224107514, 26.7353743427819, 26.73537233746553, 26.735369329490965, 26.7353663215164, 26.735368326832777
ul_er:358.0824795667404, 358.08347452363796, 358.07766501875636, 358.0955966014956, 358.09485131542993, 358.0947879661143, 358.0713636250714, 358.097452363799, 358.09288748664693, 358.0720082975182, 358.08602340198246, 358.0860904777284, 358.0860755720071, 358.0973442973194, 358.0876443991752, 358.0980597719425, 358.069008521104, 358.07501552679304, 358.0796735647033, 358.0767594961866, 358.0796847439943, 358.1070218368817, 358.0925595607781, 358.08255409534695, 358.0848309442774, 358.08995105954835, 358.1085198618737, 358.0974859016719, 358.09300300598716, 358.09648721834395
dl_er:345.62571982212506, 345.62246664844855, 345.6051946438775, 345.6020868009838, 345.6036183638487, 345.62449010011676, 345.5858023004497, 345.5993776861352, 345.6231895759322, 345.6030593992994, 345.6047064815045, 345.5793630288426, 345.62014508235416, 345.6016172707624, 345.6012856184632, 345.61717511738254, 345.62342806747324, 345.62566765210045, 345.59409360792984, 345.6084403646933, 345.6265545425186, 345.60847390256623, 345.58565324323655, 345.601680620078, 345.60276128487317, 345.62396467344047, 345.62035376245245, 345.62233249695674, 345.6226492435346, 345.622414478424
ul_er_ratio:0.9616436584547137, 0.9616437521078713, 0.9616156743096806, 0.9616724907013661, 0.961672407608858, 0.9616724045240503, 0.9616150247453342, 0.961672682694264, 0.9616722113613574, 0.9616150946364138, 0.9616440190751699, 0.9616440313831319, 0.9616440293569628, 0.9616726705895428, 0.9616441934079005, 0.961672761410423, 0.9616147898220319, 0.9616154144469287, 0.9616433792298194, 0.9616430756168195, 0.9616325910598958, 0.9616981814778666, 0.9616587429360358, 0.961643663677686, 0.9616438986991823, 0.9616719105828012, 0.9617013055796597, 0.9616726861462572, 0.9616722266875799, 0.9616725804084125
dl_er_ratio:0.9282004162901659, 0.9281997865003269, 0.9281467809140396, 0.9280964936968873, 0.9281464817414903, 0.9282001791713531, 0.928093329141385, 0.9281456596663222, 0.9281999458942336, 0.9281463601329834, 0.9281466767178512, 0.9280921143715225, 0.9281993450881096, 0.9281460955916093, 0.9281460528360874, 0.928198834876004, 0.9281458587638434, 0.9282049805534535, 0.9281303862618563, 0.9281759096012898, 0.9282160961155601, 0.9281576500765052, 0.9281035512139755, 0.9281460903214053, 0.9281463038557012, 0.9282000703583344, 0.9281993790789956, 0.9281997681306131, 0.9281998367056886, 0.9281997864381544
ul_er_perc:96.16436584547137, 96.16437521078713, 96.16156743096806, 96.1672490701366, 96.1672407608858, 96.16724045240504, 96.16150247453342, 96.1672682694264, 96.16722113613574, 96.16150946364138, 96.16440190751699, 96.16440313831319, 96.16440293569627, 96.16726705895428, 96.16441934079005, 96.16727614104231, 96.16147898220319, 96.16154144469287, 96.16433792298193, 96.16430756168195, 96.16325910598958, 96.16981814778666, 96.16587429360358, 96.1643663677686, 96.16438986991824, 96.16719105828012, 96.17013055796598, 96.16726861462573, 96.16722266875799, 96.16725804084125
dl_er_perc:92.82004162901659, 92.81997865003268, 92.81467809140396, 92.80964936968873, 92.81464817414903, 92.82001791713532, 92.8093329141385, 92.81456596663222, 92.81999458942336, 92.81463601329834, 92.81466767178512, 92.80921143715226, 92.81993450881096, 92.81460955916093, 92.81460528360874, 92.81988348760039, 92.81458587638434, 92.82049805534534, 92.81303862618563, 92.81759096012898, 92.82160961155601, 92.81576500765053, 92.81035512139755, 92.81460903214052, 92.81463038557011, 92.82000703583344, 92.81993790789956, 92.81997681306132, 92.81998367056886, 92.81997864381543
ul_l:0.00015333809591583234, 0.00015649922577696073, 0.00015455060728641345, 0.00015378878440116265, 0.00015662162377214122, 0.00015539213723697614, 0.00015407111528581722, 0.0001537780923508807, 0.00015344325248304474, 0.00015152629854420788, 0.00015420985020743794, 0.00015296543980076018, 0.0001526870350781308, 0.00015324644940998186, 0.00015200971600377614, 0.0001501394079223909, 0.00015206715803045735, 0.00015137151479889698, 0.00014915745551387472, 0.00015069998532780165, 0.00014845363593272553, 0.00015131581625965767, 0.00014966367535090554, 0.00015375486772662905, 0.00015454997641418033, 0.00015389939721759867, 0.00015294884026283755, 0.00015360678210816586, 0.0001535134441184508, 0.00015508738488063
dl_l:0.0001554276340198246, 0.00015772177670981044, 0.0001535323446103396, 0.00015393551110724665, 0.00015339571160907263, 0.00015460239251484362, 0.0001552190697289643, 0.0001529484939358557, 0.00015404064278190448, 0.00015432694669465627, 0.00015431681986932653, 0.00015198067255856707, 0.00015484396711797877, 0.00015253257483665813, 0.0001503323814895784, 0.0001458867606215686, 0.0001511125041860234, 0.00014720251280153033, 0.00014776442774700024, 0.00015120547312995306, 0.00014812438913869774, 0.0001487626272377214, 0.00014904559760266318, 0.00015540073988771022, 0.000154517392119842, 0.00015720050997192756, 0.0001557674785779942, 0.00015484434804859264, 0.00015383580633244727, 0.00015452809716542864
ul_il:0.05998470562815194, 0.06086173091073958, 0.06039817080751744, 0.06025015192308648, 0.06093314087322684, 0.060542941373810645, 0.0603364632586391, 0.06021667725600577, 0.06030184825188185, 0.06005907580987753, 0.06036782681559138, 0.05988337295980425, 0.059940587374357195, 0.0602828670673987, 0.059647954804337565, 0.058636956584875666, 0.05963424631195191, 0.05906945589806971, 0.05899483724040444, 0.05934518435503938, 0.05842024048537251, 0.05879224394315704, 0.058569569574781995, 0.06018964163093434, 0.060135668969269376, 0.060203717741311204, 0.060367219083173926, 0.06016898493702333, 0.059988372985466915, 0.06047196541934763
dl_il:0.032952873544332094, 0.03304334223486448, 0.03259921776873773, 0.032501844604377314, 0.032483503789108886, 0.0329633932929968, 0.032914817791791916, 0.03255210285705413, 0.032636223529351846, 0.03277961776391822, 0.03280104323397014, 0.03231602205977194, 0.032901096500906765, 0.032464998562492235, 0.03206247298802573, 0.031613552764800136, 0.03192012473767421, 0.0316064850590838, 0.031386132764911936, 0.03194094729361538, 0.03157899702683775, 0.031454766129329494, 0.03151788243395275, 0.03283993418572529, 0.032703843209450224, 0.033109544981492066, 0.03304562036692918, 0.032884712894765605, 0.03271003504089136, 0.032855369903833254
sinr_ul:0.00614033,0.01670459,0.02529205,0.0302913 ,0.03404175,0.04560122,0.06629076,0.07707724,0.09691334,0.1079493 ,0.09436668,0.09045399,0.08661493,0.07588843,0.0721039 ,0.06673111,0.06332011,0.05059365,0.02755514,0.01922398,0.01659416,0.01674685,0.01719947,0.01836101,0.01891724,0.01948437,0.02062409,0.02082041,0.02161385,0.02301533,0.02534659,0.03105475,0.03420126,0.03036083,0.03285977,0.0318741 ,0.03195998,0.03749637,0.02639088,0.01823967
sinr_ul_bin_edges:50.02638   ,50.63379725,51.2412145 ,51.84863175,52.456049  ,53.06346625,53.6708835 ,54.27830075,54.885718  ,55.49313525,56.1005525 ,56.70796975,57.315387  ,57.92280425,58.5302215 ,59.13763875,59.745056  ,60.35247325,60.9598905 ,61.56730775,62.174725  ,62.78214225,63.3895595 ,63.99697675,64.604394  ,65.21181125,65.8192285 ,66.42664575,67.034063  ,67.64148025,68.2488975 ,68.85631475,69.463732  ,70.07114925,70.6785665 ,71.28598375,71.893401  ,72.50081825,73.1082355 ,73.71565275,74.32307   
sinr_dl:0.00547524,0.016423  ,0.02510519,0.03010361,0.03422877,0.04490406,0.06609934,0.07649671,0.09598225,0.10815611,0.09449594,0.09088438,0.08684504,0.07639181,0.07156641,0.06731863,0.06338283,0.05092152,0.02748519,0.01970487,0.01650883,0.01679901,0.01712324,0.01839703,0.01886976,0.01950461,0.02058903,0.02079475,0.02153041,0.02305895,0.02527957,0.03091965,0.03426692,0.03026437,0.03308986,0.03219344,0.03153543,0.03766187,0.02597572,0.0188139 
sinr_dl_bin_edges:35.276917  ,35.88476532,36.49261365,37.10046197,37.7083103 ,38.31615862,38.92400695,39.53185527,40.1397036 ,40.74755192,41.35540025,41.96324858,42.5710969 ,43.17894522,43.78679355,44.39464187,45.0024902 ,45.61033853,46.21818685,46.82603518,47.4338835 ,48.04173182,48.64958015,49.25742847,49.8652768 ,50.47312513,51.08097345,51.68882178,52.2966701 ,52.90451843,53.51236675,54.12021508,54.7280634 ,55.33591173,55.94376005,56.55160838,57.1594567 ,57.76730503,58.37515335,58.98300168,59.59085   
rsrp_ul:0.00544479,0.01635617,0.02510707,0.03010233,0.03425029,0.04483338,0.06602407,0.07650499,0.09591798,0.10818613,0.09454487,0.09080421,0.0869464 ,0.07634152,0.07153833,0.06744759,0.06334458,0.05095111,0.02745826,0.01972358,0.0165319 ,0.01678119,0.01714762,0.01837771,0.01885857,0.01952333,0.02055862,0.02082017,0.02153806,0.02303105,0.0252937 ,0.03088425,0.03431432,0.03028623,0.03305835,0.03226281,0.03145774,0.03765312,0.02597208,0.01882452
rsrp_ul_bin_edges:-105.838165  ,-105.23026338,-104.62236175,-104.01446012,-103.4065585 ,-102.79865688,-102.19075525,-101.58285362,-100.974952  ,-100.36705038, -99.75914875, -99.15124712, -98.5433455 , -97.93544388, -97.32754225, -96.71964062, -96.111739  , -95.50383738, -94.89593575, -94.28803412, -93.6801325 , -93.07223088, -92.46432925, -91.85642762, -91.248526  , -90.64062438, -90.03272275, -89.42482112, -88.8169195 , -88.20901788, -87.60111625, -86.99321462, -86.385313  , -85.77741137, -85.16950975, -84.56160812, -83.9537065 , -83.34580487, -82.73790325, -82.13000162, -81.5221    
rsrp_dl:0.00544479,0.01635617,0.02510707,0.03010233,0.03425029,0.04483338,0.06602407,0.07650363,0.09591934,0.10818613,0.09454487,0.09080421,0.0869464 ,0.07634152,0.07153833,0.06744759,0.06334458,0.05095111,0.02745826,0.01972358,0.0165319 ,0.01678119,0.01714762,0.01837771,0.01885993,0.01952197,0.02055862,0.02082017,0.02153942,0.02302969,0.0252937 ,0.03088425,0.03431432,0.03028759,0.03305699,0.03226281,0.03145774,0.03765312,0.02597208,0.01882452
rsrp_dl_bin_edges:-115.838165  ,-115.23026338,-114.62236175,-114.01446012,-113.4065585 ,-112.79865688,-112.19075525,-111.58285362,-110.974952  ,-110.36705038,-109.75914875,-109.15124712,-108.5433455 ,-107.93544388,-107.32754225,-106.71964062,-106.111739  ,-105.50383738,-104.89593575,-104.28803412,-103.6801325 ,-103.07223088,-102.46432925,-101.85642762,-101.248526  ,-100.64062438,-100.03272275, -99.42482112, -98.8169195 , -98.20901788, -97.60111625, -96.99321462, -96.385313  , -95.77741137, -95.16950975, -94.56160812, -93.9537065 , -93.34580487, -92.73790325, -92.13000162, -91.5221    
cqi_ul: 0., 0., 0., 0., 0., 0., 0., 0., 0., 0., 0., 0., 0., 0., 0., 0., 0., 0., 0., 0.,40., 0., 0., 0., 0., 0., 0., 0., 0., 0., 0., 0., 0., 0., 0., 0., 0., 0., 0., 0.
cqi_ul_bin_edges:14.5  ,14.525,14.55 ,14.575,14.6  ,14.625,14.65 ,14.675,14.7  ,14.725,14.75 ,14.775,14.8  ,14.825,14.85 ,14.875,14.9  ,14.925,14.95 ,14.975,15.   ,15.025,15.05 ,15.075,15.1  ,15.125,15.15 ,15.175,15.2  ,15.225,15.25 ,15.275,15.3  ,15.325,15.35 ,15.375,15.4  ,15.425,15.45 ,15.475,15.5  
cqi_dl: 0., 0., 0., 0., 0., 0., 0., 0., 0., 0., 0., 0., 0., 0., 0., 0., 0., 0., 0., 0.,40., 0., 0., 0., 0., 0., 0., 0., 0., 0., 0., 0., 0., 0., 0., 0., 0., 0., 0., 0.
cqi_dl_bin_edges:14.5  ,14.525,14.55 ,14.575,14.6  ,14.625,14.65 ,14.675,14.7  ,14.725,14.75 ,14.775,14.8  ,14.825,14.85 ,14.875,14.9  ,14.925,14.95 ,14.975,15.   ,15.025,15.05 ,15.075,15.1  ,15.125,15.15 ,15.175,15.2  ,15.225,15.25 ,15.275,15.3  ,15.325,15.35 ,15.375,15.4  ,15.425,15.45 ,15.475,15.5  
mcs_ul: 0., 0., 0., 0., 0., 0., 0., 0., 0., 0., 0., 0., 0., 0., 0., 0., 0., 0., 0., 0.,40., 0., 0., 0., 0., 0., 0., 0., 0., 0., 0., 0., 0., 0., 0., 0., 0., 0., 0., 0.
mcs_ul_bin_edges:27.5  ,27.525,27.55 ,27.575,27.6  ,27.625,27.65 ,27.675,27.7  ,27.725,27.75 ,27.775,27.8  ,27.825,27.85 ,27.875,27.9  ,27.925,27.95 ,27.975,28.   ,28.025,28.05 ,28.075,28.1  ,28.125,28.15 ,28.175,28.2  ,28.225,28.25 ,28.275,28.3  ,28.325,28.35 ,28.375,28.4  ,28.425,28.45 ,28.475,28.5  
mcs_dl: 0., 0., 0., 0., 0., 0., 0., 0., 0., 0., 0., 0., 0., 0., 0., 0., 0., 0., 0., 0.,40., 0., 0., 0., 0., 0., 0., 0., 0., 0., 0., 0., 0., 0., 0., 0., 0., 0., 0., 0.
mcs_dl_bin_edges:27.5  ,27.525,27.55 ,27.575,27.6  ,27.625,27.65 ,27.675,27.7  ,27.725,27.75 ,27.775,27.8  ,27.825,27.85 ,27.875,27.9  ,27.925,27.95 ,27.975,28.   ,28.025,28.05 ,28.075,28.1  ,28.125,28.15 ,28.175,28.2  ,28.225,28.25 ,28.275,28.3  ,28.325,28.35 ,28.375,28.4  ,28.425,28.45 ,28.475,28.5  
eff_ul: 0., 0., 0., 0., 0., 0., 0., 0., 0., 0., 0., 0., 0., 0., 0., 0., 0., 0., 0., 0.,40., 0., 0., 0., 0., 0., 0., 0., 0., 0., 0., 0., 0., 0., 0., 0., 0., 0., 0., 0.
eff_ul_bin_edges:5.054651,5.079651,5.104651,5.129651,5.154651,5.179651,5.204651,5.229651,5.254651,5.279651,5.304651,5.329651,5.354651,5.379651,5.404651,5.429651,5.454651,5.479651,5.504651,5.529651,5.554651,5.579651,5.604651,5.629651,5.654651,5.679651,5.704651,5.729651,5.754651,5.779651,5.804651,5.829651,5.854651,5.879651,5.904651,5.929651,5.954651,5.979651,6.004651,6.029651,6.054651
eff_dl: 0., 0., 0., 0., 0., 0., 0., 0., 0., 0., 0., 0., 0., 0., 0., 0., 0., 0., 0., 0.,40., 0., 0., 0., 0., 0., 0., 0., 0., 0., 0., 0., 0., 0., 0., 0., 0., 0., 0., 0.
eff_dl_bin_edges:5.054651,5.079651,5.104651,5.129651,5.154651,5.179651,5.204651,5.229651,5.254651,5.279651,5.304651,5.329651,5.354651,5.379651,5.404651,5.429651,5.454651,5.479651,5.504651,5.529651,5.554651,5.579651,5.604651,5.629651,5.654651,5.679651,5.704651,5.729651,5.754651,5.779651,5.804651,5.829651,5.854651,5.879651,5.904651,5.929651,5.954651,5.979651,6.004651,6.029651,6.054651
rul:4.51873592e-02,0.00000000e+00,3.86600372e-08,0.00000000e+00,0.00000000e+00,3.86600372e-08,3.86600372e-08,7.73200744e-08,7.73200744e-08,0.00000000e+00,0.00000000e+00,0.00000000e+00,0.00000000e+00,3.86600372e-08,0.00000000e+00,0.00000000e+00,0.00000000e+00,0.00000000e+00,0.00000000e+00,0.00000000e+00,1.43966112e-03,0.00000000e+00,0.00000000e+00,0.00000000e+00,0.00000000e+00,0.00000000e+00,0.00000000e+00,0.00000000e+00,0.00000000e+00,0.00000000e+00,0.00000000e+00,0.00000000e+00,0.00000000e+00,0.00000000e+00,0.00000000e+00,0.00000000e+00,0.00000000e+00,0.00000000e+00,0.00000000e+00,5.81446959e-05
rul_bin_edges:  0.        , 21.41993875, 42.8398775 , 64.25981625, 85.679755  ,107.09969375,128.5196325 ,149.93957125,171.35951   ,192.77944875,214.1993875 ,235.61932625,257.039265  ,278.45920375,299.8791425 ,321.29908125,342.71902   ,364.13895875,385.5588975 ,406.97883625,428.398775  ,449.81871375,471.2386525 ,492.65859125,514.07853   ,535.49846875,556.9184075 ,578.33834625,599.758285  ,621.17822375,642.5981625 ,664.01810125,685.43804   ,706.85797875,728.2779175 ,749.69785625,771.117795  ,792.53773375,813.9576725 ,835.37761125,856.79755   
rdl:2.41228407e-02,2.06376388e-08,0.00000000e+00,8.25505553e-08,1.03188194e-07,4.12752777e-08,0.00000000e+00,6.19129165e-08,0.00000000e+00,0.00000000e+00,0.00000000e+00,0.00000000e+00,2.06376388e-08,0.00000000e+00,2.06376388e-08,0.00000000e+00,0.00000000e+00,0.00000000e+00,0.00000000e+00,0.00000000e+00,7.66667645e-04,0.00000000e+00,0.00000000e+00,0.00000000e+00,0.00000000e+00,0.00000000e+00,0.00000000e+00,0.00000000e+00,0.00000000e+00,0.00000000e+00,0.00000000e+00,0.00000000e+00,0.00000000e+00,0.00000000e+00,0.00000000e+00,0.00000000e+00,0.00000000e+00,0.00000000e+00,0.00000000e+00,3.19470649e-05
rdl_bin_edges:   0.       ,  40.1255025,  80.251005 , 120.3765075, 160.50201  , 200.6275125, 240.753015 , 280.8785175, 321.00402  , 361.1295225, 401.255025 , 441.3805275, 481.50603  , 521.6315325, 561.757035 , 601.8825375, 642.00804  , 682.1335425, 722.259045 , 762.3845475, 802.51005  , 842.6355525, 882.761055 , 922.8865575, 963.01206  ,1003.1375625,1043.263065 ,1083.3885675,1123.51407  ,1163.6395725,1203.765075 ,1243.8905775,1284.01608  ,1324.1415825,1364.267085 ,1404.3925875,1444.51809  ,1484.6435925,1524.769095 ,1564.8945975,1605.0201   
lul:4.09080079e+03,0.00000000e+00,0.00000000e+00,0.00000000e+00,0.00000000e+00,0.00000000e+00,0.00000000e+00,0.00000000e+00,0.00000000e+00,0.00000000e+00,0.00000000e+00,0.00000000e+00,2.43241931e+00,2.59691385e+00,6.82477359e-01,2.90490363e-01,1.74994195e-01,4.43435289e+00,2.38377092e+01,3.34658898e+01,2.35087201e+01,1.90008697e+01,1.26170814e+01,7.08026512e+00,4.47285162e+00,8.25972599e-01,1.11996285e-01,3.49988389e-02,1.04996517e-02,2.44991873e-02,0.00000000e+00,0.00000000e+00,0.00000000e+00,1.04996517e-02,3.49988389e-03,0.00000000e+00,0.00000000e+00,0.00000000e+00,3.49988389e-03,3.49988389e-03
lul_bin_edges:0.        ,0.00023661,0.00047321,0.00070982,0.00094643,0.00118303,0.00141964,0.00165625,0.00189285,0.00212946,0.00236607,0.00260267,0.00283928,0.00307589,0.00331249,0.0035491 ,0.00378571,0.00402231,0.00425892,0.00449553,0.00473213,0.00496874,0.00520535,0.00544195,0.00567856,0.00591517,0.00615177,0.00638838,0.00662498,0.00686159,0.0070982 ,0.0073348 ,0.00757141,0.00780802,0.00804462,0.00828123,0.00851784,0.00875444,0.00899105,0.00922766,0.00946426
ldl:4.09093029e+03,0.00000000e+00,0.00000000e+00,0.00000000e+00,0.00000000e+00,0.00000000e+00,0.00000000e+00,0.00000000e+00,0.00000000e+00,0.00000000e+00,0.00000000e+00,0.00000000e+00,2.33442256e+00,2.55491524e+00,6.96476895e-01,2.76490828e-01,1.85493846e-01,4.51135034e+00,2.39707048e+01,3.34168914e+01,2.35087201e+01,1.90078694e+01,1.25505836e+01,6.97176872e+00,4.43435289e+00,8.46971902e-01,1.29495704e-01,3.49988389e-02,1.74994195e-02,2.44991873e-02,0.00000000e+00,0.00000000e+00,3.49988389e-03,6.99976779e-03,3.49988389e-03,0.00000000e+00,0.00000000e+00,0.00000000e+00,0.00000000e+00,6.99976779e-03
ldl_bin_edges:0.        ,0.00023661,0.00047321,0.00070982,0.00094643,0.00118303,0.00141964,0.00165625,0.00189285,0.00212946,0.00236607,0.00260267,0.00283928,0.00307589,0.00331249,0.0035491 ,0.00378571,0.00402231,0.00425892,0.00449553,0.00473213,0.00496874,0.00520535,0.00544195,0.00567856,0.00591517,0.00615177,0.00638838,0.00662498,0.00686159,0.0070982 ,0.0073348 ,0.00757141,0.00780802,0.00804462,0.00828123,0.00851784,0.00875444,0.00899105,0.00922766,0.00946426
ilul:1.75593657e+01,4.65695935e-04,4.20628586e-04,4.05606137e-04,3.75561238e-04,3.60538788e-04,4.05606137e-04,3.15471440e-04,3.45516339e-04,3.60538788e-04,3.75561238e-04,3.00448990e-04,3.60538788e-04,3.30493889e-04,3.60538788e-04,3.30493889e-04,3.15471440e-04,3.45516339e-04,3.75561238e-04,2.85426541e-04,3.00448990e-04,3.90583687e-04,3.75561238e-04,3.30493889e-04,3.45516339e-04,3.45516339e-04,3.75561238e-04,3.45516339e-04,3.45516339e-04,5.10763283e-04,5.51323897e-03,3.59787666e-02,9.38302196e-02,1.12202675e-01,1.37996221e-01,1.10309847e-01,5.88579571e-02,1.40760352e-02,2.10314293e-03,2.25336743e-04
ilul_bin_edges:0.        ,0.05512388,0.11024775,0.16537163,0.2204955 ,0.27561937,0.33074325,0.38586713,0.440991  ,0.49611488,0.55123875,0.60636263,0.6614865 ,0.71661038,0.77173425,0.82685812,0.881982  ,0.93710588,0.99222975,1.04735362,1.1024775 ,1.15760138,1.21272525,1.26784913,1.322973  ,1.37809687,1.43322075,1.48834463,1.5434685 ,1.59859238,1.65371625,1.70884013,1.763964  ,1.81908788,1.87421175,1.92933562,1.9844595 ,2.03958338,2.09470725,2.14983112,2.204955  
ildl:3.00617966e+01,4.88639085e-04,4.62921238e-04,4.11485545e-04,4.88639085e-04,4.11485545e-04,3.85767699e-04,3.60049852e-04,3.85767699e-04,3.34332005e-04,4.62921238e-04,3.85767699e-04,3.85767699e-04,3.60049852e-04,3.34332005e-04,3.34332005e-04,4.37203392e-04,3.85767699e-04,3.08614159e-04,3.34332005e-04,3.85767699e-04,3.34332005e-04,3.60049852e-04,3.34332005e-04,3.85767699e-04,6.68664011e-04,1.62536790e-02,9.83450453e-02,7.98024779e-02,8.40973583e-02,9.37415508e-02,1.31546785e-01,1.45382987e-01,1.45177244e-01,1.19896601e-01,4.94554190e-02,1.46334547e-02,5.01498008e-03,1.15730310e-03,3.85767699e-04
ildl_bin_edges:0.        ,0.03219926,0.06439852,0.09659778,0.12879704,0.1609963 ,0.19319556,0.22539482,0.25759408,0.28979334,0.3219926 ,0.35419186,0.38639112,0.41859038,0.45078964,0.4829889 ,0.51518816,0.54738742,0.57958668,0.61178594,0.6439852 ,0.67618446,0.70838372,0.74058298,0.77278224,0.8049815 ,0.83718076,0.86938002,0.90157928,0.93377854,0.9659778 ,0.99817706,1.03037632,1.06257558,1.09477484,1.1269741 ,1.15917336,1.19137262,1.22357188,1.25577114,1.2879704 
eul:1.33229896e-03,0.00000000e+00,0.00000000e+00,0.00000000e+00,0.00000000e+00,0.00000000e+00,0.00000000e+00,1.25691216e-06,8.40734579e-06,3.20093630e-05,3.33045412e-03,1.27396706e-02,5.92522358e-03,3.26663091e-03,3.91815831e-03,2.30403172e-03,5.66811522e-04,1.79514988e-04,7.51354158e-05,2.50544491e-05,3.18417747e-06,3.24004024e-06,4.83212897e-06,4.86006035e-06,8.10010059e-07,1.62002012e-06,1.62002012e-06,7.82078678e-07,0.00000000e+00,0.00000000e+00,0.00000000e+00,0.00000000e+00,1.62002012e-06,8.10010059e-07,8.10010059e-07,0.00000000e+00,0.00000000e+00,0.00000000e+00,0.00000000e+00,8.10010059e-07
eul_bin_edges:   0.    ,  29.6475,  59.295 ,  88.9425, 118.59  , 148.2375, 177.885 , 207.5325, 237.18  , 266.8275, 296.475 , 326.1225, 355.77  , 385.4175, 415.065 , 444.7125, 474.36  , 504.0075, 533.655 , 563.3025, 592.95  , 622.5975, 652.245 , 681.8925, 711.54  , 741.1875, 770.835 , 800.4825, 830.13  , 859.7775, 889.425 , 919.0725, 948.72  , 978.3675,1008.015 ,1037.6625,1067.31  ,1096.9575,1126.605 ,1156.2525,1185.9   
edl:2.46365956e-03,0.00000000e+00,0.00000000e+00,0.00000000e+00,0.00000000e+00,0.00000000e+00,0.00000000e+00,1.20104940e-06,7.31802191e-06,3.04172743e-05,3.21180161e-03,1.22917351e-02,5.71850343e-03,3.15356468e-03,3.78383630e-03,2.22487418e-03,5.47846114e-04,1.73761123e-04,7.27333170e-05,2.41606449e-05,3.10038333e-06,3.15624609e-06,4.69247207e-06,4.72040345e-06,7.82078678e-07,1.56415736e-06,1.56415736e-06,7.82078678e-07,0.00000000e+00,0.00000000e+00,0.00000000e+00,0.00000000e+00,1.56415736e-06,7.82078678e-07,7.54147296e-07,0.00000000e+00,0.00000000e+00,0.00000000e+00,0.00000000e+00,7.82078678e-07
edl_bin_edges:   0.    ,  29.6475,  59.295 ,  88.9425, 118.59  , 148.2375, 177.885 , 207.5325, 237.18  , 266.8275, 296.475 , 326.1225, 355.77  , 385.4175, 415.065 , 444.7125, 474.36  , 504.0075, 533.655 , 563.3025, 592.95  , 622.5975, 652.245 , 681.8925, 711.54  , 741.1875, 770.835 , 800.4825, 830.13  , 859.7775, 889.425 , 919.0725, 948.72  , 978.3675,1008.015 ,1037.6625,1067.31  ,1096.9575,1126.605 ,1156.2525,1185.9   
gul:3.23989779e-02,0.00000000e+00,0.00000000e+00,0.00000000e+00,0.00000000e+00,8.37941440e-07,8.37941440e-07,7.12250224e-06,1.33791317e-05,6.53594324e-06,1.43651094e-04,5.17456771e-04,2.38673654e-04,1.27869864e-04,1.53399146e-04,8.82910964e-05,2.14233695e-05,6.50801185e-06,2.79313813e-06,9.21735584e-07,1.67588288e-07,1.11725525e-07,1.95519669e-07,1.67588288e-07,2.79313813e-08,5.58627627e-08,5.58627627e-08,5.58627627e-08,0.00000000e+00,0.00000000e+00,0.00000000e+00,0.00000000e+00,5.58627627e-08,2.79313813e-08,2.79313813e-08,0.00000000e+00,0.00000000e+00,0.00000000e+00,0.00000000e+00,2.79313813e-08
gul_bin_edges:   0.    ,  29.6475,  59.295 ,  88.9425, 118.59  , 148.2375, 177.885 , 207.5325, 237.18  , 266.8275, 296.475 , 326.1225, 355.77  , 385.4175, 415.065 , 444.7125, 474.36  , 504.0075, 533.655 , 563.3025, 592.95  , 622.5975, 652.245 , 681.8925, 711.54  , 741.1875, 770.835 , 800.4825, 830.13  , 859.7775, 889.425 , 919.0725, 948.72  , 978.3675,1008.015 ,1037.6625,1067.31  ,1096.9575,1126.605 ,1156.2525,1185.9   
gdl:3.12676173e-02,0.00000000e+00,0.00000000e+00,0.00000000e+00,0.00000000e+00,8.37941440e-07,8.37941440e-07,7.17836501e-06,1.44684555e-05,8.12803197e-06,2.62303602e-04,9.65392333e-04,4.45393807e-04,2.40936095e-04,2.87721159e-04,1.67448631e-04,4.03887774e-05,1.22618764e-05,5.19523693e-06,1.81553979e-06,2.51382432e-07,1.95519669e-07,3.35176576e-07,3.07245195e-07,5.58627627e-08,1.11725525e-07,1.11725525e-07,5.58627627e-08,0.00000000e+00,0.00000000e+00,0.00000000e+00,0.00000000e+00,1.11725525e-07,5.58627627e-08,8.37941440e-08,0.00000000e+00,0.00000000e+00,0.00000000e+00,0.00000000e+00,5.58627627e-08
gdl_bin_edges:   0.    ,  29.6475,  59.295 ,  88.9425, 118.59  , 148.2375, 177.885 , 207.5325, 237.18  , 266.8275, 296.475 , 326.1225, 355.77  , 385.4175, 415.065 , 444.7125, 474.36  , 504.0075, 533.655 , 563.3025, 592.95  , 622.5975, 652.245 , 681.8925, 711.54  , 741.1875, 770.835 , 800.4825, 830.13  , 859.7775, 889.425 , 919.0725, 948.72  , 978.3675,1008.015 ,1037.6625,1067.31  ,1096.9575,1126.605 ,1156.2525,1185.9   
ri: 0., 0., 0., 0., 0., 0., 0., 0., 0., 0., 0., 0., 0., 0., 0., 0., 0., 0., 0., 0.,40., 0., 0., 0., 0., 0., 0., 0., 0., 0., 0., 0., 0., 0., 0., 0., 0., 0., 0., 0.
ri_bin_edges:0.5  ,0.525,0.55 ,0.575,0.6  ,0.625,0.65 ,0.675,0.7  ,0.725,0.75 ,0.775,0.8  ,0.825,0.85 ,0.875,0.9  ,0.925,0.95 ,0.975,1.   ,1.025,1.05 ,1.075,1.1  ,1.125,1.15 ,1.175,1.2  ,1.225,1.25 ,1.275,1.3  ,1.325,1.35 ,1.375,1.4  ,1.425,1.45 ,1.475,1.5  
