period:1
ue_log_freq:1000
mac_log_freq:1000
mimo_layers:2
frequency:2412000000.0
bandwidth:50000000
ue_speed:5.555555555555555
max_distance:1000
shannon_cfg_bandwidth_mhz:50.0
shannon_cfg_mimo_layers:2
shannon_cfg_bw_efficiency:0.67
shannon_cfg_sinr_offset_db:0
shannon_cfg_ul_divisor:2
shannon_cfg_sinr_sample_rate:1000
n_ue:3
sinr_period:9.463597741343282
sinr_rate:105.66805852612856
ul_fairness:0.9952200122772988
dl_fairness:0.9918618802752552
ul_agg_throughput:1.614618885090973
dl_agg_throughput:1.4530259069039793
ul_ave_throughput:0.5382062950303244
dl_ave_throughput:0.4843419689679931
ul_se:0.03229237770181946
dl_se:0.029060518138079586
ul_ase:1.0278983070870132e-08
dl_ase:9.250250220974098e-09
ul_gr:0.09999886717215829, 0.09999886717215829, 0.18189594910370896
dl_gr:0.09999886717215829, 0.09999886717215829, 0.19999773410995889
ul_tr:0.03742824209238908, 0.04160155055571444, 0.07709695441235588
dl_tr:0.07875010994343057, 0.08235007364619354, 0.17172613917700824
ul_er:0.0, 0.0, 0.01809980102618974
dl_er:0.0, 0.0, 0.0
ul_er_ratio:0.0, 0.0, 0.1901304402950381
dl_er_ratio:0.0, 0.0, 0.0
ul_er_perc:0.0, 0.0, 19.01304402950381
dl_er_perc:0.0, 0.0, 0.0
ul_l:0.0023249534054759456, 0.0024467206605633947, 0.0024137627162528377
dl_l:0.0050410391350186505, 0.005349042496670033, 0.005419362041979582
ul_il:0.003905594619188809, 0.00878192748899511, 0.004465468304201958
dl_il:0.009908509507499927, 0.009280860645383547, 0.018116799631133686
sinr_ul:0.003138  ,0.00662257,0.09079953,0.02948217,0.0169714 ,0.0223725 ,0.03151109,0.02110231,0.02026676,0.02683126,0.03413202,0.03731123,0.04351041,0.01895162,0.0109427 ,0.00571583,0.004026  ,0.00386863,0.00422833,0.00411593,0.00109408,0.00109783,0.00192589,0.01801865,0.0130934 ,0.01857693,0.01505863,0.00772977,0.00821124,0.00857844,0.00779534,0.00370377,0.00510884,0.00259657,0.00180037,0.00266402,0.00391734,0.00170669,0.00180973,0.00164674
sinr_ul_bin_edges:-20.785837  ,-19.00658708,-17.22733715,-15.44808723,-13.6688373 ,-11.88958738,-10.11033745, -8.33108753, -6.5518376 , -4.77258768, -2.99333775, -1.21408783,  0.5651621 ,  2.34441202,  4.12366195,  5.90291187,  7.6821618 ,  9.46141172, 11.24066165, 13.01991157, 14.7991615 , 16.57841142, 18.35766135, 20.13691127, 21.9161612 , 23.69541112, 25.47466105, 27.25391097, 29.0331609 , 30.81241082, 32.59166075, 34.37091067, 36.1501606 , 37.92941052, 39.70866045, 41.48791037, 43.2671603 , 45.04641022, 46.82566015, 48.60491007, 50.38416   
sinr_dl:0.00319101,0.00671575,0.09114253,0.02928718,0.01695435,0.02251706,0.03145076,0.02114279,0.02028973,0.0269211 ,0.03399307,0.03751593,0.04353048,0.01876172,0.01089481,0.00569395,0.0040197 ,0.00386783,0.00423156,0.00411532,0.00109304,0.00109304,0.00192173,0.01801927,0.01315026,0.01851048,0.01508887,0.00774504,0.00818751,0.00854748,0.00787816,0.0036841 ,0.00513149,0.00260043,0.00180361,0.00242982,0.00415281,0.001708  ,0.00180736,0.00167425
sinr_dl_bin_edges:-8.694061  ,-6.91616747,-5.13827395,-3.36038042,-1.5824869 , 0.19540663, 1.97330015, 3.75119368, 5.5290872 , 7.30698073, 9.08487425,10.86276778,12.6406613 ,14.41855483,16.19644835,17.97434188,19.7522354 ,21.53012892,23.30802245,25.08591598,26.8638095 ,28.64170303,30.41959655,32.19749008,33.9753836 ,35.75327713,37.53117065,39.30906418,41.0869577 ,42.86485123,44.64274475,46.42063828,48.1985318 ,49.97642533,51.75431885,53.53221238,55.3101059 ,57.08799942,58.86589295,60.64378648,62.42168   
rsrp_ul:0.00326815,0.00693614,0.09151761,0.0290567 ,0.01690578,0.02274566,0.03136374,0.02118197,0.02032035,0.02749114,0.03338169,0.03776301,0.04355032,0.01854643,0.01083877,0.00567656,0.00400963,0.0038726 ,0.00423114,0.00411475,0.00109814,0.00108876,0.00189406,0.01800393,0.01304445,0.01858209,0.01516565,0.0077865 ,0.00813565,0.00850357,0.00802302,0.00363983,0.00517723,0.00260551,0.00181335,0.00200106,0.00458968,0.00170635,0.00180584,0.00171949
rsrp_ul_bin_edges:-136.56117 ,-134.785464,-133.009758,-131.234052,-129.458346,-127.68264 ,-125.906934,-124.131228,-122.355522,-120.579816,-118.80411 ,-117.028404,-115.252698,-113.476992,-111.701286,-109.92558 ,-108.149874,-106.374168,-104.598462,-102.822756,-101.04705 , -99.271344, -97.495638, -95.719932, -93.944226, -92.16852 , -90.392814, -88.617108, -86.841402, -85.065696, -83.28999 , -81.514284, -79.738578, -77.962872, -76.187166, -74.41146 , -72.635754, -70.860048, -69.084342, -67.308636, -65.53293 
rsrp_dl:0.00326815,0.00693614,0.09151761,0.0290567 ,0.01690578,0.02274566,0.03136374,0.02118197,0.02032035,0.02749114,0.03338169,0.03776301,0.04355032,0.01854643,0.01083877,0.00567656,0.00400963,0.0038726 ,0.00423114,0.00411475,0.00109814,0.00108876,0.00189406,0.01800393,0.01304445,0.01858209,0.01516565,0.0077865 ,0.00813565,0.00850357,0.00802302,0.00363983,0.00517723,0.00260551,0.00181335,0.00200106,0.00458968,0.00170635,0.00180584,0.00171949
rsrp_dl_bin_edges:-129.57147 ,-127.795764,-126.020058,-124.244352,-122.468646,-120.69294 ,-118.917234,-117.141528,-115.365822,-113.590116,-111.81441 ,-110.038704,-108.262998,-106.487292,-104.711586,-102.93588 ,-101.160174, -99.384468, -97.608762, -95.833056, -94.05735 , -92.281644, -90.505938, -88.730232, -86.954526, -85.17882 , -83.403114, -81.627408, -79.851702, -78.075996, -76.30029 , -74.524584, -72.748878, -70.973172, -69.197466, -67.42176 , -65.646054, -63.870348, -62.094642, -60.318936, -58.54323 
cqi_ul:1.85819475,0.        ,0.12739428,0.        ,0.        ,0.04831952,0.        ,0.        ,0.03502187,0.        ,0.0055555 ,0.        ,0.        ,0.00559994,0.        ,0.        ,0.00598216,0.        ,0.09202575,0.        ,0.        ,0.06649711,0.        ,0.        ,0.11660328,0.        ,0.04607954,0.        ,0.        ,0.02607974,0.        ,0.        ,0.05025728,0.        ,0.05760831,0.        ,0.        ,0.00990212,0.        ,0.11554551
cqi_ul_bin_edges: 0.   , 0.375, 0.75 , 1.125, 1.5  , 1.875, 2.25 , 2.625, 3.   , 3.375, 3.75 , 4.125, 4.5  , 4.875, 5.25 , 5.625, 6.   , 6.375, 6.75 , 7.125, 7.5  , 7.875, 8.25 , 8.625, 9.   , 9.375, 9.75 ,10.125,10.5  ,10.875,11.25 ,11.625,12.   ,12.375,12.75 ,13.125,13.5  ,13.875,14.25 ,14.625,15.   
cqi_dl:0.90322652,0.        ,0.24560643,0.        ,0.        ,0.366423  ,0.        ,0.        ,0.34204102,0.        ,0.08076364,0.        ,0.        ,0.04084404,0.        ,0.        ,0.01607984,0.        ,0.02093312,0.        ,0.        ,0.01973314,0.        ,0.        ,0.02336866,0.        ,0.01193766,0.        ,0.        ,0.00395552,0.        ,0.        ,0.00598216,0.        ,0.07098596,0.        ,0.        ,0.04655065,0.        ,0.46823532
cqi_dl_bin_edges: 0.   , 0.375, 0.75 , 1.125, 1.5  , 1.875, 2.25 , 2.625, 3.   , 3.375, 3.75 , 4.125, 4.5  , 4.875, 5.25 , 5.625, 6.   , 6.375, 6.75 , 7.125, 7.5  , 7.875, 8.25 , 8.625, 9.   , 9.375, 9.75 ,10.125,10.5  ,10.875,11.25 ,11.625,12.   ,12.375,12.75 ,13.125,13.5  ,13.875,14.25 ,14.625,15.   
mcs_ul:1.06370841e+00,1.43665230e-02,1.15189324e-02,0.00000000e+00,1.11665550e-02,7.59516214e-03,0.00000000e+00,1.54760357e-03,1.42855714e-03,0.00000000e+00,1.54284171e-03,1.45712829e-03,9.33324000e-04,0.00000000e+00,2.27140586e-03,3.09330240e-02,0.00000000e+00,1.83664830e-02,1.44998550e-02,0.00000000e+00,2.11235983e-02,1.63760267e-02,4.60900153e-02,0.00000000e+00,1.34760557e-02,1.12094117e-02,0.00000000e+00,8.08087157e-03,5.88565543e-03,0.00000000e+00,1.12808396e-02,1.56474626e-02,1.18046439e-02,0.00000000e+00,1.90569523e-02,2.65711629e-03,0.00000000e+00,2.64759257e-03,0.00000000e+00,6.18993810e-02
mcs_ul_bin_edges: 0. , 0.7, 1.4, 2.1, 2.8, 3.5, 4.2, 4.9, 5.6, 6.3, 7. , 7.7, 8.4, 9.1, 9.8,10.5,11.2,11.9,12.6,13.3,14. ,14.7,15.4,16.1,16.8,17.5,18.2,18.9,19.6,20.3,21. ,21.7,22.4,23.1,23.8,24.5,25.2,25.9,26.6,27.3,28. 
mcs_dl:0.61544623,0.11802739,0.07827065,0.        ,0.11422743,0.06900883,0.        ,0.02592831,0.01733792,0.        ,0.01346653,0.0084142 ,0.00448567,0.        ,0.00412853,0.00575232,0.        ,0.00546185,0.00526185,0.        ,0.00530947,0.00628089,0.00623803,0.        ,0.00494757,0.0014476 ,0.        ,0.00104761,0.00107142,0.        ,0.00161427,0.00159046,0.00474757,0.        ,0.03328062,0.01267606,0.        ,0.01226178,0.        ,0.25084035
mcs_dl_bin_edges: 0. , 0.7, 1.4, 2.1, 2.8, 3.5, 4.2, 4.9, 5.6, 6.3, 7. , 7.7, 8.4, 9.1, 9.8,10.5,11.2,11.9,12.6,13.3,14. ,14.7,15.4,16.1,16.8,17.5,18.2,18.9,19.6,20.3,21. ,21.7,22.4,23.1,23.8,24.5,25.2,25.9,26.6,27.3,28. 
eff_ul:3.76340649e+00,2.58011958e-01,5.43135695e-02,4.35480691e-02,4.22158835e-02,0.00000000e+00,2.87140018e-02,5.85081541e-03,0.00000000e+00,5.40075268e-03,5.83281290e-03,5.50876774e-03,3.52849175e-03,8.58719677e-03,1.16944298e-01,0.00000000e+00,6.94356770e-02,5.48176397e-02,0.00000000e+00,7.98591297e-02,0.00000000e+00,6.19106283e-02,1.74246284e-01,0.00000000e+00,5.09471003e-02,0.00000000e+00,4.23779061e-02,3.05502577e-02,2.22511011e-02,4.26479437e-02,0.00000000e+00,5.91562444e-02,0.00000000e+00,4.46282197e-02,0.00000000e+00,7.20460408e-02,0.00000000e+00,1.00454000e-02,1.00093950e-02,2.34014614e-01
eff_ul_bin_edges:0.        ,0.18515752,0.37031505,0.55547258,0.7406301 ,0.92578762,1.11094515,1.29610267,1.4812602 ,1.66641772,1.85157525,2.03673277,2.2218903 ,2.40704782,2.59220535,2.77736287,2.9625204 ,3.14767792,3.33283545,3.51799297,3.7031505 ,3.88830802,4.07346555,4.25862308,4.4437806 ,4.62893812,4.81409565,4.99925317,5.1844107 ,5.36956823,5.55472575,5.73988327,5.9250408 ,6.11019832,6.29535585,6.48051337,6.6656709 ,6.85082842,7.03598595,7.22114347,7.406301  
eff_dl:1.82930694,0.49742732,0.44621019,0.29590724,0.43184418,0.        ,0.26089236,0.09802366,0.        ,0.06554714,0.0509111 ,0.03181043,0.01695836,0.01560818,0.02174703,0.        ,0.02064888,0.01989277,0.        ,0.0200728 ,0.        ,0.02374531,0.02358329,0.        ,0.01870461,0.        ,0.00547276,0.00396055,0.00405056,0.00610285,0.        ,0.00601284,0.        ,0.0179485 ,0.        ,0.12581954,0.        ,0.04792268,0.04635646,0.94831816
eff_dl_bin_edges:0.        ,0.18515752,0.37031505,0.55547258,0.7406301 ,0.92578762,1.11094515,1.29610267,1.4812602 ,1.66641772,1.85157525,2.03673277,2.2218903 ,2.40704782,2.59220535,2.77736287,2.9625204 ,3.14767792,3.33283545,3.51799297,3.7031505 ,3.88830802,4.07346555,4.25862308,4.4437806 ,4.62893812,4.81409565,4.99925317,5.1844107 ,5.36956823,5.55472575,5.73988327,5.9250408 ,6.11019832,6.29535585,6.48051337,6.6656709 ,6.85082842,7.03598595,7.22114347,7.406301  
rul:3.36017321e+00,8.45083556e-02,0.00000000e+00,0.00000000e+00,0.00000000e+00,0.00000000e+00,0.00000000e+00,0.00000000e+00,1.15008649e-05,0.00000000e+00,1.15008649e-05,0.00000000e+00,1.15008649e-05,0.00000000e+00,1.15008649e-05,0.00000000e+00,1.15008649e-05,2.30017299e-05,1.15008649e-05,2.10465829e-03,1.85163926e-03,0.00000000e+00,2.30017299e-05,0.00000000e+00,0.00000000e+00,0.00000000e+00,0.00000000e+00,0.00000000e+00,0.00000000e+00,0.00000000e+00,0.00000000e+00,0.00000000e+00,0.00000000e+00,0.00000000e+00,0.00000000e+00,0.00000000e+00,1.15008649e-05,0.00000000e+00,2.30017299e-05,1.50661331e-03
rul_bin_edges: 0.        , 0.28983038, 0.57966075, 0.86949113, 1.1593215 , 1.44915188, 1.73898225, 2.02881263, 2.318643  , 2.60847338, 2.89830375, 3.18813413, 3.4779645 , 3.76779488, 4.05762525, 4.34745563, 4.637286  , 4.92711638, 5.21694675, 5.50677713, 5.7966075 , 6.08643788, 6.37626825, 6.66609863, 6.955929  , 7.24575938, 7.53558975, 7.82542013, 8.1152505 , 8.40508088, 8.69491125, 8.98474163, 9.274572  , 9.56440238, 9.85423275,10.14406313,10.4338935 ,10.72372388,11.01355425,11.30338463,11.593215  
rdl:3.48751415e+00,1.91400875e-01,1.23031995e-05,0.00000000e+00,1.23031995e-05,0.00000000e+00,0.00000000e+00,0.00000000e+00,0.00000000e+00,1.23031995e-05,1.23031995e-05,1.23031995e-05,1.23031995e-05,1.23031995e-05,2.46063990e-05,0.00000000e+00,1.23031995e-05,3.69095985e-05,4.92127981e-05,8.13241488e-03,0.00000000e+00,0.00000000e+00,0.00000000e+00,0.00000000e+00,0.00000000e+00,1.23031995e-05,0.00000000e+00,0.00000000e+00,0.00000000e+00,0.00000000e+00,0.00000000e+00,0.00000000e+00,0.00000000e+00,0.00000000e+00,0.00000000e+00,1.23031995e-05,0.00000000e+00,1.23031995e-05,8.48920766e-04,2.85434229e-03
rdl_bin_edges: 0.        , 0.27092953, 0.54185905, 0.81278858, 1.0837181 , 1.35464763, 1.62557715, 1.89650667, 2.1674362 , 2.43836573, 2.70929525, 2.98022477, 3.2511543 , 3.52208383, 3.79301335, 4.06394288, 4.3348724 , 4.60580192, 4.87673145, 5.14766097, 5.4185905 , 5.68952003, 5.96044955, 6.23137908, 6.5023086 , 6.77323812, 7.04416765, 7.31509718, 7.5860267 , 7.85695623, 8.12788575, 8.39881528, 8.6697448 , 8.94067432, 9.21160385, 9.48253338, 9.7534629 ,10.02439243,10.29532195,10.56625147,10.837181  
lul:2.79590863e+03,0.00000000e+00,0.00000000e+00,0.00000000e+00,0.00000000e+00,0.00000000e+00,0.00000000e+00,0.00000000e+00,0.00000000e+00,0.00000000e+00,0.00000000e+00,0.00000000e+00,0.00000000e+00,0.00000000e+00,0.00000000e+00,0.00000000e+00,0.00000000e+00,0.00000000e+00,0.00000000e+00,0.00000000e+00,0.00000000e+00,0.00000000e+00,0.00000000e+00,0.00000000e+00,0.00000000e+00,0.00000000e+00,0.00000000e+00,0.00000000e+00,0.00000000e+00,0.00000000e+00,0.00000000e+00,0.00000000e+00,0.00000000e+00,0.00000000e+00,0.00000000e+00,0.00000000e+00,3.32382099e+02,6.04682905e-02,2.67572185e+02,2.32210329e+02
lul_bin_edges:0.        ,0.00027562,0.00055125,0.00082687,0.0011025 ,0.00137812,0.00165374,0.00192937,0.00220499,0.00248061,0.00275624,0.00303186,0.00330749,0.00358311,0.00385873,0.00413436,0.00440998,0.0046856 ,0.00496123,0.00523685,0.00551248,0.0057881 ,0.00606372,0.00633935,0.00661497,0.00689059,0.00716622,0.00744184,0.00771747,0.00799309,0.00826871,0.00854434,0.00881996,0.00909559,0.00937121,0.00964683,0.00992246,0.01019808,0.0104737 ,0.01074933,0.01102495
ldl:1.78476997e+03,0.00000000e+00,0.00000000e+00,0.00000000e+00,0.00000000e+00,0.00000000e+00,0.00000000e+00,0.00000000e+00,0.00000000e+00,0.00000000e+00,0.00000000e+00,0.00000000e+00,0.00000000e+00,0.00000000e+00,0.00000000e+00,0.00000000e+00,0.00000000e+00,0.00000000e+00,0.00000000e+00,0.00000000e+00,0.00000000e+00,0.00000000e+00,0.00000000e+00,0.00000000e+00,0.00000000e+00,0.00000000e+00,0.00000000e+00,0.00000000e+00,0.00000000e+00,0.00000000e+00,0.00000000e+00,0.00000000e+00,0.00000000e+00,0.00000000e+00,0.00000000e+00,0.00000000e+00,8.84820401e+02,1.10052289e+00,5.54699816e+02,4.02743002e+02
ldl_bin_edges:0.        ,0.00027562,0.00055125,0.00082687,0.0011025 ,0.00137812,0.00165374,0.00192937,0.00220499,0.00248061,0.00275624,0.00303186,0.00330749,0.00358311,0.00385873,0.00413436,0.00440998,0.0046856 ,0.00496123,0.00523685,0.00551248,0.0057881 ,0.00606372,0.00633935,0.00661497,0.00689059,0.00716622,0.00744184,0.00771747,0.00799309,0.00826871,0.00854434,0.00881996,0.00909559,0.00937121,0.00964683,0.00992246,0.01019808,0.0104737 ,0.01074933,0.01102495
ilul:3.00720806e+00,9.23426315e-04,7.42755949e-04,7.72867677e-04,5.72122826e-04,4.21564187e-04,3.01117277e-05,0.00000000e+00,0.00000000e+00,0.00000000e+00,0.00000000e+00,0.00000000e+00,0.00000000e+00,0.00000000e+00,0.00000000e+00,0.00000000e+00,0.00000000e+00,0.00000000e+00,0.00000000e+00,0.00000000e+00,0.00000000e+00,0.00000000e+00,0.00000000e+00,0.00000000e+00,0.00000000e+00,0.00000000e+00,0.00000000e+00,0.00000000e+00,0.00000000e+00,0.00000000e+00,3.01117277e-05,5.01862128e-05,4.01489702e-05,6.02234553e-05,5.01862128e-05,4.01489702e-05,5.01862128e-05,1.00372426e-04,6.02234553e-05,5.01862128e-05
ilul_bin_edges: 0.       , 0.3320932, 0.6641864, 0.9962796, 1.3283728, 1.660466 , 1.9925592, 2.3246524, 2.6567456, 2.9888388, 3.320932 , 3.6530252, 3.9851184, 4.3172116, 4.6493048, 4.981398 , 5.3134912, 5.6455844, 5.9776776, 6.3097708, 6.641864 , 6.9739572, 7.3060504, 7.6381436, 7.9702368, 8.30233  , 8.6344232, 8.9665164, 9.2986096, 9.6307028, 9.962796 ,10.2948892,10.6269824,10.9590756,11.2911688,11.623262 ,11.9553552,12.2874484,12.6195416,12.9516348,13.283728 
ildl:6.04942421e+00,1.29448338e-03,1.25403077e-03,1.19335186e-03,9.70862531e-04,8.49504715e-04,8.69731018e-04,7.68599504e-04,5.86562779e-04,6.06789082e-04,5.46110174e-04,6.67467990e-04,4.85431266e-04,4.65204963e-04,4.85431266e-04,3.84299752e-04,3.64073449e-04,4.24752357e-04,3.64073449e-04,3.64073449e-04,4.04526055e-04,3.43847147e-04,3.84299752e-04,3.23620844e-04,3.23620844e-04,3.64073449e-04,2.83168238e-04,3.23620844e-04,3.03394541e-04,3.84299752e-04,3.64073449e-04,2.42715633e-04,3.03394541e-04,3.03394541e-04,2.62941936e-04,2.62941936e-04,1.01131514e-04,1.01131514e-04,8.09052109e-05,1.21357816e-04
ildl_bin_edges:0.        ,0.16480026,0.32960052,0.49440079,0.65920105,0.82400131,0.98880157,1.15360184,1.3184021 ,1.48320236,1.64800262,1.81280289,1.97760315,2.14240341,2.30720367,2.47200394,2.6368042 ,2.80160446,2.96640472,3.13120499,3.29600525,3.46080551,3.62560577,3.79040604,3.9552063 ,4.12000656,4.28480682,4.44960709,4.61440735,4.77920761,4.94400787,5.10880814,5.2736084 ,5.43840866,5.60320892,5.76800919,5.93280945,6.09760971,6.26240997,6.42721024,6.5920105 
eul:1.65500627e+02,0.00000000e+00,0.00000000e+00,0.00000000e+00,0.00000000e+00,0.00000000e+00,0.00000000e+00,0.00000000e+00,0.00000000e+00,0.00000000e+00,0.00000000e+00,0.00000000e+00,0.00000000e+00,0.00000000e+00,0.00000000e+00,0.00000000e+00,0.00000000e+00,0.00000000e+00,0.00000000e+00,0.00000000e+00,0.00000000e+00,0.00000000e+00,0.00000000e+00,0.00000000e+00,0.00000000e+00,0.00000000e+00,0.00000000e+00,5.68822550e-04,0.00000000e+00,0.00000000e+00,0.00000000e+00,5.68822550e-04,1.25140961e-02,1.44935986e+00,3.62169318e+00,6.20016579e-02,5.68822550e-04,0.00000000e+00,0.00000000e+00,5.68822550e-04
eul_bin_edges:0.        ,0.00586   ,0.01172   ,0.01758   ,0.02344   ,0.0293    ,0.03516   ,0.04102   ,0.04688   ,0.05274   ,0.0586    ,0.06446   ,0.07032   ,0.07618   ,0.08204   ,0.0879    ,0.09376   ,0.09962   ,0.10548   ,0.11134   ,0.1172    ,0.12305999,0.12891999,0.13477999,0.14063999,0.14649999,0.15235999,0.15821999,0.16407999,0.16993999,0.17579999,0.18165999,0.18751999,0.19337999,0.19923999,0.20509999,0.21095999,0.21681999,0.22267999,0.22853999,0.23439999
edl: 0., 0., 0., 0., 0., 0., 0., 0., 0., 0., 0., 0., 0., 0., 0., 0., 0., 0., 0., 0.,40., 0., 0., 0., 0., 0., 0., 0., 0., 0., 0., 0., 0., 0., 0., 0., 0., 0., 0., 0.
edl_bin_edges:-0.5  ,-0.475,-0.45 ,-0.425,-0.4  ,-0.375,-0.35 ,-0.325,-0.3  ,-0.275,-0.25 ,-0.225,-0.2  ,-0.175,-0.15 ,-0.125,-0.1  ,-0.075,-0.05 ,-0.025, 0.   , 0.025, 0.05 , 0.075, 0.1  , 0.125, 0.15 , 0.175, 0.2  , 0.225, 0.25 , 0.275, 0.3  , 0.325, 0.35 , 0.375, 0.4  , 0.425, 0.45 , 0.475, 0.5  
gul:5.14572837e+00,0.00000000e+00,0.00000000e+00,0.00000000e+00,0.00000000e+00,0.00000000e+00,0.00000000e+00,0.00000000e+00,0.00000000e+00,0.00000000e+00,0.00000000e+00,0.00000000e+00,0.00000000e+00,1.13667514e-03,2.27335029e-03,1.02300763e-02,3.62099234e+01,7.74121240e+01,2.84168786e-02,3.41002543e-03,0.00000000e+00,0.00000000e+00,0.00000000e+00,0.00000000e+00,0.00000000e+00,0.00000000e+00,0.00000000e+00,0.00000000e+00,0.00000000e+00,1.13667514e-03,2.84168786e-03,1.70501272e-03,7.50205595e-02,1.64010856e+01,3.48959269e+01,2.97240550e-01,1.13667514e-02,2.27335029e-03,5.68337572e-04,5.68337572e-04
gul_bin_edges:0.        ,0.005865  ,0.01173   ,0.017595  ,0.02346   ,0.029325  ,0.03519   ,0.041055  ,0.04692   ,0.052785  ,0.05865   ,0.064515  ,0.07038   ,0.076245  ,0.08211   ,0.087975  ,0.09384   ,0.099705  ,0.10557   ,0.111435  ,0.11730001,0.12316501,0.12903001,0.13489501,0.14076001,0.14662501,0.15249001,0.15835501,0.16422001,0.17008501,0.17595001,0.18181501,0.18768001,0.19354501,0.19941001,0.20527501,0.21114001,0.21700501,0.22287001,0.22873501,0.23460001
gdl:1.70501272e-03,0.00000000e+00,0.00000000e+00,0.00000000e+00,0.00000000e+00,0.00000000e+00,0.00000000e+00,0.00000000e+00,0.00000000e+00,0.00000000e+00,0.00000000e+00,0.00000000e+00,0.00000000e+00,1.13667514e-03,2.27335029e-03,1.02300763e-02,3.62099234e+01,7.74121240e+01,2.84168786e-02,3.41002543e-03,0.00000000e+00,0.00000000e+00,0.00000000e+00,0.00000000e+00,0.00000000e+00,0.00000000e+00,0.00000000e+00,5.68337572e-04,0.00000000e+00,1.13667514e-03,2.84168786e-03,2.27335029e-03,8.75239860e-02,1.80174377e+01,3.83656278e+01,3.40434205e-01,1.19350890e-02,2.27335029e-03,5.68337572e-04,1.13667514e-03
gdl_bin_edges:0.        ,0.005865  ,0.01173   ,0.017595  ,0.02346   ,0.029325  ,0.03519   ,0.041055  ,0.04692   ,0.052785  ,0.05865   ,0.064515  ,0.07038   ,0.076245  ,0.08211   ,0.087975  ,0.09384   ,0.099705  ,0.10557   ,0.111435  ,0.11730001,0.12316501,0.12903001,0.13489501,0.14076001,0.14662501,0.15249001,0.15835501,0.16422001,0.17008501,0.17595001,0.18181501,0.18768001,0.19354501,0.19941001,0.20527501,0.21114001,0.21700501,0.22287001,0.22873501,0.23460001
ri: 0., 0., 0., 0., 0., 0., 0., 0., 0., 0., 0., 0., 0., 0., 0., 0., 0., 0., 0., 0.,40., 0., 0., 0., 0., 0., 0., 0., 0., 0., 0., 0., 0., 0., 0., 0., 0., 0., 0., 0.
ri_bin_edges:0.5  ,0.525,0.55 ,0.575,0.6  ,0.625,0.65 ,0.675,0.7  ,0.725,0.75 ,0.775,0.8  ,0.825,0.85 ,0.875,0.9  ,0.925,0.95 ,0.975,1.   ,1.025,1.05 ,1.075,1.1  ,1.125,1.15 ,1.175,1.2  ,1.225,1.25 ,1.275,1.3  ,1.325,1.35 ,1.375,1.4  ,1.425,1.45 ,1.475,1.5  
