period:1.0
ue_log_freq:1000
mac_log_freq:1000
mimo_layers:1
frequency:28000000000.0
bandwidth:300000000.0
ue_speed:0.27778
max_distance:10.0
shannon_cfg_bandwidth_mhz:300.0
shannon_cfg_mimo_layers:1
shannon_cfg_bw_efficiency:0.67
shannon_cfg_sinr_offset_db:0.0
shannon_cfg_ul_divisor:2.0
shannon_cfg_sinr_sample_rate:1000
n_ue:30
sinr_period:16.304296531427745
sinr_rate:61.33352629304954
ul_fairness:0.9999999999994856
dl_fairness:0.9999999999998863
ul_agg_throughput:177.40040140914846
dl_agg_throughput:332.32628211314943
ul_ave_throughput:5.913346713638282
dl_ave_throughput:11.07754273710498
ul_se:0.5913346713638282
dl_se:1.107754273710498
ul_ase:0.001882276719383494
dl_ase:0.003526091367843963
ul_gr:14.53797876918663, 14.543860278295798, 14.545868598479414, 14.538172428632906, 14.543881796012048, 14.54388179601205, 14.544333668053362, 14.544315736623151, 14.539596184191648, 14.544373117199827, 14.540227370535073, 14.540055228805052, 14.543853105723711, 14.538100702912065, 14.542637354755415, 14.538100702912065, 14.540055228805048, 14.538122220628317, 14.542623009611246, 14.542637354755415, 14.539589011619567, 14.53797876918663, 14.543860278295798, 14.538122220628317, 14.543856692009756, 14.543853105723711, 14.541181322622291, 14.541181322622291, 14.541181322622291, 14.541199254052502
dl_gr:27.0166834026682, 27.018853105723714, 27.018853105723714, 27.018871037153925, 27.018871037153925, 27.018871037153925, 27.018871037153925, 27.018871037153925, 27.018871037153925, 27.018871037153925, 27.018871037153925, 27.018871037153925, 27.018853105723714, 27.018871037153925, 27.0166834026682, 27.0166834026682, 27.0166834026682, 27.0166834026682, 27.0166834026682, 27.0166834026682, 27.0166834026682, 27.0166834026682, 27.0166834026682, 27.018853105723714, 27.018853105723714, 27.018853105723714, 27.018853105723714, 27.018853105723714, 27.018853105723714, 27.018853105723714
ul_tr:14.279006744130447, 14.279006744010903, 14.279006743891362, 14.279006743891362, 14.279006744034811, 14.279006744082626, 14.279006743819636, 14.279006743747908, 14.279006743508821, 14.279006743652275, 14.279006743747908, 14.279006743532731, 14.27900674393918, 14.279006743580547, 14.27900674341319, 14.27900674341319, 14.279006743532731, 14.279006743843542, 14.27900674389136, 14.279006743652275, 14.27900674393918, 14.279006743724, 14.27900674393918, 14.279006743891362, 14.27900674408263, 14.279006743986994, 14.278986218261368, 14.27898621823746, 14.278986218141826, 14.279006743986994
dl_tr:26.749039852005936, 26.749039852005936, 26.749039852005936, 26.749039852005936, 26.749039852005936, 26.749039852005936, 26.749039852005936, 26.749039852005936, 26.749039852005936, 26.749039852005936, 26.749039852005936, 26.749039852005936, 26.749039852005936, 26.749039852005936, 26.749039852005936, 26.749039852005936, 26.749039852005936, 26.749039852005936, 26.749039852005936, 26.749039852005936, 26.749039852005936, 26.749039852005936, 26.749039852005936, 26.749039852005936, 26.749039852005936, 26.749039852005936, 26.749039852005936, 26.749039852005936, 26.749039852005936, 26.749039852005936
ul_er:344.08458614259075, 344.07870463348155, 344.07669631329793, 344.0843924831444, 344.07868311576533, 344.07868311576533, 344.07823124372396, 344.07824917515427, 344.0829687275857, 344.0781917945775, 344.08233754124234, 344.08250968297233, 344.07871180605366, 344.08446420886526, 344.07992755702196, 344.08446420886526, 344.08250968297233, 344.08444269114904, 344.07994190216607, 344.07992755702196, 344.0829759001578, 344.08458614259075, 344.07870463348155, 344.08444269114904, 344.0787082197676, 344.07871180605366, 344.08138358915505, 344.08138358915505, 344.08138358915505, 344.08136565772486
dl_er:331.60588150910917, 331.60371180605364, 331.60371180605364, 331.60369387462345, 331.60369387462345, 331.60369387462345, 331.60369387462345, 331.60369387462345, 331.60369387462345, 331.60369387462345, 331.60369387462345, 331.60369387462345, 331.60371180605364, 331.60369387462345, 331.60588150910917, 331.60588150910917, 331.60588150910917, 331.60588150910917, 331.60588150910917, 331.60588150910917, 331.60588150910917, 331.60588150910917, 331.60588150910917, 331.60371180605364, 331.60371180605364, 331.60371180605364, 331.60371180605364, 331.60371180605364, 331.60371180605364, 331.60371180605364
ul_er_ratio:0.9601549738099537, 0.9601543198578766, 0.960154096552462, 0.9601549522783571, 0.9601543174652645, 0.9601543174651364, 0.9601542672222627, 0.9601542692162501, 0.9601547939768499, 0.960154262836361, 0.9601547237963467, 0.9601547429369104, 0.9601543206555848, 0.9601549602540953, 0.9601544558354944, 0.9601549602545438, 0.9601547429369104, 0.9601549578609195, 0.9601544574292341, 0.9601544558348536, 0.9601547947731939, 0.9601549738110429, 0.9601543198580689, 0.9601549578607913, 0.9601543202564425, 0.9601543206554568, 0.960154672722503, 0.9601546727225672, 0.9601546727228233, 0.9601546157341844
dl_er_ratio:0.925356013668218, 0.9253555617244712, 0.9253555617244712, 0.9253555579893762, 0.9253555579893762, 0.9253555579893762, 0.9253555579893762, 0.9253555579893762, 0.9253555579893762, 0.9253555579893762, 0.9253555579893762, 0.9253555579893762, 0.9253555617244712, 0.9253555579893762, 0.925356013668218, 0.925356013668218, 0.925356013668218, 0.925356013668218, 0.925356013668218, 0.925356013668218, 0.925356013668218, 0.925356013668218, 0.925356013668218, 0.9253555617244712, 0.9253555617244712, 0.9253555617244712, 0.9253555617244712, 0.9253555617244712, 0.9253555617244712, 0.9253555617244712
ul_er_perc:96.01549738099537, 96.01543198578766, 96.0154096552462, 96.01549522783571, 96.01543174652645, 96.01543174651364, 96.01542672222627, 96.01542692162501, 96.01547939768498, 96.0154262836361, 96.01547237963467, 96.01547429369104, 96.01543206555849, 96.01549602540953, 96.01544558354944, 96.01549602545438, 96.01547429369104, 96.01549578609195, 96.0154457429234, 96.01544558348536, 96.01547947731939, 96.01549738110428, 96.01543198580688, 96.01549578607913, 96.01543202564426, 96.01543206554568, 96.0154672722503, 96.01546727225671, 96.01546727228232, 96.01546157341843
dl_er_perc:92.5356013668218, 92.53555617244712, 92.53555617244712, 92.53555579893762, 92.53555579893762, 92.53555579893762, 92.53555579893762, 92.53555579893762, 92.53555579893762, 92.53555579893762, 92.53555579893762, 92.53555579893762, 92.53555617244712, 92.53555579893762, 92.5356013668218, 92.5356013668218, 92.5356013668218, 92.5356013668218, 92.5356013668218, 92.5356013668218, 92.5356013668218, 92.5356013668218, 92.5356013668218, 92.53555617244712, 92.53555617244712, 92.53555617244712, 92.53555617244712, 92.53555617244712, 92.53555617244712, 92.53555617244712
ul_l:0.004604871325591737, 0.004604875446791469, 0.004604836433866494, 0.004604828649703533, 0.004604834527695691, 0.004604838958666858, 0.004604841644682733, 0.0046048224164156265, 0.0046048370507602914, 0.0046048378217783195, 0.004604846056797208, 0.004604858968239851, 0.004604873991325969, 0.004604848037316502, 0.00460485480195094, 0.004604862895801654, 0.004604856510837757, 0.004604861101764453, 0.004604871554093148, 0.004604883011669774, 0.004604887617321761, 0.004604874274071152, 0.004604869658157605, 0.0046048629731195905, 0.004604872368560226, 0.0046048526033017735, 0.004604848170573327, 0.004604845569134032, 0.004604827769970832, 0.004604844663527471
dl_l:0.004604849975510448, 0.004604869610505427, 0.004604869610505427, 0.004604843101467987, 0.004604843101467987, 0.004604843101467987, 0.004604843101467987, 0.004604843101467987, 0.004604843101467987, 0.004604843101467987, 0.004604843101467987, 0.004604843101467987, 0.004604869610505427, 0.004604843101467987, 0.004604849975510448, 0.004604849975510448, 0.004604849975510448, 0.004604849975510448, 0.004604849975510448, 0.004604849975510448, 0.004604849975510448, 0.004604849975510448, 0.004604849975510448, 0.004604869610505427, 0.004604869610505427, 0.004604869610505427, 0.004604869610505427, 0.004604869610505427, 0.004604869610505427, 0.004604869610505427
ul_il:1.7562336038545907, 1.7562904033504783, 1.7561905119528787, 1.7562183024073807, 1.756227282803546, 1.756289733174846, 1.7562033315096137, 1.7562666510484173, 1.756290334983314, 1.7562085514560821, 1.7562328949343016, 1.7561655445369413, 1.7563121593051478, 1.7562331580743342, 1.7562522342766962, 1.7562100866833092, 1.756255118256972, 1.7562075638561203, 1.7563406862873834, 1.7563133609421437, 1.756230666882707, 1.7562115323459593, 1.7561269616607396, 1.7562503450829172, 1.7562442428768732, 1.7562688554209605, 1.7562928206064914, 1.7562222427185747, 1.7561747808941113, 1.7561620622926197
dl_il:0.9565416422914647, 0.9565079762274782, 0.9565079762274782, 0.9564900332999283, 0.9564900332999283, 0.9564900332999283, 0.9564900332999283, 0.9564900332999283, 0.9564900332999283, 0.9564900332999283, 0.9564900332999283, 0.9564900332999283, 0.9565079762274782, 0.9564900332999283, 0.9565416422914647, 0.9565416422914647, 0.9565416422914647, 0.9565416422914647, 0.9565416422914647, 0.9565416422914647, 0.9565416422914647, 0.9565416422914647, 0.9565416422914647, 0.9565079762274782, 0.9565079762274782, 0.9565079762274782, 0.9565079762274782, 0.9565079762274782, 0.9565079762274782, 0.9565079762274782
sinr_ul:0.00799808,0.01097935,0.03592194,0.05252653,0.0617441 ,0.0718796 ,0.07701811,0.09111759,0.09068244,0.08565635,0.08579523,0.09020893,0.08792206,0.0776014 ,0.05904721,0.05549457,0.05319183,0.03677241,0.02579174,0.01860841,0.01722359,0.0178082 ,0.01821426,0.01774339,0.01799338,0.01854095,0.0191097 ,0.02076037,0.02216767,0.02494392,0.02766859,0.032819  ,0.03919154,0.04418059,0.04275345,0.02916847,0.02826643,0.01648158,0.01051509,0.01813093
sinr_ul_bin_edges:50.231678  ,50.83421868,51.43675935,52.03930003,52.6418407 ,53.24438138,53.84692205,54.44946273,55.0520034 ,55.65454408,56.25708475,56.85962543,57.4621661 ,58.06470677,58.66724745,59.26978812,59.8723288 ,60.47486947,61.07741015,61.67995082,62.2824915 ,62.88503217,63.48757285,64.09011352,64.6926542 ,65.29519487,65.89773555,66.50027622,67.1028169 ,67.70535757,68.30789825,68.91043892,69.5129796 ,70.11552027,70.71806095,71.32060162,71.9231423 ,72.52568297,73.12822365,73.73076432,74.333305  
sinr_dl:0.00796289,0.0103182 ,0.03369697,0.05135852,0.06097396,0.07133576,0.07719168,0.09040019,0.09108314,0.08592734,0.08572391,0.08825492,0.08796034,0.08019956,0.05908892,0.05633467,0.05335585,0.03776692,0.02605508,0.01854397,0.01720977,0.01778969,0.01821108,0.01766419,0.01802746,0.01850698,0.01901688,0.02075794,0.02202212,0.02495074,0.02751345,0.03262301,0.03862424,0.04336261,0.04402046,0.02943416,0.02903522,0.01661005,0.01037236,0.01825864
sinr_dl_bin_edges:35.464504 ,36.0678063,36.6711086,37.2744109,37.8777132,38.4810155,39.0843178,39.6876201,40.2909224,40.8942247,41.497527 ,42.1008293,42.7041316,43.3074339,43.9107362,44.5140385,45.1173408,45.7206431,46.3239454,46.9272477,47.53055  ,48.1338523,48.7371546,49.3404569,49.9437592,50.5470615,51.1503638,51.7536661,52.3569684,52.9602707,53.563573 ,54.1668753,54.7701776,55.3734799,55.9767822,56.5800845,57.1833868,57.7866891,58.3899914,58.9932937,59.596596 
rsrp_ul:0.00796072,0.0102722 ,0.03352432,0.05210859,0.0606386 ,0.07124761,0.07708045,0.09036682,0.09113819,0.08590897,0.08575972,0.08904729,0.08824818,0.07919777,0.05917246,0.05595885,0.05337528,0.0378699 ,0.02604307,0.01857502,0.01719606,0.01781289,0.01817613,0.01770194,0.01800838,0.01850369,0.01904788,0.02072932,0.02205808,0.02491507,0.02755411,0.03260634,0.03867561,0.0433514 ,0.04438562,0.02883533,0.02905195,0.01664263,0.01033428,0.01828708
rsrp_ul_bin_edges:-105.65173   ,-105.04836363,-104.44499725,-103.84163088,-103.2382645 ,-102.63489813,-102.03153175,-101.42816538,-100.824799  ,-100.22143263, -99.61806625, -99.01469988, -98.4113335 , -97.80796713, -97.20460075, -96.60123438, -95.997868  , -95.39450163, -94.79113525, -94.18776888, -93.5844025 , -92.98103613, -92.37766975, -91.77430338, -91.170937  , -90.56757063, -89.96420425, -89.36083788, -88.7574715 , -88.15410513, -87.55073875, -86.94737238, -86.344006  , -85.74063963, -85.13727325, -84.53390687, -83.9305405 , -83.32717412, -82.72380775, -82.12044138, -81.517075  
rsrp_dl:0.00796072,0.0102722 ,0.03352432,0.05210859,0.0606386 ,0.07124761,0.07708045,0.09036682,0.09113819,0.08590897,0.08575972,0.08904729,0.08824818,0.07919777,0.05917246,0.05595885,0.05337528,0.0378699 ,0.02604307,0.01857502,0.01719606,0.01781421,0.0181748 ,0.01770194,0.01800838,0.01850369,0.01904788,0.02072932,0.02205808,0.02491639,0.02755411,0.03260502,0.03867561,0.0433514 ,0.04438562,0.02883533,0.02905195,0.01664263,0.01033428,0.01828708
rsrp_dl_bin_edges:-115.65173   ,-115.04836363,-114.44499725,-113.84163088,-113.2382645 ,-112.63489813,-112.03153175,-111.42816538,-110.824799  ,-110.22143263,-109.61806625,-109.01469988,-108.4113335 ,-107.80796713,-107.20460075,-106.60123438,-105.997868  ,-105.39450163,-104.79113525,-104.18776888,-103.5844025 ,-102.98103613,-102.37766975,-101.77430338,-101.170937  ,-100.56757063, -99.96420425, -99.36083788, -98.7574715 , -98.15410513, -97.55073875, -96.94737238, -96.344006  , -95.74063963, -95.13727325, -94.53390687, -93.9305405 , -93.32717412, -92.72380775, -92.12044138, -91.517075  
cqi_ul: 0., 0., 0., 0., 0., 0., 0., 0., 0., 0., 0., 0., 0., 0., 0., 0., 0., 0., 0., 0.,40., 0., 0., 0., 0., 0., 0., 0., 0., 0., 0., 0., 0., 0., 0., 0., 0., 0., 0., 0.
cqi_ul_bin_edges:14.5  ,14.525,14.55 ,14.575,14.6  ,14.625,14.65 ,14.675,14.7  ,14.725,14.75 ,14.775,14.8  ,14.825,14.85 ,14.875,14.9  ,14.925,14.95 ,14.975,15.   ,15.025,15.05 ,15.075,15.1  ,15.125,15.15 ,15.175,15.2  ,15.225,15.25 ,15.275,15.3  ,15.325,15.35 ,15.375,15.4  ,15.425,15.45 ,15.475,15.5  
cqi_dl: 0., 0., 0., 0., 0., 0., 0., 0., 0., 0., 0., 0., 0., 0., 0., 0., 0., 0., 0., 0.,40., 0., 0., 0., 0., 0., 0., 0., 0., 0., 0., 0., 0., 0., 0., 0., 0., 0., 0., 0.
cqi_dl_bin_edges:14.5  ,14.525,14.55 ,14.575,14.6  ,14.625,14.65 ,14.675,14.7  ,14.725,14.75 ,14.775,14.8  ,14.825,14.85 ,14.875,14.9  ,14.925,14.95 ,14.975,15.   ,15.025,15.05 ,15.075,15.1  ,15.125,15.15 ,15.175,15.2  ,15.225,15.25 ,15.275,15.3  ,15.325,15.35 ,15.375,15.4  ,15.425,15.45 ,15.475,15.5  
mcs_ul: 0., 0., 0., 0., 0., 0., 0., 0., 0., 0., 0., 0., 0., 0., 0., 0., 0., 0., 0., 0.,40., 0., 0., 0., 0., 0., 0., 0., 0., 0., 0., 0., 0., 0., 0., 0., 0., 0., 0., 0.
mcs_ul_bin_edges:27.5  ,27.525,27.55 ,27.575,27.6  ,27.625,27.65 ,27.675,27.7  ,27.725,27.75 ,27.775,27.8  ,27.825,27.85 ,27.875,27.9  ,27.925,27.95 ,27.975,28.   ,28.025,28.05 ,28.075,28.1  ,28.125,28.15 ,28.175,28.2  ,28.225,28.25 ,28.275,28.3  ,28.325,28.35 ,28.375,28.4  ,28.425,28.45 ,28.475,28.5  
mcs_dl: 0., 0., 0., 0., 0., 0., 0., 0., 0., 0., 0., 0., 0., 0., 0., 0., 0., 0., 0., 0.,40., 0., 0., 0., 0., 0., 0., 0., 0., 0., 0., 0., 0., 0., 0., 0., 0., 0., 0., 0.
mcs_dl_bin_edges:27.5  ,27.525,27.55 ,27.575,27.6  ,27.625,27.65 ,27.675,27.7  ,27.725,27.75 ,27.775,27.8  ,27.825,27.85 ,27.875,27.9  ,27.925,27.95 ,27.975,28.   ,28.025,28.05 ,28.075,28.1  ,28.125,28.15 ,28.175,28.2  ,28.225,28.25 ,28.275,28.3  ,28.325,28.35 ,28.375,28.4  ,28.425,28.45 ,28.475,28.5  
eff_ul: 0., 0., 0., 0., 0., 0., 0., 0., 0., 0., 0., 0., 0., 0., 0., 0., 0., 0., 0., 0.,40., 0., 0., 0., 0., 0., 0., 0., 0., 0., 0., 0., 0., 0., 0., 0., 0., 0., 0., 0.
eff_ul_bin_edges:5.054651,5.079651,5.104651,5.129651,5.154651,5.179651,5.204651,5.229651,5.254651,5.279651,5.304651,5.329651,5.354651,5.379651,5.404651,5.429651,5.454651,5.479651,5.504651,5.529651,5.554651,5.579651,5.604651,5.629651,5.654651,5.679651,5.704651,5.729651,5.754651,5.779651,5.804651,5.829651,5.854651,5.879651,5.904651,5.929651,5.954651,5.979651,6.004651,6.029651,6.054651
eff_dl: 0., 0., 0., 0., 0., 0., 0., 0., 0., 0., 0., 0., 0., 0., 0., 0., 0., 0., 0., 0.,40., 0., 0., 0., 0., 0., 0., 0., 0., 0., 0., 0., 0., 0., 0., 0., 0., 0., 0., 0.
eff_dl_bin_edges:5.054651,5.079651,5.104651,5.129651,5.154651,5.179651,5.204651,5.229651,5.254651,5.279651,5.304651,5.329651,5.354651,5.379651,5.404651,5.429651,5.454651,5.479651,5.504651,5.529651,5.554651,5.579651,5.604651,5.629651,5.654651,5.679651,5.704651,5.729651,5.754651,5.779651,5.804651,5.829651,5.854651,5.879651,5.904651,5.929651,5.954651,5.979651,6.004651,6.029651,6.054651
rul:0.03030585,0.        ,0.        ,0.        ,0.        ,0.        ,0.        ,0.        ,0.        ,0.        ,0.        ,0.        ,0.        ,0.        ,0.        ,0.        ,0.        ,0.        ,0.48027298,0.82956243,0.        ,0.        ,0.        ,0.        ,0.        ,0.        ,0.        ,0.        ,0.        ,0.        ,0.        ,0.        ,0.        ,0.        ,0.        ,0.        ,0.        ,0.        ,0.02215221,0.00805535
rul_bin_edges: 0.       , 0.7297412, 1.4594824, 2.1892236, 2.9189648, 3.648706 , 4.3784472, 5.1081884, 5.8379296, 6.5676708, 7.297412 , 8.0271532, 8.7568944, 9.4866356,10.2163768,10.946118 ,11.6758592,12.4056004,13.1353416,13.8650828,14.594824 ,15.3245652,16.0543064,16.7840476,17.5137888,18.24353  ,18.9732712,19.7030124,20.4327536,21.1624948,21.892236 ,22.6219772,23.3517184,24.0814596,24.8112008,25.540942 ,26.2706832,27.0004244,27.7301656,28.4599068,29.189648 
rdl:0.01645206,0.        ,0.        ,0.        ,0.        ,0.        ,0.        ,0.        ,0.        ,0.        ,0.        ,0.        ,0.        ,0.        ,0.        ,0.        ,0.        ,0.        ,0.        ,0.47404458,0.23702229,0.        ,0.        ,0.        ,0.        ,0.        ,0.        ,0.        ,0.        ,0.        ,0.        ,0.        ,0.        ,0.        ,0.        ,0.        ,0.        ,0.        ,0.        ,0.0163987 
rdl_bin_edges: 0.        , 1.34423485, 2.6884697 , 4.03270455, 5.3769394 , 6.72117425, 8.0654091 , 9.40964395,10.7538788 ,12.09811365,13.4423485 ,14.78658335,16.1308182 ,17.47505305,18.8192879 ,20.16352275,21.5077576 ,22.85199245,24.1962273 ,25.54046215,26.884697  ,28.22893185,29.5731667 ,30.91740155,32.2616364 ,33.60587125,34.9501061 ,36.29434095,37.6385758 ,38.98281065,40.3270455 ,41.67128035,43.0155152 ,44.35975005,45.7039849 ,47.04821975,48.3924546 ,49.73668945,51.0809243 ,52.42515915,53.769394  
lul:1.04399730e+02,0.00000000e+00,0.00000000e+00,0.00000000e+00,0.00000000e+00,0.00000000e+00,0.00000000e+00,0.00000000e+00,0.00000000e+00,0.00000000e+00,0.00000000e+00,0.00000000e+00,0.00000000e+00,0.00000000e+00,1.50109882e+01,1.09478635e+01,4.62744747e+00,2.59588517e+00,5.61313141e+00,1.36968683e+02,8.03926826e+02,1.37382896e+03,9.74228180e+02,5.94081488e+02,4.07839895e+02,1.81106255e+02,7.80308033e+01,2.50973188e+01,1.65158491e+00,1.95631926e-01,7.14808960e-02,0.00000000e+00,1.12864573e-01,0.00000000e+00,2.25729145e-01,0.00000000e+00,0.00000000e+00,0.00000000e+00,0.00000000e+00,1.12864573e-01
lul_bin_edges:0.        ,0.00021183,0.00042367,0.0006355 ,0.00084734,0.00105917,0.00127101,0.00148284,0.00169467,0.00190651,0.00211834,0.00233018,0.00254201,0.00275384,0.00296568,0.00317751,0.00338935,0.00360118,0.00381302,0.00402485,0.00423668,0.00444852,0.00466035,0.00487219,0.00508402,0.00529585,0.00550769,0.00571952,0.00593136,0.00614319,0.00635503,0.00656686,0.00677869,0.00699053,0.00720236,0.0074142 ,0.00762603,0.00783786,0.0080497 ,0.00826153,0.00847337
ldl:1.04674555e+02,0.00000000e+00,0.00000000e+00,0.00000000e+00,0.00000000e+00,0.00000000e+00,0.00000000e+00,0.00000000e+00,0.00000000e+00,0.00000000e+00,0.00000000e+00,0.00000000e+00,0.00000000e+00,0.00000000e+00,1.42583718e+01,1.16556531e+01,4.75279060e+00,2.60271866e+00,5.20543732e+00,1.16782855e+02,7.57881497e+02,1.38472177e+03,9.90353311e+02,6.13487193e+02,4.20659688e+02,1.95430223e+02,7.97035439e+01,2.82149791e+01,1.99918970e+00,1.50882241e-01,1.13161681e-01,0.00000000e+00,1.13161681e-01,0.00000000e+00,2.26323362e-01,0.00000000e+00,0.00000000e+00,0.00000000e+00,0.00000000e+00,1.13161681e-01
ldl_bin_edges:0.        ,0.00021128,0.00042256,0.00063383,0.00084511,0.00105639,0.00126767,0.00147895,0.00169022,0.0019015 ,0.00211278,0.00232406,0.00253534,0.00274661,0.00295789,0.00316917,0.00338045,0.00359173,0.003803  ,0.00401428,0.00422556,0.00443684,0.00464812,0.00485939,0.00507067,0.00528195,0.00549323,0.00570451,0.00591578,0.00612706,0.00633834,0.00654962,0.0067609 ,0.00697217,0.00718345,0.00739473,0.00760601,0.00781729,0.00802856,0.00823984,0.00845112
ilul:0.41870932,0.01231498,0.01187516,0.01187516,0.01187516,0.01143534,0.01099552,0.01099552,0.01143534,0.01143534,0.01099552,0.01187516,0.01143534,0.0105557 ,0.01099552,0.01099552,0.01099552,0.01143534,0.01143534,0.01099552,0.01143534,0.0105557 ,0.01099552,0.01143534,0.0105557 ,0.01099552,0.0105557 ,0.01099552,0.0105557 ,0.01099552,0.19959064,2.2215784 ,5.37469706,4.47083618,3.79024295,0.93692074,0.22756324,0.15770505,0.19365306,0.07941696
ilul_bin_edges:0.        ,0.05435982,0.10871963,0.16307945,0.21743927,0.27179909,0.3261589 ,0.38051872,0.43487854,0.48923836,0.54359817,0.59795799,0.65231781,0.70667763,0.76103744,0.81539726,0.86975708,0.9241169 ,0.97847671,1.03283653,1.08719635,1.14155617,1.19591598,1.2502758 ,1.30463562,1.35899544,1.41335525,1.46771507,1.52207489,1.57643471,1.63079452,1.68515434,1.73951416,1.79387398,1.84823379,1.90259361,1.95695343,2.01131325,2.06567306,2.12003288,2.1743927 
ildl:0.7498396 ,0.01437392,0.01197827,0.01277682,0.01277682,0.01357537,0.01117972,0.01197827,0.01197827,0.01277682,0.01117972,0.01038117,0.01197827,0.01197827,0.01197827,0.01197827,0.01197827,0.01117972,0.01197827,0.01197827,0.01197827,0.01197827,0.01197827,0.01117972,0.01038117,0.01117972,0.01117972,0.01277682,0.01277682,0.44905197,3.00920718,7.72092556,5.78949634,8.27618484,4.82883923,1.14459008,0.44745487,0.26538519,0.28401805,0.0998189 
ildl_bin_edges:0.        ,0.02993994,0.05987988,0.08981981,0.11975975,0.14969969,0.17963963,0.20957956,0.2395195 ,0.26945944,0.29939938,0.32933931,0.35927925,0.38921919,0.41915913,0.44909906,0.479039  ,0.50897894,0.53891888,0.56885881,0.59879875,0.62873869,0.65867863,0.68861856,0.7185585 ,0.74849844,0.77843838,0.80837831,0.83831825,0.86825819,0.89819813,0.92813806,0.958078  ,0.98801794,1.01795788,1.04789781,1.07783775,1.10777769,1.13771763,1.16765756,1.1975975 
eul:1.55490373e-03,0.00000000e+00,0.00000000e+00,0.00000000e+00,0.00000000e+00,0.00000000e+00,0.00000000e+00,0.00000000e+00,0.00000000e+00,9.13020139e-07,1.00432215e-05,1.17709600e-03,1.22947596e-02,1.29129960e-02,4.02425800e-03,2.87446130e-03,2.08022508e-03,8.09696693e-04,2.65171482e-04,1.08466793e-04,3.63382015e-05,1.18996958e-05,1.06214676e-05,4.99117676e-06,3.31730650e-06,9.13020139e-07,7.30416111e-07,0.00000000e+00,2.73906042e-06,0.00000000e+00,0.00000000e+00,0.00000000e+00,9.13020139e-07,0.00000000e+00,1.61300225e-06,0.00000000e+00,0.00000000e+00,0.00000000e+00,0.00000000e+00,9.13020139e-07
eul_bin_edges:   0.     ,  26.18625,  52.3725 ,  78.55875, 104.745  , 130.93125, 157.1175 , 183.30375, 209.49   , 235.67625, 261.8625 , 288.04875, 314.235  , 340.42125, 366.6075 , 392.79375, 418.98   , 445.16625, 471.3525 , 497.53875, 523.725  , 549.91125, 576.0975 , 602.28375, 628.47   , 654.65625, 680.8425 , 707.02875, 733.215  , 759.40125, 785.5875 , 811.77375, 837.96   , 864.14625, 890.3325 , 916.51875, 942.705  , 968.89125, 995.0775 ,1021.26375,1047.45   
edl:2.89336082e-03,0.00000000e+00,0.00000000e+00,0.00000000e+00,0.00000000e+00,0.00000000e+00,0.00000000e+00,0.00000000e+00,0.00000000e+00,9.13020139e-07,7.60850116e-06,1.12027571e-03,1.18041330e-02,1.24548121e-02,3.88946579e-03,2.79201559e-03,2.00773129e-03,7.86110340e-04,2.57776019e-04,1.02866936e-04,3.46947653e-05,1.06519016e-05,1.00432215e-05,4.86944074e-06,3.34774051e-06,6.08680093e-07,6.08680093e-07,0.00000000e+00,2.43472037e-06,0.00000000e+00,0.00000000e+00,0.00000000e+00,9.13020139e-07,0.00000000e+00,1.82604028e-06,0.00000000e+00,0.00000000e+00,0.00000000e+00,0.00000000e+00,9.13020139e-07
edl_bin_edges:   0.     ,  26.18625,  52.3725 ,  78.55875, 104.745  , 130.93125, 157.1175 , 183.30375, 209.49   , 235.67625, 261.8625 , 288.04875, 314.235  , 340.42125, 366.6075 , 392.79375, 418.98   , 445.16625, 471.3525 , 497.53875, 523.725  , 549.91125, 576.0975 , 602.28375, 628.47   , 654.65625, 680.8425 , 707.02875, 733.215  , 759.40125, 785.5875 , 811.77375, 837.96   , 864.14625, 890.3325 , 916.51875, 942.705  , 968.89125, 995.0775 ,1021.26375,1047.45   
gul:4.26938460e-02,0.00000000e+00,0.00000000e+00,0.00000000e+00,0.00000000e+00,0.00000000e+00,1.06402197e-06,0.00000000e+00,0.00000000e+00,0.00000000e+00,0.00000000e+00,7.44815377e-06,1.80883735e-05,6.56856228e-05,4.83846256e-04,6.15501241e-04,2.45895477e-04,1.31725920e-04,1.14737036e-04,7.15732110e-05,3.40487030e-05,1.12431655e-05,3.83047908e-06,1.91523954e-06,4.96543585e-07,1.17042416e-06,5.67478383e-07,2.48271792e-07,3.90141388e-07,0.00000000e+00,2.12804394e-07,0.00000000e+00,0.00000000e+00,0.00000000e+00,0.00000000e+00,0.00000000e+00,0.00000000e+00,0.00000000e+00,0.00000000e+00,2.48271792e-07
gul_bin_edges:  0.  , 22.47, 44.94, 67.41, 89.88,112.35,134.82,157.29,179.76,202.23,224.7 ,247.17,269.64,292.11,314.58,337.05,359.52,381.99,404.46,426.93,449.4 ,471.87,494.34,516.81,539.28,561.75,584.22,606.69,629.16,651.63,674.1 ,696.57,719.04,741.51,763.98,786.45,808.92,831.39,853.86,876.33,898.8 
gdl:5.01781513e-02,0.00000000e+00,0.00000000e+00,0.00000000e+00,0.00000000e+00,0.00000000e+00,0.00000000e+00,0.00000000e+00,1.29796817e-06,0.00000000e+00,0.00000000e+00,0.00000000e+00,0.00000000e+00,1.29796817e-06,1.42776498e-05,2.03348346e-05,1.30662129e-04,7.75752307e-04,1.32565815e-03,7.95654486e-04,3.24924698e-04,2.13299435e-04,1.98156473e-04,1.58352116e-04,7.39841855e-05,3.41798284e-05,1.86042104e-05,1.03837453e-05,6.92249688e-06,8.65312111e-07,4.32656055e-07,2.59593633e-06,1.29796817e-06,0.00000000e+00,4.32656055e-07,0.00000000e+00,4.32656055e-07,4.32656055e-07,0.00000000e+00,4.32656055e-07
gdl_bin_edges:  0.  , 18.42, 36.84, 55.26, 73.68, 92.1 ,110.52,128.94,147.36,165.78,184.2 ,202.62,221.04,239.46,257.88,276.3 ,294.72,313.14,331.56,349.98,368.4 ,386.82,405.24,423.66,442.08,460.5 ,478.92,497.34,515.76,534.18,552.6 ,571.02,589.44,607.86,626.28,644.7 ,663.12,681.54,699.96,718.38,736.8 
ri: 0., 0., 0., 0., 0., 0., 0., 0., 0., 0., 0., 0., 0., 0., 0., 0., 0., 0., 0., 0.,40., 0., 0., 0., 0., 0., 0., 0., 0., 0., 0., 0., 0., 0., 0., 0., 0., 0., 0., 0.
ri_bin_edges:0.5  ,0.525,0.55 ,0.575,0.6  ,0.625,0.65 ,0.675,0.7  ,0.725,0.75 ,0.775,0.8  ,0.825,0.85 ,0.875,0.9  ,0.925,0.95 ,0.975,1.   ,1.025,1.05 ,1.075,1.1  ,1.125,1.15 ,1.175,1.2  ,1.225,1.25 ,1.275,1.3  ,1.325,1.35 ,1.375,1.4  ,1.425,1.45 ,1.475,1.5  
