period:1
ue_log_freq:1000
mac_log_freq:1000
mimo_layers:2
frequency:2412000000.0
bandwidth:50000000
ue_speed:5.555555555555555
max_distance:1000
shannon_cfg_bandwidth_mhz:50.0
shannon_cfg_mimo_layers:2
shannon_cfg_bw_efficiency:0.67
shannon_cfg_sinr_offset_db:0
shannon_cfg_ul_divisor:2
shannon_cfg_sinr_sample_rate:1000
n_ue:10
sinr_period:9.463597741343282
sinr_rate:105.66805852612856
ul_fairness:0.8948278298839553
dl_fairness:0.8623289805523482
ul_agg_throughput:0.0483820623678355
dl_agg_throughput:0.0229041567075
ul_ave_throughput:0.0048382062367835505
dl_ave_throughput:0.0022904156707500003
ul_se:0.0009676412473567101
dl_se:0.00045808313415000005
ul_ase:3.080097753128556e-10
dl_ase:1.4581239029400063e-10
ul_gr:0.0054505416044108666, 0.0054505416044108666, 0.0054505416044108666, 0.0054505416044108666, 0.0054505416044108666, 0.0054505416044108666, 0.0054505416044108666, 0.0054505416044108666, 0.0054505416044108666, 0.0054505416044108666
dl_gr:0.0026481195555802454, 0.0026481195555802454, 0.0026481195555802454, 0.0026481195555802454, 0.0026481195555802454, 0.0026481195555802454, 0.0026481195555802454, 0.0026481195555802454, 0.0026481195555802454, 0.0026481195555802454
ul_tr:0.005450541817732349, 0.005450541787734015, 0.005450541787734015, 0.005450541817732349, 0.0, 0.005450541276651296, 0.005450540864596411, 0.0054505410927726235, 0.005450541241597689, 0.005450540867340703
dl_tr:0.002648119451808233, 0.002648119451808233, 0.002648119451808233, 0.002648119451808233, 0.0, 0.002648119617354592, 0.0026481194629187268, 0.002648119117160158, 0.002648119542358758, 0.0026481208693961444
ul_er:0.0, 0.0, 0.0, 0.0, 0.0, 0.0, 0.0, 0.0, 0.0, 0.0
dl_er:0.0, 0.0, 0.0, 0.0, 0.0, 0.0, 0.0, 0.0, 0.0, 0.0
ul_er_ratio:0.0, 0.0, 0.0, 0.0, 0.0, 0.0, 0.0, 0.0, 0.0, 0.0
dl_er_ratio:0.0, 0.0, 0.0, 0.0, 0.0, 0.0, 0.0, 0.0, 0.0, 0.0
ul_er_perc:0.0, 0.0, 0.0, 0.0, 0.0, 0.0, 0.0, 0.0, 0.0, 0.0
dl_er_perc:0.0, 0.0, 0.0, 0.0, 0.0, 0.0, 0.0, 0.0, 0.0, 0.0
ul_l:2.870344423643131e-05, 2.8705267074051443e-05, 2.8705267074051443e-05, 2.870312837064608e-05, 0.0, 2.9399107371812675e-05, 3.265792973168158e-05, 3.3853079045608576e-05, 2.9876926354091434e-05, 3.243935852452642e-05
dl_l:2.9873199999999997e-05, 2.9873199999999997e-05, 2.9873199999999997e-05, 2.9873199999999997e-05, 0.0, 3.0289508693961443e-05, 3.0850803660907724e-05, 3.083640480528859e-05, 3.0289508693961443e-05, 3.083159936114661e-05
ul_il:5.0703270151658245e-05, 5.07018531359369e-05, 5.07018531359369e-05, 5.0703393072607075e-05, 0.0, 5.3432584061996554e-05, 7.18165000944392e-05, 7.814644911393813e-05, 5.538472960946613e-05, 7.023951951002722e-05
dl_il:3.595215523582023e-05, 3.599390266651853e-05, 3.599390266651853e-05, 3.599390266651853e-05, 0.0, 3.670972728737293e-05, 3.840608330648297e-05, 3.844724023665352e-05, 3.674216430198323e-05, 3.816475066940725e-05
sinr_ul:0.07124536,0.        ,0.        ,0.        ,0.        ,0.        ,0.        ,0.        ,0.        ,0.        ,0.        ,0.07124536,0.        ,0.07124536,0.        ,0.        ,0.        ,0.07124536,0.        ,0.        ,0.        ,0.        ,0.        ,0.07124536,0.07124536,0.        ,0.        ,0.        ,0.        ,0.        ,0.        ,0.        ,0.07124536,0.        ,0.        ,0.        ,0.        ,0.07124536,0.07124536,0.07124536
sinr_ul_bin_edges:-7.0860987 ,-5.68249856,-4.27889842,-2.87529827,-1.47169813,-0.06809799, 1.33550215, 2.7391023 , 4.14270244, 5.54630258, 6.94990273, 8.35350287, 9.75710301,11.16070315,12.56430329,13.96790344,15.37150358,16.77510372,18.17870386,19.58230401,20.98590415,22.38950429,23.79310444,25.19670458,26.60030472,28.00390486,29.407505  ,30.81110515,32.21470529,33.61830543,35.02190557,36.42550572,37.82910586,39.232706  ,40.63630614,42.03990629,43.44350643,44.84710657,46.25070671,47.65430686,49.057907  
sinr_dl:0.07469537,0.        ,0.        ,0.        ,0.        ,0.        ,0.        ,0.        ,0.        ,0.        ,0.        ,0.07469537,0.        ,0.        ,0.07469537,0.        ,0.        ,0.        ,0.07469537,0.        ,0.        ,0.        ,0.        ,0.        ,0.07469537,0.07469537,0.        ,0.        ,0.        ,0.        ,0.        ,0.        ,0.        ,0.        ,0.07469537,0.        ,0.        ,0.        ,0.        ,0.22408611
sinr_dl_bin_edges:-5.2832556 ,-3.94448456,-2.60571352,-1.26694248, 0.07182856, 1.4105996 , 2.74937064, 4.08814168, 5.42691272, 6.76568376, 8.1044548 , 9.44322584,10.78199688,12.12076792,13.45953896,14.79831   ,16.13708104,17.47585208,18.81462312,20.15339416,21.4921652 ,22.83093624,24.16970728,25.50847832,26.84724936,28.1860204 ,29.52479144,30.86356248,32.20233352,33.54110456,34.8798756 ,36.21864664,37.55741768,38.89618872,40.23495976,41.5737308 ,42.91250184,44.25127288,45.59004392,46.92881496,48.267586  
rsrp_ul:0.07470636,0.        ,0.        ,0.        ,0.        ,0.        ,0.        ,0.        ,0.        ,0.        ,0.        ,0.07470636,0.        ,0.        ,0.07470636,0.        ,0.        ,0.        ,0.07470636,0.        ,0.        ,0.        ,0.        ,0.        ,0.07470636,0.07470636,0.        ,0.        ,0.        ,0.        ,0.        ,0.        ,0.        ,0.        ,0.07470636,0.        ,0.        ,0.07470636,0.        ,0.14941272
rsrp_ul_bin_edges:-142.23595  ,-140.8973759,-139.5588018,-138.2202277,-136.8816536,-135.5430795,-134.2045054,-132.8659313,-131.5273572,-130.1887831,-128.850209 ,-127.5116349,-126.1730608,-124.8344867,-123.4959126,-122.1573385,-120.8187644,-119.4801903,-118.1416162,-116.8030421,-115.464468 ,-114.1258939,-112.7873198,-111.4487457,-110.1101716,-108.7715975,-107.4330234,-106.0944493,-104.7558752,-103.4173011,-102.078727 ,-100.7401529, -99.4015788, -98.0630047, -96.7244306, -95.3858565, -94.0472824, -92.7087083, -91.3701342, -90.0315601, -88.692986 
rsrp_dl:0.07470638,0.        ,0.        ,0.        ,0.        ,0.        ,0.        ,0.        ,0.        ,0.        ,0.        ,0.07470638,0.        ,0.        ,0.07470638,0.        ,0.        ,0.        ,0.07470638,0.        ,0.        ,0.        ,0.        ,0.        ,0.07470638,0.07470638,0.        ,0.        ,0.        ,0.        ,0.        ,0.        ,0.        ,0.        ,0.07470638,0.        ,0.        ,0.07470638,0.        ,0.14941276
rsrp_dl_bin_edges:-145.4993    ,-144.16072625,-142.8221525 ,-141.48357875,-140.145005  ,-138.80643125,-137.4678575 ,-136.12928375,-134.79071   ,-133.45213625,-132.1135625 ,-130.77498875,-129.436415  ,-128.09784125,-126.7592675 ,-125.42069375,-124.08212   ,-122.74354625,-121.4049725 ,-120.06639875,-118.727825  ,-117.38925125,-116.0506775 ,-114.71210375,-113.37353   ,-112.03495625,-110.6963825 ,-109.35780875,-108.019235  ,-106.68066125,-105.3420875 ,-104.00351375,-102.66494   ,-101.32636625, -99.9877925 , -98.64921875, -97.310645  , -95.97207125, -94.6334975 , -93.29492375, -91.95635   
cqi_ul:0.26666667,0.        ,0.        ,0.        ,0.        ,0.26666667,0.        ,0.        ,0.26666667,0.        ,0.        ,0.        ,0.        ,0.26666667,0.        ,0.        ,0.        ,0.        ,0.        ,0.        ,0.        ,0.        ,0.        ,0.        ,0.26666667,0.        ,0.26666667,0.        ,0.        ,0.        ,0.        ,0.        ,0.        ,0.        ,0.        ,0.        ,0.        ,0.        ,0.        ,1.06666667
cqi_ul_bin_edges: 0.   , 0.375, 0.75 , 1.125, 1.5  , 1.875, 2.25 , 2.625, 3.   , 3.375, 3.75 , 4.125, 4.5  , 4.875, 5.25 , 5.625, 6.   , 6.375, 6.75 , 7.125, 7.5  , 7.875, 8.25 , 8.625, 9.   , 9.375, 9.75 ,10.125,10.5  ,10.875,11.25 ,11.625,12.   ,12.375,12.75 ,13.125,13.5  ,13.875,14.25 ,14.625,15.   
cqi_dl:0.26666667,0.        ,0.        ,0.        ,0.        ,0.26666667,0.        ,0.        ,0.26666667,0.        ,0.        ,0.        ,0.        ,0.        ,0.        ,0.        ,0.26666667,0.        ,0.        ,0.        ,0.        ,0.        ,0.        ,0.        ,0.        ,0.        ,0.26666667,0.        ,0.        ,0.26666667,0.        ,0.        ,0.        ,0.        ,0.        ,0.        ,0.        ,0.        ,0.        ,1.06666667
cqi_dl_bin_edges: 0.   , 0.375, 0.75 , 1.125, 1.5  , 1.875, 2.25 , 2.625, 3.   , 3.375, 3.75 , 4.125, 4.5  , 4.875, 5.25 , 5.625, 6.   , 6.375, 6.75 , 7.125, 7.5  , 7.875, 8.25 , 8.625, 9.   , 9.375, 9.75 ,10.125,10.5  ,10.875,11.25 ,11.625,12.   ,12.375,12.75 ,13.125,13.5  ,13.875,14.25 ,14.625,15.   
mcs_ul:0.14285714,0.14285714,0.        ,0.        ,0.14285714,0.        ,0.        ,0.        ,0.        ,0.        ,0.        ,0.14285714,0.        ,0.        ,0.        ,0.        ,0.        ,0.        ,0.        ,0.        ,0.        ,0.        ,0.14285714,0.        ,0.        ,0.14285714,0.        ,0.        ,0.        ,0.        ,0.        ,0.        ,0.        ,0.        ,0.        ,0.        ,0.        ,0.        ,0.        ,0.57142857
mcs_ul_bin_edges: 0. , 0.7, 1.4, 2.1, 2.8, 3.5, 4.2, 4.9, 5.6, 6.3, 7. , 7.7, 8.4, 9.1, 9.8,10.5,11.2,11.9,12.6,13.3,14. ,14.7,15.4,16.1,16.8,17.5,18.2,18.9,19.6,20.3,21. ,21.7,22.4,23.1,23.8,24.5,25.2,25.9,26.6,27.3,28. 
mcs_dl:0.14285714,0.        ,0.14285714,0.        ,0.        ,0.14285714,0.        ,0.        ,0.        ,0.        ,0.        ,0.        ,0.        ,0.        ,0.14285714,0.        ,0.        ,0.        ,0.        ,0.        ,0.        ,0.        ,0.        ,0.        ,0.        ,0.14285714,0.        ,0.        ,0.14285714,0.        ,0.        ,0.        ,0.        ,0.        ,0.        ,0.        ,0.        ,0.        ,0.        ,0.57142857
mcs_dl_bin_edges: 0. , 0.7, 1.4, 2.1, 2.8, 3.5, 4.2, 4.9, 5.6, 6.3, 7. , 7.7, 8.4, 9.1, 9.8,10.5,11.2,11.9,12.6,13.3,14. ,14.7,15.4,16.1,16.8,17.5,18.2,18.9,19.6,20.3,21. ,21.7,22.4,23.1,23.8,24.5,25.2,25.9,26.6,27.3,28. 
eff_ul:0.54008162,0.        ,0.54008162,0.        ,0.54008162,0.        ,0.        ,0.        ,0.        ,0.        ,0.        ,0.54008162,0.        ,0.        ,0.        ,0.        ,0.        ,0.        ,0.        ,0.        ,0.        ,0.        ,0.54008162,0.        ,0.        ,0.        ,0.54008162,0.        ,0.        ,0.        ,0.        ,0.        ,0.        ,0.        ,0.        ,0.        ,0.        ,0.        ,0.        ,2.16032647
eff_ul_bin_edges:0.       ,0.1851572,0.3703144,0.5554716,0.7406288,0.925786 ,1.1109432,1.2961004,1.4812576,1.6664148,1.851572 ,2.0367292,2.2218864,2.4070436,2.5922008,2.777358 ,2.9625152,3.1476724,3.3328296,3.5179868,3.703144 ,3.8883012,4.0734584,4.2586156,4.4437728,4.62893  ,4.8140872,4.9992444,5.1844016,5.3695588,5.554716 ,5.7398732,5.9250304,6.1101876,6.2953448,6.480502 ,6.6656592,6.8508164,7.0359736,7.2211308,7.406288 
eff_dl:0.54008162,0.        ,0.        ,0.54008162,0.        ,0.        ,0.54008162,0.        ,0.        ,0.        ,0.        ,0.        ,0.        ,0.54008162,0.        ,0.        ,0.        ,0.        ,0.        ,0.        ,0.        ,0.        ,0.        ,0.        ,0.        ,0.        ,0.54008162,0.        ,0.54008162,0.        ,0.        ,0.        ,0.        ,0.        ,0.        ,0.        ,0.        ,0.        ,0.        ,2.16032647
eff_dl_bin_edges:0.       ,0.1851572,0.3703144,0.5554716,0.7406288,0.925786 ,1.1109432,1.2961004,1.4812576,1.6664148,1.851572 ,2.0367292,2.2218864,2.4070436,2.5922008,2.777358 ,2.9625152,3.1476724,3.3328296,3.5179868,3.703144 ,3.8883012,4.0734584,4.2586156,4.4437728,4.62893  ,4.8140872,4.9992444,5.1844016,5.3695588,5.554716 ,5.7398732,5.9250304,6.1101876,6.2953448,6.480502 ,6.6656592,6.8508164,7.0359736,7.2211308,7.406288 
rul:7.55208635e+00,5.89014099e-04,5.89014099e-04,6.73158971e-04,7.57303842e-04,3.61822947e-03,6.73158971e-04,7.99376278e-04,4.62796792e-04,2.52434614e-04,4.20724357e-04,2.94507050e-04,2.94507050e-04,7.99376278e-04,4.79625767e-03,1.51460768e-03,2.52434614e-04,3.78651921e-04,3.36579485e-04,7.15231406e-04,1.68289743e-04,3.36579485e-04,4.20724357e-05,1.00973846e-03,4.62796792e-04,3.36579485e-04,2.52434614e-04,4.20724357e-05,0.00000000e+00,2.52434614e-04,0.00000000e+00,0.00000000e+00,0.00000000e+00,0.00000000e+00,0.00000000e+00,0.00000000e+00,0.00000000e+00,0.00000000e+00,4.20724357e-05,2.10362178e-04
rul_bin_edges:0.        ,0.13204006,0.26408012,0.39612018,0.52816024,0.6602003 ,0.79224036,0.92428042,1.05632048,1.18836054,1.3204006 ,1.45244066,1.58448072,1.71652078,1.84856084,1.9806009 ,2.11264096,2.24468102,2.37672108,2.50876114,2.6408012 ,2.77284126,2.90488132,3.03692138,3.16896144,3.3010015 ,3.43304156,3.56508162,3.69712168,3.82916174,3.9612018 ,4.09324186,4.22528192,4.35732198,4.48936204,4.6214021 ,4.75344216,4.88548222,5.01752228,5.14956234,5.2816024 
rdl:9.84564400e+00,2.96192076e-03,0.00000000e+00,3.29102306e-04,8.72121112e-03,2.19401538e-04,4.11377883e-03,2.85221999e-03,7.13054997e-04,1.09700769e-04,8.77606150e-04,5.48503844e-04,3.72982614e-03,8.77606150e-04,1.09700769e-04,2.19401538e-04,2.19401538e-04,0.00000000e+00,0.00000000e+00,2.74251922e-04,5.48503844e-04,0.00000000e+00,5.48503844e-05,0.00000000e+00,5.48503844e-05,0.00000000e+00,0.00000000e+00,0.00000000e+00,5.48503844e-05,0.00000000e+00,0.00000000e+00,1.09700769e-04,5.48503844e-05,0.00000000e+00,0.00000000e+00,0.00000000e+00,0.00000000e+00,0.00000000e+00,0.00000000e+00,2.19401538e-04
rdl_bin_edges:0.     ,0.10128,0.20256,0.30384,0.40512,0.5064 ,0.60768,0.70896,0.81024,0.91152,1.0128 ,1.11408,1.21536,1.31664,1.41792,1.5192 ,1.62048,1.72176,1.82304,1.92432,2.0256 ,2.12688,2.22816,2.32944,2.43072,2.532  ,2.63328,2.73456,2.83584,2.93712,3.0384 ,3.13968,3.24096,3.34224,3.44352,3.5448 ,3.64608,3.74736,3.84864,3.94992,4.0512 
lul:9.87065301e+03,0.00000000e+00,0.00000000e+00,0.00000000e+00,0.00000000e+00,0.00000000e+00,0.00000000e+00,0.00000000e+00,0.00000000e+00,0.00000000e+00,0.00000000e+00,0.00000000e+00,0.00000000e+00,0.00000000e+00,0.00000000e+00,0.00000000e+00,0.00000000e+00,0.00000000e+00,0.00000000e+00,0.00000000e+00,0.00000000e+00,0.00000000e+00,0.00000000e+00,0.00000000e+00,0.00000000e+00,0.00000000e+00,0.00000000e+00,0.00000000e+00,0.00000000e+00,4.58377476e+01,8.57038706e+00,1.10585640e+00,1.21644203e+00,1.32702767e+00,2.43288407e+00,6.63513837e-01,3.31756919e-01,2.76464099e-01,1.65878459e-01,2.06795146e+01
lul_bin_edges:0.        ,0.00010047,0.00020094,0.00030141,0.00040188,0.00050235,0.00060282,0.00070329,0.00080376,0.00090423,0.0010047 ,0.00110517,0.00120564,0.0013061 ,0.00140657,0.00150704,0.00160751,0.00170798,0.00180845,0.00190892,0.00200939,0.00210986,0.00221033,0.0023108 ,0.00241127,0.00251174,0.00261221,0.00271268,0.00281315,0.00291362,0.00301409,0.00311456,0.00321503,0.0033155 ,0.00341597,0.00351644,0.00361691,0.00371737,0.00381784,0.00391831,0.00401878
ldl:9.87109535e+03,0.00000000e+00,0.00000000e+00,0.00000000e+00,0.00000000e+00,0.00000000e+00,0.00000000e+00,0.00000000e+00,0.00000000e+00,0.00000000e+00,0.00000000e+00,0.00000000e+00,0.00000000e+00,0.00000000e+00,0.00000000e+00,0.00000000e+00,0.00000000e+00,0.00000000e+00,0.00000000e+00,0.00000000e+00,0.00000000e+00,0.00000000e+00,0.00000000e+00,0.00000000e+00,0.00000000e+00,0.00000000e+00,0.00000000e+00,0.00000000e+00,0.00000000e+00,4.79388747e+01,7.13277375e+00,5.52928198e-02,2.21171279e-01,3.87049738e-01,3.31756919e+00,3.31756919e-01,2.76464099e-01,0.00000000e+00,5.52928198e-02,2.24488848e+01
ldl_bin_edges:0.        ,0.00010047,0.00020094,0.00030141,0.00040188,0.00050235,0.00060282,0.00070329,0.00080376,0.00090423,0.0010047 ,0.00110517,0.00120564,0.0013061 ,0.00140657,0.00150704,0.00160751,0.00170798,0.00180845,0.00190892,0.00200939,0.00210986,0.00221033,0.0023108 ,0.00241127,0.00251174,0.00261221,0.00271268,0.00281315,0.00291362,0.00301409,0.00311456,0.00321503,0.0033155 ,0.00341597,0.00351644,0.00361691,0.00371737,0.00381784,0.00391831,0.00401878
ilul:1.41706678e+03,0.00000000e+00,0.00000000e+00,0.00000000e+00,2.63542860e+00,2.00038556e+00,2.46079176e-01,1.19864373e+00,7.06485377e-01,3.88963859e-01,5.47724618e-01,8.73184174e-01,1.24627196e+00,1.58760759e-01,8.73184174e-01,2.77831328e-01,5.55662656e-02,1.19070569e-01,1.19070569e-01,2.38141138e-02,1.03194493e-01,1.58760759e-02,3.96901897e-02,2.38141138e-02,2.38141138e-02,6.35043036e-02,7.93803795e-03,0.00000000e+00,2.38141138e-02,1.58760759e-02,2.38141138e-02,3.17521518e-02,0.00000000e+00,0.00000000e+00,0.00000000e+00,0.00000000e+00,0.00000000e+00,0.00000000e+00,7.93803795e-03,7.93803795e-03
ilul_bin_edges:0.        ,0.00069983,0.00139965,0.00209948,0.0027993 ,0.00349913,0.00419896,0.00489878,0.00559861,0.00629844,0.00699826,0.00769809,0.00839791,0.00909774,0.00979757,0.01049739,0.01119722,0.01189705,0.01259687,0.0132967 ,0.01399652,0.01469635,0.01539618,0.016096  ,0.01679583,0.01749566,0.01819548,0.01889531,0.01959513,0.02029496,0.02099479,0.02169461,0.02239444,0.02309426,0.02379409,0.02449392,0.02519374,0.02589357,0.0265934 ,0.02729322,0.02799305
ildl:5.41249083e+03,0.00000000e+00,0.00000000e+00,0.00000000e+00,0.00000000e+00,0.00000000e+00,0.00000000e+00,0.00000000e+00,0.00000000e+00,0.00000000e+00,0.00000000e+00,0.00000000e+00,0.00000000e+00,0.00000000e+00,0.00000000e+00,0.00000000e+00,1.96157467e+01,0.00000000e+00,0.00000000e+00,2.42544009e-01,0.00000000e+00,1.17027484e+01,0.00000000e+00,6.06360022e-02,3.63816013e-01,3.03180011e-02,1.51590006e-01,5.54819421e+00,2.12226008e-01,3.63816013e-01,1.39462805e+00,0.00000000e+00,3.85038614e+00,6.06360022e-02,3.03180011e-02,2.12226008e-01,6.06360022e-02,0.00000000e+00,1.09144804e+00,6.06360022e-02
ildl_bin_edges:0.        ,0.00018323,0.00036647,0.0005497 ,0.00073293,0.00091616,0.0010994 ,0.00128263,0.00146586,0.00164909,0.00183233,0.00201556,0.00219879,0.00238202,0.00256526,0.00274849,0.00293172,0.00311495,0.00329819,0.00348142,0.00366465,0.00384789,0.00403112,0.00421435,0.00439758,0.00458082,0.00476405,0.00494728,0.00513051,0.00531375,0.00549698,0.00568021,0.00586344,0.00604668,0.00622991,0.00641314,0.00659637,0.00677961,0.00696284,0.00714607,0.00732931
eul: 0., 0., 0., 0., 0., 0., 0., 0., 0., 0., 0., 0., 0., 0., 0., 0., 0., 0., 0., 0.,40., 0., 0., 0., 0., 0., 0., 0., 0., 0., 0., 0., 0., 0., 0., 0., 0., 0., 0., 0.
eul_bin_edges:-0.5  ,-0.475,-0.45 ,-0.425,-0.4  ,-0.375,-0.35 ,-0.325,-0.3  ,-0.275,-0.25 ,-0.225,-0.2  ,-0.175,-0.15 ,-0.125,-0.1  ,-0.075,-0.05 ,-0.025, 0.   , 0.025, 0.05 , 0.075, 0.1  , 0.125, 0.15 , 0.175, 0.2  , 0.225, 0.25 , 0.275, 0.3  , 0.325, 0.35 , 0.375, 0.4  , 0.425, 0.45 , 0.475, 0.5  
edl: 0., 0., 0., 0., 0., 0., 0., 0., 0., 0., 0., 0., 0., 0., 0., 0., 0., 0., 0., 0.,40., 0., 0., 0., 0., 0., 0., 0., 0., 0., 0., 0., 0., 0., 0., 0., 0., 0., 0., 0.
edl_bin_edges:-0.5  ,-0.475,-0.45 ,-0.425,-0.4  ,-0.375,-0.35 ,-0.325,-0.3  ,-0.275,-0.25 ,-0.225,-0.2  ,-0.175,-0.15 ,-0.125,-0.1  ,-0.075,-0.05 ,-0.025, 0.   , 0.025, 0.05 , 0.075, 0.1  , 0.125, 0.15 , 0.175, 0.2  , 0.225, 0.25 , 0.275, 0.3  , 0.325, 0.35 , 0.375, 0.4  , 0.425, 0.45 , 0.475, 0.5  
gul:7.55452998e+00,0.00000000e+00,4.20724548e-04,0.00000000e+00,0.00000000e+00,3.36579638e-03,4.20724548e-04,8.41449096e-04,0.00000000e+00,0.00000000e+00,0.00000000e+00,0.00000000e+00,0.00000000e+00,4.20724548e-04,5.46941912e-03,1.68289819e-03,0.00000000e+00,0.00000000e+00,0.00000000e+00,0.00000000e+00,0.00000000e+00,4.20724548e-04,4.20724548e-04,1.68289819e-03,8.41449096e-04,1.68289819e-03,4.20724548e-04,0.00000000e+00,0.00000000e+00,4.20724548e-04,0.00000000e+00,0.00000000e+00,0.00000000e+00,0.00000000e+00,0.00000000e+00,0.00000000e+00,0.00000000e+00,0.00000000e+00,0.00000000e+00,4.20724548e-04
gul_bin_edges:0.     ,0.13204,0.26408,0.39612,0.52816,0.6602 ,0.79224,0.92428,1.05632,1.18836,1.3204 ,1.45244,1.58448,1.71652,1.84856,1.9806 ,2.11264,2.24468,2.37672,2.50876,2.6408 ,2.77284,2.90488,3.03692,3.16896,3.301  ,3.43304,3.56508,3.69712,3.82916,3.9612 ,4.09324,4.22528,4.35732,4.48936,4.6214 ,4.75344,4.88548,5.01752,5.14956,5.2816 
gdl:9.84344998e+00,3.83952691e-03,0.00000000e+00,0.00000000e+00,9.32456535e-03,0.00000000e+00,4.38803075e-03,2.74251922e-03,5.48503844e-04,0.00000000e+00,1.64551153e-03,0.00000000e+00,4.38803075e-03,1.09700769e-03,0.00000000e+00,0.00000000e+00,0.00000000e+00,0.00000000e+00,0.00000000e+00,5.48503844e-04,1.09700769e-03,0.00000000e+00,0.00000000e+00,0.00000000e+00,0.00000000e+00,0.00000000e+00,0.00000000e+00,0.00000000e+00,0.00000000e+00,0.00000000e+00,0.00000000e+00,0.00000000e+00,0.00000000e+00,0.00000000e+00,0.00000000e+00,0.00000000e+00,0.00000000e+00,0.00000000e+00,0.00000000e+00,5.48503844e-04
gdl_bin_edges:0.     ,0.10128,0.20256,0.30384,0.40512,0.5064 ,0.60768,0.70896,0.81024,0.91152,1.0128 ,1.11408,1.21536,1.31664,1.41792,1.5192 ,1.62048,1.72176,1.82304,1.92432,2.0256 ,2.12688,2.22816,2.32944,2.43072,2.532  ,2.63328,2.73456,2.83584,2.93712,3.0384 ,3.13968,3.24096,3.34224,3.44352,3.5448 ,3.64608,3.74736,3.84864,3.94992,4.0512 
ri: 0., 0., 0., 0., 0., 0., 0., 0., 0., 0., 0., 0., 0., 0., 0., 0., 0., 0., 0., 0.,40., 0., 0., 0., 0., 0., 0., 0., 0., 0., 0., 0., 0., 0., 0., 0., 0., 0., 0., 0.
ri_bin_edges:0.5  ,0.525,0.55 ,0.575,0.6  ,0.625,0.65 ,0.675,0.7  ,0.725,0.75 ,0.775,0.8  ,0.825,0.85 ,0.875,0.9  ,0.925,0.95 ,0.975,1.   ,1.025,1.05 ,1.075,1.1  ,1.125,1.15 ,1.175,1.2  ,1.225,1.25 ,1.275,1.3  ,1.325,1.35 ,1.375,1.4  ,1.425,1.45 ,1.475,1.5  
