period:1
ue_log_freq:1000
mac_log_freq:1000
mimo_layers:2
frequency:2412000000.0
bandwidth:50000000
ue_speed:5.555555555555555
max_distance:1000
shannon_cfg_bandwidth_mhz:50.0
shannon_cfg_mimo_layers:2
shannon_cfg_bw_efficiency:0.67
shannon_cfg_sinr_offset_db:0
shannon_cfg_ul_divisor:2
shannon_cfg_sinr_sample_rate:1000
n_ue:3
sinr_period:9.463597741343282
sinr_rate:105.66805852612856
ul_fairness:0.9983884387935104
dl_fairness:0.9965408629031283
ul_agg_throughput:1.6414397983313416
dl_agg_throughput:1.4416059044739782
ul_ave_throughput:0.5471465994437805
dl_ave_throughput:0.48053530149132606
ul_se:0.03282879596662683
dl_se:0.028832118089479563
ul_ase:1.0449730307687872e-08
dl_ase:9.177548227499852e-09
ul_gr:0.09999899416782831, 0.09999899416782831, 0.189490337199088
dl_gr:0.09999899416782831, 0.09999899416782831, 0.19999798813307867
ul_tr:0.04037755908341917, 0.042156537997460025, 0.08469103803626965
dl_tr:0.0730864020304297, 0.07681931557307427, 0.16034853833786664
ul_er:0.0, 0.0, 0.010505634954150458
dl_er:0.0, 0.0, 0.0
ul_er_ratio:0.0, 0.0, 0.11035716505772915
dl_er_ratio:0.0, 0.0, 0.0
ul_er_perc:0.0, 0.0, 11.035716505772914
dl_er_perc:0.0, 0.0, 0.0
ul_l:0.002693001660078399, 0.002861243474490255, 0.0028142930938690617
dl_l:0.005302474605853941, 0.005598387608208918, 0.005711469444200558
ul_il:0.0029807612251727482, 0.003156135666418336, 0.003465154613508865
dl_il:0.00594350850804492, 0.006578021618413815, 0.00795818223083769
sinr_ul:0.00323638,0.00673092,0.04462271,0.03203826,0.0184885 ,0.02467129,0.03479199,0.02326076,0.02234597,0.02994865,0.03715847,0.04103464,0.04714634,0.02117675,0.01204942,0.00624827,0.00440933,0.00424845,0.00465814,0.00441307,0.00124217,0.00120101,0.00269012,0.01947064,0.01416149,0.02085312,0.01629226,0.00843142,0.00918158,0.00950709,0.00821628,0.00417549,0.00550184,0.00282107,0.00198111,0.00381443,0.0034141 ,0.00187635,0.00199795,0.00171921
sinr_ul_bin_edges:-21.17335   ,-19.39153985,-17.6097297 ,-15.82791955,-14.0461094 ,-12.26429925,-10.4824891 , -8.70067895, -6.9188688 , -5.13705865, -3.3552485 , -1.57343835,  0.2083718 ,  1.99018195,  3.7719921 ,  5.55380225,  7.3356124 ,  9.11742255, 10.8992327 , 12.68104285, 14.462853  , 16.24466315, 18.0264733 , 19.80828345, 21.5900936 , 23.37190375, 25.1537139 , 26.93552405, 28.7173342 , 30.49914435, 32.2809545 , 34.06276465, 35.8445748 , 37.62638495, 39.4081951 , 41.19000525, 42.9718154 , 44.75362555, 46.5354357 , 48.31724585, 50.099056  
sinr_dl:0.0032429 ,0.00671972,0.04456795,0.03212216,0.01851618,0.02464271,0.03477936,0.02326358,0.02233918,0.02984857,0.0372644 ,0.0410219 ,0.0473    ,0.02110227,0.01205844,0.0062519 ,0.0044218 ,0.00424403,0.00465197,0.00444239,0.00123504,0.00119948,0.0025075 ,0.01959777,0.01426466,0.02069808,0.01637171,0.00845064,0.00914862,0.00948919,0.00829158,0.00415608,0.00552211,0.00282935,0.00197793,0.00362464,0.00360593,0.00187875,0.00199664,0.00173841
sinr_dl_bin_edges:-12.01266  ,-10.2313529, -8.4500458, -6.6687387, -4.8874316, -3.1061245, -1.3248174,  0.4564897,  2.2377968,  4.0191039,  5.800411 ,  7.5817181,  9.3630252, 11.1443323, 12.9256394, 14.7069465, 16.4882536, 18.2695607, 20.0508678, 21.8321749, 23.613482 , 25.3947891, 27.1760962, 28.9574033, 30.7387104, 32.5200175, 34.3013246, 36.0826317, 37.8639388, 39.6452459, 41.426553 , 43.2078601, 44.9891672, 46.7704743, 48.5517814, 50.3330885, 52.1143956, 53.8957027, 55.6770098, 57.4583169, 59.239624 
rsrp_ul:0.00324523,0.00672065,0.04452546,0.03217714,0.01852062,0.02463489,0.03477481,0.02327429,0.0223273 ,0.02978533,0.0373388 ,0.04100887,0.04736269,0.02107338,0.01205637,0.00626587,0.00441867,0.00425023,0.00464887,0.00445049,0.00122959,0.00120152,0.00246106,0.0196192 ,0.0143153 ,0.02062234,0.01640953,0.00846117,0.00913117,0.00948115,0.00832829,0.00414356,0.0055341 ,0.00283349,0.0019782 ,0.0035297 ,0.00370188,0.00187714,0.00199505,0.00174988
rsrp_ul_bin_edges:-136.63974  ,-134.8586795,-133.077619 ,-131.2965585,-129.515498 ,-127.7344375,-125.953377 ,-124.1723165,-122.391256 ,-120.6101955,-118.829135 ,-117.0480745,-115.267014 ,-113.4859535,-111.704893 ,-109.9238325,-108.142772 ,-106.3617115,-104.580651 ,-102.7995905,-101.01853  , -99.2374695, -97.456409 , -95.6753485, -93.894288 , -92.1132275, -90.332167 , -88.5511065, -86.770046 , -84.9889855, -83.207925 , -81.4268645, -79.645804 , -77.8647435, -76.083683 , -74.3026225, -72.521562 , -70.7405015, -68.959441 , -67.1783805, -65.39732  
rsrp_dl:0.00324523,0.00672065,0.04452547,0.03217714,0.01852062,0.02463489,0.03477482,0.02327429,0.0223273 ,0.02978533,0.03733881,0.04100887,0.0473627 ,0.02107338,0.01205637,0.00626587,0.00441867,0.00425023,0.00464887,0.00445049,0.00122959,0.00120152,0.00246106,0.0196192 ,0.0143153 ,0.02062234,0.01640954,0.00846117,0.00913117,0.00948115,0.00832829,0.00414356,0.0055341 ,0.00283349,0.0019782 ,0.0035297 ,0.00370188,0.00187714,0.00199505,0.00174988
rsrp_dl_bin_edges:-129.65004   ,-127.86897967,-126.08791935,-124.30685902,-122.5257987 ,-120.74473837,-118.96367805,-117.18261772,-115.4015574 ,-113.62049707,-111.83943675,-110.05837642,-108.2773161 ,-106.49625577,-104.71519545,-102.93413512,-101.1530748 , -99.37201447, -97.59095415, -95.80989382, -94.0288335 , -92.24777317, -90.46671285, -88.68565252, -86.9045922 , -85.12353187, -83.34247155, -81.56141123, -79.7803509 , -77.99929058, -76.21823025, -74.43716992, -72.6561096 , -70.87504927, -69.09398895, -67.31292862, -65.5318683 , -63.75080798, -61.96974765, -60.18868732, -58.407627  
cqi_ul:1.79781313,0.        ,0.12548319,0.        ,0.        ,0.0520617 ,0.        ,0.        ,0.03503965,0.        ,0.00612438,0.        ,0.        ,0.00614216,0.        ,0.        ,0.02807972,0.        ,0.09081687,0.        ,0.        ,0.06974152,0.        ,0.        ,0.13110091,0.        ,0.04816841,0.        ,0.        ,0.02521753,0.        ,0.        ,0.0650749 ,0.        ,0.05057727,0.        ,0.        ,0.01088878,0.        ,0.12433653
cqi_ul_bin_edges: 0.   , 0.375, 0.75 , 1.125, 1.5  , 1.875, 2.25 , 2.625, 3.   , 3.375, 3.75 , 4.125, 4.5  , 4.875, 5.25 , 5.625, 6.   , 6.375, 6.75 , 7.125, 7.5  , 7.875, 8.25 , 8.625, 9.   , 9.375, 9.75 ,10.125,10.5  ,10.875,11.25 ,11.625,12.   ,12.375,12.75 ,13.125,13.5  ,13.875,14.25 ,14.625,15.   
cqi_dl:0.93501287,0.        ,0.36556968,0.        ,0.        ,0.47495525,0.        ,0.        ,0.12590096,0.        ,0.02874638,0.        ,0.        ,0.0215909 ,0.        ,0.        ,0.01329764,0.        ,0.02535975,0.        ,0.        ,0.01924425,0.        ,0.        ,0.00632883,0.        ,0.00593772,0.        ,0.        ,0.02574196,0.        ,0.        ,0.09332351,0.        ,0.07552813,0.        ,0.        ,0.11583884,0.        ,0.33428999
cqi_dl_bin_edges: 0.   , 0.375, 0.75 , 1.125, 1.5  , 1.875, 2.25 , 2.625, 3.   , 3.375, 3.75 , 4.125, 4.5  , 4.875, 5.25 , 5.625, 6.   , 6.375, 6.75 , 7.125, 7.5  , 7.875, 8.25 , 8.625, 9.   , 9.375, 9.75 ,10.125,10.5  ,10.875,11.25 ,11.625,12.   ,12.375,12.75 ,13.125,13.5  ,13.875,14.25 ,14.625,15.   
mcs_ul:1.03033732,0.0150189 ,0.0128713 ,0.        ,0.01236178,0.00640946,0.        ,0.00169998,0.00158094,0.        ,0.00169046,0.00159998,0.00159046,0.        ,0.01345225,0.03078064,0.        ,0.01787125,0.01691412,0.        ,0.02044741,0.03338062,0.03685201,0.        ,0.01343796,0.01236654,0.        ,0.00782373,0.00568566,0.        ,0.01503794,0.01982361,0.00890943,0.        ,0.01818553,0.00291902,0.        ,0.00291426,0.        ,0.06660886
mcs_ul_bin_edges: 0. , 0.7, 1.4, 2.1, 2.8, 3.5, 4.2, 4.9, 5.6, 6.3, 7. , 7.7, 8.4, 9.1, 9.8,10.5,11.2,11.9,12.6,13.3,14. ,14.7,15.4,16.1,16.8,17.5,18.2,18.9,19.6,20.3,21. ,21.7,22.4,23.1,23.8,24.5,25.2,25.9,26.6,27.3,28. 
mcs_dl:0.69674065,0.13665101,0.1177893 ,0.        ,0.0453805 ,0.02206645,0.        ,0.00831896,0.00708088,0.        ,0.0059047 ,0.00566185,0.00364758,0.        ,0.00347616,0.00667612,0.        ,0.00690945,0.00662851,0.        ,0.00368092,0.00170951,0.00168094,0.        ,0.00159046,0.00159046,0.        ,0.00116189,0.01261416,0.        ,0.03135683,0.01865219,0.019376  ,0.        ,0.0210855 ,0.02740925,0.        ,0.03464727,0.        ,0.17908392
mcs_dl_bin_edges: 0. , 0.7, 1.4, 2.1, 2.8, 3.5, 4.2, 4.9, 5.6, 6.3, 7. , 7.7, 8.4, 9.1, 9.8,10.5,11.2,11.9,12.6,13.3,14. ,14.7,15.4,16.1,16.8,17.5,18.2,18.9,19.6,20.3,21. ,21.7,22.4,23.1,23.8,24.5,25.2,25.9,26.6,27.3,28. 
eff_ul:3.64111545,0.25414142,0.05677991,0.04866078,0.04673451,0.        ,0.02423138,0.0064269 ,0.        ,0.00597683,0.00639089,0.00604884,0.00601284,0.05085709,0.11636822,0.        ,0.06756342,0.06394491,0.        ,0.07730277,0.        ,0.12619759,0.13932142,0.        ,0.05080308,0.        ,0.04675252,0.02957812,0.021495  ,0.05685192,0.        ,0.07494444,0.        ,0.03368269,0.        ,0.06875158,0.        ,0.01103554,0.01101754,0.2518191 
eff_ul_bin_edges:0.        ,0.18515752,0.37031505,0.55547258,0.7406301 ,0.92578762,1.11094515,1.29610267,1.4812602 ,1.66641772,1.85157525,2.03673277,2.2218903 ,2.40704782,2.59220535,2.77736287,2.9625204 ,3.14767792,3.33283545,3.51799297,3.7031505 ,3.88830802,4.07346555,4.25862308,4.4437806 ,4.62893812,4.81409565,4.99925317,5.1844107 ,5.36956823,5.55472575,5.73988327,5.9250408 ,6.11019832,6.29535585,6.48051337,6.6656709 ,6.85082842,7.03598595,7.22114347,7.406301  
eff_dl:1.89368392,0.74038919,0.516618  ,0.44531006,0.17156391,0.        ,0.08342363,0.03145038,0.        ,0.02676973,0.02232311,0.02140498,0.01378992,0.01314183,0.02523952,0.        ,0.02612164,0.02505949,0.        ,0.01391594,0.        ,0.0064629 ,0.00635489,0.        ,0.00601284,0.        ,0.00601284,0.00439261,0.04768865,0.11854652,0.        ,0.07051583,0.        ,0.07325221,0.        ,0.07971511,0.        ,0.10362244,0.13098626,0.67703836
eff_dl_bin_edges:0.        ,0.18515752,0.37031505,0.55547258,0.7406301 ,0.92578762,1.11094515,1.29610267,1.4812602 ,1.66641772,1.85157525,2.03673277,2.2218903 ,2.40704782,2.59220535,2.77736287,2.9625204 ,3.14767792,3.33283545,3.51799297,3.7031505 ,3.88830802,4.07346555,4.25862308,4.4437806 ,4.62893812,4.81409565,4.99925317,5.1844107 ,5.36956823,5.55472575,5.73988327,5.9250408 ,6.11019832,6.29535585,6.48051337,6.6656709 ,6.85082842,7.03598595,7.22114347,7.406301  
rul:8.62179572e-01,0.00000000e+00,5.75037481e-06,2.87518741e-06,0.00000000e+00,0.00000000e+00,0.00000000e+00,5.75037481e-06,2.87518741e-06,2.87518741e-06,0.00000000e+00,2.87518741e-06,2.87518741e-06,0.00000000e+00,0.00000000e+00,5.75037481e-06,0.00000000e+00,2.87518741e-06,0.00000000e+00,2.58766867e-04,0.00000000e+00,0.00000000e+00,0.00000000e+00,0.00000000e+00,0.00000000e+00,0.00000000e+00,0.00000000e+00,0.00000000e+00,0.00000000e+00,0.00000000e+00,0.00000000e+00,0.00000000e+00,0.00000000e+00,0.00000000e+00,0.00000000e+00,0.00000000e+00,2.87518741e-06,0.00000000e+00,0.00000000e+00,8.91308096e-05
rul_bin_edges: 0.        , 1.15933313, 2.31866625, 3.47799938, 4.6373325 , 5.79666563, 6.95599875, 8.11533188, 9.274665  ,10.43399813,11.59333125,12.75266438,13.9119975 ,15.07133063,16.23066375,17.38999688,18.54933   ,19.70866313,20.86799625,22.02732938,23.1866625 ,24.34599563,25.50532875,26.66466188,27.823995  ,28.98332813,30.14266125,31.30199438,32.4613275 ,33.62066062,34.77999375,35.93932687,37.09866   ,38.25799313,39.41732625,40.57665938,41.7359925 ,42.89532563,44.05465875,45.21399188,46.373325  
rdl:9.22210999e-01,0.00000000e+00,0.00000000e+00,0.00000000e+00,3.07581038e-06,3.07581038e-06,6.15162076e-06,6.15162076e-06,3.07581038e-06,3.07581038e-06,0.00000000e+00,0.00000000e+00,0.00000000e+00,0.00000000e+00,6.15162076e-06,3.07581038e-06,3.07581038e-06,6.15162076e-06,0.00000000e+00,3.19884280e-04,0.00000000e+00,0.00000000e+00,3.07581038e-06,0.00000000e+00,0.00000000e+00,0.00000000e+00,0.00000000e+00,0.00000000e+00,0.00000000e+00,0.00000000e+00,0.00000000e+00,0.00000000e+00,3.07581038e-06,0.00000000e+00,3.07581038e-06,0.00000000e+00,0.00000000e+00,0.00000000e+00,0.00000000e+00,1.69169571e-04
rdl_bin_edges: 0.       , 1.0837144, 2.1674288, 3.2511432, 4.3348576, 5.418572 , 6.5022864, 7.5860008, 8.6697152, 9.7534296,10.837144 ,11.9208584,13.0045728,14.0882872,15.1720016,16.255716 ,17.3394304,18.4231448,19.5068592,20.5905736,21.674288 ,22.7580024,23.8417168,24.9254312,26.0091456,27.09286  ,28.1765744,29.2602888,30.3440032,31.4277176,32.511432 ,33.5951464,34.6788608,35.7625752,36.8462896,37.930004 ,39.0137184,40.0974328,41.1811472,42.2648616,43.348576 
lul:2592.14670909,   0.        ,   0.        ,   0.        ,   0.        ,   0.        ,   0.        ,   0.        ,   0.        ,   0.        ,   0.        ,   0.        ,   0.        ,   0.        ,   0.        ,   0.        ,   0.        ,   0.        ,   0.        ,   0.        ,   0.        ,   0.        ,   0.        ,   0.        ,   0.        ,   0.        ,   0.        ,   0.        ,   0.        ,   0.        ,   0.        ,   0.        ,   0.        ,   0.        ,   0.        , 375.56972017,  32.60399037, 184.01833412, 339.83480509,   6.97984343
lul_bin_edges:0.        ,0.00028319,0.00056639,0.00084958,0.00113277,0.00141597,0.00169916,0.00198236,0.00226555,0.00254874,0.00283194,0.00311513,0.00339832,0.00368152,0.00396471,0.0042479 ,0.0045311 ,0.00481429,0.00509748,0.00538068,0.00566387,0.00594707,0.00623026,0.00651345,0.00679665,0.00707984,0.00736303,0.00764623,0.00792942,0.00821261,0.00849581,0.008779  ,0.00906219,0.00934539,0.00962858,0.00991178,0.01019497,0.01047816,0.01076136,0.01104455,0.01132774
ldl:1.56491245e+03,0.00000000e+00,0.00000000e+00,0.00000000e+00,0.00000000e+00,0.00000000e+00,0.00000000e+00,0.00000000e+00,0.00000000e+00,0.00000000e+00,0.00000000e+00,0.00000000e+00,0.00000000e+00,0.00000000e+00,0.00000000e+00,0.00000000e+00,0.00000000e+00,0.00000000e+00,0.00000000e+00,0.00000000e+00,0.00000000e+00,0.00000000e+00,0.00000000e+00,0.00000000e+00,0.00000000e+00,0.00000000e+00,0.00000000e+00,0.00000000e+00,0.00000000e+00,0.00000000e+00,0.00000000e+00,0.00000000e+00,0.00000000e+00,7.43704548e+02,2.36229701e+02,2.66396342e+02,5.06578150e+02,3.25467605e+00,2.21406534e-02,3.32109801e-02
ldl_bin_edges:0.        ,0.0003011 ,0.0006022 ,0.00090331,0.00120441,0.00150551,0.00180661,0.00210772,0.00240882,0.00270992,0.00301102,0.00331212,0.00361323,0.00391433,0.00421543,0.00451653,0.00481764,0.00511874,0.00541984,0.00572094,0.00602204,0.00632315,0.00662425,0.00692535,0.00722645,0.00752756,0.00782866,0.00812976,0.00843086,0.00873196,0.00903307,0.00933417,0.00963527,0.00993637,0.01023748,0.01053858,0.01083968,0.01114078,0.01144188,0.01174299,0.01204409
ilul:1.70765165e+01,4.55563591e-04,3.41672693e-04,1.70836347e-04,3.41672693e-04,2.27781796e-04,2.27781796e-04,2.84727244e-04,1.13890898e-04,3.98618142e-04,2.84727244e-04,1.70836347e-04,2.27781796e-04,2.84727244e-04,5.69454489e-05,2.84727244e-04,2.27781796e-04,1.70836347e-04,5.69454489e-05,1.70836347e-04,2.27781796e-04,2.27781796e-04,1.13890898e-04,2.27781796e-04,1.13890898e-04,1.13890898e-04,2.27781796e-04,1.13890898e-04,5.69454489e-05,2.27781796e-04,2.27781796e-04,5.69454489e-05,1.70836347e-04,1.13890898e-04,0.00000000e+00,1.13890898e-04,2.84727244e-04,5.69454489e-05,0.00000000e+00,1.13890898e-04
ilul_bin_edges:0.        ,0.05853497,0.11706993,0.1756049 ,0.23413987,0.29267484,0.3512098 ,0.40974477,0.46827974,0.52681471,0.58534968,0.64388464,0.70241961,0.76095458,0.81948955,0.87802451,0.93655948,0.99509445,1.05362942,1.11216438,1.17069935,1.22923432,1.28776928,1.34630425,1.40483922,1.46337419,1.52190915,1.58044412,1.63897909,1.69751406,1.75604903,1.81458399,1.87311896,1.93165393,1.99018889,2.04872386,2.10725883,2.1657938 ,2.22432877,2.28286373,2.3413987 
ildl:5.51755397e+00,2.94416754e-04,1.65609424e-04,1.28807330e-04,1.65609424e-04,1.28807330e-04,1.65609424e-04,1.28807330e-04,9.20052355e-05,1.28807330e-04,3.68020942e-05,1.10406283e-04,9.20052355e-05,5.52031413e-05,5.52031413e-05,5.52031413e-05,5.52031413e-05,7.36041884e-05,3.68020942e-05,3.68020942e-05,5.52031413e-05,5.52031413e-05,3.68020942e-05,3.68020942e-05,3.68020942e-05,5.52031413e-05,1.84010471e-05,5.52031413e-05,5.52031413e-05,3.68020942e-05,5.52031413e-05,3.68020942e-05,1.84010471e-05,5.52031413e-05,3.68020942e-05,3.68020942e-05,3.68020942e-05,3.68020942e-05,1.84010471e-05,3.68020942e-05
ildl_bin_edges:0.       ,0.1811473,0.3622946,0.5434419,0.7245892,0.9057365,1.0868838,1.2680311,1.4491784,1.6303257,1.811473 ,1.9926203,2.1737676,2.3549149,2.5360622,2.7172095,2.8983568,3.0795041,3.2606514,3.4417987,3.622946 ,3.8040933,3.9852406,4.1663879,4.3475352,4.5286825,4.7098298,4.8909771,5.0721244,5.2532717,5.434419 ,5.6155663,5.7967136,5.9778609,6.1590082,6.3401555,6.5213028,6.7024501,6.8835974,7.0647447,7.245892 
eul:1.10578523e+02,0.00000000e+00,0.00000000e+00,0.00000000e+00,0.00000000e+00,0.00000000e+00,3.75160383e-04,0.00000000e+00,0.00000000e+00,0.00000000e+00,0.00000000e+00,0.00000000e+00,3.75160383e-04,0.00000000e+00,3.75160383e-04,0.00000000e+00,1.12548115e-03,4.12676421e-03,7.57823973e-02,9.52907372e-02,1.17425200e-01,1.55316398e-01,1.05307519e+00,1.68447012e-01,1.27929691e-01,1.01293303e-01,6.64033877e-02,1.87580191e-03,7.50320765e-04,3.75160383e-04,0.00000000e+00,0.00000000e+00,0.00000000e+00,0.00000000e+00,0.00000000e+00,0.00000000e+00,0.00000000e+00,0.00000000e+00,0.00000000e+00,3.75160383e-04
eul_bin_edges:0.      ,0.008885,0.01777 ,0.026655,0.03554 ,0.044425,0.05331 ,0.062195,0.07108 ,0.079965,0.08885 ,0.097735,0.10662 ,0.115505,0.12439 ,0.133275,0.14216 ,0.151045,0.15993 ,0.168815,0.1777  ,0.186585,0.19547 ,0.204355,0.21324 ,0.222125,0.23101 ,0.239895,0.24878 ,0.257665,0.26655 ,0.275435,0.28432 ,0.293205,0.30209 ,0.310975,0.31986 ,0.328745,0.33763 ,0.346515,0.3554  
edl: 0., 0., 0., 0., 0., 0., 0., 0., 0., 0., 0., 0., 0., 0., 0., 0., 0., 0., 0., 0.,40., 0., 0., 0., 0., 0., 0., 0., 0., 0., 0., 0., 0., 0., 0., 0., 0., 0., 0., 0.
edl_bin_edges:-0.5  ,-0.475,-0.45 ,-0.425,-0.4  ,-0.375,-0.35 ,-0.325,-0.3  ,-0.275,-0.25 ,-0.225,-0.2  ,-0.175,-0.15 ,-0.125,-0.1  ,-0.075,-0.05 ,-0.025, 0.   , 0.025, 0.05 , 0.075, 0.1  , 0.125, 0.15 , 0.175, 0.2  , 0.225, 0.25 , 0.275, 0.3  , 0.325, 0.35 , 0.375, 0.4  , 0.425, 0.45 , 0.475, 0.5  
gul:9.16874851e-01,7.99852895e-03,9.91122066e-03,3.84277152e-02,6.17955914e+00,2.59753967e+01,2.55587776e+00,2.33000626e-02,1.60422670e+00,1.33245059e+00,1.07262012e+01,1.54980193e+00,1.22707867e+00,8.52017214e-03,2.60821596e-03,1.91269171e-03,2.43433490e-03,6.95524257e-04,6.95524257e-04,1.73881064e-04,3.47762128e-04,0.00000000e+00,0.00000000e+00,0.00000000e+00,0.00000000e+00,0.00000000e+00,0.00000000e+00,0.00000000e+00,1.73881064e-04,0.00000000e+00,0.00000000e+00,0.00000000e+00,0.00000000e+00,0.00000000e+00,0.00000000e+00,0.00000000e+00,0.00000000e+00,0.00000000e+00,0.00000000e+00,1.73881064e-04
gul_bin_edges:0.     ,0.01917,0.03834,0.05751,0.07668,0.09585,0.11502,0.13419,0.15336,0.17253,0.1917 ,0.21087,0.23004,0.24921,0.26838,0.28755,0.30672,0.32589,0.34506,0.36423,0.3834 ,0.40257,0.42174,0.44091,0.46008,0.47925,0.49842,0.51759,0.53676,0.55593,0.5751 ,0.59427,0.61344,0.63261,0.65178,0.67095,0.69012,0.70929,0.72846,0.74763,0.7668 
gdl:3.30374022e-03,7.99852895e-03,9.91122066e-03,3.86015962e-02,6.17955914e+00,2.59755705e+01,2.55605164e+00,2.39955869e-02,1.66595448e+00,1.43104116e+00,1.13245259e+01,1.66230297e+00,1.26759296e+00,9.04181534e-03,2.60821596e-03,1.91269171e-03,2.43433490e-03,6.95524257e-04,8.69405321e-04,1.73881064e-04,3.47762128e-04,0.00000000e+00,0.00000000e+00,0.00000000e+00,0.00000000e+00,0.00000000e+00,0.00000000e+00,0.00000000e+00,1.73881064e-04,0.00000000e+00,0.00000000e+00,0.00000000e+00,0.00000000e+00,0.00000000e+00,0.00000000e+00,0.00000000e+00,0.00000000e+00,0.00000000e+00,0.00000000e+00,1.73881064e-04
gdl_bin_edges:0.     ,0.01917,0.03834,0.05751,0.07668,0.09585,0.11502,0.13419,0.15336,0.17253,0.1917 ,0.21087,0.23004,0.24921,0.26838,0.28755,0.30672,0.32589,0.34506,0.36423,0.3834 ,0.40257,0.42174,0.44091,0.46008,0.47925,0.49842,0.51759,0.53676,0.55593,0.5751 ,0.59427,0.61344,0.63261,0.65178,0.67095,0.69012,0.70929,0.72846,0.74763,0.7668 
ri: 0., 0., 0., 0., 0., 0., 0., 0., 0., 0., 0., 0., 0., 0., 0., 0., 0., 0., 0., 0.,40., 0., 0., 0., 0., 0., 0., 0., 0., 0., 0., 0., 0., 0., 0., 0., 0., 0., 0., 0.
ri_bin_edges:0.5  ,0.525,0.55 ,0.575,0.6  ,0.625,0.65 ,0.675,0.7  ,0.725,0.75 ,0.775,0.8  ,0.825,0.85 ,0.875,0.9  ,0.925,0.95 ,0.975,1.   ,1.025,1.05 ,1.075,1.1  ,1.125,1.15 ,1.175,1.2  ,1.225,1.25 ,1.275,1.3  ,1.325,1.35 ,1.375,1.4  ,1.425,1.45 ,1.475,1.5  
