period:1.0
ue_log_freq:1000
mac_log_freq:1000
mimo_layers:1
frequency:28000000000.0
bandwidth:300000000.0
ue_speed:0.27778
max_distance:10.0
shannon_cfg_bandwidth_mhz:300.0
shannon_cfg_mimo_layers:1
shannon_cfg_bw_efficiency:0.67
shannon_cfg_sinr_offset_db:0.0
shannon_cfg_ul_divisor:2.0
shannon_cfg_sinr_sample_rate:1000
n_ue:5
sinr_period:16.304296531427745
sinr_rate:61.33352629304954
ul_fairness:0.9999900652477156
dl_fairness:0.7999999689619391
ul_agg_throughput:341.7543816407941
dl_agg_throughput:594.1219285478285
ul_ave_throughput:68.35087632815882
dl_ave_throughput:118.82438570956569
ul_se:1.1391812721359804
dl_se:1.9804064284927614
ul_ase:0.0036261266107630976
dl_ase:0.006303829448511783
ul_gr:85.73305498217302, 85.78553199474572, 85.81550947644962, 85.93875961718896, 86.01350534809532
dl_gr:0.13171702007881403, 187.42991930943893, 187.4423343966973, 187.469675361231, 187.46854194032653
ul_tr:85.5483149430162, 85.60912612563456, 85.63500526821792, 85.75796756664789, 85.8306997947082
dl_tr:0.0, 187.4200459412685, 187.43548391682913, 187.46276422109963, 187.4617115933916
ul_er:101.9201257271533, 101.8676487145806, 101.83557515481328, 101.71442109213736, 101.63967536123099
dl_er:187.5193676111841, 0.22326139988740853, 0.21084631262901107, 0.18350534809532745, 0.18463876899981235
ul_er_ratio:0.543665511713893, 0.5433614313100996, 0.5432082992703133, 0.5425568096711337, 0.5421639300432742
dl_er_ratio:1.0, 0.0011898180811825867, 0.0011236367498963795, 0.0009779323005814377, 0.0009839720764258369
ul_er_perc:54.3665511713893, 54.33614313100996, 54.32082992703133, 54.25568096711337, 54.21639300432742
dl_er_perc:100.0, 0.11898180811825868, 0.11236367498963795, 0.09779323005814378, 0.09839720764258368
ul_l:0.0007341421747369738, 0.0007349204779270657, 0.000734059157948333, 0.0007341530535660225, 0.0007357302163657972
dl_l:0.0, 0.002458642406611622, 0.002458878986022393, 0.002535831754661913, 0.0025824872984162137
ul_il:0.03667644845432539, 0.0366304650443748, 0.0365953189087984, 0.036594247421039595, 0.03663955471214862
dl_il:0.0, 0.0048579301244974045, 0.0048011010911152814, 0.004819085821806467, 0.0048592321585938575
sinr_ul:0.02700568,0.0175867 ,0.01255577,0.01123115,0.02836913,0.03990231,0.07722874,0.08827005,0.09096242,0.09440555,0.07035112,0.07486861,0.07754372,0.11051231,0.11054683,0.09033679,0.0906906 ,0.08752361,0.04054088,0.01527834,0.01565372,0.01578316,0.01599026,0.01592986,0.01603341,0.0161758 ,0.01693087,0.01763416,0.01878187,0.02077526,0.02187982,0.02485265,0.0306516 ,0.03566959,0.01910979,0.02224657,0.02846836,0.04601192,0.03161809,0.03856907
sinr_ul_bin_edges:50.19796   ,50.77784625,51.3577325 ,51.93761875,52.517505  ,53.09739125,53.6772775 ,54.25716375,54.83705   ,55.41693625,55.9968225 ,56.57670875,57.156595  ,57.73648125,58.3163675 ,58.89625375,59.47614   ,60.05602625,60.6359125 ,61.21579875,61.795685  ,62.37557125,62.9554575 ,63.53534375,64.11523   ,64.69511625,65.2750025 ,65.85488875,66.434775  ,67.01466125,67.5945475 ,68.17443375,68.75432   ,69.33420625,69.9140925 ,70.49397875,71.073865  ,71.65375125,72.2336375 ,72.81352375,73.39341   
rsrp_ul:0.02695516,0.01758844,0.01253488,0.01123491,0.02916341,0.03924038,0.0774735 ,0.08809716,0.09119214,0.09476492,0.06969085,0.07466262,0.07765429,0.11293878,0.10804019,0.09056798,0.09006434,0.08689619,0.03940396,0.01533285,0.01565569,0.01583218,0.0159484 ,0.0159484 ,0.01600006,0.01621098,0.0169901 ,0.01773049,0.01886259,0.02082116,0.02204366,0.02513434,0.03167296,0.0339716 ,0.01940496,0.02270656,0.02918062,0.04476744,0.03350671,0.0345398 
rsrp_ul_bin_edges:-105.6479   ,-105.0666485,-104.485397 ,-103.9041455,-103.322894 ,-102.7416425,-102.160391 ,-101.5791395,-100.997888 ,-100.4166365, -99.835385 , -99.2541335, -98.672882 , -98.0916305, -97.510379 , -96.9291275, -96.347876 , -95.7666245, -95.185373 , -94.6041215, -94.02287  , -93.4416185, -92.860367 , -92.2791155, -91.697864 , -91.1166125, -90.535361 , -89.9541095, -89.372858 , -88.7916065, -88.210355 , -87.6291035, -87.047852 , -86.4666005, -85.885349 , -85.3040975, -84.722846 , -84.1415945, -83.560343 , -82.9790915, -82.39784  
cqi_ul: 0., 0., 0., 0., 0., 0., 0., 0., 0., 0., 0., 0., 0., 0., 0., 0., 0., 0., 0., 0.,40., 0., 0., 0., 0., 0., 0., 0., 0., 0., 0., 0., 0., 0., 0., 0., 0., 0., 0., 0.
cqi_ul_bin_edges:14.5  ,14.525,14.55 ,14.575,14.6  ,14.625,14.65 ,14.675,14.7  ,14.725,14.75 ,14.775,14.8  ,14.825,14.85 ,14.875,14.9  ,14.925,14.95 ,14.975,15.   ,15.025,15.05 ,15.075,15.1  ,15.125,15.15 ,15.175,15.2  ,15.225,15.25 ,15.275,15.3  ,15.325,15.35 ,15.375,15.4  ,15.425,15.45 ,15.475,15.5  
cqi_dl:0.53333333,0.        ,0.        ,0.        ,0.        ,0.        ,0.        ,0.        ,0.        ,0.        ,0.        ,0.        ,0.        ,0.        ,0.        ,0.        ,0.        ,0.        ,0.        ,0.        ,0.        ,0.        ,0.        ,0.        ,0.        ,0.        ,0.        ,0.        ,0.        ,0.        ,0.        ,0.        ,0.        ,0.        ,0.        ,0.        ,0.        ,0.        ,0.        ,2.13333333
cqi_dl_bin_edges: 0.   , 0.375, 0.75 , 1.125, 1.5  , 1.875, 2.25 , 2.625, 3.   , 3.375, 3.75 , 4.125, 4.5  , 4.875, 5.25 , 5.625, 6.   , 6.375, 6.75 , 7.125, 7.5  , 7.875, 8.25 , 8.625, 9.   , 9.375, 9.75 ,10.125,10.5  ,10.875,11.25 ,11.625,12.   ,12.375,12.75 ,13.125,13.5  ,13.875,14.25 ,14.625,15.   
mcs_ul: 0., 0., 0., 0., 0., 0., 0., 0., 0., 0., 0., 0., 0., 0., 0., 0., 0., 0., 0., 0.,40., 0., 0., 0., 0., 0., 0., 0., 0., 0., 0., 0., 0., 0., 0., 0., 0., 0., 0., 0.
mcs_ul_bin_edges:27.5  ,27.525,27.55 ,27.575,27.6  ,27.625,27.65 ,27.675,27.7  ,27.725,27.75 ,27.775,27.8  ,27.825,27.85 ,27.875,27.9  ,27.925,27.95 ,27.975,28.   ,28.025,28.05 ,28.075,28.1  ,28.125,28.15 ,28.175,28.2  ,28.225,28.25 ,28.275,28.3  ,28.325,28.35 ,28.375,28.4  ,28.425,28.45 ,28.475,28.5  
mcs_dl:0.28571429,0.        ,0.        ,0.        ,0.        ,0.        ,0.        ,0.        ,0.        ,0.        ,0.        ,0.        ,0.        ,0.        ,0.        ,0.        ,0.        ,0.        ,0.        ,0.        ,0.        ,0.        ,0.        ,0.        ,0.        ,0.        ,0.        ,0.        ,0.        ,0.        ,0.        ,0.        ,0.        ,0.        ,0.        ,0.        ,0.        ,0.        ,0.        ,1.14285714
mcs_dl_bin_edges: 0. , 0.7, 1.4, 2.1, 2.8, 3.5, 4.2, 4.9, 5.6, 6.3, 7. , 7.7, 8.4, 9.1, 9.8,10.5,11.2,11.9,12.6,13.3,14. ,14.7,15.4,16.1,16.8,17.5,18.2,18.9,19.6,20.3,21. ,21.7,22.4,23.1,23.8,24.5,25.2,25.9,26.6,27.3,28. 
eff_ul: 0., 0., 0., 0., 0., 0., 0., 0., 0., 0., 0., 0., 0., 0., 0., 0., 0., 0., 0., 0.,40., 0., 0., 0., 0., 0., 0., 0., 0., 0., 0., 0., 0., 0., 0., 0., 0., 0., 0., 0.
eff_ul_bin_edges:5.054651,5.079651,5.104651,5.129651,5.154651,5.179651,5.204651,5.229651,5.254651,5.279651,5.304651,5.329651,5.354651,5.379651,5.404651,5.429651,5.454651,5.479651,5.504651,5.529651,5.554651,5.579651,5.604651,5.629651,5.654651,5.679651,5.704651,5.729651,5.754651,5.779651,5.804651,5.829651,5.854651,5.879651,5.904651,5.929651,5.954651,5.979651,6.004651,6.029651,6.054651
eff_dl:1.4402345,0.       ,0.       ,0.       ,0.       ,0.       ,0.       ,0.       ,0.       ,0.       ,0.       ,0.       ,0.       ,0.       ,0.       ,0.       ,0.       ,0.       ,0.       ,0.       ,0.       ,0.       ,0.       ,0.       ,0.       ,0.       ,0.       ,0.       ,0.       ,0.       ,0.       ,0.       ,0.       ,0.       ,0.       ,0.       ,0.       ,0.       ,0.       ,5.760938 
eff_dl_bin_edges:0.        ,0.13886627,0.27773255,0.41659882,0.5554651 ,0.69433137,0.83319765,0.97206392,1.1109302 ,1.24979647,1.38866275,1.52752902,1.6663953 ,1.80526157,1.94412785,2.08299412,2.2218604 ,2.36072667,2.49959295,2.63845922,2.7773255 ,2.91619177,3.05505805,3.19392432,3.3327906 ,3.47165687,3.61052315,3.74938942,3.8882557 ,4.02712197,4.16598825,4.30485452,4.4437208 ,4.58258707,4.72145335,4.86031962,4.9991859 ,5.13805217,5.27691845,5.41578472,5.554651  
rul:3.73782824e-02,0.00000000e+00,0.00000000e+00,1.16808593e-07,0.00000000e+00,0.00000000e+00,5.84042964e-07,0.00000000e+00,0.00000000e+00,0.00000000e+00,0.00000000e+00,0.00000000e+00,0.00000000e+00,2.33617185e-07,0.00000000e+00,0.00000000e+00,1.16808593e-07,0.00000000e+00,0.00000000e+00,0.00000000e+00,9.27612077e-03,0.00000000e+00,0.00000000e+00,0.00000000e+00,0.00000000e+00,0.00000000e+00,0.00000000e+00,0.00000000e+00,0.00000000e+00,0.00000000e+00,0.00000000e+00,0.00000000e+00,0.00000000e+00,0.00000000e+00,0.00000000e+00,0.00000000e+00,0.00000000e+00,0.00000000e+00,0.00000000e+00,3.00198083e-05
rul_bin_edges:  0.        , 21.41993875, 42.8398775 , 64.25981625, 85.679755  ,107.09969375,128.5196325 ,149.93957125,171.35951   ,192.77944875,214.1993875 ,235.61932625,257.039265  ,278.45920375,299.8791425 ,321.29908125,342.71902   ,364.13895875,385.5588975 ,406.97883625,428.398775  ,449.81871375,471.2386525 ,492.65859125,514.07853   ,535.49846875,556.9184075 ,578.33834625,599.758285  ,621.17822375,642.5981625 ,664.01810125,685.43804   ,706.85797875,728.2779175 ,749.69785625,771.117795  ,792.53773375,813.9576725 ,835.37761125,856.79755   
rdl:1.84718685e-02,1.93846157e-04,2.15204663e-04,2.27857806e-04,5.27990367e-04,2.04707615e-03,5.59673838e-03,3.56110067e-03,2.05274476e-03,9.91399090e-04,5.32039373e-04,4.63206273e-04,4.37393860e-04,3.57324769e-04,4.30814226e-04,4.67862630e-04,4.14719428e-04,2.73611573e-04,1.71171724e-04,1.22887329e-04,9.64675652e-05,9.76822669e-05,9.29246850e-05,9.07989569e-05,8.42193224e-05,6.30632666e-05,5.12199244e-05,3.91741319e-05,3.22908219e-05,2.50026113e-05,2.41928102e-05,2.57111874e-05,2.17461983e-03,8.09801177e-07,7.08576030e-07,6.07350882e-07,2.02450294e-07,2.02450294e-07,2.02450294e-07,2.02450294e-07
rdl_bin_edges:  0.        , 24.71750325, 49.4350065 , 74.15250975, 98.870013  ,123.58751625,148.3050195 ,173.02252275,197.740026  ,222.45752925,247.1750325 ,271.89253575,296.610039  ,321.32754225,346.0450455 ,370.76254875,395.480052  ,420.19755525,444.9150585 ,469.63256175,494.350065  ,519.06756825,543.7850715 ,568.50257475,593.220078  ,617.93758125,642.6550845 ,667.37258775,692.090091  ,716.80759425,741.5250975 ,766.24260075,790.960104  ,815.67760725,840.3951105 ,865.11261375,889.830117  ,914.54762025,939.2651235 ,963.98262675,988.70013   
lul:4.37711056e+03,0.00000000e+00,0.00000000e+00,0.00000000e+00,0.00000000e+00,0.00000000e+00,0.00000000e+00,0.00000000e+00,0.00000000e+00,0.00000000e+00,0.00000000e+00,0.00000000e+00,0.00000000e+00,0.00000000e+00,0.00000000e+00,0.00000000e+00,7.80095362e+01,1.18717300e+02,1.40192835e+02,1.73062713e+02,1.94237316e+02,1.77330462e+02,1.15831098e+02,6.10890038e+01,2.41018416e+01,5.49883106e+00,1.08061605e+00,3.83003159e-01,1.36786842e-01,8.20721054e-02,2.73573685e-02,1.36786842e-02,5.47147369e-02,0.00000000e+00,1.36786842e-02,1.36786842e-02,0.00000000e+00,0.00000000e+00,1.36786842e-02,2.73573685e-02
lul_bin_edges:0.        ,0.00018291,0.00036583,0.00054874,0.00073166,0.00091457,0.00109749,0.0012804 ,0.00146332,0.00164623,0.00182915,0.00201206,0.00219498,0.00237789,0.00256081,0.00274372,0.00292664,0.00310955,0.00329247,0.00347538,0.00365829,0.00384121,0.00402412,0.00420704,0.00438995,0.00457287,0.00475578,0.0049387 ,0.00512161,0.00530453,0.00548744,0.00567036,0.00585327,0.00603619,0.0062191 ,0.00640202,0.00658493,0.00676785,0.00695076,0.00713367,0.00731659
ldl:2.47179296e+03,0.00000000e+00,0.00000000e+00,0.00000000e+00,0.00000000e+00,0.00000000e+00,0.00000000e+00,0.00000000e+00,0.00000000e+00,0.00000000e+00,0.00000000e+00,0.00000000e+00,0.00000000e+00,0.00000000e+00,0.00000000e+00,0.00000000e+00,1.51573500e+02,3.18754379e+02,4.36391063e+02,5.72193040e+02,5.93709610e+02,4.75512100e+02,2.80057381e+02,1.22725155e+02,3.62621919e+01,5.97758501e+00,1.24476027e+00,3.83003159e-01,1.64144211e-01,1.23108158e-01,1.36786842e-02,4.10360527e-02,2.73573685e-02,1.36786842e-02,2.73573685e-02,0.00000000e+00,1.36786842e-02,0.00000000e+00,0.00000000e+00,2.73573685e-02
ldl_bin_edges:0.        ,0.00018291,0.00036583,0.00054874,0.00073166,0.00091457,0.00109749,0.0012804 ,0.00146332,0.00164623,0.00182915,0.00201206,0.00219498,0.00237789,0.00256081,0.00274372,0.00292664,0.00310955,0.00329247,0.00347538,0.00365829,0.00384121,0.00402412,0.00420704,0.00438995,0.00457287,0.00475578,0.0049387 ,0.00512161,0.00530453,0.00548744,0.00567036,0.00585327,0.00603619,0.0062191 ,0.00640202,0.00658493,0.00676785,0.00695076,0.00713367,0.00731659
ilul:1.33082527e+02,5.40637631e-03,4.99050121e-03,6.23812651e-03,6.65400161e-03,5.82225141e-03,6.23812651e-03,5.82225141e-03,5.40637631e-03,6.23812651e-03,5.82225141e-03,5.82225141e-03,6.23812651e-03,4.57462610e-03,6.65400161e-03,5.40637631e-03,6.23812651e-03,6.65400161e-03,2.66160064e-02,2.89449070e-01,1.22475217e+00,1.21851404e+00,3.12738076e-01,1.53457912e-01,2.38712308e-01,3.74703465e-01,4.67027738e-01,1.05964976e+00,2.43827571e+00,4.77590965e+00,5.62429486e+00,4.01735347e+00,1.79075818e+00,1.13991365e+00,1.98289248e+00,3.37274706e+00,1.84482195e+00,6.08841147e-01,3.74287590e-02,3.32700080e-02
ilul_bin_edges:0.        ,0.00601631,0.01203262,0.01804893,0.02406523,0.03008154,0.03609785,0.04211416,0.04813047,0.05414678,0.06016308,0.06617939,0.0721957 ,0.07821201,0.08422832,0.09024463,0.09626094,0.10227724,0.10829355,0.11430986,0.12032617,0.12634248,0.13235879,0.1383751 ,0.1443914 ,0.15040771,0.15642402,0.16244033,0.16845664,0.17447295,0.18048925,0.18650556,0.19252187,0.19853818,0.20455449,0.2105708 ,0.21658711,0.22260341,0.22861972,0.23463603,0.24065234
ildl:2.06054873e+02,1.92740853e+02,3.30592730e+01,3.56454496e+00,1.64543774e+00,9.03109280e-01,9.43019412e-01,7.40047882e-01,3.40946559e-01,3.89979007e-01,5.00587088e-01,4.18486245e-01,7.67414830e-01,7.43468751e-01,7.68555119e-01,5.61022431e-01,3.92259586e-01,2.88493242e-01,2.66827742e-01,2.94194690e-01,3.76295533e-01,4.28748850e-01,5.34795773e-01,6.14616038e-01,7.18382382e-01,7.30925566e-01,9.44159702e-01,8.05044383e-01,6.75051381e-01,7.46889619e-01,7.76537146e-01,8.87145227e-01,7.79958014e-01,5.50759826e-01,3.39806269e-01,2.25777320e-01,1.22010976e-01,8.32411331e-02,1.48237634e-02,6.84173697e-03
ildl_bin_edges:0.        ,0.00219421,0.00438842,0.00658263,0.00877683,0.01097104,0.01316525,0.01535946,0.01755367,0.01974788,0.02194209,0.02413629,0.0263305 ,0.02852471,0.03071892,0.03291313,0.03510734,0.03730154,0.03949575,0.04168996,0.04388417,0.04607838,0.04827259,0.0504668 ,0.052661  ,0.05485521,0.05704942,0.05924363,0.06143784,0.06363205,0.06582626,0.06802046,0.07021467,0.07240888,0.07460309,0.0767973 ,0.07899151,0.08118571,0.08337992,0.08557413,0.08776834
eul:2.39275405e-02,0.00000000e+00,0.00000000e+00,0.00000000e+00,1.03343082e-06,9.92093588e-05,6.36980922e-04,3.28695590e-03,6.56848630e-03,5.69071599e-03,4.31831986e-03,3.98142142e-03,2.01544846e-03,7.03895568e-04,2.19345692e-04,9.09419122e-05,4.65043869e-05,2.02810799e-05,8.39662542e-06,5.42551181e-06,1.67932508e-06,1.42096738e-06,2.58357705e-07,7.75073116e-07,3.87536558e-07,3.87536558e-07,5.16715410e-07,0.00000000e+00,5.16715410e-07,0.00000000e+00,3.87536558e-07,3.87536558e-07,7.75073116e-07,0.00000000e+00,0.00000000e+00,3.87536558e-07,3.87536558e-07,0.00000000e+00,0.00000000e+00,3.87536558e-07
eul_bin_edges:  0.     , 19.36875, 38.7375 , 58.10625, 77.475  , 96.84375,116.2125 ,135.58125,154.95   ,174.31875,193.6875 ,213.05625,232.425  ,251.79375,271.1625 ,290.53125,309.9    ,329.26875,348.6375 ,368.00625,387.375  ,406.74375,426.1125 ,445.48125,464.85   ,484.21875,503.5875 ,522.95625,542.325  ,561.69375,581.0625 ,600.43125,619.8    ,639.16875,658.5375 ,677.90625,697.275  ,716.64375,736.0125 ,755.38125,774.75   
edl:4.12748395e-02,0.00000000e+00,0.00000000e+00,0.00000000e+00,5.16715410e-07,5.05089314e-05,3.07962385e-04,1.35611959e-03,2.48682209e-03,2.07461237e-03,1.56939388e-03,1.42458439e-03,7.04283104e-04,2.44406389e-04,7.51820922e-05,3.03570304e-05,1.52431046e-05,6.97565804e-06,2.84193476e-06,1.93768279e-06,6.45894263e-07,5.16715410e-07,1.29178853e-07,2.58357705e-07,1.29178853e-07,1.29178853e-07,1.29178853e-07,0.00000000e+00,1.29178853e-07,0.00000000e+00,1.29178853e-07,1.29178853e-07,2.58357705e-07,0.00000000e+00,0.00000000e+00,1.29178853e-07,1.29178853e-07,0.00000000e+00,0.00000000e+00,1.29178853e-07
edl_bin_edges:  0.     , 19.36875, 38.7375 , 58.10625, 77.475  , 96.84375,116.2125 ,135.58125,154.95   ,174.31875,193.6875 ,213.05625,232.425  ,251.79375,271.1625 ,290.53125,309.9    ,329.26875,348.6375 ,368.00625,387.375  ,406.74375,426.1125 ,445.48125,464.85   ,484.21875,503.5875 ,522.95625,542.325  ,561.69375,581.0625 ,600.43125,619.8    ,639.16875,658.5375 ,677.90625,697.275  ,716.64375,736.0125 ,755.38125,774.75   
gul:2.77027925e-02,0.00000000e+00,0.00000000e+00,0.00000000e+00,1.55014623e-06,1.53981192e-04,9.11227626e-04,3.51237300e-03,5.85193120e-03,4.65263473e-03,3.49893840e-03,3.10274686e-03,1.48400666e-03,4.93592396e-04,1.48168144e-04,5.82596625e-05,2.84193476e-05,1.33054218e-05,5.16715410e-06,4.26290214e-06,1.55014623e-06,1.16260967e-06,3.87536558e-07,5.16715410e-07,2.58357705e-07,2.58357705e-07,1.29178853e-07,0.00000000e+00,1.29178853e-07,0.00000000e+00,2.58357705e-07,2.58357705e-07,5.16715410e-07,0.00000000e+00,0.00000000e+00,2.58357705e-07,2.58357705e-07,0.00000000e+00,0.00000000e+00,2.58357705e-07
gul_bin_edges:  0.     , 19.36875, 38.7375 , 58.10625, 77.475  , 96.84375,116.2125 ,135.58125,154.95   ,174.31875,193.6875 ,213.05625,232.425  ,251.79375,271.1625 ,290.53125,309.9    ,329.26875,348.6375 ,368.00625,387.375  ,406.74375,426.1125 ,445.48125,464.85   ,484.21875,503.5875 ,522.95625,542.325  ,561.69375,581.0625 ,600.43125,619.8    ,639.16875,658.5375 ,677.90625,697.275  ,716.64375,736.0125 ,755.38125,774.75   
gdl:1.03554935e-02,0.00000000e+00,0.00000000e+00,0.00000000e+00,2.06686164e-06,2.02681620e-04,1.24024616e-03,5.44320931e-03,9.93359541e-03,8.26873836e-03,6.24786439e-03,5.65958389e-03,2.79517201e-03,9.53081575e-04,2.92331743e-04,1.18844544e-04,5.96806299e-05,2.66108436e-05,1.07218448e-05,7.75073116e-06,2.58357705e-06,2.06686164e-06,5.16715410e-07,1.03343082e-06,5.16715410e-07,5.16715410e-07,5.16715410e-07,0.00000000e+00,5.16715410e-07,0.00000000e+00,5.16715410e-07,5.16715410e-07,1.03343082e-06,0.00000000e+00,0.00000000e+00,5.16715410e-07,5.16715410e-07,0.00000000e+00,0.00000000e+00,5.16715410e-07
gdl_bin_edges:  0.     , 19.36875, 38.7375 , 58.10625, 77.475  , 96.84375,116.2125 ,135.58125,154.95   ,174.31875,193.6875 ,213.05625,232.425  ,251.79375,271.1625 ,290.53125,309.9    ,329.26875,348.6375 ,368.00625,387.375  ,406.74375,426.1125 ,445.48125,464.85   ,484.21875,503.5875 ,522.95625,542.325  ,561.69375,581.0625 ,600.43125,619.8    ,639.16875,658.5375 ,677.90625,697.275  ,716.64375,736.0125 ,755.38125,774.75   
ri: 0., 0., 0., 0., 0., 0., 0., 0., 0., 0., 0., 0., 0., 0., 0., 0., 0., 0., 0., 0.,40., 0., 0., 0., 0., 0., 0., 0., 0., 0., 0., 0., 0., 0., 0., 0., 0., 0., 0., 0.
ri_bin_edges:0.5  ,0.525,0.55 ,0.575,0.6  ,0.625,0.65 ,0.675,0.7  ,0.725,0.75 ,0.775,0.8  ,0.825,0.85 ,0.875,0.9  ,0.925,0.95 ,0.975,1.   ,1.025,1.05 ,1.075,1.1  ,1.125,1.15 ,1.175,1.2  ,1.225,1.25 ,1.275,1.3  ,1.325,1.35 ,1.375,1.4  ,1.425,1.45 ,1.475,1.5  
