period:1
ue_log_freq:1000
mac_log_freq:1000
mimo_layers:2
frequency:2412000000.0
bandwidth:50000000
ue_speed:5.555555555555555
max_distance:1000
shannon_cfg_bandwidth_mhz:50.0
shannon_cfg_mimo_layers:2
shannon_cfg_bw_efficiency:0.67
shannon_cfg_sinr_offset_db:0
shannon_cfg_ul_divisor:2
shannon_cfg_sinr_sample_rate:1000
n_ue:100
sinr_period:9.463597741343282
sinr_rate:105.66805852612856
ul_fairness:0.8929835432844851
dl_fairness:0.9528537836442974
ul_agg_throughput:0.3010080533748676
dl_agg_throughput:0.18193722024352
ul_ave_throughput:0.003010080533748676
dl_ave_throughput:0.0018193722024352
ul_se:0.006020161067497352
dl_se:0.0036387444048703995
ul_ase:1.91627678420317e-09
dl_ase:1.158248317366202e-09
ul_gr:0.005978512272707072, 0.005978512272707072, 0.005978512272707072, 0.005978512272707072, 0.005978512272707072, 0.005978512272707072, 0.005978512272707072, 0.005978512272707072, 0.005978512272707072, 0.005978512272707072, 0.005978512272707072, 0.005978512272707072, 0.005978512272707072, 0.005978512272707072, 0.005978512272707072, 0.005978512272707072, 0.005978512272707072, 0.005978512272707072, 0.005978512272707072, 0.005978512272707072, 0.005978512272707072, 0.005978512272707072, 0.005978512272707072, 0.005978512272707072, 0.005978512272707072, 0.005978512272707072, 0.005978512272707072, 0.005978512272707072, 0.005978512272707072, 0.005978512272707072, 0.005978512272707072, 0.005978512272707072, 0.005978512272707072, 0.005978512272707072, 0.005978512272707072, 0.005978512272707072, 0.005978512272707072, 0.005978512272707072, 0.005978512272707072, 0.005978512272707072, 0.005978512272707072, 0.005978512272707072, 0.005978512272707072, 0.005978512272707072, 0.005978512272707072, 0.005978512272707072, 0.005978512272707072, 0.005978512272707072, 0.005978512272707072, 0.005978512272707072, 0.005978512272707072, 0.005978512272707072, 0.005978512272707072, 0.005978512272707072, 0.005978512272707072, 0.005978512272707072, 0.005978512272707072, 0.005978512272707072, 0.005978512272707072, 0.005978512272707072, 0.005978512272707072, 0.005978512272707072, 0.005978512272707072, 0.005978512272707072, 0.005978512272707072, 0.005978512272707072, 0.005978512272707072, 0.005978512272707072, 0.005978512272707072, 0.005978512272707072, 0.005978512272707072, 0.005978512272707072, 0.005978512272707072, 0.005978512272707072, 0.005978512272707072, 0.005978512272707072, 0.005978512272707072, 0.005978512272707072, 0.005978512272707072, 0.005978512272707072, 0.005978512272707072, 0.005978512272707072, 0.005978512272707072, 0.005978512272707072, 0.005978512272707072, 0.005978512272707072, 0.005978512272707072, 0.005978512272707072, 0.005978512272707072, 0.005978512272707072, 0.005978512272707072, 0.005978512272707072, 0.005978512272707072, 0.005978512272707072, 0.005978512272707072, 0.005978512272707072, 0.005978512272707072, 0.005978512272707072, 0.005978512272707072, 0.005978512272707072
dl_gr:0.0027173157120715516, 0.0027173157120715516, 0.0027173157120715516, 0.0027173157120715516, 0.0027173157120715516, 0.0027173157120715516, 0.0027173157120715516, 0.0027173157120715516, 0.0027173157120715516, 0.0027173157120715516, 0.0027173157120715516, 0.0027173157120715516, 0.0027173157120715516, 0.0027173157120715516, 0.0027173157120715516, 0.0027173157120715516, 0.0027173157120715516, 0.0027173157120715516, 0.0027173157120715516, 0.0027173157120715516, 0.0027173157120715516, 0.0027173157120715516, 0.0027173157120715516, 0.0027173157120715516, 0.0027173157120715516, 0.0027173157120715516, 0.0027173157120715516, 0.0027173157120715516, 0.0027173157120715516, 0.0027173157120715516, 0.0027173157120715516, 0.0027173157120715516, 0.0027173157120715516, 0.0027173157120715516, 0.0027173157120715516, 0.0027173157120715516, 0.0027173157120715516, 0.0027173157120715516, 0.0027173157120715516, 0.0027173157120715516, 0.0027173157120715516, 0.0027173157120715516, 0.0027173157120715516, 0.0027173157120715516, 0.0027173157120715516, 0.0027173157120715516, 0.0027173157120715516, 0.0027173157120715516, 0.0027173157120715516, 0.0027173157120715516, 0.0027173157120715516, 0.0027173157120715516, 0.0027173157120715516, 0.0027173157120715516, 0.0027173157120715516, 0.0027173157120715516, 0.0027173157120715516, 0.0027173157120715516, 0.0027173157120715516, 0.0027173157120715516, 0.0027173157120715516, 0.0027173157120715516, 0.0027173157120715516, 0.0027173157120715516, 0.0027173157120715516, 0.0027173157120715516, 0.0027173157120715516, 0.0027173157120715516, 0.0027173157120715516, 0.0027173157120715516, 0.0027173157120715516, 0.0027173157120715516, 0.0027173157120715516, 0.0027173157120715516, 0.0027173157120715516, 0.0027173157120715516, 0.0027173157120715516, 0.0027173157120715516, 0.0027173157120715516, 0.0027173157120715516, 0.0027173157120715516, 0.0027173157120715516, 0.0027173157120715516, 0.0027173157120715516, 0.0027173157120715516, 0.0027173157120715516, 0.0027173157120715516, 0.0027173157120715516, 0.0027173157120715516, 0.0027173157120715516, 0.0027173157120715516, 0.0027173157120715516, 0.0027173157120715516, 0.0027173157120715516, 0.0027173157120715516, 0.0027173157120715516, 0.0027173157120715516, 0.0027173157120715516, 0.0027173157120715516, 0.0027173157120715516
ul_tr:0.005450541446114105, 0.0054505415565801905, 0.005450541543936448, 0.005450540371234932, 0.005450541522632076, 0.005450540359468918, 0.00545054135961891, 0.0054505411876284654, 0.005450541454863618, 0.0054505414750124995, 0.0054505414285039725, 0.005450540578495639, 0.00545054135961891, 0.005450541389395033, 0.0054505418182600966, 0.00545054155783012, 0.005450541449497251, 0.00545053999808344, 0.005450541371579356, 0.0054505405016499085, 0.00545054144635298, 0.005450540847375146, 0.00545054156311316, 0.00545054135961891, 0.00545054151287873, 0.005450541404921949, 0.005450540525872452, 0.005450541410549414, 0.005450540086856285, 0.005450541388839509, 0.00545054144036998, 0.005450540670840509, 0.005450541488972834, 0.005450541462835398, 0.005450539896189101, 0.005450541381312149, 0.00545054124668074, 0.005450541378562303, 0.005450539020537748, 0.005450541711332703, 0.005450541666074107, 0.005450540399950003, 0.005450541204660852, 0.0054505397975556915, 0.005450541436842398, 0.005450541503916449, 0.005450541370396089, 0.005450541438808954, 0.005450541448697294, 0.005450540927887339, 0.005450541352508194, 0.005033096464790845, 0.005450539960613299, 0.0053399693229431704, 0.00545054140292206, 0.005450541690511638, 0.005450541747869564, 0.005450541395589133, 0.0054505406274484745, 0.00545053914244764, 0.005450541403199822, 0.005450541387006277, 0.0054505413625576355, 0.005450541035198045, 0.005450541398911172, 0.0054505412187545125, 0.005450541524970835, 0.005450540829620576, 0.005450538613165936, 0.005450539883562024, 0.005450540722093217, 0.00545054135961891, 0.005450541335620243, 0.005450541392117104, 0.005450541422948726, 0.00545054116456308, 0.005450540036603522, 0.005450541397839009, 0.005450540727976223, 0.005450541422254319, 0.005450541434364757, 0.005450541466807401, 0.005450541338592301, 0.005450541534692517, 0.005450541395728014, 0.0054505412040997715, 0.005450541457863452, 0.005450541581301039, 0.0054505413337036825, 0.005450539271581024, 0.005450541405160825, 0.005339969705594134, 0.005450540643564246, 0.0054505415163824235, 0.005450541547914005, 0.00545054072215988, 0.005450541595572469, 0.005450541406460751, 0.005450541260702183, 0.005450541747514027
dl_tr:0.0026481193789567245, 0.0026481193780123324, 0.0026481198405255263, 0.0026481190595589134, 0.0026481195634131434, 0.0026481196799922222, 0.002648119373568135, 0.00264811957048164, 0.002648119523304261, 0.0026481194945891895, 0.0026481196179712237, 0.0026481198528103995, 0.002648119373568135, 0.002648119390233876, 0.0026481183314482526, 0.002648119509305039, 0.002648119373568135, 0.0026481198603722014, 0.0026481195094328097, 0.0026481197607044053, 0.0026481194284484195, 0.0026481196097794565, 0.0026481194743192046, 0.002648119373568135, 0.002648119519893339, 0.002648119485711905, 0.0026481198838308982, 0.002648119346569635, 0.002648118786490751, 0.002648119373568135, 0.002648119465451919, 0.0026481195070107216, 0.002648119397344592, 0.0026481193894005886, 0.0026481199718848955, 0.002648119373568135, 0.0026481189516204657, 0.002648119373568135, 0.002648120227248486, 0.002648119722804289, 0.0026481200437831233, 0.002648119306616299, 0.002648119337714571, 0.002648119498518971, 0.002648119381345481, 0.002648119378790067, 0.002648119373568135, 0.002648119373568135, 0.002648119535498028, 0.0026481197074773627, 0.0026481193707349592, 0.002648119064969723, 0.0026481191886039666, 0.0026481195010966056, 0.002648119373568135, 0.002648119418215655, 0.002648119635225821, 0.0026481194406144104, 0.0026481201927570693, 0.002648119876284651, 0.002648119373568135, 0.002648119373568135, 0.002648119728181768, 0.0026481196742458757, 0.002648119376901283, 0.0026481196838786737, 0.002648119445697461, 0.0026481196246569637, 0.0026481198085184154, 0.002648118772509305, 0.0026481190955502474, 0.002648119373568135, 0.0026481195200266654, 0.0026481193938725626, 0.002648119376512416, 0.0026481194371368263, 0.0026481201120093327, 0.002648119373568135, 0.002648119645697461, 0.002648119373568135, 0.002648119535520249, 0.0026481194416754627, 0.0026481194508638406, 0.0026481200974579192, 0.002648119373568135, 0.002648119565446364, 0.0026481193994278094, 0.002648119450236098, 0.0026481196779067832, 0.002648119889293928, 0.002648119508479529, 0.002648119815138048, 0.0026481196503416477, 0.002648119376290206, 0.0026481193784011997, 0.002648119606256319, 0.0026481197336703515, 0.002648119494284762, 0.0026481197677295704, 0.0026481193485361925
ul_er:0.0, 0.0, 0.0, 0.0, 0.0, 0.0, 0.0, 0.0, 0.0, 0.0, 0.0, 0.0, 0.0, 0.0, 0.0, 0.0, 0.0, 0.0, 0.0, 0.0, 0.0, 0.0, 0.0, 0.0, 0.0, 0.0, 0.0, 0.0, 0.0, 0.0, 0.0, 0.0, 0.0, 0.0, 0.0, 0.0, 0.0, 0.0, 0.0, 0.0, 0.0, 0.0, 0.0, 0.0, 0.0, 0.0, 0.0, 0.0, 0.0, 0.0, 0.0, 0.0, 0.0, 0.0, 0.0, 0.0, 0.0, 0.0, 0.0, 0.0, 0.0, 0.0, 0.0, 0.0, 0.0, 0.0, 0.0, 0.0, 0.0, 0.0, 0.0, 0.0, 0.0, 0.0, 0.0, 0.0, 0.0, 0.0, 0.0, 0.0, 0.0, 0.0, 0.0, 0.0, 0.0, 0.0, 0.0, 0.0, 0.0, 0.0, 0.0, 0.0, 0.0, 0.0, 0.0, 0.0, 0.0, 0.0, 0.0, 0.0
dl_er:0.0, 0.0, 0.0, 0.0, 0.0, 0.0, 0.0, 0.0, 0.0, 0.0, 0.0, 0.0, 0.0, 0.0, 0.0, 0.0, 0.0, 0.0, 0.0, 0.0, 0.0, 0.0, 0.0, 0.0, 0.0, 0.0, 0.0, 0.0, 0.0, 0.0, 0.0, 0.0, 0.0, 0.0, 0.0, 0.0, 0.0, 0.0, 0.0, 0.0, 0.0, 0.0, 0.0, 0.0, 0.0, 0.0, 0.0, 0.0, 0.0, 0.0, 0.0, 0.0, 0.0, 0.0, 0.0, 0.0, 0.0, 0.0, 0.0, 0.0, 0.0, 0.0, 0.0, 0.0, 0.0, 0.0, 0.0, 0.0, 0.0, 0.0, 0.0, 0.0, 0.0, 0.0, 0.0, 0.0, 0.0, 0.0, 0.0, 0.0, 0.0, 0.0, 0.0, 0.0, 0.0, 0.0, 0.0, 0.0, 0.0, 0.0, 0.0, 0.0, 0.0, 0.0, 0.0, 0.0, 0.0, 0.0, 0.0, 0.0
ul_er_ratio:0.0, 0.0, 0.0, 0.0, 0.0, 0.0, 0.0, 0.0, 0.0, 0.0, 0.0, 0.0, 0.0, 0.0, 0.0, 0.0, 0.0, 0.0, 0.0, 0.0, 0.0, 0.0, 0.0, 0.0, 0.0, 0.0, 0.0, 0.0, 0.0, 0.0, 0.0, 0.0, 0.0, 0.0, 0.0, 0.0, 0.0, 0.0, 0.0, 0.0, 0.0, 0.0, 0.0, 0.0, 0.0, 0.0, 0.0, 0.0, 0.0, 0.0, 0.0, 0.0, 0.0, 0.0, 0.0, 0.0, 0.0, 0.0, 0.0, 0.0, 0.0, 0.0, 0.0, 0.0, 0.0, 0.0, 0.0, 0.0, 0.0, 0.0, 0.0, 0.0, 0.0, 0.0, 0.0, 0.0, 0.0, 0.0, 0.0, 0.0, 0.0, 0.0, 0.0, 0.0, 0.0, 0.0, 0.0, 0.0, 0.0, 0.0, 0.0, 0.0, 0.0, 0.0, 0.0, 0.0, 0.0, 0.0, 0.0, 0.0
dl_er_ratio:0.0, 0.0, 0.0, 0.0, 0.0, 0.0, 0.0, 0.0, 0.0, 0.0, 0.0, 0.0, 0.0, 0.0, 0.0, 0.0, 0.0, 0.0, 0.0, 0.0, 0.0, 0.0, 0.0, 0.0, 0.0, 0.0, 0.0, 0.0, 0.0, 0.0, 0.0, 0.0, 0.0, 0.0, 0.0, 0.0, 0.0, 0.0, 0.0, 0.0, 0.0, 0.0, 0.0, 0.0, 0.0, 0.0, 0.0, 0.0, 0.0, 0.0, 0.0, 0.0, 0.0, 0.0, 0.0, 0.0, 0.0, 0.0, 0.0, 0.0, 0.0, 0.0, 0.0, 0.0, 0.0, 0.0, 0.0, 0.0, 0.0, 0.0, 0.0, 0.0, 0.0, 0.0, 0.0, 0.0, 0.0, 0.0, 0.0, 0.0, 0.0, 0.0, 0.0, 0.0, 0.0, 0.0, 0.0, 0.0, 0.0, 0.0, 0.0, 0.0, 0.0, 0.0, 0.0, 0.0, 0.0, 0.0, 0.0, 0.0
ul_er_perc:0.0, 0.0, 0.0, 0.0, 0.0, 0.0, 0.0, 0.0, 0.0, 0.0, 0.0, 0.0, 0.0, 0.0, 0.0, 0.0, 0.0, 0.0, 0.0, 0.0, 0.0, 0.0, 0.0, 0.0, 0.0, 0.0, 0.0, 0.0, 0.0, 0.0, 0.0, 0.0, 0.0, 0.0, 0.0, 0.0, 0.0, 0.0, 0.0, 0.0, 0.0, 0.0, 0.0, 0.0, 0.0, 0.0, 0.0, 0.0, 0.0, 0.0, 0.0, 0.0, 0.0, 0.0, 0.0, 0.0, 0.0, 0.0, 0.0, 0.0, 0.0, 0.0, 0.0, 0.0, 0.0, 0.0, 0.0, 0.0, 0.0, 0.0, 0.0, 0.0, 0.0, 0.0, 0.0, 0.0, 0.0, 0.0, 0.0, 0.0, 0.0, 0.0, 0.0, 0.0, 0.0, 0.0, 0.0, 0.0, 0.0, 0.0, 0.0, 0.0, 0.0, 0.0, 0.0, 0.0, 0.0, 0.0, 0.0, 0.0
dl_er_perc:0.0, 0.0, 0.0, 0.0, 0.0, 0.0, 0.0, 0.0, 0.0, 0.0, 0.0, 0.0, 0.0, 0.0, 0.0, 0.0, 0.0, 0.0, 0.0, 0.0, 0.0, 0.0, 0.0, 0.0, 0.0, 0.0, 0.0, 0.0, 0.0, 0.0, 0.0, 0.0, 0.0, 0.0, 0.0, 0.0, 0.0, 0.0, 0.0, 0.0, 0.0, 0.0, 0.0, 0.0, 0.0, 0.0, 0.0, 0.0, 0.0, 0.0, 0.0, 0.0, 0.0, 0.0, 0.0, 0.0, 0.0, 0.0, 0.0, 0.0, 0.0, 0.0, 0.0, 0.0, 0.0, 0.0, 0.0, 0.0, 0.0, 0.0, 0.0, 0.0, 0.0, 0.0, 0.0, 0.0, 0.0, 0.0, 0.0, 0.0, 0.0, 0.0, 0.0, 0.0, 0.0, 0.0, 0.0, 0.0, 0.0, 0.0, 0.0, 0.0, 0.0, 0.0, 0.0, 0.0, 0.0, 0.0, 0.0, 0.0
ul_l:6.880948610077217e-05, 7.024968001777679e-05, 0.00012930688568412864, 0.00015109399802233208, 0.0001080448964501972, 0.0001628461801955447, 6.370308281762125e-05, 0.0001382025753902561, 0.0001142132328815066, 9.468498750069439e-05, 8.868197932892617e-05, 0.00016829918326759626, 6.370308281762125e-05, 6.684980364979723e-05, 3.386329752791512e-05, 0.0001290191628853953, 6.53456072551525e-05, 0.00012080520832731514, 0.0001410325413477029, 0.00012221258255652465, 7.588616044664185e-05, 0.0001059314166657408, 0.00011944244616965722, 6.370308281762125e-05, 0.00012885279314482528, 8.801086905171935e-05, 0.00013362056255763569, 8.040933162046554e-05, 6.039428620076662e-05, 6.510395256930171e-05, 9.284961413810344e-05, 9.216955596355759e-05, 6.85611477862341e-05, 6.908892423754237e-05, 0.00019002084062552083, 6.389832795400255e-05, 9.31477079884451e-05, 6.468524161991e-05, 0.00016126089005055275, 9.751517991778234e-05, 0.00011634275389700573, 0.00010214634471418255, 9.471760173879229e-05, 0.00012345791499361147, 7.237209726126327e-05, 7.786763818121216e-05, 6.432781075495807e-05, 6.653395682462085e-05, 8.477449549469472e-05, 0.00012972229680017775, 6.688937895116937e-05, 9.846952492639298e-05, 4.3633955658019e-05, 0.00011219455519693352, 6.476427795678018e-05, 0.00010870026982389867, 0.00014073791229376147, 7.941713433698128e-05, 0.00011843311140492195, 0.00013838553724237543, 6.421768513415922e-05, 6.428662844286429e-05, 0.00011133532539858896, 0.00011025196565746348, 6.568477860674408e-05, 0.00010251693943114272, 8.515098378423421e-05, 0.00013194429173934782, 0.00011840096116882395, 8.154379701127715e-05, 0.00010198617232931504, 6.370308281762125e-05, 9.697435772457086e-05, 6.774629598911172e-05, 6.962113812010445e-05, 9.307082257096826e-05, 8.073666899616688e-05, 6.495776595189156e-05, 0.00018194936020776625, 6.873161639908895e-05, 8.773123334259209e-05, 7.448342678184544e-05, 8.307005824120883e-05, 9.794976429087273e-05, 6.412979304483085e-05, 7.381108797844564e-05, 7.163126794622522e-05, 8.10773023665352e-05, 9.192129852785957e-05, 0.00016828395348591747, 8.754928316204656e-05, 9.042195993000389e-05, 8.809280946614077e-05, 6.631974688072884e-05, 6.581381145491917e-05, 6.980954971946002e-05, 6.959214804733071e-05, 5.343809866118549e-05, 4.764682411532693e-05, 3.1463000349980556e-05
dl_l:3.8396924431976006e-05, 3.840241306038554e-05, 4.730969656130215e-05, 5.616390788289539e-05, 4.3311043558691186e-05, 5.54805217210155e-05, 3.840241306038554e-05, 4.625145230264985e-05, 4.3694497394589185e-05, 4.217250792178212e-05, 4.147409370590523e-05, 5.378392796511305e-05, 3.840241306038554e-05, 3.862365321371034e-05, 1.8930123598688962e-05, 4.761228302872063e-05, 3.840241306038554e-05, 5.3029055235820234e-05, 5.2863508960613304e-05, 4.80596150213877e-05, 3.935172899283373e-05, 4.6385884817510145e-05, 4.4600312727070714e-05, 3.840241306038554e-05, 4.7557040514415863e-05, 4.036575071384922e-05, 5.187349688906171e-05, 3.878128892839287e-05, 4.2542798155658015e-05, 3.840241306038554e-05, 4.0074472834842504e-05, 4.289095126381868e-05, 3.8814518754513634e-05, 3.8950208466196316e-05, 5.8314287139603365e-05, 3.840241306038554e-05, 5.371993482028777e-05, 3.840241306038554e-05, 5.625850699405588e-05, 4.276015933003722e-05, 4.805834866396312e-05, 4.036667633464807e-05, 4.323966217987889e-05, 5.209972678184546e-05, 3.8383960252208215e-05, 3.874653434809177e-05, 3.840241306038554e-05, 3.840241306038554e-05, 4.045285091383812e-05, 4.770528923393145e-05, 3.840241306038554e-05, 4.6323728153991445e-05, 3.421827319037831e-05, 4.801996912949282e-05, 3.840241306038554e-05, 4.27378022609855e-05, 4.939648540636631e-05, 3.908356470751625e-05, 4.7543794461418813e-05, 4.943077625131936e-05, 3.840241306038554e-05, 3.840241306038554e-05, 4.3486411421587686e-05, 4.392819800011111e-05, 3.840241306038554e-05, 4.234129344480862e-05, 3.979244546414088e-05, 4.884968073995888e-05, 4.7963243642019884e-05, 3.636033829787234e-05, 4.3981430320537746e-05, 3.840241306038554e-05, 4.18492262429865e-05, 3.839789218932281e-05, 3.862280553858119e-05, 4.160332003222044e-05, 4.110597914560303e-05, 3.840241306038554e-05, 5.596185242486528e-05, 3.840241306038554e-05, 3.9990673523693125e-05, 3.880887670129437e-05, 3.962123948113994e-05, 4.211073017054608e-05, 3.840241306038554e-05, 3.859726541303261e-05, 3.856108769512805e-05, 3.939522852063775e-05, 4.0611993022609855e-05, 6.469652665963002e-05, 4.2192410104994166e-05, 4.243804358646742e-05, 4.173410872729293e-05, 3.7885028137325695e-05, 3.787503174268096e-05, 4.0757096166879625e-05, 3.92476829065052e-05, 3.798323393144825e-05, 3.509396634075885e-05, 3.187995768012888e-05
ul_il:0.000770778581506583, 0.0008123463849786123, 0.006482177909516138, 0.010757952577173489, 0.0024963910226265206, 0.010410912048086215, 0.0006370267142603189, 0.009275192125237489, 0.0033560069822898726, 0.0025288285429031715, 0.002585647417276818, 0.011948708234470307, 0.0006370267142603189, 0.0007146139475806899, 0.378617816218349, 0.005783761477362369, 0.000680993567424032, 0.010671572012288206, 0.006166713921415477, 0.006434308000094439, 0.0011455287642853174, 0.01010908288828954, 0.004614543840264429, 0.0006370267142603189, 0.005524183274968057, 0.0014077941614299206, 0.008763575290589413, 0.002180931930670518, 0.027140661314571417, 0.0006639779258596746, 0.0017113484046608523, 0.009058635031231598, 0.0007746048529581691, 0.0007694930453919226, 0.016641555080534415, 0.0006465819297483472, 0.017034964195666906, 0.0006673308049775014, 0.021641803388433977, 0.0025093843891061604, 0.005266467878073441, 0.010463784028559523, 0.0035437296969890566, 0.008118765309099494, 0.0008951416850730516, 0.0011913139519360038, 0.0006504977813677018, 0.0007159455628076217, 0.0017026100038053443, 0.004441845362257652, 0.0007206766469862785, 0.013146358770857175, 0.0646554968898339, 0.007774831963574246, 0.0006643257497972335, 0.010409015249163937, 0.005743405055346925, 0.0011149660886228543, 0.013148171736459085, 0.004893744887017388, 0.0006506849026776289, 0.0006510959933559246, 0.004513093927859563, 0.0033196763018832286, 0.000679791880695517, 0.002148125646658519, 0.001386805425226376, 0.004341436997022387, 0.004858215589067274, 0.020566473634386975, 0.0024586277595466917, 0.0006370267142603189, 0.0018605392672684854, 0.0007446837112327093, 0.0007995927052385978, 0.003881734240764401, 0.0056366990830620505, 0.000658486090350536, 0.013176375923970892, 0.0007677212250374978, 0.0016896364028776178, 0.0009446616671296039, 0.001320421663057608, 0.001960361399027832, 0.0006463328573079273, 0.0009574782436975722, 0.0008548037850952724, 0.0011859843482862063, 0.001680938438520082, 0.02236486191379368, 0.0019388556614465863, 0.0019294762353758127, 0.0016019366765068605, 0.0007165516277484584, 0.0007144956407255152, 0.0021452702220821065, 0.000938701626704072, 0.0009725618345480806, 0.0005988142398477862, 6.462707045719682e-05
dl_il:9.115744172545969e-05, 9.104632712071551e-05, 0.0003751563683128716, 0.000722488268973946, 0.00017993068310093884, 0.0004316835578578968, 9.104632712071551e-05, 0.00019224521165490808, 0.00018514142650963834, 0.00015628634521415476, 0.00020541378527859564, 0.00047332339480028886, 9.104632712071551e-05, 9.243564743625355e-05, 0.03852005480107216, 0.00040540006260207764, 9.104632712071551e-05, 0.0006022751125659686, 0.0005557293488583967, 0.00038100143835342485, 0.00010113156809621687, 0.0011083993584356424, 0.00022784258443975328, 9.104632712071551e-05, 0.0002693213978834509, 0.00010537462859285595, 0.00041724472922615406, 0.0001852472603133159, 0.0026229054889172817, 9.104632712071551e-05, 0.00010263515239153381, 0.0011748221737070165, 9.3274410393867e-05, 9.958348440642187e-05, 0.001470065861257708, 9.104632712071551e-05, 0.00044635993195933556, 9.104632712071551e-05, 0.0006196707155102495, 0.0001392873780901061, 0.00023422496087439584, 0.0012693717080606633, 0.00021992196718515636, 0.00041720643129270597, 9.108336211877118e-05, 9.580378057330147e-05, 9.104632712071551e-05, 9.104632712071551e-05, 0.0001354070978445642, 0.00023627446402977608, 9.104632712071551e-05, 0.0009863514410866064, 0.005884396080356647, 0.00042692662621521027, 9.104632712071551e-05, 0.0012669428027387369, 0.0003371988095994667, 9.639117779567801e-05, 0.00023905254640297765, 0.0002620694822787623, 9.104632712071551e-05, 9.104632712071551e-05, 0.000162861958852286, 0.00014556958357313482, 9.104632712071551e-05, 0.00012925124473084826, 0.00010513894276429085, 0.0003220300504749737, 0.00023607860961057724, 0.002132728539653353, 0.00016082310418865617, 9.104632712071551e-05, 0.00011651369902227655, 9.172240937170158e-05, 9.165579709460584e-05, 0.00027919767319593353, 0.0006800225576523525, 9.104632712071551e-05, 0.0010167538410421645, 9.104632712071551e-05, 0.00011185189825565246, 9.520664419754457e-05, 9.797670814954725e-05, 0.0001420498467807344, 9.104632712071551e-05, 9.665679015054718e-05, 9.326925173601466e-05, 9.771226064663075e-05, 0.00011545115378590078, 0.0008840505927226266, 0.0003303982769290595, 0.00013151048372868175, 0.00012265200456085774, 8.585274826398532e-05, 8.521330131103827e-05, 0.00013237704068107327, 9.542946980723292e-05, 8.311585794122549e-05, 6.871674628631742e-05, 4.5183912565968556e-05
sinr_ul:5.55610660e-04,1.97017634e-03,3.68527475e-03,6.15576623e-03,1.02149887e-02,1.58996495e-02,1.85144717e-02,1.46297270e-02,1.26898538e-02,9.47646542e-03,1.71997191e-02,3.95512940e-02,4.15213141e-02,3.07554009e-02,2.53609634e-02,1.41714302e-02,9.64203959e-03,5.04548213e-03,2.43878247e-03,9.45647156e-04,2.67886500e-04,8.37242940e-05,5.15466735e-05,5.42021082e-05,2.85849735e-05,2.87411755e-05,2.93659837e-05,2.92097817e-05,2.37427102e-05,2.57733368e-05,2.17120837e-05,1.53078000e-05,1.01531327e-05,9.99693062e-06,1.06217388e-05,1.53078000e-05,1.76508306e-05,6.40428368e-06,3.90505102e-06,5.77947552e-06
sinr_ul_bin_edges:-15.078369  ,-11.52172177, -7.96507455, -4.40842732, -0.8517801 ,  2.70486713,  6.26151435,  9.81816158, 13.3748088 , 16.93145603, 20.48810325, 24.04475048, 27.6013977 , 31.15804492, 34.71469215, 38.27133938, 41.8279866 , 45.38463383, 48.94128105, 52.49792827, 56.0545755 , 59.61122272, 63.16786995, 66.72451718, 70.2811644 , 73.83781163, 77.39445885, 80.95110608, 84.5077533 , 88.06440053, 91.62104775, 95.17769498, 98.7343422 ,102.29098943,105.84763665,109.40428388,112.9609311 ,116.51757833,120.07422555,123.63087278,127.18752   
sinr_dl:5.54827432e-04,1.96589320e-03,3.70744789e-03,6.14765679e-03,1.02052916e-02,1.58911394e-02,1.85211371e-02,1.46024827e-02,1.27336726e-02,9.48271839e-03,1.70376889e-02,3.93950927e-02,4.17003858e-02,3.04662637e-02,2.56799587e-02,1.43020098e-02,9.72972525e-03,5.10381831e-03,2.46412792e-03,9.65046419e-04,2.70456877e-04,8.44200658e-05,5.08083729e-05,5.51857097e-05,2.89216892e-05,2.84526888e-05,2.95470230e-05,2.97033565e-05,2.29810179e-05,2.62640205e-05,2.15740168e-05,1.53206786e-05,1.01616746e-05,9.84900768e-06,1.07870084e-05,1.54770121e-05,1.75093470e-05,6.56600512e-06,4.06466984e-06,5.78433784e-06
sinr_dl_bin_edges: -9.11609  , -5.5624325, -2.008775 ,  1.5448825,  5.09854  ,  8.6521975, 12.205855 , 15.7595125, 19.31317  , 22.8668275, 26.420485 , 29.9741425, 33.5278   , 37.0814575, 40.635115 , 44.1887725, 47.74243  , 51.2960875, 54.849745 , 58.4034025, 61.95706  , 65.5107175, 69.064375 , 72.6180325, 76.17169  , 79.7253475, 83.279005 , 86.8326625, 90.38632  , 93.9399775, 97.493635 ,101.0472925,104.60095  ,108.1546075,111.708265 ,115.2619225,118.81558  ,122.3692375,125.922895 ,129.4765525,133.03021  
rsrp_ul:5.48432823e-04,1.95031342e-03,3.81479741e-03,6.10498909e-03,1.02257395e-02,1.59081476e-02,1.85253979e-02,1.45103318e-02,1.27576293e-02,9.53597733e-03,1.68699375e-02,3.98489288e-02,4.15254948e-02,3.04464639e-02,2.56361077e-02,1.43141279e-02,9.62665322e-03,5.13397533e-03,2.42823792e-03,9.59601102e-04,2.65617835e-04,8.30153446e-05,5.17477949e-05,5.36238479e-05,2.89224835e-05,2.86098080e-05,2.93914968e-05,2.92351590e-05,2.37633378e-05,2.57957286e-05,2.18872848e-05,1.51647616e-05,1.01619537e-05,1.00056159e-05,1.04746292e-05,1.54774371e-05,1.76661656e-05,6.40984770e-06,3.90844372e-06,5.78449671e-06
rsrp_ul_bin_edges:-143.78468   ,-140.2311201 ,-136.6775602 ,-133.12400029,-129.57044039,-126.01688049,-122.46332059,-118.90976068,-115.35620078,-111.80264088,-108.24908097,-104.69552107,-101.14196117, -97.58840127, -94.03484137, -90.48128146, -86.92772156, -83.37416166, -79.82060175, -76.26704185, -72.71348195, -69.15992205, -65.60636215, -62.05280224, -58.49924234, -54.94568244, -51.39212253, -47.83856263, -44.28500273, -40.73144283, -37.17788292, -33.62432302, -30.07076312, -26.51720322, -22.96364331, -19.41008341, -15.85652351, -12.30296361,  -8.7494037 ,  -5.1958438 ,  -1.6422839 
rsrp_dl:5.49106083e-04,1.95128210e-03,3.80916923e-03,6.10321242e-03,1.02199436e-02,1.58965429e-02,1.85283411e-02,1.45132962e-02,1.27807178e-02,9.53708095e-03,1.67176990e-02,3.95936774e-02,4.17996446e-02,3.04331487e-02,2.57507287e-02,1.43706224e-02,9.69086194e-03,5.16081498e-03,2.46816144e-03,9.76970794e-04,2.68451863e-04,8.49471803e-05,5.06867153e-05,5.49106083e-05,2.83157268e-05,2.87850482e-05,2.95672506e-05,2.97236911e-05,2.31531910e-05,2.59691196e-05,2.14323457e-05,1.56440479e-05,1.01686312e-05,9.85575021e-06,1.07943931e-05,1.54876075e-05,1.75213337e-05,6.57050014e-06,4.06745247e-06,5.78829774e-06
rsrp_dl_bin_edges:-143.78119   ,-140.22996363,-136.67873726,-133.1275109 ,-129.57628453,-126.02505816,-122.4738318 ,-118.92260543,-115.37137906,-111.82015269,-108.26892633,-104.71769996,-101.16647359, -97.61524722, -94.06402086, -90.51279449, -86.96156812, -83.41034175, -79.85911539, -76.30788902, -72.75666265, -69.20543628, -65.65420992, -62.10298355, -58.55175718, -55.00053081, -51.44930445, -47.89807808, -44.34685171, -40.79562534, -37.24439898, -33.69317261, -30.14194624, -26.59071987, -23.03949351, -19.48826714, -15.93704077, -12.3858144 ,  -8.83458803,  -5.28336167,  -1.7321353 
cqi_ul:0.22382519,0.        ,0.1850163 ,0.        ,0.        ,0.20471704,0.        ,0.        ,0.12885926,0.        ,0.05787111,0.        ,0.        ,0.04846963,0.        ,0.        ,0.02906963,0.        ,0.06093037,0.        ,0.        ,0.10889333,0.        ,0.        ,0.18052296,0.        ,0.23059111,0.        ,0.        ,0.18029037,0.        ,0.        ,0.18800444,0.        ,0.17397481,0.        ,0.        ,0.11962815,0.        ,0.54600296
cqi_ul_bin_edges: 0.   , 0.375, 0.75 , 1.125, 1.5  , 1.875, 2.25 , 2.625, 3.   , 3.375, 3.75 , 4.125, 4.5  , 4.875, 5.25 , 5.625, 6.   , 6.375, 6.75 , 7.125, 7.5  , 7.875, 8.25 , 8.625, 9.   , 9.375, 9.75 ,10.125,10.5  ,10.875,11.25 ,11.625,12.   ,12.375,12.75 ,13.125,13.5  ,13.875,14.25 ,14.625,15.   
cqi_dl:0.08098815,0.        ,0.09144   ,0.        ,0.        ,0.17155704,0.        ,0.        ,0.16015556,0.        ,0.08201778,0.        ,0.        ,0.07334667,0.        ,0.        ,0.04995407,0.        ,0.06820741,0.        ,0.        ,0.05046815,0.        ,0.        ,0.04862963,0.        ,0.05296741,0.        ,0.        ,0.05937481,0.        ,0.        ,0.16694074,0.        ,0.23815407,0.        ,0.        ,0.20536148,0.        ,1.0671037 
cqi_dl_bin_edges: 0.   , 0.375, 0.75 , 1.125, 1.5  , 1.875, 2.25 , 2.625, 3.   , 3.375, 3.75 , 4.125, 4.5  , 4.875, 5.25 , 5.625, 6.   , 6.375, 6.75 , 7.125, 7.5  , 7.875, 8.25 , 8.625, 9.   , 9.375, 9.75 ,10.125,10.5  ,10.875,11.25 ,11.625,12.   ,12.375,12.75 ,13.125,13.5  ,13.875,14.25 ,14.625,15.   
mcs_ul:0.21902222,0.06704683,0.04262302,0.        ,0.03907698,0.02995476,0.        ,0.01742063,0.01358175,0.        ,0.01368968,0.01227619,0.00750794,0.        ,0.00806508,0.01611746,0.        ,0.01652381,0.02283254,0.        ,0.03550317,0.04176587,0.05494286,0.        ,0.05644841,0.06708254,0.        ,0.04752778,0.04903254,0.        ,0.05327222,0.04746825,0.04901032,0.        ,0.04419048,0.03233175,0.        ,0.03175476,0.        ,0.29250159
mcs_ul_bin_edges: 0. , 0.7, 1.4, 2.1, 2.8, 3.5, 4.2, 4.9, 5.6, 6.3, 7. , 7.7, 8.4, 9.1, 9.8,10.5,11.2,11.9,12.6,13.3,14. ,14.7,15.4,16.1,16.8,17.5,18.2,18.9,19.6,20.3,21. ,21.7,22.4,23.1,23.8,24.5,25.2,25.9,26.6,27.3,28. 
mcs_dl:0.09237222,0.04262698,0.04927857,0.        ,0.0422    ,0.04359762,0.        ,0.02523413,0.01870397,0.        ,0.01977937,0.01951349,0.01397063,0.        ,0.01279048,0.0191254 ,0.        ,0.01741429,0.01384127,0.        ,0.01319524,0.01271905,0.01333254,0.        ,0.01424444,0.01413095,0.        ,0.01493889,0.01686032,0.        ,0.0411119 ,0.04832937,0.05864683,0.        ,0.06893571,0.05691667,0.        ,0.05309841,0.        ,0.5716627 
mcs_dl_bin_edges: 0. , 0.7, 1.4, 2.1, 2.8, 3.5, 4.2, 4.9, 5.6, 6.3, 7. , 7.7, 8.4, 9.1, 9.8,10.5,11.2,11.9,12.6,13.3,14. ,14.7,15.4,16.1,16.8,17.5,18.2,18.9,19.6,20.3,21. ,21.7,22.4,23.1,23.8,24.5,25.2,25.9,26.6,27.3,28. 
eff_ul:0.45331336,0.37471368,0.25347467,0.16113894,0.14773295,0.        ,0.11324583,0.06585979,0.        ,0.05134663,0.05175469,0.0464109 ,0.02838422,0.03049053,0.06093305,0.        ,0.06246928,0.08631983,0.        ,0.13422194,0.        ,0.15789846,0.20771487,0.        ,0.21340671,0.        ,0.25360969,0.1796817 ,0.18537055,0.20139893,0.        ,0.17945667,0.        ,0.18528653,0.        ,0.16706483,0.        ,0.12223216,0.12005084,1.10582032
eff_ul_bin_edges:0.        ,0.18515767,0.37031534,0.555473  ,0.74063067,0.92578834,1.11094601,1.29610367,1.48126134,1.66641901,1.85157668,2.03673434,2.22189201,2.40704968,2.59220735,2.77736501,2.96252268,3.14768035,3.33283802,3.51799568,3.70315335,3.88831102,4.07346868,4.25862635,4.44378402,4.62894169,4.81409936,4.99925702,5.18441469,5.36957236,5.55473003,5.73988769,5.92504536,6.11020303,6.2953607 ,6.48051836,6.66567603,6.8508337 ,7.03599137,7.22114903,7.4063067 
eff_dl:0.16402537,0.18519352,0.16115395,0.18630068,0.15953971,0.        ,0.16482349,0.09539918,0.        ,0.07071151,0.07477711,0.07377196,0.05281685,0.04835519,0.07230474,0.        ,0.06583578,0.05232778,0.        ,0.04988541,0.        ,0.04808515,0.05040449,0.        ,0.053852  ,0.        ,0.05342294,0.05647739,0.06374147,0.1554261 ,0.        ,0.18271215,0.        ,0.22171795,0.        ,0.26061573,0.        ,0.21517697,0.20074183,2.16120615
eff_dl_bin_edges:0.        ,0.18515767,0.37031534,0.555473  ,0.74063067,0.92578834,1.11094601,1.29610367,1.48126134,1.66641901,1.85157668,2.03673434,2.22189201,2.40704968,2.59220735,2.77736501,2.96252268,3.14768035,3.33283802,3.51799568,3.70315335,3.88831102,4.07346868,4.25862635,4.44378402,4.62894169,4.81409936,4.99925702,5.18441469,5.36957236,5.55473003,5.73988769,5.92504536,6.11020303,6.2953607 ,6.48051836,6.66567603,6.8508337 ,7.03599137,7.22114903,7.4063067 
rul:7.64453988e+00,4.44977775e-02,3.71511010e-02,1.62910183e-02,1.30483176e-03,1.20147875e-03,7.70841204e-04,1.11535124e-03,8.39743212e-04,7.96679457e-04,2.03260921e-03,2.92833530e-04,2.19625148e-04,2.19625148e-04,1.67948642e-04,1.37804014e-04,1.07659386e-04,5.16765053e-05,2.15318772e-05,4.73701299e-05,0.00000000e+00,1.29191263e-05,1.72255018e-05,2.58382527e-05,8.61275089e-06,4.30637544e-06,0.00000000e+00,4.30637544e-06,0.00000000e+00,4.30637544e-06,8.61275089e-06,0.00000000e+00,0.00000000e+00,4.30637544e-06,0.00000000e+00,0.00000000e+00,0.00000000e+00,0.00000000e+00,4.30637544e-06,4.30637544e-06
rul_bin_edges:0.        ,0.12900053,0.25800105,0.38700157,0.5160021 ,0.64500263,0.77400315,0.90300368,1.0320042 ,1.16100472,1.29000525,1.41900578,1.5480063 ,1.67700683,1.80600735,1.93500788,2.0640084 ,2.19300892,2.32200945,2.45100998,2.5800105 ,2.70901103,2.83801155,2.96701207,3.0960126 ,3.22501313,3.35401365,3.48301418,3.6120147 ,3.74101522,3.87001575,3.99901628,4.1280168 ,4.25701733,4.38601785,4.51501838,4.6440189 ,4.77301943,4.90201995,5.03102048,5.160021  
rdl:8.98418955e+00,1.15468340e-02,7.44196209e-03,6.79461677e-03,1.06636341e-02,6.83978040e-03,3.82887193e-03,2.60945400e-04,2.81018123e-04,2.70981762e-04,2.50909039e-04,1.30472700e-04,6.52363501e-05,5.01818078e-05,2.50909039e-05,6.02181693e-05,5.51999885e-05,4.51636270e-05,1.10399977e-04,1.50545423e-05,4.01454462e-05,9.53454347e-05,1.00363616e-05,1.50545423e-05,1.50545423e-05,1.00363616e-05,1.50545423e-05,2.00727231e-05,1.50545423e-05,5.01818078e-06,5.01818078e-06,5.01818078e-06,1.50545423e-05,5.01818078e-06,0.00000000e+00,5.01818078e-06,0.00000000e+00,1.50545423e-05,0.00000000e+00,1.00363616e-05
rdl_bin_edges:0.        ,0.11070241,0.22140482,0.33210722,0.44280963,0.55351204,0.66421445,0.77491685,0.88561926,0.99632167,1.10702407,1.21772648,1.32842889,1.4391313 ,1.5498337 ,1.66053611,1.77123852,1.88194093,1.99264334,2.10334574,2.21404815,2.32475056,2.43545297,2.54615537,2.65685778,2.76756019,2.8782626 ,2.988965  ,3.09966741,3.21036982,3.32107222,3.43177463,3.54247704,3.65317945,3.76388186,3.87458426,3.98528667,4.09598908,4.20669149,4.31739389,4.4280963 
lul:8.17837264e+03,0.00000000e+00,0.00000000e+00,0.00000000e+00,0.00000000e+00,0.00000000e+00,0.00000000e+00,0.00000000e+00,0.00000000e+00,0.00000000e+00,0.00000000e+00,0.00000000e+00,0.00000000e+00,0.00000000e+00,0.00000000e+00,0.00000000e+00,0.00000000e+00,0.00000000e+00,0.00000000e+00,0.00000000e+00,0.00000000e+00,0.00000000e+00,0.00000000e+00,0.00000000e+00,0.00000000e+00,8.98589209e+01,2.86579879e+01,2.36603714e+01,6.21780161e+00,4.91159577e+01,4.77321462e+00,1.06684386e+01,7.69978891e+00,1.64654867e+01,4.67503881e-03,4.67503881e-03,1.87001552e-02,0.00000000e+00,0.00000000e+00,1.87001552e-02
lul_bin_edges:0.        ,0.00011883,0.00023766,0.00035648,0.00047531,0.00059414,0.00071297,0.00083179,0.00095062,0.00106945,0.00118828,0.00130711,0.00142593,0.00154476,0.00166359,0.00178242,0.00190125,0.00202007,0.0021389 ,0.00225773,0.00237656,0.00249538,0.00261421,0.00273304,0.00285187,0.0029707 ,0.00308952,0.00320835,0.00332718,0.00344601,0.00356483,0.00368366,0.00380249,0.00392132,0.00404015,0.00415897,0.0042778 ,0.00439663,0.00451546,0.00463429,0.00475311
ldl:8.92270994e+03,0.00000000e+00,0.00000000e+00,0.00000000e+00,0.00000000e+00,0.00000000e+00,0.00000000e+00,0.00000000e+00,0.00000000e+00,0.00000000e+00,0.00000000e+00,0.00000000e+00,0.00000000e+00,0.00000000e+00,0.00000000e+00,0.00000000e+00,0.00000000e+00,0.00000000e+00,0.00000000e+00,0.00000000e+00,0.00000000e+00,0.00000000e+00,0.00000000e+00,0.00000000e+00,0.00000000e+00,0.00000000e+00,0.00000000e+00,5.41231986e+01,1.27549568e+01,6.24189421e+00,8.40621956e+00,9.28500595e+00,3.23393393e+00,4.55462434e+00,1.50649096e+00,3.51514557e+00,1.31064714e+01,5.02163653e-03,0.00000000e+00,5.02163653e-03
ldl_bin_edges:0.        ,0.00011063,0.00022125,0.00033188,0.0004425 ,0.00055313,0.00066376,0.00077438,0.00088501,0.00099564,0.00110626,0.00121689,0.00132751,0.00143814,0.00154877,0.00165939,0.00177002,0.00188065,0.00199127,0.0021019 ,0.00221252,0.00232315,0.00243378,0.0025444 ,0.00265503,0.00276566,0.00287628,0.00298691,0.00309753,0.00320816,0.00331879,0.00342941,0.00354004,0.00365067,0.00376129,0.00387192,0.00398254,0.00409317,0.0042038 ,0.00431442,0.00442505
ilul:2.58315473e-01,2.59796168e-05,8.75556145e-06,7.46375730e-06,2.58360830e-06,1.14827035e-06,1.72240553e-06,8.61202766e-07,8.61202766e-07,5.74135177e-07,8.61202766e-07,0.00000000e+00,1.43533794e-06,0.00000000e+00,1.43533794e-07,5.74135177e-07,1.43533794e-07,0.00000000e+00,1.43533794e-07,1.43533794e-07,4.30601383e-07,1.43533794e-07,1.43533794e-07,1.43533794e-07,4.30601383e-07,0.00000000e+00,2.87067589e-07,0.00000000e+00,4.30601383e-07,2.87067589e-07,1.43533794e-07,1.43533794e-07,1.43533794e-07,2.87067589e-07,7.17668971e-07,5.74135177e-07,0.00000000e+00,1.00473656e-06,1.43533794e-07,8.61202766e-07
ilul_bin_edges:  0.        ,  3.87034075,  7.7406815 , 11.61102225, 15.481363  , 19.35170375, 23.2220445 , 27.09238525, 30.962726  , 34.83306675, 38.7034075 , 42.57374825, 46.444089  , 50.31442975, 54.1847705 , 58.05511125, 61.925452  , 65.79579275, 69.6661335 , 73.53647425, 77.406815  , 81.27715575, 85.1474965 , 89.01783725, 92.888178  , 96.75851875,100.6288595 ,104.49920025,108.369541  ,112.23988175,116.1102225 ,119.98056325,123.850904  ,127.72124475,131.5915855 ,135.46192625,139.332267  ,143.20260775,147.0729485 ,150.94328925,154.81363   
ildl:4.43165232e-01,6.15492905e-06,2.46197162e-06,4.92394324e-07,9.84788649e-07,4.92394324e-07,4.92394324e-07,4.92394324e-07,0.00000000e+00,2.46197162e-07,0.00000000e+00,4.92394324e-07,0.00000000e+00,0.00000000e+00,0.00000000e+00,0.00000000e+00,2.46197162e-07,0.00000000e+00,0.00000000e+00,0.00000000e+00,0.00000000e+00,0.00000000e+00,2.46197162e-07,0.00000000e+00,0.00000000e+00,0.00000000e+00,0.00000000e+00,2.46197162e-07,0.00000000e+00,0.00000000e+00,0.00000000e+00,0.00000000e+00,2.46197162e-07,0.00000000e+00,0.00000000e+00,0.00000000e+00,0.00000000e+00,2.46197162e-07,4.92394324e-07,2.46197162e-07
ildl_bin_edges: 0.      , 2.256422, 4.512844, 6.769266, 9.025688,11.28211 ,13.538532,15.794954,18.051376,20.307798,22.56422 ,24.820642,27.077064,29.333486,31.589908,33.84633 ,36.102752,38.359174,40.615596,42.872018,45.12844 ,47.384862,49.641284,51.897706,54.154128,56.41055 ,58.666972,60.923394,63.179816,65.436238,67.69266 ,69.949082,72.205504,74.461926,76.718348,78.97477 ,81.231192,83.487614,85.744036,88.000458,90.25688 
eul: 0., 0., 0., 0., 0., 0., 0., 0., 0., 0., 0., 0., 0., 0., 0., 0., 0., 0., 0., 0.,40., 0., 0., 0., 0., 0., 0., 0., 0., 0., 0., 0., 0., 0., 0., 0., 0., 0., 0., 0.
eul_bin_edges:-0.5  ,-0.475,-0.45 ,-0.425,-0.4  ,-0.375,-0.35 ,-0.325,-0.3  ,-0.275,-0.25 ,-0.225,-0.2  ,-0.175,-0.15 ,-0.125,-0.1  ,-0.075,-0.05 ,-0.025, 0.   , 0.025, 0.05 , 0.075, 0.1  , 0.125, 0.15 , 0.175, 0.2  , 0.225, 0.25 , 0.275, 0.3  , 0.325, 0.35 , 0.375, 0.4  , 0.425, 0.45 , 0.475, 0.5  
edl: 0., 0., 0., 0., 0., 0., 0., 0., 0., 0., 0., 0., 0., 0., 0., 0., 0., 0., 0., 0.,40., 0., 0., 0., 0., 0., 0., 0., 0., 0., 0., 0., 0., 0., 0., 0., 0., 0., 0., 0.
edl_bin_edges:-0.5  ,-0.475,-0.45 ,-0.425,-0.4  ,-0.375,-0.35 ,-0.325,-0.3  ,-0.275,-0.25 ,-0.225,-0.2  ,-0.175,-0.15 ,-0.125,-0.1  ,-0.075,-0.05 ,-0.025, 0.   , 0.025, 0.05 , 0.075, 0.1  , 0.125, 0.15 , 0.175, 0.2  , 0.225, 0.25 , 0.275, 0.3  , 0.325, 0.35 , 0.375, 0.4  , 0.425, 0.45 , 0.475, 0.5  
gul:3.77840962e+00,2.10426020e-04,1.47298214e-03,6.31278060e-04,0.00000000e+00,0.00000000e+00,0.00000000e+00,3.78766836e-03,0.00000000e+00,0.00000000e+00,2.10426020e-04,1.05213010e-03,1.26255612e-03,2.10426020e-04,2.10426020e-04,0.00000000e+00,0.00000000e+00,0.00000000e+00,0.00000000e+00,0.00000000e+00,2.10426020e-04,0.00000000e+00,0.00000000e+00,0.00000000e+00,0.00000000e+00,0.00000000e+00,0.00000000e+00,0.00000000e+00,0.00000000e+00,0.00000000e+00,0.00000000e+00,0.00000000e+00,0.00000000e+00,0.00000000e+00,0.00000000e+00,0.00000000e+00,0.00000000e+00,0.00000000e+00,0.00000000e+00,2.10426020e-04
gul_bin_edges: 0.   , 0.264, 0.528, 0.792, 1.056, 1.32 , 1.584, 1.848, 2.112, 2.376, 2.64 , 2.904, 3.168, 3.432, 3.696, 3.96 , 4.224, 4.488, 4.752, 5.016, 5.28 , 5.544, 5.808, 6.072, 6.336, 6.6  , 6.864, 7.128, 7.392, 7.656, 7.92 , 8.184, 8.448, 8.712, 8.976, 9.24 , 9.504, 9.768,10.032,10.296,10.56 
gdl:9.84344998e+00,3.29102306e-03,0.00000000e+00,0.00000000e+00,9.32456535e-03,0.00000000e+00,4.38803075e-03,2.74251922e-03,5.48503844e-04,0.00000000e+00,1.64551153e-03,0.00000000e+00,4.38803075e-03,1.64551153e-03,0.00000000e+00,0.00000000e+00,0.00000000e+00,0.00000000e+00,0.00000000e+00,5.48503844e-04,1.09700769e-03,0.00000000e+00,0.00000000e+00,0.00000000e+00,0.00000000e+00,0.00000000e+00,0.00000000e+00,0.00000000e+00,0.00000000e+00,0.00000000e+00,0.00000000e+00,0.00000000e+00,0.00000000e+00,0.00000000e+00,0.00000000e+00,0.00000000e+00,0.00000000e+00,0.00000000e+00,0.00000000e+00,5.48503844e-04
gdl_bin_edges:0.     ,0.10128,0.20256,0.30384,0.40512,0.5064 ,0.60768,0.70896,0.81024,0.91152,1.0128 ,1.11408,1.21536,1.31664,1.41792,1.5192 ,1.62048,1.72176,1.82304,1.92432,2.0256 ,2.12688,2.22816,2.32944,2.43072,2.532  ,2.63328,2.73456,2.83584,2.93712,3.0384 ,3.13968,3.24096,3.34224,3.44352,3.5448 ,3.64608,3.74736,3.84864,3.94992,4.0512 
ri: 0., 0., 0., 0., 0., 0., 0., 0., 0., 0., 0., 0., 0., 0., 0., 0., 0., 0., 0., 0.,40., 0., 0., 0., 0., 0., 0., 0., 0., 0., 0., 0., 0., 0., 0., 0., 0., 0., 0., 0.
ri_bin_edges:0.5  ,0.525,0.55 ,0.575,0.6  ,0.625,0.65 ,0.675,0.7  ,0.725,0.75 ,0.775,0.8  ,0.825,0.85 ,0.875,0.9  ,0.925,0.95 ,0.975,1.   ,1.025,1.05 ,1.075,1.1  ,1.125,1.15 ,1.175,1.2  ,1.225,1.25 ,1.275,1.3  ,1.325,1.35 ,1.375,1.4  ,1.425,1.45 ,1.475,1.5  
