period:1.0
ue_log_freq:1000
mac_log_freq:1000
mimo_layers:2
frequency:2000000000.0
bandwidth:10000000.0
ue_speed:0.41667
max_distance:500.0
shannon_cfg_bandwidth_mhz:10.0
shannon_cfg_mimo_layers:2
shannon_cfg_bw_efficiency:0.67
shannon_cfg_sinr_offset_db:0.0
shannon_cfg_ul_divisor:2.0
shannon_cfg_sinr_sample_rate:1000
n_ue:200
sinr_period:152.17343429332567
sinr_rate:6.571449245683877
ul_fairness:0.1748180369219058
dl_fairness:0.4044670336399492
ul_agg_throughput:11.10313651515542
dl_agg_throughput:30.695282293186246
ul_ave_throughput:0.055515682575777096
dl_ave_throughput:0.15347641146593122
ul_se:1.110313651515542
dl_se:3.0695282293186246
ul_ase:1.4136952481688849e-06
dl_ase:3.908244725249376e-06
ul_gr:0.03499958298172374, 0.03499958298172374, 0.03499958333620586, 0.03499972451043919, 0.03499972451043919, 0.03499972451043919, 0.03499972451043919, 0.03499972451043919, 0.03499972451043919, 0.03499972451043919, 0.03499972451043919, 0.03499972451043919, 0.03499972451043919, 0.03499958298172374, 0.03499972451043919, 0.03499972451043919, 0.03499972451043919, 0.03499972451043919, 0.03499972451043919, 0.03499972451043919, 0.03499972451043919, 0.03499972451043919, 0.03499972451043919, 0.03499972451043919, 0.03499958298172374, 0.03499972451043919, 0.03499972451043919, 0.0349997125970814, 0.03499972451043919, 0.03499972451043919, 0.03499972451043919, 0.0349997125970814, 0.03499972451043919, 0.0349997125970814, 0.0349997125970814, 0.03499958333620586, 0.0349997125970814, 0.0349997125970814, 0.0349997125970814, 0.0349997125970814, 0.0349997125970814, 0.03499971154903315, 0.0349997125970814, 0.03499971189936144, 0.03499971189936144, 0.0349997125970814, 0.03499958333620586, 0.0349997125970814, 0.0349997125970814, 0.0349997125970814, 0.0349997125970814, 0.0349997125970814, 0.0349997125970814, 0.0349997125970814, 0.0349997125970814, 0.0349997125970814, 0.0349997125970814, 0.03499958298172374, 0.0349997125970814, 0.0349997125970814, 0.0349997125970814, 0.0349997125970814, 0.0349997125970814, 0.0349997125970814, 0.0349997125970814, 0.0349997125970814, 0.0349997125970814, 0.0349997125970814, 0.03499958298172374, 0.0349997125970814, 0.0349997125970814, 0.0349997125970814, 0.0349997125970814, 0.0349997125970814, 0.0349997125970814, 0.0349997125970814, 0.0349997125970814, 0.0349997125970814, 0.0349997125970814, 0.03499958298172374, 0.0349997125970814, 0.0349997125970814, 0.0349997125970814, 0.03499971154903315, 0.0349997125970814, 0.0349997125970814, 0.0349997125970814, 0.0349997125970814, 0.0349997125970814, 0.0349997125970814, 0.03499958262723451, 0.0349997125970814, 0.0349997125970814, 0.0349997125970814, 0.0349997125970814, 0.034999710851330655, 0.0349997125970814, 0.03499971189936144, 0.0349997125970814, 0.0349997125970814, 0.034999710848416604, 0.03499957386508723, 0.0349997125970814, 0.0349997125970814, 0.0349997125970814, 0.0349997125970814, 0.0349997125970814, 0.0349997125970814, 0.03499971154903315, 0.0349997125970814, 0.0349997125970814, 0.0349997125970814, 0.03499958298172374, 0.03499958298172374, 0.03499958262723451, 0.03499958262723451, 0.03499957386508723, 0.03499957386508723, 0.03499958262723451, 0.03499957386508723, 0.03499957386508723, 0.03499957386508723, 0.03499957386508723, 0.03499958298172374, 0.03499957386508723, 0.03499957386508723, 0.034999575616681176, 0.03499957386508723, 0.034999575616681176, 0.03499957386082196, 0.03499957386082196, 0.03499957386082196, 0.03499957386082196, 0.03499957386082196, 0.03499958298172374, 0.03499957386082196, 0.03499957386082196, 0.03499957386082196, 0.03499957386082196, 0.03499971328622619, 0.03499957386082196, 0.03499957386082196, 0.03499957386082196, 0.03499957386082196, 0.03499957386082196, 0.03499958298172374, 0.03499957386082196, 0.034999574215406025, 0.03499957386082196, 0.03499957386082196, 0.03499957315590499, 0.03499971328622619, 0.03499957386082196, 0.03499971328622619, 0.03499971328622619, 0.03499957386082196, 0.03499958298172374, 0.03499957315590499, 0.03499957386082196, 0.03499957386082196, 0.03499957315590499, 0.03499971258269774, 0.034999581918234775, 0.03499971258269774, 0.03499972169683108, 0.03499971293590039, 0.03499971258269774, 0.03499958262723451, 0.034999713289095964, 0.03499971258269774, 0.03499972134371966, 0.03499971293590039, 0.03499971258269774, 0.03499971258269774, 0.03499971293590039, 0.03499971293590039, 0.03499972204993544, 0.03499971293590039, 0.03499958298172374, 0.03499971328909597, 0.03499972169683108, 0.03499971293590039, 0.03499972169683108, 0.034999713642284484, 0.034999723804293864, 0.03499972415737006, 0.03499972451043919, 0.03499972415737006, 0.03499972451043919, 0.03499958298172374, 0.03499972451043919, 0.03499972451043919, 0.03499972451043919, 0.03499972451043919, 0.03499972451043919, 0.03499972451043919, 0.03499972451043919, 0.03499972451043919, 0.03499972451043919, 0.03499972451043919
dl_gr:0.03499958298172374, 0.03499958298172374, 0.03499958333620586, 0.03499972451043919, 0.03499972451043919, 0.03499972451043919, 0.03499972451043919, 0.03499972451043919, 0.03499972451043919, 0.03499972451043919, 0.03499972451043919, 0.03499972451043919, 0.03499972451043919, 0.03499958298172374, 0.03499972451043919, 0.03499972451043919, 0.03499972451043919, 0.03499972451043919, 0.03499972451043919, 0.03499972451043919, 0.03499972451043919, 0.03499972451043919, 0.03499972451043919, 0.03499972451043919, 0.03499958298172374, 0.03499972451043919, 0.03499972451043919, 0.0349997125970814, 0.03499972451043919, 0.03499972451043919, 0.03499972451043919, 0.0349997125970814, 0.03499972451043919, 0.0349997125970814, 0.0349997125970814, 0.03499958333620586, 0.0349997125970814, 0.0349997125970814, 0.0349997125970814, 0.0349997125970814, 0.0349997125970814, 0.03499971154903315, 0.0349997125970814, 0.03499971189936144, 0.03499971189936144, 0.0349997125970814, 0.03499958333620586, 0.0349997125970814, 0.0349997125970814, 0.0349997125970814, 0.0349997125970814, 0.0349997125970814, 0.0349997125970814, 0.0349997125970814, 0.0349997125970814, 0.0349997125970814, 0.0349997125970814, 0.03499958298172374, 0.0349997125970814, 0.0349997125970814, 0.0349997125970814, 0.0349997125970814, 0.0349997125970814, 0.0349997125970814, 0.0349997125970814, 0.0349997125970814, 0.0349997125970814, 0.0349997125970814, 0.03499958298172374, 0.0349997125970814, 0.0349997125970814, 0.0349997125970814, 0.0349997125970814, 0.0349997125970814, 0.0349997125970814, 0.0349997125970814, 0.0349997125970814, 0.0349997125970814, 0.0349997125970814, 0.03499958298172374, 0.0349997125970814, 0.0349997125970814, 0.0349997125970814, 0.03499971154903315, 0.0349997125970814, 0.0349997125970814, 0.0349997125970814, 0.0349997125970814, 0.0349997125970814, 0.0349997125970814, 0.03499958262723451, 0.0349997125970814, 0.0349997125970814, 0.0349997125970814, 0.0349997125970814, 0.034999710851330655, 0.0349997125970814, 0.03499971189936144, 0.0349997125970814, 0.0349997125970814, 0.034999710848416604, 0.03499957386508723, 0.0349997125970814, 0.0349997125970814, 0.0349997125970814, 0.0349997125970814, 0.0349997125970814, 0.0349997125970814, 0.03499971154903315, 0.0349997125970814, 0.0349997125970814, 0.0349997125970814, 0.03499958298172374, 0.03499958298172374, 0.03499958262723451, 0.03499958262723451, 0.03499957386508723, 0.03499957386508723, 0.03499958262723451, 0.03499957386508723, 0.03499957386508723, 0.03499957386508723, 0.03499957386508723, 0.03499958298172374, 0.03499957386508723, 0.03499957386508723, 0.034999575616681176, 0.03499957386508723, 0.034999575616681176, 0.03499957386082196, 0.03499957386082196, 0.03499957386082196, 0.03499957386082196, 0.03499957386082196, 0.03499958298172374, 0.03499957386082196, 0.03499957386082196, 0.03499957386082196, 0.03499957386082196, 0.03499971328622619, 0.03499957386082196, 0.03499957386082196, 0.03499957386082196, 0.03499957386082196, 0.03499957386082196, 0.03499958298172374, 0.03499957386082196, 0.034999574215406025, 0.03499957386082196, 0.03499957386082196, 0.03499957315590499, 0.03499971328622619, 0.03499957386082196, 0.03499971328622619, 0.03499971328622619, 0.03499957386082196, 0.03499958298172374, 0.03499957315590499, 0.03499957386082196, 0.03499957386082196, 0.03499957315590499, 0.03499971258269774, 0.034999581918234775, 0.03499971258269774, 0.03499972169683108, 0.03499971293590039, 0.03499971258269774, 0.03499958262723451, 0.034999713289095964, 0.03499971258269774, 0.03499972134371966, 0.03499971293590039, 0.03499971258269774, 0.03499971258269774, 0.03499971293590039, 0.03499971293590039, 0.03499972204993544, 0.03499971293590039, 0.03499958298172374, 0.03499971328909597, 0.03499972169683108, 0.03499971293590039, 0.03499972169683108, 0.034999713642284484, 0.034999723804293864, 0.03499972415737006, 0.03499972451043919, 0.03499972415737006, 0.03499972451043919, 0.03499958298172374, 0.03499972451043919, 0.03499972451043919, 0.03499972451043919, 0.03499972451043919, 0.03499972451043919, 0.03499972451043919, 0.03499972451043919, 0.03499972451043919, 0.03499972451043919, 0.03499972451043919
ul_tr:0.0037574143777161675, 0.008510747880353515, 0.0, 0.02340467267497398, 0.006016189863619986, 0.0075702525109296185, 0.004009150589418688, 0.0, 0.0, 0.0, 0.0, 0.0, 0.003263955415956041, 0.0, 0.0, 0.007073313125230203, 0.010001462831141403, 0.0, 0.0, 0.0, 0.031247067110487227, 0.012463045260899594, 0.0, 0.0, 0.0, 0.0, 0.0, 0.0, 0.0, 0.0, 0.0, 0.0, 0.008685779084344224, 0.0, 0.00176272846201119, 0.0, 0.0, 0.008370378780824935, 0.0, 0.007013651080681807, 0.000795322061434677, 0.012331150058661621, 0.0, 0.0, 0.0, 0.00041954131539069777, 0.009633382626571383, 0.03295660649549199, 0.0, 0.0, 0.0072103435542232594, 0.0, 0.0, 0.007393152353074237, 0.0, 0.0038262609362332473, 0.0, 0.0, 0.0, 0.0, 0.0, 0.0, 0.032872763047332706, 0.007698068438330114, 0.0, 0.0, 0.0, 0.007169678811582308, 0.0005801785050695119, 0.0, 0.0, 0.007222072077839278, 0.0, 0.004580200494620212, 0.0, 0.010864198350331795, 0.0, 0.007879429314790163, 0.033056754511845546, 0.007199285913883357, 0.0, 0.0, 0.0, 0.0, 0.021723803336429426, 0.0, 0.007236053644653742, 0.03308915049348326, 0.03499854184496201, 0.0, 0.009817921585627064, 0.01291881386445937, 0.03499854184108857, 0.0, 0.0, 0.0, 0.0, 0.024597786150252224, 0.004863371299366436, 0.0064939460268939354, 0.003799310370405958, 0.0, 0.011195469958312899, 0.013408716180030226, 0.03320369855157591, 0.02541539727852789, 0.0, 0.0, 0.0, 0.0, 0.0007583372938114922, 0.0, 0.0030086056517500573, 0.007005121388295583, 0.0, 0.0, 0.006294573191604361, 0.0, 0.0, 0.0, 0.007680297894183708, 0.0, 0.0, 0.0072177367884617314, 0.006533455141638891, 0.0, 0.0, 0.0, 0.0, 0.009438686424750771, 0.006761816871321616, 0.0, 0.004269370453597309, 0.00720912879629259, 0.0, 0.005358362293650158, 0.0, 0.010318021136225325, 0.0, 0.0, 0.0, 0.00013525809054329983, 0.0, 0.0, 0.003561470925341314, 0.0, 0.0, 0.0, 0.0, 0.0, 0.0024335178621017546, 0.0, 0.0, 0.0, 0.007182810120211797, 0.0, 0.0, 0.004121760086460408, 0.0, 0.0, 0.008048488704104817, 0.01148949576683082, 0.0, 0.0, 0.027677431120859186, 0.0, 0.0, 0.0, 0.0, 0.0, 0.0, 0.011467664433453111, 0.0, 0.009235894696604808, 0.0, 0.0, 0.0, 0.023788479309637962, 0.0, 0.021417108343886375, 0.004591998153971654, 0.0, 0.0, 0.0, 0.006450818972975679, 0.0, 0.006533484998308512, 0.0, 0.0, 0.0, 0.0, 0.0, 0.0, 0.023354009750360314, 0.009576423210565297, 0.005020958847505805, 0.0, 0.0, 0.006645849370188766, 0.0
dl_tr:1.711132908288377e-05, 1.711132908288377e-05, 0.0015616221026403235, 0.03499817615009208, 0.03499783003630194, 0.034998172997067416, 2.2664163864200497e-05, 4.067394377051805e-05, 0.0, 0.0, 0.0007714368428316918, 0.02291253762444952, 0.03498976876990752, 1.5361870064357276e-05, 0.024739386405586917, 0.034989777542917766, 0.034995390539905115, 0.0034847411282728797, 0.0005177101427556249, 3.112314438706062e-05, 3.112313638001441e-05, 3.112313537913364e-05, 0.0, 0.0, 0.0, 0.02376097126242093, 0.029321687520628147, 0.0201741497020248, 0.012170600134318199, 0.00030119072734005923, 0.0, 0.0015890802602516242, 0.03499539545510049, 0.00045968252070342606, 0.03499223206538819, 0.026420045414116425, 0.00042509361039325, 0.03499012807532704, 0.03279754386041577, 0.034993278090410466, 0.03499013507610774, 0.03498977787961406, 0.00025376299024131477, 4.156347993234046e-05, 0.034989777872547846, 0.034992930926224346, 0.03499980338451838, 0.034992930922370914, 0.00041242101176046684, 0.03304135009198882, 0.03500239109664601, 0.0005159679627068091, 0.03500239109693627, 0.03499328789128324, 0.002072046539309986, 0.03499328789219405, 0.0010697307004734213, 0.012761073710902703, 2.4114411546276184e-05, 2.4114414749126722e-05, 0.0, 0.0013923350558396976, 0.034998900955330245, 0.03499188702205964, 0.03499644036828778, 0.0016495283170621855, 0.00128947345156189, 2.2362505549939443e-05, 0.03499572086326831, 2.23625091531463e-05, 2.236250204682167e-05, 2.2362505549939446e-05, 0.020685633168930347, 0.03499712801014904, 0.034997128002292044, 0.034997136066098826, 0.0, 0.03499713603739328, 0.03500099298271462, 0.035018492527199206, 0.00030700156082913796, 0.0, 2.0606390607640802e-05, 2.060618552326047e-05, 2.0606392769564914e-05, 2.0606389766892537e-05, 2.0606392769564914e-05, 2.0606392769564914e-05, 1.885763537548418e-05, 0.0, 0.03499491366776098, 1.885763537548418e-05, 1.885763537548418e-05, 0.0, 1.885763437459339e-05, 1.885725529210413e-05, 0.0, 1.8857446572984225e-05, 0.035000993000690615, 0.03499643156630401, 0.034995038428687245, 0.0, 0.03499608931912402, 0.03500065072476505, 0.03499818347229034, 0.03499818348681326, 0.0010302628530091782, 0.03499432970355616, 0.025720834184314013, 0.0011793471651469808, 0.034993504368548006, 0.03499630019776601, 1.711132908288377e-05, 0.034993490443534746, 0.0003369642866980282, 0.023789823067943146, 0.035018484103924566, 0.0005173867168723538, 0.0028767392708537684, 0.005623081620046242, 0.034992583011220206, 0.02825031675106347, 0.0010365527287431561, 1.711132908288377e-05, 0.03500434204210832, 0.02216998908858962, 0.028104673595446855, 0.0014754374219339602, 0.012439936139763885, 0.03499503929382032, 0.03498839473894983, 0.001172211472354566, 4.3384258517836414e-05, 4.3384258517836414e-05, 0.0, 4.3384258517836414e-05, 4.3384261520598956e-05, 4.3384260519678106e-05, 0.0, 4.338470177264857e-05, 0.0, 4.3384258517836414e-05, 3.449251411298394e-05, 0.0, 4.3384258517836414e-05, 8.350064557456137e-06, 0.0, 0.0, 4.3384260519678106e-05, 4.3384263522440655e-05, 4.338469276427078e-05, 0.033955163558806394, 0.0, 0.0, 4.1633414055071214e-05, 3.971239838651559e-05, 1.7111328882705608e-05, 4.1633416056932944e-05, 0.0, 1.9251112823797894e-05, 4.1633417057863816e-05, 4.163383378375673e-05, 0.0, 0.018710375924324566, 0.035002974834747964, 0.0004476159857867817, 0.028816882948027846, 1.711150117105395e-05, 0.010863337600038134, 0.02160393741346335, 1.896625003253025e-05, 3.813155939023291e-05, 3.8131944567893816e-05, 3.813194006365984e-05, 1.2712130331208023e-05, 0.002346775109421762, 0.000665731787664775, 0.03500518189696417, 0.0004509539305281701, 0.03500204297397606, 0.03499816665664411, 0.03500204335197733, 3.637922148376506e-05, 0.0, 3.637848763887499e-05, 3.297750698121328e-05, 3.637775842741612e-05, 3.637812252905085e-05, 3.637775842741612e-05, 0.006936323879732962, 0.0, 3.5676093982704786e-05, 0.03452779482198915, 2.4415355512851308e-05, 0.03499992521762151, 0.03500940354630075, 0.027059302825206178, 0.002912935727280007, 0.03500240265962047, 0.010672472908139162
ul_er:0.0, 0.0, 0.0, 0.0, 0.0, 0.0, 0.0, 0.0, 0.0, 0.0, 0.0, 0.0, 0.0, 0.0, 0.0, 0.0, 0.0, 0.0, 0.0, 0.0, 0.0, 0.0, 0.0, 0.0, 0.0, 0.0, 0.0, 0.0, 0.0, 0.0, 0.0, 0.0, 0.0, 0.0, 0.0, 0.0, 0.0, 0.0, 0.0, 0.0, 0.0, 0.0, 0.0, 0.0, 0.0, 0.0, 0.0, 0.0, 0.0, 0.0, 0.0, 0.0, 0.0, 0.0, 0.0, 4.5640620151935225e-06, 0.0, 0.0, 0.0, 0.0, 0.0, 0.0, 0.0, 0.0, 0.0, 0.0, 0.0, 0.0, 0.0, 0.0, 0.0, 0.0, 0.0, 0.0, 0.0, 0.0, 0.0, 0.0, 0.0, 0.0, 0.0, 0.0, 0.0, 0.0, 0.0, 0.0, 0.0, 0.0, 0.0, 0.0, 0.0, 0.0, 0.0, 0.0, 0.0, 0.0, 0.0, 0.0, 0.0, 0.0, 0.0, 0.0, 0.0, 0.0, 0.0, 0.0, 0.0, 0.0, 0.0, 0.0, 0.0, 0.0, 0.0, 0.0, 0.0, 0.0, 1.8837141799037125e-05, 0.0, 0.0, 0.0, 0.0, 0.0, 0.0, 0.0, 0.0, 0.0, 0.0, 0.0, 0.0, 0.0, 0.0, 0.0, 0.0, 0.0, 0.0, 0.0, 0.0, 0.0, 0.0, 0.0, 0.0, 0.0, 0.0, 0.0, 0.0, 0.0, 0.0, 0.0, 0.0, 0.0, 0.0, 0.0, 0.0, 0.0, 0.0, 0.0, 0.0, 0.0, 0.0, 0.0, 0.0, 0.0, 0.0, 0.0, 0.0, 0.0, 0.0, 0.0, 0.0, 0.0, 0.0, 0.0, 0.0, 0.0, 0.0, 0.0, 0.0, 0.0, 0.0, 0.0, 0.0, 0.0, 0.0, 0.0, 0.0, 0.0, 0.0, 0.0, 0.0, 0.0, 0.0, 0.0, 0.0, 0.0, 0.0, 0.0, 0.0, 0.0, 7.006165425574506e-07, 0.0
dl_er:0.0, 0.0, 0.0, 0.0, 0.0, 0.0, 0.0, 0.0, 0.0, 0.0, 0.0, 0.0, 0.0, 0.0, 0.0, 0.0, 0.0, 0.0, 0.0, 0.0, 0.0, 0.0, 0.0, 0.0, 0.0, 0.0, 0.0, 0.0, 0.0, 0.0, 0.0, 0.0, 0.0, 0.0, 0.0, 0.0, 0.0, 0.0, 0.0, 0.0, 0.0, 0.0, 0.0, 0.0, 0.0, 0.0, 0.0, 0.0, 0.0, 0.0, 0.0, 0.0, 0.0, 0.0, 0.0, 0.0, 0.0, 0.0, 0.0, 0.0, 0.0, 0.0, 0.0, 0.0, 0.0, 0.0, 0.0, 0.0, 0.0, 0.0, 0.0, 0.0, 0.0, 0.0, 0.0, 0.0, 0.0, 0.0, 0.0, 0.0, 0.0, 0.0, 0.0, 0.0, 0.0, 0.0, 0.0, 0.0, 0.0, 0.0, 0.0, 0.0, 0.0, 0.0, 0.0, 0.0, 0.0, 0.0, 0.0, 0.0, 0.0, 0.0, 0.0, 0.0, 0.0, 0.0, 0.0, 0.0, 0.0, 0.0, 0.0, 0.0, 0.0, 0.0, 0.0, 0.0, 0.0, 0.0, 0.0, 0.0, 0.0, 0.0, 0.0, 0.0, 0.0, 0.0, 0.0, 0.0, 0.0, 0.0, 0.0, 0.0, 0.0, 0.0, 0.0, 0.0, 0.0, 0.0, 0.0, 0.0, 0.0, 0.0, 0.0, 0.0, 0.0, 0.0, 0.0, 0.0, 0.0, 0.0, 0.0, 0.0, 0.0, 0.0, 0.0, 0.0, 0.0, 0.0, 0.0, 0.0, 0.0, 0.0, 0.0, 0.0, 0.0, 0.0, 0.0, 0.0, 0.0, 0.0, 0.0, 0.0, 0.0, 0.0, 0.0, 0.0, 0.0, 0.0, 0.0, 0.0, 0.0, 0.0, 0.0, 0.0, 0.0, 0.0, 0.0, 0.0, 0.0, 0.0, 0.0, 0.0, 0.0, 0.0, 0.0, 0.0, 0.0, 0.0, 0.0, 0.0
ul_er_ratio:0.0, 0.0, 0.0, 0.0, 0.0, 0.0, 0.0, 0.0, 0.0, 0.0, 0.0, 0.0, 0.0, 0.0, 0.0, 0.0, 0.0, 0.0, 0.0, 0.0, 0.0, 0.0, 0.0, 0.0, 0.0, 0.0, 0.0, 0.0, 0.0, 0.0, 0.0, 0.0, 0.0, 0.0, 0.0, 0.0, 0.0, 0.0, 0.0, 0.0, 0.0, 0.0, 0.0, 0.0, 0.0, 0.0, 0.0, 0.0, 0.0, 0.0, 0.0, 0.0, 0.0, 0.0, 0.0, 0.0011914044669961007, 0.0, 0.0, 0.0, 0.0, 0.0, 0.0, 0.0, 0.0, 0.0, 0.0, 0.0, 0.0, 0.0, 0.0, 0.0, 0.0, 0.0, 0.0, 0.0, 0.0, 0.0, 0.0, 0.0, 0.0, 0.0, 0.0, 0.0, 0.0, 0.0, 0.0, 0.0, 0.0, 0.0, 0.0, 0.0, 0.0, 0.0, 0.0, 0.0, 0.0, 0.0, 0.0, 0.0, 0.0, 0.0, 0.0, 0.0, 0.0, 0.0, 0.0, 0.0, 0.0, 0.0, 0.0, 0.0, 0.0, 0.0, 0.0, 0.0, 0.0, 0.00298367139220658, 0.0, 0.0, 0.0, 0.0, 0.0, 0.0, 0.0, 0.0, 0.0, 0.0, 0.0, 0.0, 0.0, 0.0, 0.0, 0.0, 0.0, 0.0, 0.0, 0.0, 0.0, 0.0, 0.0, 0.0, 0.0, 0.0, 0.0, 0.0, 0.0, 0.0, 0.0, 0.0, 0.0, 0.0, 0.0, 0.0, 0.0, 0.0, 0.0, 0.0, 0.0, 0.0, 0.0, 0.0, 0.0, 0.0, 0.0, 0.0, 0.0, 0.0, 0.0, 0.0, 0.0, 0.0, 0.0, 0.0, 0.0, 0.0, 0.0, 0.0, 0.0, 0.0, 0.0, 0.0, 0.0, 0.0, 0.0, 0.0, 0.0, 0.0, 0.0, 0.0, 0.0, 0.0, 0.0, 0.0, 0.0, 0.0, 0.0, 0.0, 0.0, 0.00010541055795203665, 0.0
dl_er_ratio:0.0, 0.0, 0.0, 0.0, 0.0, 0.0, 0.0, 0.0, 0.0, 0.0, 0.0, 0.0, 0.0, 0.0, 0.0, 0.0, 0.0, 0.0, 0.0, 0.0, 0.0, 0.0, 0.0, 0.0, 0.0, 0.0, 0.0, 0.0, 0.0, 0.0, 0.0, 0.0, 0.0, 0.0, 0.0, 0.0, 0.0, 0.0, 0.0, 0.0, 0.0, 0.0, 0.0, 0.0, 0.0, 0.0, 0.0, 0.0, 0.0, 0.0, 0.0, 0.0, 0.0, 0.0, 0.0, 0.0, 0.0, 0.0, 0.0, 0.0, 0.0, 0.0, 0.0, 0.0, 0.0, 0.0, 0.0, 0.0, 0.0, 0.0, 0.0, 0.0, 0.0, 0.0, 0.0, 0.0, 0.0, 0.0, 0.0, 0.0, 0.0, 0.0, 0.0, 0.0, 0.0, 0.0, 0.0, 0.0, 0.0, 0.0, 0.0, 0.0, 0.0, 0.0, 0.0, 0.0, 0.0, 0.0, 0.0, 0.0, 0.0, 0.0, 0.0, 0.0, 0.0, 0.0, 0.0, 0.0, 0.0, 0.0, 0.0, 0.0, 0.0, 0.0, 0.0, 0.0, 0.0, 0.0, 0.0, 0.0, 0.0, 0.0, 0.0, 0.0, 0.0, 0.0, 0.0, 0.0, 0.0, 0.0, 0.0, 0.0, 0.0, 0.0, 0.0, 0.0, 0.0, 0.0, 0.0, 0.0, 0.0, 0.0, 0.0, 0.0, 0.0, 0.0, 0.0, 0.0, 0.0, 0.0, 0.0, 0.0, 0.0, 0.0, 0.0, 0.0, 0.0, 0.0, 0.0, 0.0, 0.0, 0.0, 0.0, 0.0, 0.0, 0.0, 0.0, 0.0, 0.0, 0.0, 0.0, 0.0, 0.0, 0.0, 0.0, 0.0, 0.0, 0.0, 0.0, 0.0, 0.0, 0.0, 0.0, 0.0, 0.0, 0.0, 0.0, 0.0, 0.0, 0.0, 0.0, 0.0, 0.0, 0.0, 0.0, 0.0, 0.0, 0.0, 0.0, 0.0
ul_er_perc:0.0, 0.0, 0.0, 0.0, 0.0, 0.0, 0.0, 0.0, 0.0, 0.0, 0.0, 0.0, 0.0, 0.0, 0.0, 0.0, 0.0, 0.0, 0.0, 0.0, 0.0, 0.0, 0.0, 0.0, 0.0, 0.0, 0.0, 0.0, 0.0, 0.0, 0.0, 0.0, 0.0, 0.0, 0.0, 0.0, 0.0, 0.0, 0.0, 0.0, 0.0, 0.0, 0.0, 0.0, 0.0, 0.0, 0.0, 0.0, 0.0, 0.0, 0.0, 0.0, 0.0, 0.0, 0.0, 0.11914044669961008, 0.0, 0.0, 0.0, 0.0, 0.0, 0.0, 0.0, 0.0, 0.0, 0.0, 0.0, 0.0, 0.0, 0.0, 0.0, 0.0, 0.0, 0.0, 0.0, 0.0, 0.0, 0.0, 0.0, 0.0, 0.0, 0.0, 0.0, 0.0, 0.0, 0.0, 0.0, 0.0, 0.0, 0.0, 0.0, 0.0, 0.0, 0.0, 0.0, 0.0, 0.0, 0.0, 0.0, 0.0, 0.0, 0.0, 0.0, 0.0, 0.0, 0.0, 0.0, 0.0, 0.0, 0.0, 0.0, 0.0, 0.0, 0.0, 0.0, 0.0, 0.298367139220658, 0.0, 0.0, 0.0, 0.0, 0.0, 0.0, 0.0, 0.0, 0.0, 0.0, 0.0, 0.0, 0.0, 0.0, 0.0, 0.0, 0.0, 0.0, 0.0, 0.0, 0.0, 0.0, 0.0, 0.0, 0.0, 0.0, 0.0, 0.0, 0.0, 0.0, 0.0, 0.0, 0.0, 0.0, 0.0, 0.0, 0.0, 0.0, 0.0, 0.0, 0.0, 0.0, 0.0, 0.0, 0.0, 0.0, 0.0, 0.0, 0.0, 0.0, 0.0, 0.0, 0.0, 0.0, 0.0, 0.0, 0.0, 0.0, 0.0, 0.0, 0.0, 0.0, 0.0, 0.0, 0.0, 0.0, 0.0, 0.0, 0.0, 0.0, 0.0, 0.0, 0.0, 0.0, 0.0, 0.0, 0.0, 0.0, 0.0, 0.0, 0.0, 0.010541055795203664, 0.0
dl_er_perc:0.0, 0.0, 0.0, 0.0, 0.0, 0.0, 0.0, 0.0, 0.0, 0.0, 0.0, 0.0, 0.0, 0.0, 0.0, 0.0, 0.0, 0.0, 0.0, 0.0, 0.0, 0.0, 0.0, 0.0, 0.0, 0.0, 0.0, 0.0, 0.0, 0.0, 0.0, 0.0, 0.0, 0.0, 0.0, 0.0, 0.0, 0.0, 0.0, 0.0, 0.0, 0.0, 0.0, 0.0, 0.0, 0.0, 0.0, 0.0, 0.0, 0.0, 0.0, 0.0, 0.0, 0.0, 0.0, 0.0, 0.0, 0.0, 0.0, 0.0, 0.0, 0.0, 0.0, 0.0, 0.0, 0.0, 0.0, 0.0, 0.0, 0.0, 0.0, 0.0, 0.0, 0.0, 0.0, 0.0, 0.0, 0.0, 0.0, 0.0, 0.0, 0.0, 0.0, 0.0, 0.0, 0.0, 0.0, 0.0, 0.0, 0.0, 0.0, 0.0, 0.0, 0.0, 0.0, 0.0, 0.0, 0.0, 0.0, 0.0, 0.0, 0.0, 0.0, 0.0, 0.0, 0.0, 0.0, 0.0, 0.0, 0.0, 0.0, 0.0, 0.0, 0.0, 0.0, 0.0, 0.0, 0.0, 0.0, 0.0, 0.0, 0.0, 0.0, 0.0, 0.0, 0.0, 0.0, 0.0, 0.0, 0.0, 0.0, 0.0, 0.0, 0.0, 0.0, 0.0, 0.0, 0.0, 0.0, 0.0, 0.0, 0.0, 0.0, 0.0, 0.0, 0.0, 0.0, 0.0, 0.0, 0.0, 0.0, 0.0, 0.0, 0.0, 0.0, 0.0, 0.0, 0.0, 0.0, 0.0, 0.0, 0.0, 0.0, 0.0, 0.0, 0.0, 0.0, 0.0, 0.0, 0.0, 0.0, 0.0, 0.0, 0.0, 0.0, 0.0, 0.0, 0.0, 0.0, 0.0, 0.0, 0.0, 0.0, 0.0, 0.0, 0.0, 0.0, 0.0, 0.0, 0.0, 0.0, 0.0, 0.0, 0.0, 0.0, 0.0, 0.0, 0.0, 0.0, 0.0
ul_l:0.0009186391545115153, 0.0005903443850957352, 0.0, 0.0017585229100808711, 0.0011809601345283852, 0.0003951076892215149, 0.0034211439802726397, 0.0, 0.0, 0.0, 0.0, 0.0, 0.00034426632907358476, 0.0, 0.0, 0.0005592804741242294, 0.0011217191798022258, 0.0, 0.0, 0.0, 0.002228632262981424, 0.31789652484380954, 0.0, 0.0, 0.0, 0.0, 0.0, 0.0, 0.0, 0.0, 0.0, 0.0, 0.0006894387386940507, 0.0, 0.00034228253366195915, 0.0, 0.0, 0.0007627153695138673, 0.0, 0.0003315460585891444, 0.0007002606709091089, 0.0008260559371777163, 0.0, 0.0, 0.0, 1.2472404390907908e-05, 0.0006560265367713587, 0.0023990262919398268, 0.0, 0.0, 7.249104495601085e-05, 0.0, 0.0, 0.0007370198087227631, 0.0, 0.00562513643130386, 0.0, 0.0, 0.0, 0.0, 0.0, 0.0, 0.002396398188403679, 0.0004788562512726325, 0.0, 0.0, 0.0, 0.0003914250260671998, 0.0009095238286925363, 0.0, 0.0, 0.01167966672658566, 0.0, 0.032393078317000126, 0.0, 0.05023128749992694, 0.0, 0.0009300956482829718, 0.002460911586366866, 0.0003881695670156439, 0.0, 0.0, 0.0, 0.0, 0.001683397269226612, 0.0, 0.0007337452036912852, 0.002444235352070343, 0.0025514285543243483, 0.0, 0.012006206133437091, 0.036729544566796446, 0.002558918973227172, 0.0, 0.0, 0.0, 0.0, 0.0018997518181269517, 0.0012348372579725957, 0.002461718276371971, 0.0017577816726679477, 0.0, 0.0009426164097997219, 0.001052372527567535, 0.002471917254368388, 0.001970941905351763, 0.0, 0.0, 0.0, 0.0, 0.0013181343196304708, 0.0, 0.0023355221121478115, 0.0003491183681606629, 0.0, 0.0, 0.0020564933493739303, 0.0, 0.0, 0.0, 0.0008100622942217418, 0.0, 0.0, 0.0005851197478485853, 7.077091184678057e-05, 0.0, 0.0, 0.0, 0.0, 0.0005963199669766186, 8.610388678684389e-05, 0.0, 0.005418326309723946, 0.00036986475120210597, 0.0, 5.89939723545662e-05, 0.0, 0.0004983342989320174, 0.0, 0.0, 0.0, 1.2706999579613243e-06, 0.0, 0.0, 0.00038883053293429956, 0.0, 0.0, 0.0, 0.0, 0.0, 0.007372642880088483, 0.0, 0.0, 0.0, 0.000362490631923689, 0.0, 0.0, 0.0007640815732561281, 0.0, 0.0, 0.0006371688242005065, 0.004462576031068205, 0.0, 0.0, 0.0020143149516385077, 0.0, 0.0, 0.0, 0.0, 0.0, 0.0, 0.01577198487822775, 0.0, 0.001367353157733269, 0.0, 0.0, 0.0, 0.0017695197313251324, 0.0, 0.0016098890783550867, 0.0011588413983514836, 0.0, 0.0, 0.0, 0.00035810738365829245, 0.0, 0.0005667361440127312, 0.0, 0.0, 0.0, 0.0, 0.0, 0.0, 0.14298219061642245, 0.0008720169506165425, 7.069160573104332e-05, 0.0, 0.0, 0.11713021871130191, 0.0
dl_l:4.0015613896367764e-08, 4.0015613896367764e-08, 1.722864506565778e-05, 0.0007883415223516694, 0.0007963391046911283, 0.0007803570922131477, 7.502103851389223e-08, 2.18477434142045e-07, 0.0, 0.0, 6.029613855192569e-06, 0.0004493749757926976, 0.0007800832882946993, 3.999559307783927e-08, 0.0005698106863129555, 0.000773527571053527, 0.0006732845463738088, 5.764202269797421e-05, 2.8769604672111454e-06, 1.959501591400432e-07, 2.254684212106654e-07, 2.254684212106654e-07, 0.0, 0.0, 0.0, 0.0005495589857944991, 0.0006815576474767796, 0.000425650980469618, 0.00022896893552025783, 1.5355073844983587e-06, 0.0, 1.8270847295092635e-05, 0.0006962971965299464, 1.8458540250823233e-06, 0.0007960787289297476, 0.0005143245938605973, 1.9251174485291912e-06, 0.0007779417503618219, 0.0011820587450210689, 0.0008025186840187766, 0.0007840178285744312, 0.0007806518514622869, 9.941215271591719e-07, 4.060060923612779e-07, 0.0007836698978721274, 0.0007983798142486813, 0.0006179578405867164, 0.0008051511645804767, 2.10423528540401e-06, 0.0008239506945981924, 0.00079102308388766, 3.0432335648727367e-06, 0.0007933854814885247, 0.0007940324425508703, 2.5251144265396198e-05, 0.0008032542291349302, 9.60574697580847e-06, 0.0001974941585701274, 1.9996790443494708e-07, 1.9996790443494708e-07, 0.0, 1.4986120136921861e-05, 0.0008163589887840178, 0.0007827953928876701, 0.0007893636688642892, 1.9741732855241166e-05, 1.3627711167939466e-05, 1.7493065328142048e-07, 0.0006403174061835033, 2.2325783847624387e-07, 2.565216772927906e-07, 2.5659832150614047e-07, 0.0004963406623274715, 0.0008157918711733442, 0.0008185068193492207, 0.0008185319460680005, 0.0, 0.0008242300632132598, 0.0008264528995606089, 0.0006673136048823454, 1.1800474652440673e-06, 0.0, 1.8369724154497502e-07, 1.9547700776683483e-07, 1.954789642782076e-07, 1.954789642782076e-07, 1.954789642782076e-07, 1.954789642782076e-07, 1.2537659016524707e-07, 0.0, 0.0006317960974216795, 1.2537659016524707e-07, 1.2537659016524707e-07, 0.0, 1.3345924372691696e-07, 1.7196459920130513e-07, 0.0, 1.703198704860277e-07, 0.0008293403774879643, 0.0008305203089269451, 0.0008375880422371687, 0.0, 0.0008235600088258551, 0.0008265605534966121, 0.0008042821020838546, 0.0008237961531372921, 9.790655629510265e-06, 0.0008347925772787781, 0.001486100221004484, 1.2139307091311268e-05, 0.00083447349129225, 0.0008403277780534676, 4.0015613896367764e-08, 0.0006132133816006246, 1.8301809898909019e-06, 0.00046900304821839657, 0.0006599965116375903, 3.06370169053839e-06, 4.1588530175157644e-05, 0.00010966012789338298, 0.0006297742202974707, 0.0005084940338357906, 8.639084297710917e-06, 4.0015613896367764e-08, 0.00066738555863736, 0.00043690163034661546, 0.0005663217450229709, 1.412060578226186e-05, 0.0002511861990451311, 0.0006834735667834409, 0.0006810214352844617, 9.725718072626816e-06, 7.004442887456461e-08, 7.004442887456461e-08, 0.0, 7.004442887456461e-08, 7.004442887456461e-08, 1.1509587620610963e-07, 0.0, 2.2915394717086892e-07, 0.0, 2.2505696841093803e-07, 2.2005235416583254e-07, 0.0, 2.2505696841093803e-07, 4.0015613896367764e-08, 0.0, 0.0, 2.651038014973776e-07, 2.701034101373264e-07, 2.7010611368572776e-07, 0.0008226895077472049, 0.0, 0.0, 2.2572999789804515e-07, 2.3006074088161105e-07, 7.998119326200319e-08, 2.2739655579689112e-07, 0.0, 1.3329867578171918e-07, 1.572963986507452e-07, 1.5729797309470905e-07, 0.0, 0.0003751908749284327, 0.0006591243745746086, 1.8779443512466593e-06, 0.0005645068881428543, 1.1988790611550395e-07, 0.00020943454611642713, 0.000454645349052109, 2.2569485321348852e-07, 2.2569485321348852e-07, 2.5593548035153044e-07, 2.5593548035153044e-07, 1.8066794919274927e-07, 3.144870759306155e-05, 6.223088441481748e-06, 0.0006683129678400912, 2.0194075186916355e-06, 0.0007065775705649199, 0.0006943722969551989, 0.0006769457218363078, 1.450434609841054e-07, 0.0, 1.4504055750175158e-07, 1.8482455485381992e-07, 1.8482270498038275e-07, 1.8482455485381992e-07, 1.8482270498038275e-07, 0.00012145250487633996, 0.0, 1.3968298802946592e-07, 0.0008261671559142044, 1.652653965489631e-07, 0.0007644666085114901, 0.0006796341375850748, 0.0005537891962677156, 4.410284261349988e-05, 0.0007099664707462566, 0.0002143383524881896
ul_il:0.11435684903363193, 0.891106496486595, 0.0, 0.001804854426200056, 0.1440586924403405, 0.43194898920419866, 0.1443663488469393, 0.0, 0.0, 0.0, 0.0, 0.0, 0.15645346435017915, 0.0, 0.0, 0.22146275640808313, 0.7162809691524502, 0.0, 0.0, 0.0, 0.0022780511896609017, 0.31793940500576207, 0.0, 0.0, 0.0, 0.0, 0.0, 0.0, 0.0, 0.0, 0.0, 0.0, 0.0006894387386940507, 0.0, 0.0232624912261793, 0.0, 0.0, 0.41638259895867225, 0.0, 0.5381427495586582, 0.07654324024380597, 0.0008723712159290175, 0.0, 0.0, 0.0, 0.08665387511885578, 0.0006882888150652575, 0.0024547234496351752, 0.0, 0.0, 0.6323951681569736, 0.0, 0.0, 1.6118947773367318, 0.0, 0.23335720925002854, 0.0, 0.0, 0.0, 0.0, 0.0, 0.0, 0.0024466215019086986, 1.4826321279332837, 0.0, 0.0, 0.0, 0.860228870470687, 0.11757943803824303, 0.0, 0.0, 0.2309088439838706, 0.0, 0.03351798456527509, 0.0, 2.4511882441272737, 0.0, 0.38875144551984464, 0.0025070688199737767, 1.1503503650261762, 0.0, 0.0, 0.0, 0.0, 0.001715186579894106, 0.0, 0.007869550809360332, 0.0024807249958443017, 0.0025902684006896136, 0.0, 2.3301879587513166, 0.038521120409479435, 0.0025949919042697997, 0.0, 0.0, 0.0, 0.0, 0.001929274675144127, 0.03871949466481468, 0.1019749082633544, 0.10297667788968291, 0.0, 2.410580533426859, 0.0010576460869013422, 0.0025033483484601295, 0.001995129269641981, 0.0, 0.0, 0.0, 0.0, 0.14725889845671447, 0.0, 0.12082831296950587, 0.24535358601972956, 0.0, 0.0, 0.10203127292836482, 0.0, 0.0, 0.0, 1.6813547657942731, 0.0, 0.0, 0.2691990768769035, 0.6062650494223903, 0.0, 0.0, 0.0, 0.0, 0.8236869942423689, 1.631037355917444, 0.0, 0.020177569690480245, 0.23684207189608042, 0.0, 0.5038316401144693, 0.0, 1.3801559088061115, 0.0, 0.0, 0.0, 0.039939989570404774, 0.0, 0.0, 0.05167471982201325, 0.0, 0.0, 0.0, 0.0, 0.0, 0.00858274142968861, 0.0, 0.0, 0.0, 0.26075942968459664, 0.0, 0.0, 0.46718299148959036, 0.0, 0.0, 0.10512752810460327, 0.5835888967239145, 0.0, 0.0, 0.0020628907986837888, 0.0, 0.0, 0.0, 0.0, 0.0, 0.0, 0.5848894551382325, 0.0, 0.4731855709370108, 0.0, 0.0, 0.0, 0.0018199782347693356, 0.0, 0.0016599259597940108, 0.4571371782428554, 0.0, 0.0, 0.0, 0.3162529346472545, 0.0, 0.10055416082036392, 0.0, 0.0, 0.0, 0.0, 0.0, 0.0, 0.14304190304707945, 2.200945687703629, 0.6011365413853701, 0.0, 0.0, 0.546201795618111, 0.0
dl_il:2.8528888710952747e-07, 2.8528888710952747e-07, 4.468307183321323e-05, 0.0014375339312685162, 0.0014449770153425012, 0.0014339536767495396, 8.959234126030907e-07, 2.6404650592521418e-06, 0.0, 0.0, 2.0371643818560335e-05, 0.0008620782490801906, 0.0014356751904145647, 2.7027554523525937e-07, 0.0010440600018346144, 0.0014335801384047961, 0.0013655002148310511, 0.0001499539142395308, 3.086278250260229e-05, 1.029771324765794e-06, 1.2164404355833132e-06, 7.809772339658899e-07, 0.0, 0.0, 0.0, 0.0010120009056309553, 0.0012337980592991833, 0.0008340380777882316, 0.00043612714960064857, 2.119603385679398e-05, 0.0, 4.4421315944190325e-05, 0.0013781102818019855, 1.03311694097747e-05, 0.0014464818365164996, 0.0009119528360036832, 1.2109577734183424e-05, 0.0014337239152455684, 0.0017908069956891635, 0.0014479032211968655, 0.0014370591020638368, 0.0014367439459744575, 6.3331369959263746e-06, 3.4959956381615823e-06, 0.0014360446672782047, 0.0014458589504749227, 0.001321589947406718, 0.0014510240698081293, 1.9392290669696032e-05, 0.001489513833889161, 0.0014416673139594238, 2.9270102129895604e-05, 0.0014436774763799782, 0.0014440847816106334, 6.760307179589835e-05, 0.0014484364931979462, 2.9205339144838907e-05, 0.0004562092774549349, 8.013330524166507e-07, 5.954148692336179e-07, 0.0, 4.0159347863598596e-05, 0.0014583092832500925, 0.0014344308198466634, 0.0014399549852859045, 5.1867901213079643e-05, 4.960393547957682e-05, 5.05244630721342e-07, 0.0013414943828787623, 9.75129443204452e-07, 7.043136541521955e-07, 4.5519673008977993e-07, 0.000890611288652901, 0.0014566746299276357, 0.0014598536213429954, 0.001459153916627799, 0.0, 0.0014624158399545596, 0.001464551896151575, 0.0013616447678884208, 1.0517377032558978e-05, 0.0, 4.32696342745043e-07, 4.5467513611978536e-07, 4.70758977489966e-07, 4.837054998949065e-07, 4.70758977489966e-07, 4.70758977489966e-07, 3.905776130756373e-07, 0.0, 0.001332667782686418, 3.905776130756373e-07, 3.905776130756373e-07, 0.0, 3.7458201699512566e-07, 5.589559506770891e-07, 0.0, 4.156007376491312e-07, 0.0014671167898129335, 0.0014669443058131736, 0.0014713897117843702, 0.0, 0.0014638025486603077, 0.001466374269656995, 0.0014516721390987978, 0.001465466198881004, 3.637835495991432e-05, 0.0014710940667974498, 0.0018805862968642403, 3.1621343519732565e-05, 0.001471683201486323, 0.0014765224863278318, 2.8528888710952747e-07, 0.0013209037643612815, 2.7119839095185664e-05, 0.0008367886391061955, 0.0013554772632915952, 3.3721951572931364e-05, 0.0001177064419867881, 0.00020909874346155, 0.0013297537830475733, 0.0010755971340319689, 2.6896525865537643e-05, 2.8528888710952747e-07, 0.0013593471098539672, 0.0008702288833758719, 0.0010183692316477993, 3.835144892552223e-05, 0.0004778917071104705, 0.0013747089922678864, 0.0013709190614735556, 3.173484923429555e-05, 1.0560516074788805e-06, 1.0560516074788805e-06, 0.0, 1.0560516074788805e-06, 9.109514253112863e-07, 1.5913841033751051e-06, 0.0, 2.248556710740989e-06, 0.0, 1.1610480892421026e-06, 8.241131290787525e-07, 0.0, 1.1610480892421026e-06, 2.7030054748726365e-07, 0.0, 0.0, 1.8365895674020095e-06, 8.644931537014053e-07, 1.0408379092556077e-06, 0.0018506650905922505, 0.0, 0.0, 1.0864154633809441e-06, 8.104787174200264e-07, 4.914563861837035e-07, 8.912572862762369e-07, 0.0, 1.1506612283300638e-06, 8.446255887975818e-07, 8.446340430004204e-07, 0.0, 0.0007202183423428022, 0.0013554324631961402, 9.556675114856817e-06, 0.0010395613047784918, 7.092478030227205e-07, 0.0003954176372082316, 0.000875265799273317, 1.9921247089793507e-06, 1.0113004964617093e-06, 1.426561925209697e-06, 1.0315295848097213e-06, 4.906462850450919e-07, 9.825037353638885e-05, 4.522492862204606e-05, 0.0013625842565856245, 1.572990800312278e-05, 0.001386322218941426, 0.0013770862095898227, 0.0013672464834986538, 6.689504634263522e-07, 0.0, 9.010109488539685e-07, 9.956227932860244e-07, 9.308091740731844e-07, 9.308184904565063e-07, 9.308091740731844e-07, 0.00025601679966069803, 0.0, 7.22828617183121e-07, 0.0018557634792727602, 1.086396016494515e-06, 0.0014246686551275124, 0.0013701743016644647, 0.0010905044159600448, 0.00010431696708403394, 0.0013850394212917368, 0.00042645777716790776
sinr_ul:0.00063628,0.00140277,0.00179701,0.00376239,0.0067117 ,0.01423855,0.02580833,0.01870474,0.01789765,0.01324954,0.01944631,0.01807216,0.01304713,0.01066784,0.01584204,0.00788632,0.01428382,0.02037503,0.02923976,0.02435599,0.02543371,0.01523419,0.02339076,0.00822909,0.01233877,0.01107536,0.00470196,0.00041764,0.00099744,0.0002197 ,0.00056764,0.00084698,0.00060787,0.00052339,0.00039026,0.00029764,0.00031616,0.00020502,0.00020694,0.00015705
sinr_ul_bin_edges:-52.86366   ,-50.25666175,-47.6496635 ,-45.04266525,-42.435667  ,-39.82866875,-37.2216705 ,-34.61467225,-32.007674  ,-29.40067575,-26.7936775 ,-24.18667925,-21.579681  ,-18.97268275,-16.3656845 ,-13.75868625,-11.151688  , -8.54468975, -5.9376915 , -3.33069325, -0.723695  ,  1.88330325,  4.4903015 ,  7.09729975,  9.704298  , 12.31129625, 14.9182945 , 17.52529275, 20.132291  , 22.73928925, 25.3462875 , 27.95328575, 30.560284  , 33.16728225, 35.7742805 , 38.38127875, 40.988277  , 43.59527525, 46.2022735 , 48.80927175, 51.41627   
sinr_dl:0.000629  ,0.00134602,0.00197503,0.00127549,0.00891403,0.01210867,0.02551516,0.0179668 ,0.02298191,0.02302574,0.02721154,0.01382561,0.01160685,0.01308615,0.01016947,0.01447963,0.01520615,0.02493963,0.02882389,0.02439668,0.02436926,0.01526241,0.01760477,0.00884876,0.01118434,0.01124265,0.00107063,0.00106683,0.00046511,0.00016752,0.00080393,0.00080591,0.00055883,0.00048863,0.00040779,0.00026685,0.00031508,0.00020123,0.00020745,0.00015873
sinr_dl_bin_edges:-19.862337  ,-17.33056408,-14.79879115,-12.26701823, -9.7352453 , -7.20347238, -4.67169945, -2.13992652,  0.3918464 ,  2.92361932,  5.45539225,  7.98716517, 10.5189381 , 13.05071102, 15.58248395, 18.11425687, 20.6460298 , 23.17780272, 25.70957565, 28.24134857, 30.7731215 , 33.30489443, 35.83666735, 38.36844027, 40.9002132 , 43.43198612, 45.96375905, 48.49553198, 51.0273049 , 53.55907783, 56.09085075, 58.62262367, 61.1543966 , 63.68616952, 66.21794245, 68.74971537, 71.2814883 , 73.81326122, 76.34503415, 78.87680708, 81.40858   
rsrp_ul:0.00063615,0.00135963,0.00184178,0.00429102,0.00659389,0.013569  ,0.02590682,0.01894752,0.01809877,0.01295282,0.01923515,0.01860523,0.01275533,0.01074296,0.01591352,0.00784045,0.01425727,0.02073714,0.02869735,0.02426036,0.02575576,0.01536633,0.0229751 ,0.00866439,0.01215366,0.01123685,0.00458244,0.00035942,0.00102068,0.0002508 ,0.00059417,0.00083781,0.00060244,0.00051831,0.0003907 ,0.00029708,0.00031677,0.0002051 ,0.00020558,0.00015711
rsrp_ul_bin_edges:-134.25334   ,-131.64735923,-129.04137845,-126.43539768,-123.8294169 ,-121.22343613,-118.61745535,-116.01147458,-113.4054938 ,-110.79951303,-108.19353225,-105.58755148,-102.9815707 ,-100.37558993, -97.76960915, -95.16362838, -92.5576476 , -89.95166683, -87.34568605, -84.73970528, -82.1337245 , -79.52774373, -76.92176295, -74.31578218, -71.7098014 , -69.10382063, -66.49783985, -63.89185908, -61.2858783 , -58.67989753, -56.07391675, -53.46793598, -50.8619552 , -48.25597443, -45.64999365, -43.04401288, -40.4380321 , -37.83205133, -35.22607055, -32.62008978, -30.014109  
rsrp_dl:0.00062895,0.00134685,0.00197583,0.0014795 ,0.00872399,0.01183469,0.02545255,0.01838105,0.0230088 ,0.02264538,0.02816939,0.01302714,0.01194032,0.01247099,0.01086278,0.01422056,0.01513437,0.02574431,0.02814628,0.02665568,0.02260306,0.01533445,0.0172308 ,0.00869433,0.01140514,0.01112564,0.00096872,0.00102593,0.00050406,0.00017115,0.0008092 ,0.00082008,0.00055697,0.00048339,0.00040765,0.00026676,0.0003159 ,0.00020111,0.00020615,0.00015879
rsrp_dl_bin_edges:-128.23273 ,-125.701973,-123.171216,-120.640459,-118.109702,-115.578945,-113.048188,-110.517431,-107.986674,-105.455917,-102.92516 ,-100.394403, -97.863646, -95.332889, -92.802132, -90.271375, -87.740618, -85.209861, -82.679104, -80.148347, -77.61759 , -75.086833, -72.556076, -70.025319, -67.494562, -64.963805, -62.433048, -59.902291, -57.371534, -54.840777, -52.31002 , -49.779263, -47.248506, -44.717749, -42.186992, -39.656235, -37.125478, -34.594721, -32.063964, -29.533207, -27.00245 
cqi_ul:1.66964439,0.        ,0.16495896,0.        ,0.        ,0.14812827,0.        ,0.        ,0.17233357,0.        ,0.05702032,0.        ,0.        ,0.11345478,0.        ,0.        ,0.07147541,0.        ,0.03458194,0.        ,0.        ,0.0620136 ,0.        ,0.        ,0.03646362,0.        ,0.06053214,0.        ,0.        ,0.03475529,0.        ,0.        ,0.0018263 ,0.        ,0.00544635,0.        ,0.        ,0.00255896,0.        ,0.03147275
cqi_ul_bin_edges: 0.   , 0.375, 0.75 , 1.125, 1.5  , 1.875, 2.25 , 2.625, 3.   , 3.375, 3.75 , 4.125, 4.5  , 4.875, 5.25 , 5.625, 6.   , 6.375, 6.75 , 7.125, 7.5  , 7.875, 8.25 , 8.625, 9.   , 9.375, 9.75 ,10.125,10.5  ,10.875,11.25 ,11.625,12.   ,12.375,12.75 ,13.125,13.5  ,13.875,14.25 ,14.625,15.   
cqi_dl:0.19864483,0.        ,0.14281222,0.        ,0.        ,0.12006315,0.        ,0.        ,0.12394717,0.        ,0.13190564,0.        ,0.        ,0.13051386,0.        ,0.        ,0.10250354,0.        ,0.07974299,0.        ,0.        ,0.06108599,0.        ,0.        ,0.0418159 ,0.        ,0.06608234,0.        ,0.        ,0.0692764 ,0.        ,0.        ,0.04409995,0.        ,0.07734884,0.        ,0.        ,0.03836014,0.        ,1.23846371
cqi_dl_bin_edges: 0.   , 0.375, 0.75 , 1.125, 1.5  , 1.875, 2.25 , 2.625, 3.   , 3.375, 3.75 , 4.125, 4.5  , 4.875, 5.25 , 5.625, 6.   , 6.375, 6.75 , 7.125, 7.5  , 7.875, 8.25 , 8.625, 9.   , 9.375, 9.75 ,10.125,10.5  ,10.875,11.25 ,11.625,12.   ,12.375,12.75 ,13.125,13.5  ,13.875,14.25 ,14.625,15.   
mcs_ul:1.02744230e+00,3.47353563e-02,5.52576126e-02,0.00000000e+00,3.70639440e-02,2.02450078e-02,0.00000000e+00,1.03015930e-02,2.47837198e-02,0.00000000e+00,3.59956290e-02,2.59802211e-02,1.51206993e-04,0.00000000e+00,1.21589726e-02,1.07469209e-02,0.00000000e+00,7.77911722e-03,1.29867862e-02,0.00000000e+00,2.02347844e-02,1.13215789e-02,0.00000000e+00,0.00000000e+00,8.21250578e-03,1.30687168e-02,0.00000000e+00,1.93592136e-02,1.43359243e-02,0.00000000e+00,4.28298277e-03,6.98840831e-04,2.79536333e-04,0.00000000e+00,9.16893469e-04,2.00079381e-03,0.00000000e+00,1.01305111e-03,3.57820804e-04,1.68604019e-02
mcs_ul_bin_edges: 0. , 0.7, 1.4, 2.1, 2.8, 3.5, 4.2, 4.9, 5.6, 6.3, 7. , 7.7, 8.4, 9.1, 9.8,10.5,11.2,11.9,12.6,13.3,14. ,14.7,15.4,16.1,16.8,17.5,18.2,18.9,19.6,20.3,21. ,21.7,22.4,23.1,23.8,24.5,25.2,25.9,26.6,27.3,28. 
mcs_dl:2.18013107e-01,2.92298591e-02,3.57807346e-02,0.00000000e+00,3.06195341e-02,3.99907248e-02,0.00000000e+00,3.06730106e-02,3.50582294e-02,0.00000000e+00,3.48599087e-02,2.29467953e-02,3.28508925e-04,0.00000000e+00,3.16373041e-02,2.74815053e-02,0.00000000e+00,1.52379526e-02,1.97415634e-02,0.00000000e+00,1.29830731e-02,1.47875487e-02,0.00000000e+00,0.00000000e+00,7.61382884e-03,1.24026239e-02,0.00000000e+00,2.29986275e-02,2.46528969e-02,0.00000000e+00,1.24594606e-02,9.15306653e-03,1.44719084e-02,0.00000000e+00,1.77320467e-02,2.37048323e-02,0.00000000e+00,1.03101043e-02,1.02371102e-02,6.63465562e-01
mcs_dl_bin_edges: 0. , 0.7, 1.4, 2.1, 2.8, 3.5, 4.2, 4.9, 5.6, 6.3, 7. , 7.7, 8.4, 9.1, 9.8,10.5,11.2,11.9,12.6,13.3,14. ,14.7,15.4,16.1,16.8,17.5,18.2,18.9,19.6,20.3,21. ,21.7,22.4,23.1,23.8,24.5,25.2,25.9,26.6,27.3,28. 
eff_ul:4.50881698e+00,6.70384878e-01,4.53642753e-01,1.86834480e-01,1.02052429e-01,5.19289794e-02,1.24931481e-01,1.81449245e-01,1.30962887e-01,6.20540006e-02,5.41738186e-02,0.00000000e+00,3.92135097e-02,6.54646857e-02,0.00000000e+00,1.02000894e-01,0.00000000e+00,5.70705945e-02,4.13981645e-02,6.58776871e-02,0.00000000e+00,9.75872569e-02,0.00000000e+00,7.22655142e-02,0.00000000e+00,2.15899544e-02,0.00000000e+00,0.00000000e+00,3.52276497e-03,0.00000000e+00,1.40910599e-03,0.00000000e+00,4.62193972e-03,0.00000000e+00,1.00857392e-02,0.00000000e+00,5.10665777e-03,0.00000000e+00,1.80372774e-03,8.49910747e-02
eff_ul_bin_edges:0.        ,0.13886495,0.2777299 ,0.41659485,0.5554598 ,0.69432475,0.8331897 ,0.97205465,1.1109196 ,1.24978455,1.3886495 ,1.52751445,1.6663794 ,1.80524435,1.9441093 ,2.08297425,2.2218392 ,2.36070415,2.4995691 ,2.63843405,2.777299  ,2.91616395,3.0550289 ,3.19389385,3.3327588 ,3.47162375,3.6104887 ,3.74935365,3.8882186 ,4.02708355,4.1659485 ,4.30481345,4.4436784 ,4.58254335,4.7214083 ,4.86027325,4.9991382 ,5.13800315,5.2768681 ,5.41573305,5.554598  
eff_dl:0.5364335 ,0.56254198,0.32770988,0.15434906,0.201588  ,0.15461862,0.17672394,0.17572423,0.11567179,0.16113547,0.13853066,0.        ,0.07681252,0.09951463,0.        ,0.06544597,0.        ,0.07454209,0.03838031,0.06252   ,0.        ,0.11593306,0.        ,0.12427202,0.        ,0.06280651,0.        ,0.        ,0.04613941,0.        ,0.07295099,0.        ,0.08938492,0.        ,0.11949295,0.        ,0.05197188,0.        ,0.05160393,3.34444288
eff_dl_bin_edges:0.        ,0.13886495,0.2777299 ,0.41659485,0.5554598 ,0.69432475,0.8331897 ,0.97205465,1.1109196 ,1.24978455,1.3886495 ,1.52751445,1.6663794 ,1.80524435,1.9441093 ,2.08297425,2.2218392 ,2.36070415,2.4995691 ,2.63843405,2.777299  ,2.91616395,3.0550289 ,3.19389385,3.3327588 ,3.47162375,3.6104887 ,3.74935365,3.8882186 ,4.02708355,4.1659485 ,4.30481345,4.4436784 ,4.58254335,4.7214083 ,4.86027325,4.9991382 ,5.13800315,5.2768681 ,5.41573305,5.554598  
rul:7.08906573e+00,1.58511858e-02,6.44593513e-03,2.70563959e-03,1.68808538e-03,4.51771266e-04,3.73744525e-04,1.12372758e-03,4.77423893e-04,2.22679055e-04,9.69099246e-05,1.20068546e-04,2.85029190e-05,7.66015948e-05,9.26344868e-05,1.74224092e-04,9.01404814e-05,8.97841949e-05,1.06885946e-05,3.45597893e-05,3.17094974e-05,1.81706109e-05,1.78143244e-06,1.78143244e-05,2.85029190e-06,1.06885946e-06,8.90716219e-06,0.00000000e+00,1.42514595e-06,2.49400541e-06,7.48201624e-06,0.00000000e+00,0.00000000e+00,7.83830273e-06,0.00000000e+00,0.00000000e+00,8.55087570e-06,0.00000000e+00,0.00000000e+00,3.20657839e-06
rul_bin_edges:0.        ,0.14046259,0.28092518,0.42138777,0.56185036,0.70231295,0.84277554,0.98323813,1.12370072,1.26416331,1.4046259 ,1.54508849,1.68555108,1.82601367,1.96647626,2.10693885,2.24740144,2.38786403,2.52832662,2.66878921,2.8092518 ,2.94971439,3.09017698,3.23063957,3.37110216,3.51156475,3.65202734,3.79248993,3.93295252,4.07341511,4.2138777 ,4.35434029,4.49480288,4.63526547,4.77572806,4.91619065,5.05665324,5.19711583,5.33757842,5.47804101,5.6185036 
rdl:5.73238311e+00,2.55813275e-03,8.68231369e-02,3.48381726e-02,2.21032289e-03,5.16436062e-04,1.04694875e-04,7.71281569e-05,4.83883874e-05,7.27292126e-05,3.69511322e-05,2.52206141e-05,3.28454509e-05,2.14081957e-05,1.99418809e-05,3.95904988e-05,4.63355468e-05,5.74795390e-05,4.34029172e-05,2.11149327e-05,1.43698848e-05,2.93262954e-06,0.00000000e+00,0.00000000e+00,0.00000000e+00,0.00000000e+00,0.00000000e+00,0.00000000e+00,0.00000000e+00,0.00000000e+00,0.00000000e+00,0.00000000e+00,0.00000000e+00,0.00000000e+00,0.00000000e+00,0.00000000e+00,0.00000000e+00,0.00000000e+00,0.00000000e+00,2.93262954e-07
rdl_bin_edges:0.        ,0.17064863,0.34129727,0.5119459 ,0.68259454,0.85324318,1.02389181,1.19454044,1.36518908,1.53583771,1.70648635,1.87713498,2.04778362,2.21843225,2.38908089,2.55972952,2.73037816,2.90102679,3.07167543,3.24232407,3.4129727 ,3.58362133,3.75426997,3.9249186 ,4.09556724,4.26621587,4.43686451,4.60751314,4.77816178,4.94881041,5.11945905,5.29010768,5.46075632,5.63140495,5.80205359,5.97270222,6.14335086,6.3139995 ,6.48464813,6.65529677,6.8259454 
lul:5.63618058e-01,5.64183088e-08,2.82091544e-08,0.00000000e+00,5.64183088e-08,0.00000000e+00,8.46274631e-08,2.82091544e-08,2.82091544e-08,5.64183088e-08,0.00000000e+00,1.63613095e-06,6.48810551e-07,5.07764779e-07,7.33438014e-07,2.56703305e-06,1.82513229e-05,6.26243227e-06,4.45704639e-06,2.70807882e-06,1.89001334e-06,1.91822250e-06,1.35403941e-06,3.94928161e-07,2.82091544e-08,0.00000000e+00,3.10300698e-07,7.89856323e-07,8.46274631e-07,4.79555624e-07,1.55150349e-06,2.34135981e-06,4.23137316e-07,1.15657533e-06,6.48810551e-07,1.72075842e-06,2.05926827e-06,2.53882389e-06,0.00000000e+00,2.82091544e-08
lul_bin_edges: 0.        , 1.77406675, 3.5481335 , 5.32220025, 7.096267  , 8.87033375,10.6444005 ,12.41846725,14.192534  ,15.96660075,17.7406675 ,19.51473425,21.288801  ,23.06286775,24.8369345 ,26.61100125,28.385068  ,30.15913475,31.9332015 ,33.70726825,35.481335  ,37.25540175,39.0294685 ,40.80353525,42.577602  ,44.35166875,46.1257355 ,47.89980225,49.673869  ,51.44793575,53.2220025 ,54.99606925,56.770136  ,58.54420275,60.3182695 ,62.09233625,63.866403  ,65.64046975,67.4145365 ,69.18860325,70.96267   
ldl:4.66403483e-01,0.00000000e+00,0.00000000e+00,0.00000000e+00,0.00000000e+00,0.00000000e+00,0.00000000e+00,0.00000000e+00,0.00000000e+00,2.33411298e-08,2.33411298e-08,0.00000000e+00,0.00000000e+00,0.00000000e+00,0.00000000e+00,0.00000000e+00,0.00000000e+00,0.00000000e+00,0.00000000e+00,0.00000000e+00,0.00000000e+00,0.00000000e+00,0.00000000e+00,0.00000000e+00,0.00000000e+00,0.00000000e+00,0.00000000e+00,0.00000000e+00,0.00000000e+00,0.00000000e+00,0.00000000e+00,0.00000000e+00,0.00000000e+00,0.00000000e+00,0.00000000e+00,0.00000000e+00,0.00000000e+00,0.00000000e+00,0.00000000e+00,2.33411298e-08
ldl_bin_edges: 0.      , 2.144066, 4.288132, 6.432198, 8.576264,10.72033 ,12.864396,15.008462,17.152528,19.296594,21.44066 ,23.584726,25.728792,27.872858,30.016924,32.16099 ,34.305056,36.449122,38.593188,40.737254,42.88132 ,45.025386,47.169452,49.313518,51.457584,53.60165 ,55.745716,57.889782,60.033848,62.177914,64.32198 ,66.466046,68.610112,70.754178,72.898244,75.04231 ,77.186376,79.330442,81.474508,83.618574,85.76264 
ilul:3.98850872e-01,4.00565754e-08,2.00282877e-08,2.00282877e-08,6.00848631e-08,2.00282877e-08,6.00848631e-08,1.40198014e-07,4.52238736e-05,5.74211008e-05,5.47973952e-05,1.62549583e-04,1.80695212e-04,1.31585850e-05,1.78452043e-05,2.28923328e-05,2.71183016e-05,3.12841854e-05,3.53298995e-05,4.47832513e-05,4.36416389e-05,4.95299555e-05,6.23480596e-05,5.15528125e-05,5.06915962e-05,5.99646934e-05,5.25341986e-05,5.23339158e-05,4.70264195e-05,3.92754722e-05,3.69922474e-05,3.08235348e-05,2.40539735e-05,2.08294192e-05,1.52214987e-05,1.24375667e-05,7.41046645e-06,4.12582727e-06,2.60367740e-07,8.01131508e-07
ilul_bin_edges: 0.      , 2.498712, 4.997424, 7.496136, 9.994848,12.49356 ,14.992272,17.490984,19.989696,22.488408,24.98712 ,27.485832,29.984544,32.483256,34.981968,37.48068 ,39.979392,42.478104,44.976816,47.475528,49.97424 ,52.472952,54.971664,57.470376,59.969088,62.4678  ,64.966512,67.465224,69.963936,72.462648,74.96136 ,77.460072,79.958784,82.457496,84.956208,87.45492 ,89.953632,92.452344,94.951056,97.449768,99.94848 
ildl:4.66209470e-01,0.00000000e+00,0.00000000e+00,0.00000000e+00,0.00000000e+00,0.00000000e+00,0.00000000e+00,0.00000000e+00,0.00000000e+00,2.33314205e-08,2.33314205e-08,0.00000000e+00,0.00000000e+00,0.00000000e+00,0.00000000e+00,0.00000000e+00,0.00000000e+00,0.00000000e+00,0.00000000e+00,0.00000000e+00,0.00000000e+00,0.00000000e+00,0.00000000e+00,0.00000000e+00,0.00000000e+00,0.00000000e+00,0.00000000e+00,0.00000000e+00,0.00000000e+00,0.00000000e+00,0.00000000e+00,0.00000000e+00,0.00000000e+00,0.00000000e+00,0.00000000e+00,0.00000000e+00,0.00000000e+00,0.00000000e+00,0.00000000e+00,2.33314205e-08
ildl_bin_edges: 0.        , 2.14495825, 4.2899165 , 6.43487475, 8.579833  ,10.72479125,12.8697495 ,15.01470775,17.159666  ,19.30462425,21.4495825 ,23.59454075,25.739499  ,27.88445725,30.0294155 ,32.17437375,34.319332  ,36.46429025,38.6092485 ,40.75420675,42.899165  ,45.04412325,47.1890815 ,49.33403975,51.478998  ,53.62395625,55.7689145 ,57.91387275,60.058831  ,62.20378925,64.3487475 ,66.49370575,68.638664  ,70.78362225,72.9285805 ,75.07353875,77.218497  ,79.36345525,81.5084135 ,83.65337175,85.79833   
eul:7.18132567e+01,0.00000000e+00,3.59389033e-06,0.00000000e+00,3.59389033e-06,3.59389033e-06,0.00000000e+00,3.59389033e-06,0.00000000e+00,0.00000000e+00,0.00000000e+00,0.00000000e+00,0.00000000e+00,0.00000000e+00,0.00000000e+00,0.00000000e+00,0.00000000e+00,0.00000000e+00,0.00000000e+00,0.00000000e+00,0.00000000e+00,0.00000000e+00,0.00000000e+00,0.00000000e+00,0.00000000e+00,0.00000000e+00,0.00000000e+00,0.00000000e+00,0.00000000e+00,0.00000000e+00,0.00000000e+00,0.00000000e+00,3.59389033e-06,0.00000000e+00,0.00000000e+00,0.00000000e+00,0.00000000e+00,0.00000000e+00,0.00000000e+00,1.07816710e-05
eul_bin_edges:0.      ,0.013925,0.02785 ,0.041775,0.0557  ,0.069625,0.08355 ,0.097475,0.1114  ,0.125325,0.13925 ,0.153175,0.1671  ,0.181025,0.19495 ,0.208875,0.2228  ,0.236725,0.25065 ,0.264575,0.2785  ,0.292425,0.30635 ,0.320275,0.3342  ,0.348125,0.36205 ,0.375975,0.3899  ,0.403825,0.41775 ,0.431675,0.4456  ,0.459525,0.47345 ,0.487375,0.5013  ,0.515225,0.52915 ,0.543075,0.557   
edl: 0., 0., 0., 0., 0., 0., 0., 0., 0., 0., 0., 0., 0., 0., 0., 0., 0., 0., 0., 0.,40., 0., 0., 0., 0., 0., 0., 0., 0., 0., 0., 0., 0., 0., 0., 0., 0., 0., 0., 0.
edl_bin_edges:-0.5  ,-0.475,-0.45 ,-0.425,-0.4  ,-0.375,-0.35 ,-0.325,-0.3  ,-0.275,-0.25 ,-0.225,-0.2  ,-0.175,-0.15 ,-0.125,-0.1  ,-0.075,-0.05 ,-0.025, 0.   , 0.025, 0.05 , 0.075, 0.1  , 0.125, 0.15 , 0.175, 0.2  , 0.225, 0.25 , 0.275, 0.3  , 0.325, 0.35 , 0.375, 0.4  , 0.425, 0.45 , 0.475, 0.5  
gul:3.34860652e-03,0.00000000e+00,0.00000000e+00,0.00000000e+00,0.00000000e+00,3.01374587e-02,2.04264998e-01,8.13878816e-02,1.33944261e-02,5.35777044e-02,1.07155409e-01,3.21334224e+02,1.23876675e+01,6.02749174e-02,1.00458196e-02,1.67430326e-02,2.17659424e-01,3.34860652e-03,0.00000000e+00,0.00000000e+00,0.00000000e+00,6.69721305e-03,0.00000000e+00,3.34860652e-03,1.00458196e-02,1.00458196e-02,0.00000000e+00,3.34860652e-03,0.00000000e+00,0.00000000e+00,0.00000000e+00,0.00000000e+00,0.00000000e+00,0.00000000e+00,0.00000000e+00,0.00000000e+00,0.00000000e+00,0.00000000e+00,0.00000000e+00,3.34860652e-03
gul_bin_edges:0.      ,0.002989,0.005978,0.008967,0.011956,0.014945,0.017934,0.020923,0.023912,0.026901,0.02989 ,0.032879,0.035868,0.038857,0.041846,0.044835,0.047824,0.050813,0.053802,0.056791,0.05978 ,0.062769,0.065758,0.068747,0.071736,0.074725,0.077714,0.080703,0.083692,0.086681,0.08967 ,0.092659,0.095648,0.098637,0.101626,0.104615,0.107604,0.110593,0.113582,0.116571,0.11956 
gdl:3.34860652e-03,0.00000000e+00,0.00000000e+00,0.00000000e+00,0.00000000e+00,3.01374587e-02,2.04264998e-01,8.13878816e-02,1.33944261e-02,5.35777044e-02,1.07155409e-01,3.21334224e+02,1.23876675e+01,6.02749174e-02,1.00458196e-02,1.67430326e-02,2.17659424e-01,3.34860652e-03,0.00000000e+00,0.00000000e+00,0.00000000e+00,6.69721305e-03,0.00000000e+00,3.34860652e-03,1.00458196e-02,1.00458196e-02,0.00000000e+00,3.34860652e-03,0.00000000e+00,0.00000000e+00,0.00000000e+00,0.00000000e+00,0.00000000e+00,0.00000000e+00,0.00000000e+00,0.00000000e+00,0.00000000e+00,0.00000000e+00,0.00000000e+00,3.34860652e-03
gdl_bin_edges:0.      ,0.002989,0.005978,0.008967,0.011956,0.014945,0.017934,0.020923,0.023912,0.026901,0.02989 ,0.032879,0.035868,0.038857,0.041846,0.044835,0.047824,0.050813,0.053802,0.056791,0.05978 ,0.062769,0.065758,0.068747,0.071736,0.074725,0.077714,0.080703,0.083692,0.086681,0.08967 ,0.092659,0.095648,0.098637,0.101626,0.104615,0.107604,0.110593,0.113582,0.116571,0.11956 
ri:25.56090911, 0.        , 0.        , 0.        , 0.        , 0.        , 0.        , 0.        , 0.        , 0.        , 0.        , 0.        , 0.        , 0.        , 0.        , 0.        , 0.        , 0.        , 0.        , 0.        , 0.        , 0.        , 0.        , 0.        , 0.        , 0.        , 0.        , 0.        , 0.        , 0.        , 0.        , 0.        , 0.        , 0.        , 0.        , 0.        , 0.        , 0.        , 0.        ,14.43909089
ri_bin_edges:1.   ,1.025,1.05 ,1.075,1.1  ,1.125,1.15 ,1.175,1.2  ,1.225,1.25 ,1.275,1.3  ,1.325,1.35 ,1.375,1.4  ,1.425,1.45 ,1.475,1.5  ,1.525,1.55 ,1.575,1.6  ,1.625,1.65 ,1.675,1.7  ,1.725,1.75 ,1.775,1.8  ,1.825,1.85 ,1.875,1.9  ,1.925,1.95 ,1.975,2.   
