period:1
ue_log_freq:1000
mac_log_freq:1000
mimo_layers:2
frequency:2412000000.0
bandwidth:50000000
ue_speed:5.555555555555555
max_distance:1000
shannon_cfg_bandwidth_mhz:50.0
shannon_cfg_mimo_layers:2
shannon_cfg_bw_efficiency:0.67
shannon_cfg_sinr_offset_db:0
shannon_cfg_ul_divisor:2
shannon_cfg_sinr_sample_rate:1000
n_ue:4
sinr_period:9.463597741343282
sinr_rate:105.66805852612856
ul_fairness:nan
dl_fairness:0.25
ul_agg_throughput:0
dl_agg_throughput:39.728739342300145
ul_ave_throughput:0.0
dl_ave_throughput:9.932184835575036
ul_se:0.0
dl_se:0.7945747868460029
ul_ase:0.0
dl_ase:2.5292100996546094e-07
ul_gr:0.0, 0.0, 0.0, 0.0
dl_gr:0.1048149518504815, 0.1048149518504815, 0.1048149518504815, 40.25436245637544
ul_tr:0.0, 0.0, 0.0, 0.0
dl_tr:0.0, 0.0, 0.0, 40.124425196748035
ul_er:0.0, 0.0, 0.0, 0.0
dl_er:99.8930270697293, 99.8930270697293, 99.8930270697293, 59.74347956520435
ul_er_ratio:0.0, 0.0, 0.0, 0.0
dl_er_ratio:1.0, 1.0, 1.0, 0.598225022419469
ul_er_perc:0.0, 0.0, 0.0, 0.0
dl_er_perc:100.0, 100.0, 100.0, 59.82250224194689
ul_l:0.0, 0.0, 0.0, 0.0
dl_l:0.0, 0.0, 0.0, 0.0027266014783042174
ul_il:0.0, 0.0, 0.0, 0.0
dl_il:0.0, 0.0, 0.0, 0.25005056943362064
sinr_ul:0.06001868,0.06298579,0.06539375,0.09764421,0.18277965,0.39106385,0.04198151,0.        ,0.        ,0.        ,0.        ,0.        ,0.        ,0.        ,0.01094856,0.09622829,0.05285792,0.05127065,0.07474603,0.07634232,0.18098495,0.31403612,0.15838438,0.16573452,0.21705929,0.21579668,0.24014686,0.10623892,0.08546912,0.11736786,0.0826914 ,0.16272232,0.06337359,0.06362611,0.05892743,0.03495603,0.02983348,0.01529552,0.01529552,0.01526846
sinr_ul_bin_edges:19.234438 ,19.5116406,19.7888432,20.0660458,20.3432484,20.620451 ,20.8976536,21.1748562,21.4520588,21.7292614,22.006464 ,22.2836666,22.5608692,22.8380718,23.1152744,23.392477 ,23.6696796,23.9468822,24.2240848,24.5012874,24.77849  ,25.0556926,25.3328952,25.6100978,25.8873004,26.164503 ,26.4417056,26.7189082,26.9961108,27.2733134,27.550516 ,27.8277186,28.1049212,28.3821238,28.6593264,28.936529 ,29.2137316,29.4909342,29.7681368,30.0453394,30.322542 
sinr_dl:0.06002251,0.06298079,0.06539792,0.0976324 ,0.18272817,0.39108879,0.04207438,0.        ,0.        ,0.        ,0.        ,0.        ,0.        ,0.        ,0.01103945,0.09688381,0.05220289,0.05133705,0.07475981,0.07624797,0.18095139,0.3141734 ,0.15843957,0.16555569,0.21723547,0.21580143,0.24014414,0.10622766,0.08544752,0.11737534,0.08294019,0.16244408,0.06337763,0.06363919,0.05892217,0.03495826,0.02980832,0.01529649,0.01530551,0.01526042
sinr_dl_bin_edges:28.994627  ,29.27181193,29.54899685,29.82618178,30.1033667 ,30.38055163,30.65773655,30.93492147,31.2121064 ,31.48929132,31.76647625,32.04366117,32.3208461 ,32.59803102,32.87521595,33.15240087,33.4295858 ,33.70677072,33.98395565,34.26114057,34.5383255 ,34.81551042,35.09269535,35.36988027,35.6470652 ,35.92425013,36.20143505,36.47861998,36.7558049 ,37.03298983,37.31017475,37.58735968,37.8645446 ,38.14172953,38.41891445,38.69609937,38.9732843 ,39.25046922,39.52765415,39.80483907,40.082024  
rsrp_ul:0.06002856,0.06290802,0.06512723,0.09509566,0.17717871,0.38172149,0.0749761 ,0.        ,0.        ,0.        ,0.        ,0.        ,0.        ,0.        ,0.0352505 ,0.10791569,0.03915704,0.06885036,0.0744809 ,0.05398536,0.17626168,0.34025355,0.16892547,0.14025005,0.23926141,0.22861473,0.23411689,0.11237244,0.10711788,0.08504505,0.12405536,0.12214794,0.06337571,0.06371501,0.05750674,0.03350815,0.02906974,0.01531434,0.01528683,0.01526849
rsrp_ul_bin_edges:-88.36186  ,-88.0892425,-87.816625 ,-87.5440075,-87.27139  ,-86.9987725,-86.726155 ,-86.4535375,-86.18092  ,-85.9083025,-85.635685 ,-85.3630675,-85.09045  ,-84.8178325,-84.545215 ,-84.2725975,-83.99998  ,-83.7273625,-83.454745 ,-83.1821275,-82.90951  ,-82.6368925,-82.364275 ,-82.0916575,-81.81904  ,-81.5464225,-81.273805 ,-81.0011875,-80.72857  ,-80.4559525,-80.183335 ,-79.9107175,-79.6381   ,-79.3654825,-79.092865 ,-78.8202475,-78.54763  ,-78.2750125,-78.002395 ,-77.7297775,-77.45716  
rsrp_dl:0.06002856,0.06290802,0.06512723,0.09509566,0.17717871,0.38172149,0.0749761 ,0.        ,0.        ,0.        ,0.        ,0.        ,0.        ,0.        ,0.0352505 ,0.10791569,0.03915704,0.06885036,0.0744809 ,0.05398536,0.17626168,0.34025355,0.16892547,0.14025005,0.23926141,0.22861473,0.23411689,0.11237244,0.10711788,0.08504505,0.12405536,0.12214794,0.06337571,0.06371501,0.05750674,0.03350815,0.02906974,0.01531434,0.01528683,0.01526849
rsrp_dl_bin_edges:-85.35156  ,-85.0789425,-84.806325 ,-84.5337075,-84.26109  ,-83.9884725,-83.715855 ,-83.4432375,-83.17062  ,-82.8980025,-82.625385 ,-82.3527675,-82.08015  ,-81.8075325,-81.534915 ,-81.2622975,-80.98968  ,-80.7170625,-80.444445 ,-80.1718275,-79.89921  ,-79.6265925,-79.353975 ,-79.0813575,-78.80874  ,-78.5361225,-78.263505 ,-77.9908875,-77.71827  ,-77.4456525,-77.173035 ,-76.9004175,-76.6278   ,-76.3551825,-76.082565 ,-75.8099475,-75.53733  ,-75.2647125,-74.992095 ,-74.7194775,-74.44686  
cqi_ul: 0., 0., 0., 0., 0., 0., 0., 0., 0., 0., 0., 0., 0., 0., 0., 0., 0., 0., 0., 0.,40., 0., 0., 0., 0., 0., 0., 0., 0., 0., 0., 0., 0., 0., 0., 0., 0., 0., 0., 0.
cqi_ul_bin_edges:14.5  ,14.525,14.55 ,14.575,14.6  ,14.625,14.65 ,14.675,14.7  ,14.725,14.75 ,14.775,14.8  ,14.825,14.85 ,14.875,14.9  ,14.925,14.95 ,14.975,15.   ,15.025,15.05 ,15.075,15.1  ,15.125,15.15 ,15.175,15.2  ,15.225,15.25 ,15.275,15.3  ,15.325,15.35 ,15.375,15.4  ,15.425,15.45 ,15.475,15.5  
cqi_dl: 0., 0., 0., 0., 0., 0., 0., 0., 0., 0., 0., 0., 0., 0., 0., 0., 0., 0., 0., 0.,40., 0., 0., 0., 0., 0., 0., 0., 0., 0., 0., 0., 0., 0., 0., 0., 0., 0., 0., 0.
cqi_dl_bin_edges:14.5  ,14.525,14.55 ,14.575,14.6  ,14.625,14.65 ,14.675,14.7  ,14.725,14.75 ,14.775,14.8  ,14.825,14.85 ,14.875,14.9  ,14.925,14.95 ,14.975,15.   ,15.025,15.05 ,15.075,15.1  ,15.125,15.15 ,15.175,15.2  ,15.225,15.25 ,15.275,15.3  ,15.325,15.35 ,15.375,15.4  ,15.425,15.45 ,15.475,15.5  
mcs_ul: 0., 0., 0., 0., 0., 0., 0., 0., 0., 0., 0., 0., 0., 0., 0., 0., 0., 0., 0., 0.,40., 0., 0., 0., 0., 0., 0., 0., 0., 0., 0., 0., 0., 0., 0., 0., 0., 0., 0., 0.
mcs_ul_bin_edges:27.5  ,27.525,27.55 ,27.575,27.6  ,27.625,27.65 ,27.675,27.7  ,27.725,27.75 ,27.775,27.8  ,27.825,27.85 ,27.875,27.9  ,27.925,27.95 ,27.975,28.   ,28.025,28.05 ,28.075,28.1  ,28.125,28.15 ,28.175,28.2  ,28.225,28.25 ,28.275,28.3  ,28.325,28.35 ,28.375,28.4  ,28.425,28.45 ,28.475,28.5  
mcs_dl: 0., 0., 0., 0., 0., 0., 0., 0., 0., 0., 0., 0., 0., 0., 0., 0., 0., 0., 0., 0.,40., 0., 0., 0., 0., 0., 0., 0., 0., 0., 0., 0., 0., 0., 0., 0., 0., 0., 0., 0.
mcs_dl_bin_edges:27.5  ,27.525,27.55 ,27.575,27.6  ,27.625,27.65 ,27.675,27.7  ,27.725,27.75 ,27.775,27.8  ,27.825,27.85 ,27.875,27.9  ,27.925,27.95 ,27.975,28.   ,28.025,28.05 ,28.075,28.1  ,28.125,28.15 ,28.175,28.2  ,28.225,28.25 ,28.275,28.3  ,28.325,28.35 ,28.375,28.4  ,28.425,28.45 ,28.475,28.5  
eff_ul: 0., 0., 0., 0., 0., 0., 0., 0., 0., 0., 0., 0., 0., 0., 0., 0., 0., 0., 0., 0.,40., 0., 0., 0., 0., 0., 0., 0., 0., 0., 0., 0., 0., 0., 0., 0., 0., 0., 0., 0.
eff_ul_bin_edges:5.0545974,5.0795974,5.1045974,5.1295974,5.1545974,5.1795974,5.2045974,5.2295974,5.2545974,5.2795974,5.3045974,5.3295974,5.3545974,5.3795974,5.4045974,5.4295974,5.4545974,5.4795974,5.5045974,5.5295974,5.5545974,5.5795974,5.6045974,5.6295974,5.6545974,5.6795974,5.7045974,5.7295974,5.7545974,5.7795974,5.8045974,5.8295974,5.8545974,5.8795974,5.9045974,5.9295974,5.9545974,5.9795974,6.0045974,6.0295974,6.0545974
eff_dl: 0., 0., 0., 0., 0., 0., 0., 0., 0., 0., 0., 0., 0., 0., 0., 0., 0., 0., 0., 0.,40., 0., 0., 0., 0., 0., 0., 0., 0., 0., 0., 0., 0., 0., 0., 0., 0., 0., 0., 0.
eff_dl_bin_edges:5.0545974,5.0795974,5.1045974,5.1295974,5.1545974,5.1795974,5.2045974,5.2295974,5.2545974,5.2795974,5.3045974,5.3295974,5.3545974,5.3795974,5.4045974,5.4295974,5.4545974,5.4795974,5.5045974,5.5295974,5.5545974,5.5795974,5.6045974,5.6295974,5.6545974,5.6795974,5.7045974,5.7295974,5.7545974,5.7795974,5.8045974,5.8295974,5.8545974,5.8795974,5.9045974,5.9295974,5.9545974,5.9795974,6.0045974,6.0295974,6.0545974
rul: 0., 0., 0., 0., 0., 0., 0., 0., 0., 0., 0., 0., 0., 0., 0., 0., 0., 0., 0., 0.,40., 0., 0., 0., 0., 0., 0., 0., 0., 0., 0., 0., 0., 0., 0., 0., 0., 0., 0., 0.
rul_bin_edges:-0.5  ,-0.475,-0.45 ,-0.425,-0.4  ,-0.375,-0.35 ,-0.325,-0.3  ,-0.275,-0.25 ,-0.225,-0.2  ,-0.175,-0.15 ,-0.125,-0.1  ,-0.075,-0.05 ,-0.025, 0.   , 0.025, 0.05 , 0.075, 0.1  , 0.125, 0.15 , 0.175, 0.2  , 0.225, 0.25 , 0.275, 0.3  , 0.325, 0.35 , 0.375, 0.4  , 0.425, 0.45 , 0.475, 0.5  
rdl:0.39249294,0.        ,0.        ,0.        ,0.        ,0.        ,0.        ,0.        ,0.        ,0.        ,0.        ,0.        ,0.        ,0.        ,0.        ,0.        ,0.        ,0.        ,0.        ,0.0872633 ,0.        ,0.        ,0.        ,0.        ,0.        ,0.        ,0.        ,0.        ,0.        ,0.        ,0.        ,0.        ,0.        ,0.        ,0.        ,0.        ,0.        ,0.        ,0.        ,0.0186683 
rdl_bin_edges: 0.        , 2.00632175, 4.0126435 , 6.01896525, 8.025287  ,10.03160875,12.0379305 ,14.04425225,16.050574  ,18.05689575,20.0632175 ,22.06953925,24.075861  ,26.08218275,28.0885045 ,30.09482625,32.101148  ,34.10746975,36.1137915 ,38.12011325,40.126435  ,42.13275675,44.1390785 ,46.14540025,48.151722  ,50.15804375,52.1643655 ,54.17068725,56.177009  ,58.18333075,60.1896525 ,62.19597425,64.202296  ,66.20861775,68.2149395 ,70.22126125,72.227583  ,74.23390475,76.2402265 ,78.24654825,80.25287   
lul: 0., 0., 0., 0., 0., 0., 0., 0., 0., 0., 0., 0., 0., 0., 0., 0., 0., 0., 0., 0.,40., 0., 0., 0., 0., 0., 0., 0., 0., 0., 0., 0., 0., 0., 0., 0., 0., 0., 0., 0.
lul_bin_edges:-0.5  ,-0.475,-0.45 ,-0.425,-0.4  ,-0.375,-0.35 ,-0.325,-0.3  ,-0.275,-0.25 ,-0.225,-0.2  ,-0.175,-0.15 ,-0.125,-0.1  ,-0.075,-0.05 ,-0.025, 0.   , 0.025, 0.05 , 0.075, 0.1  , 0.125, 0.15 , 0.175, 0.2  , 0.225, 0.25 , 0.275, 0.3  , 0.325, 0.35 , 0.375, 0.4  , 0.425, 0.45 , 0.475, 0.5  
ldl:7.82394082e+03,0.00000000e+00,0.00000000e+00,0.00000000e+00,0.00000000e+00,0.00000000e+00,0.00000000e+00,0.00000000e+00,0.00000000e+00,0.00000000e+00,0.00000000e+00,0.00000000e+00,0.00000000e+00,0.00000000e+00,0.00000000e+00,0.00000000e+00,0.00000000e+00,0.00000000e+00,0.00000000e+00,0.00000000e+00,0.00000000e+00,0.00000000e+00,0.00000000e+00,0.00000000e+00,0.00000000e+00,0.00000000e+00,0.00000000e+00,0.00000000e+00,0.00000000e+00,1.39359987e+03,9.65728497e+01,3.47741743e-01,9.93547836e-02,9.93547836e-02,3.70121408e+02,1.86290219e+00,4.96773918e-02,0.00000000e+00,4.47096526e-01,2.48436636e+02
ldl_bin_edges:0.        ,0.00010065,0.0002013 ,0.00030195,0.00040259,0.00050324,0.00060389,0.00070454,0.00080519,0.00090584,0.00100648,0.00110713,0.00120778,0.00130843,0.00140908,0.00150973,0.00161037,0.00171102,0.00181167,0.00191232,0.00201297,0.00211362,0.00221426,0.00231491,0.00241556,0.00251621,0.00261686,0.00271751,0.00281816,0.0029188 ,0.00301945,0.0031201 ,0.00322075,0.0033214 ,0.00342205,0.00352269,0.00362334,0.00372399,0.00382464,0.00392529,0.00402594
ilul: 0., 0., 0., 0., 0., 0., 0., 0., 0., 0., 0., 0., 0., 0., 0., 0., 0., 0., 0., 0.,40., 0., 0., 0., 0., 0., 0., 0., 0., 0., 0., 0., 0., 0., 0., 0., 0., 0., 0., 0.
ilul_bin_edges:-0.5  ,-0.475,-0.45 ,-0.425,-0.4  ,-0.375,-0.35 ,-0.325,-0.3  ,-0.275,-0.25 ,-0.225,-0.2  ,-0.175,-0.15 ,-0.125,-0.1  ,-0.075,-0.05 ,-0.025, 0.   , 0.025, 0.05 , 0.075, 0.1  , 0.125, 0.15 , 0.175, 0.2  , 0.225, 0.25 , 0.275, 0.3  , 0.325, 0.35 , 0.375, 0.4  , 0.425, 0.45 , 0.475, 0.5  
ildl:9.69891278e+01,3.69485910e-03,2.46323940e-03,3.07904925e-03,3.38695418e-03,2.77114433e-03,3.38695418e-03,3.38695418e-03,3.38695418e-03,3.07904925e-03,3.69485910e-03,3.38695418e-03,3.07904925e-03,2.77114433e-03,3.38695418e-03,2.77114433e-03,3.69485910e-03,2.46323940e-03,3.38695418e-03,3.07904925e-03,3.38695418e-03,4.00276403e-03,3.07904925e-03,2.46323940e-03,3.07904925e-03,3.07904925e-03,3.69485910e-03,3.07904925e-03,3.69485910e-03,2.77114433e-03,2.77114433e-03,3.38695418e-03,1.16049366e+00,3.49533671e+00,3.43621897e+00,3.71179387e+00,3.70194092e+00,3.79123335e+00,3.77676181e+00,3.00145721e+00
ildl_bin_edges:0.        ,0.00811931,0.01623862,0.02435792,0.03247723,0.04059654,0.04871585,0.05683516,0.06495447,0.07307377,0.08119308,0.08931239,0.0974317 ,0.10555101,0.11367032,0.12178962,0.12990893,0.13802824,0.14614755,0.15426686,0.16238616,0.17050547,0.17862478,0.18674409,0.1948634 ,0.20298271,0.21110201,0.21922132,0.22734063,0.23545994,0.24357925,0.25169856,0.25981786,0.26793717,0.27605648,0.28417579,0.2922951 ,0.30041441,0.30853371,0.31665302,0.32477233
eul: 0., 0., 0., 0., 0., 0., 0., 0., 0., 0., 0., 0., 0., 0., 0., 0., 0., 0., 0., 0.,40., 0., 0., 0., 0., 0., 0., 0., 0., 0., 0., 0., 0., 0., 0., 0., 0., 0., 0., 0.
eul_bin_edges:-0.5  ,-0.475,-0.45 ,-0.425,-0.4  ,-0.375,-0.35 ,-0.325,-0.3  ,-0.275,-0.25 ,-0.225,-0.2  ,-0.175,-0.15 ,-0.125,-0.1  ,-0.075,-0.05 ,-0.025, 0.   , 0.025, 0.05 , 0.075, 0.1  , 0.125, 0.15 , 0.175, 0.2  , 0.225, 0.25 , 0.275, 0.3  , 0.325, 0.35 , 0.375, 0.4  , 0.425, 0.45 , 0.475, 0.5  
edl:2.56638800e-02,0.00000000e+00,0.00000000e+00,0.00000000e+00,0.00000000e+00,0.00000000e+00,0.00000000e+00,0.00000000e+00,0.00000000e+00,1.89751423e-06,5.06003795e-06,2.53001898e-06,0.00000000e+00,0.00000000e+00,0.00000000e+00,0.00000000e+00,0.00000000e+00,0.00000000e+00,0.00000000e+00,5.06003795e-06,4.42753321e-06,2.02401518e-05,4.74378558e-05,3.92152941e-05,1.56582874e-02,2.10242679e-01,1.20808406e-03,4.55403416e-05,3.66852751e-05,1.07525806e-05,1.89751423e-06,2.53001898e-06,0.00000000e+00,0.00000000e+00,0.00000000e+00,0.00000000e+00,0.00000000e+00,0.00000000e+00,1.89751423e-06,6.32504744e-06
edl_bin_edges:  0.    ,  3.9525,  7.905 , 11.8575, 15.81  , 19.7625, 23.715 , 27.6675, 31.62  , 35.5725, 39.525 , 43.4775, 47.43  , 51.3825, 55.335 , 59.2875, 63.24  , 67.1925, 71.145 , 75.0975, 79.05  , 83.0025, 86.955 , 90.9075, 94.86  , 98.8125,102.765 ,106.7175,110.67  ,114.6225,118.575 ,122.5275,126.48  ,130.4325,134.385 ,138.3375,142.29  ,146.2425,150.195 ,154.1475,158.1   
gul: 0., 0., 0., 0., 0., 0., 0., 0., 0., 0., 0., 0., 0., 0., 0., 0., 0., 0., 0., 0.,40., 0., 0., 0., 0., 0., 0., 0., 0., 0., 0., 0., 0., 0., 0., 0., 0., 0., 0., 0.
gul_bin_edges:-0.5  ,-0.475,-0.45 ,-0.425,-0.4  ,-0.375,-0.35 ,-0.325,-0.3  ,-0.275,-0.25 ,-0.225,-0.2  ,-0.175,-0.15 ,-0.125,-0.1  ,-0.075,-0.05 ,-0.025, 0.   , 0.025, 0.05 , 0.075, 0.1  , 0.125, 0.15 , 0.175, 0.2  , 0.225, 0.25 , 0.275, 0.3  , 0.325, 0.35 , 0.375, 0.4  , 0.425, 0.45 , 0.475, 0.5  
gdl:2.28938475e-01,0.00000000e+00,0.00000000e+00,0.00000000e+00,0.00000000e+00,0.00000000e+00,0.00000000e+00,0.00000000e+00,0.00000000e+00,0.00000000e+00,6.36936306e-07,0.00000000e+00,0.00000000e+00,0.00000000e+00,0.00000000e+00,0.00000000e+00,0.00000000e+00,0.00000000e+00,0.00000000e+00,0.00000000e+00,3.18468153e-06,1.91080892e-06,3.18468153e-06,3.18468153e-06,1.23438256e-03,2.34112309e-02,1.16431957e-03,5.73242675e-06,6.36936306e-06,1.27387261e-06,1.27387261e-06,0.00000000e+00,0.00000000e+00,0.00000000e+00,0.00000000e+00,0.00000000e+00,0.00000000e+00,0.00000000e+00,0.00000000e+00,1.91080892e-06
gdl_bin_edges:  0.   ,  3.925,  7.85 , 11.775, 15.7  , 19.625, 23.55 , 27.475, 31.4  , 35.325, 39.25 , 43.175, 47.1  , 51.025, 54.95 , 58.875, 62.8  , 66.725, 70.65 , 74.575, 78.5  , 82.425, 86.35 , 90.275, 94.2  , 98.125,102.05 ,105.975,109.9  ,113.825,117.75 ,121.675,125.6  ,129.525,133.45 ,137.375,141.3  ,145.225,149.15 ,153.075,157.   
ri: 0., 0., 0., 0., 0., 0., 0., 0., 0., 0., 0., 0., 0., 0., 0., 0., 0., 0., 0., 0.,40., 0., 0., 0., 0., 0., 0., 0., 0., 0., 0., 0., 0., 0., 0., 0., 0., 0., 0., 0.
ri_bin_edges:0.5  ,0.525,0.55 ,0.575,0.6  ,0.625,0.65 ,0.675,0.7  ,0.725,0.75 ,0.775,0.8  ,0.825,0.85 ,0.875,0.9  ,0.925,0.95 ,0.975,1.   ,1.025,1.05 ,1.075,1.1  ,1.125,1.15 ,1.175,1.2  ,1.225,1.25 ,1.275,1.3  ,1.325,1.35 ,1.375,1.4  ,1.425,1.45 ,1.475,1.5  
