period:1.0
ue_log_freq:1000
mac_log_freq:1000
mimo_layers:1
frequency:28000000000.0
bandwidth:300000000.0
ue_speed:0.27778
max_distance:10.0
shannon_cfg_bandwidth_mhz:300.0
shannon_cfg_mimo_layers:1
shannon_cfg_bw_efficiency:0.67
shannon_cfg_sinr_offset_db:0.0
shannon_cfg_ul_divisor:2.0
shannon_cfg_sinr_sample_rate:1000
n_ue:20
sinr_period:16.304296531427745
sinr_rate:61.33352629304954
ul_fairness:0.9999931915321523
dl_fairness:0.9499947288661255
ul_agg_throughput:253.81751729076134
dl_agg_throughput:475.46684895152475
ul_ave_throughput:12.690875864538068
dl_ave_throughput:23.773342447576237
ul_se:0.8460583909692045
dl_se:1.5848894965050824
ul_ase:0.0026930875013424856
dl_ase:0.005044859952464181
ul_gr:21.62740683884681, 21.582441505423503, 21.619681506098278, 21.611819531368614, 21.641478432497173, 21.610711213077145, 21.539282882639718, 21.617189055146007, 21.59876769176268, 21.672440493260684, 21.590713406096594, 21.61467130012315, 21.57667723814504, 21.577580593464802, 21.610933888898263, 21.653556065385718, 21.627093068371597, 21.575080551291354, 21.648340896438874, 21.6060400816478
dl_gr:0.1799195330555509, 42.443820745964004, 42.46871742100912, 42.420705477487815, 42.35838661245972, 42.502672953322424, 42.379356095750595, 42.48701985526072, 42.44444828691442, 42.491959209838214, 42.448334992155736, 42.48729820003712, 42.36025911368275, 42.45527083790213, 42.40109482278716, 42.42876482396802, 42.468859123804386, 42.387407851009634, 42.48111388518699, 42.43071576780986
ul_tr:21.434944600954804, 21.391583282444035, 21.427716682130264, 21.420490699067123, 21.449397341385655, 21.420490053813324, 21.348220931527184, 21.427717327384066, 21.41016422139375, 21.483065607382038, 21.401580829298737, 21.423261359503364, 21.384356137924055, 21.384356654127092, 21.420490182864086, 21.463851372324093, 21.434944342853285, 21.384356137924055, 21.45662513115943, 21.41326355454714
dl_tr:0.0, 42.23861463250054, 42.26569066752138, 42.21817231296074, 42.1524266104354, 42.29752641002715, 42.175684252433406, 42.28398839251674, 42.24138543329003, 42.2955375033317, 42.24138543329003, 42.28199948582129, 42.15738652743804, 42.25215265001096, 42.198000579969296, 42.22507661499013, 42.26569066752138, 42.18446256245888, 42.279228685031796, 42.22507661499013
ul_er:231.41138598829266, 231.45635132171597, 231.41911132104119, 231.42697329577084, 231.39731439464228, 231.4280816140623, 231.49950994449972, 231.42160377199346, 231.4439902832369, 231.36635233387878, 231.44807942104285, 231.42412152701633, 231.4621155889944, 231.46121223367464, 231.4278589382412, 231.38523676175373, 231.41169975876784, 231.46371227584808, 231.3904519307006, 231.43275274549165
dl_er:252.85887329408388, 210.59497208117546, 210.57007540613034, 210.61808734965166, 210.68040621467972, 210.53611987381703, 210.65943673138887, 210.55177297187876, 210.59434454022505, 210.55079876516137, 210.59442298284387, 210.55149462710236, 210.67853371345672, 210.58352198923737, 210.6376980043523, 210.61002800317146, 210.56993370333507, 210.6513849761298, 210.56164408981257, 210.6080770593296
ul_er_ratio:0.9152254076576806, 0.9153974371357507, 0.9152541605866557, 0.9152829521774265, 0.9151683753602505, 0.915283325855802, 0.9155688648754599, 0.9152549936293389, 0.9153260334466774, 0.9150361278965936, 0.9153584750396365, 0.9152719671648003, 0.9154255307900053, 0.9154252267572218, 0.915283250781264, 0.915112007993707, 0.9152255137931022, 0.9154260648614895, 0.9151399123118596, 0.9153110503068509
dl_er_ratio:1.0, 0.8329390680189412, 0.832833418610525, 0.833021686172319, 0.8332794592401995, 0.8327061012973654, 0.833188980675149, 0.8327610454931824, 0.8329295252782711, 0.8327223636002429, 0.8329295771120903, 0.8327674122680251, 0.8332618779512353, 0.832886902885452, 0.833101097605107, 0.8329936158241966, 0.8328333249213071, 0.8331547406226858, 0.8327832512954438, 0.8329923271479609
ul_er_perc:91.52254076576806, 91.53974371357508, 91.52541605866557, 91.52829521774265, 91.51683753602505, 91.5283325855802, 91.55688648754598, 91.5254993629339, 91.53260334466773, 91.50361278965936, 91.53584750396365, 91.52719671648003, 91.54255307900053, 91.54252267572218, 91.5283250781264, 91.5112007993707, 91.52255137931023, 91.54260648614894, 91.51399123118597, 91.53110503068508
dl_er_perc:100.0, 83.29390680189412, 83.28334186105249, 83.3021686172319, 83.32794592401996, 83.27061012973654, 83.31889806751491, 83.27610454931825, 83.29295252782711, 83.2722363600243, 83.29295771120903, 83.27674122680251, 83.32618779512353, 83.2886902885452, 83.3101097605107, 83.29936158241966, 83.28333249213071, 83.31547406226858, 83.27832512954438, 83.29923271479609
ul_l:0.00017073761635486427, 0.00016926670412625044, 0.0001689428130214747, 0.00016898086263769633, 0.000169699918105906, 0.00016897216550380403, 0.00016867706254828862, 0.00016965554989456635, 0.00016997478570657398, 0.0001706527124479158, 0.00017107781896961825, 0.00017023937770036605, 0.00017020989203427858, 0.00017038460535434135, 0.00016975001013512376, 0.0001697717867086152, 0.00016999585793451305, 0.00016981890718804297, 0.0001698153903405928, 0.0001688375179776987
dl_l:0.0, 0.00017904864332731656, 0.00017940495334266773, 0.000178814473046104, 0.0001792405390391201, 0.00017979353323774018, 0.00017870156730207998, 0.00017976696027766998, 0.00018082041942509152, 0.0001809789222085393, 0.00017974054979841088, 0.00017899626047672868, 0.0001775273681860355, 0.00017939343057237807, 0.00017874651399989877, 0.00017872185861603606, 0.0001799764309249481, 0.00017829365315373067, 0.00017870490942660975, 0.00017824046239815113
ul_il:0.04297296313918926, 0.042937508734341, 0.042840561697666965, 0.04294609928343933, 0.04286048718655847, 0.04285551893346717, 0.04265896893221882, 0.04288476508627002, 0.04287439088159382, 0.0430651088677896, 0.042892671328868565, 0.04288809172739081, 0.042858029924577, 0.04291083903935626, 0.042896470488250474, 0.04294467663843857, 0.04295088713080517, 0.04285937012172945, 0.042978040272457364, 0.042919951899424755
dl_il:0.0, 0.02377305938716915, 0.02376540365360414, 0.023750117032271124, 0.023730365945279105, 0.023777107746392485, 0.02373198032929705, 0.023768136494718196, 0.02376151929271749, 0.023783868603265913, 0.023757166188481584, 0.023771647741561094, 0.02375067255785354, 0.02379061007363485, 0.023762647749135443, 0.023754289428819648, 0.023776946204844884, 0.02373365011655055, 0.023769290512238733, 0.02374936276677238
sinr_ul:0.00696159,0.01548015,0.02439423,0.03395681,0.04869202,0.06245029,0.07166067,0.08249649,0.08674948,0.08688924,0.08777953,0.10905425,0.10099272,0.09528899,0.07855797,0.06548873,0.05359071,0.03076043,0.02587152,0.01796793,0.01574989,0.01592879,0.01623487,0.01665555,0.01765067,0.01801125,0.01947178,0.02178066,0.02318248,0.0250609 ,0.02844037,0.03494074,0.03298686,0.03729155,0.03343829,0.033845  ,0.03201271,0.02197493,0.01526631,0.01199446
sinr_ul_bin_edges:50.19142   ,50.79491965,51.3984193 ,52.00191895,52.6054186 ,53.20891825,53.8124179 ,54.41591755,55.0194172 ,55.62291685,56.2264165 ,56.82991615,57.4334158 ,58.03691545,58.6404151 ,59.24391475,59.8474144 ,60.45091405,61.0544137 ,61.65791335,62.261413  ,62.86491265,63.4684123 ,64.07191195,64.6754116 ,65.27891125,65.8824109 ,66.48591055,67.0894102 ,67.69290985,68.2964095 ,68.89990915,69.5034088 ,70.10690845,70.7104081 ,71.31390775,71.9174074 ,72.52090705,73.1244067 ,73.72790635,74.331406  
rsrp_ul:0.00786071,0.0156555 ,0.02578958,0.0348031 ,0.04881634,0.06348452,0.07163273,0.08318749,0.08638787,0.08667397,0.0876122 ,0.10874706,0.10105184,0.09514614,0.07905728,0.06526984,0.05325648,0.03116936,0.0260336 ,0.01768905,0.0157088 ,0.01595563,0.01619404,0.01665966,0.01761753,0.0180635 ,0.01930747,0.02176877,0.02312213,0.02500421,0.02827752,0.034287  ,0.03391255,0.03719006,0.03352126,0.03340767,0.03280602,0.02113626,0.01615057,0.01329659
rsrp_ul_bin_edges:-105.604004 ,-105.0025769,-104.4011498,-103.7997227,-103.1982956,-102.5968685,-101.9954414,-101.3940143,-100.7925872,-100.1911601, -99.589733 , -98.9883059, -98.3868788, -97.7854517, -97.1840246, -96.5825975, -95.9811704, -95.3797433, -94.7783162, -94.1768891, -93.575462 , -92.9740349, -92.3726078, -91.7711807, -91.1697536, -90.5683265, -89.9668994, -89.3654723, -88.7640452, -88.1626181, -87.561191 , -86.9597639, -86.3583368, -85.7569097, -85.1554826, -84.5540555, -83.9526284, -83.3512013, -82.7497742, -82.1483471, -81.54692  
cqi_ul: 0., 0., 0., 0., 0., 0., 0., 0., 0., 0., 0., 0., 0., 0., 0., 0., 0., 0., 0., 0.,40., 0., 0., 0., 0., 0., 0., 0., 0., 0., 0., 0., 0., 0., 0., 0., 0., 0., 0., 0.
cqi_ul_bin_edges:14.5  ,14.525,14.55 ,14.575,14.6  ,14.625,14.65 ,14.675,14.7  ,14.725,14.75 ,14.775,14.8  ,14.825,14.85 ,14.875,14.9  ,14.925,14.95 ,14.975,15.   ,15.025,15.05 ,15.075,15.1  ,15.125,15.15 ,15.175,15.2  ,15.225,15.25 ,15.275,15.3  ,15.325,15.35 ,15.375,15.4  ,15.425,15.45 ,15.475,15.5  
cqi_dl:0.13333333,0.        ,0.        ,0.        ,0.        ,0.        ,0.        ,0.        ,0.        ,0.        ,0.        ,0.        ,0.        ,0.        ,0.        ,0.        ,0.        ,0.        ,0.        ,0.        ,0.        ,0.        ,0.        ,0.        ,0.        ,0.        ,0.        ,0.        ,0.        ,0.        ,0.        ,0.        ,0.        ,0.        ,0.        ,0.        ,0.        ,0.        ,0.        ,2.53333333
cqi_dl_bin_edges: 0.   , 0.375, 0.75 , 1.125, 1.5  , 1.875, 2.25 , 2.625, 3.   , 3.375, 3.75 , 4.125, 4.5  , 4.875, 5.25 , 5.625, 6.   , 6.375, 6.75 , 7.125, 7.5  , 7.875, 8.25 , 8.625, 9.   , 9.375, 9.75 ,10.125,10.5  ,10.875,11.25 ,11.625,12.   ,12.375,12.75 ,13.125,13.5  ,13.875,14.25 ,14.625,15.   
mcs_ul: 0., 0., 0., 0., 0., 0., 0., 0., 0., 0., 0., 0., 0., 0., 0., 0., 0., 0., 0., 0.,40., 0., 0., 0., 0., 0., 0., 0., 0., 0., 0., 0., 0., 0., 0., 0., 0., 0., 0., 0.
mcs_ul_bin_edges:27.5  ,27.525,27.55 ,27.575,27.6  ,27.625,27.65 ,27.675,27.7  ,27.725,27.75 ,27.775,27.8  ,27.825,27.85 ,27.875,27.9  ,27.925,27.95 ,27.975,28.   ,28.025,28.05 ,28.075,28.1  ,28.125,28.15 ,28.175,28.2  ,28.225,28.25 ,28.275,28.3  ,28.325,28.35 ,28.375,28.4  ,28.425,28.45 ,28.475,28.5  
mcs_dl:0.07142857,0.        ,0.        ,0.        ,0.        ,0.        ,0.        ,0.        ,0.        ,0.        ,0.        ,0.        ,0.        ,0.        ,0.        ,0.        ,0.        ,0.        ,0.        ,0.        ,0.        ,0.        ,0.        ,0.        ,0.        ,0.        ,0.        ,0.        ,0.        ,0.        ,0.        ,0.        ,0.        ,0.        ,0.        ,0.        ,0.        ,0.        ,0.        ,1.35714286
mcs_dl_bin_edges: 0. , 0.7, 1.4, 2.1, 2.8, 3.5, 4.2, 4.9, 5.6, 6.3, 7. , 7.7, 8.4, 9.1, 9.8,10.5,11.2,11.9,12.6,13.3,14. ,14.7,15.4,16.1,16.8,17.5,18.2,18.9,19.6,20.3,21. ,21.7,22.4,23.1,23.8,24.5,25.2,25.9,26.6,27.3,28. 
eff_ul: 0., 0., 0., 0., 0., 0., 0., 0., 0., 0., 0., 0., 0., 0., 0., 0., 0., 0., 0., 0.,40., 0., 0., 0., 0., 0., 0., 0., 0., 0., 0., 0., 0., 0., 0., 0., 0., 0., 0., 0.
eff_ul_bin_edges:5.054651,5.079651,5.104651,5.129651,5.154651,5.179651,5.204651,5.229651,5.254651,5.279651,5.304651,5.329651,5.354651,5.379651,5.404651,5.429651,5.454651,5.479651,5.504651,5.529651,5.554651,5.579651,5.604651,5.629651,5.654651,5.679651,5.704651,5.729651,5.754651,5.779651,5.804651,5.829651,5.854651,5.879651,5.904651,5.929651,5.954651,5.979651,6.004651,6.029651,6.054651
eff_dl:0.36005862,0.        ,0.        ,0.        ,0.        ,0.        ,0.        ,0.        ,0.        ,0.        ,0.        ,0.        ,0.        ,0.        ,0.        ,0.        ,0.        ,0.        ,0.        ,0.        ,0.        ,0.        ,0.        ,0.        ,0.        ,0.        ,0.        ,0.        ,0.        ,0.        ,0.        ,0.        ,0.        ,0.        ,0.        ,0.        ,0.        ,0.        ,0.        ,6.84111387
eff_dl_bin_edges:0.        ,0.13886627,0.27773255,0.41659882,0.5554651 ,0.69433137,0.83319765,0.97206392,1.1109302 ,1.24979647,1.38866275,1.52752902,1.6663953 ,1.80526157,1.94412785,2.08299412,2.2218604 ,2.36072667,2.49959295,2.63845922,2.7773255 ,2.91619177,3.05505805,3.19392432,3.3327906 ,3.47165687,3.61052315,3.74938942,3.8882557 ,4.02712197,4.16598825,4.30485452,4.4437208 ,4.58258707,4.72145335,4.86031962,4.9991859 ,5.13805217,5.27691845,5.41578472,5.554651  
rul:4.43567135e-02,0.00000000e+00,0.00000000e+00,0.00000000e+00,0.00000000e+00,0.00000000e+00,0.00000000e+00,7.87555025e-08,0.00000000e+00,0.00000000e+00,0.00000000e+00,3.93777512e-08,0.00000000e+00,3.93777512e-08,0.00000000e+00,0.00000000e+00,0.00000000e+00,0.00000000e+00,0.00000000e+00,0.00000000e+00,2.32312981e-03,0.00000000e+00,0.00000000e+00,0.00000000e+00,0.00000000e+00,0.00000000e+00,0.00000000e+00,0.00000000e+00,0.00000000e+00,0.00000000e+00,0.00000000e+00,0.00000000e+00,0.00000000e+00,0.00000000e+00,0.00000000e+00,0.00000000e+00,0.00000000e+00,0.00000000e+00,0.00000000e+00,5.47350742e-06
rul_bin_edges:  0.        , 21.41993875, 42.8398775 , 64.25981625, 85.679755  ,107.09969375,128.5196325 ,149.93957125,171.35951   ,192.77944875,214.1993875 ,235.61932625,257.039265  ,278.45920375,299.8791425 ,321.29908125,342.71902   ,364.13895875,385.5588975 ,406.97883625,428.398775  ,449.81871375,471.2386525 ,492.65859125,514.07853   ,535.49846875,556.9184075 ,578.33834625,599.758285  ,621.17822375,642.5981625 ,664.01810125,685.43804   ,706.85797875,728.2779175 ,749.69785625,771.117795  ,792.53773375,813.9576725 ,835.37761125,856.79755   
rdl:4.73506684e-02,0.00000000e+00,0.00000000e+00,0.00000000e+00,4.20410144e-08,0.00000000e+00,0.00000000e+00,0.00000000e+00,1.68164058e-07,0.00000000e+00,0.00000000e+00,0.00000000e+00,0.00000000e+00,0.00000000e+00,1.26123043e-07,0.00000000e+00,0.00000000e+00,0.00000000e+00,0.00000000e+00,4.20410144e-08,4.20410144e-08,0.00000000e+00,0.00000000e+00,0.00000000e+00,0.00000000e+00,0.00000000e+00,0.00000000e+00,0.00000000e+00,0.00000000e+00,0.00000000e+00,0.00000000e+00,0.00000000e+00,0.00000000e+00,0.00000000e+00,0.00000000e+00,0.00000000e+00,0.00000000e+00,0.00000000e+00,0.00000000e+00,2.49189705e-03
rdl_bin_edges:  0.       , 20.0630035, 40.126007 , 60.1890105, 80.252014 ,100.3150175,120.378021 ,140.4410245,160.504028 ,180.5670315,200.630035 ,220.6930385,240.756042 ,260.8190455,280.882049 ,300.9450525,321.008056 ,341.0710595,361.134063 ,381.1970665,401.26007  ,421.3230735,441.386077 ,461.4490805,481.512084 ,501.5750875,521.638091 ,541.7010945,561.764098 ,581.8271015,601.890105 ,621.9531085,642.016112 ,662.0791155,682.142119 ,702.2051225,722.268126 ,742.3311295,762.394133 ,782.4571365,802.52014  
lul:3.09208873e+03,0.00000000e+00,0.00000000e+00,0.00000000e+00,0.00000000e+00,0.00000000e+00,0.00000000e+00,0.00000000e+00,0.00000000e+00,8.92127361e+00,9.02997590e+01,3.67583923e+01,1.73182508e+01,4.83395779e+00,3.31322377e+00,6.09391613e-01,2.14110567e-01,5.49001453e-02,5.49001453e-03,2.74500727e-03,0.00000000e+00,0.00000000e+00,0.00000000e+00,0.00000000e+00,0.00000000e+00,0.00000000e+00,0.00000000e+00,0.00000000e+00,0.00000000e+00,0.00000000e+00,0.00000000e+00,2.74500727e-03,0.00000000e+00,0.00000000e+00,0.00000000e+00,0.00000000e+00,0.00000000e+00,0.00000000e+00,0.00000000e+00,2.74500727e-03
lul_bin_edges:0.        ,0.00030727,0.00061455,0.00092182,0.0012291 ,0.00153637,0.00184364,0.00215092,0.00245819,0.00276546,0.00307274,0.00338001,0.00368729,0.00399456,0.00430183,0.00460911,0.00491638,0.00522366,0.00553093,0.0058382 ,0.00614548,0.00645275,0.00676003,0.0070673 ,0.00737457,0.00768185,0.00798912,0.00829639,0.00860367,0.00891094,0.00921822,0.00952549,0.00983276,0.01014004,0.01044731,0.01075459,0.01106186,0.01136913,0.01167641,0.01198368,0.01229095
ldl:3.09169345e+03,0.00000000e+00,0.00000000e+00,0.00000000e+00,0.00000000e+00,0.00000000e+00,0.00000000e+00,0.00000000e+00,0.00000000e+00,9.11616913e+00,9.04452444e+01,3.67995674e+01,1.70163000e+01,4.77631264e+00,3.57674447e+00,6.86251816e-01,2.36070625e-01,6.58801744e-02,2.74500727e-03,2.74500727e-03,0.00000000e+00,2.74500727e-03,0.00000000e+00,0.00000000e+00,0.00000000e+00,0.00000000e+00,0.00000000e+00,0.00000000e+00,0.00000000e+00,0.00000000e+00,0.00000000e+00,2.74500727e-03,0.00000000e+00,0.00000000e+00,0.00000000e+00,0.00000000e+00,0.00000000e+00,0.00000000e+00,0.00000000e+00,2.74500727e-03
ldl_bin_edges:0.        ,0.00030727,0.00061455,0.00092182,0.0012291 ,0.00153637,0.00184364,0.00215092,0.00245819,0.00276546,0.00307274,0.00338001,0.00368729,0.00399456,0.00430183,0.00460911,0.00491638,0.00522366,0.00553093,0.0058382 ,0.00614548,0.00645275,0.00676003,0.0070673 ,0.00737457,0.00768185,0.00798912,0.00829639,0.00860367,0.00891094,0.00921822,0.00952549,0.00983276,0.01014004,0.01044731,0.01075459,0.01106186,0.01136913,0.01167641,0.01198368,0.01229095
ilul:3.90974088e+01,6.94165407e-04,6.94165407e-04,6.24748867e-04,6.59457137e-04,5.90040596e-04,6.24748867e-04,6.24748867e-04,5.55332326e-04,5.55332326e-04,5.90040596e-04,5.20624055e-04,5.55332326e-04,5.55332326e-04,5.90040596e-04,6.94165407e-04,6.94165407e-04,8.32998489e-04,5.90040596e-04,9.02415029e-04,1.11066465e-03,1.38833081e-03,1.70070525e-03,2.49899547e-03,3.85261801e-03,4.72032477e-03,8.19115181e-03,1.13148961e-02,1.37791833e-02,1.90895487e-02,2.72459922e-02,3.51941861e-02,4.78279966e-02,7.74341512e-02,3.11541435e-01,5.80565238e-01,3.81409183e-01,3.90120959e-01,9.91268202e-02,2.17620855e-02
ilul_bin_edges:0.        ,0.02430167,0.04860334,0.07290502,0.09720669,0.12150836,0.14581004,0.17011171,0.19441338,0.21871505,0.24301672,0.2673184 ,0.29162007,0.31592174,0.34022341,0.36452509,0.38882676,0.41312843,0.43743011,0.46173178,0.48603345,0.51033512,0.53463679,0.55893847,0.58324014,0.60754181,0.63184348,0.65614516,0.68044683,0.7047485 ,0.72905018,0.75335185,0.77765352,0.80195519,0.82625686,0.85055854,0.87486021,0.89916188,0.92346355,0.94776523,0.9720669 
ildl:7.09531017e+01,8.18947434e-04,7.55951477e-04,7.55951477e-04,6.92955521e-04,7.55951477e-04,8.18947434e-04,6.29959565e-04,7.55951477e-04,5.03967652e-04,8.18947434e-04,5.03967652e-04,8.18947434e-04,6.92955521e-04,1.00793530e-03,1.63789487e-03,2.39384635e-03,2.89781400e-03,2.51983826e-03,3.27578974e-03,3.96874526e-03,4.91368460e-03,5.85862395e-03,8.44145816e-03,9.38639751e-03,1.35441306e-02,1.60639689e-02,2.02846980e-02,2.75292330e-02,3.01750631e-02,9.77697244e-02,6.17927337e-01,7.09775441e-01,3.31421727e-01,3.69597276e-01,6.21266123e-01,5.46552918e-01,1.91318720e-01,6.88545804e-02,1.59379770e-02
ildl_bin_edges:0.        ,0.01338926,0.02677851,0.04016777,0.05355703,0.06694628,0.08033554,0.0937248 ,0.10711405,0.12050331,0.13389256,0.14728182,0.16067108,0.17406033,0.18744959,0.20083885,0.2142281 ,0.22761736,0.24100662,0.25439587,0.26778513,0.28117439,0.29456364,0.3079529 ,0.32134216,0.33473141,0.34812067,0.36150993,0.37489918,0.38828844,0.40167769,0.41506695,0.42845621,0.44184546,0.45523472,0.46862398,0.48201323,0.49540249,0.50879175,0.522181  ,0.53557026
eul:2.35997271e-03,0.00000000e+00,0.00000000e+00,0.00000000e+00,0.00000000e+00,2.79879939e-04,1.68687074e-02,5.07989051e-03,2.32177351e-03,5.24740074e-04,5.42122336e-05,1.38083386e-05,4.71108023e-06,2.97053335e-06,1.27640105e-06,8.58669795e-07,0.00000000e+00,0.00000000e+00,4.17731252e-07,0.00000000e+00,4.40938544e-07,0.00000000e+00,0.00000000e+00,0.00000000e+00,0.00000000e+00,0.00000000e+00,0.00000000e+00,0.00000000e+00,0.00000000e+00,0.00000000e+00,0.00000000e+00,0.00000000e+00,0.00000000e+00,0.00000000e+00,0.00000000e+00,0.00000000e+00,0.00000000e+00,0.00000000e+00,0.00000000e+00,4.40938544e-07
eul_bin_edges:   0.   ,  36.345,  72.69 , 109.035, 145.38 , 181.725, 218.07 , 254.415, 290.76 , 327.105, 363.45 , 399.795, 436.14 , 472.485, 508.83 , 545.175, 581.52 , 617.865, 654.21 , 690.555, 726.9  , 763.245, 799.59 , 835.935, 872.28 , 908.625, 944.97 , 981.315,1017.66 ,1054.005,1090.35 ,1126.695,1163.04 ,1199.385,1235.73 ,1272.075,1308.42 ,1344.765,1381.11 ,1417.455,1453.8  
edl:4.39877970e-03,0.00000000e+00,0.00000000e+00,0.00000000e+00,0.00000000e+00,2.54235881e-04,1.54895676e-02,4.67394856e-03,2.13954985e-03,4.84591459e-04,5.03830304e-05,1.27175959e-05,4.40938544e-06,2.73846043e-06,1.18357188e-06,7.89047920e-07,0.00000000e+00,0.00000000e+00,3.94523960e-07,0.00000000e+00,3.94523960e-07,0.00000000e+00,0.00000000e+00,0.00000000e+00,0.00000000e+00,0.00000000e+00,0.00000000e+00,0.00000000e+00,0.00000000e+00,0.00000000e+00,0.00000000e+00,0.00000000e+00,0.00000000e+00,0.00000000e+00,0.00000000e+00,0.00000000e+00,0.00000000e+00,0.00000000e+00,0.00000000e+00,4.17731252e-07
edl_bin_edges:   0.   ,  36.345,  72.69 , 109.035, 145.38 , 181.725, 218.07 , 254.415, 290.76 , 327.105, 363.45 , 399.795, 436.14 , 472.485, 508.83 , 545.175, 581.52 , 617.865, 654.21 , 690.555, 726.9  , 763.245, 799.59 , 835.935, 872.28 , 908.625, 944.97 , 981.315,1017.66 ,1054.005,1090.35 ,1126.695,1163.04 ,1199.385,1235.73 ,1272.075,1308.42 ,1344.765,1381.11 ,1417.455,1453.8  
gul:2.51550334e-02,0.00000000e+00,0.00000000e+00,4.64145835e-07,4.17731252e-06,3.99165418e-05,1.59085985e-03,4.62474910e-04,2.09213735e-04,4.56951575e-05,4.27014169e-06,1.04432813e-06,3.94523960e-07,2.78487501e-07,1.16036459e-07,6.96218753e-08,0.00000000e+00,0.00000000e+00,4.64145835e-08,0.00000000e+00,2.32072918e-08,0.00000000e+00,0.00000000e+00,0.00000000e+00,0.00000000e+00,0.00000000e+00,0.00000000e+00,0.00000000e+00,0.00000000e+00,0.00000000e+00,0.00000000e+00,0.00000000e+00,0.00000000e+00,0.00000000e+00,0.00000000e+00,0.00000000e+00,0.00000000e+00,0.00000000e+00,0.00000000e+00,2.32072918e-08
gul_bin_edges:   0.   ,  36.345,  72.69 , 109.035, 145.38 , 181.725, 218.07 , 254.415, 290.76 , 327.105, 363.45 , 399.795, 436.14 , 472.485, 508.83 , 545.175, 581.52 , 617.865, 654.21 , 690.555, 726.9  , 763.245, 799.59 , 835.935, 872.28 , 908.625, 944.97 , 981.315,1017.66 ,1054.005,1090.35 ,1126.695,1163.04 ,1199.385,1235.73 ,1272.075,1308.42 ,1344.765,1381.11 ,1417.455,1453.8  
gdl:2.31161799e-02,0.00000000e+00,0.00000000e+00,4.64145835e-07,4.17731252e-06,6.55605993e-05,2.97004599e-03,8.68416858e-04,3.91437390e-04,8.58437723e-05,8.09934483e-06,2.13507084e-06,6.96218753e-07,5.10560419e-07,2.08865626e-07,1.39243751e-07,0.00000000e+00,0.00000000e+00,6.96218753e-08,0.00000000e+00,6.96218753e-08,0.00000000e+00,0.00000000e+00,0.00000000e+00,0.00000000e+00,0.00000000e+00,0.00000000e+00,0.00000000e+00,0.00000000e+00,0.00000000e+00,0.00000000e+00,0.00000000e+00,0.00000000e+00,0.00000000e+00,0.00000000e+00,0.00000000e+00,0.00000000e+00,0.00000000e+00,0.00000000e+00,4.64145835e-08
gdl_bin_edges:   0.   ,  36.345,  72.69 , 109.035, 145.38 , 181.725, 218.07 , 254.415, 290.76 , 327.105, 363.45 , 399.795, 436.14 , 472.485, 508.83 , 545.175, 581.52 , 617.865, 654.21 , 690.555, 726.9  , 763.245, 799.59 , 835.935, 872.28 , 908.625, 944.97 , 981.315,1017.66 ,1054.005,1090.35 ,1126.695,1163.04 ,1199.385,1235.73 ,1272.075,1308.42 ,1344.765,1381.11 ,1417.455,1453.8  
ri: 0., 0., 0., 0., 0., 0., 0., 0., 0., 0., 0., 0., 0., 0., 0., 0., 0., 0., 0., 0.,40., 0., 0., 0., 0., 0., 0., 0., 0., 0., 0., 0., 0., 0., 0., 0., 0., 0., 0., 0.
ri_bin_edges:0.5  ,0.525,0.55 ,0.575,0.6  ,0.625,0.65 ,0.675,0.7  ,0.725,0.75 ,0.775,0.8  ,0.825,0.85 ,0.875,0.9  ,0.925,0.95 ,0.975,1.   ,1.025,1.05 ,1.075,1.1  ,1.125,1.15 ,1.175,1.2  ,1.225,1.25 ,1.275,1.3  ,1.325,1.35 ,1.375,1.4  ,1.425,1.45 ,1.475,1.5  
