period:1
ue_log_freq:1000
mac_log_freq:1000
mimo_layers:2
frequency:2412000000.0
bandwidth:50000000
ue_speed:5.555555555555555
max_distance:1000
shannon_cfg_bandwidth_mhz:50.0
shannon_cfg_mimo_layers:2
shannon_cfg_bw_efficiency:0.67
shannon_cfg_sinr_offset_db:0
shannon_cfg_ul_divisor:2
shannon_cfg_sinr_sample_rate:1000
n_ue:90
sinr_period:9.463597741343282
sinr_rate:105.66805852612856
ul_fairness:0.7390709463860266
dl_fairness:0.6602542761621364
ul_agg_throughput:24.929366180227515
dl_agg_throughput:57.45352309769482
ul_ave_throughput:0.2769929575580835
dl_ave_throughput:0.6383724788632757
ul_se:0.49858732360455027
dl_se:1.1490704619538965
ul_ase:1.587052742292452e-07
dl_ase:3.6576048796170054e-07
ul_gr:0.09599917310509913, 0.09599917310509913, 0.09599917310509913, 0.09599917310509913, 0.09599917310509913, 0.09599917310509913, 0.09599917310509913, 0.09599917310509913, 0.09599917310509913, 0.09599917310509913, 0.09599917310509913, 0.09599917310509913, 0.09599917310509913, 0.09599917310509913, 0.09599917310509913, 0.09599917310509913, 0.09599917310509913, 0.09599917310509913, 0.09599917310509913, 0.09599917310509913, 0.09599917310509913, 0.09599917310509913, 0.09599917310509913, 0.09599917310509913, 0.09599917310509913, 0.09599917310509913, 0.09599917310509913, 0.09599917310509913, 0.09599917310509913, 0.09599917310509913, 0.09599917310509913, 0.09599917310509913, 0.09599917310509913, 0.09599917310509913, 0.09599917310509913, 0.09599917310509913, 0.09599917310509913, 0.09599917310509913, 0.09599917310509913, 0.09599917310509913, 0.09599917310509913, 0.09599917310509913, 0.09599917310509913, 0.09599917310509913, 0.09599917310509913, 0.09599917310509913, 0.09599917310509913, 0.09599917310509913, 0.09599917310509913, 0.09599917310509913, 0.09599917310509913, 0.09599917310509913, 0.09599917310509913, 0.09599917310509913, 0.09599917310509913, 0.09599917310509913, 0.09599917310509913, 0.09599917310509913, 0.09599917310509913, 0.09599917310509913, 0.09599917310509913, 0.09599917310509913, 0.09599917310509913, 0.09599917310509913, 0.09599917310509913, 0.09599917310509913, 0.09599917310509913, 0.09599917310509913, 0.09599917310509913, 0.09599917310509913, 0.09599917310509913, 0.09599917310509913, 0.09599917310509913, 0.09599917310509913, 0.09599917310509913, 0.09599917310509913, 0.09599917310509913, 0.09599917310509913, 0.09599917310509913, 0.09599917310509913, 0.09599917310509913, 0.09599917310509913, 0.09599917310509913, 0.09599917310509913, 0.09599917310509913, 0.09599917310509913, 0.09599917310509913, 0.09599917310509913, 0.09599917310509913, 0.08954722284951791
dl_gr:0.09599917310509913, 0.09599917310509913, 0.09599917310509913, 0.09599917310509913, 0.09599917310509913, 0.09599917310509913, 0.09599917310509913, 0.09599917310509913, 0.09599917310509913, 0.09599917310509913, 0.09599917310509913, 0.09599917310509913, 0.09599917310509913, 0.09599917310509913, 0.09599917310509913, 0.09599917310509913, 0.09599917310509913, 0.09599917310509913, 0.09599917310509913, 0.09599917310509913, 0.09599917310509913, 0.09599917310509913, 0.09599917310509913, 0.09599917310509913, 0.09599917310509913, 0.09599917310509913, 0.09599917310509913, 0.09599917310509913, 0.09599917310509913, 0.09599917310509913, 0.09599917310509913, 0.09599917310509913, 0.09599917310509913, 0.09599917310509913, 0.09599917310509913, 0.09599917310509913, 0.09599917310509913, 0.09599917310509913, 0.09599917310509913, 0.09599917310509913, 0.09599917310509913, 0.09599917310509913, 0.09599917310509913, 0.09599917310509913, 0.09599917310509913, 0.09599917310509913, 0.09599917310509913, 0.09599917310509913, 0.09599917310509913, 0.09599917310509913, 0.09599917310509913, 0.09599917310509913, 0.09599917310509913, 0.09599917310509913, 0.09599917310509913, 0.09599917310509913, 0.09599917310509913, 0.09599917310509913, 0.09599917310509913, 0.09599917310509913, 0.09599917310509913, 0.09599917310509913, 0.09599917310509913, 0.09599917310509913, 0.09599917310509913, 0.09599917310509913, 0.09599917310509913, 0.09599917310509913, 0.09599917310509913, 0.09599917310509913, 0.09599917310509913, 0.09599917310509913, 0.09599917310509913, 0.09599917310509913, 0.09599917310509913, 0.09599917310509913, 0.09599917310509913, 0.09599917310509913, 0.09599917310509913, 0.09599917310509913, 0.09599917310509913, 0.09599917310509913, 0.09599917310509913, 0.09599917310509913, 0.09599917310509913, 0.09599917310509913, 0.09599917310509913, 0.09599917310509913, 0.09599917310509913, 0.09599917310509913
ul_tr:0.09370760826234781, 0.06933371423209807, 0.0786617049339589, 0.03380041137513021, 0.0289445215760452, 0.057857623640752996, 0.09597516883383472, 0.03821172391518404, 0.042762755080041, 0.016609596526120617, 0.01547969422135649, 0.09597516906632443, 0.016024782126015616, 0.009518192359705337, 0.09597516859515338, 0.03340918593422555, 0.09597516875168541, 0.032076705081915985, 0.011264488870176084, 0.020915815360313665, 0.0717488532085816, 0.019479702343313806, 0.0956809874881626, 0.023286996841634655, 0.0959751688969342, 0.08495375176842693, 0.047493425608294934, 0.060156044830334744, 0.09514774259191174, 0.059398046637411356, 0.07491748604576629, 0.09597436593891717, 0.09597436572157732, 0.05462935695129207, 0.01211580757772852, 0.09597436595124206, 0.09597436556599527, 0.07312612468377762, 0.09357154032651394, 0.09597436597125857, 0.030484091271689398, 0.04418134504577462, 0.09597436574832709, 0.09597436591029242, 0.06196656066293614, 0.02401815917653186, 0.09597436565839451, 0.0823380219317089, 0.05055171894468379, 0.0842786213266306, 0.09597436596608362, 0.09574421809927416, 0.021424366020449833, 0.07657533379345172, 0.09305717514956544, 0.09320746431924734, 0.03589161348318764, 0.0937369879791335, 0.0959398081481571, 0.08822223449470422, 0.09597516877402688, 0.09597508381337655, 0.09183789784766794, 0.09597517098770011, 0.09426765810684076, 0.09597516900807494, 0.09525225626658945, 0.0959751686968442, 0.09597516876819359, 0.0788934289319839, 0.0827806853961967, 0.09597516901813319, 0.024881148384180134, 0.08171041764011132, 0.07243554815691536, 0.09247598001366655, 0.07519098925728118, 0.09425996906157448, 0.011433869864059466, 0.09240478943186306, 0.09597517350494579, 0.08962800724352299, 0.07096336305221623, 0.09577915840050501, 0.09588248844087965, 0.08914967035333872, 0.08366007477244355, 0.09597517464711128, 0.09597517440807994, 0.0022157920372830224
dl_tr:0.0959751693817968, 0.09499853812454062, 0.09597517234089717, 0.09420906765992784, 0.09374160653714554, 0.09597517078160181, 0.09597516949819584, 0.09450696584887626, 0.09597517121014826, 0.08297632456329532, 0.0949983367165607, 0.09597516950512079, 0.09455278698231681, 0.09480376873359389, 0.09597516934825544, 0.093111138081066, 0.09597517097327522, 0.08132749553555386, 0.09578466363526138, 0.09493944551744567, 0.09258035000100834, 0.08744601390985074, 0.0959751699492921, 0.06760652000819994, 0.0959751696482196, 0.0959751723346722, 0.09298611291221741, 0.09597517449974582, 0.0959748202540812, 0.09467757805550787, 0.09096972529428088, 0.09597516962256149, 0.0959751694707294, 0.09029396207180775, 0.08722442390979242, 0.09597516950057082, 0.09597516947716268, 0.0959751730658911, 0.09597516953338721, 0.09597516950552078, 0.09586187634279714, 0.09528182514556545, 0.0959751695120124, 0.09597516950552078, 0.09507546140893826, 0.07723380398930842, 0.09597516950552078, 0.09505428693464221, 0.09597517435764703, 0.09258527883018475, 0.09597516950552078, 0.09597517085258454, 0.0939513910643328, 0.09597517419980665, 0.09584316754733711, 0.09597517045398787, 0.09420242038084682, 0.09597517183130141, 0.09597517055935369, 0.09369837663345307, 0.09597517115294872, 0.09597517459647002, 0.09597517124622294, 0.09597517875960199, 0.09462716235392206, 0.0959751695007875, 0.09597517465845284, 0.09597516896369197, 0.09597516776018533, 0.09037165563338638, 0.09597517873758551, 0.09597516954830378, 0.09049471492788394, 0.09170959873011891, 0.09001829722689811, 0.09597517134539713, 0.09468976212635727, 0.09597518096291698, 0.09597517333791385, 0.09478346151902067, 0.09597517255119542, 0.09474422319329838, 0.09597518604322464, 0.09597517924508962, 0.09597517643759636, 0.09597518727803935, 0.0959751708952092, 0.0959751719367672, 0.095975173761802, 0.03308704176168532
ul_er:0.0, 0.0, 0.0, 0.0, 0.0, 0.0, 0.0, 0.0, 0.0, 0.0, 0.0, 0.0, 0.0, 0.0, 0.0, 0.0, 0.0, 0.0, 0.0, 0.0, 0.0, 0.0, 0.0, 0.0, 0.0, 0.0, 0.0, 0.0, 0.0, 0.0, 0.0, 0.0, 0.0, 0.0, 0.0, 0.0, 0.0, 0.0, 0.0, 0.0, 0.0, 0.0, 0.0, 0.0, 0.0, 0.0, 0.0, 0.0, 0.0, 0.0, 0.0, 0.0, 0.0, 0.0, 0.0, 0.0, 0.0, 0.0, 0.0, 0.0, 0.0, 0.0, 0.0, 0.0, 0.0, 0.0, 0.0, 0.0, 0.0, 0.0, 0.0, 0.0, 0.0, 0.0, 0.0, 0.0, 0.0, 0.0, 0.0, 0.0, 0.0, 0.0, 0.0, 0.0, 0.0, 0.0, 0.0, 0.0, 0.0, 0.006451128662377814
dl_er:0.0, 0.0, 0.0, 0.0, 0.0, 0.0, 0.0, 0.0, 0.0, 0.0, 0.0, 0.0, 0.0, 0.0, 0.0, 0.0, 0.0, 0.0, 0.0, 0.0, 0.0, 0.0, 0.0, 0.0, 0.0, 0.0, 0.0, 0.0, 0.0, 0.0, 0.0, 0.0, 0.0, 0.0, 0.0, 0.0, 0.0, 0.0, 0.0, 0.0, 0.0, 0.0, 0.0, 0.0, 0.0, 0.0, 0.0, 0.0, 0.0, 0.0, 0.0, 0.0, 0.0, 0.0, 0.0, 0.0, 0.0, 0.0, 0.0, 0.0, 0.0, 0.0, 0.0, 0.0, 0.0, 0.0, 0.0, 0.0, 0.0, 0.0, 0.0, 0.0, 0.0, 0.0, 0.0, 0.0, 0.0, 0.0, 0.0, 0.0, 0.0, 0.0, 0.0, 0.0, 0.0, 0.0, 0.0, 0.0, 0.0, 0.0
ul_er_ratio:0.0, 0.0, 0.0, 0.0, 0.0, 0.0, 0.0, 0.0, 0.0, 0.0, 0.0, 0.0, 0.0, 0.0, 0.0, 0.0, 0.0, 0.0, 0.0, 0.0, 0.0, 0.0, 0.0, 0.0, 0.0, 0.0, 0.0, 0.0, 0.0, 0.0, 0.0, 0.0, 0.0, 0.0, 0.0, 0.0, 0.0, 0.0, 0.0, 0.0, 0.0, 0.0, 0.0, 0.0, 0.0, 0.0, 0.0, 0.0, 0.0, 0.0, 0.0, 0.0, 0.0, 0.0, 0.0, 0.0, 0.0, 0.0, 0.0, 0.0, 0.0, 0.0, 0.0, 0.0, 0.0, 0.0, 0.0, 0.0, 0.0, 0.0, 0.0, 0.0, 0.0, 0.0, 0.0, 0.0, 0.0, 0.0, 0.0, 0.0, 0.0, 0.0, 0.0, 0.0, 0.0, 0.0, 0.0, 0.0, 0.0, 0.7443391818077055
dl_er_ratio:0.0, 0.0, 0.0, 0.0, 0.0, 0.0, 0.0, 0.0, 0.0, 0.0, 0.0, 0.0, 0.0, 0.0, 0.0, 0.0, 0.0, 0.0, 0.0, 0.0, 0.0, 0.0, 0.0, 0.0, 0.0, 0.0, 0.0, 0.0, 0.0, 0.0, 0.0, 0.0, 0.0, 0.0, 0.0, 0.0, 0.0, 0.0, 0.0, 0.0, 0.0, 0.0, 0.0, 0.0, 0.0, 0.0, 0.0, 0.0, 0.0, 0.0, 0.0, 0.0, 0.0, 0.0, 0.0, 0.0, 0.0, 0.0, 0.0, 0.0, 0.0, 0.0, 0.0, 0.0, 0.0, 0.0, 0.0, 0.0, 0.0, 0.0, 0.0, 0.0, 0.0, 0.0, 0.0, 0.0, 0.0, 0.0, 0.0, 0.0, 0.0, 0.0, 0.0, 0.0, 0.0, 0.0, 0.0, 0.0, 0.0, 0.0
ul_er_perc:0.0, 0.0, 0.0, 0.0, 0.0, 0.0, 0.0, 0.0, 0.0, 0.0, 0.0, 0.0, 0.0, 0.0, 0.0, 0.0, 0.0, 0.0, 0.0, 0.0, 0.0, 0.0, 0.0, 0.0, 0.0, 0.0, 0.0, 0.0, 0.0, 0.0, 0.0, 0.0, 0.0, 0.0, 0.0, 0.0, 0.0, 0.0, 0.0, 0.0, 0.0, 0.0, 0.0, 0.0, 0.0, 0.0, 0.0, 0.0, 0.0, 0.0, 0.0, 0.0, 0.0, 0.0, 0.0, 0.0, 0.0, 0.0, 0.0, 0.0, 0.0, 0.0, 0.0, 0.0, 0.0, 0.0, 0.0, 0.0, 0.0, 0.0, 0.0, 0.0, 0.0, 0.0, 0.0, 0.0, 0.0, 0.0, 0.0, 0.0, 0.0, 0.0, 0.0, 0.0, 0.0, 0.0, 0.0, 0.0, 0.0, 74.43391818077055
dl_er_perc:0.0, 0.0, 0.0, 0.0, 0.0, 0.0, 0.0, 0.0, 0.0, 0.0, 0.0, 0.0, 0.0, 0.0, 0.0, 0.0, 0.0, 0.0, 0.0, 0.0, 0.0, 0.0, 0.0, 0.0, 0.0, 0.0, 0.0, 0.0, 0.0, 0.0, 0.0, 0.0, 0.0, 0.0, 0.0, 0.0, 0.0, 0.0, 0.0, 0.0, 0.0, 0.0, 0.0, 0.0, 0.0, 0.0, 0.0, 0.0, 0.0, 0.0, 0.0, 0.0, 0.0, 0.0, 0.0, 0.0, 0.0, 0.0, 0.0, 0.0, 0.0, 0.0, 0.0, 0.0, 0.0, 0.0, 0.0, 0.0, 0.0, 0.0, 0.0, 0.0, 0.0, 0.0, 0.0, 0.0, 0.0, 0.0, 0.0, 0.0, 0.0, 0.0, 0.0, 0.0, 0.0, 0.0, 0.0, 0.0, 0.0, 0.0
ul_l:0.01705817097487521, 0.012409836020441498, 0.009196113899650837, 0.007625164739610503, 0.0061917420804743295, 0.00792243858474513, 0.017652649987158438, 0.006284766573670219, 0.009544400775885201, 0.0043480152254481205, 0.00514890393448388, 0.017722439064366134, 0.005638940842867976, 0.002645867091074241, 0.016624043967458608, 0.006593326885200958, 0.01581246356899526, 0.006133626792293398, 0.004057715145865451, 0.00450809397436688, 0.007182650800484996, 0.0057513214230298084, 0.015512691214264882, 0.004768305823651469, 0.016915906866901108, 0.014503610208814927, 0.010255287069357756, 0.012310853763226973, 0.017688276773876885, 0.012186947354172048, 0.014069410091157575, 0.01751837814058216, 0.01677856865496121, 0.010485824322255647, 0.0038111031836068035, 0.017884982031158077, 0.016976320429204758, 0.012309469656352864, 0.017616072811359906, 0.017936151892084234, 0.006664572175106874, 0.010481707671786068, 0.017634788936525526, 0.0179411873399055, 0.010556461747102109, 0.004478912492729226, 0.01792440028871426, 0.015005998882775975, 0.011364118652244565, 0.011543083473037726, 0.017987725466529443, 0.015314441491970901, 0.004769884504187465, 0.014137877135798869, 0.01620004621007325, 0.014738431074066048, 0.007856989222106482, 0.015088521464121133, 0.014915582554428715, 0.012355243535187209, 0.014755156084757626, 0.011359781532953892, 0.013557731454404547, 0.011036765989483421, 0.009275815082590979, 0.017108744971900233, 0.010209736732468897, 0.012616368785501788, 0.011568456798743344, 0.008087250865151123, 0.008384251706252448, 0.01856199390063416, 0.0031299754215131544, 0.00592385737077191, 0.00768244549273756, 0.01695806646850443, 0.010803896424813128, 0.01094734421436488, 0.004320169083290973, 0.0071463024651627904, 0.013643847242956308, 0.014550685681119325, 0.009873378351047075, 0.011780862157848687, 0.014353399602369981, 0.007888023387613437, 0.01673805140220498, 0.009774399629161424, 0.014365000721668986, 0.001118711477396022
dl_l:0.022189709460879493, 0.020415531367505273, 0.01876504684471796, 0.01885038581434322, 0.012645256589436755, 0.016668248315997367, 0.022315834106940775, 0.013852640937033858, 0.020657270713319055, 0.013230841375121875, 0.014795351416713195, 0.022315840280206, 0.017774375649136257, 0.012575378216748196, 0.02211910760709494, 0.0169727899918584, 0.02133937733974717, 0.013470873955483702, 0.01203144029903084, 0.015050780973741887, 0.014896026891384237, 0.015603534148440429, 0.02184017343562137, 0.013418639265697788, 0.022295831369971913, 0.020820653318022353, 0.018456125136698857, 0.019797109012549895, 0.022303723706202448, 0.019292336412979894, 0.019684049527512272, 0.022315814963016975, 0.022298443246106282, 0.017932189601244992, 0.01306809675096041, 0.02231582827721436, 0.022315844740243833, 0.01934167813809885, 0.022315825793843388, 0.02231583523894801, 0.014822046003149975, 0.020586601795685035, 0.022315836376913527, 0.02231583523894801, 0.01679754757219523, 0.01070635342650478, 0.02231583523894801, 0.02201248247203773, 0.01898010067658603, 0.018460648573228555, 0.02231583523894801, 0.021505266053057893, 0.012027792991316741, 0.020262089653927885, 0.02226722934048883, 0.02174085085133457, 0.017494992391205073, 0.020881444668052765, 0.02028495366257781, 0.01946356747545437, 0.021495901111682404, 0.019785303256589528, 0.021811954515229038, 0.01743843454691211, 0.014131252367996932, 0.022315853661127823, 0.019451194569520252, 0.02055287257299522, 0.01680149862039483, 0.017011354348880424, 0.01728967811435738, 0.02227781587385105, 0.00926862223522304, 0.012576201609811585, 0.015276526268422762, 0.0213978630677911, 0.016870732573711886, 0.016696529722993975, 0.014476613377405186, 0.014867896628453097, 0.02025513557546187, 0.019787822948083764, 0.016380194874884377, 0.01780317230910576, 0.020030870736310533, 0.014178004079916, 0.02192522294950042, 0.016744663186856776, 0.01998078887734269, 0.005424374629478088
ul_il:0.2725127392322647, 3.478062108726585, 15.54729190895579, 8.276209353121848, 2.824860800151774, 4.458002629255264, 0.15410367430993074, 1.8680586583820467, 12.321787390269147, 3.4768976555498536, 6.427749134275448, 0.040070877953233726, 10.03497453256576, 4.375410892733269, 0.5150063184930292, 6.644319407376564, 1.0310618428156766, 0.8200403713162058, 2.5760895286116865, 9.871615557830244, 4.73784188452627, 4.8107715711321575, 2.931304401879434, 2.1393075348534683, 0.28582168680818487, 2.4204483170558246, 5.926270417615819, 1.8351918954187132, 0.02307280048812093, 1.892265904601728, 0.17887215318705676, 0.09589896331835568, 0.17692340102734144, 2.1119234635993864, 3.8611938283099394, 0.020494791326530613, 0.9948698243416055, 4.17948926457977, 0.3365527580551246, 0.018202471180473495, 4.726291118884833, 4.240014380454738, 0.07579007442936307, 0.02604504394157549, 0.5940318993610887, 1.4403840740367249, 0.3115091020100416, 0.309810497004375, 7.563629982577086, 3.2580386633145477, 0.018249878487845934, 0.3303732080405496, 0.4162473508515762, 0.2786756266884609, 0.16841254555359542, 0.6420056912925061, 4.004383213542945, 1.159215752954109, 1.384280049252331, 0.8963967004462796, 0.4438205637927934, 1.7842406006184115, 0.7760336972910142, 4.138557508241598, 0.4788898027173024, 0.12341104788540096, 2.5158490175141375, 4.588673259826068, 2.809105098951925, 1.84222460797835, 0.9587551330298081, 0.1536113976043533, 1.4017323081615736, 1.539555216582712, 0.6845560721093408, 0.09017199290519246, 0.3303524728496096, 0.6442523643195057, 6.721083647385913, 1.3562948559867418, 0.22114676107181605, 0.1566125477364272, 0.1616522904531129, 0.3283769347146607, 0.07654088775260207, 0.31356592716963194, 0.026500389426996437, 0.7558522875434704, 0.11897449849632087, 0.6927760513616052
dl_il:0.025246299122340644, 0.11219978028903926, 0.08031607632081399, 0.13191513061360322, 0.3294995783194057, 0.20009781950829575, 0.022318920300622495, 0.4599831990180832, 0.046888454823443136, 0.34265475597489187, 0.3944591325468954, 0.022316407504112463, 0.6205315616544111, 0.28972491933136385, 0.02337181014174882, 0.10729605748447096, 0.024874188083374306, 0.12777843618536514, 0.37627233133369725, 0.1872240411030575, 0.1529268272225565, 0.09389121249546253, 0.02522776112909059, 0.9736493650171915, 0.023117370227631436, 0.02889100843137974, 0.04452080898917509, 0.058112873832501404, 0.022526001258681178, 0.0481616619756252, 0.14612334073341054, 0.023580164125532287, 0.022537624001216658, 0.16549256423023143, 0.356515622871701, 0.02231669347460438, 0.02232431958991175, 0.05051359705865784, 0.02254377798509179, 0.02231583523894801, 0.08001860976787695, 0.04663596001461655, 0.022563320789618417, 0.02231583523894801, 0.09554877493665886, 0.9477455509326589, 0.02231583523894801, 0.0346124285481871, 0.07018947337479688, 0.043374622247972935, 0.02231583523894801, 0.026098290550320414, 0.42670073705180794, 0.025633405582153483, 0.02385073508381597, 0.02687371271776902, 0.31886873214186545, 0.03340653832333064, 0.03069089066850276, 0.031817600652794556, 0.024661597049882914, 0.02993169365988617, 0.02420198183735136, 0.03632393646358781, 0.09373012084599296, 0.02242640343056308, 0.03555137147103775, 0.10638138128094766, 0.06707792882275147, 0.04211623022701477, 0.07333735303527471, 0.022393463450729578, 0.11404582964344465, 0.0627228428551262, 0.057031021281530994, 0.025310767481495987, 0.03838349672571895, 0.05240545423922301, 0.31829360314398214, 0.046711826688802596, 0.026619214071016077, 0.02448969713783218, 0.09188621005854951, 0.038428514747385435, 0.0257377871637403, 0.04230073668688594, 0.022329530753885385, 0.05036913916243197, 0.025523300939600504, 0.036589538377463524
sinr_ul:3.16414095e-05,1.87567558e-05,2.33962017e-04,2.36667552e-03,3.63349661e-03,1.07752102e-02,2.15960142e-02,2.84405072e-02,3.05741913e-02,2.49883421e-02,1.82836148e-02,1.27362011e-02,1.18091127e-02,1.95180908e-02,2.57759317e-02,2.23463087e-02,1.18879250e-02,7.53638197e-03,4.51528251e-03,2.48222490e-03,1.28873228e-03,6.78324848e-04,1.99505881e-04,7.06350790e-05,4.83841798e-05,5.07864034e-05,3.96488214e-05,3.20781774e-05,2.13530984e-05,1.87810207e-05,1.43648117e-05,5.82357230e-06,5.58092345e-06,5.36253949e-06,1.23022965e-05,6.91549210e-06,5.96916160e-06,1.98972053e-06,1.91692588e-06,4.61032807e-06
sinr_ul_bin_edges:-34.02465   ,-30.20877275,-26.3928955 ,-22.57701825,-18.761141  ,-14.94526375,-11.1293865 , -7.31350925, -3.497632  ,  0.31824525,  4.1341225 ,  7.94999975, 11.765877  , 15.58175425, 19.3976315 , 23.21350875, 27.029386  , 30.84526325, 34.6611405 , 38.47701775, 42.292895  , 46.10877225, 49.9246495 , 53.74052675, 57.556404  , 61.37228125, 65.1881585 , 69.00403575, 72.819913  , 76.63579025, 80.4516675 , 84.26754475, 88.083422  , 91.89929925, 95.7151765 , 99.53105375,103.346931  ,107.16280825,110.9786855 ,114.79456275,118.61044   
sinr_dl:3.13400923e-05,1.95071033e-05,1.84847132e-04,2.24517352e-03,3.34705254e-03,9.89445827e-03,2.02043584e-02,3.13399685e-02,3.37482541e-02,2.20684008e-02,1.97804503e-02,1.35925149e-02,1.35600856e-02,1.88281174e-02,2.90768722e-02,2.26990397e-02,1.10218352e-02,7.30855408e-03,4.08302485e-03,2.12674460e-03,1.10658252e-03,5.92986233e-04,1.62641711e-04,6.24078773e-05,5.02283154e-05,5.11690133e-05,3.37165922e-05,3.47315557e-05,2.01754939e-05,1.83683637e-05,1.31202598e-05,5.86698410e-06,5.56992162e-06,5.37187996e-06,7.10474446e-06,1.36648744e-05,5.61943203e-06,1.95566137e-06,1.93090616e-06,4.65397895e-06
sinr_dl_bin_edges:-27.18088   ,-23.44058325,-19.7002865 ,-15.95998975,-12.219693  , -8.47939625, -4.7390995 , -0.99880275,  2.741494  ,  6.48179075, 10.2220875 , 13.96238425, 17.702681  , 21.44297775, 25.1832745 , 28.92357125, 32.663868  , 36.40416475, 40.1444615 , 43.88475825, 47.625055  , 51.36535175, 55.1056485 , 58.84594525, 62.586242  , 66.32653875, 70.0668355 , 73.80713225, 77.547429  , 81.28772575, 85.0280225 , 88.76831925, 92.508616  , 96.24891275, 99.9892095 ,103.72950625,107.469803  ,111.21009975,114.9503965 ,118.69069325,122.43099   
rsrp_ul:3.16508300e-05,1.87380680e-05,2.46361905e-04,2.38864251e-03,3.70717628e-03,1.09426191e-02,2.17837080e-02,2.85452622e-02,3.05560122e-02,2.48943001e-02,1.81061680e-02,1.26734632e-02,1.18671680e-02,1.96636606e-02,2.58015673e-02,2.21902173e-02,1.18044246e-02,7.46299386e-03,4.50621410e-03,2.45359467e-03,1.28481981e-03,6.70395647e-04,1.96846803e-04,6.98794014e-05,4.84714014e-05,5.06316191e-05,3.94179048e-05,3.17479184e-05,2.13594558e-05,1.87866123e-05,1.42477279e-05,5.82530613e-06,5.53404082e-06,5.43695239e-06,1.33253878e-05,5.87385035e-06,5.89812246e-06,1.99031293e-06,1.91749660e-06,4.61170069e-06
rsrp_ul_bin_edges:-160.1266   ,-156.3118585,-152.497117 ,-148.6823755,-144.867634 ,-141.0528925,-137.238151 ,-133.4234095,-129.608668 ,-125.7939265,-121.979185 ,-118.1644435,-114.349702 ,-110.5349605,-106.720219 ,-102.9054775, -99.090736 , -95.2759945, -91.461253 , -87.6465115, -83.83177  , -80.0170285, -76.202287 , -72.3875455, -68.572804 , -64.7580625, -60.943321 , -57.1285795, -53.313838 , -49.4990965, -45.684355 , -41.8696135, -38.054872 , -34.2401305, -30.425389 , -26.6106475, -22.795906 , -18.9811645, -15.166423 , -11.3516815,  -7.53694  
rsrp_dl:3.13469047e-05,1.94865829e-05,1.92389770e-04,2.26754991e-03,3.39326529e-03,9.98015125e-03,2.03735072e-02,3.16428185e-02,3.33597919e-02,2.21435674e-02,1.96599318e-02,1.35765524e-02,1.35522127e-02,1.89683438e-02,2.90993861e-02,2.25312934e-02,1.09853321e-02,7.29308270e-03,4.05538818e-03,2.10474904e-03,1.10206902e-03,5.89698169e-04,1.59730555e-04,6.21985976e-05,5.04620788e-05,5.07592058e-05,3.37486817e-05,3.44419782e-05,2.02294006e-05,1.84218776e-05,1.29993088e-05,5.81873823e-06,5.59589294e-06,5.37304764e-06,7.13104941e-06,1.36183235e-05,5.59589294e-06,1.95608647e-06,1.93132588e-06,4.65499058e-06
rsrp_dl_bin_edges:-158.81891  ,-155.0794261,-151.3399422,-147.6004583,-143.8609744,-140.1214905,-136.3820066,-132.6425227,-128.9030388,-125.1635549,-121.424071 ,-117.6845871,-113.9451032,-110.2056193,-106.4661354,-102.7266515, -98.9871676, -95.2476837, -91.5081998, -87.7687159, -84.029232 , -80.2897481, -76.5502642, -72.8107803, -69.0712964, -65.3318125, -61.5923286, -57.8528447, -54.1133608, -50.3738769, -46.634393 , -42.8949091, -39.1554252, -35.4159413, -31.6764574, -27.9369735, -24.1974896, -20.4580057, -16.7185218, -12.9790379,  -9.239554 
cqi_ul:1.01525549,0.        ,0.27618362,0.        ,0.        ,0.19587713,0.        ,0.        ,0.10220557,0.        ,0.05715705,0.        ,0.        ,0.07657986,0.        ,0.        ,0.05726816,0.        ,0.12099578,0.        ,0.        ,0.12443156,0.        ,0.        ,0.1417366 ,0.        ,0.1244123 ,0.        ,0.        ,0.06646661,0.        ,0.        ,0.07508777,0.        ,0.06143035,0.        ,0.        ,0.03826413,0.        ,0.13331469
cqi_ul_bin_edges: 0.   , 0.375, 0.75 , 1.125, 1.5  , 1.875, 2.25 , 2.625, 3.   , 3.375, 3.75 , 4.125, 4.5  , 4.875, 5.25 , 5.625, 6.   , 6.375, 6.75 , 7.125, 7.5  , 7.875, 8.25 , 8.625, 9.   , 9.375, 9.75 ,10.125,10.5  ,10.875,11.25 ,11.625,12.   ,12.375,12.75 ,13.125,13.5  ,13.875,14.25 ,14.625,15.   
cqi_dl:0.47225063,0.        ,0.45927815,0.        ,0.        ,0.24261526,0.        ,0.        ,0.19191075,0.        ,0.08229808,0.        ,0.        ,0.0714241 ,0.        ,0.        ,0.03860684,0.        ,0.06906708,0.        ,0.        ,0.07323075,0.        ,0.        ,0.08932889,0.        ,0.10859268,0.        ,0.        ,0.10524381,0.        ,0.        ,0.1606436 ,0.        ,0.14763112,0.        ,0.        ,0.0781596 ,0.        ,0.27638535
cqi_dl_bin_edges: 0.   , 0.375, 0.75 , 1.125, 1.5  , 1.875, 2.25 , 2.625, 3.   , 3.375, 3.75 , 4.125, 4.5  , 4.875, 5.25 , 5.625, 6.   , 6.375, 6.75 , 7.125, 7.5  , 7.875, 8.25 , 8.625, 9.   , 9.375, 9.75 ,10.125,10.5  ,10.875,11.25 ,11.625,12.   ,12.375,12.75 ,13.125,13.5  ,13.875,14.25 ,14.625,15.   
mcs_ul:0.69184238,0.06083494,0.04409924,0.        ,0.03079564,0.02395734,0.        ,0.01481416,0.01580569,0.        ,0.01885831,0.02216661,0.01502726,0.        ,0.01565212,0.03087911,0.        ,0.03394006,0.03070358,0.        ,0.03595618,0.03991964,0.03601068,0.        ,0.03387392,0.03277552,0.        ,0.01820593,0.01739483,0.        ,0.02277402,0.01745792,0.01575688,0.        ,0.01715224,0.01181577,0.        ,0.00868286,0.        ,0.07141858
mcs_ul_bin_edges: 0. , 0.7, 1.4, 2.1, 2.8, 3.5, 4.2, 4.9, 5.6, 6.3, 7. , 7.7, 8.4, 9.1, 9.8,10.5,11.2,11.9,12.6,13.3,14. ,14.7,15.4,16.1,16.8,17.5,18.2,18.9,19.6,20.3,21. ,21.7,22.4,23.1,23.8,24.5,25.2,25.9,26.6,27.3,28. 
mcs_dl:0.49903328,0.06022159,0.06975087,0.        ,0.05844581,0.04436352,0.        ,0.02427321,0.01981505,0.        ,0.02047377,0.01778914,0.01085679,0.        ,0.00982545,0.01869178,0.        ,0.01830845,0.01912431,0.        ,0.02010645,0.02229585,0.02555891,0.        ,0.02503074,0.0331439 ,0.        ,0.02644237,0.02992594,0.        ,0.04086765,0.04520372,0.04162968,0.        ,0.03745842,0.0220227 ,0.        ,0.01984851,0.        ,0.14806358
mcs_dl_bin_edges: 0. , 0.7, 1.4, 2.1, 2.8, 3.5, 4.2, 4.9, 5.6, 6.3, 7. , 7.7, 8.4, 9.1, 9.8,10.5,11.2,11.9,12.6,13.3,14. ,14.7,15.4,16.1,16.8,17.5,18.2,18.9,19.6,20.3,21. ,21.7,22.4,23.1,23.8,24.5,25.2,25.9,26.6,27.3,28. 
eff_ul:2.0561983 ,0.55935506,0.2299903 ,0.16671992,0.11642485,0.        ,0.09057222,0.05600587,0.        ,0.05975439,0.07129501,0.08380227,0.05681148,0.05917381,0.1167404 ,0.        ,0.12831252,0.1160768 ,0.        ,0.13593459,0.        ,0.1509187 ,0.13614062,0.        ,0.12806249,0.        ,0.1239099 ,0.06882867,0.06576224,0.08609859,0.        ,0.06600077,0.        ,0.05956987,0.        ,0.06484511,0.        ,0.04467027,0.03282611,0.27000242
eff_ul_bin_edges:0.        ,0.18515763,0.37031527,0.5554729 ,0.74063053,0.92578816,1.1109458 ,1.29610343,1.48126106,1.66641869,1.85157632,2.03673396,2.22189159,2.40704922,2.59220686,2.77736449,2.96252212,3.14767975,3.33283738,3.51799502,3.70315265,3.88831028,4.07346792,4.25862555,4.44378318,4.62894081,4.81409844,4.99925608,5.18441371,5.36957134,5.55472897,5.73988661,5.92504424,6.11020187,6.29535951,6.48051714,6.66567477,6.8508324 ,7.03599004,7.22114767,7.4063053 
eff_dl:0.95644984,0.93017665,0.22767148,0.26369754,0.22095803,0.        ,0.16771906,0.09176639,0.        ,0.07491202,0.07740237,0.06725295,0.04104476,0.03714572,0.07066543,0.        ,0.06921622,0.07230065,0.        ,0.07601368,0.        ,0.08429084,0.09662707,0.        ,0.09463029,0.        ,0.1253026 ,0.09996704,0.11313689,0.1545027 ,0.        ,0.1708955 ,0.        ,0.1573836 ,0.        ,0.14161389,0.        ,0.08325819,0.07503854,0.55976362
eff_dl_bin_edges:0.        ,0.18515763,0.37031527,0.5554729 ,0.74063053,0.92578816,1.1109458 ,1.29610343,1.48126106,1.66641869,1.85157632,2.03673396,2.22189159,2.40704922,2.59220686,2.77736449,2.96252212,3.14767975,3.33283738,3.51799502,3.70315265,3.88831028,4.07346792,4.25862555,4.44378318,4.62894081,4.81409844,4.99925608,5.18441371,5.36957134,5.55472897,5.73988661,5.92504424,6.11020187,6.29535951,6.48051714,6.66567477,6.8508324 ,7.03599004,7.22114767,7.4063053 
rul:1.51380501e+00,1.01424356e-02,2.42003547e-03,8.75470513e-04,4.37239841e-04,2.44027674e-04,1.87125630e-04,1.24561690e-04,9.14396041e-05,6.05822764e-05,4.99662233e-05,3.83593386e-05,3.87839807e-05,3.25558962e-05,2.88756645e-05,1.54286639e-05,1.57117586e-05,1.65610429e-05,2.10905588e-05,8.35129511e-06,1.04745057e-05,1.23146216e-05,8.20974774e-06,8.63438986e-06,5.80344237e-06,6.51117924e-06,4.52951599e-06,2.97249487e-06,1.84011587e-06,1.41547375e-06,1.84011587e-06,7.07736874e-07,5.66189499e-07,8.49284249e-07,1.27392637e-06,2.83094750e-07,9.90831624e-07,4.24642124e-07,7.07736874e-07,4.24642124e-07
rul_bin_edges: 0.        , 0.65414015, 1.3082803 , 1.96242045, 2.6165606 , 3.27070075, 3.9248409 , 4.57898105, 5.2331212 , 5.88726135, 6.5414015 , 7.19554165, 7.8496818 , 8.50382195, 9.1579621 , 9.81210225,10.4662424 ,11.12038255,11.7745227 ,12.42866285,13.082803  ,13.73694315,14.3910833 ,15.04522345,15.6993636 ,16.35350375,17.0076439 ,17.66178405,18.3159242 ,18.97006435,19.6242045 ,20.27834465,20.9324848 ,21.58662495,22.2407651 ,22.89490525,23.5490454 ,24.20318555,24.8573257 ,25.51146585,26.165606  
rdl:1.25898166e+00,1.52193185e-03,3.35245060e-03,9.50166071e-04,1.38817175e-03,6.18347147e-04,1.23669429e-04,7.52107251e-05,6.44160500e-05,4.14186988e-05,3.20320249e-05,8.09600629e-06,7.86133944e-06,7.39200574e-06,7.39200574e-06,4.92800383e-06,4.57600355e-06,5.74933780e-06,2.93333561e-06,2.34666849e-06,2.34666849e-07,1.05600082e-06,1.05600082e-06,1.29066767e-06,4.69333698e-07,0.00000000e+00,3.52000273e-07,1.17333424e-06,1.29066767e-06,1.52533452e-06,2.34666849e-07,3.52000273e-07,0.00000000e+00,1.17333424e-07,2.34666849e-07,1.17333424e-06,0.00000000e+00,1.17333424e-07,0.00000000e+00,1.17333424e-07
rdl_bin_edges: 0.        , 0.78913422, 1.57826845, 2.36740268, 3.1565369 , 3.94567112, 4.73480535, 5.52393957, 6.3130738 , 7.10220802, 7.89134225, 8.68047647, 9.4696107 ,10.25874493,11.04787915,11.83701337,12.6261476 ,13.41528182,14.20441605,14.99355027,15.7826845 ,16.57181872,17.36095295,18.15008717,18.9392214 ,19.72835562,20.51748985,21.30662407,22.0957583 ,22.88489252,23.67402675,24.46316097,25.2522952 ,26.04142943,26.83056365,27.61969787,28.4088321 ,29.19796632,29.98710055,30.77623477,31.565369  
lul:6.07662424e+02,0.00000000e+00,0.00000000e+00,0.00000000e+00,0.00000000e+00,0.00000000e+00,0.00000000e+00,0.00000000e+00,0.00000000e+00,0.00000000e+00,0.00000000e+00,0.00000000e+00,0.00000000e+00,0.00000000e+00,0.00000000e+00,0.00000000e+00,0.00000000e+00,0.00000000e+00,0.00000000e+00,0.00000000e+00,0.00000000e+00,0.00000000e+00,0.00000000e+00,0.00000000e+00,0.00000000e+00,0.00000000e+00,0.00000000e+00,0.00000000e+00,0.00000000e+00,2.74877886e+02,9.28789442e+01,0.00000000e+00,0.00000000e+00,0.00000000e+00,0.00000000e+00,0.00000000e+00,0.00000000e+00,0.00000000e+00,0.00000000e+00,2.70947610e-04
lul_bin_edges:0.       ,0.0010252,0.0020504,0.0030756,0.0041008,0.005126 ,0.0061512,0.0071764,0.0082016,0.0092268,0.010252 ,0.0112772,0.0123024,0.0133276,0.0143528,0.015378 ,0.0164032,0.0174284,0.0184536,0.0194788,0.020504 ,0.0215292,0.0225544,0.0235796,0.0246048,0.02563  ,0.0266552,0.0276804,0.0287056,0.0297308,0.030756 ,0.0317812,0.0328064,0.0338316,0.0348568,0.035882 ,0.0369072,0.0379324,0.0389576,0.0399828,0.041008 
ldl:3.67114215e+02,0.00000000e+00,0.00000000e+00,0.00000000e+00,0.00000000e+00,0.00000000e+00,0.00000000e+00,0.00000000e+00,0.00000000e+00,0.00000000e+00,0.00000000e+00,0.00000000e+00,0.00000000e+00,0.00000000e+00,0.00000000e+00,0.00000000e+00,0.00000000e+00,0.00000000e+00,0.00000000e+00,0.00000000e+00,0.00000000e+00,0.00000000e+00,0.00000000e+00,0.00000000e+00,0.00000000e+00,0.00000000e+00,0.00000000e+00,2.76134441e+02,2.86997498e+02,1.63653446e-03,1.72266786e-04,8.61333928e-05,0.00000000e+00,8.61333928e-05,0.00000000e+00,8.61333928e-05,8.61333928e-05,0.00000000e+00,0.00000000e+00,8.61333928e-05
ldl_bin_edges:0.        ,0.00107498,0.00214996,0.00322495,0.00429993,0.00537491,0.00644989,0.00752487,0.00859985,0.00967484,0.01074982,0.0118248 ,0.01289978,0.01397476,0.01504974,0.01612473,0.01719971,0.01827469,0.01934967,0.02042465,0.02149963,0.02257462,0.0236496 ,0.02472458,0.02579956,0.02687454,0.02794952,0.02902451,0.03009949,0.03117447,0.03224945,0.03332443,0.03439941,0.0354744 ,0.03654938,0.03762436,0.03869934,0.03977432,0.0408493 ,0.04192429,0.04299927
ilul:3.44811673e-01,6.47532984e-03,3.33354318e-03,2.57117702e-03,2.22312125e-03,1.69921568e-03,1.85719670e-03,1.30172296e-03,9.32925399e-04,1.01746924e-03,1.24468302e-03,1.09448017e-03,7.94459887e-04,4.87747567e-04,7.42990799e-04,8.90706031e-04,8.57736384e-04,3.75314413e-04,6.79153713e-04,7.56865380e-04,4.08424207e-04,5.42510117e-04,2.74093041e-04,2.26302819e-04,3.29486253e-04,2.75039035e-04,3.87542263e-04,2.69503217e-04,2.96061127e-04,1.91931698e-04,2.13794674e-04,1.23609900e-04,6.66750679e-05,7.29816955e-05,2.28019623e-04,1.07317779e-04,5.01376890e-05,6.68852888e-05,4.43566138e-05,7.86226235e-05
ilul_bin_edges:  0.       ,  2.6427005,  5.285401 ,  7.9281015, 10.570802 , 13.2135025, 15.856203 , 18.4989035, 21.141604 , 23.7843045, 26.427005 , 29.0697055, 31.712406 , 34.3551065, 36.997807 , 39.6405075, 42.283208 , 44.9259085, 47.568609 , 50.2113095, 52.85401  , 55.4967105, 58.139411 , 60.7821115, 63.424812 , 66.0675125, 68.710213 , 71.3529135, 73.995614 , 76.6383145, 79.281015 , 81.9237155, 84.566416 , 87.2091165, 89.851817 , 92.4945175, 95.137218 , 97.7799185,100.422619 ,103.0653195,105.70802  
ildl:1.12795463e+00,5.42001500e-03,3.39044619e-03,2.10547432e-03,1.82747304e-03,1.20045524e-03,9.86984274e-04,1.07989942e-03,7.63201217e-04,6.74857407e-04,1.71159487e-04,1.75305587e-04,2.37497078e-04,4.19393899e-04,7.95200600e-05,1.38628554e-04,1.42987274e-04,1.40861069e-04,2.90652198e-04,9.97190057e-05,9.05763250e-05,8.20715058e-05,4.83711595e-05,1.09286927e-04,3.25309336e-05,5.91084938e-05,1.41392620e-05,6.46366263e-05,2.21125300e-05,8.61112949e-06,8.61112949e-06,2.17935993e-05,1.45645030e-05,5.31551203e-06,5.31551203e-06,0.00000000e+00,0.00000000e+00,6.80385540e-05,3.99726505e-05,1.65950286e-04
ildl_bin_edges: 0.        , 0.87095862, 1.74191725, 2.61287587, 3.4838345 , 4.35479312, 5.22575175, 6.09671037, 6.967669  , 7.83862762, 8.70958625, 9.58054487,10.4515035 ,11.32246212,12.19342075,13.06437937,13.935338  ,14.80629662,15.67725525,16.54821387,17.4191725 ,18.29013112,19.16108975,20.03204837,20.903007  ,21.77396562,22.64492425,23.51588287,24.3868415 ,25.25780012,26.12875875,26.99971737,27.870676  ,28.74163462,29.61259325,30.48355187,31.3545105 ,32.22546912,33.09642775,33.96738637,34.838345  
eul:2.69660336e+02,0.00000000e+00,0.00000000e+00,0.00000000e+00,0.00000000e+00,0.00000000e+00,0.00000000e+00,0.00000000e+00,0.00000000e+00,0.00000000e+00,0.00000000e+00,0.00000000e+00,0.00000000e+00,2.49869983e-05,2.49869983e-05,9.99479933e-05,2.49869983e-05,4.99739967e-05,2.49869983e-05,2.49869983e-05,2.49869983e-05,9.99479933e-05,1.99895987e-04,4.99739967e-05,9.74492935e-04,1.27333743e-01,7.14378282e-02,5.74700961e-04,4.99739967e-05,1.74908988e-04,2.49869983e-05,0.00000000e+00,0.00000000e+00,2.49869983e-05,7.49609950e-05,0.00000000e+00,4.99739967e-05,9.99479933e-05,0.00000000e+00,2.49869983e-05
eul_bin_edges:0.       ,0.0037056,0.0074112,0.0111168,0.0148224,0.018528 ,0.0222336,0.0259392,0.0296448,0.0333504,0.037056 ,0.0407616,0.0444672,0.0481728,0.0518784,0.055584 ,0.0592896,0.0629952,0.0667008,0.0704064,0.074112 ,0.0778176,0.0815232,0.0852288,0.0889344,0.09264  ,0.0963456,0.1000512,0.1037568,0.1074624,0.111168 ,0.1148736,0.1185792,0.1222848,0.1259904,0.129696 ,0.1334016,0.1371072,0.1408128,0.1445184,0.148224 
edl: 0., 0., 0., 0., 0., 0., 0., 0., 0., 0., 0., 0., 0., 0., 0., 0., 0., 0., 0., 0.,40., 0., 0., 0., 0., 0., 0., 0., 0., 0., 0., 0., 0., 0., 0., 0., 0., 0., 0., 0.
edl_bin_edges:-0.5  ,-0.475,-0.45 ,-0.425,-0.4  ,-0.375,-0.35 ,-0.325,-0.3  ,-0.275,-0.25 ,-0.225,-0.2  ,-0.175,-0.15 ,-0.125,-0.1  ,-0.075,-0.05 ,-0.025, 0.   , 0.025, 0.05 , 0.075, 0.1  , 0.125, 0.15 , 0.175, 0.2  , 0.225, 0.25 , 0.275, 0.3  , 0.325, 0.35 , 0.375, 0.4  , 0.425, 0.45 , 0.475, 0.5  
gul:1.89987495e-01,0.00000000e+00,0.00000000e+00,0.00000000e+00,0.00000000e+00,0.00000000e+00,0.00000000e+00,0.00000000e+00,0.00000000e+00,0.00000000e+00,0.00000000e+00,0.00000000e+00,2.51375239e-02,3.77179343e-02,4.60349835e-02,6.49754903e-02,4.18881074e-02,3.77179343e-02,5.02750477e-02,8.38228090e-02,1.40318171e-01,1.78129293e-01,5.71896141e-01,8.31101287e+01,1.65316495e+02,1.00969442e+00,1.82346061e-01,1.40318171e-01,7.33624306e-02,3.14510262e-02,4.19347015e-02,5.23717828e-02,6.07587231e-02,3.35011671e-02,3.55746051e-02,1.46538485e-02,1.25804105e-02,1.67505836e-02,6.29020523e-03,4.19347015e-03
gul_bin_edges:0.       ,0.0039744,0.0079488,0.0119232,0.0158976,0.019872 ,0.0238464,0.0278208,0.0317952,0.0357696,0.039744 ,0.0437184,0.0476928,0.0516672,0.0556416,0.059616 ,0.0635904,0.0675648,0.0715392,0.0755136,0.079488 ,0.0834624,0.0874368,0.0914112,0.0953856,0.09936  ,0.1033344,0.1073088,0.1112832,0.1152576,0.119232 ,0.1232064,0.1271808,0.1311552,0.1351296,0.139104 ,0.1430784,0.1470528,0.1510272,0.1550016,0.158976 
gdl:2.09673508e-03,0.00000000e+00,0.00000000e+00,0.00000000e+00,0.00000000e+00,0.00000000e+00,0.00000000e+00,0.00000000e+00,0.00000000e+00,0.00000000e+00,0.00000000e+00,0.00000000e+00,2.51608209e-02,3.77412314e-02,4.61281717e-02,6.49987874e-02,4.19347015e-02,3.77412314e-02,5.03216418e-02,8.38694031e-02,1.40481250e-01,1.78222482e-01,5.72408676e-01,8.31732870e+01,1.65438688e+02,1.01062631e+00,1.82415952e-01,1.40481250e-01,7.33857277e-02,3.14510262e-02,4.19347015e-02,5.24183769e-02,6.08053172e-02,3.35477612e-02,3.56444963e-02,1.46771455e-02,1.25804105e-02,1.67738806e-02,6.29020523e-03,4.19347015e-03
gdl_bin_edges:0.       ,0.0039744,0.0079488,0.0119232,0.0158976,0.019872 ,0.0238464,0.0278208,0.0317952,0.0357696,0.039744 ,0.0437184,0.0476928,0.0516672,0.0556416,0.059616 ,0.0635904,0.0675648,0.0715392,0.0755136,0.079488 ,0.0834624,0.0874368,0.0914112,0.0953856,0.09936  ,0.1033344,0.1073088,0.1112832,0.1152576,0.119232 ,0.1232064,0.1271808,0.1311552,0.1351296,0.139104 ,0.1430784,0.1470528,0.1510272,0.1550016,0.158976 
ri:34.25135531, 0.        , 0.        , 0.        , 0.        , 0.        , 0.        , 0.        , 0.        , 0.        , 0.        , 0.        , 0.        , 0.        , 0.        , 0.        , 0.        , 0.        , 0.        , 0.        , 0.        , 0.        , 0.        , 0.        , 0.        , 0.        , 0.        , 0.        , 0.        , 0.        , 0.        , 0.        , 0.        , 0.        , 0.        , 0.        , 0.        , 0.        , 0.        , 5.74864469
ri_bin_edges:1.   ,1.025,1.05 ,1.075,1.1  ,1.125,1.15 ,1.175,1.2  ,1.225,1.25 ,1.275,1.3  ,1.325,1.35 ,1.375,1.4  ,1.425,1.45 ,1.475,1.5  ,1.525,1.55 ,1.575,1.6  ,1.625,1.65 ,1.675,1.7  ,1.725,1.75 ,1.775,1.8  ,1.825,1.85 ,1.875,1.9  ,1.925,1.95 ,1.975,2.   
