period:1
ue_log_freq:1000
mac_log_freq:1000
mimo_layers:2
frequency:2412000000.0
bandwidth:50000000
ue_speed:5.555555555555555
max_distance:1000
shannon_cfg_bandwidth_mhz:50.0
shannon_cfg_mimo_layers:2
shannon_cfg_bw_efficiency:0.67
shannon_cfg_sinr_offset_db:0
shannon_cfg_ul_divisor:2
shannon_cfg_sinr_sample_rate:1000
n_ue:100
sinr_period:9.463597741343282
sinr_rate:105.66805852612856
ul_fairness:0.15141574315395714
dl_fairness:0.49431169452215157
ul_agg_throughput:3.7651989413457807
dl_agg_throughput:26.79453613005577
ul_ave_throughput:0.037651989413457806
dl_ave_throughput:0.26794536130055774
ul_se:0.07530397882691561
dl_se:0.5358907226011154
ul_ase:2.397000092958209e-08
dl_ase:1.705793149181104e-07
ul_gr:0.03499960744265271, 0.03499960744265271, 0.0349996105733266, 0.0349996105733266, 0.034999606372948563, 0.034999607069061904, 0.03499960356474712, 0.034999600426409115, 0.03499960112245602, 0.03499963296431072, 0.034999591651186164, 0.034999594113687506, 0.03499960953883194, 0.03499958606284192, 0.03499959024689203, 0.034999591651186164, 0.03499959725599828, 0.03499959795204829, 0.034999592347187074, 0.034999592347187074, 0.034999595851754245, 0.034999588842549806, 0.034999588842549806, 0.03499960744265271, 0.03499959094288586, 0.034999592347187074, 0.03499959094288586, 0.034999592347187074, 0.034999592347187074, 0.03499959059282985, 0.03499959094288586, 0.034999587438199496, 0.03499962804138245, 0.034999587438199496, 0.0349996105733066, 0.034999587438199496, 0.034999587438199496, 0.03499958674223375, 0.03499962804138245, 0.03499962734500365, 0.03499962804138245, 0.03499962804138245, 0.03499962804138245, 0.03499962804138245, 0.03499962419447806, 0.03499960393067015, 0.03499962209034126, 0.0349996224441505, 0.03499962804138245, 0.0349996224441505, 0.03499963154569777, 0.03499962174783466, 0.03499962804138245, 0.03499963154569777, 0.03499962804138245, 0.03499962804138245, 0.03499960112245602, 0.03499962734500365, 0.03499962593726308, 0.034999622432821564, 0.03499962068247149, 0.03499962068247149, 0.034999614388945006, 0.03499962068247149, 0.03499962068247149, 0.03499962068247149, 0.03499961893977416, 0.0349996154814387, 0.03499962068247149, 0.03499962173646493, 0.03499961508520119, 0.034999620686265394, 0.03499962068247149, 0.03499962558719657, 0.034999617177942366, 0.03499961928219143, 0.034999617177942366, 0.03499962068247149, 0.0349995979762131, 0.0349996178781094, 0.03499961998991318, 0.0349996224290451, 0.034999630830809474, 0.03499962664493464, 0.03499962733007432, 0.034999646601791286, 0.03499963047336387, 0.03499963047705995, 0.034999642040322666, 0.03499961162730519, 0.034999631542052566, 0.034999625594746106, 0.03499962805630288, 0.034999646605345804, 0.03499963822946336, 0.03499963544380275, 0.03499963614017201, 0.03499963544380275, 0.03499963544380275, 0.03499963544380275
dl_gr:0.03499960744265271, 0.03499960744265271, 0.0349996105733266, 0.0349996105733266, 0.034999606372948563, 0.034999607069061904, 0.03499960356474712, 0.034999600426409115, 0.03499960112245602, 0.03499963296431072, 0.034999591651186164, 0.034999594113687506, 0.03499960953883194, 0.03499958606284192, 0.03499959024689203, 0.034999591651186164, 0.03499959725599828, 0.03499959795204829, 0.034999592347187074, 0.034999592347187074, 0.034999595851754245, 0.034999588842549806, 0.034999588842549806, 0.03499960744265271, 0.03499959094288586, 0.034999592347187074, 0.03499959094288586, 0.034999592347187074, 0.034999592347187074, 0.03499959059282985, 0.03499959094288586, 0.034999587438199496, 0.03499962804138245, 0.034999587438199496, 0.0349996105733066, 0.034999587438199496, 0.034999587438199496, 0.03499958674223375, 0.03499962804138245, 0.03499962734500365, 0.03499962804138245, 0.03499962804138245, 0.03499962804138245, 0.03499962804138245, 0.03499962419447806, 0.03499960393067015, 0.03499962209034126, 0.0349996224441505, 0.03499962804138245, 0.0349996224441505, 0.03499963154569777, 0.03499962174783466, 0.03499962804138245, 0.03499963154569777, 0.03499962804138245, 0.03499962804138245, 0.03499960112245602, 0.03499962734500365, 0.03499962593726308, 0.034999622432821564, 0.03499962068247149, 0.03499962068247149, 0.034999614388945006, 0.03499962068247149, 0.03499962068247149, 0.03499962068247149, 0.03499961893977416, 0.0349996154814387, 0.03499962068247149, 0.03499962173646493, 0.03499961508520119, 0.034999620686265394, 0.03499962068247149, 0.03499962558719657, 0.034999617177942366, 0.03499961928219143, 0.034999617177942366, 0.03499962068247149, 0.0349995979762131, 0.0349996178781094, 0.03499961998991318, 0.0349996224290451, 0.034999630830809474, 0.03499962664493464, 0.03499962733007432, 0.034999646601791286, 0.03499963047336387, 0.03499963047705995, 0.034999642040322666, 0.03499961162730519, 0.034999631542052566, 0.034999625594746106, 0.03499962805630288, 0.034999646605345804, 0.03499963822946336, 0.03499963544380275, 0.03499963614017201, 0.03499963544380275, 0.03499963544380275, 0.03499963544380275
ul_tr:0.02438995422646906, 0.033997691182407294, 0.0, 0.0, 0.0, 0.0, 0.027834189581814, 0.0, 0.0, 0.014577340405858702, 0.028745809003120435, 0.0, 0.018399445229921495, 0.016129981499144904, 0.0, 0.0, 0.003017321903507456, 0.0, 0.0, 0.0, 0.009217466440771708, 0.003424175138102097, 0.0, 0.021138744171926876, 0.012104534017072732, 0.0, 0.0, 0.0, 0.0, 0.034259157839114256, 0.0, 0.0, 0.01249141567074073, 0.026545808483792243, 0.0, 0.014313123833151635, 0.005011665609973695, 0.016749802298107696, 0.0, 0.0, 0.0, 0.0, 0.0, 0.0, 0.014496544550673618, 0.0, 0.0, 0.0, 0.03358238578632854, 0.0, 0.021633495399217866, 0.0, 0.0, 0.0, 0.035002064328779184, 0.0, 0.0, 0.0350017142464419, 0.0, 0.0, 0.03500101807206441, 0.026749068988737745, 0.0, 0.0, 0.006858084440388078, 0.0, 0.0, 0.0, 0.0, 0.0, 0.0, 0.03496210081583501, 0.0, 0.034944380080255244, 0.0, 0.0, 0.0, 0.0247766502679836, 0.0, 0.0009561333916622493, 0.03499924920209638, 0.034999945111493416, 0.0, 0.0, 0.03499994934108163, 0.0, 0.03499994472965782, 0.026361844257245012, 0.03488789025714246, 0.0, 0.0, 0.0, 0.0, 0.034999586345449224, 0.034998897102298185, 0.03499854650844034, 0.03334222341904543, 0.00617396476127045, 0.03499714014302702, 0.0
dl_tr:0.034999267128085126, 0.034999596809132366, 0.027260293493474416, 0.03500134695698613, 0.02504198634013061, 0.023973590416201618, 0.035000640945764036, 0.032214791513381066, 0.011402048330509746, 0.034996791540344845, 0.03499889212015682, 0.00612434368800568, 0.03499994682260113, 0.0349992411417856, 0.008396705455318298, 0.025726462869261696, 0.034998542085731145, 0.005997511749344909, 0.010862130766725007, 0.025003463069900485, 0.034993671176204666, 0.03499297303792607, 0.02334942953710594, 0.034999596809132366, 0.03499297618843014, 0.024589120259979, 0.032106009631581056, 0.03464594021497225, 0.0012024272690903633, 0.034992975838474154, 0.03499297621143383, 0.03483018859444106, 0.03499227802228401, 0.0349919280400068, 0.0, 0.0349919280400068, 0.03417410605776982, 0.0349929821393823, 0.0, 0.03328592593964974, 0.0, 0.031961471019723554, 0.02157831151271229, 0.006914672336420555, 0.0349919280400068, 0.03497123017917255, 0.034986701865075714, 0.015353602077893241, 0.035001002615110716, 0.025841804484862427, 0.035002052783613215, 0.0, 0.0, 0.0, 0.035001002615110716, 0.007648005617911223, 0.02691681387970918, 0.035000652545572754, 0.016852415828547424, 0.021796877110802162, 0.03500030494552911, 0.03500030494552911, 0.033292642602708485, 0.031698320954930984, 0.03500030494552911, 0.024964053620544113, 0.034982803480866555, 0.011220341328573, 0.0050931269249849965, 0.025571948494453947, 0.02180126571371561, 0.03499995487598644, 0.013615155984806962, 0.03500135269167142, 0.011448299456785925, 0.0, 0.01500635215433241, 0.03500486813102621, 0.028715136258680694, 0.03500521825323318, 0.035004167907623375, 0.03500521825323318, 0.03498981004390922, 0.007659445560045208, 0.03500521825323318, 0.03479481534075452, 0.0350059185186593, 0.03500556838244415, 0.035004518015823, 0.0, 0.009222425798193674, 0.02577770079993599, 0.016717297824995498, 0.03500311762504376, 0.03500066721077686, 0.035000302821452854, 0.035000652853122656, 0.03496810191719669, 0.0349985464948598, 0.03292089764567583
ul_er:0.0, 0.0, 0.0, 0.0, 0.0, 0.0, 0.0, 0.0, 0.0, 0.0, 0.0, 0.0, 0.0, 0.0, 0.0, 0.0, 0.0, 0.0, 0.0, 0.0, 0.0, 0.0, 0.0, 0.0, 0.0, 0.0, 0.0, 0.0, 0.0, 0.0, 0.0, 0.0, 0.0, 0.0, 0.0, 0.0, 0.0, 0.0, 0.0, 0.0, 0.0, 0.0, 0.0, 0.0, 0.0, 0.0, 0.0, 0.0, 0.0, 0.0, 0.0, 0.0, 0.0, 0.0, 0.0, 0.0, 0.0, 0.0, 0.0, 0.0, 0.0, 0.0, 0.0, 0.0, 0.0, 0.0, 0.0, 0.0, 0.0, 0.0, 0.0, 0.0, 0.0, 0.0, 0.0, 0.0, 0.0, 0.0, 0.0, 0.0, 0.0, 0.0, 0.0, 0.0, 0.0, 0.0, 0.0, 1.03022664986297e-06, 0.0, 0.0, 0.0, 0.0, 0.0, 0.0, 0.0, 0.0, 1.7100855042752138e-06, 0.0, 0.0, 0.0
dl_er:0.0, 0.0, 0.0, 0.0, 0.0, 0.0, 0.0, 0.0, 0.0, 0.0, 0.0, 0.0, 0.0, 0.0, 0.0, 0.0, 0.0, 3.3004620646890566e-07, 0.0, 0.0, 0.0, 0.0, 0.0, 0.0, 0.0, 0.0, 0.0, 0.0, 0.0, 0.0, 0.0, 0.0, 0.0, 0.0, 0.0, 0.0, 0.0, 0.0, 0.0, 1.4002380404668796e-06, 0.0, 0.0, 0.0, 3.300594106939249e-07, 0.0, 0.0, 0.0, 0.0, 0.0, 0.0, 0.0, 0.0, 0.0, 0.0, 0.0, 0.0, 0.0, 0.0, 0.0, 0.0, 0.0, 0.0, 0.0, 0.0, 0.0, 0.0, 0.0, 0.0, 3.3006601320264054e-07, 0.0, 0.0, 0.0, 0.0, 0.0, 0.0, 0.0, 0.0, 0.0, 0.0, 0.0, 0.0, 0.0, 0.0, 0.0, 0.0, 0.0, 0.0, 0.0, 0.0, 0.0, 0.0, 0.0, 0.0, 0.0, 0.0, 0.0, 0.0, 0.0, 0.0, 0.0
ul_er_ratio:0.0, 0.0, 0.0, 0.0, 0.0, 0.0, 0.0, 0.0, 0.0, 0.0, 0.0, 0.0, 0.0, 0.0, 0.0, 0.0, 0.0, 0.0, 0.0, 0.0, 0.0, 0.0, 0.0, 0.0, 0.0, 0.0, 0.0, 0.0, 0.0, 0.0, 0.0, 0.0, 0.0, 0.0, 0.0, 0.0, 0.0, 0.0, 0.0, 0.0, 0.0, 0.0, 0.0, 0.0, 0.0, 0.0, 0.0, 0.0, 0.0, 0.0, 0.0, 0.0, 0.0, 0.0, 0.0, 0.0, 0.0, 0.0, 0.0, 0.0, 0.0, 0.0, 0.0, 0.0, 0.0, 0.0, 0.0, 0.0, 0.0, 0.0, 0.0, 0.0, 0.0, 0.0, 0.0, 0.0, 0.0, 0.0, 0.0, 0.0, 0.0, 0.0, 0.0, 0.0, 0.0, 0.0, 0.0, 3.907869191170095e-05, 0.0, 0.0, 0.0, 0.0, 0.0, 0.0, 0.0, 0.0, 5.128625583546934e-05, 0.0, 0.0, 0.0
dl_er_ratio:0.0, 0.0, 0.0, 0.0, 0.0, 0.0, 0.0, 0.0, 0.0, 0.0, 0.0, 0.0, 0.0, 0.0, 0.0, 0.0, 0.0, 5.5027494508725154e-05, 0.0, 0.0, 0.0, 0.0, 0.0, 0.0, 0.0, 0.0, 0.0, 0.0, 0.0, 0.0, 0.0, 0.0, 0.0, 0.0, 0.0, 0.0, 0.0, 0.0, 0.0, 4.2065200220417385e-05, 0.0, 0.0, 0.0, 4.773091776409264e-05, 0.0, 0.0, 0.0, 0.0, 0.0, 0.0, 0.0, 0.0, 0.0, 0.0, 0.0, 0.0, 0.0, 0.0, 0.0, 0.0, 0.0, 0.0, 0.0, 0.0, 0.0, 0.0, 0.0, 0.0, 6.480196333962865e-05, 0.0, 0.0, 0.0, 0.0, 0.0, 0.0, 0.0, 0.0, 0.0, 0.0, 0.0, 0.0, 0.0, 0.0, 0.0, 0.0, 0.0, 0.0, 0.0, 0.0, 0.0, 0.0, 0.0, 0.0, 0.0, 0.0, 0.0, 0.0, 0.0, 0.0, 0.0
ul_er_perc:0.0, 0.0, 0.0, 0.0, 0.0, 0.0, 0.0, 0.0, 0.0, 0.0, 0.0, 0.0, 0.0, 0.0, 0.0, 0.0, 0.0, 0.0, 0.0, 0.0, 0.0, 0.0, 0.0, 0.0, 0.0, 0.0, 0.0, 0.0, 0.0, 0.0, 0.0, 0.0, 0.0, 0.0, 0.0, 0.0, 0.0, 0.0, 0.0, 0.0, 0.0, 0.0, 0.0, 0.0, 0.0, 0.0, 0.0, 0.0, 0.0, 0.0, 0.0, 0.0, 0.0, 0.0, 0.0, 0.0, 0.0, 0.0, 0.0, 0.0, 0.0, 0.0, 0.0, 0.0, 0.0, 0.0, 0.0, 0.0, 0.0, 0.0, 0.0, 0.0, 0.0, 0.0, 0.0, 0.0, 0.0, 0.0, 0.0, 0.0, 0.0, 0.0, 0.0, 0.0, 0.0, 0.0, 0.0, 0.003907869191170095, 0.0, 0.0, 0.0, 0.0, 0.0, 0.0, 0.0, 0.0, 0.005128625583546934, 0.0, 0.0, 0.0
dl_er_perc:0.0, 0.0, 0.0, 0.0, 0.0, 0.0, 0.0, 0.0, 0.0, 0.0, 0.0, 0.0, 0.0, 0.0, 0.0, 0.0, 0.0, 0.005502749450872515, 0.0, 0.0, 0.0, 0.0, 0.0, 0.0, 0.0, 0.0, 0.0, 0.0, 0.0, 0.0, 0.0, 0.0, 0.0, 0.0, 0.0, 0.0, 0.0, 0.0, 0.0, 0.004206520022041738, 0.0, 0.0, 0.0, 0.004773091776409264, 0.0, 0.0, 0.0, 0.0, 0.0, 0.0, 0.0, 0.0, 0.0, 0.0, 0.0, 0.0, 0.0, 0.0, 0.0, 0.0, 0.0, 0.0, 0.0, 0.0, 0.0, 0.0, 0.0, 0.0, 0.006480196333962866, 0.0, 0.0, 0.0, 0.0, 0.0, 0.0, 0.0, 0.0, 0.0, 0.0, 0.0, 0.0, 0.0, 0.0, 0.0, 0.0, 0.0, 0.0, 0.0, 0.0, 0.0, 0.0, 0.0, 0.0, 0.0, 0.0, 0.0, 0.0, 0.0, 0.0, 0.0
ul_l:0.0005873178287191488, 0.05140858481888776, 0.0, 0.0, 0.0, 0.0, 0.0006716455696856653, 0.0, 0.0, 0.0009493770315627876, 0.003922701579080071, 0.0, 0.00044680684522226116, 0.001041895097618738, 0.0, 0.0, 7.491561324072129e-05, 0.0, 0.0, 0.0, 0.0017751041461344591, 0.0012116383373779805, 0.0, 0.0005096420840903636, 0.0008804585415236437, 0.0, 0.0, 0.0, 0.0, 0.18224692022949773, 0.0, 0.0, 0.0008746859703746675, 0.004281205170275947, 0.0, 0.0008576942412740166, 0.06938923478621266, 0.0010664383028894623, 0.0, 0.0, 0.0, 0.0, 0.0, 0.0, 0.07332244584535573, 0.0, 0.0, 0.0, 0.0013587820577904022, 0.0, 0.0008985264604342739, 0.0, 0.0, 0.0, 0.012102471268004239, 0.0, 0.0, 0.04915192399677145, 0.0, 0.0, 0.002767276933678736, 0.001746290779259852, 0.0, 0.0, 0.0005289691117073415, 0.0, 0.0, 0.0, 0.0, 0.0, 0.0, 0.005774074243765314, 0.0, 0.0061031310320290855, 0.0, 0.0, 0.0, 0.0018523484469913983, 0.0, 8.460635833024935e-05, 0.0026000561347362524, 0.002874800322738775, 0.0, 0.0, 0.0026104542971233957, 0.0, 0.002968809571926543, 0.1184175438523825, 0.00677210735552755, 0.0, 0.0, 0.0, 0.0, 0.002900150759444917, 0.0026638592058324667, 0.002618038299844994, 0.24525616290691138, 5.768787094283772e-05, 0.0030910356904966197, 0.0
dl_l:0.0008436542441497658, 0.000844822673102924, 0.0006590160154133873, 0.024000384226272372, 0.0006045038982128391, 0.0005775355571967197, 0.000844841911073218, 0.447776768686969, 0.0002787412962376614, 0.0008447504034424131, 0.0008447973553017422, 0.17264966262561282, 0.0008448311217520876, 0.0008448020812519378, 0.003913874733878081, 0.0006212180049926991, 0.0008447889062298098, 0.12223902611301883, 0.0009718654002190329, 3.714533527572228, 0.0008462217478036924, 0.0008462085340164426, 0.0033146308729366694, 0.000844822673102924, 0.000846198728675588, 0.0005951430874991248, 0.008677235105453873, 0.07830069230424062, 0.00012394031858978848, 0.000846198728675588, 0.06576278376362019, 0.013671577537726413, 0.0008461855141635495, 0.0008461770508696477, 0.0, 0.0008461770508696477, 0.0008268379785683567, 0.000846208495863338, 0.0, 0.7302931655260414, 0.0, 0.09077562529541616, 0.002949996611088996, 0.06251670439967293, 0.0008461770508696479, 2.245679549371061, 0.014682300956727212, 5.0250275075068656, 0.0008423087300504092, 0.0031961815639378693, 0.000842330523069922, 0.0, 0.0, 0.0, 0.0008423087300504092, 0.003514731478007041, 0.0006655788389665071, 0.0008423003055309403, 0.00040758812886748484, 0.0012719604631416283, 0.0008422954756131226, 0.0008422954756131226, 0.16129511475739733, 0.9431118840471796, 0.0008422954756131226, 0.003796700930122024, 0.02469568807465444, 0.000877790497955857, 0.18240460465266856, 3.5425382407572314, 0.002708945470363369, 0.0008423273687180564, 0.0008708014461672334, 0.0008423574723987558, 0.00027569968877364247, 0.0, 0.0009685847740645535, 0.0008437892558311664, 0.003509120844166533, 0.0008437976954960543, 0.0008437723770078616, 0.0008437976954960543, 0.07222825575829725, 0.04997243746249263, 0.0008437976954960543, 0.48078692450079913, 0.0008438145753323266, 0.0008438061353297727, 0.0008437808163351038, 0.0, 0.00022473614825968674, 0.0006209085341017973, 0.002495013504027564, 0.0008437470600390058, 0.0008436879930194416, 0.0008533578562522499, 0.0010961522668893446, 0.0021276843248389937, 0.002378101444728789, 3.1247251867838854
ul_il:0.001109954105228209, 0.06643222549392076, 0.0, 0.0, 0.0, 0.0, 0.0012679664755243078, 0.0, 0.0, 7.430852800464394, 2.0446585573178235, 0.0, 0.0008410143317325866, 6.626349329591124, 0.0, 0.0, 0.00013958307303849502, 0.0, 0.0, 0.0, 9.108778864852725, 1.3658426900216687, 0.0, 0.0009625320394445778, 8.226663097809075, 0.0, 0.0, 0.0, 0.0, 0.2194621528373, 0.0, 0.0, 8.192597959447127, 3.4484484110013764, 0.0, 7.394203785580254, 3.040395077018508, 6.0479678467141795, 0.0, 0.0, 0.0, 0.0, 0.0, 0.0, 11.382450279182237, 0.0, 0.0, 0.0, 1.0507897700759337, 0.0, 0.0012068632140973966, 0.0, 0.0, 0.0, 0.021242997664075534, 0.0, 0.0, 0.07092889602645551, 0.0, 0.0, 0.009694453786884376, 0.001879208396628326, 0.0, 0.0, 0.0005519772684076815, 0.0, 0.0, 0.0, 0.0, 0.0, 0.0, 0.014062824882470668, 0.0, 0.009522362652818035, 0.0, 0.0, 0.0, 0.0018866614553820762, 0.0, 8.473474985947049e-05, 0.011958261954238764, 0.011622968463417318, 0.0, 0.0, 0.009229108609803057, 0.0, 0.007034099963776669, 0.1345580928151313, 0.011381895357501925, 0.0, 0.0, 0.0, 0.0, 0.006857098746892034, 0.005006585517937435, 0.005896569910808432, 0.2673172518747097, 0.09496246770630025, 0.0030910638698577945, 0.0
dl_il:0.0015936071811482456, 0.0015946642245939838, 0.0012430572671530437, 0.024847263082942467, 0.0011409964516396476, 0.0010911708929542954, 0.0015947057415205673, 0.4484673373169104, 0.0005230345840425639, 0.0015945320200544066, 0.0015946239001380196, 9.065405181502966, 0.001594680172033602, 0.0015946359630319333, 9.376153760238665, 0.0011723880374652452, 0.0015946079518257374, 5.433707125676725, 8.921278852310744, 3.715069427539921, 0.001596217006477907, 0.001596188806676068, 3.1950808522150815, 0.0015946642245939838, 0.0015961790394893184, 0.0011221474008821322, 0.009585665849191871, 0.0826728469214882, 0.49646625816372464, 0.0015961791730236836, 0.06682459474600236, 0.17445359797277638, 0.0015961508383639058, 0.0015961348741416043, 0.0, 0.0015961348741416043, 0.0015592639057669807, 0.001596188806676068, 0.0, 0.8055333581147225, 0.0, 0.09224447705337459, 4.749275949590563, 8.36082732291535, 0.0015961348741416043, 2.3288055088603383, 0.015490353902827509, 5.025356511830205, 0.0015923547784021121, 2.351679714731511, 0.00159239898199894, 0.0, 0.0, 0.0, 0.0015923547784021121, 7.829815732596488, 0.001242310194011461, 0.001592338852146865, 0.0007687134768966103, 4.670740360854168, 0.001592326690986197, 0.001592326690986197, 0.1620085586845662, 1.1035631094088567, 0.001592326690986197, 3.9082361576184637, 0.02631313619042228, 8.52957407404588, 7.138629969558911, 3.5430862304194366, 3.7389819173833, 0.0015923406003610686, 7.637516069142607, 0.0015924005406437222, 0.0005210060890196941, 0.0, 7.202387447618385, 0.0015938622093028606, 2.8045254557781036, 0.0015938781512727673, 0.0015938303263197374, 0.0015938781512727673, 0.07783110045313014, 9.45000951346996, 0.0015938781512727673, 0.5038946371876801, 0.001593910036169319, 0.0015938940935615836, 0.001593846267651854, 0.0, 0.0004223435532225801, 0.0011732825808737485, 6.3881589802915055, 0.0015937825042366355, 0.0015936709305354427, 0.0015985113524620985, 0.0017227634723246163, 0.0023123155208188326, 0.002437083182697308, 3.126417056837225
sinr_ul:1.00231988e-03,4.56408249e-03,0.00000000e+00,5.56751587e-07,6.66398245e-03,8.36769798e-03,2.46115936e-02,2.40687608e-02,2.01702749e-02,1.60525401e-02,1.24653340e-02,2.04339524e-02,1.79051310e-02,4.55227935e-03,9.88373255e-03,2.65363395e-02,2.37101015e-02,1.70686675e-02,6.19692354e-03,9.23494993e-03,1.02060360e-02,9.25259895e-03,1.08146212e-02,2.69699377e-02,1.52078923e-02,1.00139011e-02,2.63121914e-02,4.16814859e-02,3.39576155e-02,2.88868334e-02,2.17174875e-02,8.41101325e-03,4.08254804e-03,7.57204428e-03,8.63655332e-03,9.43627130e-03,9.86981376e-03,1.05418686e-02,4.26115395e-03,5.34899087e-03
sinr_ul_bin_edges:-50.950478  ,-49.15408182,-47.35768565,-45.56128947,-43.7648933 ,-41.96849712,-40.17210095,-38.37570477,-36.5793086 ,-34.78291242,-32.98651625,-31.19012007,-29.3937239 ,-27.59732772,-25.80093155,-24.00453537,-22.2081392 ,-20.41174302,-18.61534685,-16.81895067,-15.0225545 ,-13.22615833,-11.42976215, -9.63336597, -7.8369698 , -6.04057363, -4.24417745, -2.44778127, -0.6513851 ,  1.14501107,  2.94140725,  4.73780343,  6.5341996 ,  8.33059577, 10.12699195, 11.92338813, 13.7197843 , 15.51618048, 17.31257665, 19.10897283, 20.905369  
sinr_dl:7.55832072e-04,4.80485359e-03,2.49232241e-04,5.81096388e-07,1.35250184e-03,1.15717791e-02,2.23153216e-02,1.75969351e-02,2.43460210e-02,1.88424571e-02,1.80959807e-02,9.10485064e-03,3.30221388e-02,1.60558675e-02,2.99033363e-02,2.27506209e-02,1.71672725e-02,6.53808979e-03,7.89006864e-03,1.16725994e-02,8.33280598e-03,1.13420136e-02,2.08048778e-02,2.34891363e-02,8.10054176e-03,1.92596843e-02,2.74941688e-02,5.01193891e-02,2.99128082e-02,2.23518726e-02,1.62652366e-02,1.08510453e-02,4.68288146e-03,4.38826559e-03,1.08345422e-02,9.46698991e-03,9.69844060e-03,1.02723314e-02,3.94221600e-03,5.36520484e-03
sinr_dl_bin_edges:-17.949127  ,-16.22798858,-14.50685015,-12.78571173,-11.0645733 , -9.34343487, -7.62229645, -5.90115802, -4.1800196 , -2.45888118, -0.73774275,  0.98339568,  2.7045341 ,  4.42567252,  6.14681095,  7.86794938,  9.5890878 , 11.31022623, 13.03136465, 14.75250308, 16.4736415 , 18.19477993, 19.91591835, 21.63705678, 23.3581952 , 25.07933363, 26.80047205, 28.52161048, 30.2427489 , 31.96388733, 33.68502575, 35.40616418, 37.1273026 , 38.84844102, 40.56957945, 42.29071787, 44.0118563 , 45.73299472, 47.45413315, 49.17527157, 50.89641   
rsrp_ul:1.00232185e-03,4.56409144e-03,0.00000000e+00,5.56752680e-07,6.67841542e-03,9.04656294e-03,2.41922958e-02,2.37658789e-02,2.04815949e-02,1.62148094e-02,1.20923898e-02,2.02938579e-02,1.79951374e-02,4.48024449e-03,1.09875698e-02,2.66222429e-02,2.32225440e-02,1.70491589e-02,5.88381799e-03,1.00483280e-02,9.30795832e-03,9.49708721e-03,1.18360609e-02,2.68321386e-02,1.38751119e-02,1.19982986e-02,2.42431830e-02,4.17008314e-02,3.50802626e-02,2.88626713e-02,2.04597145e-02,7.99146094e-03,4.69776776e-03,7.64916939e-03,7.47384797e-03,1.06285200e-02,9.66383464e-03,1.04325431e-02,4.46988889e-03,5.34900137e-03
rsrp_ul_bin_edges:-132.32811   ,-130.53171735,-128.7353247 ,-126.93893205,-125.1425394 ,-123.34614675,-121.5497541 ,-119.75336145,-117.9569688 ,-116.16057615,-114.3641835 ,-112.56779085,-110.7713982 ,-108.97500555,-107.1786129 ,-105.38222025,-103.5858276 ,-101.78943495, -99.9930423 , -98.19664965, -96.400257  , -94.60386435, -92.8074717 , -91.01107905, -89.2146864 , -87.41829375, -85.6219011 , -83.82550845, -82.0291158 , -80.23272315, -78.4363305 , -76.63993785, -74.8435452 , -73.04715255, -71.2507599 , -69.45436725, -67.6579746 , -65.86158195, -64.0651893 , -62.26879665, -60.472404  
rsrp_dl:7.55833521e-04,4.80486280e-03,2.49232719e-04,5.81097502e-07,1.47912558e-03,1.22601113e-02,2.22784066e-02,2.13418517e-02,1.96775304e-02,1.91732540e-02,1.78659008e-02,1.09088853e-02,3.12698444e-02,1.79050668e-02,2.84547176e-02,2.29958877e-02,1.72181514e-02,6.04724926e-03,8.31864318e-03,1.14652280e-02,8.51092834e-03,1.11424284e-02,1.90577899e-02,2.50357723e-02,8.58496016e-03,1.74746479e-02,3.31053571e-02,4.55536278e-02,3.12649051e-02,2.14392437e-02,1.62108770e-02,1.07121257e-02,4.55487466e-03,4.55592063e-03,9.40163459e-03,1.08911037e-02,9.20144650e-03,1.06724367e-02,3.80624675e-03,5.36521513e-03
rsrp_dl_bin_edges:-126.30751   ,-124.58637487,-122.86523975,-121.14410462,-119.4229695 ,-117.70183437,-115.98069925,-114.25956412,-112.538429  ,-110.81729387,-109.09615875,-107.37502362,-105.6538885 ,-103.93275337,-102.21161825,-100.49048312, -98.769348  , -97.04821287, -95.32707775, -93.60594262, -91.8848075 , -90.16367237, -88.44253725, -86.72140212, -85.000267  , -83.27913187, -81.55799675, -79.83686162, -78.1157265 , -76.39459137, -74.67345625, -72.95232112, -71.231186  , -69.51005087, -67.78891575, -66.06778062, -64.3466455 , -62.62551037, -60.90437525, -59.18324012, -57.462105  
cqi_ul:1.72487024,0.        ,0.1474293 ,0.        ,0.        ,0.28186955,0.        ,0.        ,0.22329726,0.        ,0.        ,0.12223475,0.        ,0.        ,0.03765266,0.        ,0.        ,0.03407499,0.        ,0.        ,0.03412928,0.        ,0.03384353,0.        ,0.        ,0.03979154,0.        ,0.        ,0.05388132,0.        ,0.        ,0.05962501,0.        ,0.        ,0.03587354,0.        ,0.        ,0.02464732,0.        ,0.00392257
cqi_ul_bin_edges: 0.  , 0.35, 0.7 , 1.05, 1.4 , 1.75, 2.1 , 2.45, 2.8 , 3.15, 3.5 , 3.85, 4.2 , 4.55, 4.9 , 5.25, 5.6 , 5.95, 6.3 , 6.65, 7.  , 7.35, 7.7 , 8.05, 8.4 , 8.75, 9.1 , 9.45, 9.8 ,10.15,10.5 ,10.85,11.2 ,11.55,11.9 ,12.25,12.6 ,12.95,13.3 ,13.65,14.  
cqi_dl:0.26254374,0.        ,0.13230482,0.        ,0.        ,0.11193115,0.        ,0.        ,0.08000218,0.        ,0.16148672,0.        ,0.        ,0.08585105,0.        ,0.        ,0.11480624,0.        ,0.11710872,0.        ,0.        ,0.08179525,0.        ,0.        ,0.01752391,0.        ,0.04250466,0.        ,0.        ,0.05531748,0.        ,0.        ,0.04765582,0.        ,0.06067294,0.        ,0.        ,0.10062949,0.        ,1.19453249
cqi_dl_bin_edges: 0.   , 0.375, 0.75 , 1.125, 1.5  , 1.875, 2.25 , 2.625, 3.   , 3.375, 3.75 , 4.125, 4.5  , 4.875, 5.25 , 5.625, 6.   , 6.375, 6.75 , 7.125, 7.5  , 7.875, 8.25 , 8.625, 9.   , 9.375, 9.75 ,10.125,10.5  ,10.875,11.25 ,11.625,12.   ,12.375,12.75 ,13.125,13.5  ,13.875,14.25 ,14.625,15.   
mcs_ul:1.08531320e+00,7.46240019e-02,0.00000000e+00,5.89741723e-02,6.12628150e-02,0.00000000e+00,2.70862731e-02,3.87324397e-02,0.00000000e+00,8.85344999e-03,1.14210567e-02,0.00000000e+00,1.66881355e-02,5.15460079e-05,0.00000000e+00,1.60838931e-03,1.01385612e-02,0.00000000e+00,8.23874461e-03,0.00000000e+00,5.62974727e-03,1.25936899e-02,0.00000000e+00,1.35873738e-02,0.00000000e+00,0.00000000e+00,7.83883991e-03,1.47575451e-02,0.00000000e+00,1.42554716e-02,1.56576769e-02,0.00000000e+00,1.64481003e-02,1.27747933e-02,0.00000000e+00,6.54172694e-03,6.89485556e-03,0.00000000e+00,6.37677971e-03,2.11215537e-03
mcs_ul_bin_edges: 0.  , 0.65, 1.3 , 1.95, 2.6 , 3.25, 3.9 , 4.55, 5.2 , 5.85, 6.5 , 7.15, 7.8 , 8.45, 9.1 , 9.75,10.4 ,11.05,11.7 ,12.35,13.  ,13.65,14.3 ,14.95,15.6 ,16.25,16.9 ,17.55,18.2 ,18.85,19.5 ,20.15,20.8 ,21.45,22.1 ,22.75,23.4 ,24.05,24.7 ,25.35,26.  
mcs_dl:2.47998244e-01,2.34908888e-02,2.59914000e-02,0.00000000e+00,1.68669131e-02,4.66827335e-02,0.00000000e+00,3.98280095e-02,1.89500771e-02,0.00000000e+00,2.70415546e-02,3.15640780e-02,1.47164534e-04,0.00000000e+00,2.97921027e-02,3.86701247e-02,0.00000000e+00,2.40666879e-02,2.13834355e-02,0.00000000e+00,2.24354476e-02,5.13675664e-03,0.00000000e+00,0.00000000e+00,4.25105475e-03,1.04308222e-02,0.00000000e+00,1.23395319e-02,2.05488840e-02,0.00000000e+00,9.08548115e-03,9.03433076e-03,1.64955727e-02,0.00000000e+00,1.51070824e-02,1.73962768e-02,0.00000000e+00,2.49895381e-02,2.89076867e-02,6.39939549e-01
mcs_dl_bin_edges: 0. , 0.7, 1.4, 2.1, 2.8, 3.5, 4.2, 4.9, 5.6, 6.3, 7. , 7.7, 8.4, 9.1, 9.8,10.5,11.2,11.9,12.6,13.3,14. ,14.7,15.4,16.1,16.8,17.5,18.2,18.9,19.6,20.3,21. ,21.7,22.4,23.1,23.8,24.5,25.2,25.9,26.6,27.3,28. 
eff_ul:4.72086602,0.79565965,0.67906459,0.31139204,0.1376765 ,0.19687266,0.0450011 ,0.        ,0.05805195,0.08482393,0.00843727,0.05153317,0.        ,0.04187662,0.02861538,0.        ,0.06401232,0.        ,0.0690631 ,0.        ,0.03984395,0.07501095,0.        ,0.07245897,0.        ,0.07958622,0.        ,0.        ,0.08360386,0.        ,0.06493285,0.        ,0.03325087,0.        ,0.        ,0.03504578,0.        ,0.03241246,0.        ,0.01073585
eff_ul_bin_edges:0.        ,0.12788005,0.2557601 ,0.38364015,0.5115202 ,0.63940025,0.7672803 ,0.89516035,1.0230404 ,1.15092045,1.2788005 ,1.40668055,1.5345606 ,1.66244065,1.7903207 ,1.91820075,2.0460808 ,2.17396085,2.3018409 ,2.42972095,2.557601  ,2.68548105,2.8133611 ,2.94124115,3.0691212 ,3.19700125,3.3248813 ,3.45276135,3.5806414 ,3.70852145,3.8364015 ,3.96428155,4.0921616 ,4.22004165,4.3479217 ,4.47580175,4.6036818 ,4.73156185,4.8594419 ,4.98732195,5.115202  
eff_dl:0.7089903 ,0.54113633,0.24943373,0.0850239 ,0.23532154,0.20076777,0.09552485,0.13631293,0.15911038,0.15091992,0.19493103,0.        ,0.12131702,0.10779109,0.        ,0.11309415,0.        ,0.02589372,0.02142901,0.05258041,0.        ,0.06220196,0.        ,0.10358423,0.        ,0.04579872,0.        ,0.        ,0.04554088,0.        ,0.08315202,0.        ,0.07615282,0.        ,0.08769235,0.        ,0.12596898,0.        ,0.14571986,3.22585133
eff_dl_bin_edges:0.        ,0.13886495,0.2777299 ,0.41659485,0.5554598 ,0.69432475,0.8331897 ,0.97205465,1.1109196 ,1.24978455,1.3886495 ,1.52751445,1.6663794 ,1.80524435,1.9441093 ,2.08297425,2.2218392 ,2.36070415,2.4995691 ,2.63843405,2.777299  ,2.91616395,3.0550289 ,3.19389385,3.3327588 ,3.47162375,3.6104887 ,3.74935365,3.8882186 ,4.02708355,4.1659485 ,4.30481345,4.4436784 ,4.58254335,4.7214083 ,4.86027325,4.9991382 ,5.13800315,5.2768681 ,5.41573305,5.554598  
rul:1.81392280e+01,8.90874810e-01,5.01854972e-01,8.87082804e-03,3.15641897e-03,5.71049777e-04,1.34157585e-03,1.87351262e-03,1.27117245e-03,1.06582921e-03,4.45888182e-04,3.57883936e-04,3.52016986e-04,1.97520642e-04,4.65444681e-04,2.28811041e-04,3.36371787e-04,4.28287333e-04,1.48629394e-04,2.30766691e-04,3.52016986e-05,6.06251476e-05,1.36895495e-05,2.73790989e-05,1.56451994e-05,5.86694976e-06,5.86694976e-06,3.91129984e-06,2.34677991e-05,1.95564992e-05,7.82259969e-06,5.86694976e-06,0.00000000e+00,1.17338995e-05,1.36895495e-05,5.86694976e-06,0.00000000e+00,0.00000000e+00,0.00000000e+00,7.82259969e-06
rul_bin_edges:0.        ,0.05114157,0.10228314,0.15342472,0.20456629,0.25570786,0.30684943,0.35799101,0.40913258,0.46027415,0.51141572,0.5625573 ,0.61369887,0.66484044,0.71598201,0.76712359,0.81826516,0.86940673,0.9205483 ,0.97168988,1.02283145,1.07397302,1.12511459,1.17625617,1.22739774,1.27853931,1.32968088,1.38082246,1.43196403,1.4831056 ,1.53424717,1.58538875,1.63653032,1.68767189,1.73881346,1.78995504,1.84109661,1.89223818,1.94337975,1.99452133,2.0456629 
rdl:4.15004813e+00,3.11479066e-03,2.07708100e-06,1.66166480e-06,1.24624860e-06,1.16316536e-04,2.35540985e-04,0.00000000e+00,0.00000000e+00,0.00000000e+00,0.00000000e+00,0.00000000e+00,0.00000000e+00,2.90791340e-06,0.00000000e+00,0.00000000e+00,0.00000000e+00,0.00000000e+00,0.00000000e+00,4.56957820e-06,3.73874580e-06,0.00000000e+00,0.00000000e+00,4.15416200e-07,0.00000000e+00,0.00000000e+00,0.00000000e+00,0.00000000e+00,0.00000000e+00,0.00000000e+00,0.00000000e+00,0.00000000e+00,0.00000000e+00,3.32332960e-06,0.00000000e+00,0.00000000e+00,0.00000000e+00,0.00000000e+00,0.00000000e+00,3.73874580e-06
rdl_bin_edges:0.        ,0.24075858,0.48151715,0.72227573,0.9630343 ,1.20379287,1.44455145,1.68531002,1.9260686 ,2.16682717,2.40758575,2.64834433,2.8891029 ,3.12986148,3.37062005,3.61137862,3.8521372 ,4.09289577,4.33365435,4.57441292,4.8151715 ,5.05593008,5.29668865,5.53744723,5.7782058 ,6.01896438,6.25972295,6.50048152,6.7412401 ,6.98199867,7.22275725,7.46351582,7.7042744 ,7.94503298,8.18579155,8.42655013,8.6673087 ,8.90806728,9.14882585,9.38958443,9.630343  
lul:5.02897702e-01,2.55615663e-05,2.36997987e-05,2.19386672e-05,1.16737862e-05,1.30323734e-05,1.06171073e-05,9.20820204e-06,9.30883813e-06,8.95661182e-06,8.20184116e-06,6.34007354e-06,6.08848332e-06,5.23307657e-06,4.88085026e-06,3.82417134e-06,2.96876459e-06,2.16367589e-06,2.11335785e-06,1.91208567e-06,2.66685633e-06,1.71081349e-06,1.71081349e-06,1.91208567e-06,1.15731501e-06,1.91208567e-06,1.81144958e-06,1.66049545e-06,2.06303980e-06,9.56042835e-07,1.25795110e-06,1.71081349e-06,1.55985936e-06,1.45922327e-06,1.45922327e-06,1.71081349e-06,1.35858719e-06,5.03180439e-07,4.02544351e-07,5.03180439e-07
lul_bin_edges: 0.      , 1.987657, 3.975314, 5.962971, 7.950628, 9.938285,11.925942,13.913599,15.901256,17.888913,19.87657 ,21.864227,23.851884,25.839541,27.827198,29.814855,31.802512,33.790169,35.777826,37.765483,39.75314 ,41.740797,43.728454,45.716111,47.703768,49.691425,51.679082,53.666739,55.654396,57.642053,59.62971 ,61.617367,63.605024,65.592681,67.580338,69.567995,71.555652,73.543309,75.530966,77.518623,79.50628 
ldl:4.00847010e-01,6.04362919e-05,5.12096847e-05,4.43602383e-05,4.37961662e-05,3.77928279e-05,3.33608331e-05,4.56092550e-05,3.07419272e-05,3.07016363e-05,3.40054869e-05,4.34335485e-05,5.04441583e-05,1.43838375e-04,7.34099493e-05,1.02741696e-04,1.07496018e-04,9.73427209e-05,1.85257380e-04,5.56819703e-05,3.95253349e-05,2.61487690e-05,2.37313173e-05,2.33928741e-04,9.72621392e-05,5.83008763e-05,2.08706661e-05,2.84050572e-05,6.28134528e-05,1.21839565e-04,2.01454306e-07,0.00000000e+00,0.00000000e+00,0.00000000e+00,9.66980671e-07,1.41018015e-06,8.86398948e-07,7.77613623e-06,3.46501407e-06,1.93396134e-06
ldl_bin_edges: 0.      , 2.482325, 4.96465 , 7.446975, 9.9293  ,12.411625,14.89395 ,17.376275,19.8586  ,22.340925,24.82325 ,27.305575,29.7879  ,32.270225,34.75255 ,37.234875,39.7172  ,42.199525,44.68185 ,47.164175,49.6465  ,52.128825,54.61115 ,57.093475,59.5758  ,62.058125,64.54045 ,67.022775,69.5051  ,71.987425,74.46975 ,76.952075,79.4344  ,81.916725,84.39905 ,86.881375,89.3637  ,91.846025,94.32835 ,96.810675,99.293   
ilul:4.88435793e-01,8.20787933e-04,1.59981189e-03,7.14918768e-04,6.20018937e-04,6.15289041e-04,6.23390246e-04,6.44070962e-04,6.14433634e-04,5.20288574e-04,5.23911473e-04,5.06098886e-04,4.69668622e-04,3.86794804e-04,3.81461091e-04,3.53584895e-04,3.53685531e-04,3.52226308e-04,3.62289916e-04,3.35168491e-04,3.21783891e-04,3.20073077e-04,3.13632368e-04,3.16701769e-04,3.27419512e-04,3.54641574e-04,2.98788545e-04,3.46137824e-04,6.62487366e-04,1.57898022e-04,1.15228321e-04,1.11152559e-04,8.17165034e-05,3.52226308e-05,3.51219947e-05,3.50716766e-05,3.47697684e-05,2.46558415e-06,4.02544351e-07,5.03180439e-07
ilul_bin_edges: 0.      , 1.987657, 3.975314, 5.962971, 7.950628, 9.938285,11.925942,13.913599,15.901256,17.888913,19.87657 ,21.864227,23.851884,25.839541,27.827198,29.814855,31.802512,33.790169,35.777826,37.765483,39.75314 ,41.740797,43.728454,45.716111,47.703768,49.691425,51.679082,53.666739,55.654396,57.642053,59.62971 ,61.617367,63.605024,65.592681,67.580338,69.567995,71.555652,73.543309,75.530966,77.518623,79.50628 
ildl:3.83959904e-01,1.14156677e-03,1.12158311e-03,1.12061616e-03,9.92132483e-04,9.46605186e-04,9.86532223e-04,1.13898824e-03,7.82787493e-04,7.60950506e-04,7.64213967e-04,6.93505642e-04,6.54505267e-04,7.27187784e-04,6.77873260e-04,5.50155089e-04,4.87867299e-04,4.70905359e-04,5.99671061e-04,4.78117205e-04,4.62484823e-04,3.97537917e-04,3.85007838e-04,5.43628166e-04,3.87022320e-04,2.93389188e-04,2.61117183e-04,2.25299689e-04,1.86903658e-04,2.46894938e-04,1.33600459e-04,1.09547542e-04,9.85484692e-05,3.28763495e-05,9.66951456e-07,1.41013754e-06,8.86372168e-07,7.77590129e-06,3.46490938e-06,1.93390291e-06
ildl_bin_edges: 0.    , 2.4824, 4.9648, 7.4472, 9.9296,12.412 ,14.8944,17.3768,19.8592,22.3416,24.824 ,27.3064,29.7888,32.2712,34.7536,37.236 ,39.7184,42.2008,44.6832,47.1656,49.648 ,52.1304,54.6128,57.0952,59.5776,62.06  ,64.5424,67.0248,69.5072,71.9896,74.472 ,76.9544,79.4368,81.9192,84.4016,86.884 ,89.3664,91.8488,94.3312,96.8136,99.296 
eul:2.33918058e+02,0.00000000e+00,0.00000000e+00,0.00000000e+00,0.00000000e+00,0.00000000e+00,0.00000000e+00,2.33953245e-05,0.00000000e+00,0.00000000e+00,0.00000000e+00,0.00000000e+00,0.00000000e+00,0.00000000e+00,0.00000000e+00,0.00000000e+00,2.33953245e-05,0.00000000e+00,0.00000000e+00,0.00000000e+00,0.00000000e+00,0.00000000e+00,0.00000000e+00,0.00000000e+00,0.00000000e+00,0.00000000e+00,0.00000000e+00,0.00000000e+00,0.00000000e+00,0.00000000e+00,0.00000000e+00,0.00000000e+00,0.00000000e+00,0.00000000e+00,0.00000000e+00,0.00000000e+00,0.00000000e+00,0.00000000e+00,0.00000000e+00,2.33953245e-05
eul_bin_edges:0.      ,0.004275,0.00855 ,0.012825,0.0171  ,0.021375,0.02565 ,0.029925,0.0342  ,0.038475,0.04275 ,0.047025,0.0513  ,0.055575,0.05985 ,0.064125,0.0684  ,0.072675,0.07695 ,0.081225,0.0855  ,0.089775,0.09405 ,0.098325,0.1026  ,0.106875,0.11115 ,0.115425,0.1197  ,0.123975,0.12825 ,0.132525,0.1368  ,0.141075,0.14535 ,0.149625,0.1539  ,0.158175,0.16245 ,0.166725,0.171   
edl:2.85714171e+02,0.00000000e+00,0.00000000e+00,0.00000000e+00,0.00000000e+00,0.00000000e+00,0.00000000e+00,0.00000000e+00,0.00000000e+00,8.57271534e-05,0.00000000e+00,0.00000000e+00,0.00000000e+00,0.00000000e+00,0.00000000e+00,0.00000000e+00,0.00000000e+00,0.00000000e+00,0.00000000e+00,0.00000000e+00,0.00000000e+00,0.00000000e+00,0.00000000e+00,0.00000000e+00,0.00000000e+00,0.00000000e+00,0.00000000e+00,0.00000000e+00,0.00000000e+00,0.00000000e+00,0.00000000e+00,0.00000000e+00,0.00000000e+00,0.00000000e+00,0.00000000e+00,0.00000000e+00,0.00000000e+00,0.00000000e+00,0.00000000e+00,2.85757178e-05
edl_bin_edges:0.    ,0.0035,0.007 ,0.0105,0.014 ,0.0175,0.021 ,0.0245,0.028 ,0.0315,0.035 ,0.0385,0.042 ,0.0455,0.049 ,0.0525,0.056 ,0.0595,0.063 ,0.0665,0.07  ,0.0735,0.077 ,0.0805,0.084 ,0.0875,0.091 ,0.0945,0.098 ,0.1015,0.105 ,0.1085,0.112 ,0.1155,0.119 ,0.1225,0.126 ,0.1295,0.133 ,0.1365,0.14  
gul:5.67259906e-03,0.00000000e+00,0.00000000e+00,0.00000000e+00,0.00000000e+00,1.13451981e-02,0.00000000e+00,1.13451981e-02,5.67259906e-03,1.70177972e-02,5.67259906e-03,0.00000000e+00,1.13451981e-02,1.13451981e-02,5.67259906e-03,3.97081935e-02,5.67259906e-02,4.44788493e-01,6.23985897e+00,4.25834410e+02,1.32466080e+02,1.55429214e+00,3.17665548e-01,3.40355944e-02,3.40355944e-02,5.67259906e-03,1.70177972e-02,0.00000000e+00,0.00000000e+00,1.70177972e-02,5.67259906e-03,1.13451981e-02,0.00000000e+00,0.00000000e+00,5.67259906e-03,0.00000000e+00,0.00000000e+00,0.00000000e+00,0.00000000e+00,5.67259906e-03
gul_bin_edges:0.        ,0.00176313,0.00352625,0.00528938,0.0070525 ,0.00881563,0.01057875,0.01234188,0.014105  ,0.01586813,0.01763125,0.01939438,0.0211575 ,0.02292063,0.02468375,0.02644688,0.02821   ,0.02997313,0.03173625,0.03349938,0.0352625 ,0.03702563,0.03878875,0.04055188,0.042315  ,0.04407813,0.04584125,0.04760438,0.0493675 ,0.05113063,0.05289375,0.05465688,0.05642   ,0.05818313,0.05994625,0.06170938,0.0634725 ,0.06523563,0.06699875,0.06876188,0.070525  
gdl:5.67259906e-03,0.00000000e+00,0.00000000e+00,0.00000000e+00,0.00000000e+00,1.13451981e-02,0.00000000e+00,1.13451981e-02,5.67259906e-03,1.70177972e-02,5.67259906e-03,0.00000000e+00,1.13451981e-02,1.13451981e-02,5.67259906e-03,3.97081935e-02,5.67259906e-02,4.44788493e-01,6.23985897e+00,4.25834410e+02,1.32466080e+02,1.55429214e+00,3.17665548e-01,3.40355944e-02,3.40355944e-02,5.67259906e-03,1.70177972e-02,0.00000000e+00,0.00000000e+00,1.70177972e-02,5.67259906e-03,1.13451981e-02,0.00000000e+00,0.00000000e+00,5.67259906e-03,0.00000000e+00,0.00000000e+00,0.00000000e+00,0.00000000e+00,5.67259906e-03
gdl_bin_edges:0.        ,0.00176313,0.00352625,0.00528938,0.0070525 ,0.00881563,0.01057875,0.01234188,0.014105  ,0.01586813,0.01763125,0.01939438,0.0211575 ,0.02292063,0.02468375,0.02644688,0.02821   ,0.02997313,0.03173625,0.03349938,0.0352625 ,0.03702563,0.03878875,0.04055188,0.042315  ,0.04407813,0.04584125,0.04760438,0.0493675 ,0.05113063,0.05289375,0.05465688,0.05642   ,0.05818313,0.05994625,0.06170938,0.0634725 ,0.06523563,0.06699875,0.06876188,0.070525  
ri:25.67738272, 0.        , 0.        , 0.        , 0.        , 0.        , 0.        , 0.        , 0.        , 0.        , 0.        , 0.        , 0.        , 0.        , 0.        , 0.        , 0.        , 0.        , 0.        , 0.        , 0.        , 0.        , 0.        , 0.        , 0.        , 0.        , 0.        , 0.        , 0.        , 0.        , 0.        , 0.        , 0.        , 0.        , 0.        , 0.        , 0.        , 0.        , 0.        ,14.32261728
ri_bin_edges:1.   ,1.025,1.05 ,1.075,1.1  ,1.125,1.15 ,1.175,1.2  ,1.225,1.25 ,1.275,1.3  ,1.325,1.35 ,1.375,1.4  ,1.425,1.45 ,1.475,1.5  ,1.525,1.55 ,1.575,1.6  ,1.625,1.65 ,1.675,1.7  ,1.725,1.75 ,1.775,1.8  ,1.825,1.85 ,1.875,1.9  ,1.925,1.95 ,1.975,2.   
