period:1
ue_log_freq:1000
mac_log_freq:1000
mimo_layers:2
frequency:2412000000.0
bandwidth:50000000
ue_speed:5.555555555555555
max_distance:1000
shannon_cfg_bandwidth_mhz:50.0
shannon_cfg_mimo_layers:2
shannon_cfg_bw_efficiency:0.67
shannon_cfg_sinr_offset_db:0
shannon_cfg_ul_divisor:2
shannon_cfg_sinr_sample_rate:1000
n_ue:1
sinr_period:9.463597741343282
sinr_rate:105.66805852612856
ul_fairness:1.0
dl_fairness:1.0
ul_agg_throughput:226.38887226447287
dl_agg_throughput:267.8761763167437
ul_ave_throughput:226.38887226447287
dl_ave_throughput:267.8761763167437
ul_se:4.527777445289457
dl_se:5.357523526334873
ul_ase:1.4412363232756218e-06
dl_ase:1.7053527038946344e-06
ul_gr:226.4739752168732
dl_gr:270.20739327172276
ul_tr:226.36129358697008
dl_tr:270.0860917368189
ul_er:73.52337230523078
dl_er:29.789954250381246
ul_er_ratio:0.24517216339317638
dl_er_ratio:0.09934089317575168
ul_er_perc:24.51721633931764
dl_er_perc:9.934089317575168
ul_l:0.004147699239835502
dl_l:0.004219326750314581
ul_il:0.02248231820558162
dl_il:0.020476472457279526
sinr_ul:0.03317965,0.08291548,0.11193394,0.0834821 ,0.03098396,0.02429066,0.01853938,0.01238438,0.00811696,0.00453303,0.00299959,0.00088182,0.00048163,0.00047455,0.00046039,0.00044268,0.0004356 ,0.00042497,0.00041435,0.00040726,0.0003931 ,0.00038956,0.00038247,0.00037539,0.00036477,0.00036477,0.00035414,0.0003506 ,0.00033998,0.00033998,0.00033289,0.00032935,0.00032581,0.00031873,0.00031519,0.00031165,0.0003506 ,0.00041435,0.00041081,0.00042851
sinr_ul_bin_edges: 22.700275  , 25.05335452, 27.40643405, 29.75951357, 32.1125931 , 34.46567262, 36.81875215, 39.17183167, 41.5249112 , 43.87799072, 46.23107025, 48.58414978, 50.9372293 , 53.29030882, 55.64338835, 57.99646787, 60.3495474 , 62.70262692, 65.05570645, 67.40878598, 69.7618655 , 72.11494502, 74.46802455, 76.82110407, 79.1741836 , 81.52726312, 83.88034265, 86.23342217, 88.5865017 , 90.93958122, 93.29266075, 95.64574027, 97.9988198 ,100.35189932,102.70497885,105.05805837,107.4111379 ,109.76421742,112.11729695,114.47037647,116.823456  
sinr_dl:0.03319381,0.08290839,0.11194811,0.08346085,0.03098396,0.02429774,0.0185323 ,0.01238438,0.00811695,0.00453657,0.00299605,0.00088182,0.00048163,0.00047455,0.00046039,0.00044268,0.0004356 ,0.00042497,0.00041435,0.00040726,0.0003931 ,0.00038956,0.00038247,0.00037539,0.00036477,0.00036477,0.00035414,0.0003506 ,0.00033998,0.00033998,0.00033289,0.00032935,0.00032581,0.00031873,0.00031519,0.00031165,0.0003506 ,0.00041081,0.00041435,0.00042851
sinr_dl_bin_edges: 27.696226 , 30.0493056, 32.4023852, 34.7554648, 37.1085444, 39.461624 , 41.8147036, 44.1677832, 46.5208628, 48.8739424, 51.227022 , 53.5801016, 55.9331812, 58.2862608, 60.6393404, 62.99242  , 65.3454996, 67.6985792, 70.0516588, 72.4047384, 74.757818 , 77.1108976, 79.4639772, 81.8170568, 84.1701364, 86.523216 , 88.8762956, 91.2293752, 93.5824548, 95.9355344, 98.288614 ,100.6416936,102.9947732,105.3478528,107.7009324,110.054012 ,112.4070916,114.7601712,117.1132508,119.4663304,121.81941  
rsrp_ul:0.03318691,0.08290884,0.11195226,0.08346485,0.03098413,0.02429079,0.01853948,0.01238444,0.008117  ,0.00453305,0.00299961,0.00088182,0.00048164,0.00047455,0.00046039,0.00044268,0.0004356 ,0.00042497,0.00041435,0.00040727,0.0003931 ,0.00038956,0.00038248,0.00037539,0.00036477,0.00036477,0.00035414,0.0003506 ,0.00033998,0.00033998,0.0003329 ,0.00032935,0.00032581,0.00031873,0.00031519,0.00031165,0.0003506 ,0.00041081,0.00041435,0.00042852
rsrp_ul_bin_edges:-108.698074 ,-106.3450073,-103.9919406,-101.6388739, -99.2858072, -96.9327405, -94.5796738, -92.2266071, -89.8735404, -87.5204737, -85.167407 , -82.8143403, -80.4612736, -78.1082069, -75.7551402, -73.4020735, -71.0490068, -68.6959401, -66.3428734, -63.9898067, -61.63674  , -59.2836733, -56.9306066, -54.5775399, -52.2244732, -49.8714065, -47.5183398, -45.1652731, -42.8122064, -40.4591397, -38.106073 , -35.7530063, -33.3999396, -31.0468729, -28.6938062, -26.3407395, -23.9876728, -21.6346061, -19.2815394, -16.9284727, -14.575406 
rsrp_dl:0.03318691,0.08290885,0.11195227,0.08346486,0.03098413,0.02429079,0.01853948,0.01238445,0.008117  ,0.00453305,0.00299961,0.00088182,0.00048164,0.00047455,0.00046039,0.00044268,0.0004356 ,0.00042497,0.00041435,0.00040727,0.0003931 ,0.00038956,0.00038248,0.00037539,0.00036477,0.00036477,0.00035414,0.0003506 ,0.00033998,0.00033998,0.0003329 ,0.00032935,0.00032581,0.00031873,0.00031519,0.00031165,0.0003506 ,0.00041081,0.00041435,0.00042852
rsrp_dl_bin_edges:-116.07      ,-113.71693345,-111.3638669 ,-109.01080035,-106.6577338 ,-104.30466725,-101.9516007 , -99.59853415, -97.2454676 , -94.89240105, -92.5393345 , -90.18626795, -87.8332014 , -85.48013485, -83.1270683 , -80.77400175, -78.4209352 , -76.06786865, -73.7148021 , -71.36173555, -69.008669  , -66.65560245, -64.3025359 , -61.94946935, -59.5964028 , -57.24333625, -54.8902697 , -52.53720315, -50.1841366 , -47.83107005, -45.4780035 , -43.12493695, -40.7718704 , -38.41880385, -36.0657373 , -33.71267075, -31.3596042 , -29.00653765, -26.6534711 , -24.30040455, -21.947338  
cqi_ul:0.16471291,0.        ,0.        ,0.        ,0.        ,0.71670831,0.        ,0.        ,0.        ,0.        ,0.        ,0.91542094,0.        ,0.        ,0.        ,0.        ,0.        ,0.65213742,0.        ,0.        ,0.        ,0.        ,1.47046394,0.        ,0.        ,0.        ,0.        ,0.        ,0.5075672 ,0.        ,0.        ,0.        ,0.        ,0.        ,0.21709343,0.        ,0.        ,0.        ,0.        ,1.07018156
cqi_ul_bin_edges: 8.   , 8.175, 8.35 , 8.525, 8.7  , 8.875, 9.05 , 9.225, 9.4  , 9.575, 9.75 , 9.925,10.1  ,10.275,10.45 ,10.625,10.8  ,10.975,11.15 ,11.325,11.5  ,11.675,11.85 ,12.025,12.2  ,12.375,12.55 ,12.725,12.9  ,13.075,13.25 ,13.425,13.6  ,13.775,13.95 ,14.125,14.3  ,14.475,14.65 ,14.825,15.   
cqi_dl:0.02893309,0.        ,0.        ,0.        ,0.        ,0.        ,0.        ,0.        ,0.29706419,0.        ,0.        ,0.        ,0.        ,0.        ,0.        ,0.        ,1.15252373,0.        ,0.        ,0.        ,0.        ,0.        ,0.        ,0.        ,1.37598853,0.        ,0.        ,0.        ,0.        ,0.        ,0.        ,0.        ,1.48245431,0.        ,0.        ,0.        ,0.        ,0.        ,0.        ,3.66303614
cqi_dl_bin_edges:10.   ,10.125,10.25 ,10.375,10.5  ,10.625,10.75 ,10.875,11.   ,11.125,11.25 ,11.375,11.5  ,11.625,11.75 ,11.875,12.   ,12.125,12.25 ,12.375,12.5  ,12.625,12.75 ,12.875,13.   ,13.125,13.25 ,13.375,13.5  ,13.625,13.75 ,13.875,14.   ,14.125,14.25 ,14.375,14.5  ,14.625,14.75 ,14.875,15.   
mcs_ul:0.03591081,0.        ,0.04095521,0.        ,0.        ,0.11782124,0.        ,0.        ,0.21664264,0.        ,0.22682033,0.        ,0.        ,0.20037611,0.        ,0.        ,0.14395436,0.        ,0.16024311,0.        ,0.        ,0.47835157,0.        ,0.        ,0.20799827,0.        ,0.13506554,0.        ,0.        ,0.10179915,0.        ,0.        ,0.06068838,0.        ,0.04062188,0.        ,0.        ,0.        ,0.        ,0.49941806
mcs_ul_bin_edges:13.   ,13.375,13.75 ,14.125,14.5  ,14.875,15.25 ,15.625,16.   ,16.375,16.75 ,17.125,17.5  ,17.875,18.25 ,18.625,19.   ,19.375,19.75 ,20.125,20.5  ,20.875,21.25 ,21.625,22.   ,22.375,22.75 ,23.125,23.5  ,23.875,24.25 ,24.625,25.   ,25.375,25.75 ,26.125,26.5  ,26.875,27.25 ,27.625,28.   
mcs_dl:0.01446655,0.        ,0.        ,0.        ,0.06729944,0.        ,0.        ,0.        ,0.08096599,0.        ,0.        ,0.        ,0.21683153,0.        ,0.        ,0.        ,0.359697  ,0.        ,0.        ,0.        ,0.31283073,0.        ,0.        ,0.        ,0.37516354,0.        ,0.        ,0.        ,0.2479646 ,0.        ,0.        ,0.        ,0.49326256,0.        ,0.        ,0.        ,0.        ,0.        ,0.        ,1.83151807
mcs_dl_bin_edges:18.  ,18.25,18.5 ,18.75,19.  ,19.25,19.5 ,19.75,20.  ,20.25,20.5 ,20.75,21.  ,21.25,21.5 ,21.75,22.  ,22.25,22.5 ,22.75,23.  ,23.25,23.5 ,23.75,24.  ,24.25,24.5 ,24.75,25.  ,25.25,25.5 ,25.75,26.  ,26.25,26.5 ,26.75,27.  ,27.25,27.5 ,27.75,28.  
eff_ul:0.13189659,0.        ,0.15042415,0.        ,0.        ,0.43274489,0.        ,0.        ,0.79570538,0.        ,0.        ,0.83308696,0.        ,0.        ,0.73596014,0.        ,0.        ,0.52872904,0.        ,0.5885559 ,0.        ,1.75693445,0.        ,0.        ,0.        ,0.76395551,0.        ,0.        ,0.49608137,0.        ,0.        ,0.37389746,0.        ,0.        ,0.        ,0.22290198,0.        ,0.14919986,0.        ,1.83430943
eff_ul_bin_edges:3.3222916 ,3.42439093,3.52649027,3.6285896 ,3.73068894,3.83278827,3.93488761,4.03698694,4.13908628,4.24118562,4.34328495,4.44538428,4.54748362,4.64958295,4.75168229,4.85378162,4.95588096,5.0579803 ,5.16007963,5.26217897,5.3642783 ,5.46637764,5.56847697,5.6705763 ,5.77267564,5.87477498,5.97687431,6.07897364,6.18107298,6.28317231,6.38527165,6.48737099,6.58947032,6.69156966,6.79366899,6.89576833,6.99786766,7.099967  ,7.20206633,7.30416567,7.406265  
eff_dl:0.05585843,0.        ,0.        ,0.        ,0.25985754,0.        ,0.        ,0.31262703,0.        ,0.        ,0.        ,0.83723294,0.        ,0.        ,0.        ,0.        ,1.38886713,0.        ,0.        ,0.        ,0.        ,1.2079064 ,0.        ,0.        ,0.        ,0.        ,0.        ,1.44858674,0.        ,0.        ,0.        ,0.        ,0.9574444 ,0.        ,0.        ,0.        ,1.90459232,0.        ,0.        ,7.07188334
eff_dl_bin_edges:4.816406  ,4.88115247,4.94589895,5.01064542,5.0753919 ,5.14013837,5.20488485,5.26963132,5.3343778 ,5.39912428,5.46387075,5.52861722,5.5933637 ,5.65811018,5.72285665,5.78760313,5.8523496 ,5.91709607,5.98184255,6.04658903,6.1113355 ,6.17608197,6.24082845,6.30557493,6.3703214 ,6.43506787,6.49981435,6.56456083,6.6293073 ,6.69405378,6.75880025,6.82354672,6.8882932 ,6.95303968,7.01778615,7.08253263,7.1472791 ,7.21202558,7.27677205,7.34151852,7.406265  
rul:1.92141376e-02,0.00000000e+00,0.00000000e+00,0.00000000e+00,0.00000000e+00,0.00000000e+00,0.00000000e+00,5.17319090e-05,1.50129200e-04,5.64251131e-04,5.81050668e-04,9.77039765e-04,1.41169446e-03,1.04770449e-03,1.61035566e-03,5.93316997e-04,4.53054193e-04,9.17841395e-04,1.49329222e-04,1.81861659e-04,1.03837141e-03,1.89861439e-04,2.63192753e-04,2.66659325e-07,2.50659765e-04,8.90642144e-05,2.01861109e-04,3.71723098e-04,9.35974229e-05,4.17321843e-04,5.33318649e-07,2.05594339e-04,6.71981498e-05,7.94644787e-05,3.81322834e-05,8.50643245e-05,2.66659325e-07,3.61590044e-04,2.50659765e-05,3.17057937e-04
rul_bin_edges:   0.    ,  31.2506,  62.5012,  93.7518, 125.0024, 156.253 , 187.5036, 218.7542, 250.0048, 281.2554, 312.506 , 343.7566, 375.0072, 406.2578, 437.5084, 468.759 , 500.0096, 531.2602, 562.5108, 593.7614, 625.012 , 656.2626, 687.5132, 718.7638, 750.0144, 781.265 , 812.5156, 843.7662, 875.0168, 906.2674, 937.518 , 968.7686,1000.0192,1031.2698,1062.5204,1093.771 ,1125.0216,1156.2722,1187.5228,1218.7734,1250.024 
rdl:1.81025954e-02,0.00000000e+00,0.00000000e+00,0.00000000e+00,0.00000000e+00,0.00000000e+00,0.00000000e+00,0.00000000e+00,2.53576817e-07,0.00000000e+00,0.00000000e+00,3.39792935e-05,3.65404194e-04,5.18057438e-04,1.62086302e-03,9.06029969e-04,6.10612976e-04,5.38571803e-03,0.00000000e+00,0.00000000e+00,0.00000000e+00,0.00000000e+00,0.00000000e+00,1.06502263e-05,4.48830967e-05,5.42654389e-05,1.52146090e-04,2.53576817e-07,2.46476667e-04,2.21879715e-04,2.53576817e-07,2.60423392e-04,0.00000000e+00,1.66092815e-04,3.62614849e-04,1.36551116e-03,0.00000000e+00,0.00000000e+00,0.00000000e+00,5.07153635e-07
rdl_bin_edges:   0.       ,  32.8628775,  65.725755 ,  98.5886325, 131.45151  , 164.3143875, 197.177265 , 230.0401425, 262.90302  , 295.7658975, 328.628775 , 361.4916525, 394.35453  , 427.2174075, 460.080285 , 492.9431625, 525.80604  , 558.6689175, 591.531795 , 624.3946725, 657.25755  , 690.1204275, 722.983305 , 755.8461825, 788.70906  , 821.5719375, 854.434815 , 887.2976925, 920.16057  , 953.0234475, 985.886325 ,1018.7492025,1051.61208  ,1084.4749575,1117.337835 ,1150.2007125,1183.06359  ,1215.9264675,1248.789345 ,1281.6522225,1314.5151   
lul:1.94868754e+03,0.00000000e+00,0.00000000e+00,0.00000000e+00,0.00000000e+00,0.00000000e+00,0.00000000e+00,0.00000000e+00,0.00000000e+00,0.00000000e+00,0.00000000e+00,0.00000000e+00,0.00000000e+00,0.00000000e+00,0.00000000e+00,0.00000000e+00,0.00000000e+00,0.00000000e+00,0.00000000e+00,0.00000000e+00,0.00000000e+00,0.00000000e+00,0.00000000e+00,0.00000000e+00,0.00000000e+00,0.00000000e+00,0.00000000e+00,0.00000000e+00,0.00000000e+00,0.00000000e+00,0.00000000e+00,0.00000000e+00,6.41764698e+02,8.70831153e+00,3.25615127e+02,3.20043971e+02,3.78622240e-01,1.35222229e-01,0.00000000e+00,2.70444457e-02
lul_bin_edges:0.        ,0.00030813,0.00061626,0.0009244 ,0.00123253,0.00154066,0.00184879,0.00215693,0.00246506,0.00277319,0.00308132,0.00338945,0.00369759,0.00400572,0.00431385,0.00462198,0.00493011,0.00523825,0.00554638,0.00585451,0.00616264,0.00647078,0.00677891,0.00708704,0.00739517,0.0077033 ,0.00801144,0.00831957,0.0086277 ,0.00893583,0.00924397,0.0095521 ,0.00986023,0.01016836,0.01047649,0.01078463,0.01109276,0.01140089,0.01170902,0.01201715,0.01232529
ldl:1.78722587e+03,0.00000000e+00,0.00000000e+00,0.00000000e+00,0.00000000e+00,0.00000000e+00,0.00000000e+00,0.00000000e+00,0.00000000e+00,0.00000000e+00,0.00000000e+00,0.00000000e+00,0.00000000e+00,0.00000000e+00,0.00000000e+00,0.00000000e+00,0.00000000e+00,0.00000000e+00,0.00000000e+00,0.00000000e+00,0.00000000e+00,0.00000000e+00,0.00000000e+00,0.00000000e+00,0.00000000e+00,0.00000000e+00,0.00000000e+00,0.00000000e+00,0.00000000e+00,0.00000000e+00,5.72175647e+02,2.88278389e+02,1.01517053e+02,2.54706412e+02,2.50350316e-01,0.00000000e+00,0.00000000e+00,0.00000000e+00,5.00700632e-02,2.50350316e-02
ldl_bin_edges:0.        ,0.00033286,0.00066573,0.00099859,0.00133146,0.00166432,0.00199718,0.00233005,0.00266291,0.00299578,0.00332864,0.00366151,0.00399437,0.00432723,0.0046601 ,0.00499296,0.00532583,0.00565869,0.00599155,0.00632442,0.00665728,0.00699015,0.00732301,0.00765587,0.00798874,0.0083216 ,0.00865447,0.00898733,0.0093202 ,0.00965306,0.00998592,0.01031879,0.01065165,0.01098452,0.01131738,0.01165024,0.01198311,0.01231597,0.01264884,0.0129817 ,0.01331457
ilul:2.72143559e+02,0.00000000e+00,0.00000000e+00,0.00000000e+00,0.00000000e+00,1.13306596e-02,7.55377305e-03,1.13306596e-02,1.13306596e-02,0.00000000e+00,7.55377305e-03,1.13306596e-02,1.13306596e-02,3.77688653e-03,7.55377305e-03,7.55377305e-03,3.77688653e-03,8.72460788e-01,1.58893616e+01,1.54814579e+01,7.96167680e+00,7.19119195e+00,1.15572728e+01,8.99654371e+00,1.35930146e+01,2.51805025e+01,1.34646005e+01,7.54999617e+00,1.26790081e+01,6.59822076e+00,6.48869105e+00,9.91810402e+00,3.58426531e+00,5.60867649e+00,2.64382057e+00,8.98898993e-01,2.12261023e+00,3.17258468e-01,7.10054667e-01,1.68449139e+00
ilul_bin_edges:0.        ,0.00220638,0.00441277,0.00661915,0.00882554,0.01103192,0.01323831,0.01544469,0.01765108,0.01985746,0.02206384,0.02427023,0.02647661,0.028683  ,0.03088938,0.03309577,0.03530215,0.03750854,0.03971492,0.04192131,0.04412769,0.04633407,0.04854046,0.05074684,0.05295323,0.05515961,0.057366  ,0.05957238,0.06177877,0.06398515,0.06619153,0.06839792,0.0706043 ,0.07281069,0.07501707,0.07722346,0.07942984,0.08163623,0.08384261,0.086049  ,0.08825538
ildl:3.30201346e+02,0.00000000e+00,0.00000000e+00,0.00000000e+00,0.00000000e+00,0.00000000e+00,4.62538131e-03,1.38761439e-02,1.85015252e-02,1.38761439e-02,9.25076262e-03,1.38761439e-02,9.25076262e-03,1.85015252e-02,1.38761439e-02,4.62538131e-03,1.38761439e-02,1.85015252e-02,1.38761439e-02,9.25076262e-03,9.25076262e-03,1.38761439e-02,9.25076262e-03,3.31177302e+00,2.99215917e+01,2.35293147e+01,4.52593561e+01,3.12074477e+01,2.37698346e+01,1.35292403e+01,1.32517175e+01,1.23497681e+01,1.17484685e+01,6.40152773e+00,4.58375288e+00,1.63275960e+00,1.92878401e+00,1.43849359e+00,6.01299570e-01,1.75764490e-01
ildl_bin_edges:0.        ,0.00180164,0.00360328,0.00540491,0.00720655,0.00900819,0.01080983,0.01261147,0.01441311,0.01621474,0.01801638,0.01981802,0.02161966,0.0234213 ,0.02522294,0.02702457,0.02882621,0.03062785,0.03242949,0.03423113,0.03603277,0.0378344 ,0.03963604,0.04143768,0.04323932,0.04504096,0.04684259,0.04864423,0.05044587,0.05224751,0.05404915,0.05585079,0.05765242,0.05945406,0.0612557 ,0.06305734,0.06485898,0.06666062,0.06846225,0.07026389,0.07206553
eul:1.69599381e-02,0.00000000e+00,0.00000000e+00,4.11935301e-06,1.29197890e-05,2.47161180e-05,5.38605406e-03,6.38499716e-05,9.17492261e-06,4.68108296e-06,2.80864978e-06,5.61729955e-07,0.00000000e+00,3.74486637e-07,0.00000000e+00,0.00000000e+00,0.00000000e+00,0.00000000e+00,0.00000000e+00,0.00000000e+00,0.00000000e+00,0.00000000e+00,0.00000000e+00,0.00000000e+00,0.00000000e+00,0.00000000e+00,0.00000000e+00,0.00000000e+00,0.00000000e+00,0.00000000e+00,0.00000000e+00,0.00000000e+00,0.00000000e+00,0.00000000e+00,0.00000000e+00,0.00000000e+00,0.00000000e+00,0.00000000e+00,0.00000000e+00,1.87243318e-07
eul_bin_edges:   0.   ,  44.505,  89.01 , 133.515, 178.02 , 222.525, 267.03 , 311.535, 356.04 , 400.545, 445.05 , 489.555, 534.06 , 578.565, 623.07 , 667.575, 712.08 , 756.585, 801.09 , 845.595, 890.1  , 934.605, 979.11 ,1023.615,1068.12 ,1112.625,1157.13 ,1201.635,1246.14 ,1290.645,1335.15 ,1379.655,1424.16 ,1468.665,1513.17 ,1557.675,1602.18 ,1646.685,1691.19 ,1735.695,1780.2  
edl:5.05467168e-02,0.00000000e+00,0.00000000e+00,0.00000000e+00,0.00000000e+00,0.00000000e+00,4.67635460e-07,0.00000000e+00,9.35270919e-07,3.27344822e-06,5.61162551e-06,2.80581276e-06,6.07926097e-06,1.12232510e-05,1.21585219e-05,6.17278807e-05,3.44507043e-03,1.97155110e-03,2.33817730e-05,7.48216735e-06,6.54689643e-06,1.87054184e-06,2.33817730e-06,1.87054184e-06,0.00000000e+00,2.33817730e-06,4.67635460e-07,9.35270919e-07,0.00000000e+00,4.67635460e-07,4.67635460e-07,0.00000000e+00,0.00000000e+00,0.00000000e+00,4.67635460e-07,0.00000000e+00,0.00000000e+00,0.00000000e+00,0.00000000e+00,4.67635460e-07
edl_bin_edges:  0.  , 17.82, 35.64, 53.46, 71.28, 89.1 ,106.92,124.74,142.56,160.38,178.2 ,196.02,213.84,231.66,249.48,267.3 ,285.12,302.94,320.76,338.58,356.4 ,374.22,392.04,409.86,427.68,445.5 ,463.32,481.14,498.96,516.78,534.6 ,552.42,570.24,588.06,605.88,623.7 ,641.52,659.34,677.16,694.98,712.8 
gul:7.07359844e-03,0.00000000e+00,0.00000000e+00,4.80788339e-07,8.17340177e-06,1.53852269e-05,2.93280887e-05,7.04354917e-05,2.13340210e-02,2.55539002e-04,3.00492712e-05,1.05773435e-05,7.69261343e-06,7.93300760e-06,1.92315336e-06,7.21182509e-07,2.40394170e-07,0.00000000e+00,0.00000000e+00,2.40394170e-07,2.40394170e-07,0.00000000e+00,0.00000000e+00,2.40394170e-07,2.40394170e-07,0.00000000e+00,0.00000000e+00,0.00000000e+00,2.40394170e-07,0.00000000e+00,0.00000000e+00,0.00000000e+00,0.00000000e+00,0.00000000e+00,0.00000000e+00,0.00000000e+00,0.00000000e+00,0.00000000e+00,0.00000000e+00,2.40394170e-07
gul_bin_edges:   0.   ,  34.665,  69.33 , 103.995, 138.66 , 173.325, 207.99 , 242.655, 277.32 , 311.985, 346.65 , 381.315, 415.98 , 450.645, 485.31 , 519.975, 554.64 , 589.305, 623.97 , 658.635, 693.3  , 727.965, 762.63 , 797.295, 831.96 , 866.625, 901.29 , 935.955, 970.62 ,1005.285,1039.95 ,1074.615,1109.28 ,1143.945,1178.61 ,1213.275,1247.94 ,1282.605,1317.27 ,1351.935,1386.6  
gdl:2.23044241e-03,0.00000000e+00,1.87243318e-07,9.73665256e-06,2.69630379e-05,5.48622923e-05,1.98558432e-02,2.40045934e-04,2.78992545e-05,1.08601125e-05,9.36216592e-06,1.31070323e-06,3.74486637e-07,3.74486637e-07,0.00000000e+00,1.87243318e-07,0.00000000e+00,0.00000000e+00,1.87243318e-07,1.87243318e-07,0.00000000e+00,1.87243318e-07,0.00000000e+00,0.00000000e+00,0.00000000e+00,0.00000000e+00,0.00000000e+00,0.00000000e+00,0.00000000e+00,0.00000000e+00,0.00000000e+00,1.87243318e-07,0.00000000e+00,0.00000000e+00,0.00000000e+00,0.00000000e+00,0.00000000e+00,0.00000000e+00,0.00000000e+00,1.87243318e-07
gdl_bin_edges:   0.   ,  44.505,  89.01 , 133.515, 178.02 , 222.525, 267.03 , 311.535, 356.04 , 400.545, 445.05 , 489.555, 534.06 , 578.565, 623.07 , 667.575, 712.08 , 756.585, 801.09 , 845.595, 890.1  , 934.605, 979.11 ,1023.615,1068.12 ,1112.625,1157.13 ,1201.635,1246.14 ,1290.645,1335.15 ,1379.655,1424.16 ,1468.665,1513.17 ,1557.675,1602.18 ,1646.685,1691.19 ,1735.695,1780.2  
ri: 0., 0., 0., 0., 0., 0., 0., 0., 0., 0., 0., 0., 0., 0., 0., 0., 0., 0., 0., 0.,40., 0., 0., 0., 0., 0., 0., 0., 0., 0., 0., 0., 0., 0., 0., 0., 0., 0., 0., 0.
ri_bin_edges:0.5  ,0.525,0.55 ,0.575,0.6  ,0.625,0.65 ,0.675,0.7  ,0.725,0.75 ,0.775,0.8  ,0.825,0.85 ,0.875,0.9  ,0.925,0.95 ,0.975,1.   ,1.025,1.05 ,1.075,1.1  ,1.125,1.15 ,1.175,1.2  ,1.225,1.25 ,1.275,1.3  ,1.325,1.35 ,1.375,1.4  ,1.425,1.45 ,1.475,1.5  
