period:1
ue_log_freq:1000
mac_log_freq:1000
mimo_layers:2
frequency:2412000000.0
bandwidth:50000000
ue_speed:5.555555555555555
max_distance:1000
shannon_cfg_bandwidth_mhz:50.0
shannon_cfg_mimo_layers:2
shannon_cfg_bw_efficiency:0.67
shannon_cfg_sinr_offset_db:0
shannon_cfg_ul_divisor:2
shannon_cfg_sinr_sample_rate:1000
n_ue:2
sinr_period:9.463597741343282
sinr_rate:105.66805852612856
ul_fairness:nan
dl_fairness:0.9999755463385486
ul_agg_throughput:0
dl_agg_throughput:39.92737707963517
ul_ave_throughput:0.0
dl_ave_throughput:19.963688539817586
ul_se:0.0
dl_se:0.7985475415927035
ul_ase:0.0
dl_ase:2.541855770767193e-07
ul_gr:0.0, 0.0
dl_gr:20.179362206377935, 20.18050819491805
ul_tr:0.0, 0.0
dl_tr:20.062212509274907, 20.062212499475006
ul_er:0.0, 0.0
dl_er:79.81864581354186, 79.81749982500175
ul_er_ratio:0.0, 0.0
dl_er_ratio:0.7991385652250457, 0.7991362606822555
ul_er_perc:0.0, 0.0
dl_er_perc:79.91385652250457, 79.91362606822555
ul_l:0.0, 0.0
dl_l:0.0014053154675723245, 0.0014101216263737362
ul_il:0.0, 0.0
dl_il:0.24086250045386048, 0.2414050330527515
sinr_ul:0.12029074,0.12057594,0.13207898,0.12326949,0.12811788,0.14256798,0.23202551,0.25598225,0.50651402,0.6932879 ,0.71420252,0.        ,0.        ,0.        ,0.06496207,0.14377215,0.25927789,0.07944386,0.07795449,0.12463211,0.14979303,0.14896912,0.12124141,0.05846586,0.05764195,0.06011368,0.14814521,0.14529322,0.18056287,0.13623022,0.09845715,0.10577727,0.12029074,0.1291953 ,0.13375849,0.11642471,0.11585431,0.11759719,0.07491236,0.20014656
sinr_ul_bin_edges:16.720234 ,16.8780168,17.0357996,17.1935824,17.3513652,17.509148 ,17.6669308,17.8247136,17.9824964,18.1402792,18.298062 ,18.4558448,18.6136276,18.7714104,18.9291932,19.086976 ,19.2447588,19.4025416,19.5603244,19.7181072,19.87589  ,20.0336728,20.1914556,20.3492384,20.5070212,20.664804 ,20.8225868,20.9803696,21.1381524,21.2959352,21.453718 ,21.6115008,21.7692836,21.9270664,22.0848492,22.242632 ,22.4004148,22.5581976,22.7159804,22.8737632,23.031546 
sinr_dl:0.12031437,0.12053617,0.1321335 ,0.12326123,0.12814098,0.14255843,0.23204164,0.25640871,0.50625827,0.69365336,0.71339417,0.        ,0.        ,0.        ,0.06479928,0.14354071,0.25948232,0.07950191,0.07794926,0.12449701,0.14987805,0.14892745,0.12132834,0.05849363,0.05760641,0.05998291,0.14819866,0.14531517,0.18051908,0.13631615,0.09841886,0.10573849,0.12025099,0.12921833,0.1338129 ,0.1164169 ,0.11584654,0.117621  ,0.07490734,0.20013314
sinr_dl_bin_edges:26.480097  ,26.63789038,26.79568375,26.95347712,27.1112705 ,27.26906388,27.42685725,27.58465063,27.742444  ,27.90023737,28.05803075,28.21582413,28.3736175 ,28.53141087,28.68920425,28.84699763,29.004791  ,29.16258438,29.32037775,29.47817112,29.6359645 ,29.79375788,29.95155125,30.10934462,30.267138  ,30.42493137,30.58272475,30.74051813,30.8983115 ,31.05610487,31.21389825,31.37169163,31.529485  ,31.68727837,31.84507175,32.00286512,32.1606585 ,32.31845188,32.47624525,32.63403863,32.791832  
rsrp_ul:0.12029658,0.12157335,0.13057302,0.12418917,0.12886028,0.1509079 ,0.23302597,0.32632355,0.47729373,0.90255133,0.39850772,0.        ,0.        ,0.        ,0.02818235,0.08853305,0.31041064,0.08105928,0.07757152,0.09899633,0.15047193,0.14910174,0.14788725,0.05910508,0.05761032,0.05745462,0.12907826,0.14595653,0.17099366,0.15305661,0.09871606,0.10270208,0.11992289,0.12764579,0.1375174 ,0.11447327,0.11571889,0.11752506,0.07657502,0.19783696
rsrp_ul_bin_edges:-90.963036 ,-90.8024761,-90.6419162,-90.4813563,-90.3207964,-90.1602365,-89.9996766,-89.8391167,-89.6785568,-89.5179969,-89.357437 ,-89.1968771,-89.0363172,-88.8757573,-88.7151974,-88.5546375,-88.3940776,-88.2335177,-88.0729578,-87.9123979,-87.751838 ,-87.5912781,-87.4307182,-87.2701583,-87.1095984,-86.9490385,-86.7884786,-86.6279187,-86.4673588,-86.3067989,-86.146239 ,-85.9856791,-85.8251192,-85.6645593,-85.5039994,-85.3434395,-85.1828796,-85.0223197,-84.8617598,-84.7011999,-84.54064  
rsrp_dl:0.12029658,0.12157335,0.13057302,0.12418917,0.12886028,0.1509079 ,0.23302597,0.32632355,0.47729373,0.90255133,0.39850772,0.        ,0.        ,0.        ,0.02818235,0.08853305,0.31041064,0.08105928,0.07757152,0.09899633,0.15047193,0.14910174,0.14788725,0.05910508,0.05761032,0.05745462,0.12907826,0.14595653,0.17099366,0.15305661,0.09871606,0.10270208,0.11992289,0.12764579,0.1375174 ,0.11447327,0.11575004,0.11749392,0.07657502,0.19783696
rsrp_dl_bin_edges:-87.952736 ,-87.7921761,-87.6316162,-87.4710563,-87.3104964,-87.1499365,-86.9893766,-86.8288167,-86.6682568,-86.5076969,-86.347137 ,-86.1865771,-86.0260172,-85.8654573,-85.7048974,-85.5443375,-85.3837776,-85.2232177,-85.0626578,-84.9020979,-84.741538 ,-84.5809781,-84.4204182,-84.2598583,-84.0992984,-83.9387385,-83.7781786,-83.6176187,-83.4570588,-83.2964989,-83.135939 ,-82.9753791,-82.8148192,-82.6542593,-82.4936994,-82.3331395,-82.1725796,-82.0120197,-81.8514598,-81.6908999,-81.53034  
cqi_ul: 1.52358476, 0.        , 0.        , 0.        , 0.        , 0.        , 0.        , 0.        , 0.        , 0.        , 0.        , 0.        , 0.        , 0.        , 0.        , 0.        , 0.        , 0.        , 0.        , 0.        , 0.        , 0.        , 0.        , 0.        , 0.        , 0.        , 0.        , 0.        , 0.        , 0.        , 0.        , 0.        , 0.        , 0.        , 0.        , 0.        , 0.        , 0.        , 0.        ,38.47641524
cqi_ul_bin_edges:14.   ,14.025,14.05 ,14.075,14.1  ,14.125,14.15 ,14.175,14.2  ,14.225,14.25 ,14.275,14.3  ,14.325,14.35 ,14.375,14.4  ,14.425,14.45 ,14.475,14.5  ,14.525,14.55 ,14.575,14.6  ,14.625,14.65 ,14.675,14.7  ,14.725,14.75 ,14.775,14.8  ,14.825,14.85 ,14.875,14.9  ,14.925,14.95 ,14.975,15.   
cqi_dl: 0., 0., 0., 0., 0., 0., 0., 0., 0., 0., 0., 0., 0., 0., 0., 0., 0., 0., 0., 0.,40., 0., 0., 0., 0., 0., 0., 0., 0., 0., 0., 0., 0., 0., 0., 0., 0., 0., 0., 0.
cqi_dl_bin_edges:14.5  ,14.525,14.55 ,14.575,14.6  ,14.625,14.65 ,14.675,14.7  ,14.725,14.75 ,14.775,14.8  ,14.825,14.85 ,14.875,14.9  ,14.925,14.95 ,14.975,15.   ,15.025,15.05 ,15.075,15.1  ,15.125,15.15 ,15.175,15.2  ,15.225,15.25 ,15.275,15.3  ,15.325,15.35 ,15.375,15.4  ,15.425,15.45 ,15.475,15.5  
mcs_ul: 1.52158478, 0.        , 0.        , 0.        , 0.        , 0.        , 0.        , 0.        , 0.        , 0.        , 0.        , 0.        , 0.        , 0.        , 0.        , 0.        , 0.        , 0.        , 0.        , 0.        , 0.        , 0.        , 0.        , 0.        , 0.        , 0.        , 0.        , 0.        , 0.        , 0.        , 0.        , 0.        , 0.        , 0.        , 0.        , 0.        , 0.        , 0.        , 0.        ,38.47841522
mcs_ul_bin_edges:27.   ,27.025,27.05 ,27.075,27.1  ,27.125,27.15 ,27.175,27.2  ,27.225,27.25 ,27.275,27.3  ,27.325,27.35 ,27.375,27.4  ,27.425,27.45 ,27.475,27.5  ,27.525,27.55 ,27.575,27.6  ,27.625,27.65 ,27.675,27.7  ,27.725,27.75 ,27.775,27.8  ,27.825,27.85 ,27.875,27.9  ,27.925,27.95 ,27.975,28.   
mcs_dl: 0., 0., 0., 0., 0., 0., 0., 0., 0., 0., 0., 0., 0., 0., 0., 0., 0., 0., 0., 0.,40., 0., 0., 0., 0., 0., 0., 0., 0., 0., 0., 0., 0., 0., 0., 0., 0., 0., 0., 0.
mcs_dl_bin_edges:27.5  ,27.525,27.55 ,27.575,27.6  ,27.625,27.65 ,27.675,27.7  ,27.725,27.75 ,27.775,27.8  ,27.825,27.85 ,27.875,27.9  ,27.925,27.95 ,27.975,28.   ,28.025,28.05 ,28.075,28.1  ,28.125,28.15 ,28.175,28.2  ,28.225,28.25 ,28.275,28.3  ,28.325,28.35 ,28.375,28.4  ,28.425,28.45 ,28.475,28.5  
eff_ul:  6.83560021,  0.        ,  0.        ,  0.        ,  0.        ,  0.        ,  0.        ,  0.        ,  0.        ,  0.        ,  0.        ,  0.        ,  0.        ,  0.        ,  0.        ,  0.        ,  0.        ,  0.        ,  0.        ,  0.        ,  0.        ,  0.        ,  0.        ,  0.        ,  0.        ,  0.        ,  0.        ,  0.        ,  0.        ,  0.        ,  0.        ,  0.        ,  0.        ,  0.        ,  0.        ,  0.        ,  0.        ,  0.        ,  0.        ,172.86126017
eff_ul_bin_edges:5.3320003 ,5.33756523,5.34313015,5.34869508,5.35426001,5.35982494,5.36538987,5.37095479,5.37651972,5.38208465,5.38764957,5.3932145 ,5.39877943,5.40434436,5.40990928,5.41547421,5.42103914,5.42660407,5.43216899,5.43773392,5.44329885,5.44886378,5.4544287 ,5.45999363,5.46555856,5.47112349,5.47668841,5.48225334,5.48781827,5.4933832 ,5.49894813,5.50451305,5.51007798,5.51564291,5.52120783,5.52677276,5.53233769,5.53790262,5.54346754,5.54903247,5.5545974 
eff_dl: 0., 0., 0., 0., 0., 0., 0., 0., 0., 0., 0., 0., 0., 0., 0., 0., 0., 0., 0., 0.,40., 0., 0., 0., 0., 0., 0., 0., 0., 0., 0., 0., 0., 0., 0., 0., 0., 0., 0., 0.
eff_dl_bin_edges:5.0545974,5.0795974,5.1045974,5.1295974,5.1545974,5.1795974,5.2045974,5.2295974,5.2545974,5.2795974,5.3045974,5.3295974,5.3545974,5.3795974,5.4045974,5.4295974,5.4545974,5.4795974,5.5045974,5.5295974,5.5545974,5.5795974,5.6045974,5.6295974,5.6545974,5.6795974,5.7045974,5.7295974,5.7545974,5.7795974,5.8045974,5.8295974,5.8545974,5.8795974,5.9045974,5.9295974,5.9545974,5.9795974,6.0045974,6.0295974,6.0545974
rul: 0., 0., 0., 0., 0., 0., 0., 0., 0., 0., 0., 0., 0., 0., 0., 0., 0., 0., 0., 0.,40., 0., 0., 0., 0., 0., 0., 0., 0., 0., 0., 0., 0., 0., 0., 0., 0., 0., 0., 0.
rul_bin_edges:-0.5  ,-0.475,-0.45 ,-0.425,-0.4  ,-0.375,-0.35 ,-0.325,-0.3  ,-0.275,-0.25 ,-0.225,-0.2  ,-0.175,-0.15 ,-0.125,-0.1  ,-0.075,-0.05 ,-0.025, 0.   , 0.025, 0.05 , 0.075, 0.1  , 0.125, 0.15 , 0.175, 0.2  , 0.225, 0.25 , 0.275, 0.3  , 0.325, 0.35 , 0.375, 0.4  , 0.425, 0.45 , 0.475, 0.5  
rdl:0.2818762 ,0.        ,0.        ,0.        ,0.        ,0.        ,0.        ,0.        ,0.        ,0.        ,0.        ,0.        ,0.        ,0.        ,0.        ,0.        ,0.        ,0.        ,0.        ,0.18389688,0.        ,0.        ,0.        ,0.        ,0.        ,0.        ,0.        ,0.        ,0.        ,0.        ,0.        ,0.        ,0.        ,0.        ,0.        ,0.        ,0.        ,0.        ,0.        ,0.03265147
rdl_bin_edges: 0.        , 2.00632175, 4.0126435 , 6.01896525, 8.025287  ,10.03160875,12.0379305 ,14.04425225,16.050574  ,18.05689575,20.0632175 ,22.06953925,24.075861  ,26.08218275,28.0885045 ,30.09482625,32.101148  ,34.10746975,36.1137915 ,38.12011325,40.126435  ,42.13275675,44.1390785 ,46.14540025,48.151722  ,50.15804375,52.1643655 ,54.17068725,56.177009  ,58.18333075,60.1896525 ,62.19597425,64.202296  ,66.20861775,68.2149395 ,70.22126125,72.227583  ,74.23390475,76.2402265 ,78.24654825,80.25287   
lul: 0., 0., 0., 0., 0., 0., 0., 0., 0., 0., 0., 0., 0., 0., 0., 0., 0., 0., 0., 0.,40., 0., 0., 0., 0., 0., 0., 0., 0., 0., 0., 0., 0., 0., 0., 0., 0., 0., 0., 0.
lul_bin_edges:-0.5  ,-0.475,-0.45 ,-0.425,-0.4  ,-0.375,-0.35 ,-0.325,-0.3  ,-0.275,-0.25 ,-0.225,-0.2  ,-0.175,-0.15 ,-0.125,-0.1  ,-0.075,-0.05 ,-0.025, 0.   , 0.025, 0.05 , 0.075, 0.1  , 0.125, 0.15 , 0.175, 0.2  , 0.225, 0.25 , 0.275, 0.3  , 0.325, 0.35 , 0.375, 0.4  , 0.425, 0.45 , 0.475, 0.5  
ldl:5.43045552e+03,0.00000000e+00,0.00000000e+00,0.00000000e+00,0.00000000e+00,0.00000000e+00,0.00000000e+00,0.00000000e+00,0.00000000e+00,0.00000000e+00,0.00000000e+00,0.00000000e+00,0.00000000e+00,0.00000000e+00,0.00000000e+00,0.00000000e+00,0.00000000e+00,0.00000000e+00,0.00000000e+00,0.00000000e+00,0.00000000e+00,0.00000000e+00,0.00000000e+00,0.00000000e+00,0.00000000e+00,0.00000000e+00,0.00000000e+00,0.00000000e+00,2.64892424e+03,2.05872204e+02,1.82442718e+00,2.25652836e+00,3.40879816e+00,6.26930794e+02,2.64061829e+00,1.29630352e+00,1.05624732e+00,2.20851712e+00,6.75134080e+02,3.36078692e-01
ldl_bin_edges:0.        ,0.00010414,0.00020828,0.00031242,0.00041656,0.00052071,0.00062485,0.00072899,0.00083313,0.00093727,0.00104141,0.00114555,0.00124969,0.00135384,0.00145798,0.00156212,0.00166626,0.0017704 ,0.00187454,0.00197868,0.00208282,0.00218697,0.00229111,0.00239525,0.00249939,0.00260353,0.00270767,0.00281181,0.00291595,0.0030201 ,0.00312424,0.00322838,0.00333252,0.00343666,0.0035408 ,0.00364494,0.00374908,0.00385323,0.00395737,0.00406151,0.00416565
ilul: 0., 0., 0., 0., 0., 0., 0., 0., 0., 0., 0., 0., 0., 0., 0., 0., 0., 0., 0., 0.,40., 0., 0., 0., 0., 0., 0., 0., 0., 0., 0., 0., 0., 0., 0., 0., 0., 0., 0., 0.
ilul_bin_edges:-0.5  ,-0.475,-0.45 ,-0.425,-0.4  ,-0.375,-0.35 ,-0.325,-0.3  ,-0.275,-0.25 ,-0.225,-0.2  ,-0.175,-0.15 ,-0.125,-0.1  ,-0.075,-0.05 ,-0.025, 0.   , 0.025, 0.05 , 0.075, 0.1  , 0.125, 0.15 , 0.175, 0.2  , 0.225, 0.25 , 0.275, 0.3  , 0.325, 0.35 , 0.375, 0.4  , 0.425, 0.45 , 0.475, 0.5  
ildl:3.80243826e+01,5.04208536e-03,5.04208536e-03,5.04208536e-03,6.05050244e-03,5.37822439e-03,5.71436341e-03,4.36980731e-03,5.37822439e-03,5.37822439e-03,5.04208536e-03,5.37822439e-03,4.70594634e-03,5.37822439e-03,5.37822439e-03,5.37822439e-03,5.04208536e-03,4.70594634e-03,5.71436341e-03,4.03366829e-03,6.05050244e-03,5.04208536e-03,5.71436341e-03,4.70594634e-03,5.04208536e-03,5.04208536e-03,4.70594634e-03,5.04208536e-03,5.71436341e-03,5.04208536e-03,4.03366829e-03,5.37822439e-03,4.70594634e-03,5.04208536e-03,1.10925878e-02,3.77282441e+00,7.27203165e+00,7.76178621e+00,7.53253939e+00,2.68440625e+00
ildl_bin_edges:0.        ,0.01487465,0.0297493 ,0.04462395,0.0594986 ,0.07437325,0.08924789,0.10412254,0.11899719,0.13387184,0.14874649,0.16362114,0.17849579,0.19337044,0.20824509,0.22311974,0.23799438,0.25286903,0.26774368,0.28261833,0.29749298,0.31236763,0.32724228,0.34211693,0.35699158,0.37186622,0.38674087,0.40161552,0.41649017,0.43136482,0.44623947,0.46111412,0.47598877,0.49086342,0.50573807,0.52061272,0.53548736,0.55036201,0.56523666,0.58011131,0.59498596
eul: 0., 0., 0., 0., 0., 0., 0., 0., 0., 0., 0., 0., 0., 0., 0., 0., 0., 0., 0., 0.,40., 0., 0., 0., 0., 0., 0., 0., 0., 0., 0., 0., 0., 0., 0., 0., 0., 0., 0., 0.
eul_bin_edges:-0.5  ,-0.475,-0.45 ,-0.425,-0.4  ,-0.375,-0.35 ,-0.325,-0.3  ,-0.275,-0.25 ,-0.225,-0.2  ,-0.175,-0.15 ,-0.125,-0.1  ,-0.075,-0.05 ,-0.025, 0.   , 0.025, 0.05 , 0.075, 0.1  , 0.125, 0.15 , 0.175, 0.2  , 0.225, 0.25 , 0.275, 0.3  , 0.325, 0.35 , 0.375, 0.4  , 0.425, 0.45 , 0.475, 0.5  
edl:4.60223448e-02,0.00000000e+00,0.00000000e+00,0.00000000e+00,0.00000000e+00,1.14023945e-06,1.14023945e-06,1.36828734e-05,1.93840707e-05,6.84143672e-06,1.93840707e-05,1.93840707e-05,1.48231129e-05,1.02621551e-05,2.85059863e-05,2.28047891e-05,3.07864652e-05,3.53474230e-05,1.93840707e-05,4.21888598e-05,5.47314937e-05,2.54273398e-04,1.66037108e-01,1.50066914e-02,8.32374801e-05,5.47314937e-05,3.42071836e-05,2.05243102e-05,3.53474230e-05,2.50852680e-05,2.62255074e-05,1.48231129e-05,1.48231129e-05,1.25426340e-05,1.93840707e-05,2.28047891e-05,1.02621551e-05,7.98167617e-06,5.70119726e-06,2.28047891e-06
edl_bin_edges:  0.   ,  4.385,  8.77 , 13.155, 17.54 , 21.925, 26.31 , 30.695, 35.08 , 39.465, 43.85 , 48.235, 52.62 , 57.005, 61.39 , 65.775, 70.16 , 74.545, 78.93 , 83.315, 87.7  , 92.085, 96.47 ,100.855,105.24 ,109.625,114.01 ,118.395,122.78 ,127.165,131.55 ,135.935,140.32 ,144.705,149.09 ,153.475,157.86 ,162.245,166.63 ,171.015,175.4  
gul: 0., 0., 0., 0., 0., 0., 0., 0., 0., 0., 0., 0., 0., 0., 0., 0., 0., 0., 0., 0.,40., 0., 0., 0., 0., 0., 0., 0., 0., 0., 0., 0., 0., 0., 0., 0., 0., 0., 0., 0.
gul_bin_edges:-0.5  ,-0.475,-0.45 ,-0.425,-0.4  ,-0.375,-0.35 ,-0.325,-0.3  ,-0.275,-0.25 ,-0.225,-0.2  ,-0.175,-0.15 ,-0.125,-0.1  ,-0.075,-0.05 ,-0.025, 0.   , 0.025, 0.05 , 0.075, 0.1  , 0.125, 0.15 , 0.175, 0.2  , 0.225, 0.25 , 0.275, 0.3  , 0.325, 0.35 , 0.375, 0.4  , 0.425, 0.45 , 0.475, 0.5  
gdl:1.90504062e-01,0.00000000e+00,0.00000000e+00,0.00000000e+00,0.00000000e+00,1.19330549e-06,0.00000000e+00,1.19330549e-06,1.19330549e-06,0.00000000e+00,7.15983294e-06,4.77322196e-06,4.77322196e-06,3.57991647e-06,2.38661098e-06,7.15983294e-06,7.15983294e-06,8.35313843e-06,3.57991647e-06,3.57991647e-06,1.07397494e-05,1.55129714e-05,6.08585800e-05,4.30878746e-02,4.81260104e-03,3.10259427e-05,1.31263604e-05,4.77322196e-06,3.57991647e-06,7.15983294e-06,8.35313843e-06,5.96652745e-06,9.54644392e-06,3.57991647e-06,2.38661098e-06,7.15983294e-06,4.77322196e-06,2.38661098e-06,7.15983294e-06,4.77322196e-06
gdl_bin_edges:  0.  ,  4.19,  8.38, 12.57, 16.76, 20.95, 25.14, 29.33, 33.52, 37.71, 41.9 , 46.09, 50.28, 54.47, 58.66, 62.85, 67.04, 71.23, 75.42, 79.61, 83.8 , 87.99, 92.18, 96.37,100.56,104.75,108.94,113.13,117.32,121.51,125.7 ,129.89,134.08,138.27,142.46,146.65,150.84,155.03,159.22,163.41,167.6 
ri: 0., 0., 0., 0., 0., 0., 0., 0., 0., 0., 0., 0., 0., 0., 0., 0., 0., 0., 0., 0.,40., 0., 0., 0., 0., 0., 0., 0., 0., 0., 0., 0., 0., 0., 0., 0., 0., 0., 0., 0.
ri_bin_edges:0.5  ,0.525,0.55 ,0.575,0.6  ,0.625,0.65 ,0.675,0.7  ,0.725,0.75 ,0.775,0.8  ,0.825,0.85 ,0.875,0.9  ,0.925,0.95 ,0.975,1.   ,1.025,1.05 ,1.075,1.1  ,1.125,1.15 ,1.175,1.2  ,1.225,1.25 ,1.275,1.3  ,1.325,1.35 ,1.375,1.4  ,1.425,1.45 ,1.475,1.5  
