period:1
ue_log_freq:1000
mac_log_freq:1000
mimo_layers:2
frequency:2412000000.0
bandwidth:50000000
ue_speed:5.555555555555555
max_distance:1000
shannon_cfg_bandwidth_mhz:50.0
shannon_cfg_mimo_layers:2
shannon_cfg_bw_efficiency:0.67
shannon_cfg_sinr_offset_db:0
shannon_cfg_ul_divisor:2
shannon_cfg_sinr_sample_rate:1000
n_ue:20
sinr_period:9.463597741343282
sinr_rate:105.66805852612856
ul_fairness:0.7221004982588136
dl_fairness:0.9854116678843122
ul_agg_throughput:7.753686483196418
dl_agg_throughput:30.68071250772605
ul_ave_throughput:0.3876843241598209
dl_ave_throughput:1.5340356253863026
ul_se:0.15507372966392835
dl_se:0.613614250154521
ul_ase:4.936150123942096e-08
dl_ase:1.9531948212743765e-07
ul_gr:0.12153342466575334, 0.12153342466575334, 0.12153342466575334, 0.12153342466575334, 0.12153342466575334, 0.12153342466575334, 0.12153342466575334, 0.12153342466575334, 0.12153342466575334, 0.12153342466575334, 0.12153342466575334, 0.12153342466575334, 0.12153342466575334, 0.12153342466575334, 0.12153342466575334, 0.12153342466575334, 0.12153342466575334, 0.12153342466575334, 0.12153342466575334, 0.12153342466575334
dl_gr:1.2322281577184229, 1.2311668083319167, 1.23169952300477, 1.2362097979020208, 1.2321051189488106, 1.030789852101479, 1.2297585824141761, 1.2313600063999361, 1.2342353376466237, 1.226049579504205, 1.2354385256147438, 1.2330847891521084, 1.2308336116638834, 1.2300868191318088, 1.2323343166568337, 1.2334249457505426, 1.230190578094219, 1.232939350606494, 1.1097489025109748, 1.2326051939480607
ul_tr:0.12153342871881281, 0.12096652313904861, 0.11707641541241588, 0.12115506320455796, 0.1215334288613114, 0.10471401874329456, 0.12153342829271707, 0.11803136676312237, 0.12153342815801844, 0.12153342939908601, 0.12153342847731523, 0.10395001614792852, 0.12153342880481195, 0.12153342824401756, 0.11973250433375666, 0.12153342920520795, 0.12042797517534824, 0.10580974026757732, 0.11160285914390858, 0.09811716511796882
dl_tr:1.2322282318832811, 1.231166886106139, 1.2316995981800183, 1.236143764504955, 1.2321051968858312, 1.0307899001345988, 1.2297586624446755, 1.2313600823757762, 1.2342354138574614, 1.2260496559624403, 1.235438602809572, 1.2330848671493286, 1.230833683821762, 1.2300868936674634, 1.2312717544474554, 1.2334250217119829, 1.2301906527324726, 1.2329394251859482, 1.109748973509665, 1.230687086517735
ul_er:0.0, 0.0005666843331566684, 0.004454115458845411, 0.00037809621903780967, 0.0, 0.016789662103378965, 0.0, 0.003500234997650024, 0.0, 0.0, 0.0, 0.017574434255657443, 0.0, 0.0, 0.0017996020039799604, 0.0, 0.0011052089479105208, 0.01571489285107149, 0.009920110798892011, 0.023402535974640253
dl_er:30.596231317686826, 30.597292667073333, 30.59675995240048, 30.59231573684264, 30.596354356456438, 30.79766962330377, 30.598700892991076, 30.59709946900531, 30.594224137758623, 30.602409895901044, 30.5930209497905, 30.595374686253134, 30.59762586374136, 30.598372656273444, 30.597186708132924, 30.595034529654704, 30.59826889731103, 30.595520124798757, 30.71871057289427, 30.59777136228638
ul_er_ratio:0.0, 0.004662794185583141, 0.03665017693013871, 0.0031110539776225215, 0.0, 0.13818233313084544, 0.0, 0.028801027444203563, 0.0, 0.0, 0.0, 0.14461644712065988, 0.0, 0.0, 0.014807626216720729, 0.0, 0.009093886216209225, 0.1293144644652289, 0.08163156976464028, 0.19258223781183753
dl_er_ratio:0.9612853323936652, 0.9613186782084415, 0.9613019412321023, 0.9611623124753299, 0.9612891979638251, 0.9676142070471387, 0.9613629223776037, 0.9613126082841685, 0.9612222699042061, 0.9614794535071787, 0.9611844676061726, 0.9612584182693342, 0.9613291468918734, 0.9613526098635915, 0.9613153820850288, 0.9612477311469816, 0.9613493499175397, 0.9612629878222761, 0.9651334375170838, 0.9613337514131484
ul_er_perc:0.0, 0.4662794185583141, 3.665017693013871, 0.31110539776225216, 0.0, 13.818233313084544, 0.0, 2.8801027444203564, 0.0, 0.0, 0.0, 14.461644712065988, 0.0, 0.0, 1.4807626216720728, 0.0, 0.9093886216209225, 12.93144644652289, 8.163156976464029, 19.25822378118375
dl_er_perc:96.12853323936652, 96.13186782084415, 96.13019412321023, 96.116231247533, 96.1289197963825, 96.76142070471387, 96.13629223776037, 96.13126082841686, 96.12222699042061, 96.14794535071786, 96.11844676061726, 96.12584182693342, 96.13291468918734, 96.13526098635916, 96.13153820850287, 96.12477311469816, 96.13493499175398, 96.12629878222762, 96.51334375170838, 96.13337514131484
ul_l:0.00041819294760952385, 0.00043994356904430954, 0.0006151993858601413, 0.0004267022072389277, 0.0004197030408385916, 0.002928487390651093, 0.00042000866676433237, 0.0005014544894761052, 0.0004201891805061949, 0.00042076561085489144, 0.0004207538924310757, 0.001273175068110319, 0.00041821000105798944, 0.00041907658730012704, 0.00043769145427345726, 0.0004188799547414526, 0.0004339012769922301, 0.001071168070815292, 0.0011716574961130389, 0.001217362495502045
dl_l:9.572228904310957e-05, 9.528352671273288e-05, 9.620872041779582e-05, 9.689183924460757e-05, 9.507419459605404e-05, 0.01826646488632014, 9.517581931280686e-05, 9.572599162208379e-05, 9.666635344246557e-05, 9.568273384966151e-05, 9.618131562784372e-05, 9.56798515704843e-05, 9.688097123928762e-05, 9.522973778762213e-05, 0.00011350797851421487, 9.57631120098799e-05, 9.569053341166588e-05, 9.608963559464406e-05, 0.0007957363540544595, 0.00011856005961340388
ul_il:0.0005101125830831692, 0.0005294896165538345, 0.0006998007611293887, 0.0005107071634263658, 0.0005075773319246807, 0.003199724663584364, 0.0005047849829371707, 0.0005838746476445236, 0.0005026254597294028, 0.000502173746490535, 0.0005013805573544264, 0.0013554365356116438, 0.0005089615679413205, 0.0005134592946370537, 0.0005338394814271857, 0.0005065680772092279, 0.0005446961618533815, 0.0011839300204297958, 0.0013560053297117028, 0.0014389608015209848
dl_il:0.11513591760061899, 0.11302946771782384, 0.11426937166738134, 0.11310655296039739, 0.11297778844455354, 0.13568087339255308, 0.11207109411429185, 0.11372839881303787, 0.11414757100705994, 0.11298919322815071, 0.11420113415242848, 0.11294760208995612, 0.11507034097559325, 0.11470014754910451, 0.11389164832436975, 0.11417453013765362, 0.11447519703763961, 0.11410495556442335, 0.11176378559357508, 0.11404997014914352
sinr_ul:4.94314533e-04,3.92946973e-04,4.56035874e-04,1.01485704e-03,2.79717755e-03,2.19275280e-03,1.45600676e-03,1.72821056e-03,2.28348740e-03,1.14765090e-02,4.33203363e-02,6.59193949e-02,7.90544095e-02,7.63793928e-02,5.18730174e-02,2.41467451e-02,2.81315062e-02,1.82435615e-02,1.40272382e-02,1.17153962e-02,1.26033666e-02,9.88558179e-03,4.64896675e-03,2.74944737e-03,2.18424643e-03,2.07389993e-03,1.63038732e-04,1.15544841e-04,1.07274760e-04,1.01603848e-04,9.71143752e-05,9.33337669e-05,8.62451264e-05,4.82027556e-05,4.77301795e-05,4.72576035e-05,4.67850275e-05,4.65487395e-05,7.27767094e-05,2.58499091e-04
sinr_ul_bin_edges:-5.7864075 ,-3.67036706,-1.55432663, 0.56171381, 2.67775425, 4.79379469, 6.90983512, 9.02587556,11.141916  ,13.25795644,15.37399687,17.49003731,19.60607775,21.72211819,23.83815862,25.95419906,28.0702395 ,30.18627994,32.30232037,34.41836081,36.53440125,38.65044169,40.76648212,42.88252256,44.998563  ,47.11460344,49.23064387,51.34668431,53.46272475,55.57876519,57.69480562,59.81084606,61.9268865 ,64.04292694,66.15896737,68.27500781,70.39104825,72.50708869,74.62312912,76.73916956,78.85521   
sinr_dl:4.94081368e-04,3.93185746e-04,4.56038756e-04,1.01509974e-03,2.79790410e-03,2.19253037e-03,1.45554339e-03,1.72822148e-03,2.28468328e-03,1.14860331e-02,4.33288802e-02,6.59235921e-02,7.90397866e-02,7.63923989e-02,5.18572776e-02,2.41405179e-02,2.78271069e-02,1.82316261e-02,1.28465881e-02,1.30389278e-02,1.24848289e-02,9.91943368e-03,4.84582529e-03,2.76009778e-03,2.18402395e-03,2.07414933e-03,2.08643638e-04,1.16018150e-04,1.07984307e-04,1.01604490e-04,9.75875681e-05,9.33343569e-05,9.23891988e-05,4.82030603e-05,4.77304812e-05,4.72579022e-05,4.67853232e-05,4.65490337e-05,7.27771694e-05,2.58500725e-04
sinr_dl_bin_edges: 3.9570875 , 6.07311456, 8.18914162,10.30516869,12.42119575,14.53722281,16.65324988,18.76927694,20.885304  ,23.00133106,25.11735812,27.23338519,29.34941225,31.46543931,33.58146637,35.69749344,37.8135205 ,39.92954756,42.04557462,44.16160169,46.27762875,48.39365581,50.50968287,52.62570994,54.741737  ,56.85776406,58.97379112,61.08981819,63.20584525,65.32187231,67.43789938,69.55392644,71.6699535 ,73.78598056,75.90200762,78.01803469,80.13406175,82.25008881,84.36611587,86.48214294,88.59817   
rsrp_ul:4.98674665e-04,4.04567260e-04,4.58950936e-04,1.04463948e-03,2.81258186e-03,2.17700220e-03,1.44069452e-03,1.72348963e-03,2.35741413e-03,1.26588646e-02,4.34010109e-02,6.63904095e-02,7.86385592e-02,7.90315404e-02,4.85360122e-02,2.31289045e-02,2.84629974e-02,1.85554738e-02,1.37340063e-02,1.18807052e-02,1.26259980e-02,9.88104105e-03,4.67344938e-03,2.77522264e-03,2.16683482e-03,2.10961373e-03,1.67643593e-04,1.15387974e-04,1.07585098e-04,1.01437378e-04,9.69448139e-05,9.33980525e-05,8.70138818e-05,4.84724070e-05,4.77630547e-05,4.70537024e-05,4.70537024e-05,4.65808008e-05,7.25903851e-05,2.58677138e-04
rsrp_ul_bin_edges:-116.35635   ,-114.24176603,-112.12718205,-110.01259807,-107.8980141 ,-105.78343013,-103.66884615,-101.55426218, -99.4396782 , -97.32509423, -95.21051025, -93.09592628, -90.9813423 , -88.86675833, -86.75217435, -84.63759038, -82.5230064 , -80.40842242, -78.29383845, -76.17925448, -74.0646705 , -71.95008653, -69.83550255, -67.72091858, -65.6063346 , -63.49175063, -61.37716665, -59.26258268, -57.1479987 , -55.03341473, -52.91883075, -50.80424678, -48.6896628 , -46.57507883, -44.46049485, -42.34591088, -40.2313269 , -38.11674293, -36.00215895, -33.88757498, -31.772991  
rsrp_dl:4.98674641e-04,4.04567241e-04,4.58950915e-04,1.04463943e-03,2.81258173e-03,2.17700210e-03,1.44069445e-03,1.72348955e-03,2.35741402e-03,1.26588640e-02,4.34010089e-02,6.63904064e-02,7.86385555e-02,7.90315366e-02,4.85360099e-02,2.31289035e-02,2.82156685e-02,1.85353746e-02,1.28501527e-02,1.28879848e-02,1.25226684e-02,9.91532594e-03,4.83423568e-03,2.78373473e-03,2.16659826e-03,2.10985008e-03,2.05002804e-04,1.15860870e-04,1.07821544e-04,1.01910275e-04,9.69448094e-05,9.38709495e-05,9.17428928e-05,4.84724047e-05,4.77630524e-05,4.70537002e-05,4.70537002e-05,4.65807986e-05,7.25903816e-05,2.58677125e-04
rsrp_dl_bin_edges:-113.346054  ,-111.23146992,-109.11688585,-107.00230177,-104.8877177 ,-102.77313362,-100.65854955, -98.54396547, -96.4293814 , -94.31479733, -92.20021325, -90.08562917, -87.9710451 , -85.85646103, -83.74187695, -81.62729287, -79.5127088 , -77.39812473, -75.28354065, -73.16895657, -71.0543725 , -68.93978843, -66.82520435, -64.71062027, -62.5960362 , -60.48145213, -58.36686805, -56.25228397, -54.1376999 , -52.02311583, -49.90853175, -47.79394767, -45.6793636 , -43.56477953, -41.45019545, -39.33561137, -37.2210273 , -35.10644323, -32.99185915, -30.87727508, -28.762691  
cqi_ul:1.77536686e-03,0.00000000e+00,0.00000000e+00,2.99689311e-03,0.00000000e+00,0.00000000e+00,2.63535826e-03,0.00000000e+00,0.00000000e+00,3.14458394e-03,0.00000000e+00,0.00000000e+00,6.05840095e-03,0.00000000e+00,0.00000000e+00,1.73967491e-02,0.00000000e+00,0.00000000e+00,1.25860280e-02,0.00000000e+00,0.00000000e+00,6.50608879e-03,0.00000000e+00,0.00000000e+00,8.10914968e-03,0.00000000e+00,0.00000000e+00,1.10368127e-02,0.00000000e+00,0.00000000e+00,1.72475198e-02,0.00000000e+00,0.00000000e+00,9.91743929e-02,0.00000000e+00,0.00000000e+00,1.77842837e-01,0.00000000e+00,0.00000000e+00,2.71041290e+00
cqi_ul_bin_edges: 2.   , 2.325, 2.65 , 2.975, 3.3  , 3.625, 3.95 , 4.275, 4.6  , 4.925, 5.25 , 5.575, 5.9  , 6.225, 6.55 , 6.875, 7.2  , 7.525, 7.85 , 8.175, 8.5  , 8.825, 9.15 , 9.475, 9.8  ,10.125,10.45 ,10.775,11.1  ,11.425,11.75 ,12.075,12.4  ,12.725,13.05 ,13.375,13.7  ,14.025,14.35 ,14.675,15.   
cqi_dl:2.74497255e-03,0.00000000e+00,0.00000000e+00,0.00000000e+00,0.00000000e+00,3.86496135e-03,0.00000000e+00,0.00000000e+00,0.00000000e+00,0.00000000e+00,2.18997810e-03,0.00000000e+00,0.00000000e+00,0.00000000e+00,0.00000000e+00,4.57495425e-03,0.00000000e+00,0.00000000e+00,0.00000000e+00,0.00000000e+00,8.41491585e-03,0.00000000e+00,0.00000000e+00,0.00000000e+00,0.00000000e+00,1.56448436e-02,0.00000000e+00,0.00000000e+00,0.00000000e+00,0.00000000e+00,3.17346827e-02,0.00000000e+00,0.00000000e+00,0.00000000e+00,0.00000000e+00,1.30848692e-02,0.00000000e+00,0.00000000e+00,0.00000000e+00,4.91774582e+00
cqi_dl_bin_edges: 7. , 7.2, 7.4, 7.6, 7.8, 8. , 8.2, 8.4, 8.6, 8.8, 9. , 9.2, 9.4, 9.6, 9.8,10. ,10.2,10.4,10.6,10.8,11. ,11.2,11.4,11.6,11.8,12. ,12.2,12.4,12.6,12.8,13. ,13.2,13.4,13.6,13.8,14. ,14.2,14.4,14.6,14.8,15. 
mcs_ul:8.54806267e-04,7.83695867e-04,6.59252667e-04,0.00000000e+00,6.30364067e-04,6.38512133e-04,0.00000000e+00,6.49623133e-04,8.64435800e-04,0.00000000e+00,1.51628113e-03,1.62961333e-05,0.00000000e+00,1.38443060e-03,2.47330860e-03,0.00000000e+00,5.90290393e-03,3.78144367e-03,0.00000000e+00,2.27849573e-03,2.03849813e-03,0.00000000e+00,0.00000000e+00,1.09406313e-03,0.00000000e+00,1.91183273e-03,1.99257267e-03,0.00000000e+00,2.88515633e-03,2.42886460e-03,0.00000000e+00,3.48885400e-03,4.81550740e-03,0.00000000e+00,1.03680445e-02,3.73825891e-02,0.00000000e+00,3.82240622e-02,4.73750818e-02,1.30504251e+00
mcs_ul_bin_edges: 1.   , 1.675, 2.35 , 3.025, 3.7  , 4.375, 5.05 , 5.725, 6.4  , 7.075, 7.75 , 8.425, 9.1  , 9.775,10.45 ,11.125,11.8  ,12.475,13.15 ,13.825,14.5  ,15.175,15.85 ,16.525,17.2  ,17.875,18.55 ,19.225,19.9  ,20.575,21.25 ,21.925,22.6  ,23.275,23.95 ,24.625,25.3  ,25.975,26.65 ,27.325,28.   
mcs_dl:1.37248628e-03,0.00000000e+00,9.77490225e-04,0.00000000e+00,0.00000000e+00,9.54990450e-04,0.00000000e+00,6.29993700e-04,0.00000000e+00,0.00000000e+00,0.00000000e+00,0.00000000e+00,4.64995350e-04,0.00000000e+00,0.00000000e+00,1.14748853e-03,0.00000000e+00,1.13998860e-03,0.00000000e+00,0.00000000e+00,1.41123589e-03,0.00000000e+00,2.79622204e-03,0.00000000e+00,0.00000000e+00,3.62996370e-03,0.00000000e+00,4.19245808e-03,0.00000000e+00,0.00000000e+00,1.04998950e-02,0.00000000e+00,5.36744633e-03,0.00000000e+00,0.00000000e+00,2.67747323e-03,0.00000000e+00,3.86121139e-03,0.00000000e+00,2.45887666e+00
mcs_dl_bin_edges:12. ,12.4,12.8,13.2,13.6,14. ,14.4,14.8,15.2,15.6,16. ,16.4,16.8,17.2,17.6,18. ,18.4,18.8,19.2,19.6,20. ,20.4,20.8,21.2,21.6,22. ,22.4,22.8,23.2,23.6,24. ,24.4,24.8,25.2,25.6,26. ,26.4,26.8,27.2,27.6,28. 
eff_ul:8.42979770e-03,3.39173597e-03,3.24310933e-03,3.28502967e-03,3.34219375e-03,4.44736615e-03,7.80099272e-03,7.20648619e-03,1.27247263e-02,0.00000000e+00,3.03693752e-02,0.00000000e+00,1.94548451e-02,0.00000000e+00,1.17224492e-02,0.00000000e+00,1.04877049e-02,5.62875733e-03,9.83603430e-03,0.00000000e+00,1.02514267e-02,0.00000000e+00,1.48436085e-02,0.00000000e+00,0.00000000e+00,1.24960699e-02,0.00000000e+00,1.79495240e-02,0.00000000e+00,2.47749163e-02,0.00000000e+00,0.00000000e+00,5.33417172e-02,0.00000000e+00,1.92326673e-01,0.00000000e+00,1.96655900e-01,0.00000000e+00,2.43736244e-01,6.71420811e+00
eff_ul_bin_edges:0.30659986,0.4377998 ,0.56899974,0.70019968,0.83139961,0.96259955,1.09379949,1.22499943,1.35619937,1.48739931,1.61859924,1.74979918,1.88099912,2.01219906,2.143399  ,2.27459894,2.40579888,2.53699881,2.66819875,2.79939869,2.93059863,3.06179857,3.19299851,3.32419845,3.45539838,3.58659832,3.71779826,3.8489982 ,3.98019814,4.11139808,4.24259801,4.37379795,4.50499789,4.63619783,4.76739777,4.89859771,5.02979765,5.16099758,5.29219752,5.42339746,5.5545974 
eff_dl:5.69009726e-03,0.00000000e+00,4.05251007e-03,0.00000000e+00,3.95922979e-03,0.00000000e+00,0.00000000e+00,2.61184792e-03,0.00000000e+00,1.92779251e-03,4.75729443e-03,0.00000000e+00,0.00000000e+00,4.72620100e-03,0.00000000e+00,0.00000000e+00,5.85074664e-03,0.00000000e+00,0.00000000e+00,1.15926663e-02,0.00000000e+00,0.00000000e+00,1.50492190e-02,0.00000000e+00,0.00000000e+00,0.00000000e+00,1.73812261e-02,0.00000000e+00,0.00000000e+00,4.35307987e-02,0.00000000e+00,0.00000000e+00,2.22525297e-02,0.00000000e+00,0.00000000e+00,1.11003537e-02,0.00000000e+00,1.60079330e-02,0.00000000e+00,1.01940891e+01
eff_dl_bin_edges:1.6952995 ,1.79178195,1.88826439,1.98474684,2.08122929,2.17771174,2.27419418,2.37067663,2.46715908,2.56364153,2.66012397,2.75660642,2.85308887,2.94957132,3.04605376,3.14253621,3.23901866,3.33550111,3.43198355,3.528466  ,3.62494845,3.7214309 ,3.81791334,3.91439579,4.01087824,4.10736069,4.20384313,4.30032558,4.39680803,4.49329048,4.58977293,4.68625537,4.78273782,4.87922027,4.97570271,5.07218516,5.16866761,5.26515006,5.3616325 ,5.45811495,5.5545974 
rul:4.62947797e-01,1.18016086e-03,6.25722870e-04,4.05345418e-04,2.39712894e-04,9.76090403e-05,6.17336413e-05,3.51765277e-05,3.68072276e-05,5.68415414e-05,1.67729139e-05,1.60740424e-05,2.86537278e-05,1.39774282e-05,9.55124261e-06,1.02501140e-05,3.26139992e-06,3.26139992e-06,2.79548564e-06,1.39774282e-06,1.20438840e-04,0.00000000e+00,0.00000000e+00,0.00000000e+00,0.00000000e+00,0.00000000e+00,0.00000000e+00,0.00000000e+00,0.00000000e+00,0.00000000e+00,0.00000000e+00,0.00000000e+00,0.00000000e+00,0.00000000e+00,0.00000000e+00,0.00000000e+00,0.00000000e+00,0.00000000e+00,0.00000000e+00,5.59097128e-06
rul_bin_edges: 0.        , 2.14629613, 4.29259225, 6.43888838, 8.5851845 ,10.73148062,12.87777675,15.02407288,17.170369  ,19.31666513,21.46296125,23.60925738,25.7555535 ,27.90184963,30.04814575,32.19444188,34.340738  ,36.48703413,38.63333025,40.77962637,42.9259225 ,45.07221863,47.21851475,49.36481088,51.511107  ,53.65740313,55.80369925,57.94999538,60.0962915 ,62.24258763,64.38888375,66.53517987,68.681476  ,70.82777213,72.97406825,75.12036438,77.2666605 ,79.41295663,81.55925275,83.70554888,85.851845  
rdl:4.84131863e-01,3.93751451e-05,6.80342697e-05,7.57597728e-05,6.50437523e-05,2.71638659e-05,2.11828312e-05,1.07160205e-05,1.34573281e-05,1.71954748e-05,1.34573281e-05,7.47629337e-06,6.97787381e-06,7.47629337e-07,1.74446845e-06,3.28956908e-05,2.31765095e-05,3.14004322e-05,1.49525867e-06,1.27366134e-02,0.00000000e+00,2.49209779e-07,0.00000000e+00,0.00000000e+00,2.49209779e-07,4.98419558e-07,2.49209779e-07,0.00000000e+00,2.49209779e-07,2.49209779e-07,0.00000000e+00,2.49209779e-07,0.00000000e+00,0.00000000e+00,2.49209779e-07,0.00000000e+00,0.00000000e+00,0.00000000e+00,0.00000000e+00,1.09652303e-03
rdl_bin_edges: 0.        , 2.00632175, 4.0126435 , 6.01896525, 8.025287  ,10.03160875,12.0379305 ,14.04425225,16.050574  ,18.05689575,20.0632175 ,22.06953925,24.075861  ,26.08218275,28.0885045 ,30.09482625,32.101148  ,34.10746975,36.1137915 ,38.12011325,40.126435  ,42.13275675,44.1390785 ,46.14540025,48.151722  ,50.15804375,52.1643655 ,54.17068725,56.177009  ,58.18333075,60.1896525 ,62.19597425,64.202296  ,66.20861775,68.2149395 ,70.22126125,72.227583  ,74.23390475,76.2402265 ,78.24654825,80.25287   
lul:3.81426119e+01,1.61164027e-02,1.61737564e-02,1.41090216e-02,1.10310372e-02,7.83834532e-03,5.94567169e-03,4.55006387e-03,3.70887559e-03,2.56180067e-03,2.38973943e-03,1.96914529e-03,1.56766906e-03,1.10883909e-03,9.36777855e-04,6.30891209e-04,4.39712055e-04,3.25004562e-04,2.86768731e-04,1.91179154e-04,1.33825408e-04,1.52943323e-04,1.33825408e-04,1.14707493e-04,1.14707493e-04,1.52943323e-04,5.73537463e-05,7.64716617e-05,1.33825408e-04,7.64716617e-05,7.64716617e-05,5.73537463e-05,7.64716617e-05,7.64716617e-05,7.64716617e-05,7.64716617e-05,3.82358308e-05,0.00000000e+00,5.73537463e-05,3.82358308e-05
lul_bin_edges:0.        ,0.02615322,0.05230643,0.07845965,0.10461287,0.13076609,0.15691931,0.18307252,0.20922574,0.23537896,0.26153217,0.28768539,0.31383861,0.33999183,0.36614505,0.39229826,0.41845148,0.4446047 ,0.47075791,0.49691113,0.52306435,0.54921757,0.57537078,0.601524  ,0.62767722,0.65383044,0.67998366,0.70613687,0.73229009,0.75844331,0.78459652,0.81074974,0.83690296,0.86305618,0.88920939,0.91536261,0.94151583,0.96766905,0.99382226,1.01997548,1.0461287 
ldl:7.42945326e+00,0.00000000e+00,0.00000000e+00,0.00000000e+00,0.00000000e+00,0.00000000e+00,0.00000000e+00,0.00000000e+00,0.00000000e+00,0.00000000e+00,0.00000000e+00,0.00000000e+00,0.00000000e+00,0.00000000e+00,0.00000000e+00,0.00000000e+00,0.00000000e+00,0.00000000e+00,0.00000000e+00,0.00000000e+00,0.00000000e+00,0.00000000e+00,0.00000000e+00,0.00000000e+00,0.00000000e+00,0.00000000e+00,0.00000000e+00,0.00000000e+00,0.00000000e+00,0.00000000e+00,0.00000000e+00,0.00000000e+00,0.00000000e+00,0.00000000e+00,0.00000000e+00,3.34381071e-05,0.00000000e+00,5.20148333e-05,0.00000000e+00,1.22606393e-03
ldl_bin_edges:0.        ,0.13457565,0.2691513 ,0.40372695,0.5383026 ,0.67287825,0.8074539 ,0.94202955,1.0766052 ,1.21118085,1.3457565 ,1.48033215,1.6149078 ,1.74948345,1.8840591 ,2.01863475,2.1532104 ,2.28778605,2.4223617 ,2.55693735,2.691513  ,2.82608865,2.9606643 ,3.09523995,3.2298156 ,3.36439125,3.4989669 ,3.63354255,3.7681182 ,3.90269385,4.0372695 ,4.17184515,4.3064208 ,4.44099645,4.5755721 ,4.71014775,4.8447234 ,4.97929905,5.1138747 ,5.24845035,5.383026  
ilul:3.77795636e+01,3.22744162e-02,2.09982696e-02,1.71511137e-02,1.06886499e-02,8.67979015e-03,7.44794220e-03,5.66650056e-03,4.51045864e-03,3.33546521e-03,3.01328959e-03,2.25522932e-03,1.91410219e-03,1.06128438e-03,1.04233288e-03,6.82254247e-04,4.73787672e-04,4.16933151e-04,3.22175617e-04,2.27418082e-04,1.32660548e-04,1.32660548e-04,1.51612055e-04,9.47575344e-05,1.13709041e-04,1.32660548e-04,9.47575344e-05,5.68545206e-05,1.13709041e-04,7.58060275e-05,1.13709041e-04,1.89515069e-05,1.32660548e-04,3.79030137e-05,7.58060275e-05,5.68545206e-05,3.79030137e-05,1.89515069e-05,3.79030137e-05,3.79030137e-05
ilul_bin_edges:0.        ,0.02638286,0.05276572,0.07914859,0.10553145,0.13191431,0.15829718,0.18468004,0.2110629 ,0.23744576,0.26382862,0.29021149,0.31659435,0.34297721,0.36936008,0.39574294,0.4221258 ,0.44850866,0.47489152,0.50127439,0.52765725,0.55404011,0.58042297,0.60680584,0.6331887 ,0.65957156,0.68595443,0.71233729,0.73872015,0.76510301,0.79148588,0.81786874,0.8442516 ,0.87063446,0.89701732,0.92340019,0.94978305,0.97616591,1.00254877,1.02893164,1.0553145 
ildl:3.09001868e+00,3.42009782e-03,2.92153203e-03,2.82150131e-03,2.46266096e-03,2.48806559e-03,2.46583654e-03,2.48330222e-03,2.40867613e-03,1.97679748e-03,1.59096472e-03,1.29087257e-03,9.90780426e-04,9.87604848e-04,1.10510124e-03,9.33143680e-03,3.41692224e-02,1.11240507e-02,2.66748576e-04,0.00000000e+00,1.58778914e-06,0.00000000e+00,0.00000000e+00,1.58778914e-06,0.00000000e+00,7.93894572e-06,2.54046263e-05,2.38168372e-05,2.85802046e-05,2.54046263e-05,1.74656806e-05,4.44580960e-05,5.08092526e-05,4.12825178e-05,3.33435720e-04,2.54046263e-05,2.54046263e-05,1.90534697e-05,2.22290480e-05,5.92245351e-04
ildl_bin_edges: 0.        , 0.31490012, 0.62980025, 0.94470037, 1.2596005 , 1.57450062, 1.88940075, 2.20430087, 2.519201  , 2.83410112, 3.14900125, 3.46390137, 3.7788015 , 4.09370162, 4.40860175, 4.72350187, 5.038402  , 5.35330212, 5.66820225, 5.98310237, 6.2980025 , 6.61290262, 6.92780275, 7.24270287, 7.557603  , 7.87250312, 8.18740325, 8.50230337, 8.8172035 , 9.13210362, 9.44700375, 9.76190387,10.076804  ,10.39170412,10.70660425,11.02150437,11.3364045 ,11.65130462,11.96620475,12.28110487,12.596005  
eul:1.56413876e+00,3.62508119e-04,2.62289892e-04,1.83211447e-04,1.22923920e-04,1.21358010e-04,1.05698912e-04,9.16057235e-05,7.35977607e-05,7.90784450e-05,6.49852568e-05,4.93261588e-05,4.54113843e-05,3.75818353e-05,3.28841059e-05,2.66204666e-05,3.28841059e-05,1.95738725e-05,1.64420529e-05,1.72250078e-05,1.09613686e-05,4.69772941e-06,3.91477451e-06,3.13181961e-06,2.34886470e-06,2.34886470e-06,7.82954901e-07,1.56590980e-06,1.56590980e-06,7.82954901e-07,1.56590980e-06,7.82954901e-07,7.82954901e-07,7.82954901e-07,7.82954901e-07,0.00000000e+00,7.82954901e-07,2.34886470e-06,7.82954901e-07,7.82954901e-07
eul_bin_edges: 0.    , 0.6386, 1.2772, 1.9158, 2.5544, 3.193 , 3.8316, 4.4702, 5.1088, 5.7474, 6.386 , 7.0246, 7.6632, 8.3018, 8.9404, 9.579 ,10.2176,10.8562,11.4948,12.1334,12.772 ,13.4106,14.0492,14.6878,15.3264,15.965 ,16.6036,17.2422,17.8808,18.5194,19.158 ,19.7966,20.4352,21.0738,21.7124,22.351 ,22.9896,23.6282,24.2668,24.9054,25.544 
edl:6.12892669e-02,2.86396929e-05,9.66544603e-05,9.33762061e-05,7.13650711e-05,4.30532037e-04,4.73365489e-05,4.11366859e-04,1.53894219e-03,1.83917263e-03,5.93652199e-04,2.60026796e-04,1.20394784e-04,5.72073362e-05,1.09515303e-04,1.50151245e-04,1.56887877e-04,2.09520067e-04,1.12613434e-04,1.46296595e-04,7.43731395e-04,1.28240979e-03,1.71787722e-03,3.32292487e-04,3.06210553e-05,3.03688819e-05,1.89130047e-05,2.69105039e-05,2.43887699e-05,2.07502680e-05,3.14136002e-05,2.70185782e-05,0.00000000e+00,0.00000000e+00,0.00000000e+00,0.00000000e+00,0.00000000e+00,0.00000000e+00,0.00000000e+00,6.48445876e-07
edl_bin_edges:  0.    , 13.8792, 27.7584, 41.6376, 55.5168, 69.396 , 83.2752, 97.1544,111.0336,124.9128,138.792 ,152.6712,166.5504,180.4296,194.3088,208.188 ,222.0672,235.9464,249.8256,263.7048,277.584 ,291.4632,305.3424,319.2216,333.1008,346.98  ,360.8592,374.7384,388.6176,402.4968,416.376 ,430.2552,444.1344,458.0136,471.8928,485.772 ,499.6512,513.5304,527.4096,541.2888,555.168 
gul:2.85471335e-01,2.85825759e-05,8.28894701e-05,2.00078031e-05,8.57477277e-06,7.43146973e-05,1.42912879e-05,4.28738638e-05,1.71495455e-05,1.71495455e-05,2.85825759e-06,2.57243183e-05,0.00000000e+00,2.85825759e-06,0.00000000e+00,0.00000000e+00,2.85825759e-06,2.85825759e-06,0.00000000e+00,0.00000000e+00,2.85825759e-06,0.00000000e+00,2.85825759e-06,0.00000000e+00,0.00000000e+00,0.00000000e+00,0.00000000e+00,0.00000000e+00,2.85825759e-06,0.00000000e+00,0.00000000e+00,0.00000000e+00,0.00000000e+00,0.00000000e+00,2.85825759e-06,0.00000000e+00,0.00000000e+00,0.00000000e+00,0.00000000e+00,2.85825759e-06
gul_bin_edges:  0.    ,  3.4986,  6.9972, 10.4958, 13.9944, 17.493 , 20.9916, 24.4902, 27.9888, 31.4874, 34.986 , 38.4846, 41.9832, 45.4818, 48.9804, 52.479 , 55.9776, 59.4762, 62.9748, 66.4734, 69.972 , 73.4706, 76.9692, 80.4678, 83.9664, 87.465 , 90.9636, 94.4622, 97.9608,101.4594,104.958 ,108.4566,111.9552,115.4538,118.9524,122.451 ,125.9496,129.4482,132.9468,136.4454,139.944 
gdl:7.14667330e-02,1.20322735e-05,4.38421462e-05,1.25366203e-05,1.00509111e-05,1.92696499e-04,2.37763488e-06,1.01229606e-05,6.77625940e-05,2.54695130e-05,1.15639515e-05,1.52024533e-05,6.41240922e-06,1.87328809e-06,8.64594501e-06,6.19626059e-06,4.50309636e-06,7.34905326e-06,6.98880555e-06,3.56645232e-06,2.21552341e-05,3.82583067e-05,5.31005123e-05,1.13838276e-05,1.08074313e-06,1.33291652e-06,5.40371563e-07,1.18881744e-06,1.54906515e-06,8.64594501e-07,1.72918900e-06,1.08074313e-06,0.00000000e+00,0.00000000e+00,0.00000000e+00,0.00000000e+00,0.00000000e+00,0.00000000e+00,0.00000000e+00,7.20495418e-08
gdl_bin_edges:  0.    , 13.8792, 27.7584, 41.6376, 55.5168, 69.396 , 83.2752, 97.1544,111.0336,124.9128,138.792 ,152.6712,166.5504,180.4296,194.3088,208.188 ,222.0672,235.9464,249.8256,263.7048,277.584 ,291.4632,305.3424,319.2216,333.1008,346.98  ,360.8592,374.7384,388.6176,402.4968,416.376 ,430.2552,444.1344,458.0136,471.8928,485.772 ,499.6512,513.5304,527.4096,541.2888,555.168 
ri: 0., 0., 0., 0., 0., 0., 0., 0., 0., 0., 0., 0., 0., 0., 0., 0., 0., 0., 0., 0.,40., 0., 0., 0., 0., 0., 0., 0., 0., 0., 0., 0., 0., 0., 0., 0., 0., 0., 0., 0.
ri_bin_edges:0.5  ,0.525,0.55 ,0.575,0.6  ,0.625,0.65 ,0.675,0.7  ,0.725,0.75 ,0.775,0.8  ,0.825,0.85 ,0.875,0.9  ,0.925,0.95 ,0.975,1.   ,1.025,1.05 ,1.075,1.1  ,1.125,1.15 ,1.175,1.2  ,1.225,1.25 ,1.275,1.3  ,1.325,1.35 ,1.375,1.4  ,1.425,1.45 ,1.475,1.5  
