period:1
ue_log_freq:1000
mac_log_freq:1000
mimo_layers:2
frequency:2412000000.0
bandwidth:50000000
ue_speed:5.555555555555555
max_distance:1000
shannon_cfg_bandwidth_mhz:50.0
shannon_cfg_mimo_layers:2
shannon_cfg_bw_efficiency:0.67
shannon_cfg_sinr_offset_db:0
shannon_cfg_ul_divisor:2
shannon_cfg_sinr_sample_rate:1000
n_ue:1
sinr_period:9.463597741343282
sinr_rate:105.66805852612856
ul_fairness:1.0
dl_fairness:1.0
ul_agg_throughput:0.25746409465066894
dl_agg_throughput:20.627830293294096
ul_ave_throughput:0.25746409465066894
dl_ave_throughput:20.627830293294096
ul_se:0.005149281893013379
dl_se:0.4125566058658819
ul_ase:1.6390673332933428e-09
dl_ase:1.3132084625753985e-07
ul_gr:0.12153342466575334
dl_gr:15.469239307606923
ul_tr:0.12153342833371666
dl_tr:15.469240472335281
ul_er:0.0
dl_er:16.359220167798323
ul_er_ratio:0.0
dl_er_ratio:0.5139808787098682
ul_er_perc:0.0
dl_er_perc:51.39808787098682
ul_l:0.0005337838184118159
dl_l:0.001083088143289567
ul_il:0.0005339248640673593
dl_il:0.08951384429882099
sinr_ul:0.03580288,0.0913531 ,0.25561946,0.35537527,0.1329052 ,0.06791394,0.05797297,0.12011846,0.09235296,0.10796625,0.04280193,0.02851539,0.04718596,0.04028304,0.04135982,0.03672583,0.00490319,0.00492241,0.00496087,0.01040245,0.02299691,0.0274963 ,0.02038187,0.01926664,0.01892053,0.01642087,0.01472879,0.01490184,0.01717077,0.03357241,0.0092103 ,0.00957563,0.01188302,0.01438268,0.02001654,0.01244063,0.01394043,0.01451728,0.01530563,0.01626704
sinr_ul_bin_edges:26.19862   ,26.71868475,27.2387495 ,27.75881425,28.278879  ,28.79894375,29.3190085 ,29.83907325,30.359138  ,30.87920275,31.3992675 ,31.91933225,32.439397  ,32.95946175,33.4795265 ,33.99959125,34.519656  ,35.03972075,35.5597855 ,36.07985025,36.599915  ,37.11997975,37.6400445 ,38.16010925,38.680174  ,39.20023875,39.7203035 ,40.24036825,40.760433  ,41.28049775,41.8005625 ,42.32062725,42.840692  ,43.36075675,43.8808215 ,44.40088625,44.920951  ,45.44101575,45.9610805 ,46.48114525,47.00121   
sinr_dl:0.03580289,0.09135314,0.25565804,0.35533699,0.13290526,0.06791397,0.05795377,0.12013774,0.09235301,0.1079663 ,0.04280196,0.02851541,0.04718598,0.04028306,0.04137907,0.03670662,0.00490319,0.00492242,0.00496087,0.01040245,0.02299692,0.02749631,0.02038188,0.01926665,0.01892054,0.01642088,0.01472879,0.01490185,0.01717078,0.03357242,0.00922953,0.00955641,0.01188302,0.01438269,0.02001655,0.01244064,0.01394044,0.01451728,0.01530564,0.01626705
sinr_dl_bin_edges:35.9418   ,36.4618645,36.981929 ,37.5019935,38.022058 ,38.5421225,39.062187 ,39.5822515,40.102316 ,40.6223805,41.142445 ,41.6625095,42.182574 ,42.7026385,43.222703 ,43.7427675,44.262832 ,44.7828965,45.302961 ,45.8230255,46.34309  ,46.8631545,47.383219 ,47.9032835,48.423348 ,48.9434125,49.463477 ,49.9835415,50.503606 ,51.0236705,51.543735 ,52.0637995,52.583864 ,53.1039285,53.623993 ,54.1440575,54.664122 ,55.1841865,55.704251 ,56.2243155,56.74438  
rsrp_ul:0.03580293,0.09135323,0.25561983,0.35537578,0.13290539,0.06791404,0.05797305,0.12011863,0.09235309,0.1079664 ,0.042802  ,0.02851544,0.04718603,0.0402831 ,0.04137911,0.03670665,0.00490319,0.00492242,0.00496088,0.01040246,0.02299694,0.02749634,0.0203819 ,0.01926667,0.01892056,0.01642089,0.01472881,0.01490186,0.01717079,0.03355323,0.00922954,0.00957565,0.01188303,0.0143827 ,0.02001657,0.01244065,0.01394045,0.0145173 ,0.01530566,0.01626707
rsrp_ul_bin_edges:-84.41096 ,-83.890896,-83.370832,-82.850768,-82.330704,-81.81064 ,-81.290576,-80.770512,-80.250448,-79.730384,-79.21032 ,-78.690256,-78.170192,-77.650128,-77.130064,-76.61    ,-76.089936,-75.569872,-75.049808,-74.529744,-74.00968 ,-73.489616,-72.969552,-72.449488,-71.929424,-71.40936 ,-70.889296,-70.369232,-69.849168,-69.329104,-68.80904 ,-68.288976,-67.768912,-67.248848,-66.728784,-66.20872 ,-65.688656,-65.168592,-64.648528,-64.128464,-63.6084  
rsrp_dl:0.03580293,0.09135323,0.25561983,0.35537578,0.13290539,0.06791404,0.05797305,0.12011863,0.09235309,0.1079664 ,0.042802  ,0.02851544,0.04718603,0.0402831 ,0.04137911,0.03670665,0.00490319,0.00492242,0.00496088,0.01040246,0.02299694,0.02749634,0.0203819 ,0.01926667,0.01892056,0.01642089,0.01472881,0.01490186,0.01717079,0.03355323,0.00922954,0.00957565,0.01188303,0.0143827 ,0.02001657,0.01244065,0.01394045,0.0145173 ,0.01530566,0.01626707
rsrp_dl_bin_edges:-81.40066 ,-80.880596,-80.360532,-79.840468,-79.320404,-78.80034 ,-78.280276,-77.760212,-77.240148,-76.720084,-76.20002 ,-75.679956,-75.159892,-74.639828,-74.119764,-73.5997  ,-73.079636,-72.559572,-72.039508,-71.519444,-70.99938 ,-70.479316,-69.959252,-69.439188,-68.919124,-68.39906 ,-67.878996,-67.358932,-66.838868,-66.318804,-65.79874 ,-65.278676,-64.758612,-64.238548,-63.718484,-63.19842 ,-62.678356,-62.158292,-61.638228,-61.118164,-60.5981  
cqi_ul: 0., 0., 0., 0., 0., 0., 0., 0., 0., 0., 0., 0., 0., 0., 0., 0., 0., 0., 0., 0.,40., 0., 0., 0., 0., 0., 0., 0., 0., 0., 0., 0., 0., 0., 0., 0., 0., 0., 0., 0.
cqi_ul_bin_edges:14.5  ,14.525,14.55 ,14.575,14.6  ,14.625,14.65 ,14.675,14.7  ,14.725,14.75 ,14.775,14.8  ,14.825,14.85 ,14.875,14.9  ,14.925,14.95 ,14.975,15.   ,15.025,15.05 ,15.075,15.1  ,15.125,15.15 ,15.175,15.2  ,15.225,15.25 ,15.275,15.3  ,15.325,15.35 ,15.375,15.4  ,15.425,15.45 ,15.475,15.5  
cqi_dl: 0., 0., 0., 0., 0., 0., 0., 0., 0., 0., 0., 0., 0., 0., 0., 0., 0., 0., 0., 0.,40., 0., 0., 0., 0., 0., 0., 0., 0., 0., 0., 0., 0., 0., 0., 0., 0., 0., 0., 0.
cqi_dl_bin_edges:14.5  ,14.525,14.55 ,14.575,14.6  ,14.625,14.65 ,14.675,14.7  ,14.725,14.75 ,14.775,14.8  ,14.825,14.85 ,14.875,14.9  ,14.925,14.95 ,14.975,15.   ,15.025,15.05 ,15.075,15.1  ,15.125,15.15 ,15.175,15.2  ,15.225,15.25 ,15.275,15.3  ,15.325,15.35 ,15.375,15.4  ,15.425,15.45 ,15.475,15.5  
mcs_ul: 0., 0., 0., 0., 0., 0., 0., 0., 0., 0., 0., 0., 0., 0., 0., 0., 0., 0., 0., 0.,40., 0., 0., 0., 0., 0., 0., 0., 0., 0., 0., 0., 0., 0., 0., 0., 0., 0., 0., 0.
mcs_ul_bin_edges:27.5  ,27.525,27.55 ,27.575,27.6  ,27.625,27.65 ,27.675,27.7  ,27.725,27.75 ,27.775,27.8  ,27.825,27.85 ,27.875,27.9  ,27.925,27.95 ,27.975,28.   ,28.025,28.05 ,28.075,28.1  ,28.125,28.15 ,28.175,28.2  ,28.225,28.25 ,28.275,28.3  ,28.325,28.35 ,28.375,28.4  ,28.425,28.45 ,28.475,28.5  
mcs_dl: 0., 0., 0., 0., 0., 0., 0., 0., 0., 0., 0., 0., 0., 0., 0., 0., 0., 0., 0., 0.,40., 0., 0., 0., 0., 0., 0., 0., 0., 0., 0., 0., 0., 0., 0., 0., 0., 0., 0., 0.
mcs_dl_bin_edges:27.5  ,27.525,27.55 ,27.575,27.6  ,27.625,27.65 ,27.675,27.7  ,27.725,27.75 ,27.775,27.8  ,27.825,27.85 ,27.875,27.9  ,27.925,27.95 ,27.975,28.   ,28.025,28.05 ,28.075,28.1  ,28.125,28.15 ,28.175,28.2  ,28.225,28.25 ,28.275,28.3  ,28.325,28.35 ,28.375,28.4  ,28.425,28.45 ,28.475,28.5  
eff_ul: 0., 0., 0., 0., 0., 0., 0., 0., 0., 0., 0., 0., 0., 0., 0., 0., 0., 0., 0., 0.,40., 0., 0., 0., 0., 0., 0., 0., 0., 0., 0., 0., 0., 0., 0., 0., 0., 0., 0., 0.
eff_ul_bin_edges:5.0545974,5.0795974,5.1045974,5.1295974,5.1545974,5.1795974,5.2045974,5.2295974,5.2545974,5.2795974,5.3045974,5.3295974,5.3545974,5.3795974,5.4045974,5.4295974,5.4545974,5.4795974,5.5045974,5.5295974,5.5545974,5.5795974,5.6045974,5.6295974,5.6545974,5.6795974,5.7045974,5.7295974,5.7545974,5.7795974,5.8045974,5.8295974,5.8545974,5.8795974,5.9045974,5.9295974,5.9545974,5.9795974,6.0045974,6.0295974,6.0545974
eff_dl: 0., 0., 0., 0., 0., 0., 0., 0., 0., 0., 0., 0., 0., 0., 0., 0., 0., 0., 0., 0.,40., 0., 0., 0., 0., 0., 0., 0., 0., 0., 0., 0., 0., 0., 0., 0., 0., 0., 0., 0.
eff_dl_bin_edges:5.0545974,5.0795974,5.1045974,5.1295974,5.1545974,5.1795974,5.2045974,5.2295974,5.2545974,5.2795974,5.3045974,5.3295974,5.3545974,5.3795974,5.4045974,5.4295974,5.4545974,5.4795974,5.5045974,5.5295974,5.5545974,5.5795974,5.6045974,5.6295974,5.6545974,5.6795974,5.7045974,5.7295974,5.7545974,5.7795974,5.8045974,5.8295974,5.8545974,5.8795974,5.9045974,5.9295974,5.9545974,5.9795974,6.0045974,6.0295974,6.0545974
rul:5.14332222e-01,7.21045733e-05,5.15032666e-06,3.60522866e-05,5.66535933e-05,9.78562066e-05,1.03006533e-05,1.54509800e-05,0.00000000e+00,2.57516333e-05,9.27058799e-05,1.03006533e-05,2.57516333e-05,7.72548999e-05,5.15032666e-06,2.06013067e-05,5.15032666e-06,2.06013067e-05,5.15032666e-06,0.00000000e+00,2.57516333e-05,0.00000000e+00,8.24052266e-05,0.00000000e+00,0.00000000e+00,0.00000000e+00,0.00000000e+00,0.00000000e+00,0.00000000e+00,5.15032666e-06,0.00000000e+00,0.00000000e+00,0.00000000e+00,0.00000000e+00,0.00000000e+00,0.00000000e+00,0.00000000e+00,0.00000000e+00,5.15032666e-06,5.15032666e-06
rul_bin_edges: 0.      , 1.941605, 3.88321 , 5.824815, 7.76642 , 9.708025,11.64963 ,13.591235,15.53284 ,17.474445,19.41605 ,21.357655,23.29926 ,25.240865,27.18247 ,29.124075,31.06568 ,33.007285,34.94889 ,36.890495,38.8321  ,40.773705,42.71531 ,44.656915,46.59852 ,48.540125,50.48173 ,52.423335,54.36494 ,56.306545,58.24815 ,60.189755,62.13136 ,64.072965,66.01457 ,67.956175,69.89778 ,71.839385,73.78099 ,75.722595,77.6642  
rdl:3.29878985e-01,2.49209779e-05,8.47313249e-05,6.97787381e-05,1.39557476e-04,2.99051735e-05,1.99367823e-05,4.98419558e-06,4.98419558e-06,3.48893691e-05,1.49525867e-05,9.96839116e-06,0.00000000e+00,4.98419558e-06,2.49209779e-05,4.98419558e-06,1.49525867e-05,1.99367823e-05,1.99367823e-05,1.44053221e-01,4.98419558e-06,0.00000000e+00,0.00000000e+00,0.00000000e+00,1.49525867e-05,0.00000000e+00,0.00000000e+00,0.00000000e+00,0.00000000e+00,4.98419558e-06,0.00000000e+00,0.00000000e+00,0.00000000e+00,0.00000000e+00,0.00000000e+00,0.00000000e+00,4.98419558e-06,0.00000000e+00,0.00000000e+00,2.39341072e-02
rdl_bin_edges: 0.        , 2.00632175, 4.0126435 , 6.01896525, 8.025287  ,10.03160875,12.0379305 ,14.04425225,16.050574  ,18.05689575,20.0632175 ,22.06953925,24.075861  ,26.08218275,28.0885045 ,30.09482625,32.101148  ,34.10746975,36.1137915 ,38.12011325,40.126435  ,42.13275675,44.1390785 ,46.14540025,48.151722  ,50.15804375,52.1643655 ,54.17068725,56.177009  ,58.18333075,60.1896525 ,62.19597425,64.202296  ,66.20861775,68.2149395 ,70.22126125,72.227583  ,74.23390475,76.2402265 ,78.24654825,80.25287   
lul:7.13846306e+03,0.00000000e+00,0.00000000e+00,0.00000000e+00,0.00000000e+00,0.00000000e+00,0.00000000e+00,0.00000000e+00,0.00000000e+00,0.00000000e+00,0.00000000e+00,0.00000000e+00,0.00000000e+00,0.00000000e+00,0.00000000e+00,0.00000000e+00,0.00000000e+00,0.00000000e+00,0.00000000e+00,0.00000000e+00,0.00000000e+00,0.00000000e+00,0.00000000e+00,0.00000000e+00,0.00000000e+00,1.04574084e+03,3.22701397e+01,3.76627625e+00,2.39672125e+00,4.58800926e+01,1.83177981e+01,8.90210751e+00,3.68067907e+00,4.67360644e+01,2.11082665e+02,2.05433250e+00,1.71194375e-01,0.00000000e+00,8.55971876e-02,2.56791563e-01
lul_bin_edges:0.        ,0.00011683,0.00023365,0.00035048,0.0004673 ,0.00058413,0.00070095,0.00081778,0.0009346 ,0.00105143,0.00116825,0.00128508,0.0014019 ,0.00151873,0.00163555,0.00175238,0.0018692 ,0.00198603,0.00210285,0.00221968,0.0023365 ,0.00245333,0.00257015,0.00268698,0.0028038 ,0.00292063,0.00303745,0.00315428,0.0032711 ,0.00338793,0.00350475,0.00362158,0.0037384 ,0.00385523,0.00397205,0.00408888,0.0042057 ,0.00432253,0.00443935,0.00455618,0.004673  
ldl:6.13587448e+03,0.00000000e+00,0.00000000e+00,0.00000000e+00,0.00000000e+00,0.00000000e+00,0.00000000e+00,0.00000000e+00,0.00000000e+00,0.00000000e+00,0.00000000e+00,0.00000000e+00,0.00000000e+00,0.00000000e+00,0.00000000e+00,0.00000000e+00,0.00000000e+00,0.00000000e+00,0.00000000e+00,0.00000000e+00,0.00000000e+00,0.00000000e+00,0.00000000e+00,0.00000000e+00,0.00000000e+00,0.00000000e+00,0.00000000e+00,1.94802651e+03,3.68206385e+02,3.52310577e+01,2.78873808e+00,8.92396186e+00,4.22307903e+02,1.43155221e+01,2.32394840e+00,1.46873539e+01,1.29769279e+02,2.12687758e+02,4.64789680e-01,2.78873808e-01
ldl_bin_edges:0.        ,0.00010757,0.00021515,0.00032272,0.0004303 ,0.00053787,0.00064545,0.00075302,0.0008606 ,0.00096817,0.00107574,0.00118332,0.00129089,0.00139847,0.00150604,0.00161362,0.00172119,0.00182877,0.00193634,0.00204391,0.00215149,0.00225906,0.00236664,0.00247421,0.00258179,0.00268936,0.00279694,0.00290451,0.00301208,0.00311966,0.00322723,0.00333481,0.00344238,0.00354996,0.00365753,0.00376511,0.00387268,0.00398026,0.00408783,0.0041954 ,0.00430298
ilul:6.62973234e+03,0.00000000e+00,0.00000000e+00,0.00000000e+00,0.00000000e+00,0.00000000e+00,0.00000000e+00,0.00000000e+00,0.00000000e+00,0.00000000e+00,0.00000000e+00,0.00000000e+00,0.00000000e+00,0.00000000e+00,0.00000000e+00,0.00000000e+00,0.00000000e+00,0.00000000e+00,0.00000000e+00,0.00000000e+00,0.00000000e+00,0.00000000e+00,0.00000000e+00,8.98634159e+02,1.01676671e+02,3.81585630e+00,2.22591618e+00,5.54094134e+01,4.92881439e+00,7.87020362e+00,2.05897246e+01,2.18934755e+02,4.69032337e+00,3.17988025e-01,7.94970063e-02,7.94970063e-02,3.17988025e-01,7.94970063e-02,0.00000000e+00,3.97485031e-01
ilul_bin_edges:0.        ,0.00012579,0.00025158,0.00037737,0.00050316,0.00062895,0.00075474,0.00088053,0.00100632,0.00113211,0.0012579 ,0.00138369,0.00150948,0.00163527,0.00176105,0.00188684,0.00201263,0.00213842,0.00226421,0.00239   ,0.00251579,0.00264158,0.00276737,0.00289316,0.00301895,0.00314474,0.00327053,0.00339632,0.00352211,0.0036479 ,0.00377369,0.00389948,0.00402527,0.00415106,0.00427685,0.00440264,0.00452843,0.00465422,0.00478001,0.0049058 ,0.00503159
ildl:9.10608593e+01,3.12576811e-01,6.96131762e-02,2.67532991e-01,1.63795709e-02,2.32043921e-02,2.32043921e-02,2.45693563e-02,3.27591417e-02,5.32336053e-02,4.50438199e-02,4.64087841e-02,5.45985696e-02,4.50438199e-02,4.23138914e-02,5.05036768e-02,5.05036768e-02,4.23138914e-02,5.59635338e-02,3.68540345e-02,6.00584265e-02,5.32336053e-02,4.77737484e-02,4.36788557e-02,4.64087841e-02,5.45985696e-02,5.73284980e-02,5.32336053e-02,4.23138914e-02,5.18686411e-02,5.45985696e-02,5.18686411e-02,4.36788557e-02,9.28175683e-02,1.33766495e-01,5.10496625e-01,1.05825677e+01,1.46501612e+01,1.38912411e+01,3.62261509e+00
ildl_bin_edges:0.        ,0.00732613,0.01465225,0.02197838,0.0293045 ,0.03663063,0.04395676,0.05128288,0.05860901,0.06593513,0.07326126,0.08058739,0.08791351,0.09523964,0.10256576,0.10989189,0.11721802,0.12454414,0.13187027,0.13919639,0.14652252,0.15384865,0.16117477,0.1685009 ,0.17582702,0.18315315,0.19047928,0.1978054 ,0.20513153,0.21245765,0.21978378,0.22710991,0.23443603,0.24176216,0.24908828,0.25641441,0.26374054,0.27106666,0.27839279,0.28571891,0.29304504
eul: 0., 0., 0., 0., 0., 0., 0., 0., 0., 0., 0., 0., 0., 0., 0., 0., 0., 0., 0., 0.,40., 0., 0., 0., 0., 0., 0., 0., 0., 0., 0., 0., 0., 0., 0., 0., 0., 0., 0., 0.
eul_bin_edges:-0.5  ,-0.475,-0.45 ,-0.425,-0.4  ,-0.375,-0.35 ,-0.325,-0.3  ,-0.275,-0.25 ,-0.225,-0.2  ,-0.175,-0.15 ,-0.125,-0.1  ,-0.075,-0.05 ,-0.025, 0.   , 0.025, 0.05 , 0.075, 0.1  , 0.125, 0.15 , 0.175, 0.2  , 0.225, 0.25 , 0.275, 0.3  , 0.325, 0.35 , 0.375, 0.4  , 0.425, 0.45 , 0.475, 0.5  
edl:8.27818995e-02,2.54542909e-05,2.54542909e-05,7.36356273e-05,8.81809364e-05,8.54536909e-05,6.90902182e-05,3.58178236e-04,4.63631727e-05,1.59998400e-04,1.64816534e-03,1.51362123e-03,5.70903382e-04,1.76361873e-04,1.81816364e-04,2.72724545e-05,4.54540909e-05,5.18176636e-05,5.81812364e-05,6.18175636e-05,1.29089618e-04,1.48180336e-04,3.54541909e-05,4.90904182e-05,5.90903182e-05,1.76361873e-04,3.94541509e-04,9.72717546e-04,6.46357173e-04,1.89089018e-04,1.18180636e-05,5.45449091e-06,2.72724545e-06,2.72724545e-06,5.45449091e-06,8.18173636e-06,8.18173636e-06,2.72724545e-06,6.36357273e-06,6.36357273e-06
edl_bin_edges:  0., 11., 22., 33., 44., 55., 66., 77., 88., 99.,110.,121.,132.,143.,154.,165.,176.,187.,198.,209.,220.,231.,242.,253.,264.,275.,286.,297.,308.,319.,330.,341.,352.,363.,374.,385.,396.,407.,418.,429.,440.
gul:2.85471335e-01,3.14408335e-05,8.86059853e-05,1.71495455e-05,5.71651518e-06,6.85981821e-05,1.42912879e-05,4.57321214e-05,2.00078031e-05,1.42912879e-05,2.85825759e-06,2.28660607e-05,0.00000000e+00,2.85825759e-06,0.00000000e+00,0.00000000e+00,2.85825759e-06,5.71651518e-06,0.00000000e+00,0.00000000e+00,2.85825759e-06,0.00000000e+00,2.85825759e-06,0.00000000e+00,0.00000000e+00,0.00000000e+00,0.00000000e+00,0.00000000e+00,2.85825759e-06,0.00000000e+00,0.00000000e+00,0.00000000e+00,0.00000000e+00,0.00000000e+00,2.85825759e-06,0.00000000e+00,0.00000000e+00,0.00000000e+00,0.00000000e+00,2.85825759e-06
gul_bin_edges:  0.    ,  3.4986,  6.9972, 10.4958, 13.9944, 17.493 , 20.9916, 24.4902, 27.9888, 31.4874, 34.986 , 38.4846, 41.9832, 45.4818, 48.9804, 52.479 , 55.9776, 59.4762, 62.9748, 66.4734, 69.972 , 73.4706, 76.9692, 80.4678, 83.9664, 87.465 , 90.9636, 94.4622, 97.9608,101.4594,104.958 ,108.4566,111.9552,115.4538,118.9524,122.451 ,125.9496,129.4482,132.9468,136.4454,139.944 
gdl:6.70435396e-02,2.23353579e-05,6.91675601e-05,3.89067526e-05,3.17017984e-05,3.77539599e-04,2.16148625e-05,1.29689175e-04,4.25092296e-04,5.20197692e-04,1.89490295e-04,1.39055616e-04,7.27700372e-05,3.38632846e-05,6.12421105e-05,9.00619272e-05,6.98880555e-05,1.10956294e-04,6.55650830e-05,8.50184593e-05,4.25812792e-04,6.98160060e-04,9.73389309e-04,1.80844350e-04,2.16148625e-05,2.66583305e-05,1.65713946e-05,2.01738717e-05,2.01738717e-05,1.72918900e-05,3.02608075e-05,2.08943671e-05,0.00000000e+00,0.00000000e+00,0.00000000e+00,0.00000000e+00,0.00000000e+00,0.00000000e+00,0.00000000e+00,7.20495418e-07
gdl_bin_edges:  0.    , 13.8792, 27.7584, 41.6376, 55.5168, 69.396 , 83.2752, 97.1544,111.0336,124.9128,138.792 ,152.6712,166.5504,180.4296,194.3088,208.188 ,222.0672,235.9464,249.8256,263.7048,277.584 ,291.4632,305.3424,319.2216,333.1008,346.98  ,360.8592,374.7384,388.6176,402.4968,416.376 ,430.2552,444.1344,458.0136,471.8928,485.772 ,499.6512,513.5304,527.4096,541.2888,555.168 
ri: 0., 0., 0., 0., 0., 0., 0., 0., 0., 0., 0., 0., 0., 0., 0., 0., 0., 0., 0., 0.,40., 0., 0., 0., 0., 0., 0., 0., 0., 0., 0., 0., 0., 0., 0., 0., 0., 0., 0., 0.
ri_bin_edges:0.5  ,0.525,0.55 ,0.575,0.6  ,0.625,0.65 ,0.675,0.7  ,0.725,0.75 ,0.775,0.8  ,0.825,0.85 ,0.875,0.9  ,0.925,0.95 ,0.975,1.   ,1.025,1.05 ,1.075,1.1  ,1.125,1.15 ,1.175,1.2  ,1.225,1.25 ,1.275,1.3  ,1.325,1.35 ,1.375,1.4  ,1.425,1.45 ,1.475,1.5  
