period:1
ue_log_freq:1000
mac_log_freq:1000
mimo_layers:2
frequency:2412000000.0
bandwidth:50000000
ue_speed:5.555555555555555
max_distance:1000
shannon_cfg_bandwidth_mhz:50.0
shannon_cfg_mimo_layers:2
shannon_cfg_bw_efficiency:0.67
shannon_cfg_sinr_offset_db:0
shannon_cfg_ul_divisor:2
shannon_cfg_sinr_sample_rate:1000
n_ue:1
sinr_period:9.463597741343282
sinr_rate:105.66805852612856
ul_fairness:nan
dl_fairness:1.0
ul_agg_throughput:0
dl_agg_throughput:39.728739342300145
ul_ave_throughput:0.0
dl_ave_throughput:39.728739342300145
ul_se:0.0
dl_se:0.7945747868460029
ul_ase:0.0
dl_ase:2.5292100996546094e-07
ul_gr:0.0
dl_gr:40.25418845811542
ul_tr:0.0
dl_tr:40.12482626003741
ul_er:0.0
dl_er:59.743742562574376
ul_er_ratio:0.0
dl_er_ratio:0.5982236780492189
ul_er_perc:0.0
dl_er_perc:59.822367804921896
ul_l:0.0
dl_l:0.002802073439918601
ul_il:0.0
dl_il:0.2557917605530495
sinr_ul:0.16495053,0.17556714,0.43862293,0.61959667,0.16219808,0.15669318,0.15502204,0.15757789,0.30335956,0.3003122 ,0.29834617,0.29775636,0.29775636,0.14578167,0.11658601,0.11481658,0.1157996 ,0.11432507,0.25470014,0.294709  ,0.29097353,0.31181352,0.38367219,0.29608522,0.20358317,0.19660373,0.19571902,0.23769392,0.24103618,0.24919523,0.27003523,0.28654994,0.22294864,0.22943656,0.23120599,0.23386014,0.23602278,0.14814091,0.15413733,0.52709461
sinr_ul_bin_edges:18.421247  ,18.52297345,18.6246999 ,18.72642635,18.8281528 ,18.92987925,19.0316057 ,19.13333215,19.2350586 ,19.33678505,19.4385115 ,19.54023795,19.6419644 ,19.74369085,19.8454173 ,19.94714375,20.0488702 ,20.15059665,20.2523231 ,20.35404955,20.455776  ,20.55750245,20.6592289 ,20.76095535,20.8626818 ,20.96440825,21.0661347 ,21.16786115,21.2695876 ,21.37131405,21.4730405 ,21.57476695,21.6764934 ,21.77821985,21.8799463 ,21.98167275,22.0833992 ,22.18512565,22.2868521 ,22.38857855,22.490305  
sinr_dl:0.16495082,0.17546914,0.43872199,0.61959774,0.16219836,0.15669345,0.15502231,0.15757816,0.30336008,0.30031272,0.29834668,0.29775687,0.29775687,0.14578192,0.11658622,0.11491508,0.1157015 ,0.11422697,0.25479888,0.29470951,0.29097403,0.31191236,0.38357455,0.29588913,0.20397673,0.19640747,0.19571935,0.23769432,0.24093829,0.24909736,0.27003569,0.28664874,0.22304732,0.22943695,0.23120639,0.23386054,0.23602319,0.14814117,0.15403929,0.52719382
sinr_dl_bin_edges:28.181719  ,28.28344528,28.38517155,28.48689782,28.5886241 ,28.69035038,28.79207665,28.89380293,28.9955292 ,29.09725548,29.19898175,29.30070803,29.4024343 ,29.50416058,29.60588685,29.70761313,29.8093394 ,29.91106568,30.01279195,30.11451823,30.2162445 ,30.31797078,30.41969705,30.52142333,30.6231496 ,30.72487588,30.82660215,30.92832843,31.0300547 ,31.13178098,31.23350725,31.33523353,31.4369598 ,31.53868608,31.64041235,31.74213863,31.8438649 ,31.94559118,32.04731745,32.14904373,32.25077   
rsrp_ul:0.16495005,0.17546832,0.43871994,0.61959484,0.1620993 ,0.15679102,0.15502159,0.15757743,0.30335867,0.30021302,0.29844359,0.29775548,0.29775548,0.14578124,0.11658567,0.11481624,0.11579926,0.11422643,0.25479769,0.29470813,0.29097267,0.3118126 ,0.38367106,0.29608435,0.20368087,0.19650485,0.19571844,0.23769321,0.24103547,0.2489979 ,0.27003443,0.286844  ,0.22284968,0.22943588,0.23140191,0.23366285,0.23602209,0.14814048,0.15413687,0.52709306
rsrp_ul_bin_edges:-89.10143   ,-88.99970325,-88.8979765 ,-88.79624975,-88.694523  ,-88.59279625,-88.4910695 ,-88.38934275,-88.287616  ,-88.18588925,-88.0841625 ,-87.98243575,-87.880709  ,-87.77898225,-87.6772555 ,-87.57552875,-87.473802  ,-87.37207525,-87.2703485 ,-87.16862175,-87.066895  ,-86.96516825,-86.8634415 ,-86.76171475,-86.659988  ,-86.55826125,-86.4565345 ,-86.35480775,-86.253081  ,-86.15135425,-86.0496275 ,-85.94790075,-85.846174  ,-85.74444725,-85.6427205 ,-85.54099375,-85.439267  ,-85.33754025,-85.2358135 ,-85.13408675,-85.03236   
rsrp_dl:0.16495005,0.17546832,0.43871994,0.61959484,0.1620993 ,0.15688932,0.15492329,0.15757743,0.30335867,0.30021302,0.29844359,0.29775548,0.29775548,0.14578124,0.11658567,0.11481624,0.11579926,0.11422643,0.25479769,0.29470813,0.29097267,0.3118126 ,0.38367106,0.29608435,0.20368087,0.19650485,0.19571844,0.23769321,0.24103547,0.2489979 ,0.27003443,0.286844  ,0.22284968,0.22943588,0.23140191,0.23366285,0.23602209,0.14814048,0.15413687,0.52709306
rsrp_dl_bin_edges:-86.09113   ,-85.98940325,-85.8876765 ,-85.78594975,-85.684223  ,-85.58249625,-85.4807695 ,-85.37904275,-85.277316  ,-85.17558925,-85.0738625 ,-84.97213575,-84.870409  ,-84.76868225,-84.6669555 ,-84.56522875,-84.463502  ,-84.36177525,-84.2600485 ,-84.15832175,-84.056595  ,-83.95486825,-83.8531415 ,-83.75141475,-83.649688  ,-83.54796125,-83.4462345 ,-83.34450775,-83.242781  ,-83.14105425,-83.0393275 ,-82.93760075,-82.835874  ,-82.73414725,-82.6324205 ,-82.53069375,-82.428967  ,-82.32724025,-82.2255135 ,-82.12378675,-82.02206   
cqi_ul: 0., 0., 0., 0., 0., 0., 0., 0., 0., 0., 0., 0., 0., 0., 0., 0., 0., 0., 0., 0.,40., 0., 0., 0., 0., 0., 0., 0., 0., 0., 0., 0., 0., 0., 0., 0., 0., 0., 0., 0.
cqi_ul_bin_edges:14.5  ,14.525,14.55 ,14.575,14.6  ,14.625,14.65 ,14.675,14.7  ,14.725,14.75 ,14.775,14.8  ,14.825,14.85 ,14.875,14.9  ,14.925,14.95 ,14.975,15.   ,15.025,15.05 ,15.075,15.1  ,15.125,15.15 ,15.175,15.2  ,15.225,15.25 ,15.275,15.3  ,15.325,15.35 ,15.375,15.4  ,15.425,15.45 ,15.475,15.5  
cqi_dl: 0., 0., 0., 0., 0., 0., 0., 0., 0., 0., 0., 0., 0., 0., 0., 0., 0., 0., 0., 0.,40., 0., 0., 0., 0., 0., 0., 0., 0., 0., 0., 0., 0., 0., 0., 0., 0., 0., 0., 0.
cqi_dl_bin_edges:14.5  ,14.525,14.55 ,14.575,14.6  ,14.625,14.65 ,14.675,14.7  ,14.725,14.75 ,14.775,14.8  ,14.825,14.85 ,14.875,14.9  ,14.925,14.95 ,14.975,15.   ,15.025,15.05 ,15.075,15.1  ,15.125,15.15 ,15.175,15.2  ,15.225,15.25 ,15.275,15.3  ,15.325,15.35 ,15.375,15.4  ,15.425,15.45 ,15.475,15.5  
mcs_ul: 0., 0., 0., 0., 0., 0., 0., 0., 0., 0., 0., 0., 0., 0., 0., 0., 0., 0., 0., 0.,40., 0., 0., 0., 0., 0., 0., 0., 0., 0., 0., 0., 0., 0., 0., 0., 0., 0., 0., 0.
mcs_ul_bin_edges:27.5  ,27.525,27.55 ,27.575,27.6  ,27.625,27.65 ,27.675,27.7  ,27.725,27.75 ,27.775,27.8  ,27.825,27.85 ,27.875,27.9  ,27.925,27.95 ,27.975,28.   ,28.025,28.05 ,28.075,28.1  ,28.125,28.15 ,28.175,28.2  ,28.225,28.25 ,28.275,28.3  ,28.325,28.35 ,28.375,28.4  ,28.425,28.45 ,28.475,28.5  
mcs_dl: 0., 0., 0., 0., 0., 0., 0., 0., 0., 0., 0., 0., 0., 0., 0., 0., 0., 0., 0., 0.,40., 0., 0., 0., 0., 0., 0., 0., 0., 0., 0., 0., 0., 0., 0., 0., 0., 0., 0., 0.
mcs_dl_bin_edges:27.5  ,27.525,27.55 ,27.575,27.6  ,27.625,27.65 ,27.675,27.7  ,27.725,27.75 ,27.775,27.8  ,27.825,27.85 ,27.875,27.9  ,27.925,27.95 ,27.975,28.   ,28.025,28.05 ,28.075,28.1  ,28.125,28.15 ,28.175,28.2  ,28.225,28.25 ,28.275,28.3  ,28.325,28.35 ,28.375,28.4  ,28.425,28.45 ,28.475,28.5  
eff_ul: 0., 0., 0., 0., 0., 0., 0., 0., 0., 0., 0., 0., 0., 0., 0., 0., 0., 0., 0., 0.,40., 0., 0., 0., 0., 0., 0., 0., 0., 0., 0., 0., 0., 0., 0., 0., 0., 0., 0., 0.
eff_ul_bin_edges:5.0545974,5.0795974,5.1045974,5.1295974,5.1545974,5.1795974,5.2045974,5.2295974,5.2545974,5.2795974,5.3045974,5.3295974,5.3545974,5.3795974,5.4045974,5.4295974,5.4545974,5.4795974,5.5045974,5.5295974,5.5545974,5.5795974,5.6045974,5.6295974,5.6545974,5.6795974,5.7045974,5.7295974,5.7545974,5.7795974,5.8045974,5.8295974,5.8545974,5.8795974,5.9045974,5.9295974,5.9545974,5.9795974,6.0045974,6.0295974,6.0545974
eff_dl: 0., 0., 0., 0., 0., 0., 0., 0., 0., 0., 0., 0., 0., 0., 0., 0., 0., 0., 0., 0.,40., 0., 0., 0., 0., 0., 0., 0., 0., 0., 0., 0., 0., 0., 0., 0., 0., 0., 0., 0.
eff_dl_bin_edges:5.0545974,5.0795974,5.1045974,5.1295974,5.1545974,5.1795974,5.2045974,5.2295974,5.2545974,5.2795974,5.3045974,5.3295974,5.3545974,5.3795974,5.4045974,5.4295974,5.4545974,5.4795974,5.5045974,5.5295974,5.5545974,5.5795974,5.6045974,5.6295974,5.6545974,5.6795974,5.7045974,5.7295974,5.7545974,5.7795974,5.8045974,5.8295974,5.8545974,5.8795974,5.9045974,5.9295974,5.9545974,5.9795974,6.0045974,6.0295974,6.0545974
rul: 0., 0., 0., 0., 0., 0., 0., 0., 0., 0., 0., 0., 0., 0., 0., 0., 0., 0., 0., 0.,40., 0., 0., 0., 0., 0., 0., 0., 0., 0., 0., 0., 0., 0., 0., 0., 0., 0., 0., 0.
rul_bin_edges:-0.5  ,-0.475,-0.45 ,-0.425,-0.4  ,-0.375,-0.35 ,-0.325,-0.3  ,-0.275,-0.25 ,-0.225,-0.2  ,-0.175,-0.15 ,-0.125,-0.1  ,-0.075,-0.05 ,-0.025, 0.   , 0.025, 0.05 , 0.075, 0.1  , 0.125, 0.15 , 0.175, 0.2  , 0.225, 0.25 , 0.275, 0.3  , 0.325, 0.35 , 0.375, 0.4  , 0.425, 0.45 , 0.475, 0.5  
rdl:4.32096080e-02,0.00000000e+00,0.00000000e+00,0.00000000e+00,0.00000000e+00,0.00000000e+00,0.00000000e+00,0.00000000e+00,0.00000000e+00,0.00000000e+00,0.00000000e+00,0.00000000e+00,0.00000000e+00,2.45880081e-01,0.00000000e+00,0.00000000e+00,0.00000000e+00,0.00000000e+00,0.00000000e+00,0.00000000e+00,0.00000000e+00,0.00000000e+00,0.00000000e+00,0.00000000e+00,0.00000000e+00,0.00000000e+00,4.31896713e-02,0.00000000e+00,0.00000000e+00,0.00000000e+00,0.00000000e+00,0.00000000e+00,0.00000000e+00,0.00000000e+00,0.00000000e+00,0.00000000e+00,0.00000000e+00,0.00000000e+00,0.00000000e+00,3.32279360e-06
rdl_bin_edges:  0.        ,  3.00948575,  6.0189715 ,  9.02845725, 12.037943  , 15.04742875, 18.0569145 , 21.06640025, 24.075886  , 27.08537175, 30.0948575 , 33.10434325, 36.113829  , 39.12331475, 42.1328005 , 45.14228625, 48.151772  , 51.16125775, 54.1707435 , 57.18022925, 60.189715  , 63.19920075, 66.2086865 , 69.21817225, 72.227658  , 75.23714375, 78.2466295 , 81.25611525, 84.265601  , 87.27508675, 90.2845725 , 93.29405825, 96.303544  , 99.31302975,102.3225155 ,105.33200125,108.341487  ,111.35097275,114.3604585 ,117.36994425,120.37943   
lul: 0., 0., 0., 0., 0., 0., 0., 0., 0., 0., 0., 0., 0., 0., 0., 0., 0., 0., 0., 0.,40., 0., 0., 0., 0., 0., 0., 0., 0., 0., 0., 0., 0., 0., 0., 0., 0., 0., 0., 0.
lul_bin_edges:-0.5  ,-0.475,-0.45 ,-0.425,-0.4  ,-0.375,-0.35 ,-0.325,-0.3  ,-0.275,-0.25 ,-0.225,-0.2  ,-0.175,-0.15 ,-0.125,-0.1  ,-0.075,-0.05 ,-0.025, 0.   , 0.025, 0.05 , 0.075, 0.1  , 0.125, 0.15 , 0.175, 0.2  , 0.225, 0.25 , 0.275, 0.3  , 0.325, 0.35 , 0.375, 0.4  , 0.425, 0.45 , 0.475, 0.5  
ldl:1.26838594e+03,0.00000000e+00,0.00000000e+00,0.00000000e+00,0.00000000e+00,0.00000000e+00,0.00000000e+00,0.00000000e+00,0.00000000e+00,0.00000000e+00,0.00000000e+00,0.00000000e+00,0.00000000e+00,0.00000000e+00,0.00000000e+00,0.00000000e+00,0.00000000e+00,0.00000000e+00,0.00000000e+00,0.00000000e+00,0.00000000e+00,0.00000000e+00,0.00000000e+00,0.00000000e+00,0.00000000e+00,0.00000000e+00,0.00000000e+00,0.00000000e+00,0.00000000e+00,5.96367678e+03,1.30701104e+01,5.26705941e+00,4.29167804e+00,3.13097420e+01,1.23288205e+03,4.38921617e+00,5.85228823e-01,3.21875853e+00,1.13641684e+03,9.04178532e+01
ldl_bin_edges:0.        ,0.00010252,0.00020505,0.00030757,0.00041009,0.00051261,0.00061514,0.00071766,0.00082018,0.00092271,0.00102523,0.00112775,0.00123028,0.0013328 ,0.00143532,0.00153784,0.00164037,0.00174289,0.00184541,0.00194794,0.00205046,0.00215298,0.00225551,0.00235803,0.00246055,0.00256307,0.0026656 ,0.00276812,0.00287064,0.00297317,0.00307569,0.00317821,0.00328074,0.00338326,0.00348578,0.0035883 ,0.00369083,0.00379335,0.00389587,0.0039984 ,0.00410092
ilul: 0., 0., 0., 0., 0., 0., 0., 0., 0., 0., 0., 0., 0., 0., 0., 0., 0., 0., 0., 0.,40., 0., 0., 0., 0., 0., 0., 0., 0., 0., 0., 0., 0., 0., 0., 0., 0., 0., 0., 0.
ilul_bin_edges:-0.5  ,-0.475,-0.45 ,-0.425,-0.4  ,-0.375,-0.35 ,-0.325,-0.3  ,-0.275,-0.25 ,-0.225,-0.2  ,-0.175,-0.15 ,-0.125,-0.1  ,-0.075,-0.05 ,-0.025, 0.   , 0.025, 0.05 , 0.075, 0.1  , 0.125, 0.15 , 0.175, 0.2  , 0.225, 0.25 , 0.275, 0.3  , 0.325, 0.35 , 0.375, 0.4  , 0.425, 0.45 , 0.475, 0.5  
ildl:1.60518792e+01,1.35719194e-02,1.23381085e-02,1.35719194e-02,1.35719194e-02,1.48057302e-02,1.23381085e-02,1.35719194e-02,1.11042977e-02,1.48057302e-02,1.35719194e-02,1.48057302e-02,1.23381085e-02,1.35719194e-02,1.35719194e-02,1.35719194e-02,1.48057302e-02,1.23381085e-02,1.35719194e-02,1.48057302e-02,1.23381085e-02,1.35719194e-02,1.35719194e-02,1.35719194e-02,1.23381085e-02,1.23381085e-02,1.48057302e-02,1.60395411e-02,1.35719194e-02,1.35719194e-02,8.63667596e-03,1.48057302e-02,4.44542050e+00,1.38816059e+01,1.36780271e+01,1.52215245e+01,1.50401543e+01,1.52659417e+01,1.65429359e+01,1.28390357e+01
ildl_bin_edges:0.        ,0.00810489,0.01620978,0.02431467,0.03241956,0.04052445,0.04862933,0.05673422,0.06483911,0.072944  ,0.08104889,0.08915378,0.09725867,0.10536356,0.11346845,0.12157334,0.12967822,0.13778311,0.145888  ,0.15399289,0.16209778,0.17020267,0.17830756,0.18641245,0.19451734,0.20262223,0.21072711,0.218832  ,0.22693689,0.23504178,0.24314667,0.25125156,0.25935645,0.26746134,0.27556623,0.28367112,0.291776  ,0.29988089,0.30798578,0.31609067,0.32419556
eul: 0., 0., 0., 0., 0., 0., 0., 0., 0., 0., 0., 0., 0., 0., 0., 0., 0., 0., 0., 0.,40., 0., 0., 0., 0., 0., 0., 0., 0., 0., 0., 0., 0., 0., 0., 0., 0., 0., 0., 0.
eul_bin_edges:-0.5  ,-0.475,-0.45 ,-0.425,-0.4  ,-0.375,-0.35 ,-0.325,-0.3  ,-0.275,-0.25 ,-0.225,-0.2  ,-0.175,-0.15 ,-0.125,-0.1  ,-0.075,-0.05 ,-0.025, 0.   , 0.025, 0.05 , 0.075, 0.1  , 0.125, 0.15 , 0.175, 0.2  , 0.225, 0.25 , 0.275, 0.3  , 0.325, 0.35 , 0.375, 0.4  , 0.425, 0.45 , 0.475, 0.5  
edl:8.55095007e-02,0.00000000e+00,4.24849708e-06,0.00000000e+00,4.24849708e-06,4.24849708e-06,4.24849708e-06,1.91182369e-05,1.69939883e-05,2.54909825e-05,6.37274562e-06,2.12424854e-06,1.69939883e-05,1.27454912e-05,8.49699416e-06,2.12424854e-06,8.49699416e-06,2.33667339e-05,4.67334679e-05,2.57034073e-04,5.97338689e-03,1.19272307e-01,9.51663346e-04,8.70941901e-05,2.76152310e-05,1.27454912e-05,1.06212427e-05,1.06212427e-05,1.06212427e-05,6.37274562e-06,1.91182369e-05,1.48697398e-05,2.12424854e-05,1.69939883e-05,1.06212427e-05,2.12424854e-06,2.12424854e-06,2.12424854e-06,0.00000000e+00,2.12424854e-06
edl_bin_edges:  0.    ,  4.7075,  9.415 , 14.1225, 18.83  , 23.5375, 28.245 , 32.9525, 37.66  , 42.3675, 47.075 , 51.7825, 56.49  , 61.1975, 65.905 , 70.6125, 75.32  , 80.0275, 84.735 , 89.4425, 94.15  , 98.8575,103.565 ,108.2725,112.98  ,117.6875,122.395 ,127.1025,131.81  ,136.5175,141.225 ,145.9325,150.64  ,155.3475,160.055 ,164.7625,169.47  ,174.1775,178.885 ,183.5925,188.3   
gul: 0., 0., 0., 0., 0., 0., 0., 0., 0., 0., 0., 0., 0., 0., 0., 0., 0., 0., 0., 0.,40., 0., 0., 0., 0., 0., 0., 0., 0., 0., 0., 0., 0., 0., 0., 0., 0., 0., 0., 0.
gul_bin_edges:-0.5  ,-0.475,-0.45 ,-0.425,-0.4  ,-0.375,-0.35 ,-0.325,-0.3  ,-0.275,-0.25 ,-0.225,-0.2  ,-0.175,-0.15 ,-0.125,-0.1  ,-0.075,-0.05 ,-0.025, 0.   , 0.025, 0.05 , 0.075, 0.1  , 0.125, 0.15 , 0.175, 0.2  , 0.225, 0.25 , 0.275, 0.3  , 0.325, 0.35 , 0.375, 0.4  , 0.425, 0.45 , 0.475, 0.5  
gdl:9.20977303e-02,1.54141040e-06,0.00000000e+00,0.00000000e+00,0.00000000e+00,6.16564162e-06,1.07898728e-05,1.07898728e-05,1.54141040e-05,4.62423121e-06,7.70705202e-06,1.07898728e-05,1.07898728e-05,2.46625665e-05,6.68972116e-04,6.06807034e-02,4.94792740e-04,2.92867977e-05,6.16564162e-06,4.62423121e-06,6.16564162e-06,1.07898728e-05,4.62423121e-06,1.07898728e-05,1.07898728e-05,9.24846243e-06,0.00000000e+00,3.08282081e-06,0.00000000e+00,0.00000000e+00,0.00000000e+00,0.00000000e+00,0.00000000e+00,0.00000000e+00,0.00000000e+00,0.00000000e+00,0.00000000e+00,0.00000000e+00,0.00000000e+00,1.54141040e-06
gdl_bin_edges:  0.    ,  6.4875, 12.975 , 19.4625, 25.95  , 32.4375, 38.925 , 45.4125, 51.9   , 58.3875, 64.875 , 71.3625, 77.85  , 84.3375, 90.825 , 97.3125,103.8   ,110.2875,116.775 ,123.2625,129.75  ,136.2375,142.725 ,149.2125,155.7   ,162.1875,168.675 ,175.1625,181.65  ,188.1375,194.625 ,201.1125,207.6   ,214.0875,220.575 ,227.0625,233.55  ,240.0375,246.525 ,253.0125,259.5   
ri: 0., 0., 0., 0., 0., 0., 0., 0., 0., 0., 0., 0., 0., 0., 0., 0., 0., 0., 0., 0.,40., 0., 0., 0., 0., 0., 0., 0., 0., 0., 0., 0., 0., 0., 0., 0., 0., 0., 0., 0.
ri_bin_edges:0.5  ,0.525,0.55 ,0.575,0.6  ,0.625,0.65 ,0.675,0.7  ,0.725,0.75 ,0.775,0.8  ,0.825,0.85 ,0.875,0.9  ,0.925,0.95 ,0.975,1.   ,1.025,1.05 ,1.075,1.1  ,1.125,1.15 ,1.175,1.2  ,1.225,1.25 ,1.275,1.3  ,1.325,1.35 ,1.375,1.4  ,1.425,1.45 ,1.475,1.5  
