period:1
ue_log_freq:1000
mac_log_freq:1000
mimo_layers:2
frequency:2412000000.0
bandwidth:50000000
ue_speed:5.555555555555555
max_distance:1000
shannon_cfg_bandwidth_mhz:50.0
shannon_cfg_mimo_layers:2
shannon_cfg_bw_efficiency:0.67
shannon_cfg_sinr_offset_db:0
shannon_cfg_ul_divisor:2
shannon_cfg_sinr_sample_rate:1000
n_ue:50
sinr_period:9.463597741343282
sinr_rate:105.66805852612856
ul_fairness:0.8025922812461024
dl_fairness:0.9449981021229324
ul_agg_throughput:0.13307862581161573
dl_agg_throughput:0.07152533781540235
ul_ave_throughput:0.0026615725162323143
dl_ave_throughput:0.001430506756308047
ul_se:0.0026615725162323143
dl_se:0.001430506756308047
ul_ase:8.472048447118134e-10
dl_ase:4.5534444278555804e-10
ul_gr:0.0054505416044108666, 0.0054505416044108666, 0.0054505416044108666, 0.0054505416044108666, 0.0054505416044108666, 0.0054505416044108666, 0.0054505416044108666, 0.0054505416044108666, 0.0054505416044108666, 0.0054505416044108666, 0.0054505416044108666, 0.0054505416044108666, 0.0054505416044108666, 0.0054505416044108666, 0.0054505416044108666, 0.0054505416044108666, 0.0054505416044108666, 0.0054505416044108666, 0.0054505416044108666, 0.0054505416044108666, 0.0054505416044108666, 0.0054505416044108666, 0.0054505416044108666, 0.0054505416044108666, 0.0054505416044108666, 0.0054505416044108666, 0.0054505416044108666, 0.0054505416044108666, 0.0054505416044108666, 0.0054505416044108666, 0.0054505416044108666, 0.0054505416044108666, 0.0054505416044108666, 0.0054505416044108666, 0.0054505416044108666, 0.0054505416044108666, 0.0054505416044108666, 0.0054505416044108666, 0.0054505416044108666, 0.0054505416044108666, 0.0054505416044108666, 0.0054505416044108666, 0.0054505416044108666, 0.0054505416044108666, 0.0054505416044108666, 0.0054505416044108666, 0.0054505416044108666, 0.0054505416044108666, 0.0054505416044108666, 0.0054505416044108666
dl_gr:0.0026481195555802454, 0.0026481195555802454, 0.0026481195555802454, 0.0026481195555802454, 0.0026481195555802454, 0.0026481195555802454, 0.0026481195555802454, 0.0026481195555802454, 0.0026481195555802454, 0.0026481195555802454, 0.0026481195555802454, 0.0026481195555802454, 0.0026481195555802454, 0.0026481195555802454, 0.0026481195555802454, 0.0026481195555802454, 0.0026481195555802454, 0.0026481195555802454, 0.0026481195555802454, 0.0026481195555802454, 0.0026481195555802454, 0.0026481195555802454, 0.0026481195555802454, 0.0026481195555802454, 0.0026481195555802454, 0.0026481195555802454, 0.0026481195555802454, 0.0026481195555802454, 0.0026481195555802454, 0.0026481195555802454, 0.0026481195555802454, 0.0026481195555802454, 0.0026481195555802454, 0.0026481195555802454, 0.0026481195555802454, 0.0026481195555802454, 0.0026481195555802454, 0.0026481195555802454, 0.0026481195555802454, 0.0026481195555802454, 0.0026481195555802454, 0.0026481195555802454, 0.0026481195555802454, 0.0026481195555802454, 0.0026481195555802454, 0.0026481195555802454, 0.0026481195555802454, 0.0026481195555802454, 0.0026481195555802454, 0.0026481195555802454
ul_tr:0.0054505413830287204, 0.005450541944836398, 0.005450541979578912, 0.005450540997111271, 0.005450541038831177, 0.005450541634481418, 0.0054505413830287204, 0.005450541276134659, 0.005450541038831177, 0.005450541796872398, 0.0054505412811288265, 0.0, 0.0054505413830287204, 0.0054505413830287204, 0.0, 0.005450541038831177, 0.0054505413830287204, 0.0, 0.005450541979578912, 0.005450541648097327, 0.0054505413830287204, 0.005450541038831177, 0.0054505436344258655, 0.0054505413830287204, 0.0054505412811288265, 0.005450541461896561, 0.005450539134742514, 0.005450541038831177, 0.0, 0.0054505413830287204, 0.005450540997111271, 0.0, 0.005450541944836398, 0.0054505413830287204, 0.0, 0.00545054123465363, 0.005450540997111271, 0.005450541944836398, 0.0054505430797177935, 0.005450538452869285, 0.005450543224081995, 0.005450541785567469, 0.0, 0.005450541326704072, 0.005450541194933615, 0.005450541979578912, 0.005450539584328649, 0.005450543000133326, 0.005450541979578912, 0.0
dl_tr:0.002648119388750625, 0.002648119388750625, 0.0026481196771012717, 0.002648119440031109, 0.0026481195466640742, 0.002648119388750625, 0.002648119388750625, 0.0026481196771012717, 0.0026481195466640742, 0.002648119388750625, 0.002648119388750625, 0.002648124081729904, 0.002648119388750625, 0.002648119388750625, 0.0, 0.0026481195466640742, 0.002648119388750625, 0.002648122174129215, 0.0026481196771012717, 0.002648119388750625, 0.002648119388750625, 0.0026481195466640742, 0.002648119571446031, 0.002648119388750625, 0.002648119388750625, 0.002648119388750625, 0.0026481196121326592, 0.0026481195466640742, 0.0026481149348125104, 0.002648119388750625, 0.002648119538631187, 0.0026481240852519305, 0.002648119388750625, 0.002648119388750625, 0.0, 0.002648119388750625, 0.002648119538631187, 0.002648119388750625, 0.0026481195967224046, 0.0026481195218876733, 0.0026481193137047943, 0.002648119388750625, 0.002648124161347703, 0.002648119837703461, 0.002648119284650853, 0.0026481196771012717, 0.0026481196121326592, 0.0026481196054996946, 0.0026481193788122884, 0.0026481220280262204
ul_er:0.0, 0.0, 0.0, 0.0, 0.0, 0.0, 0.0, 0.0, 0.0, 0.0, 0.0, 0.0, 0.0, 0.0, 0.0, 0.0, 0.0, 0.0, 0.0, 0.0, 0.0, 0.0, 0.0, 0.0, 0.0, 0.0, 0.0, 0.0, 0.0, 0.0, 0.0, 0.0, 0.0, 0.0, 0.0, 0.0, 0.0, 0.0, 0.0, 0.0, 0.0, 0.0, 0.0, 0.0, 0.0, 0.0, 0.0, 0.0, 0.0, 0.0
dl_er:0.0, 0.0, 0.0, 0.0, 0.0, 0.0, 0.0, 0.0, 0.0, 0.0, 0.0, 0.0, 0.0, 0.0, 0.0, 0.0, 0.0, 0.0, 0.0, 0.0, 0.0, 0.0, 0.0, 0.0, 0.0, 0.0, 0.0, 0.0, 0.0, 0.0, 0.0, 0.0, 0.0, 0.0, 0.0, 0.0, 0.0, 0.0, 0.0, 0.0, 0.0, 0.0, 0.0, 0.0, 0.0, 0.0, 0.0, 0.0, 0.0, 0.0
ul_er_ratio:0.0, 0.0, 0.0, 0.0, 0.0, 0.0, 0.0, 0.0, 0.0, 0.0, 0.0, 0.0, 0.0, 0.0, 0.0, 0.0, 0.0, 0.0, 0.0, 0.0, 0.0, 0.0, 0.0, 0.0, 0.0, 0.0, 0.0, 0.0, 0.0, 0.0, 0.0, 0.0, 0.0, 0.0, 0.0, 0.0, 0.0, 0.0, 0.0, 0.0, 0.0, 0.0, 0.0, 0.0, 0.0, 0.0, 0.0, 0.0, 0.0, 0.0
dl_er_ratio:0.0, 0.0, 0.0, 0.0, 0.0, 0.0, 0.0, 0.0, 0.0, 0.0, 0.0, 0.0, 0.0, 0.0, 0.0, 0.0, 0.0, 0.0, 0.0, 0.0, 0.0, 0.0, 0.0, 0.0, 0.0, 0.0, 0.0, 0.0, 0.0, 0.0, 0.0, 0.0, 0.0, 0.0, 0.0, 0.0, 0.0, 0.0, 0.0, 0.0, 0.0, 0.0, 0.0, 0.0, 0.0, 0.0, 0.0, 0.0, 0.0, 0.0
ul_er_perc:0.0, 0.0, 0.0, 0.0, 0.0, 0.0, 0.0, 0.0, 0.0, 0.0, 0.0, 0.0, 0.0, 0.0, 0.0, 0.0, 0.0, 0.0, 0.0, 0.0, 0.0, 0.0, 0.0, 0.0, 0.0, 0.0, 0.0, 0.0, 0.0, 0.0, 0.0, 0.0, 0.0, 0.0, 0.0, 0.0, 0.0, 0.0, 0.0, 0.0, 0.0, 0.0, 0.0, 0.0, 0.0, 0.0, 0.0, 0.0, 0.0, 0.0
dl_er_perc:0.0, 0.0, 0.0, 0.0, 0.0, 0.0, 0.0, 0.0, 0.0, 0.0, 0.0, 0.0, 0.0, 0.0, 0.0, 0.0, 0.0, 0.0, 0.0, 0.0, 0.0, 0.0, 0.0, 0.0, 0.0, 0.0, 0.0, 0.0, 0.0, 0.0, 0.0, 0.0, 0.0, 0.0, 0.0, 0.0, 0.0, 0.0, 0.0, 0.0, 0.0, 0.0, 0.0, 0.0, 0.0, 0.0, 0.0, 0.0, 0.0, 0.0
ul_l:6.344655071940448e-05, 7.03347378090106e-05, 0.0001243902974223654, 0.00010137408215099161, 0.00010658616990167212, 9.6148643914227e-05, 6.344655071940448e-05, 0.00011387642477084607, 0.00010658616990167212, 7.841474971390477e-05, 6.708946805177489e-05, 0.0, 6.344655071940448e-05, 6.344655071940448e-05, 0.0, 0.00010658616990167212, 6.344655071940448e-05, 0.0, 0.0001243902974223654, 7.504381642130993e-05, 6.344655071940448e-05, 0.00010658616990167212, 0.00016387598813399256, 6.344655071940448e-05, 6.708946805177489e-05, 9.152214453641465e-05, 0.00013541318936170215, 0.00010658616990167212, 0.0, 6.344655071940448e-05, 0.00010137408215099161, 0.0, 7.03347378090106e-05, 6.344655071940448e-05, 0.0, 7.202633044830842e-05, 0.00010137408215099161, 7.03347378090106e-05, 0.00012485961605466364, 9.118240679962225e-05, 5.941166174656964e-05, 4.7416966212988166e-05, 0.0, 4.2308511610466084e-05, 3.37558821732126e-05, 0.0001243902974223654, 0.00019594692105438587, 0.00018864495200266652, 0.0001243902974223654, 0.0
dl_l:4.023322172657075e-05, 4.023322172657075e-05, 4.2155328665074166e-05, 4.0872687528470636e-05, 4.1418274940281095e-05, 4.023322172657075e-05, 4.023322172657075e-05, 4.2155328665074166e-05, 4.1418274940281095e-05, 4.023322172657075e-05, 4.023322172657075e-05, 6.482488551747125e-05, 4.023322172657075e-05, 4.023322172657075e-05, 0.0, 4.1418274940281095e-05, 4.023322172657075e-05, 6.191946458530081e-05, 4.2155328665074166e-05, 4.023322172657075e-05, 4.023322172657075e-05, 4.1418274940281095e-05, 5.905742014888061e-05, 4.023322172657075e-05, 4.023322172657075e-05, 4.023322172657075e-05, 5.688713498138992e-05, 4.1418274940281095e-05, 5.924236693517028e-05, 4.023322172657075e-05, 4.083768941169935e-05, 5.212297007388479e-05, 4.023322172657075e-05, 4.023322172657075e-05, 0.0, 4.023322172657075e-05, 4.083768941169935e-05, 4.023322172657075e-05, 4.820450362757625e-05, 4.6228376329092826e-05, 4.58171741125493e-05, 4.023322172657075e-05, 4.823278720071107e-05, 3.5254886345203055e-05, 3.279531018276762e-05, 4.2155328665074166e-05, 5.688713498138992e-05, 6.661502603744236e-05, 4.270533566468529e-05, 6.687989508360646e-05
ul_il:0.0006257768570134993, 0.0008131711996500194, 0.0034384706099383367, 0.002121776325515249, 0.002442817485623021, 0.0018359572824398643, 0.0006257768570134993, 0.002844221035192489, 0.002442817485623021, 0.0010842889470307204, 0.0007104227771290483, 0.0, 0.0006257768570134993, 0.0006257768570134993, 0.0, 0.002442817485623021, 0.0006257768570134993, 0.0, 0.0034384706099383367, 0.0009727593423976445, 0.0006257768570134993, 0.002442817485623021, 0.006356570946130771, 0.0006257768570134993, 0.0007104227771290483, 0.001618339126304094, 0.00426983911471585, 0.002442817485623021, 0.0, 0.0006257768570134993, 0.002121776325515249, 0.0, 0.0008131711996500194, 0.0006257768570134993, 0.0, 0.0008782958549469474, 0.002121776325515249, 0.0008131711996500194, 0.0035255903977556803, 0.0016379569037886783, 0.0005356298133548137, 0.00024758507471251594, 0.0, 0.0001756194473695906, 7.753935424698628e-05, 0.0034384706099383367, 0.009464942987845119, 0.008659352918543414, 0.0034384706099383367, 0.0
dl_il:9.634879423365369e-05, 9.634879423365369e-05, 0.00011927056959613354, 0.00010218125965224154, 0.00011317390279984444, 9.634879423365369e-05, 9.634879423365369e-05, 0.00011927056959613354, 0.00011317390279984444, 9.634879423365369e-05, 9.634879423365369e-05, 0.0008415972527304039, 9.634879423365369e-05, 9.634879423365369e-05, 0.0, 0.00011317390279984444, 9.634879423365369e-05, 0.0006914487008055107, 0.00011927056959613354, 9.634879423365369e-05, 9.634879423365369e-05, 0.00011317390279984444, 0.0005936349500805511, 9.634879423365369e-05, 9.634879423365369e-05, 9.634879423365369e-05, 0.0004773505395644686, 0.00011317390279984444, 0.0005751988348369534, 9.634879423365369e-05, 0.00010361406160768847, 0.00034914709610021666, 9.634879423365369e-05, 9.634879423365369e-05, 0.0, 9.634879423365369e-05, 0.00010361406160768847, 9.634879423365369e-05, 0.00024326468634520306, 0.00021884707077940113, 0.0001809690323148714, 9.634879423365369e-05, 0.00020527765870784957, 6.282290709405033e-05, 4.6642532187100715e-05, 0.00011927056959613354, 0.0004773505395644686, 0.0008977406707682906, 0.00012752266181323258, 0.0009227248986778512
sinr_ul:0.01281596,0.        ,0.        ,0.01281596,0.        ,0.01281596,0.        ,0.03844788,0.01281596,0.01281596,0.        ,0.03844788,0.        ,0.01281596,0.02563192,0.        ,0.        ,0.        ,0.01281596,0.        ,0.        ,0.02563192,0.10252767,0.05126384,0.03844788,0.01281596,0.01281596,0.02563192,0.01281596,0.05126384,0.02563192,0.02563192,0.02563192,0.        ,0.        ,0.01281596,0.        ,0.        ,0.        ,0.02563192
sinr_ul_bin_edges:-12.427374  ,-10.86681973, -9.30626545, -7.74571118, -6.1851569 , -4.62460263, -3.06404835, -1.50349408,  0.0570602 ,  1.61761447,  3.17816875,  4.73872302,  6.2992773 ,  7.85983157,  9.42038585, 10.98094012, 12.5414944 , 14.10204867, 15.66260295, 17.22315722, 18.7837115 , 20.34426577, 21.90482005, 23.46537432, 25.0259286 , 26.58648287, 28.14703715, 29.70759142, 31.2681457 , 32.82869997, 34.38925425, 35.94980852, 37.5103628 , 39.07091707, 40.63147135, 42.19202562, 43.7525799 , 45.31313417, 46.87368845, 48.43424272, 49.994797  
sinr_dl:0.01281044,0.        ,0.        ,0.01281044,0.        ,0.01281044,0.        ,0.03843133,0.01281044,0.01281044,0.        ,0.03843133,0.        ,0.01281044,0.02562088,0.        ,0.        ,0.        ,0.01281044,0.        ,0.        ,0.03843133,0.0896731 ,0.05124177,0.03843133,0.01281044,0.01281044,0.02562088,0.01281044,0.05124177,0.02562088,0.02562088,0.02562088,0.        ,0.        ,0.01281044,0.        ,0.        ,0.        ,0.02562088
sinr_dl_bin_edges:-2.990821  ,-1.42959465, 0.1316317 , 1.69285805, 3.2540844 , 4.81531075, 6.3765371 , 7.93776345, 9.4989898 ,11.06021615,12.6214425 ,14.18266885,15.7438952 ,17.30512155,18.8663479 ,20.42757425,21.9888006 ,23.55002695,25.1112533 ,26.67247965,28.233706  ,29.79493235,31.3561587 ,32.91738505,34.4786114 ,36.03983775,37.6010641 ,39.16229045,40.7235168 ,42.28474315,43.8459695 ,45.40719585,46.9684222 ,48.52964855,50.0908749 ,51.65210125,53.2133276 ,54.77455395,56.3357803 ,57.89700665,59.458233  
rsrp_ul:0.01276977,0.        ,0.        ,0.01276977,0.        ,0.01276977,0.        ,0.0383093 ,0.01276977,0.01276977,0.        ,0.02553953,0.01276977,0.01276977,0.02553953,0.        ,0.        ,0.        ,0.01276977,0.        ,0.        ,0.05107907,0.06384884,0.06384884,0.0383093 ,0.01276977,0.01276977,0.01276977,0.0383093 ,0.0383093 ,0.02553953,0.02553953,0.02553953,0.        ,0.        ,0.01276977,0.        ,0.        ,0.01276977,0.01276977
rsrp_ul_bin_edges:-135.2587    ,-133.69250075,-132.1263015 ,-130.56010225,-128.993903  ,-127.42770375,-125.8615045 ,-124.29530525,-122.729106  ,-121.16290675,-119.5967075 ,-118.03050825,-116.464309  ,-114.89810975,-113.3319105 ,-111.76571125,-110.199512  ,-108.63331275,-107.0671135 ,-105.50091425,-103.934715  ,-102.36851575,-100.8023165 , -99.23611725, -97.669918  , -96.10371875, -94.5375195 , -92.97132025, -91.405121  , -89.83892175, -88.2727225 , -86.70652325, -85.140324  , -83.57412475, -82.0079255 , -80.44172625, -78.875527  , -77.30932775, -75.7431285 , -74.17692925, -72.61073   
rsrp_dl:0.01276977,0.        ,0.        ,0.01276977,0.        ,0.01276977,0.        ,0.0383093 ,0.01276977,0.01276977,0.        ,0.02553953,0.01276977,0.01276977,0.02553953,0.        ,0.        ,0.        ,0.01276977,0.        ,0.        ,0.05107907,0.06384884,0.06384884,0.0383093 ,0.01276977,0.01276977,0.01276977,0.0383093 ,0.0383093 ,0.02553953,0.02553953,0.02553953,0.        ,0.        ,0.01276977,0.        ,0.        ,0.01276977,0.01276977
rsrp_dl_bin_edges:-132.2484    ,-130.68220075,-129.1160015 ,-127.54980225,-125.983603  ,-124.41740375,-122.8512045 ,-121.28500525,-119.718806  ,-118.15260675,-116.5864075 ,-115.02020825,-113.454009  ,-111.88780975,-110.3216105 ,-108.75541125,-107.189212  ,-105.62301275,-104.0568135 ,-102.49061425,-100.924415  , -99.35821575, -97.7920165 , -96.22581725, -94.659618  , -93.09341875, -91.5272195 , -89.96102025, -88.394821  , -86.82862175, -85.2624225 , -83.69622325, -82.130024  , -80.56382475, -78.9976255 , -77.43142625, -75.865227  , -74.29902775, -72.7328285 , -71.16662925, -69.60043   
cqi_ul:0.42666667,0.        ,0.16      ,0.        ,0.        ,0.16      ,0.        ,0.        ,0.        ,0.        ,0.05333333,0.        ,0.        ,0.        ,0.        ,0.        ,0.        ,0.        ,0.26666667,0.        ,0.        ,0.32      ,0.        ,0.        ,0.26666667,0.        ,0.10666667,0.        ,0.        ,0.        ,0.        ,0.        ,0.10666667,0.        ,0.21333333,0.        ,0.        ,0.10666667,0.        ,0.48      
cqi_ul_bin_edges: 0.   , 0.375, 0.75 , 1.125, 1.5  , 1.875, 2.25 , 2.625, 3.   , 3.375, 3.75 , 4.125, 4.5  , 4.875, 5.25 , 5.625, 6.   , 6.375, 6.75 , 7.125, 7.5  , 7.875, 8.25 , 8.625, 9.   , 9.375, 9.75 ,10.125,10.5  ,10.875,11.25 ,11.625,12.   ,12.375,12.75 ,13.125,13.5  ,13.875,14.25 ,14.625,15.   
cqi_dl:0.10666667,0.        ,0.05333333,0.        ,0.        ,0.26666667,0.        ,0.        ,0.        ,0.        ,0.16      ,0.        ,0.        ,0.05333333,0.        ,0.        ,0.        ,0.        ,0.10666667,0.        ,0.        ,0.        ,0.        ,0.        ,0.        ,0.        ,0.05333333,0.        ,0.        ,0.        ,0.        ,0.        ,0.10666667,0.        ,0.48      ,0.        ,0.        ,0.16      ,0.        ,1.12      
cqi_dl_bin_edges: 0.   , 0.375, 0.75 , 1.125, 1.5  , 1.875, 2.25 , 2.625, 3.   , 3.375, 3.75 , 4.125, 4.5  , 4.875, 5.25 , 5.625, 6.   , 6.375, 6.75 , 7.125, 7.5  , 7.875, 8.25 , 8.625, 9.   , 9.375, 9.75 ,10.125,10.5  ,10.875,11.25 ,11.625,12.   ,12.375,12.75 ,13.125,13.5  ,13.875,14.25 ,14.625,15.   
mcs_ul:0.31428571,0.02857143,0.05714286,0.        ,0.        ,0.        ,0.        ,0.        ,0.02857143,0.        ,0.        ,0.        ,0.        ,0.        ,0.        ,0.02857143,0.        ,0.11428571,0.02857143,0.        ,0.14285714,0.08571429,0.05714286,0.        ,0.05714286,0.        ,0.        ,0.        ,0.        ,0.        ,0.02857143,0.02857143,0.02857143,0.        ,0.08571429,0.05714286,0.        ,0.        ,0.        ,0.25714286
mcs_ul_bin_edges: 0. , 0.7, 1.4, 2.1, 2.8, 3.5, 4.2, 4.9, 5.6, 6.3, 7. , 7.7, 8.4, 9.1, 9.8,10.5,11.2,11.9,12.6,13.3,14. ,14.7,15.4,16.1,16.8,17.5,18.2,18.9,19.6,20.3,21. ,21.7,22.4,23.1,23.8,24.5,25.2,25.9,26.6,27.3,28. 
mcs_dl:0.08571429,0.08571429,0.05714286,0.        ,0.        ,0.        ,0.        ,0.08571429,0.        ,0.        ,0.02857143,0.        ,0.        ,0.        ,0.        ,0.05714286,0.        ,0.        ,0.        ,0.        ,0.        ,0.        ,0.        ,0.        ,0.02857143,0.        ,0.        ,0.        ,0.        ,0.        ,0.02857143,0.02857143,0.11428571,0.        ,0.14285714,0.05714286,0.        ,0.02857143,0.        ,0.6       
mcs_dl_bin_edges: 0. , 0.7, 1.4, 2.1, 2.8, 3.5, 4.2, 4.9, 5.6, 6.3, 7. , 7.7, 8.4, 9.1, 9.8,10.5,11.2,11.9,12.6,13.3,14. ,14.7,15.4,16.1,16.8,17.5,18.2,18.9,19.6,20.3,21. ,21.7,22.4,23.1,23.8,24.5,25.2,25.9,26.6,27.3,28. 
eff_ul:0.8641289 ,0.32404834,0.10801611,0.21603222,0.        ,0.        ,0.        ,0.        ,0.        ,0.10801611,0.        ,0.        ,0.        ,0.        ,0.10801611,0.        ,0.43206445,0.10801611,0.        ,0.54008056,0.        ,0.32404834,0.21603222,0.        ,0.21603222,0.        ,0.        ,0.        ,0.        ,0.10801611,0.        ,0.10801611,0.        ,0.10801611,0.        ,0.32404834,0.        ,0.21603222,0.        ,0.97214501
eff_ul_bin_edges:0.        ,0.18515756,0.37031512,0.55547269,0.74063025,0.92578781,1.11094538,1.29610294,1.4812605 ,1.66641806,1.85157562,2.03673319,2.22189075,2.40704831,2.59220587,2.77736344,2.962521  ,3.14767856,3.33283612,3.51799369,3.70315125,3.88830881,4.07346637,4.25862394,4.4437815 ,4.62893906,4.81409662,4.99925419,5.18441175,5.36956931,5.55472687,5.73988444,5.925042  ,6.11019956,6.29535712,6.48051469,6.66567225,6.85082981,7.03598737,7.22114494,7.4063025 
eff_dl:0.21603222,0.10801611,0.32404834,0.21603222,0.        ,0.        ,0.        ,0.32404834,0.        ,0.        ,0.10801611,0.        ,0.        ,0.        ,0.21603222,0.        ,0.        ,0.        ,0.        ,0.        ,0.        ,0.        ,0.        ,0.        ,0.10801611,0.        ,0.        ,0.        ,0.        ,0.10801611,0.        ,0.10801611,0.        ,0.43206445,0.        ,0.54008056,0.        ,0.21603222,0.10801611,2.26833835
eff_dl_bin_edges:0.        ,0.18515756,0.37031512,0.55547269,0.74063025,0.92578781,1.11094538,1.29610294,1.4812605 ,1.66641806,1.85157562,2.03673319,2.22189075,2.40704831,2.59220587,2.77736344,2.962521  ,3.14767856,3.33283612,3.51799369,3.70315125,3.88830881,4.07346637,4.25862394,4.4437815 ,4.62893906,4.81409662,4.99925419,5.18441175,5.36956931,5.55472687,5.73988444,5.925042  ,6.11019956,6.29535712,6.48051469,6.66567225,6.85082981,7.03598737,7.22114494,7.4063025 
rul:1.53975036e+01,2.76177176e-02,7.11312751e-02,6.24703032e-02,3.00525289e-02,2.15828637e-02,2.77916327e-02,2.33046231e-03,2.48698590e-03,1.14783965e-03,3.46091045e-03,6.43485863e-04,5.21745294e-04,4.52179255e-04,2.95655667e-04,2.26089627e-04,2.43481137e-04,4.34787745e-04,4.34787745e-04,2.08698118e-04,8.69575490e-05,1.39132078e-04,2.08698118e-04,2.43481137e-04,3.47830196e-04,2.60872647e-04,1.04349059e-04,1.39132078e-04,1.73915098e-05,2.43481137e-04,3.47830196e-05,5.21745294e-05,5.21745294e-05,1.73915098e-05,0.00000000e+00,0.00000000e+00,1.91306608e-04,3.47830196e-05,0.00000000e+00,1.73915098e-05
rul_bin_edges:0.        ,0.06388459,0.12776917,0.19165376,0.25553834,0.31942293,0.38330751,0.4471921 ,0.51107668,0.57496127,0.63884585,0.70273044,0.76661502,0.83049961,0.89438419,0.95826878,1.02215336,1.08603795,1.14992253,1.21380712,1.2776917 ,1.34157629,1.40546087,1.46934546,1.53323004,1.59711463,1.66099921,1.7248838 ,1.78876838,1.85265297,1.91653755,1.98042214,2.04430672,2.10819131,2.17207589,2.23596048,2.29984506,2.36372965,2.42761423,2.49149882,2.5553834 
rdl:1.18089583e+01,1.47404794e-02,9.17156062e-03,7.37683797e-03,4.88270134e-03,1.01217079e-02,7.85191161e-03,7.99707300e-03,2.71847696e-03,1.76832967e-03,2.24340332e-04,3.56305233e-04,3.82698213e-04,1.71554371e-04,1.18768411e-04,9.23754307e-05,7.91789406e-05,6.59824505e-05,5.27859604e-05,5.27859604e-05,2.63929802e-05,1.31964901e-05,5.27859604e-05,5.27859604e-05,1.31964901e-05,0.00000000e+00,3.95894703e-05,0.00000000e+00,2.63929802e-05,1.31964901e-05,3.95894703e-05,0.00000000e+00,1.31964901e-05,0.00000000e+00,0.00000000e+00,0.00000000e+00,0.00000000e+00,0.00000000e+00,1.31964901e-05,1.31964901e-05
rdl_bin_edges:0.        ,0.0841928 ,0.16838559,0.25257839,0.33677118,0.42096397,0.50515677,0.58934957,0.67354236,0.75773515,0.84192795,0.92612074,1.01031354,1.09450633,1.17869913,1.26289192,1.34708472,1.43127752,1.51547031,1.59966311,1.6838559 ,1.7680487 ,1.85224149,1.93643429,2.02062708,2.10481988,2.18901267,2.27320547,2.35739826,2.44159105,2.52578385,2.60997665,2.69416944,2.77836223,2.86255503,2.94674783,3.03094062,3.11513341,3.19932621,3.28351901,3.3677118 
lul:9.66014594e+03,0.00000000e+00,0.00000000e+00,0.00000000e+00,0.00000000e+00,0.00000000e+00,0.00000000e+00,0.00000000e+00,0.00000000e+00,0.00000000e+00,0.00000000e+00,0.00000000e+00,0.00000000e+00,0.00000000e+00,0.00000000e+00,0.00000000e+00,0.00000000e+00,0.00000000e+00,0.00000000e+00,0.00000000e+00,0.00000000e+00,0.00000000e+00,0.00000000e+00,0.00000000e+00,0.00000000e+00,0.00000000e+00,0.00000000e+00,0.00000000e+00,0.00000000e+00,9.09704573e+01,2.62678981e+00,3.13785980e+01,2.60480831e+01,1.92338166e+00,3.63903811e+01,8.46287932e-01,4.19846740e+00,2.14209764e+01,1.52771458e+00,1.47495897e+01
lul_bin_edges:0.        ,0.00010109,0.00020218,0.00030327,0.00040436,0.00050545,0.00060654,0.00070763,0.00080872,0.00090981,0.00101089,0.00111198,0.00121307,0.00131416,0.00141525,0.00151634,0.00161743,0.00171852,0.00181961,0.0019207 ,0.00202179,0.00212288,0.00222397,0.00232506,0.00242615,0.00252724,0.00262833,0.00272942,0.00283051,0.00293159,0.00303268,0.00313377,0.00323486,0.00333595,0.00343704,0.00353813,0.00363922,0.00374031,0.0038414 ,0.00394249,0.00404358
ldl:7.70074587e+03,0.00000000e+00,0.00000000e+00,0.00000000e+00,0.00000000e+00,0.00000000e+00,0.00000000e+00,0.00000000e+00,0.00000000e+00,0.00000000e+00,0.00000000e+00,0.00000000e+00,0.00000000e+00,0.00000000e+00,0.00000000e+00,0.00000000e+00,0.00000000e+00,0.00000000e+00,0.00000000e+00,0.00000000e+00,0.00000000e+00,0.00000000e+00,0.00000000e+00,4.77970156e+01,1.03932937e+01,5.84243535e+00,4.77623424e+00,8.06152059e+00,4.58553160e+00,2.16707543e+00,1.59496751e+00,1.55249284e+01,0.00000000e+00,8.66830171e-03,3.46732068e-02,0.00000000e+00,0.00000000e+00,0.00000000e+00,8.66830171e-03,3.64068672e-01
ldl_bin_edges:0.        ,0.00012817,0.00025635,0.00038452,0.0005127 ,0.00064087,0.00076904,0.00089722,0.00102539,0.00115356,0.00128174,0.00140991,0.00153809,0.00166626,0.00179443,0.00192261,0.00205078,0.00217896,0.00230713,0.0024353 ,0.00256348,0.00269165,0.00281982,0.002948  ,0.00307617,0.00320435,0.00333252,0.00346069,0.00358887,0.00371704,0.00384521,0.00397339,0.00410156,0.00422974,0.00435791,0.00448608,0.00461426,0.00474243,0.00487061,0.00499878,0.00512695
ilul:5.71652259e+01,1.92509680e-01,1.81455565e-01,1.18169139e-01,1.08407903e-01,8.57825204e-02,6.27046306e-02,4.96465529e-02,4.62204236e-02,3.81399299e-02,2.79908299e-02,2.10739274e-02,1.46741764e-02,1.09894713e-02,9.50266051e-03,8.14513758e-03,7.56334204e-03,6.72297070e-03,6.65832675e-03,3.74934904e-03,3.03826561e-03,2.45647006e-03,1.74538662e-03,1.22823503e-03,1.61609873e-03,1.35752293e-03,5.17151592e-04,8.40371338e-04,9.05015287e-04,7.75727389e-04,4.52507643e-04,5.17151592e-04,2.58575796e-04,1.29287898e-04,3.87863694e-04,2.58575796e-04,3.87863694e-04,1.29287898e-04,2.58575796e-04,1.93931847e-04
ilul_bin_edges:0.        ,0.01718721,0.03437443,0.05156164,0.06874886,0.08593607,0.10312328,0.1203105 ,0.13749771,0.15468493,0.17187214,0.18905935,0.20624657,0.22343378,0.240621  ,0.25780821,0.27499542,0.29218264,0.30936985,0.32655707,0.34374428,0.36093149,0.37811871,0.39530592,0.41249314,0.42968035,0.44686756,0.46405478,0.48124199,0.49842921,0.51561642,0.53280363,0.54999085,0.56717806,0.58436528,0.60155249,0.6187397 ,0.63592692,0.65311413,0.67030135,0.68748856
ildl:1.42285177e+02,4.08275419e-01,1.48709590e-01,8.60448001e-02,5.23266899e-02,3.51495394e-02,1.76542936e-02,1.68590551e-02,1.57457213e-02,6.83905066e-03,7.47524142e-03,6.36190759e-03,3.81714455e-03,3.34000148e-03,5.72571683e-03,5.56666914e-03,1.74952459e-03,4.61238300e-03,4.77143069e-03,1.59047690e-03,3.81714455e-03,3.81714455e-03,3.18095379e-03,2.38571535e-03,1.90857228e-03,3.49904917e-03,9.54286138e-04,1.90857228e-03,2.38571535e-03,7.95238448e-04,2.06761997e-03,2.06761997e-03,1.27238152e-03,3.18095379e-04,7.95238448e-04,6.36190759e-04,0.00000000e+00,6.36190759e-04,3.18095379e-04,3.18095379e-04
ildl_bin_edges:0.        ,0.00698564,0.01397127,0.02095691,0.02794255,0.03492818,0.04191382,0.04889946,0.05588509,0.06287073,0.06985637,0.076842  ,0.08382764,0.09081328,0.09779891,0.10478455,0.11177019,0.11875582,0.12574146,0.1327271 ,0.13971274,0.14669837,0.15368401,0.16066965,0.16765528,0.17464092,0.18162656,0.18861219,0.19559783,0.20258347,0.2095691 ,0.21655474,0.22354038,0.23052601,0.23751165,0.24449729,0.25148292,0.25846856,0.2654542 ,0.27243983,0.27942547
eul: 0., 0., 0., 0., 0., 0., 0., 0., 0., 0., 0., 0., 0., 0., 0., 0., 0., 0., 0., 0.,40., 0., 0., 0., 0., 0., 0., 0., 0., 0., 0., 0., 0., 0., 0., 0., 0., 0., 0., 0.
eul_bin_edges:-0.5  ,-0.475,-0.45 ,-0.425,-0.4  ,-0.375,-0.35 ,-0.325,-0.3  ,-0.275,-0.25 ,-0.225,-0.2  ,-0.175,-0.15 ,-0.125,-0.1  ,-0.075,-0.05 ,-0.025, 0.   , 0.025, 0.05 , 0.075, 0.1  , 0.125, 0.15 , 0.175, 0.2  , 0.225, 0.25 , 0.275, 0.3  , 0.325, 0.35 , 0.375, 0.4  , 0.425, 0.45 , 0.475, 0.5  
edl: 0., 0., 0., 0., 0., 0., 0., 0., 0., 0., 0., 0., 0., 0., 0., 0., 0., 0., 0., 0.,40., 0., 0., 0., 0., 0., 0., 0., 0., 0., 0., 0., 0., 0., 0., 0., 0., 0., 0., 0.
edl_bin_edges:-0.5  ,-0.475,-0.45 ,-0.425,-0.4  ,-0.375,-0.35 ,-0.325,-0.3  ,-0.275,-0.25 ,-0.225,-0.2  ,-0.175,-0.15 ,-0.125,-0.1  ,-0.075,-0.05 ,-0.025, 0.   , 0.025, 0.05 , 0.075, 0.1  , 0.125, 0.15 , 0.175, 0.2  , 0.225, 0.25 , 0.275, 0.3  , 0.325, 0.35 , 0.375, 0.4  , 0.425, 0.45 , 0.475, 0.5  
gul:7.55452998e+00,0.00000000e+00,4.20724548e-04,0.00000000e+00,0.00000000e+00,3.36579638e-03,4.20724548e-04,8.41449096e-04,0.00000000e+00,0.00000000e+00,0.00000000e+00,0.00000000e+00,0.00000000e+00,4.20724548e-04,5.46941912e-03,1.68289819e-03,0.00000000e+00,0.00000000e+00,0.00000000e+00,0.00000000e+00,0.00000000e+00,4.20724548e-04,4.20724548e-04,1.68289819e-03,8.41449096e-04,1.68289819e-03,4.20724548e-04,0.00000000e+00,0.00000000e+00,4.20724548e-04,0.00000000e+00,0.00000000e+00,0.00000000e+00,0.00000000e+00,0.00000000e+00,0.00000000e+00,0.00000000e+00,0.00000000e+00,0.00000000e+00,4.20724548e-04
gul_bin_edges:0.     ,0.13204,0.26408,0.39612,0.52816,0.6602 ,0.79224,0.92428,1.05632,1.18836,1.3204 ,1.45244,1.58448,1.71652,1.84856,1.9806 ,2.11264,2.24468,2.37672,2.50876,2.6408 ,2.77284,2.90488,3.03692,3.16896,3.301  ,3.43304,3.56508,3.69712,3.82916,3.9612 ,4.09324,4.22528,4.35732,4.48936,4.6214 ,4.75344,4.88548,5.01752,5.14956,5.2816 
gdl:9.84344998e+00,3.83952691e-03,0.00000000e+00,0.00000000e+00,9.32456535e-03,0.00000000e+00,4.38803075e-03,2.74251922e-03,5.48503844e-04,0.00000000e+00,1.64551153e-03,0.00000000e+00,4.38803075e-03,1.09700769e-03,0.00000000e+00,0.00000000e+00,0.00000000e+00,0.00000000e+00,0.00000000e+00,5.48503844e-04,1.09700769e-03,0.00000000e+00,0.00000000e+00,0.00000000e+00,0.00000000e+00,0.00000000e+00,0.00000000e+00,0.00000000e+00,0.00000000e+00,0.00000000e+00,0.00000000e+00,0.00000000e+00,0.00000000e+00,0.00000000e+00,0.00000000e+00,0.00000000e+00,0.00000000e+00,0.00000000e+00,0.00000000e+00,5.48503844e-04
gdl_bin_edges:0.     ,0.10128,0.20256,0.30384,0.40512,0.5064 ,0.60768,0.70896,0.81024,0.91152,1.0128 ,1.11408,1.21536,1.31664,1.41792,1.5192 ,1.62048,1.72176,1.82304,1.92432,2.0256 ,2.12688,2.22816,2.32944,2.43072,2.532  ,2.63328,2.73456,2.83584,2.93712,3.0384 ,3.13968,3.24096,3.34224,3.44352,3.5448 ,3.64608,3.74736,3.84864,3.94992,4.0512 
ri: 0., 0., 0., 0., 0., 0., 0., 0., 0., 0., 0., 0., 0., 0., 0., 0., 0., 0., 0., 0.,40., 0., 0., 0., 0., 0., 0., 0., 0., 0., 0., 0., 0., 0., 0., 0., 0., 0., 0., 0.
ri_bin_edges:0.5  ,0.525,0.55 ,0.575,0.6  ,0.625,0.65 ,0.675,0.7  ,0.725,0.75 ,0.775,0.8  ,0.825,0.85 ,0.875,0.9  ,0.925,0.95 ,0.975,1.   ,1.025,1.05 ,1.075,1.1  ,1.125,1.15 ,1.175,1.2  ,1.225,1.25 ,1.275,1.3  ,1.325,1.35 ,1.375,1.4  ,1.425,1.45 ,1.475,1.5  
