period:1
ue_log_freq:1000
mac_log_freq:1000
mimo_layers:2
frequency:2412000000.0
bandwidth:50000000
ue_speed:5.555555555555555
max_distance:1000
shannon_cfg_bandwidth_mhz:50.0
shannon_cfg_mimo_layers:2
shannon_cfg_bw_efficiency:0.67
shannon_cfg_sinr_offset_db:0
shannon_cfg_ul_divisor:2
shannon_cfg_sinr_sample_rate:1000
n_ue:10
sinr_period:9.463597741343282
sinr_rate:105.66805852612856
ul_fairness:0.7456693088598493
dl_fairness:0.8914374502123775
ul_agg_throughput:0.028639515249525557
dl_agg_throughput:0.01834880530126984
ul_ave_throughput:0.002863951524952556
dl_ave_throughput:0.001834880530126984
ul_se:0.0005727903049905111
dl_se:0.00036697610602539683
ul_ase:1.8232481678870835e-10
dl_ase:1.1681212254111476e-10
ul_gr:0.005978512272707072, 0.005978512272707072, 0.005978512272707072, 0.005978512272707072, 0.005978512272707072, 0.005978512272707072, 0.005978512272707072, 0.005978512272707072, 0.005978512272707072, 0.005978512272707072
dl_gr:0.0027173157119048945, 0.0027173157119048945, 0.0027173157119048945, 0.0027173157119048945, 0.0027173157119048945, 0.0027173157119048945, 0.0027173157119048945, 0.0027173157119048945, 0.0027173157119048945, 0.0027173157119048945
ul_tr:0.0054505414339758905, 0.0054505416466307435, 0.005450541675462475, 0.005450541675462475, 0.0, 0.0054505414519998895, 0.005450543560013334, 0.005450543191522693, 0.005450541678184545, 0.0
dl_tr:0.002648119342869841, 0.0026481193685906337, 0.0026481193685906337, 0.0026481193685906337, 0.0, 0.002648119789858342, 0.002648120258846731, 0.0026481196716293537, 0.002648119511693795, 0.002648119395811344
ul_er:0.0, 0.0, 0.0, 0.0, 0.0, 0.0, 0.0, 0.0, 0.0, 0.0
dl_er:0.0, 0.0, 0.0, 0.0, 0.0, 0.0, 0.0, 0.0, 0.0, 0.0
ul_er_ratio:0.0, 0.0, 0.0, 0.0, 0.0, 0.0, 0.0, 0.0, 0.0, 0.0
dl_er_ratio:0.0, 0.0, 0.0, 0.0, 0.0, 0.0, 0.0, 0.0, 0.0, 0.0
ul_er_perc:0.0, 0.0, 0.0, 0.0, 0.0, 0.0, 0.0, 0.0, 0.0, 0.0
dl_er_perc:0.0, 0.0, 0.0, 0.0, 0.0, 0.0, 0.0, 0.0, 0.0, 0.0
ul_l:4.288634492528193e-05, 4.375858020109994e-05, 3.97810885173046e-05, 3.97810885173046e-05, 0.0, 6.875452317093495e-05, 0.0001436337057441253, 9.655465738570079e-05, 3.8388016737959e-05, 0.0
dl_l:3.153834809732793e-05, 3.1361240308871726e-05, 3.1361240308871726e-05, 3.1361240308871726e-05, 0.0, 3.265946355202489e-05, 3.6540704349758354e-05, 3.5765699894450305e-05, 3.239753962557636e-05, 3.5281038381201046e-05
ul_il:0.00019277493157046833, 0.0002050961744180879, 0.00015025715304705294, 0.00015025715304705294, 0.0, 0.0008346375145214155, 0.005126504965018611, 0.0020644276795233596, 0.0001379880243264263, 0.0
dl_il:4.710623968112882e-05, 4.6372954113660355e-05, 4.6372954113660355e-05, 4.6372954113660355e-05, 0.0, 5.2498014304760845e-05, 8.777882078217878e-05, 8.06059327759569e-05, 5.201376741847675e-05, 7.306844424198655e-05
sinr_ul:0.07175863,0.        ,0.        ,0.        ,0.        ,0.        ,0.        ,0.        ,0.        ,0.        ,0.        ,0.        ,0.        ,0.07175863,0.        ,0.        ,0.07175863,0.07175863,0.        ,0.        ,0.        ,0.        ,0.        ,0.        ,0.        ,0.        ,0.        ,0.14351726,0.        ,0.        ,0.        ,0.        ,0.        ,0.        ,0.        ,0.07175863,0.07175863,0.        ,0.07175863,0.07175863
sinr_ul_bin_edges:-18.736032  ,-17.34247138,-15.94891075,-14.55535013,-13.1617895 ,-11.76822888,-10.37466825, -8.98110762, -7.587547  , -6.19398638, -4.80042575, -3.40686512, -2.0133045 , -0.61974388,  0.77381675,  2.16737738,  3.560938  ,  4.95449862,  6.34805925,  7.74161988,  9.1351805 , 10.52874112, 11.92230175, 13.31586238, 14.709423  , 16.10298363, 17.49654425, 18.89010487, 20.2836655 , 21.67722613, 23.07078675, 24.46434738, 25.857908  , 27.25146863, 28.64502925, 30.03858987, 31.4321505 , 32.82571113, 34.21927175, 35.61283238, 37.006393  
sinr_dl:0.07176819,0.        ,0.        ,0.        ,0.        ,0.        ,0.        ,0.        ,0.        ,0.        ,0.        ,0.        ,0.        ,0.07176819,0.        ,0.        ,0.07176819,0.07176819,0.        ,0.        ,0.        ,0.        ,0.        ,0.        ,0.        ,0.        ,0.        ,0.14353638,0.        ,0.        ,0.        ,0.        ,0.        ,0.        ,0.        ,0.07176819,0.07176819,0.        ,0.07176819,0.07176819
sinr_dl_bin_edges:-6.0075836 ,-4.61420859,-3.22083357,-1.82745855,-0.43408354, 0.95929148, 2.35266649, 3.74604151, 5.13941652, 6.53279154, 7.92616655, 9.31954157,10.71291658,12.1062916 ,13.49966661,14.89304163,16.28641664,17.67979166,19.07316667,20.46654169,21.8599167 ,23.25329172,24.64666673,26.04004174,27.43341676,28.82679178,30.22016679,31.61354181,33.00691682,34.40029184,35.79366685,37.18704186,38.58041688,39.9737919 ,41.36716691,42.76054192,44.15391694,45.54729196,46.94066697,48.33404198,49.727417  
rsrp_ul:0.0719091 ,0.        ,0.        ,0.        ,0.        ,0.        ,0.        ,0.        ,0.        ,0.        ,0.        ,0.        ,0.        ,0.0719091 ,0.        ,0.        ,0.0719091 ,0.0719091 ,0.        ,0.        ,0.        ,0.        ,0.        ,0.        ,0.        ,0.        ,0.        ,0.14381821,0.        ,0.        ,0.        ,0.        ,0.        ,0.        ,0.        ,0.0719091 ,0.0719091 ,0.        ,0.0719091 ,0.0719091 
rsrp_ul_bin_edges:-135.40572  ,-134.0150755,-132.624431 ,-131.2337865,-129.843142 ,-128.4524975,-127.061853 ,-125.6712085,-124.280564 ,-122.8899195,-121.499275 ,-120.1086305,-118.717986 ,-117.3273415,-115.936697 ,-114.5460525,-113.155408 ,-111.7647635,-110.374119 ,-108.9834745,-107.59283  ,-106.2021855,-104.811541 ,-103.4208965,-102.030252 ,-100.6396075, -99.248963 , -97.8583185, -96.467674 , -95.0770295, -93.686385 , -92.2957405, -90.905096 , -89.5144515, -88.123807 , -86.7331625, -85.342518 , -83.9518735, -82.561229 , -81.1705845, -79.77994  
rsrp_dl:0.07190909,0.        ,0.        ,0.        ,0.        ,0.        ,0.        ,0.        ,0.        ,0.        ,0.        ,0.        ,0.        ,0.07190909,0.        ,0.        ,0.07190909,0.07190909,0.        ,0.        ,0.        ,0.        ,0.        ,0.        ,0.        ,0.        ,0.        ,0.14381818,0.        ,0.        ,0.        ,0.        ,0.        ,0.        ,0.        ,0.07190909,0.07190909,0.        ,0.07190909,0.07190909
rsrp_dl_bin_edges:-129.38512   ,-127.99447525,-126.6038305 ,-125.21318575,-123.822541  ,-122.43189625,-121.0412515 ,-119.65060675,-118.259962  ,-116.86931725,-115.4786725 ,-114.08802775,-112.697383  ,-111.30673825,-109.9160935 ,-108.52544875,-107.134804  ,-105.74415925,-104.3535145 ,-102.96286975,-101.572225  ,-100.18158025, -98.7909355 , -97.40029075, -96.009646  , -94.61900125, -93.2283565 , -91.83771175, -90.447067  , -89.05642225, -87.6657775 , -86.27513275, -84.884488  , -83.49384325, -82.1031985 , -80.71255375, -79.321909  , -77.93126425, -76.5406195 , -75.14997475, -73.75933   
cqi_ul:0.53333333,0.        ,0.53333333,0.        ,0.        ,0.        ,0.        ,0.        ,0.        ,0.        ,0.        ,0.        ,0.        ,0.        ,0.        ,0.        ,0.53333333,0.        ,0.        ,0.        ,0.        ,0.        ,0.        ,0.        ,0.        ,0.        ,0.        ,0.        ,0.        ,0.        ,0.        ,0.        ,0.26666667,0.        ,0.26666667,0.        ,0.        ,0.        ,0.        ,0.53333333
cqi_ul_bin_edges: 0.   , 0.375, 0.75 , 1.125, 1.5  , 1.875, 2.25 , 2.625, 3.   , 3.375, 3.75 , 4.125, 4.5  , 4.875, 5.25 , 5.625, 6.   , 6.375, 6.75 , 7.125, 7.5  , 7.875, 8.25 , 8.625, 9.   , 9.375, 9.75 ,10.125,10.5  ,10.875,11.25 ,11.625,12.   ,12.375,12.75 ,13.125,13.5  ,13.875,14.25 ,14.625,15.   
cqi_dl:0.26666667,0.        ,0.        ,0.        ,0.        ,0.        ,0.        ,0.        ,0.26666667,0.        ,0.26666667,0.        ,0.        ,0.26666667,0.        ,0.        ,0.        ,0.        ,0.        ,0.        ,0.        ,0.        ,0.        ,0.        ,0.        ,0.        ,0.        ,0.        ,0.        ,0.        ,0.        ,0.        ,0.        ,0.        ,0.53333333,0.        ,0.        ,0.        ,0.        ,1.06666667
cqi_dl_bin_edges: 0.   , 0.375, 0.75 , 1.125, 1.5  , 1.875, 2.25 , 2.625, 3.   , 3.375, 3.75 , 4.125, 4.5  , 4.875, 5.25 , 5.625, 6.   , 6.375, 6.75 , 7.125, 7.5  , 7.875, 8.25 , 8.625, 9.   , 9.375, 9.75 ,10.125,10.5  ,10.875,11.25 ,11.625,12.   ,12.375,12.75 ,13.125,13.5  ,13.875,14.25 ,14.625,15.   
mcs_ul:0.57142857,0.        ,0.        ,0.        ,0.        ,0.        ,0.        ,0.        ,0.        ,0.        ,0.        ,0.        ,0.        ,0.        ,0.28571429,0.        ,0.        ,0.        ,0.        ,0.        ,0.        ,0.        ,0.        ,0.        ,0.        ,0.        ,0.        ,0.        ,0.        ,0.        ,0.        ,0.14285714,0.14285714,0.        ,0.        ,0.        ,0.        ,0.        ,0.        ,0.28571429
mcs_ul_bin_edges: 0. , 0.7, 1.4, 2.1, 2.8, 3.5, 4.2, 4.9, 5.6, 6.3, 7. , 7.7, 8.4, 9.1, 9.8,10.5,11.2,11.9,12.6,13.3,14. ,14.7,15.4,16.1,16.8,17.5,18.2,18.9,19.6,20.3,21. ,21.7,22.4,23.1,23.8,24.5,25.2,25.9,26.6,27.3,28. 
mcs_dl:0.14285714,0.        ,0.        ,0.        ,0.14285714,0.        ,0.        ,0.        ,0.14285714,0.        ,0.        ,0.14285714,0.        ,0.        ,0.        ,0.        ,0.        ,0.        ,0.        ,0.        ,0.        ,0.        ,0.        ,0.        ,0.        ,0.        ,0.        ,0.        ,0.        ,0.        ,0.        ,0.        ,0.14285714,0.        ,0.14285714,0.        ,0.        ,0.        ,0.        ,0.57142857
mcs_dl_bin_edges: 0. , 0.7, 1.4, 2.1, 2.8, 3.5, 4.2, 4.9, 5.6, 6.3, 7. , 7.7, 8.4, 9.1, 9.8,10.5,11.2,11.9,12.6,13.3,14. ,14.7,15.4,16.1,16.8,17.5,18.2,18.9,19.6,20.3,21. ,21.7,22.4,23.1,23.8,24.5,25.2,25.9,26.6,27.3,28. 
eff_ul:1.08016148,1.08016148,0.        ,0.        ,0.        ,0.        ,0.        ,0.        ,0.        ,0.        ,0.        ,0.        ,0.        ,1.08016148,0.        ,0.        ,0.        ,0.        ,0.        ,0.        ,0.        ,0.        ,0.        ,0.        ,0.        ,0.        ,0.        ,0.        ,0.        ,0.        ,0.        ,0.54008074,0.        ,0.54008074,0.        ,0.        ,0.        ,0.        ,0.        ,1.08016148
eff_ul_bin_edges:0.       ,0.1851575,0.370315 ,0.5554725,0.74063  ,0.9257875,1.110945 ,1.2961025,1.48126  ,1.6664175,1.851575 ,2.0367325,2.22189  ,2.4070475,2.592205 ,2.7773625,2.96252  ,3.1476775,3.332835 ,3.5179925,3.70315  ,3.8883075,4.073465 ,4.2586225,4.44378  ,4.6289375,4.814095 ,4.9992525,5.18441  ,5.3695675,5.554725 ,5.7398825,5.92504  ,6.1101975,6.295355 ,6.4805125,6.66567  ,6.8508275,7.035985 ,7.2211425,7.4063   
eff_dl:0.54008074,0.        ,0.        ,0.        ,0.54008074,0.        ,0.        ,0.        ,0.        ,0.54008074,0.        ,0.54008074,0.        ,0.        ,0.        ,0.        ,0.        ,0.        ,0.        ,0.        ,0.        ,0.        ,0.        ,0.        ,0.        ,0.        ,0.        ,0.        ,0.        ,0.        ,0.        ,0.        ,0.        ,0.54008074,0.        ,0.54008074,0.        ,0.        ,0.        ,2.16032297
eff_dl_bin_edges:0.       ,0.1851575,0.370315 ,0.5554725,0.74063  ,0.9257875,1.110945 ,1.2961025,1.48126  ,1.6664175,1.851575 ,2.0367325,2.22189  ,2.4070475,2.592205 ,2.7773625,2.96252  ,3.1476775,3.332835 ,3.5179925,3.70315  ,3.8883075,4.073465 ,4.2586225,4.44378  ,4.6289375,4.814095 ,4.9992525,5.18441  ,5.3695675,5.554725 ,5.7398825,5.92504  ,6.1101975,6.295355 ,6.4805125,6.66567  ,6.8508275,7.035985 ,7.2211425,7.4063   
rul:3.54886576e+01,1.33244777e-01,7.19162214e-03,6.19278573e-03,7.99069127e-03,1.25853387e-02,1.09872005e-02,1.89778918e-02,2.93657904e-02,2.67688157e-02,3.75562490e-02,2.99650923e-03,3.33611360e-02,3.47595070e-02,3.99534563e-04,1.79790554e-03,1.79790554e-03,3.79557835e-03,1.39837097e-03,1.59813825e-03,5.39371661e-03,2.59697466e-03,5.79325117e-03,4.19511292e-03,1.99767282e-04,3.59581107e-03,9.98836408e-04,4.99418204e-03,7.99069127e-03,1.71799862e-02,1.19860369e-03,9.98836408e-04,1.39837097e-02,7.99069127e-04,5.99301845e-04,5.99301845e-04,3.99534563e-04,1.87781245e-02,3.99534563e-04,7.99069127e-03
rul_bin_edges:0.        ,0.02780859,0.05561718,0.08342578,0.11123437,0.13904296,0.16685155,0.19466015,0.22246874,0.25027733,0.27808593,0.30589452,0.33370311,0.3615117 ,0.38932029,0.41712889,0.44493748,0.47274607,0.50055467,0.52836326,0.55617185,0.58398044,0.61178904,0.63959763,0.66740622,0.69521481,0.7230234 ,0.750832  ,0.77864059,0.80644918,0.83425777,0.86206637,0.88987496,0.91768355,0.94549215,0.97330074,1.00110933,1.02891792,1.05672652,1.08453511,1.1123437 
rdl:1.56697907e+01,4.80625538e-03,4.36932308e-03,3.67023138e-03,2.27204800e-03,3.58284492e-03,2.62159385e-03,1.30205828e-02,3.32068554e-03,2.88375323e-03,3.49545846e-03,3.14591262e-03,1.13602400e-03,1.04863754e-03,1.39818338e-03,1.74772923e-03,1.31079692e-03,4.36932308e-04,9.61251077e-04,9.61251077e-04,1.04863754e-03,6.99091692e-04,5.24318769e-04,3.49545846e-04,8.73864615e-05,3.49545846e-04,1.74772923e-04,5.24318769e-04,0.00000000e+00,2.62159385e-04,3.49545846e-04,0.00000000e+00,0.00000000e+00,0.00000000e+00,0.00000000e+00,0.00000000e+00,0.00000000e+00,0.00000000e+00,0.00000000e+00,8.73864615e-05
rdl_bin_edges:0.        ,0.06357103,0.12714205,0.19071308,0.2542841 ,0.31785513,0.38142615,0.44499718,0.5085682 ,0.57213923,0.63571025,0.69928128,0.7628523 ,0.82642333,0.88999435,0.95356538,1.0171364 ,1.08070742,1.14427845,1.20784948,1.2714205 ,1.33499152,1.39856255,1.46213358,1.5257046 ,1.58927562,1.65284665,1.71641768,1.7799887 ,1.84355972,1.90713075,1.97070178,2.0342728 ,2.09784382,2.16141485,2.22498588,2.2885569 ,2.35212793,2.41569895,2.47926998,2.542841  
lul:9.81451035e+03,0.00000000e+00,0.00000000e+00,0.00000000e+00,0.00000000e+00,0.00000000e+00,0.00000000e+00,0.00000000e+00,0.00000000e+00,0.00000000e+00,0.00000000e+00,0.00000000e+00,0.00000000e+00,0.00000000e+00,0.00000000e+00,0.00000000e+00,0.00000000e+00,0.00000000e+00,0.00000000e+00,0.00000000e+00,0.00000000e+00,0.00000000e+00,0.00000000e+00,0.00000000e+00,0.00000000e+00,0.00000000e+00,0.00000000e+00,0.00000000e+00,0.00000000e+00,1.00189343e+02,1.38536149e+00,9.47587259e+00,8.47841232e+00,7.75802434e+00,9.86377381e+00,7.59178096e+00,1.27453257e+00,3.21403866e+00,2.43823622e+00,8.97714245e+00
lul_bin_edges:0.        ,0.00010025,0.0002005 ,0.00030075,0.000401  ,0.00050125,0.00060149,0.00070174,0.00080199,0.00090224,0.00100249,0.00110274,0.00120299,0.00130324,0.00140349,0.00150374,0.00160398,0.00170423,0.00180448,0.00190473,0.00200498,0.00210523,0.00220548,0.00230573,0.00240598,0.00250623,0.00260648,0.00270672,0.00280697,0.00290722,0.00300747,0.00310772,0.00320797,0.00330822,0.00340847,0.00350872,0.00360897,0.00370921,0.00380946,0.00390971,0.00400996
ldl:9.89560569e+03,0.00000000e+00,0.00000000e+00,0.00000000e+00,0.00000000e+00,0.00000000e+00,0.00000000e+00,0.00000000e+00,0.00000000e+00,0.00000000e+00,0.00000000e+00,0.00000000e+00,0.00000000e+00,0.00000000e+00,0.00000000e+00,0.00000000e+00,0.00000000e+00,0.00000000e+00,0.00000000e+00,0.00000000e+00,0.00000000e+00,0.00000000e+00,0.00000000e+00,0.00000000e+00,0.00000000e+00,0.00000000e+00,0.00000000e+00,0.00000000e+00,0.00000000e+00,4.83378436e+01,2.40856764e+01,2.16438106e+00,1.94239326e+00,3.99578041e+00,1.16543595e+00,5.54969502e-01,9.43448153e-01,9.98945103e-01,6.10466452e-01,9.60097238e+00
ldl_bin_edges:0.       ,0.0001001,0.0002002,0.0003003,0.0004004,0.0005005,0.0006006,0.0007007,0.0008008,0.0009009,0.001001 ,0.0011011,0.0012012,0.0013013,0.0014014,0.0015015,0.0016016,0.0017017,0.0018018,0.0019019,0.002002 ,0.0021021,0.0022022,0.0023023,0.0024024,0.0025025,0.0026026,0.0027027,0.0028028,0.0029029,0.003003 ,0.0031031,0.0032032,0.0033033,0.0034034,0.0035035,0.0036036,0.0037037,0.0038038,0.0039039,0.004004 
ilul:8.23808358e+01,1.68332730e-01,1.40123124e-01,9.01782483e-02,7.67671242e-02,4.85575183e-02,4.39329928e-02,3.88460147e-02,2.86720584e-02,2.95969635e-02,3.05218687e-02,2.72847008e-02,2.63597957e-02,1.20237664e-02,1.20237664e-02,9.71150366e-03,8.78659855e-03,9.71150366e-03,1.06364088e-02,1.06364088e-02,8.32414600e-03,5.54943066e-03,4.16207300e-03,4.62452555e-03,1.38735767e-03,1.84981022e-03,2.31226278e-03,1.84981022e-03,1.38735767e-03,9.24905111e-04,1.38735767e-03,1.38735767e-03,3.23716789e-03,4.62452555e-04,9.24905111e-04,4.62452555e-04,4.62452555e-04,4.62452555e-04,4.62452555e-04,9.24905111e-04
ilul_bin_edges:0.        ,0.01201258,0.02402515,0.03603773,0.04805031,0.06006288,0.07207546,0.08408804,0.09610062,0.10811319,0.12012577,0.13213835,0.14415092,0.1561635 ,0.16817608,0.18018866,0.19220123,0.20421381,0.21622639,0.22823896,0.24025154,0.25226412,0.26427669,0.27628927,0.28830185,0.30031442,0.312327  ,0.32433958,0.33635216,0.34836473,0.36037731,0.37238989,0.38440246,0.39641504,0.40842762,0.4204402 ,0.43245277,0.44446535,0.45647793,0.4684905 ,0.48050308
ildl:7.76181437e+02,0.00000000e+00,2.97310804e+00,1.99803307e+00,7.83542382e-01,4.48360363e-01,2.56827781e-01,2.96004900e-01,1.65414503e-01,1.30590397e-01,4.35301324e-02,1.30590397e-02,3.91771191e-02,3.48241059e-02,2.61180794e-02,4.35301324e-02,2.17650662e-02,2.61180794e-02,1.74120529e-02,8.70602647e-03,0.00000000e+00,0.00000000e+00,0.00000000e+00,1.74120529e-02,1.30590397e-02,0.00000000e+00,1.30590397e-02,0.00000000e+00,0.00000000e+00,4.35301324e-03,0.00000000e+00,4.35301324e-03,1.30590397e-02,0.00000000e+00,0.00000000e+00,0.00000000e+00,0.00000000e+00,4.35301324e-03,0.00000000e+00,8.70602647e-03
ildl_bin_edges:0.        ,0.00127618,0.00255237,0.00382855,0.00510474,0.00638092,0.00765711,0.00893329,0.01020947,0.01148566,0.01276184,0.01403803,0.01531421,0.0165904 ,0.01786658,0.01914276,0.02041895,0.02169513,0.02297132,0.0242475 ,0.02552368,0.02679987,0.02807605,0.02935224,0.03062842,0.03190461,0.03318079,0.03445697,0.03573316,0.03700934,0.03828553,0.03956171,0.0408379 ,0.04211408,0.04339026,0.04466645,0.04594263,0.04721882,0.048495  ,0.04977119,0.05104737
eul: 0., 0., 0., 0., 0., 0., 0., 0., 0., 0., 0., 0., 0., 0., 0., 0., 0., 0., 0., 0.,40., 0., 0., 0., 0., 0., 0., 0., 0., 0., 0., 0., 0., 0., 0., 0., 0., 0., 0., 0.
eul_bin_edges:-0.5  ,-0.475,-0.45 ,-0.425,-0.4  ,-0.375,-0.35 ,-0.325,-0.3  ,-0.275,-0.25 ,-0.225,-0.2  ,-0.175,-0.15 ,-0.125,-0.1  ,-0.075,-0.05 ,-0.025, 0.   , 0.025, 0.05 , 0.075, 0.1  , 0.125, 0.15 , 0.175, 0.2  , 0.225, 0.25 , 0.275, 0.3  , 0.325, 0.35 , 0.375, 0.4  , 0.425, 0.45 , 0.475, 0.5  
edl: 0., 0., 0., 0., 0., 0., 0., 0., 0., 0., 0., 0., 0., 0., 0., 0., 0., 0., 0., 0.,40., 0., 0., 0., 0., 0., 0., 0., 0., 0., 0., 0., 0., 0., 0., 0., 0., 0., 0., 0.
edl_bin_edges:-0.5  ,-0.475,-0.45 ,-0.425,-0.4  ,-0.375,-0.35 ,-0.325,-0.3  ,-0.275,-0.25 ,-0.225,-0.2  ,-0.175,-0.15 ,-0.125,-0.1  ,-0.075,-0.05 ,-0.025, 0.   , 0.025, 0.05 , 0.075, 0.1  , 0.125, 0.15 , 0.175, 0.2  , 0.225, 0.25 , 0.275, 0.3  , 0.325, 0.35 , 0.375, 0.4  , 0.425, 0.45 , 0.475, 0.5  
gul:3.77840962e+00,2.10426020e-04,1.47298214e-03,6.31278060e-04,0.00000000e+00,0.00000000e+00,0.00000000e+00,3.78766836e-03,0.00000000e+00,0.00000000e+00,2.10426020e-04,1.05213010e-03,1.26255612e-03,2.10426020e-04,2.10426020e-04,0.00000000e+00,0.00000000e+00,0.00000000e+00,0.00000000e+00,0.00000000e+00,2.10426020e-04,0.00000000e+00,0.00000000e+00,0.00000000e+00,0.00000000e+00,0.00000000e+00,0.00000000e+00,0.00000000e+00,0.00000000e+00,0.00000000e+00,0.00000000e+00,0.00000000e+00,0.00000000e+00,0.00000000e+00,0.00000000e+00,0.00000000e+00,0.00000000e+00,0.00000000e+00,0.00000000e+00,2.10426020e-04
gul_bin_edges: 0.   , 0.264, 0.528, 0.792, 1.056, 1.32 , 1.584, 1.848, 2.112, 2.376, 2.64 , 2.904, 3.168, 3.432, 3.696, 3.96 , 4.224, 4.488, 4.752, 5.016, 5.28 , 5.544, 5.808, 6.072, 6.336, 6.6  , 6.864, 7.128, 7.392, 7.656, 7.92 , 8.184, 8.448, 8.712, 8.976, 9.24 , 9.504, 9.768,10.032,10.296,10.56 
gdl:9.84344998e+00,3.29102306e-03,0.00000000e+00,0.00000000e+00,9.32456535e-03,0.00000000e+00,4.38803075e-03,2.74251922e-03,5.48503844e-04,0.00000000e+00,1.64551153e-03,0.00000000e+00,4.38803075e-03,1.64551153e-03,0.00000000e+00,0.00000000e+00,0.00000000e+00,0.00000000e+00,0.00000000e+00,5.48503844e-04,1.09700769e-03,0.00000000e+00,0.00000000e+00,0.00000000e+00,0.00000000e+00,0.00000000e+00,0.00000000e+00,0.00000000e+00,0.00000000e+00,0.00000000e+00,0.00000000e+00,0.00000000e+00,0.00000000e+00,0.00000000e+00,0.00000000e+00,0.00000000e+00,0.00000000e+00,0.00000000e+00,0.00000000e+00,5.48503844e-04
gdl_bin_edges:0.     ,0.10128,0.20256,0.30384,0.40512,0.5064 ,0.60768,0.70896,0.81024,0.91152,1.0128 ,1.11408,1.21536,1.31664,1.41792,1.5192 ,1.62048,1.72176,1.82304,1.92432,2.0256 ,2.12688,2.22816,2.32944,2.43072,2.532  ,2.63328,2.73456,2.83584,2.93712,3.0384 ,3.13968,3.24096,3.34224,3.44352,3.5448 ,3.64608,3.74736,3.84864,3.94992,4.0512 
ri: 0., 0., 0., 0., 0., 0., 0., 0., 0., 0., 0., 0., 0., 0., 0., 0., 0., 0., 0., 0.,40., 0., 0., 0., 0., 0., 0., 0., 0., 0., 0., 0., 0., 0., 0., 0., 0., 0., 0., 0.
ri_bin_edges:0.5  ,0.525,0.55 ,0.575,0.6  ,0.625,0.65 ,0.675,0.7  ,0.725,0.75 ,0.775,0.8  ,0.825,0.85 ,0.875,0.9  ,0.925,0.95 ,0.975,1.   ,1.025,1.05 ,1.075,1.1  ,1.125,1.15 ,1.175,1.2  ,1.225,1.25 ,1.275,1.3  ,1.325,1.35 ,1.375,1.4  ,1.425,1.45 ,1.475,1.5  
