0 1243
3.4e-05 77
0.022819 0
0.028218 33
0.088774 40
0.51324 1243
0.513279 1067
0.554219 33
0.616599 40
0.709362 29
1.04132 0
3.01781 1243
3.01784 1250
3.01785 1250
3.01785 1250
3.01786 1250
3.01786 359
3.04709 34
3.13923 41
5.64832 0
5.79409 33
8.0408 1250
8.04083 1250
8.04103 80
8.07712 1250
8.07896 78
8.07901 31
8.07915 1246
8.07916 917
8.09571 34
8.09578 33
8.16697 37
8.16701 35
8.16703 33
11.5176 1243
11.5176 1234
11.5455 33
11.6086 40
17.8332 0
17.8334 0
19.2088 1243
19.2088 1250
19.2088 1250
19.2088 236
19.2374 34
19.2699 41
20.0008 949
20.0289 33
20.0362 29
20.0943 40
20.7688 29
22.0323 0
22.511 1243
22.511 1130
22.5393 33
22.6054 40
23.6173 1250
23.6174 1250
23.6174 1250
23.6175 81
23.6516 1250
23.6667 107
23.6667 31
23.6859 33
25.8467 33
30.0968 1243
30.0968 1250
30.0968 1250
30.0968 156
30.126 34
30.1718 41
33.5111 1243
33.5111 1101
33.5405 33
33.6066 40
40.0016 959
40.0335 33
40.0904 40
40.8216 29
41.988 904
42.0168 34
42.0421 41
44.5134 1243
44.5134 1205
44.5564 33
44.6098 40
45.0236 0
46.0845 33
50.0937 1243
50.0938 1250
50.0938 1250
50.0938 612
50.1254 34
50.1583 41
50.6675 29
50.7043 0
55.5107 1243
55.5107 1145
55.5434 33
55.6051 40
60.0033 965
60.0377 33
60.1035 40
61.0595 29
63.04 1243
63.04 1250
63.04 1250
63.04 158
63.0696 34
63.0977 41
66.0733 33
66.513 1243
66.513 1140
66.5424 33
66.6045 40
77.5109 1243
77.5109 1201
77.5413 33
77.6018 40
77.6679 29
80.0033 983
80.0323 33
80.086 40
80.196 1243
80.1961 1250
80.1961 1250
80.1961 443
80.2257 34
80.2607 41
81.0476 29
86.1818 33
88.5121 1243
88.5122 1146
88.5417 33
88.6072 40
90.0241 0
95.7602 0
98.4264 1243
98.4264 1250
98.4264 1250
98.4264 51
98.4545 34
98.4889 41
99.5134 1243
99.5134 1134
99.5418 33
99.6075 40
100.004 990
100.032 33
100.084 40
101.157 29
101.988 400
102.056 33
102.128 36
104.669 29
106.528 33
110.086 1243
110.086 1250
110.086 1250
110.086 429
110.115 34
110.147 41
110.513 1243
110.513 1236
110.54 33
110.604 40
111.006 1250
111.006 1250
111.006 1250
111.006 78
111.047 78
111.047 31
111.048 1246
111.048 1250
111.048 1250
111.048 824
111.048 115
111.09 31
111.132 35
111.132 31
120.005 1136
120.035 33
120.09 40
121.503 29
121.511 1243
121.511 1125
121.539 33
121.603 40
123.627 1243
123.627 1250
123.627 1250
123.627 304
123.659 34
123.685 41
126.519 33
131.67 29
132.513 1243
132.513 1222
132.541 33
132.617 40
135.025 0
140.006 981
140.039 33
140.096 40
140.238 1243
140.238 1250
140.238 1250
140.238 450
140.273 34
140.299 41
140.816 0
141.493 29
143.513 1243
143.513 1127
143.543 33
143.605 40
146.578 33
154.513 1243
154.513 1135
154.54 33
154.608 40
158.671 29
160.007 982
160.057 33
160.123 40
161.552 29
161.609 29
165.514 1243
165.514 1242
165.544 33
165.608 40
166.79 33
167.527 1243
167.527 1250
167.527 1250
167.527 438
167.558 34
167.592 41
176.514 1243
176.515 1172
176.544 33
176.608 40
180.009 989
180.039 33
180.072 0
180.117 40
181.133 1243
181.133 1250
181.133 1250
181.133 362
181.162 34
181.193 41
181.242 34
181.765 29
185.671 29
185.872 0
186.949 32
186.972 1250
186.972 1250
186.972 1250
186.972 76
186.972 531
187.011 78
187.011 31
187.03 31
187.126 35
187.128 670
187.196 33
187.309 37
187.367 30
187.512 1243
187.512 1164
187.543 33
187.608 40
194.027 1243
194.027 1250
194.027 1250
194.027 347
194.053 34
194.092 41
198.513 1243
198.513 1250
198.513 46
198.541 33
198.602 40
200.009 1010
200.04 33
200.097 40
201.946 29
207.235 33
209.512 1243
209.512 1193
209.539 33
209.607 40
210.1 1243
210.1 1250
210.1 1250
210.1 339
210.128 34
210.162 41
212.672 29
220.01 1018
220.04 33
220.097 40
220.514 1243
220.514 1109
220.542 33
220.608 40
222.21 29
222.273 29
222.397 29
222.457 1250
222.644 29
222.758 1250
223.059 1250
223.138 29
223.36 29
224.347 29
225.027 0
225.453 0
275.985 0
305.51 0
321.04 0
366.096 0
446.674 28
446.848 0
447.096 0
447.12 0
447.121 0
447.124 0
447.137 0
447.137 0
447.137 318:
447.137 301:
447.14 0
447.141 2525
447.155 0
447.156 0
447.156 0
447.157 0
447.174 0
447.174 0
447.174 318:
447.18 0
447.181 64
447.181 92
447.192 0
447.197 0
447.197 31
447.198 0
447.217 0
447.218 1250
447.258 0
447.259 64
447.259 612
447.419 139
447.611 0
447.861 1250
447.861 1250
447.861 1250
447.862 82
447.862 1246
447.862 1250
447.862 809
447.862 84
447.898 1250
447.902 78
447.902 31
447.92 33
447.979 33
447.979 37
448.661 0
448.702 0
448.703 1731
448.733 1031
448.744 0
448.744 0
448.744 0
448.745 64
448.746 281
448.758 1250
448.758 1250
448.758 82
448.761 1250
448.761 1250
448.762 80
448.796 78
448.796 31
448.796 1250
448.799 78
448.8 31
448.804 32
448.816 33
448.825 0
448.828 0
448.828 0
448.837 31
448.837 31
448.837 31
448.84 35
448.84 31
448.84 31
448.84 32
448.842 31
448.842 31
448.842 31
448.842 31
448.845 31
448.845 31
448.845 31
448.848 31
448.848 31
448.85 31
448.85 31
448.851 31
448.853 31
448.853 31
448.855 31
448.855 31
448.858 31
448.858 37
448.858 32
448.86 32
448.86 32
448.86 32
448.863 32
448.863 32
448.863 32
448.868 32
448.868 32
448.868 32
448.868 32
448.869 32
448.869 32
448.869 32
448.873 33
448.873 33
448.873 33
448.873 33
448.873 33
448.873 38
448.874 33
448.876 33
448.876 33
448.879 33
448.881 33
448.884 33
448.889 34
448.893 1250
448.893 1250
448.893 81
448.9 1250
448.901 1250
448.901 81
448.903 1250
448.903 1250
448.903 1250
448.903 79
448.926 0
448.934 107
448.934 31
448.934 1250
448.937 1250
448.938 1250
448.938 31
448.942 78
448.942 31
448.951 31
448.953 966
448.955 33
448.956 0
448.958 2238
448.961 34
448.972 31
449.003 0
449.003 0
449.003 0
449.003 0
449.005 90
449.008 35
449.06 1250
449.06 1250
449.06 327
449.06 89
449.066 1250
449.066 1250
449.066 112
449.074 1250
449.075 1250
449.075 415
449.075 90
449.076 0
449.082 36
449.083 32
449.083 32
449.085 32
449.085 32
449.087 32
449.087 33
449.088 33
449.09 33
449.09 33
449.091 33
449.091 33
449.093 37
449.098 34
449.102 33
449.105 33
449.105 33
449.107 37
449.107 33
449.107 33
449.109 33
449.109 33
449.11 33
449.113 1250
449.114 1250
449.114 82
449.114 33
449.114 33
449.115 33
449.115 33
449.116 33
449.117 33
449.121 33
449.122 33
449.123 33
449.124 33
449.127 33
449.127 33
449.127 33
449.128 33
449.128 38
449.128 33
449.129 33
449.13 33
449.131 33
449.131 33
449.132 33
449.132 33
449.137 33
449.138 33
449.138 33
449.138 33
449.139 33
449.141 33
449.141 33
449.141 33
449.141 33
449.143 33
449.143 33
449.143 33
449.144 38
449.144 33
449.147 33
449.147 33
449.147 33
449.147 33
449.148 33
449.148 33
449.149 33
449.149 33
449.15 33
449.15 33
449.15 33
449.151 33
449.151 33
449.152 33
449.152 33
449.152 33
449.153 33
449.153 33
449.153 38
449.153 33
449.154 33
449.155 33
449.156 33
449.156 33
449.157 78
449.157 31
449.157 33
449.158 33
449.158 1246
449.158 941
449.16 33
449.16 33
449.162 33
449.163 33
449.163 33
449.163 33
449.163 33
449.164 33
449.164 33
449.164 33
449.164 33
449.165 33
449.165 38
449.165 33
449.165 33
449.166 33
449.166 33
449.166 33
449.169 33
449.169 33
449.169 33
449.17 33
449.17 33
449.17 33
449.17 33
449.171 33
449.171 33
449.176 33
449.19 32
449.213 33
449.264 35
449.406 1250
449.406 1250
449.406 432
449.406 90
449.436 37
449.501 1250
449.501 1250
449.501 440
449.501 90
449.508 1250
449.508 1250
449.508 450
449.508 90
449.509 29
449.526 1250
449.526 1250
449.526 456
449.526 91
449.532 37
449.535 1250
449.535 1250
449.535 483
449.535 92
449.555 37
449.558 36
449.558 32
449.563 33
449.748 1250
449.748 1250
449.748 478
449.748 93
449.75 1250
449.751 1250
449.751 484
449.751 95
449.754 1250
449.754 1250
449.754 495
449.755 96
449.756 1250
449.756 1250
449.756 501
449.756 97
449.762 1250
449.762 1250
449.762 516
449.762 98
449.765 1250
449.765 1250
449.765 554
449.765 92
449.767 1250
449.767 1250
449.767 550
449.767 600
449.781 38
449.786 37
449.79 1250
449.79 1250
449.79 80
449.793 37
449.801 38
449.814 1250
449.814 1250
449.814 542
449.815 85
449.831 1250
449.832 78
449.832 31
449.832 1246
449.832 1250
449.832 991
449.832 253
449.832 997
449.832 253
449.832 997
449.832 253
449.832 997
449.832 253
449.832 951
449.832 1244
449.832 1250
449.834 1250
449.834 1250
449.834 1250
449.834 1250
449.834 1250
449.834 1126
449.834 124
449.834 1126
449.835 124
449.835 1126
449.835 124
449.835 1126
449.835 1250
449.835 1250
449.837 1250
449.837 1250
449.838 1019
449.838 231
449.838 1019
449.838 231
449.838 1019
449.838 231
449.838 1019
449.838 231
449.838 1019
449.838 231
449.838 1019
449.838 231
449.838 1019
449.838 231
449.838 36
449.841 1250
449.841 910
449.841 340
449.841 910
449.841 340
449.841 910
449.841 340
449.841 910
449.841 340
449.841 910
449.842 340
449.842 910
449.842 340
449.842 910
449.842 340
449.842 910
449.843 33
449.85 1250
449.85 1250
449.85 1250
449.85 1250
449.85 1250
449.85 1250
449.852 1250
449.852 1250
449.852 828
449.852 1250
449.852 1250
449.852 1250
449.854 1083
449.855 1244
449.856 1250
449.856 1250
449.856 1204
449.857 31
449.857 1244
449.857 1250
449.857 1250
449.857 1206
449.858 32
449.859 1244
449.859 1250
449.859 1250
449.859 1212
449.86 1244
449.86 1250
449.86 1250
449.86 1197
449.862 32
449.869 32
449.871 1243
449.871 1250
449.871 1250
449.871 1217
449.871 32
449.876 32
449.879 32
449.885 36
449.886 36
449.889 36
449.891 36
449.895 36
449.895 37
449.898 37
449.898 37
449.901 37
449.901 37
449.907 38
449.909 37
449.914 37
449.914 37
449.914 37
449.926 37
449.929 1250
449.929 1250
449.929 758
449.929 85
449.937 1250
449.938 1250
449.938 766
449.938 85
449.938 1250
449.938 1250
449.938 770
449.939 86
449.951 34
449.954 36
449.954 32
449.954 32
449.955 32
449.955 32
449.956 32
449.956 33
449.956 33
449.956 33
449.959 39
449.96 39
449.982 33
450.006 1243
450.006 35
450.016 1250
450.016 1250
450.016 553
450.016 99
450.021 1250
450.021 1250
450.021 559
450.021 100
450.031 486
450.033 703
450.046 36
450.047 1250
450.047 1250
450.047 575
450.047 109
450.054 33
450.054 1250
450.054 1250
450.055 570
450.055 110
450.055 1250
450.055 1250
450.055 578
450.055 111
450.06 1250
450.06 1250
450.06 589
450.06 111
450.061 1250
450.061 1250
450.061 599
450.061 112
450.063 1250
450.063 1250
450.063 602
450.063 1250
450.063 606
450.063 1250
450.063 1250
450.067 1250
450.067 1250
450.067 423
450.067 1250
450.067 1250
450.067 1250
450.067 1250
450.067 366
450.067 1250
450.067 1250
450.067 1250
450.067 1250
450.067 372
450.067 1250
450.067 1250
450.067 1250
450.067 1250
450.067 388
450.069 1250
450.069 1250
450.069 1250
450.069 1250
450.071 423
450.071 32
450.071 1250
450.071 1250
450.071 1250
450.071 1250
450.071 422
450.074 1250
450.074 1250
450.074 1250
450.074 1250
450.077 1250
450.077 1250
450.077 1250
450.077 1250
450.077 935
450.085 37
450.088 1250
450.088 1250
450.088 766
450.088 88
450.089 1250
450.089 1250
450.089 779
450.097 1250
450.097 1250
450.097 726
450.097 89
450.101 1250
450.101 1250
450.101 732
450.101 89
450.104 1250
450.104 1250
450.104 792
450.104 1250
450.104 1250
450.104 791
450.105 1250
450.105 1250
450.105 797
450.105 1250
450.105 1250
450.105 802
450.105 1250
450.106 1250
450.106 807
450.106 1250
450.106 1250
450.106 812
450.109 1250
450.109 1250
450.109 828
450.121 42
450.121 33
450.121 33
450.127 33
450.127 47
450.146 40
450.165 52
450.174 41
450.178 1243
450.178 1250
450.178 1250
450.178 1250
450.178 222
450.183 1243
450.183 1250
450.183 1250
450.183 1217
450.184 1243
450.184 1250
450.184 1250
450.184 1209
450.189 388
450.205 33
450.218 34
450.231 37
450.237 37
450.244 1243
450.244 1250
450.244 1250
450.244 1250
450.244 356
450.245 1243
450.245 1250
450.245 1250
450.245 1250
450.245 129
450.248 1250
450.248 1250
450.248 994
450.248 86
450.25 1243
450.25 1250
450.25 1250
450.25 1250
450.25 346
450.25 1243
450.25 1250
450.25 1250
450.25 1250
450.25 143
450.268 40
450.271 33
450.276 40
450.279 1250
450.279 1250
450.279 1002
450.279 87
450.28 1243
