period:1
ue_log_freq:1000
mac_log_freq:1000
mimo_layers:2
frequency:2412000000.0
bandwidth:50000000
ue_speed:5.555555555555555
max_distance:1000
shannon_cfg_bandwidth_mhz:50.0
shannon_cfg_mimo_layers:2
shannon_cfg_bw_efficiency:0.67
shannon_cfg_sinr_offset_db:0
shannon_cfg_ul_divisor:2
shannon_cfg_sinr_sample_rate:1000
n_ue:1
sinr_period:9.463597741343282
sinr_rate:105.66805852612856
ul_fairness:1.0
dl_fairness:1.0
ul_agg_throughput:1.6421680824607916
dl_agg_throughput:22.404183738917638
ul_ave_throughput:1.6421680824607916
dl_ave_throughput:22.404183738917638
ul_se:0.03284336164921583
dl_se:0.44808367477835276
ul_ase:1.0454366708454967e-08
dl_ase:1.4262946351951213e-07
ul_gr:0.2522053982883476
dl_gr:22.68805093290889
ul_tr:0.16421538827509768
dl_tr:22.588739274414387
ul_er:299.74250714577374
dl_er:277.3066616111533
ul_er_ratio:0.9994524451239786
dl_er_ratio:0.9246779403494966
ul_er_perc:99.94524451239786
dl_er_perc:92.46779403494966
ul_l:0.0002147383587803435
dl_l:0.004538442138607178
ul_il:0.6186517598270015
dl_il:0.42520570688598425
sinr_ul:0.00745235,0.02442155,0.02419495,0.02092196,0.02259622,0.03507135,0.04846544,0.04934663,0.03492029,0.03510912,0.03096753,0.05934184,0.09221022,0.1140889 ,0.12281268,0.09377118,0.04723177,0.05055512,0.03140812,0.02750571,0.02873938,0.04881791,0.0399179 ,0.02457261,0.03852058,0.06300507,0.05107124,0.0383947 ,0.02696441,0.02985975,0.02821066,0.02361589,0.0187064 ,0.01438857,0.01212265,0.01344444,0.02053172,0.00482137,0.00772929,0.00479619
sinr_ul_bin_edges:-19.239506  ,-18.57752775,-17.9155495 ,-17.25357125,-16.591593  ,-15.92961475,-15.2676365 ,-14.60565825,-13.94368   ,-13.28170175,-12.6197235 ,-11.95774525,-11.295767  ,-10.63378875, -9.9718105 , -9.30983225, -8.647854  , -7.98587575, -7.3238975 , -6.66191925, -5.999941  , -5.33796275, -4.6759845 , -4.01400625, -3.352028  , -2.69004975, -2.0280715 , -1.36609325, -0.704115  , -0.04213675,  0.6198415 ,  1.28181975,  1.943798  ,  2.60577625,  3.2677545 ,  3.92973275,  4.591711  ,  5.25368925,  5.9156675 ,  6.57764575,  7.239624  
sinr_dl:0.00745235,0.02442155,0.02419496,0.02092197,0.02259623,0.03507136,0.04846545,0.04934664,0.03490771,0.03512171,0.03096753,0.05932926,0.09222282,0.11410151,0.12278752,0.09378379,0.04723178,0.05055513,0.03140813,0.02750571,0.02873938,0.04881792,0.03990532,0.02459779,0.038508  ,0.06300508,0.05107125,0.0383947 ,0.02696441,0.02984716,0.02822325,0.02361589,0.0187064 ,0.01438857,0.01212266,0.01344444,0.02053173,0.00482137,0.00772929,0.00479619
sinr_dl_bin_edges: 2.8183594 , 3.48033754, 4.14231568, 4.80429382, 5.46627196, 6.1282501 , 6.79022824, 7.45220638, 8.11418452, 8.77616266, 9.4381408 ,10.10011894,10.76209708,11.42407522,12.08605336,12.7480315 ,13.41000964,14.07198778,14.73396592,15.39594406,16.0579222 ,16.71990034,17.38187848,18.04385662,18.70583476,19.3678129 ,20.02979104,20.69176918,21.35374732,22.01572546,22.6777036 ,23.33968174,24.00165988,24.66363802,25.32561616,25.9875943 ,26.64957244,27.31155058,27.97352872,28.63550686,29.297485  
rsrp_ul:0.00745234,0.02442151,0.02419492,0.02092193,0.02259619,0.0350713 ,0.04846537,0.04934655,0.03490765,0.03512165,0.03096748,0.05932916,0.09222267,0.11408873,0.12281249,0.09377104,0.0472317 ,0.05055504,0.03140807,0.02750567,0.02873933,0.04881784,0.03991784,0.02457257,0.03852052,0.06300497,0.05107117,0.03839464,0.02696437,0.0298597 ,0.02821062,0.02361585,0.01870637,0.01438855,0.01212264,0.01344442,0.02053169,0.00482136,0.00772928,0.00479618
rsrp_ul_bin_edges:-138.42075   ,-137.75877075,-137.0967915 ,-136.43481225,-135.772833  ,-135.11085375,-134.4488745 ,-133.78689525,-133.124916  ,-132.46293675,-131.8009575 ,-131.13897825,-130.476999  ,-129.81501975,-129.1530405 ,-128.49106125,-127.829082  ,-127.16710275,-126.5051235 ,-125.84314425,-125.181165  ,-124.51918575,-123.8572065 ,-123.19522725,-122.533248  ,-121.87126875,-121.2092895 ,-120.54731025,-119.885331  ,-119.22335175,-118.5613725 ,-117.89939325,-117.237414  ,-116.57543475,-115.9134555 ,-115.25147625,-114.589497  ,-113.92751775,-113.2655385 ,-112.60355925,-111.94158   
rsrp_dl:0.00745234,0.02442153,0.02419494,0.02092195,0.02259621,0.03507133,0.0484654 ,0.04934659,0.03490768,0.03512168,0.0309675 ,0.05934179,0.09221015,0.1141014 ,0.1228    ,0.09377111,0.04723174,0.05055508,0.0314081 ,0.02750569,0.02873935,0.04881788,0.03991787,0.02457259,0.03852055,0.06300502,0.0510712 ,0.03839467,0.02696439,0.02985972,0.02821064,0.02361587,0.01870639,0.01438856,0.01212264,0.01344443,0.02053171,0.00482136,0.00772929,0.00479619
rsrp_dl_bin_edges:-141.6841    ,-141.02212125,-140.3601425 ,-139.69816375,-139.036185  ,-138.37420625,-137.7122275 ,-137.05024875,-136.38827   ,-135.72629125,-135.0643125 ,-134.40233375,-133.740355  ,-133.07837625,-132.4163975 ,-131.75441875,-131.09244   ,-130.43046125,-129.7684825 ,-129.10650375,-128.444525  ,-127.78254625,-127.1205675 ,-126.45858875,-125.79661   ,-125.13463125,-124.4726525 ,-123.81067375,-123.148695  ,-122.48671625,-121.8247375 ,-121.16275875,-120.50078   ,-119.83880125,-119.1768225 ,-118.51484375,-117.852865  ,-117.19088625,-116.5289075 ,-115.86692875,-115.20495   
cqi_ul:38.20468163, 0.        , 0.        , 0.        , 0.        , 0.        , 0.        , 0.        , 0.        , 0.        , 0.        , 0.        , 0.        , 0.        , 0.        , 0.        , 0.        , 0.        , 0.        , 0.        , 0.        , 0.        , 0.        , 0.        , 0.        , 0.        , 0.        , 0.        , 0.        , 0.        , 0.        , 0.        , 0.        , 0.        , 0.        , 0.        , 0.        , 0.        , 0.        , 1.79531837
cqi_ul_bin_edges:0.   ,0.025,0.05 ,0.075,0.1  ,0.125,0.15 ,0.175,0.2  ,0.225,0.25 ,0.275,0.3  ,0.325,0.35 ,0.375,0.4  ,0.425,0.45 ,0.475,0.5  ,0.525,0.55 ,0.575,0.6  ,0.625,0.65 ,0.675,0.7  ,0.725,0.75 ,0.775,0.8  ,0.825,0.85 ,0.875,0.9  ,0.925,0.95 ,0.975,1.   
cqi_dl:0.00449996,0.        ,0.        ,0.36974692,0.        ,0.        ,0.82877087,0.        ,0.        ,0.        ,0.84524296,0.        ,0.        ,0.19341505,0.        ,0.        ,0.24188687,0.        ,0.        ,0.        ,0.20216498,0.        ,0.        ,0.25908117,0.        ,0.        ,0.17385966,0.        ,0.        ,0.        ,0.09999917,0.        ,0.        ,0.0839993 ,0.        ,0.        ,0.02899976,0.        ,0.        ,0.00166665
cqi_dl_bin_edges: 0. , 0.3, 0.6, 0.9, 1.2, 1.5, 1.8, 2.1, 2.4, 2.7, 3. , 3.3, 3.6, 3.9, 4.2, 4.5, 4.8, 5.1, 5.4, 5.7, 6. , 6.3, 6.6, 6.9, 7.2, 7.5, 7.8, 8.1, 8.4, 8.7, 9. , 9.3, 9.6, 9.9,10.2,10.5,10.8,11.1,11.4,11.7,12. 
mcs_ul: 0., 0., 0., 0., 0., 0., 0., 0., 0., 0., 0., 0., 0., 0., 0., 0., 0., 0., 0., 0.,40., 0., 0., 0., 0., 0., 0., 0., 0., 0., 0., 0., 0., 0., 0., 0., 0., 0., 0., 0.
mcs_ul_bin_edges:-0.5  ,-0.475,-0.45 ,-0.425,-0.4  ,-0.375,-0.35 ,-0.325,-0.3  ,-0.275,-0.25 ,-0.225,-0.2  ,-0.175,-0.15 ,-0.125,-0.1  ,-0.075,-0.05 ,-0.025, 0.   , 0.025, 0.05 , 0.075, 0.1  , 0.125, 0.15 , 0.175, 0.2  , 0.225, 0.25 , 0.275, 0.3  , 0.325, 0.35 , 0.375, 0.4  , 0.425, 0.45 , 0.475, 0.5  
mcs_dl:0.21385536,0.17990326,0.        ,0.29368009,0.        ,0.35282246,0.        ,0.13017352,0.        ,0.05441224,0.        ,0.05611064,0.        ,0.08318978,0.        ,0.05503129,0.        ,0.0427298 ,0.        ,0.07279304,0.09269764,0.        ,0.05534875,0.        ,0.05360273,0.        ,0.04574565,0.        ,0.03549177,0.        ,0.02165061,0.        ,0.02333314,0.        ,0.02466646,0.        ,0.00904754,0.        ,0.00752375,0.00095237
mcs_dl_bin_edges: 0.   , 0.525, 1.05 , 1.575, 2.1  , 2.625, 3.15 , 3.675, 4.2  , 4.725, 5.25 , 5.775, 6.3  , 6.825, 7.35 , 7.875, 8.4  , 8.925, 9.45 , 9.975,10.5  ,11.025,11.55 ,12.075,12.6  ,13.125,13.65 ,14.175,14.7  ,15.225,15.75 ,16.275,16.8  ,17.325,17.85 ,18.375,18.9  ,19.425,19.95 ,20.475,21.   
eff_ul:162.98890842,  0.        ,  0.        ,  0.        ,  0.        ,  0.        ,  0.        ,  0.        ,  0.        ,  0.        ,  0.        ,  0.        ,  0.        ,  0.        ,  0.        ,  0.        ,  0.        ,  0.        ,  0.        ,  0.        ,  0.        ,  0.        ,  0.        ,  0.        ,  0.        ,  0.        ,  0.        ,  0.        ,  0.        ,  0.        ,  0.        ,  0.        ,  0.        ,  0.        ,  0.        ,  0.        ,  0.        ,  0.        ,  0.        ,  7.65919174
eff_ul_bin_edges:0.        ,0.00586001,0.01172003,0.01758004,0.02344005,0.02930006,0.03516007,0.04102009,0.0468801 ,0.05274011,0.05860013,0.06446014,0.07032015,0.07618016,0.08204018,0.08790019,0.0937602 ,0.09962021,0.10548022,0.11134024,0.11720025,0.12306026,0.12892028,0.13478029,0.1406403 ,0.14650031,0.15236032,0.15822034,0.16408035,0.16994036,0.17580038,0.18166039,0.1875204 ,0.19338041,0.19924042,0.20510044,0.21096045,0.21682046,0.22268048,0.22854049,0.2344005 
eff_dl:0.00972158,0.79878987,0.68015058,0.        ,1.11030052,0.        ,1.33389688,0.        ,0.49214002,0.        ,0.20571345,0.        ,0.21213449,0.31451114,0.        ,0.20805383,0.        ,0.16154627,0.27520475,0.35045698,0.        ,0.20925402,0.        ,0.20265295,0.        ,0.17294812,0.        ,0.        ,0.13418182,0.        ,0.08185331,0.        ,0.08821434,0.        ,0.09325516,0.        ,0.03420556,0.        ,0.02844462,0.00360059
eff_dl_bin_edges:0.        ,0.13886515,0.2777303 ,0.41659545,0.5554606 ,0.69432575,0.8331909 ,0.97205605,1.1109212 ,1.24978635,1.3886515 ,1.52751665,1.6663818 ,1.80524695,1.9441121 ,2.08297725,2.2218424 ,2.36070755,2.4995727 ,2.63843785,2.777303  ,2.91616815,3.0550333 ,3.19389845,3.3327636 ,3.47162875,3.6104939 ,3.74935905,3.8882242 ,4.02708935,4.1659545 ,4.30481965,4.4436848 ,4.58254995,4.7214151 ,4.86028025,4.9991454 ,5.13801055,5.2768757 ,5.41574085,5.554606  
rul:2.54920847e+00,0.00000000e+00,0.00000000e+00,0.00000000e+00,0.00000000e+00,0.00000000e+00,0.00000000e+00,0.00000000e+00,0.00000000e+00,0.00000000e+00,0.00000000e+00,0.00000000e+00,0.00000000e+00,0.00000000e+00,0.00000000e+00,0.00000000e+00,0.00000000e+00,1.74466581e-02,0.00000000e+00,0.00000000e+00,3.36781262e-02,0.00000000e+00,0.00000000e+00,0.00000000e+00,0.00000000e+00,0.00000000e+00,0.00000000e+00,0.00000000e+00,0.00000000e+00,0.00000000e+00,0.00000000e+00,0.00000000e+00,0.00000000e+00,0.00000000e+00,0.00000000e+00,0.00000000e+00,0.00000000e+00,2.03978341e-03,0.00000000e+00,1.62748677e-03
rul_bin_edges: 0.       , 0.3840245, 0.768049 , 1.1520735, 1.536098 , 1.9201225, 2.304147 , 2.6881715, 3.072196 , 3.4562205, 3.840245 , 4.2242695, 4.608294 , 4.9923185, 5.376343 , 5.7603675, 6.144392 , 6.5284165, 6.912441 , 7.2964655, 7.68049  , 8.0645145, 8.448539 , 8.8325635, 9.216588 , 9.6006125, 9.984637 ,10.3686615,10.752686 ,11.1367105,11.520735 ,11.9047595,12.288784 ,12.6728085,13.056833 ,13.4408575,13.824882 ,14.2089065,14.592931 ,14.9769555,15.36098  
rdl:7.04947738e-02,5.00280436e-03,7.59775810e-03,8.16004705e-03,4.08296232e-03,1.29502788e-03,4.75006821e-03,1.29894627e-03,1.53894765e-03,4.05847238e-03,1.52523328e-03,1.34204856e-03,1.27543593e-03,2.86042466e-04,8.33637460e-04,7.72902416e-04,6.09309636e-04,8.16984303e-04,4.60410818e-04,5.50533787e-04,9.79597485e-07,1.86123522e-04,1.95919497e-06,1.52817208e-04,9.79597485e-07,1.50858013e-04,0.00000000e+00,1.95919497e-06,1.29306868e-04,1.95919497e-06,4.50614843e-05,1.95919497e-06,5.38778617e-05,9.79597485e-07,4.50614843e-05,0.00000000e+00,1.46939623e-05,0.00000000e+00,9.79597485e-06,1.95919497e-06
rdl_bin_edges:  0.       ,  8.5068245, 17.013649 , 25.5204735, 34.027298 , 42.5341225, 51.040947 , 59.5477715, 68.054596 , 76.5614205, 85.068245 , 93.5750695,102.081894 ,110.5887185,119.095543 ,127.6023675,136.109192 ,144.6160165,153.122841 ,161.6296655,170.13649  ,178.6433145,187.150139 ,195.6569635,204.163788 ,212.6706125,221.177437 ,229.6842615,238.191086 ,246.6979105,255.204735 ,263.7115595,272.218384 ,280.7252085,289.232033 ,297.7388575,306.245682 ,314.7525065,323.259331 ,331.7661555,340.27298  
lul:3550.7173231 ,   0.        ,   0.        ,   0.        ,   0.        ,   0.        ,   0.        ,   0.        ,   0.        ,   0.        ,   0.        ,   0.        ,   0.        ,   0.        ,   0.        ,   0.        ,   0.        ,   0.        ,   0.        ,   0.        ,   0.        ,   0.        ,   0.        ,   0.        ,   0.        ,   0.        ,   0.        ,   0.        ,   0.        ,   0.        ,   0.        ,   0.        ,   0.        ,   0.        ,   0.        ,   0.        ,  58.1227605 ,   0.        ,   5.10803251,  13.08744425
lul_bin_edges:0.        ,0.00027571,0.00055141,0.00082712,0.00110283,0.00137854,0.00165424,0.00192995,0.00220566,0.00248137,0.00275707,0.00303278,0.00330849,0.00358419,0.0038599 ,0.00413561,0.00441132,0.00468702,0.00496273,0.00523844,0.00551414,0.00578985,0.00606556,0.00634127,0.00661697,0.00689268,0.00716839,0.0074441 ,0.0077198 ,0.00799551,0.00827122,0.00854692,0.00882263,0.00909834,0.00937405,0.00964975,0.00992546,0.01020117,0.01047688,0.01075258,0.01102829
ldl:2.02712731e+03,0.00000000e+00,0.00000000e+00,0.00000000e+00,0.00000000e+00,0.00000000e+00,0.00000000e+00,0.00000000e+00,0.00000000e+00,0.00000000e+00,0.00000000e+00,0.00000000e+00,0.00000000e+00,0.00000000e+00,0.00000000e+00,0.00000000e+00,0.00000000e+00,0.00000000e+00,0.00000000e+00,0.00000000e+00,0.00000000e+00,0.00000000e+00,0.00000000e+00,0.00000000e+00,0.00000000e+00,0.00000000e+00,0.00000000e+00,0.00000000e+00,0.00000000e+00,0.00000000e+00,0.00000000e+00,0.00000000e+00,0.00000000e+00,0.00000000e+00,0.00000000e+00,0.00000000e+00,1.02484881e+03,3.02145937e-02,2.11623015e+02,3.62152121e+02
ldl_bin_edges:0.        ,0.0002758 ,0.00055161,0.00082741,0.00110321,0.00137901,0.00165482,0.00193062,0.00220642,0.00248222,0.00275803,0.00303383,0.00330963,0.00358543,0.00386124,0.00413704,0.00441284,0.00468864,0.00496445,0.00524025,0.00551605,0.00579185,0.00606766,0.00634346,0.00661926,0.00689507,0.00717087,0.00744667,0.00772247,0.00799828,0.00827408,0.00854988,0.00882568,0.00910149,0.00937729,0.00965309,0.00992889,0.0102047 ,0.0104805 ,0.0107563 ,0.0110321 
ilul:1.05261187e+00,0.00000000e+00,0.00000000e+00,0.00000000e+00,0.00000000e+00,0.00000000e+00,0.00000000e+00,0.00000000e+00,0.00000000e+00,0.00000000e+00,0.00000000e+00,0.00000000e+00,0.00000000e+00,0.00000000e+00,0.00000000e+00,0.00000000e+00,0.00000000e+00,0.00000000e+00,0.00000000e+00,1.33507413e-03,2.68806871e-04,0.00000000e+00,8.96022904e-06,0.00000000e+00,3.03751764e-03,0.00000000e+00,5.01772826e-04,1.56804008e-03,7.16818323e-05,8.51221758e-04,2.95687558e-03,0.00000000e+00,3.87081894e-03,0.00000000e+00,8.96022904e-06,3.10919948e-03,0.00000000e+00,0.00000000e+00,1.03042634e-03,4.00522238e-03
ilul_bin_edges: 0.      , 0.930028, 1.860056, 2.790084, 3.720112, 4.65014 , 5.580168, 6.510196, 7.440224, 8.370252, 9.30028 ,10.230308,11.160336,12.090364,13.020392,13.95042 ,14.880448,15.810476,16.740504,17.670532,18.60056 ,19.530588,20.460616,21.390644,22.320672,23.2507  ,24.180728,25.110756,26.040784,26.970812,27.90084 ,28.830868,29.760896,30.690924,31.620952,32.55098 ,33.481008,34.411036,35.341064,36.271092,37.20112 
ildl:6.94171224,0.11510914,0.58061342,0.7341957 ,0.38152528,0.21646311,0.14903169,0.18564323,0.1698196 ,0.18802194,0.66769509,0.11366123,0.11872893,0.09887183,0.09473493,0.44616428,0.06153633,0.0779805 ,0.09008092,0.0918391 ,0.03578415,0.03557731,0.03464651,0.03195753,0.06732799,0.04002447,0.03857656,0.03940394,0.04581613,0.0470572 ,0.04922907,0.05419334,0.02637271,0.03030277,0.03102672,0.02720009,0.02120159,0.02626929,0.06981013,0.13558678
ildl_bin_edges:0.        ,0.08057503,0.16115006,0.24172509,0.32230012,0.40287515,0.48345018,0.56402521,0.64460024,0.72517527,0.8057503 ,0.88632533,0.96690036,1.04747539,1.12805042,1.20862545,1.28920048,1.36977551,1.45035054,1.53092557,1.6115006 ,1.69207563,1.77265066,1.85322569,1.93380072,2.01437575,2.09495078,2.17552581,2.25610084,2.33667587,2.4172509 ,2.49782593,2.57840096,2.65897599,2.73955102,2.82012605,2.90070108,2.98127611,3.06185114,3.14242617,3.2230012 
eul:6.53962804e-05,0.00000000e+00,0.00000000e+00,0.00000000e+00,6.34915344e-07,0.00000000e+00,0.00000000e+00,0.00000000e+00,0.00000000e+00,0.00000000e+00,0.00000000e+00,0.00000000e+00,0.00000000e+00,0.00000000e+00,0.00000000e+00,0.00000000e+00,0.00000000e+00,0.00000000e+00,0.00000000e+00,0.00000000e+00,0.00000000e+00,5.71423810e-06,7.39981135e-02,2.11680776e-03,3.17457672e-06,0.00000000e+00,0.00000000e+00,0.00000000e+00,0.00000000e+00,0.00000000e+00,0.00000000e+00,0.00000000e+00,0.00000000e+00,0.00000000e+00,0.00000000e+00,0.00000000e+00,0.00000000e+00,0.00000000e+00,0.00000000e+00,6.34915344e-07
eul_bin_edges:  0.   , 13.125, 26.25 , 39.375, 52.5  , 65.625, 78.75 , 91.875,105.   ,118.125,131.25 ,144.375,157.5  ,170.625,183.75 ,196.875,210.   ,223.125,236.25 ,249.375,262.5  ,275.625,288.75 ,301.875,315.   ,328.125,341.25 ,354.375,367.5  ,380.625,393.75 ,406.875,420.   ,433.125,446.25 ,459.375,472.5  ,485.625,498.75 ,511.875,525.   
edl:5.76439641e-03,0.00000000e+00,0.00000000e+00,0.00000000e+00,6.34915344e-07,0.00000000e+00,0.00000000e+00,0.00000000e+00,0.00000000e+00,0.00000000e+00,0.00000000e+00,0.00000000e+00,0.00000000e+00,0.00000000e+00,0.00000000e+00,0.00000000e+00,0.00000000e+00,0.00000000e+00,0.00000000e+00,0.00000000e+00,0.00000000e+00,5.07932275e-06,6.84565724e-02,1.95998367e-03,3.17457672e-06,0.00000000e+00,0.00000000e+00,0.00000000e+00,0.00000000e+00,0.00000000e+00,0.00000000e+00,0.00000000e+00,0.00000000e+00,0.00000000e+00,0.00000000e+00,0.00000000e+00,0.00000000e+00,0.00000000e+00,0.00000000e+00,6.34915344e-07
edl_bin_edges:  0.   , 13.125, 26.25 , 39.375, 52.5  , 65.625, 78.75 , 91.875,105.   ,118.125,131.25 ,144.375,157.5  ,170.625,183.75 ,196.875,210.   ,223.125,236.25 ,249.375,262.5  ,275.625,288.75 ,301.875,315.   ,328.125,341.25 ,354.375,367.5  ,380.625,393.75 ,406.875,420.   ,433.125,446.25 ,459.375,472.5  ,485.625,498.75 ,511.875,525.   
gul:1.30481011e-01,0.00000000e+00,0.00000000e+00,0.00000000e+00,0.00000000e+00,0.00000000e+00,0.00000000e+00,0.00000000e+00,0.00000000e+00,0.00000000e+00,0.00000000e+00,0.00000000e+00,0.00000000e+00,0.00000000e+00,0.00000000e+00,0.00000000e+00,0.00000000e+00,0.00000000e+00,0.00000000e+00,0.00000000e+00,0.00000000e+00,0.00000000e+00,0.00000000e+00,0.00000000e+00,0.00000000e+00,0.00000000e+00,0.00000000e+00,0.00000000e+00,0.00000000e+00,0.00000000e+00,0.00000000e+00,0.00000000e+00,0.00000000e+00,0.00000000e+00,0.00000000e+00,1.08824863e-06,0.00000000e+00,0.00000000e+00,5.44124315e-06,1.03383620e-04
gul_bin_edges:  0.    ,  7.6575, 15.315 , 22.9725, 30.63  , 38.2875, 45.945 , 53.6025, 61.26  , 68.9175, 76.575 , 84.2325, 91.89  , 99.5475,107.205 ,114.8625,122.52  ,130.1775,137.835 ,145.4925,153.15  ,160.8075,168.465 ,176.1225,183.78  ,191.4375,199.095 ,206.7525,214.41  ,222.0675,229.725 ,237.3825,245.04  ,252.6975,260.355 ,268.0125,275.67  ,283.3275,290.985 ,298.6425,306.3   
gdl:1.17827784e-01,0.00000000e+00,0.00000000e+00,0.00000000e+00,0.00000000e+00,0.00000000e+00,0.00000000e+00,0.00000000e+00,0.00000000e+00,0.00000000e+00,0.00000000e+00,0.00000000e+00,0.00000000e+00,0.00000000e+00,0.00000000e+00,0.00000000e+00,0.00000000e+00,0.00000000e+00,0.00000000e+00,0.00000000e+00,0.00000000e+00,0.00000000e+00,0.00000000e+00,0.00000000e+00,0.00000000e+00,0.00000000e+00,0.00000000e+00,0.00000000e+00,0.00000000e+00,0.00000000e+00,0.00000000e+00,0.00000000e+00,0.00000000e+00,0.00000000e+00,1.06223886e-06,0.00000000e+00,1.06223886e-06,1.82705085e-04,9.40187619e-03,5.52364209e-05
gdl_bin_edges:  0.   ,  7.845, 15.69 , 23.535, 31.38 , 39.225, 47.07 , 54.915, 62.76 , 70.605, 78.45 , 86.295, 94.14 ,101.985,109.83 ,117.675,125.52 ,133.365,141.21 ,149.055,156.9  ,164.745,172.59 ,180.435,188.28 ,196.125,203.97 ,211.815,219.66 ,227.505,235.35 ,243.195,251.04 ,258.885,266.73 ,274.575,282.42 ,290.265,298.11 ,305.955,313.8  
ri: 0., 0., 0., 0., 0., 0., 0., 0., 0., 0., 0., 0., 0., 0., 0., 0., 0., 0., 0., 0.,40., 0., 0., 0., 0., 0., 0., 0., 0., 0., 0., 0., 0., 0., 0., 0., 0., 0., 0., 0.
ri_bin_edges:0.5  ,0.525,0.55 ,0.575,0.6  ,0.625,0.65 ,0.675,0.7  ,0.725,0.75 ,0.775,0.8  ,0.825,0.85 ,0.875,0.9  ,0.925,0.95 ,0.975,1.   ,1.025,1.05 ,1.075,1.1  ,1.125,1.15 ,1.175,1.2  ,1.225,1.25 ,1.275,1.3  ,1.325,1.35 ,1.375,1.4  ,1.425,1.45 ,1.475,1.5  
