period:1.0
ue_log_freq:1000
mac_log_freq:1000
mimo_layers:1
frequency:28000000000.0
bandwidth:300000000.0
ue_speed:0.27778
max_distance:10.0
shannon_cfg_bandwidth_mhz:300.0
shannon_cfg_mimo_layers:1
shannon_cfg_bw_efficiency:0.67
shannon_cfg_sinr_offset_db:0.0
shannon_cfg_ul_divisor:2.0
shannon_cfg_sinr_sample_rate:1000
n_ue:1
sinr_period:16.304296531427745
sinr_rate:61.33352629304954
ul_fairness:1.0
dl_fairness:nan
ul_agg_throughput:148.87893301944015
dl_agg_throughput:0
ul_ave_throughput:148.87893301944015
dl_ave_throughput:0.0
ul_se:0.4962631100648005
dl_se:0.0
ul_ase:0.0015796545408194062
dl_ase:0.0
ul_gr:149.99830501694984
dl_gr:0.10628293717062828
ul_tr:149.99355149463506
dl_tr:0.0
ul_er:0.0
dl_er:149.89051609483906
ul_er_ratio:0.0
dl_er_ratio:1.0
ul_er_perc:0.0
dl_er_perc:100.0
ul_l:0.0027758481220117805
dl_l:0.0
ul_il:0.0027758481220117805
dl_il:0.0
sinr_ul:0.11061221,0.08535772,0.07128618,0.06303307,0.05911285,0.05552275,0.05430542,0.05471807,0.05426415,0.08867959,0.18614874,0.21179525,0.06918164,0.06703583,0.04650623,0.01828062,0.01836315,0.01850758,0.01865201,0.01879644,0.01941542,0.01978681,0.01997251,0.02030263,0.02083908,0.02172629,0.02234528,0.02296426,0.02391337,0.02447045,0.02531639,0.0263893 ,0.02692575,0.02826688,0.03059838,0.03453924,0.0393054 ,0.0479299 ,0.0631775 ,0.15495201
sinr_ul_bin_edges:53.23409   ,53.71875135,54.2034127 ,54.68807405,55.1727354 ,55.65739675,56.1420581 ,56.62671945,57.1113808 ,57.59604215,58.0807035 ,58.56536485,59.0500262 ,59.53468755,60.0193489 ,60.50401025,60.9886716 ,61.47333295,61.9579943 ,62.44265565,62.927317  ,63.41197835,63.8966397 ,64.38130105,64.8659624 ,65.35062375,65.8352851 ,66.31994645,66.8046078 ,67.28926915,67.7739305 ,68.25859185,68.7432532 ,69.22791455,69.7125759 ,70.19723725,70.6818986 ,71.16655995,71.6512213 ,72.13588265,72.620544  
rsrp_ul:0.11052673,0.08527291,0.07132554,0.06307266,0.05904938,0.0555419 ,0.05434523,0.05475788,0.05430397,0.08878039,0.18614377,0.21162455,0.06926232,0.06701341,0.04646373,0.01828014,0.01836266,0.01848646,0.01865152,0.01885784,0.01939427,0.01980692,0.01997198,0.02032272,0.02085916,0.02170508,0.02236531,0.02294301,0.0238302 ,0.02451106,0.02527445,0.02640923,0.02692503,0.02830739,0.03059756,0.03455895,0.03932499,0.04790798,0.06315519,0.15494788
rsrp_ul_bin_edges:-102.628426  ,-102.14375173,-101.65907745,-101.17440318,-100.6897289 ,-100.20505463, -99.72038035, -99.23570608, -98.7510318 , -98.26635753, -97.78168325, -97.29700898, -96.8123347 , -96.32766043, -95.84298615, -95.35831187, -94.8736376 , -94.38896333, -93.90428905, -93.41961477, -92.9349405 , -92.45026623, -91.96559195, -91.48091768, -90.9962434 , -90.51156913, -90.02689485, -89.54222058, -89.0575463 , -88.57287203, -88.08819775, -87.60352348, -87.1188492 , -86.63417492, -86.14950065, -85.66482638, -85.1801521 , -84.69547783, -84.21080355, -83.72612928, -83.241455  
cqi_ul: 0., 0., 0., 0., 0., 0., 0., 0., 0., 0., 0., 0., 0., 0., 0., 0., 0., 0., 0., 0.,40., 0., 0., 0., 0., 0., 0., 0., 0., 0., 0., 0., 0., 0., 0., 0., 0., 0., 0., 0.
cqi_ul_bin_edges:14.5  ,14.525,14.55 ,14.575,14.6  ,14.625,14.65 ,14.675,14.7  ,14.725,14.75 ,14.775,14.8  ,14.825,14.85 ,14.875,14.9  ,14.925,14.95 ,14.975,15.   ,15.025,15.05 ,15.075,15.1  ,15.125,15.15 ,15.175,15.2  ,15.225,15.25 ,15.275,15.3  ,15.325,15.35 ,15.375,15.4  ,15.425,15.45 ,15.475,15.5  
cqi_dl: 0., 0., 0., 0., 0., 0., 0., 0., 0., 0., 0., 0., 0., 0., 0., 0., 0., 0., 0., 0.,40., 0., 0., 0., 0., 0., 0., 0., 0., 0., 0., 0., 0., 0., 0., 0., 0., 0., 0., 0.
cqi_dl_bin_edges:-0.5  ,-0.475,-0.45 ,-0.425,-0.4  ,-0.375,-0.35 ,-0.325,-0.3  ,-0.275,-0.25 ,-0.225,-0.2  ,-0.175,-0.15 ,-0.125,-0.1  ,-0.075,-0.05 ,-0.025, 0.   , 0.025, 0.05 , 0.075, 0.1  , 0.125, 0.15 , 0.175, 0.2  , 0.225, 0.25 , 0.275, 0.3  , 0.325, 0.35 , 0.375, 0.4  , 0.425, 0.45 , 0.475, 0.5  
mcs_ul: 0., 0., 0., 0., 0., 0., 0., 0., 0., 0., 0., 0., 0., 0., 0., 0., 0., 0., 0., 0.,40., 0., 0., 0., 0., 0., 0., 0., 0., 0., 0., 0., 0., 0., 0., 0., 0., 0., 0., 0.
mcs_ul_bin_edges:27.5  ,27.525,27.55 ,27.575,27.6  ,27.625,27.65 ,27.675,27.7  ,27.725,27.75 ,27.775,27.8  ,27.825,27.85 ,27.875,27.9  ,27.925,27.95 ,27.975,28.   ,28.025,28.05 ,28.075,28.1  ,28.125,28.15 ,28.175,28.2  ,28.225,28.25 ,28.275,28.3  ,28.325,28.35 ,28.375,28.4  ,28.425,28.45 ,28.475,28.5  
mcs_dl: 0., 0., 0., 0., 0., 0., 0., 0., 0., 0., 0., 0., 0., 0., 0., 0., 0., 0., 0., 0.,40., 0., 0., 0., 0., 0., 0., 0., 0., 0., 0., 0., 0., 0., 0., 0., 0., 0., 0., 0.
mcs_dl_bin_edges:-0.5  ,-0.475,-0.45 ,-0.425,-0.4  ,-0.375,-0.35 ,-0.325,-0.3  ,-0.275,-0.25 ,-0.225,-0.2  ,-0.175,-0.15 ,-0.125,-0.1  ,-0.075,-0.05 ,-0.025, 0.   , 0.025, 0.05 , 0.075, 0.1  , 0.125, 0.15 , 0.175, 0.2  , 0.225, 0.25 , 0.275, 0.3  , 0.325, 0.35 , 0.375, 0.4  , 0.425, 0.45 , 0.475, 0.5  
eff_ul: 0., 0., 0., 0., 0., 0., 0., 0., 0., 0., 0., 0., 0., 0., 0., 0., 0., 0., 0., 0.,40., 0., 0., 0., 0., 0., 0., 0., 0., 0., 0., 0., 0., 0., 0., 0., 0., 0., 0., 0.
eff_ul_bin_edges:5.054651,5.079651,5.104651,5.129651,5.154651,5.179651,5.204651,5.229651,5.254651,5.279651,5.304651,5.329651,5.354651,5.379651,5.404651,5.429651,5.454651,5.479651,5.504651,5.529651,5.554651,5.579651,5.604651,5.629651,5.654651,5.679651,5.704651,5.729651,5.754651,5.779651,5.804651,5.829651,5.854651,5.879651,5.904651,5.929651,5.954651,5.979651,6.004651,6.029651,6.054651
eff_dl: 0., 0., 0., 0., 0., 0., 0., 0., 0., 0., 0., 0., 0., 0., 0., 0., 0., 0., 0., 0.,40., 0., 0., 0., 0., 0., 0., 0., 0., 0., 0., 0., 0., 0., 0., 0., 0., 0., 0., 0.
eff_dl_bin_edges:-0.5  ,-0.475,-0.45 ,-0.425,-0.4  ,-0.375,-0.35 ,-0.325,-0.3  ,-0.275,-0.25 ,-0.225,-0.2  ,-0.175,-0.15 ,-0.125,-0.1  ,-0.075,-0.05 ,-0.025, 0.   , 0.025, 0.05 , 0.075, 0.1  , 0.125, 0.15 , 0.175, 0.2  , 0.225, 0.25 , 0.275, 0.3  , 0.325, 0.35 , 0.375, 0.4  , 0.425, 0.45 , 0.475, 0.5  
rul:1.46325973e-02,0.00000000e+00,0.00000000e+00,0.00000000e+00,0.00000000e+00,0.00000000e+00,1.05902854e-06,0.00000000e+00,0.00000000e+00,2.11805708e-06,3.17708561e-06,2.11805708e-06,2.11805708e-06,6.35417123e-06,6.88368549e-05,7.06700333e-02,5.73358050e-03,1.09079939e-04,2.01215422e-05,5.29514269e-06,3.17708561e-06,9.53125684e-06,4.23611415e-06,2.11805708e-06,2.11805708e-06,6.35417123e-06,4.23611415e-06,1.05902854e-06,6.35417123e-06,3.07118276e-05,9.74306255e-05,1.36371105e-02,8.40868659e-04,1.05902854e-06,0.00000000e+00,0.00000000e+00,0.00000000e+00,0.00000000e+00,0.00000000e+00,1.05902854e-06
rul_bin_edges:  0.        ,  9.44252175, 18.8850435 , 28.32756525, 37.770087  , 47.21260875, 56.6551305 , 66.09765225, 75.540174  , 84.98269575, 94.4252175 ,103.86773925,113.310261  ,122.75278275,132.1953045 ,141.63782625,151.080348  ,160.52286975,169.9653915 ,179.40791325,188.850435  ,198.29295675,207.7354785 ,217.17800025,226.620522  ,236.06304375,245.5055655 ,254.94808725,264.390609  ,273.83313075,283.2756525 ,292.71817425,302.160696  ,311.60321775,321.0457395 ,330.48826125,339.930783  ,349.37330475,358.8158265 ,368.25834825,377.70087   
rdl: 0., 0., 0., 0., 0., 0., 0., 0., 0., 0., 0., 0., 0., 0., 0., 0., 0., 0., 0., 0.,40., 0., 0., 0., 0., 0., 0., 0., 0., 0., 0., 0., 0., 0., 0., 0., 0., 0., 0., 0.
rdl_bin_edges:-0.5  ,-0.475,-0.45 ,-0.425,-0.4  ,-0.375,-0.35 ,-0.325,-0.3  ,-0.275,-0.25 ,-0.225,-0.2  ,-0.175,-0.15 ,-0.125,-0.1  ,-0.075,-0.05 ,-0.025, 0.   , 0.025, 0.05 , 0.075, 0.1  , 0.125, 0.15 , 0.175, 0.2  , 0.225, 0.25 , 0.275, 0.3  , 0.325, 0.35 , 0.375, 0.4  , 0.425, 0.45 , 0.475, 0.5  
lul:1.32828865e+03,0.00000000e+00,0.00000000e+00,0.00000000e+00,0.00000000e+00,0.00000000e+00,0.00000000e+00,0.00000000e+00,0.00000000e+00,0.00000000e+00,0.00000000e+00,0.00000000e+00,0.00000000e+00,0.00000000e+00,0.00000000e+00,0.00000000e+00,0.00000000e+00,0.00000000e+00,0.00000000e+00,0.00000000e+00,0.00000000e+00,0.00000000e+00,0.00000000e+00,0.00000000e+00,0.00000000e+00,0.00000000e+00,0.00000000e+00,0.00000000e+00,5.37641101e+03,4.15685034e+02,7.59461556e+00,3.17243435e+00,6.44100307e+00,1.29906380e+03,2.30722498e+01,1.73041873e+00,1.92268748e+00,3.29740903e+01,1.11640849e+03,7.69074993e-01
lul_bin_edges:0.        ,0.00010402,0.00020804,0.00031206,0.00041608,0.0005201 ,0.00062412,0.00072814,0.00083216,0.00093618,0.0010402 ,0.00114422,0.00124824,0.00135226,0.00145628,0.0015603 ,0.00166432,0.00176834,0.00187236,0.00197638,0.0020804 ,0.00218442,0.00228844,0.00239246,0.00249648,0.0026005 ,0.00270452,0.00280854,0.00291256,0.00301658,0.0031206 ,0.00322462,0.00332864,0.00343266,0.00353668,0.0036407 ,0.00374472,0.00384874,0.00395276,0.00405678,0.0041608 
ldl: 0., 0., 0., 0., 0., 0., 0., 0., 0., 0., 0., 0., 0., 0., 0., 0., 0., 0., 0., 0.,40., 0., 0., 0., 0., 0., 0., 0., 0., 0., 0., 0., 0., 0., 0., 0., 0., 0., 0., 0.
ldl_bin_edges:-0.5  ,-0.475,-0.45 ,-0.425,-0.4  ,-0.375,-0.35 ,-0.325,-0.3  ,-0.275,-0.25 ,-0.225,-0.2  ,-0.175,-0.15 ,-0.125,-0.1  ,-0.075,-0.05 ,-0.025, 0.   , 0.025, 0.05 , 0.075, 0.1  , 0.125, 0.15 , 0.175, 0.2  , 0.225, 0.25 , 0.275, 0.3  , 0.325, 0.35 , 0.375, 0.4  , 0.425, 0.45 , 0.475, 0.5  
ilul:1.32828865e+03,0.00000000e+00,0.00000000e+00,0.00000000e+00,0.00000000e+00,0.00000000e+00,0.00000000e+00,0.00000000e+00,0.00000000e+00,0.00000000e+00,0.00000000e+00,0.00000000e+00,0.00000000e+00,0.00000000e+00,0.00000000e+00,0.00000000e+00,0.00000000e+00,0.00000000e+00,0.00000000e+00,0.00000000e+00,0.00000000e+00,0.00000000e+00,0.00000000e+00,0.00000000e+00,0.00000000e+00,0.00000000e+00,0.00000000e+00,0.00000000e+00,5.37641101e+03,4.15685034e+02,7.59461556e+00,3.17243435e+00,6.44100307e+00,1.29906380e+03,2.30722498e+01,1.73041873e+00,1.92268748e+00,3.29740903e+01,1.11640849e+03,7.69074993e-01
ilul_bin_edges:0.        ,0.00010402,0.00020804,0.00031206,0.00041608,0.0005201 ,0.00062412,0.00072814,0.00083216,0.00093618,0.0010402 ,0.00114422,0.00124824,0.00135226,0.00145628,0.0015603 ,0.00166432,0.00176834,0.00187236,0.00197638,0.0020804 ,0.00218442,0.00228844,0.00239246,0.00249648,0.0026005 ,0.00270452,0.00280854,0.00291256,0.00301658,0.0031206 ,0.00322462,0.00332864,0.00343266,0.00353668,0.0036407 ,0.00374472,0.00384874,0.00395276,0.00405678,0.0041608 
ildl: 0., 0., 0., 0., 0., 0., 0., 0., 0., 0., 0., 0., 0., 0., 0., 0., 0., 0., 0., 0.,40., 0., 0., 0., 0., 0., 0., 0., 0., 0., 0., 0., 0., 0., 0., 0., 0., 0., 0., 0.
ildl_bin_edges:-0.5  ,-0.475,-0.45 ,-0.425,-0.4  ,-0.375,-0.35 ,-0.325,-0.3  ,-0.275,-0.25 ,-0.225,-0.2  ,-0.175,-0.15 ,-0.125,-0.1  ,-0.075,-0.05 ,-0.025, 0.   , 0.025, 0.05 , 0.075, 0.1  , 0.125, 0.15 , 0.175, 0.2  , 0.225, 0.25 , 0.275, 0.3  , 0.325, 0.35 , 0.375, 0.4  , 0.425, 0.45 , 0.475, 0.5  
eul: 0., 0., 0., 0., 0., 0., 0., 0., 0., 0., 0., 0., 0., 0., 0., 0., 0., 0., 0., 0.,40., 0., 0., 0., 0., 0., 0., 0., 0., 0., 0., 0., 0., 0., 0., 0., 0., 0., 0., 0.
eul_bin_edges:-0.5  ,-0.475,-0.45 ,-0.425,-0.4  ,-0.375,-0.35 ,-0.325,-0.3  ,-0.275,-0.25 ,-0.225,-0.2  ,-0.175,-0.15 ,-0.125,-0.1  ,-0.075,-0.05 ,-0.025, 0.   , 0.025, 0.05 , 0.075, 0.1  , 0.125, 0.15 , 0.175, 0.2  , 0.225, 0.25 , 0.275, 0.3  , 0.325, 0.35 , 0.375, 0.4  , 0.425, 0.45 , 0.475, 0.5  
edl:8.86047884e-05,0.00000000e+00,0.00000000e+00,0.00000000e+00,0.00000000e+00,4.85505690e-06,1.21376422e-05,1.45651707e-05,1.82064634e-05,1.09238780e-05,1.57789349e-05,9.71011379e-06,9.71011379e-06,9.71011379e-06,2.18477560e-05,5.58331543e-05,2.07553682e-04,6.76794931e-03,1.13286684e-01,5.42552608e-04,1.60216878e-04,3.03441056e-05,1.33514065e-05,7.28258534e-06,1.45651707e-05,1.45651707e-05,1.21376422e-05,1.69926991e-05,9.71011379e-06,1.45651707e-05,3.64129267e-06,1.21376422e-06,1.21376422e-06,0.00000000e+00,0.00000000e+00,0.00000000e+00,0.00000000e+00,0.00000000e+00,0.00000000e+00,1.21376422e-06
edl_bin_edges:  0.     ,  8.23875, 16.4775 , 24.71625, 32.955  , 41.19375, 49.4325 , 57.67125, 65.91   , 74.14875, 82.3875 , 90.62625, 98.865  ,107.10375,115.3425 ,123.58125,131.82   ,140.05875,148.2975 ,156.53625,164.775  ,173.01375,181.2525 ,189.49125,197.73   ,205.96875,214.2075 ,222.44625,230.685  ,238.92375,247.1625 ,255.40125,263.64   ,271.87875,280.1175 ,288.35625,296.595  ,304.83375,313.0725 ,321.31125,329.55   
gul:1.21376422e-06,0.00000000e+00,0.00000000e+00,0.00000000e+00,0.00000000e+00,4.85505690e-06,1.21376422e-05,1.45651707e-05,1.82064634e-05,1.09238780e-05,1.57789349e-05,9.71011379e-06,9.71011379e-06,9.71011379e-06,2.18477560e-05,5.58331543e-05,2.08767447e-04,6.77644566e-03,1.13364365e-01,5.42552608e-04,1.60216878e-04,3.03441056e-05,1.33514065e-05,7.28258534e-06,1.45651707e-05,1.45651707e-05,1.21376422e-05,1.69926991e-05,9.71011379e-06,1.45651707e-05,3.64129267e-06,1.21376422e-06,1.21376422e-06,0.00000000e+00,0.00000000e+00,0.00000000e+00,0.00000000e+00,0.00000000e+00,0.00000000e+00,1.21376422e-06
gul_bin_edges:  0.     ,  8.23875, 16.4775 , 24.71625, 32.955  , 41.19375, 49.4325 , 57.67125, 65.91   , 74.14875, 82.3875 , 90.62625, 98.865  ,107.10375,115.3425 ,123.58125,131.82   ,140.05875,148.2975 ,156.53625,164.775  ,173.01375,181.2525 ,189.49125,197.73   ,205.96875,214.2075 ,222.44625,230.685  ,238.92375,247.1625 ,255.40125,263.64   ,271.87875,280.1175 ,288.35625,296.595  ,304.83375,313.0725 ,321.31125,329.55   
gdl:2.55982070e-01,0.00000000e+00,0.00000000e+00,0.00000000e+00,0.00000000e+00,0.00000000e+00,0.00000000e+00,0.00000000e+00,0.00000000e+00,0.00000000e+00,0.00000000e+00,0.00000000e+00,0.00000000e+00,0.00000000e+00,0.00000000e+00,0.00000000e+00,0.00000000e+00,0.00000000e+00,0.00000000e+00,0.00000000e+00,0.00000000e+00,0.00000000e+00,0.00000000e+00,0.00000000e+00,0.00000000e+00,0.00000000e+00,0.00000000e+00,0.00000000e+00,0.00000000e+00,0.00000000e+00,0.00000000e+00,0.00000000e+00,0.00000000e+00,0.00000000e+00,2.56161383e-06,0.00000000e+00,5.12322767e-06,1.28080692e-05,1.46011988e-04,1.53696830e-05
gdl_bin_edges:  0.     ,  3.90375,  7.8075 , 11.71125, 15.615  , 19.51875, 23.4225 , 27.32625, 31.23   , 35.13375, 39.0375 , 42.94125, 46.845  , 50.74875, 54.6525 , 58.55625, 62.46   , 66.36375, 70.2675 , 74.17125, 78.075  , 81.97875, 85.8825 , 89.78625, 93.69   , 97.59375,101.4975 ,105.40125,109.305  ,113.20875,117.1125 ,121.01625,124.92   ,128.82375,132.7275 ,136.63125,140.535  ,144.43875,148.3425 ,152.24625,156.15   
ri: 0., 0., 0., 0., 0., 0., 0., 0., 0., 0., 0., 0., 0., 0., 0., 0., 0., 0., 0., 0.,40., 0., 0., 0., 0., 0., 0., 0., 0., 0., 0., 0., 0., 0., 0., 0., 0., 0., 0., 0.
ri_bin_edges:0.5  ,0.525,0.55 ,0.575,0.6  ,0.625,0.65 ,0.675,0.7  ,0.725,0.75 ,0.775,0.8  ,0.825,0.85 ,0.875,0.9  ,0.925,0.95 ,0.975,1.   ,1.025,1.05 ,1.075,1.1  ,1.125,1.15 ,1.175,1.2  ,1.225,1.25 ,1.275,1.3  ,1.325,1.35 ,1.375,1.4  ,1.425,1.45 ,1.475,1.5  
