period:1
ue_log_freq:1000
mac_log_freq:1000
mimo_layers:2
frequency:2412000000.0
bandwidth:50000000
ue_speed:5.555555555555555
max_distance:1000
shannon_cfg_bandwidth_mhz:50.0
shannon_cfg_mimo_layers:2
shannon_cfg_bw_efficiency:0.67
shannon_cfg_sinr_offset_db:0
shannon_cfg_ul_divisor:2
shannon_cfg_sinr_sample_rate:1000
n_ue:5
sinr_period:9.463597741343282
sinr_rate:105.66805852612856
ul_fairness:0.9420046756330022
dl_fairness:0.9999999999826719
ul_agg_throughput:1.4689297543732158
dl_agg_throughput:22.37032439415667
ul_ave_throughput:0.29378595087464315
dl_ave_throughput:4.474064878831333
ul_se:0.029378595087464317
dl_se:0.44740648788313336
ul_ase:9.351497258530438e-09
dl_ase:1.424139082359697e-07
ul_gr:0.12153342466575334, 0.12153342466575334, 0.12153342466575334, 0.12153342466575334, 0.12153342466575334
dl_gr:3.488629193708063, 3.488629193708063, 3.488629193708063, 3.488629193708063, 3.488629193708063
ul_tr:0.12153342507584926, 0.12153342507584926, 0.12153342507584926, 0.12153342507584926, 0.11581476882707176
dl_tr:3.4886288675624835, 3.4886288675624835, 3.4886288675624835, 3.4886288675624835, 3.4886288675624835
ul_er:0.0, 0.0, 0.0, 0.0, 0.005716012839871601
dl_er:28.339830281697186, 28.339830281697186, 28.339830281697186, 28.339830281697186, 28.339830281697186
ul_er_ratio:0.0, 0.0, 0.0, 0.0, 0.04703345737984642
dl_er_ratio:0.8903927817805272, 0.8903927817805272, 0.8903927817805272, 0.8903927817805272, 0.8903927817805272
ul_er_perc:0.0, 0.0, 0.0, 0.0, 4.703345737984642
dl_er_perc:89.03927817805271, 89.03927817805271, 89.03927817805271, 89.03927817805271, 89.03927817805271
ul_l:0.0005317561737392627, 0.0005317561737392627, 0.0005317561737392627, 0.0005317561737392627, 0.0008712696756472435
dl_l:0.0012649990713602863, 0.0012649990713602863, 0.0012649990713602863, 0.0012649990713602863, 0.0012650491959790401
ul_il:0.0005493333369666303, 0.0005493333369666303, 0.0005493333369666303, 0.0005493333369666303, 0.0008899577986890131
dl_il:0.4995678195729993, 0.4995678195729993, 0.4995678195729993, 0.4995678195729993, 0.49956786969761807
sinr_ul:0.00031225,0.00032625,0.00034133,0.00035963,0.00038547,0.0072669 ,0.0145381 ,0.02790148,0.03726156,0.03368141,0.012025  ,0.03517377,0.0348206 ,0.08629831,0.0546767 ,0.06657464,0.03194463,0.02092638,0.03172175,0.01251168,0.00770621,0.00514788,0.00607064,0.00454491,0.00051253,0.0004673 ,0.000435  ,0.00041239,0.00039732,0.00038116,0.00037578,0.00028211,0.00019381,0.00019166,0.00018843,0.00018843,0.00018628,0.00018628,0.00033271,0.00112519
sinr_ul_bin_edges: 3.5605927 , 5.41803803, 7.27548336, 9.1329287 ,10.99037403,12.84781936,14.7052647 ,16.56271003,18.42015536,20.27760069,22.13504603,23.99249136,25.84993669,27.70738202,29.56482736,31.42227269,33.27971802,35.13716335,36.99460869,38.85205402,40.70949935,42.56694468,44.42439002,46.28183535,48.13928068,49.99672601,51.85417134,53.71161668,55.56906201,57.42650734,59.28395268,61.14139801,62.99884334,64.85628867,66.713734  ,68.57117934,70.42862467,72.28607   ,74.14351534,76.00096067,77.858406  
sinr_dl:0.00031224,0.00032624,0.00034132,0.0003607 ,0.00038438,0.00726885,0.0145377 ,0.02790716,0.03725513,0.03367185,0.01202143,0.03515448,0.03480024,0.08630989,0.05466871,0.06659647,0.03195127,0.0209258 ,0.03172517,0.01251349,0.00770491,0.00514774,0.00607155,0.00454586,0.00051251,0.00046729,0.00043499,0.00041238,0.0003973 ,0.00038115,0.00037577,0.0002821 ,0.00019381,0.00019165,0.00018842,0.00018842,0.00018627,0.00018627,0.0003327 ,0.00112516
sinr_dl_bin_edges:13.302207  ,15.15970432,17.01720165,18.87469898,20.7321963 ,22.58969362,24.44719095,26.30468827,28.1621856 ,30.01968292,31.87718025,33.73467757,35.5921749 ,37.44967223,39.30716955,41.16466687,43.0221642 ,44.87966153,46.73715885,48.59465617,50.4521535 ,52.30965083,54.16714815,56.02464547,57.8821428 ,59.73964012,61.59713745,63.45463478,65.3121321 ,67.16962942,69.02712675,70.88462408,72.7421214 ,74.59961872,76.45711605,78.31461337,80.1721107 ,82.02960803,83.88710535,85.74460267,87.6021    
rsrp_ul:0.00031329,0.00032509,0.00034226,0.00035943,0.00038518,0.00752546,0.01455523,0.02840555,0.03672604,0.0323378 ,0.01150921,0.02908685,0.03719061,0.08655672,0.0541406 ,0.06916255,0.03168546,0.021997  ,0.03163504,0.01270873,0.00776043,0.00505667,0.00607273,0.00477986,0.000515  ,0.00046779,0.00043668,0.00041307,0.00039483,0.00038089,0.00038089,0.0002693 ,0.00019313,0.00019205,0.00018883,0.00018776,0.00018776,0.00018562,0.00033153,0.00112227
rsrp_ul_bin_edges:-107.245445  ,-105.38139118,-103.51733735,-101.65328353, -99.7892297 , -97.92517588, -96.06112205, -94.19706823, -92.3330144 , -90.46896058, -88.60490675, -86.74085293, -84.8767991 , -83.01274528, -81.14869145, -79.28463763, -77.4205838 , -75.55652998, -73.69247615, -71.82842233, -69.9643685 , -68.10031468, -66.23626085, -64.37220703, -62.5081532 , -60.64409938, -58.78004555, -56.91599173, -55.0519379 , -53.18788408, -51.32383025, -49.45977643, -47.5957226 , -45.73166878, -43.86761495, -42.00356113, -40.1395073 , -38.27545348, -36.41139965, -34.54734583, -32.683292  
rsrp_dl:0.00031329,0.00032509,0.00034226,0.00035943,0.00038518,0.00752546,0.01455523,0.02840555,0.03672604,0.0323378 ,0.01150921,0.02908471,0.03719276,0.08655672,0.0541406 ,0.06916255,0.03168546,0.021997  ,0.03163504,0.01270873,0.00776043,0.00505667,0.00607165,0.00478093,0.000515  ,0.00046779,0.00043668,0.00041307,0.00039483,0.00038089,0.00038089,0.0002693 ,0.00019313,0.00019205,0.00018883,0.00018776,0.00018776,0.00018562,0.00033153,0.00112227
rsrp_dl_bin_edges:-104.235146  ,-102.37109218,-100.50703835, -98.64298453, -96.7789307 , -94.91487688, -93.05082305, -91.18676923, -89.3227154 , -87.45866158, -85.59460775, -83.73055393, -81.8665001 , -80.00244628, -78.13839245, -76.27433862, -74.4102848 , -72.54623098, -70.68217715, -68.81812333, -66.9540695 , -65.09001568, -63.22596185, -61.36190803, -59.4978542 , -57.63380038, -55.76974655, -53.90569273, -52.0416389 , -50.17758508, -48.31353125, -46.44947743, -44.5854236 , -42.72136978, -40.85731595, -38.99326213, -37.1292083 , -35.26515448, -33.40110065, -31.53704683, -29.672993  
cqi_ul:1.96998030e-03,0.00000000e+00,0.00000000e+00,0.00000000e+00,0.00000000e+00,3.07996920e-03,0.00000000e+00,0.00000000e+00,0.00000000e+00,0.00000000e+00,1.96998030e-03,0.00000000e+00,0.00000000e+00,0.00000000e+00,0.00000000e+00,3.52996470e-03,0.00000000e+00,0.00000000e+00,0.00000000e+00,0.00000000e+00,3.51996480e-03,0.00000000e+00,0.00000000e+00,0.00000000e+00,0.00000000e+00,2.48897511e-02,0.00000000e+00,0.00000000e+00,0.00000000e+00,0.00000000e+00,9.58790412e-02,0.00000000e+00,0.00000000e+00,0.00000000e+00,0.00000000e+00,1.49788502e-01,0.00000000e+00,0.00000000e+00,0.00000000e+00,4.71537285e+00
cqi_ul_bin_edges: 7. , 7.2, 7.4, 7.6, 7.8, 8. , 8.2, 8.4, 8.6, 8.8, 9. , 9.2, 9.4, 9.6, 9.8,10. ,10.2,10.4,10.6,10.8,11. ,11.2,11.4,11.6,11.8,12. ,12.2,12.4,12.6,12.8,13. ,13.2,13.4,13.6,13.8,14. ,14.2,14.4,14.6,14.8,15. 
cqi_dl:2.18664480e-03,0.00000000e+00,0.00000000e+00,0.00000000e+00,0.00000000e+00,0.00000000e+00,0.00000000e+00,0.00000000e+00,0.00000000e+00,0.00000000e+00,0.00000000e+00,0.00000000e+00,0.00000000e+00,7.78658880e-03,0.00000000e+00,0.00000000e+00,0.00000000e+00,0.00000000e+00,0.00000000e+00,0.00000000e+00,0.00000000e+00,0.00000000e+00,0.00000000e+00,0.00000000e+00,0.00000000e+00,0.00000000e+00,5.94660720e-03,0.00000000e+00,0.00000000e+00,0.00000000e+00,0.00000000e+00,0.00000000e+00,0.00000000e+00,0.00000000e+00,0.00000000e+00,0.00000000e+00,0.00000000e+00,0.00000000e+00,0.00000000e+00,1.33174135e+01
cqi_dl_bin_edges:12.   ,12.075,12.15 ,12.225,12.3  ,12.375,12.45 ,12.525,12.6  ,12.675,12.75 ,12.825,12.9  ,12.975,13.05 ,13.125,13.2  ,13.275,13.35 ,13.425,13.5  ,13.575,13.65 ,13.725,13.8  ,13.875,13.95 ,14.025,14.1  ,14.175,14.25 ,14.325,14.4  ,14.475,14.55 ,14.625,14.7  ,14.775,14.85 ,14.925,15.   
mcs_ul:2.54115106e-04,0.00000000e+00,6.72934447e-04,0.00000000e+00,7.34110306e-04,0.00000000e+00,0.00000000e+00,7.15286965e-04,0.00000000e+00,4.70583529e-04,0.00000000e+00,0.00000000e+00,0.00000000e+00,0.00000000e+00,4.56466024e-04,0.00000000e+00,8.37638682e-04,0.00000000e+00,8.23521177e-04,0.00000000e+00,0.00000000e+00,8.18815341e-04,0.00000000e+00,8.37638682e-04,0.00000000e+00,9.22343718e-04,0.00000000e+00,0.00000000e+00,1.07904803e-02,0.00000000e+00,2.24091877e-02,0.00000000e+00,2.27103611e-02,0.00000000e+00,0.00000000e+00,2.66350278e-02,0.00000000e+00,4.38442674e-02,0.00000000e+00,2.21900840e+00
mcs_ul_bin_edges:11.   ,11.425,11.85 ,12.275,12.7  ,13.125,13.55 ,13.975,14.4  ,14.825,15.25 ,15.675,16.1  ,16.525,16.95 ,17.375,17.8  ,18.225,18.65 ,19.075,19.5  ,19.925,20.35 ,20.775,21.2  ,21.625,22.05 ,22.475,22.9  ,23.325,23.75 ,24.175,24.6  ,25.025,25.45 ,25.875,26.3  ,26.725,27.15 ,27.575,28.   
mcs_dl:1.31198688e-03,0.00000000e+00,0.00000000e+00,0.00000000e+00,0.00000000e+00,0.00000000e+00,0.00000000e+00,0.00000000e+00,2.30397696e-03,0.00000000e+00,0.00000000e+00,0.00000000e+00,0.00000000e+00,0.00000000e+00,0.00000000e+00,0.00000000e+00,2.36797632e-03,0.00000000e+00,0.00000000e+00,0.00000000e+00,0.00000000e+00,0.00000000e+00,0.00000000e+00,0.00000000e+00,1.74398256e-03,0.00000000e+00,0.00000000e+00,0.00000000e+00,0.00000000e+00,0.00000000e+00,0.00000000e+00,0.00000000e+00,1.80798192e-03,0.00000000e+00,0.00000000e+00,0.00000000e+00,0.00000000e+00,0.00000000e+00,0.00000000e+00,7.99046410e+00
mcs_dl_bin_edges:23.   ,23.125,23.25 ,23.375,23.5  ,23.625,23.75 ,23.875,24.   ,24.125,24.25 ,24.375,24.5  ,24.625,24.75 ,24.875,25.   ,25.125,25.25 ,25.375,25.5  ,25.625,25.75 ,25.875,26.   ,26.125,26.25 ,26.375,26.5  ,26.625,26.75 ,26.875,27.   ,27.125,27.25 ,27.375,27.5  ,27.625,27.75 ,27.875,28.   
eff_ul:1.05933303e-03,0.00000000e+00,2.80527079e-03,0.00000000e+00,3.06029541e-03,0.00000000e+00,2.98182630e-03,0.00000000e+00,0.00000000e+00,1.96172783e-03,1.90287599e-03,0.00000000e+00,3.49187553e-03,0.00000000e+00,0.00000000e+00,3.43302370e-03,0.00000000e+00,0.00000000e+00,3.41340642e-03,0.00000000e+00,3.49187553e-03,0.00000000e+00,0.00000000e+00,3.84498654e-03,0.00000000e+00,0.00000000e+00,4.49824191e-02,0.00000000e+00,0.00000000e+00,9.34174792e-02,0.00000000e+00,0.00000000e+00,9.46729850e-02,0.00000000e+00,0.00000000e+00,1.11033795e-01,0.00000000e+00,1.82774182e-01,0.00000000e+00,9.25040987e+00
eff_ul_bin_edges:1.4766005 ,1.57855042,1.68050035,1.78245027,1.88440019,1.98635011,2.08830003,2.19024996,2.29219988,2.3941498 ,2.49609972,2.59804965,2.69999957,2.80194949,2.90389941,3.00584934,3.10779926,3.20974918,3.3116991 ,3.41364903,3.51559895,3.61754887,3.71949879,3.82144872,3.92339864,4.02534856,4.12729848,4.22924841,4.33119833,4.43314825,4.53509817,4.6370481 ,4.73899802,4.84094794,4.94289786,5.04484779,5.14679771,5.24874763,5.35069755,5.45264748,5.5545974 
eff_dl:4.88928593e-03,0.00000000e+00,0.00000000e+00,0.00000000e+00,0.00000000e+00,0.00000000e+00,0.00000000e+00,0.00000000e+00,0.00000000e+00,8.58606310e-03,0.00000000e+00,0.00000000e+00,0.00000000e+00,0.00000000e+00,0.00000000e+00,0.00000000e+00,0.00000000e+00,8.82456485e-03,0.00000000e+00,0.00000000e+00,0.00000000e+00,0.00000000e+00,0.00000000e+00,0.00000000e+00,0.00000000e+00,0.00000000e+00,6.49917276e-03,0.00000000e+00,0.00000000e+00,0.00000000e+00,0.00000000e+00,0.00000000e+00,0.00000000e+00,6.73767452e-03,0.00000000e+00,0.00000000e+00,0.00000000e+00,0.00000000e+00,0.00000000e+00,2.97774805e+01
eff_dl_bin_edges:4.2129016 ,4.24644399,4.27998639,4.31352878,4.34707118,4.38061357,4.41415597,4.44769836,4.48124076,4.51478315,4.54832555,4.58186794,4.61541034,4.64895273,4.68249513,4.71603752,4.74957992,4.78312231,4.81666471,4.8502071 ,4.8837495 ,4.91729189,4.95083429,4.98437668,5.01791908,5.05146147,5.08500387,5.11854626,5.15208866,5.18563105,5.21917345,5.25271584,5.28625824,5.31980063,5.35334303,5.38688543,5.42042782,5.45397022,5.48751261,5.521055  ,5.5545974 
rul:1.62444485e+00,1.49159024e-01,1.24370870e-02,3.01070693e-04,1.14693597e-04,1.43366997e-04,2.29387195e-04,1.18277772e-04,5.37626238e-05,9.67727229e-05,5.37626238e-05,9.67727229e-05,1.07525248e-04,2.07882145e-04,1.29030297e-04,3.24367830e-03,5.73467987e-05,2.50892244e-05,3.58417492e-05,5.01784489e-05,1.43366997e-05,3.94259241e-05,5.01784489e-05,3.58417492e-06,1.43366997e-05,3.58417492e-06,2.15050495e-05,2.15050495e-05,1.43366997e-05,2.50892244e-05,7.63429258e-04,0.00000000e+00,3.58417492e-06,3.58417492e-06,3.58417492e-06,7.16834984e-06,3.58417492e-06,0.00000000e+00,3.58417492e-06,3.58417492e-06
rul_bin_edges: 0.       , 0.5580029, 1.1160058, 1.6740087, 2.2320116, 2.7900145, 3.3480174, 3.9060203, 4.4640232, 5.0220261, 5.580029 , 6.1380319, 6.6960348, 7.2540377, 7.8120406, 8.3700435, 8.9280464, 9.4860493,10.0440522,10.6020551,11.160058 ,11.7180609,12.2760638,12.8340667,13.3920696,13.9500725,14.5080754,15.0660783,15.6240812,16.1820841,16.740087 ,17.2980899,17.8560928,18.4140957,18.9720986,19.5301015,20.0881044,20.6461073,21.2041102,21.7621131,22.320116 
rdl:1.46490547e+00,7.72550604e-04,3.98735796e-04,4.98419744e-05,1.24604936e-04,2.49209872e-05,2.49209872e-05,7.47629617e-05,2.49209872e-05,2.49209872e-05,7.47629617e-05,2.24288885e-04,1.24604936e-04,1.24604936e-04,9.96839489e-05,7.47629617e-05,1.24604936e-04,1.24604936e-04,7.47629617e-05,0.00000000e+00,9.66834620e-01,2.49209872e-05,0.00000000e+00,2.49209872e-05,2.49209872e-05,2.49209872e-05,0.00000000e+00,2.49209872e-05,2.49209872e-05,4.98419744e-05,4.98419744e-05,0.00000000e+00,0.00000000e+00,0.00000000e+00,0.00000000e+00,0.00000000e+00,0.00000000e+00,2.49209872e-05,0.00000000e+00,5.75425595e-02
rdl_bin_edges: 0.       , 0.4012642, 0.8025284, 1.2037926, 1.6050568, 2.006321 , 2.4075852, 2.8088494, 3.2101136, 3.6113778, 4.012642 , 4.4139062, 4.8151704, 5.2164346, 5.6176988, 6.018963 , 6.4202272, 6.8214914, 7.2227556, 7.6240198, 8.025284 , 8.4265482, 8.8278124, 9.2290766, 9.6303408,10.031605 ,10.4328692,10.8341334,11.2353976,11.6366618,12.037926 ,12.4391902,12.8404544,13.2417186,13.6429828,14.044247 ,14.4455112,14.8467754,15.2480396,15.6493038,16.050568 
lul:4.25272484e+01,1.78666972e-03,1.87174923e-03,1.10603363e-03,4.25397551e-04,5.10477062e-04,5.10477062e-04,5.95556572e-04,8.50795103e-04,2.55238531e-04,5.10477062e-04,3.40318041e-04,4.25397551e-04,3.40318041e-04,2.55238531e-04,3.40318041e-04,1.70159021e-04,8.50795103e-05,8.50795103e-05,1.70159021e-04,1.70159021e-04,8.50795103e-05,8.50795103e-05,8.50795103e-05,1.70159021e-04,0.00000000e+00,1.70159021e-04,2.55238531e-04,8.50795103e-05,1.70159021e-04,1.70159021e-04,0.00000000e+00,1.70159021e-04,1.70159021e-04,0.00000000e+00,0.00000000e+00,8.50795103e-05,8.50795103e-05,8.50795103e-05,2.55238531e-04
lul_bin_edges:0.        ,0.02350719,0.04701438,0.07052156,0.09402875,0.11753594,0.14104313,0.16455031,0.1880575 ,0.21156469,0.23507188,0.25857906,0.28208625,0.30559344,0.32910063,0.35260781,0.376115  ,0.39962219,0.42312938,0.44663656,0.47014375,0.49365094,0.51715813,0.54066531,0.5641725 ,0.58767969,0.61118688,0.63469406,0.65820125,0.68170844,0.70521563,0.72872281,0.75223   ,0.77573719,0.79924438,0.82275156,0.84625875,0.86976594,0.89327313,0.91678031,0.9402875 
ldl:2.92949241e+03,0.00000000e+00,0.00000000e+00,0.00000000e+00,0.00000000e+00,0.00000000e+00,0.00000000e+00,0.00000000e+00,0.00000000e+00,0.00000000e+00,0.00000000e+00,0.00000000e+00,0.00000000e+00,0.00000000e+00,1.50962481e+03,3.71641589e+02,0.00000000e+00,1.15392142e+02,5.49248620e-01,6.63092880e+01,1.99726771e-01,0.00000000e+00,0.00000000e+00,0.00000000e+00,0.00000000e+00,0.00000000e+00,0.00000000e+00,0.00000000e+00,0.00000000e+00,0.00000000e+00,0.00000000e+00,0.00000000e+00,0.00000000e+00,0.00000000e+00,0.00000000e+00,0.00000000e+00,0.00000000e+00,0.00000000e+00,0.00000000e+00,9.98633855e-03
ldl_bin_edges:0.        ,0.00020027,0.00040054,0.00060081,0.00080109,0.00100136,0.00120163,0.0014019 ,0.00160217,0.00180244,0.00200272,0.00220299,0.00240326,0.00260353,0.0028038 ,0.00300407,0.00320435,0.00340462,0.00360489,0.00380516,0.00400543,0.0042057 ,0.00440598,0.00460625,0.00480652,0.00500679,0.00520706,0.00540733,0.0056076 ,0.00580788,0.00600815,0.00620842,0.00640869,0.00660896,0.00680923,0.00700951,0.00720978,0.00741005,0.00761032,0.00781059,0.00801086
ilul:4.23877895e+01,1.13661108e-02,2.79911683e-03,1.18750411e-03,4.24108610e-04,5.08930332e-04,5.08930332e-04,6.78573776e-04,7.63395498e-04,2.54465166e-04,5.08930332e-04,4.24108610e-04,3.39286888e-04,3.39286888e-04,2.54465166e-04,2.54465166e-04,2.54465166e-04,8.48217221e-05,8.48217221e-05,1.69643444e-04,1.69643444e-04,8.48217221e-05,8.48217221e-05,8.48217221e-05,1.69643444e-04,1.69643444e-04,0.00000000e+00,2.54465166e-04,8.48217221e-05,1.69643444e-04,8.48217221e-05,8.48217221e-05,1.69643444e-04,1.69643444e-04,0.00000000e+00,0.00000000e+00,8.48217221e-05,8.48217221e-05,8.48217221e-05,2.54465166e-04
ilul_bin_edges:0.        ,0.02357863,0.04715726,0.07073589,0.09431452,0.11789315,0.14147178,0.16505041,0.18862904,0.21220767,0.2357863 ,0.25936493,0.28294356,0.30652219,0.33010082,0.35367945,0.37725808,0.40083671,0.42441534,0.44799397,0.4715726 ,0.49515123,0.51872986,0.54230849,0.56588712,0.58946575,0.61304438,0.63662301,0.66020164,0.68378027,0.7073589 ,0.73093753,0.75451616,0.77809479,0.80167342,0.82525205,0.84883068,0.87240931,0.89598794,0.91956657,0.9431452 
ildl:17.21931081, 0.0796504 , 0.08575499, 0.07848762, 0.07063885, 0.06598774, 0.05784828, 0.0569762 , 0.05610411, 0.06424357, 0.05465064, 0.05465064, 0.0566855 , 0.05930175, 0.05435994, 0.05348786, 0.05377855, 0.04796465, 0.04156937, 0.03284852, 0.03197644, 0.03081366, 0.02790671, 0.02122073, 0.02296489, 0.02325559, 0.02180212, 0.02180212, 0.02122073, 0.02383698, 0.0226742 , 0.02151142, 0.02325559, 0.02645323, 0.04825535, 0.05029021, 0.04970882, 0.05988314, 7.12434995, 3.05229617
ildl_bin_edges:0.        ,0.03439999,0.06879997,0.10319996,0.13759995,0.17199994,0.20639992,0.24079991,0.2751999 ,0.30959989,0.34399988,0.37839986,0.41279985,0.44719984,0.48159982,0.51599981,0.5503998 ,0.58479979,0.61919978,0.65359976,0.68799975,0.72239974,0.75679973,0.79119971,0.8255997 ,0.85999969,0.89439967,0.92879966,0.96319965,0.99759964,1.03199963,1.06639961,1.1007996 ,1.13519959,1.16959957,1.20399956,1.23839955,1.27279954,1.30719952,1.34159951,1.3759995 
eul:1.68745992e+00,3.03794430e-05,2.70039494e-05,2.70039494e-05,1.01264810e-05,3.03794430e-05,3.37549367e-06,1.01264810e-05,2.02529620e-05,1.68774684e-05,6.75098734e-06,6.75098734e-06,1.68774684e-05,6.75098734e-06,1.35019747e-05,3.37549367e-06,1.68774684e-05,1.35019747e-05,1.01264810e-05,3.37549367e-06,3.37549367e-06,3.37549367e-06,0.00000000e+00,0.00000000e+00,0.00000000e+00,0.00000000e+00,3.37549367e-06,3.37549367e-06,0.00000000e+00,0.00000000e+00,0.00000000e+00,6.75098734e-06,0.00000000e+00,6.75098734e-06,0.00000000e+00,0.00000000e+00,0.00000000e+00,0.00000000e+00,0.00000000e+00,3.37549367e-06
eul_bin_edges: 0.    , 0.5925, 1.185 , 1.7775, 2.37  , 2.9625, 3.555 , 4.1475, 4.74  , 5.3325, 5.925 , 6.5175, 7.11  , 7.7025, 8.295 , 8.8875, 9.48  ,10.0725,10.665 ,11.2575,11.85  ,12.4425,13.035 ,13.6275,14.22  ,14.8125,15.405 ,15.9975,16.59  ,17.1825,17.775 ,18.3675,18.96  ,19.5525,20.145 ,20.7375,21.33  ,21.9225,22.515 ,23.1075,23.7   
edl:6.19064073e-02,3.17017984e-05,9.87078722e-05,8.71799455e-05,8.93414318e-05,4.61117067e-04,4.82731930e-05,3.91229012e-04,1.47269263e-03,1.75872931e-03,5.73514352e-04,2.65142314e-04,1.12397285e-04,4.89936884e-05,1.03751340e-04,1.48422056e-04,1.49863047e-04,2.07502680e-04,1.00869358e-04,1.33291652e-04,6.78706683e-04,1.15351316e-03,1.55627010e-03,2.82434204e-04,2.66583305e-05,2.95403121e-05,1.87328809e-05,2.30558534e-05,2.30558534e-05,1.72918900e-05,3.02608075e-05,2.08943671e-05,0.00000000e+00,0.00000000e+00,0.00000000e+00,0.00000000e+00,0.00000000e+00,0.00000000e+00,0.00000000e+00,7.20495418e-07
edl_bin_edges:  0.    , 13.8792, 27.7584, 41.6376, 55.5168, 69.396 , 83.2752, 97.1544,111.0336,124.9128,138.792 ,152.6712,166.5504,180.4296,194.3088,208.188 ,222.0672,235.9464,249.8256,263.7048,277.584 ,291.4632,305.3424,319.2216,333.1008,346.98  ,360.8592,374.7384,388.6176,402.4968,416.376 ,430.2552,444.1344,458.0136,471.8928,485.772 ,499.6512,513.5304,527.4096,541.2888,555.168 
gul:2.85471335e-01,3.14408335e-05,8.86059853e-05,1.71495455e-05,5.71651518e-06,6.85981821e-05,1.42912879e-05,4.57321214e-05,2.00078031e-05,1.42912879e-05,2.85825759e-06,2.28660607e-05,0.00000000e+00,2.85825759e-06,0.00000000e+00,0.00000000e+00,2.85825759e-06,5.71651518e-06,0.00000000e+00,0.00000000e+00,2.85825759e-06,0.00000000e+00,2.85825759e-06,0.00000000e+00,0.00000000e+00,0.00000000e+00,0.00000000e+00,0.00000000e+00,2.85825759e-06,0.00000000e+00,0.00000000e+00,0.00000000e+00,0.00000000e+00,0.00000000e+00,2.85825759e-06,0.00000000e+00,0.00000000e+00,0.00000000e+00,0.00000000e+00,2.85825759e-06
gul_bin_edges:  0.    ,  3.4986,  6.9972, 10.4958, 13.9944, 17.493 , 20.9916, 24.4902, 27.9888, 31.4874, 34.986 , 38.4846, 41.9832, 45.4818, 48.9804, 52.479 , 55.9776, 59.4762, 62.9748, 66.4734, 69.972 , 73.4706, 76.9692, 80.4678, 83.9664, 87.465 , 90.9636, 94.4622, 97.9608,101.4594,104.958 ,108.4566,111.9552,115.4538,118.9524,122.451 ,125.9496,129.4482,132.9468,136.4454,139.944 
gdl:8.92609256e-02,1.99998000e-05,1.09089818e-05,5.45449091e-05,2.54542909e-05,1.90907182e-05,1.36362273e-05,2.86360773e-04,7.27265455e-06,2.36361273e-05,1.76361873e-04,1.06362573e-04,5.45449091e-05,2.09088818e-05,3.27269455e-05,6.36357273e-06,9.99990000e-06,1.45453091e-05,1.90907182e-05,1.18180636e-05,1.81816364e-05,2.72724545e-05,3.63632727e-06,2.09088818e-05,1.63634727e-05,5.09085818e-05,1.01817164e-04,2.21815964e-04,1.73634627e-04,6.09084818e-05,6.36357273e-06,9.09081818e-07,2.72724545e-06,0.00000000e+00,3.63632727e-06,5.45449091e-06,2.72724545e-06,5.45449091e-06,3.63632727e-06,8.18173636e-06
gdl_bin_edges:  0., 11., 22., 33., 44., 55., 66., 77., 88., 99.,110.,121.,132.,143.,154.,165.,176.,187.,198.,209.,220.,231.,242.,253.,264.,275.,286.,297.,308.,319.,330.,341.,352.,363.,374.,385.,396.,407.,418.,429.,440.
ri: 0., 0., 0., 0., 0., 0., 0., 0., 0., 0., 0., 0., 0., 0., 0., 0., 0., 0., 0., 0.,40., 0., 0., 0., 0., 0., 0., 0., 0., 0., 0., 0., 0., 0., 0., 0., 0., 0., 0., 0.
ri_bin_edges:0.5  ,0.525,0.55 ,0.575,0.6  ,0.625,0.65 ,0.675,0.7  ,0.725,0.75 ,0.775,0.8  ,0.825,0.85 ,0.875,0.9  ,0.925,0.95 ,0.975,1.   ,1.025,1.05 ,1.075,1.1  ,1.125,1.15 ,1.175,1.2  ,1.225,1.25 ,1.275,1.3  ,1.325,1.35 ,1.375,1.4  ,1.425,1.45 ,1.475,1.5  
