period:1
ue_log_freq:1000
mac_log_freq:1000
mimo_layers:2
frequency:2412000000.0
bandwidth:50000000
ue_speed:5.555555555555555
max_distance:1000
shannon_cfg_bandwidth_mhz:50.0
shannon_cfg_mimo_layers:2
shannon_cfg_bw_efficiency:0.67
shannon_cfg_sinr_offset_db:0
shannon_cfg_ul_divisor:2
shannon_cfg_sinr_sample_rate:1000
n_ue:80
sinr_period:9.463597741343282
sinr_rate:105.66805852612856
ul_fairness:nan
dl_fairness:0.012499999999999999
ul_agg_throughput:0
dl_agg_throughput:39.728739342300145
ul_ave_throughput:0.0
dl_ave_throughput:0.4966092417787518
ul_se:0.0
dl_se:0.7945747868460029
ul_ase:0.0
dl_ase:2.5292100996546094e-07
ul_gr:0.0, 0.0, 0.0, 0.0, 0.0, 0.0, 0.0, 0.0, 0.0, 0.0, 0.0, 0.0, 0.0, 0.0, 0.0, 0.0, 0.0, 0.0, 0.0, 0.0, 0.0, 0.0, 0.0, 0.0, 0.0, 0.0, 0.0, 0.0, 0.0, 0.0, 0.0, 0.0, 0.0, 0.0, 0.0, 0.0, 0.0, 0.0, 0.0, 0.0, 0.0, 0.0, 0.0, 0.0, 0.0, 0.0, 0.0, 0.0, 0.0, 0.0, 0.0, 0.0, 0.0, 0.0, 0.0, 0.0, 0.0, 0.0, 0.0, 0.0, 0.0, 0.0, 0.0, 0.0, 0.0, 0.0, 0.0, 0.0, 0.0, 0.0, 0.0, 0.0, 0.0, 0.0, 0.0, 0.0, 0.0, 0.0, 0.0, 0.0
dl_gr:0.10492795072049281, 0.10492795072049281, 0.10492795072049281, 0.10492795072049281, 0.10492795072049281, 0.10492795072049281, 0.10492795072049281, 0.10492795072049281, 0.10492795072049281, 0.10492795072049281, 0.10492795072049281, 0.10492795072049281, 0.10492795072049281, 0.10492795072049281, 0.10492795072049281, 0.10492795072049281, 0.10492795072049281, 0.10492795072049281, 0.10492795072049281, 0.10492795072049281, 0.10492795072049281, 0.10492795072049281, 0.10492795072049281, 0.10492795072049281, 0.10492795072049281, 0.10492795072049281, 0.10492795072049281, 0.10492795072049281, 0.10492795072049281, 0.10492795072049281, 0.10492795072049281, 0.10492795072049281, 0.10492795072049281, 0.10492795072049281, 0.10492795072049281, 0.10492795072049281, 0.10492795072049281, 0.10492795072049281, 0.10492795072049281, 0.10492795072049281, 0.10492795072049281, 0.10492795072049281, 0.10492795072049281, 0.10492795072049281, 0.10492795072049281, 0.10492795072049281, 0.10492795072049281, 0.10492795072049281, 0.10492795072049281, 0.10492795072049281, 0.10492795072049281, 0.10492795072049281, 0.10492795072049281, 0.10492795072049281, 0.10492795072049281, 0.10492795072049281, 0.10492795072049281, 0.10492795072049281, 0.10492795072049281, 0.10492795072049281, 0.10492795072049281, 0.10492795072049281, 0.10492795072049281, 0.10492795072049281, 0.10492795072049281, 0.10492795072049281, 0.10492795072049281, 0.10492795072049281, 0.10492795072049281, 0.10492795072049281, 0.10492795072049281, 0.10492795072049281, 0.10492795072049281, 0.10492795072049281, 0.10492795072049281, 0.10492795072049281, 0.10492795072049281, 40.25434445655543, 0.10492795072049281, 0.10492795072049281
ul_tr:0.0, 0.0, 0.0, 0.0, 0.0, 0.0, 0.0, 0.0, 0.0, 0.0, 0.0, 0.0, 0.0, 0.0, 0.0, 0.0, 0.0, 0.0, 0.0, 0.0, 0.0, 0.0, 0.0, 0.0, 0.0, 0.0, 0.0, 0.0, 0.0, 0.0, 0.0, 0.0, 0.0, 0.0, 0.0, 0.0, 0.0, 0.0, 0.0, 0.0, 0.0, 0.0, 0.0, 0.0, 0.0, 0.0, 0.0, 0.0, 0.0, 0.0, 0.0, 0.0, 0.0, 0.0, 0.0, 0.0, 0.0, 0.0, 0.0, 0.0, 0.0, 0.0, 0.0, 0.0, 0.0, 0.0, 0.0, 0.0, 0.0, 0.0, 0.0, 0.0, 0.0, 0.0, 0.0, 0.0, 0.0, 0.0, 0.0, 0.0
dl_tr:0.0, 0.0, 0.0, 0.0, 0.0, 0.0, 0.0, 0.0, 0.0, 0.0, 0.0, 0.0, 0.0, 0.0, 0.0, 0.0, 0.0, 0.0, 0.0, 0.0, 0.0, 0.0, 0.0, 0.0, 0.0, 0.0, 0.0, 0.0, 0.0, 0.0, 0.0, 0.0, 0.0, 0.0, 0.0, 0.0, 0.0, 0.0, 0.0, 0.0, 0.0, 0.0, 0.0, 0.0, 0.0, 0.0, 0.0, 0.0, 0.0, 0.0, 0.0, 0.0, 0.0, 0.0, 0.0, 0.0, 0.0, 0.0, 0.0, 0.0, 0.0, 0.0, 0.0, 0.0, 0.0, 0.0, 0.0, 0.0, 0.0, 0.0, 0.0, 0.0, 0.0, 0.0, 0.0, 0.0, 0.0, 40.124827083029174, 0.0, 0.0
ul_er:0.0, 0.0, 0.0, 0.0, 0.0, 0.0, 0.0, 0.0, 0.0, 0.0, 0.0, 0.0, 0.0, 0.0, 0.0, 0.0, 0.0, 0.0, 0.0, 0.0, 0.0, 0.0, 0.0, 0.0, 0.0, 0.0, 0.0, 0.0, 0.0, 0.0, 0.0, 0.0, 0.0, 0.0, 0.0, 0.0, 0.0, 0.0, 0.0, 0.0, 0.0, 0.0, 0.0, 0.0, 0.0, 0.0, 0.0, 0.0, 0.0, 0.0, 0.0, 0.0, 0.0, 0.0, 0.0, 0.0, 0.0, 0.0, 0.0, 0.0, 0.0, 0.0, 0.0, 0.0, 0.0, 0.0, 0.0, 0.0, 0.0, 0.0, 0.0, 0.0, 0.0, 0.0, 0.0, 0.0, 0.0, 0.0, 0.0, 0.0
dl_er:99.8930020699793, 99.8930020699793, 99.8930020699793, 99.8930020699793, 99.8930020699793, 99.8930020699793, 99.8930020699793, 99.8930020699793, 99.8930020699793, 99.8930020699793, 99.8930020699793, 99.8930020699793, 99.8930020699793, 99.8930020699793, 99.8930020699793, 99.8930020699793, 99.8930020699793, 99.8930020699793, 99.8930020699793, 99.8930020699793, 99.8930020699793, 99.8930020699793, 99.8930020699793, 99.8930020699793, 99.8930020699793, 99.8930020699793, 99.8930020699793, 99.8930020699793, 99.8930020699793, 99.8930020699793, 99.8930020699793, 99.8930020699793, 99.8930020699793, 99.8930020699793, 99.8930020699793, 99.8930020699793, 99.8930020699793, 99.8930020699793, 99.8930020699793, 99.8930020699793, 99.8930020699793, 99.8930020699793, 99.8930020699793, 99.8930020699793, 99.8930020699793, 99.8930020699793, 99.8930020699793, 99.8930020699793, 99.8930020699793, 99.8930020699793, 99.8930020699793, 99.8930020699793, 99.8930020699793, 99.8930020699793, 99.8930020699793, 99.8930020699793, 99.8930020699793, 99.8930020699793, 99.8930020699793, 99.8930020699793, 99.8930020699793, 99.8930020699793, 99.8930020699793, 99.8930020699793, 99.8930020699793, 99.8930020699793, 99.8930020699793, 99.8930020699793, 99.8930020699793, 99.8930020699793, 99.8930020699793, 99.8930020699793, 99.8930020699793, 99.8930020699793, 99.8930020699793, 99.8930020699793, 99.8930020699793, 59.743585564144354, 99.8930020699793, 99.8930020699793
ul_er_ratio:0.0, 0.0, 0.0, 0.0, 0.0, 0.0, 0.0, 0.0, 0.0, 0.0, 0.0, 0.0, 0.0, 0.0, 0.0, 0.0, 0.0, 0.0, 0.0, 0.0, 0.0, 0.0, 0.0, 0.0, 0.0, 0.0, 0.0, 0.0, 0.0, 0.0, 0.0, 0.0, 0.0, 0.0, 0.0, 0.0, 0.0, 0.0, 0.0, 0.0, 0.0, 0.0, 0.0, 0.0, 0.0, 0.0, 0.0, 0.0, 0.0, 0.0, 0.0, 0.0, 0.0, 0.0, 0.0, 0.0, 0.0, 0.0, 0.0, 0.0, 0.0, 0.0, 0.0, 0.0, 0.0, 0.0, 0.0, 0.0, 0.0, 0.0, 0.0, 0.0, 0.0, 0.0, 0.0, 0.0, 0.0, 0.0, 0.0, 0.0
dl_er_ratio:1.0, 1.0, 1.0, 1.0, 1.0, 1.0, 1.0, 1.0, 1.0, 1.0, 1.0, 1.0, 1.0, 1.0, 1.0, 1.0, 1.0, 1.0, 1.0, 1.0, 1.0, 1.0, 1.0, 1.0, 1.0, 1.0, 1.0, 1.0, 1.0, 1.0, 1.0, 1.0, 1.0, 1.0, 1.0, 1.0, 1.0, 1.0, 1.0, 1.0, 1.0, 1.0, 1.0, 1.0, 1.0, 1.0, 1.0, 1.0, 1.0, 1.0, 1.0, 1.0, 1.0, 1.0, 1.0, 1.0, 1.0, 1.0, 1.0, 1.0, 1.0, 1.0, 1.0, 1.0, 1.0, 1.0, 1.0, 1.0, 1.0, 1.0, 1.0, 1.0, 1.0, 1.0, 1.0, 1.0, 1.0, 0.598223041505759, 1.0, 1.0
ul_er_perc:0.0, 0.0, 0.0, 0.0, 0.0, 0.0, 0.0, 0.0, 0.0, 0.0, 0.0, 0.0, 0.0, 0.0, 0.0, 0.0, 0.0, 0.0, 0.0, 0.0, 0.0, 0.0, 0.0, 0.0, 0.0, 0.0, 0.0, 0.0, 0.0, 0.0, 0.0, 0.0, 0.0, 0.0, 0.0, 0.0, 0.0, 0.0, 0.0, 0.0, 0.0, 0.0, 0.0, 0.0, 0.0, 0.0, 0.0, 0.0, 0.0, 0.0, 0.0, 0.0, 0.0, 0.0, 0.0, 0.0, 0.0, 0.0, 0.0, 0.0, 0.0, 0.0, 0.0, 0.0, 0.0, 0.0, 0.0, 0.0, 0.0, 0.0, 0.0, 0.0, 0.0, 0.0, 0.0, 0.0, 0.0, 0.0, 0.0, 0.0
dl_er_perc:100.0, 100.0, 100.0, 100.0, 100.0, 100.0, 100.0, 100.0, 100.0, 100.0, 100.0, 100.0, 100.0, 100.0, 100.0, 100.0, 100.0, 100.0, 100.0, 100.0, 100.0, 100.0, 100.0, 100.0, 100.0, 100.0, 100.0, 100.0, 100.0, 100.0, 100.0, 100.0, 100.0, 100.0, 100.0, 100.0, 100.0, 100.0, 100.0, 100.0, 100.0, 100.0, 100.0, 100.0, 100.0, 100.0, 100.0, 100.0, 100.0, 100.0, 100.0, 100.0, 100.0, 100.0, 100.0, 100.0, 100.0, 100.0, 100.0, 100.0, 100.0, 100.0, 100.0, 100.0, 100.0, 100.0, 100.0, 100.0, 100.0, 100.0, 100.0, 100.0, 100.0, 100.0, 100.0, 100.0, 100.0, 59.8223041505759, 100.0, 100.0
ul_l:0.0, 0.0, 0.0, 0.0, 0.0, 0.0, 0.0, 0.0, 0.0, 0.0, 0.0, 0.0, 0.0, 0.0, 0.0, 0.0, 0.0, 0.0, 0.0, 0.0, 0.0, 0.0, 0.0, 0.0, 0.0, 0.0, 0.0, 0.0, 0.0, 0.0, 0.0, 0.0, 0.0, 0.0, 0.0, 0.0, 0.0, 0.0, 0.0, 0.0, 0.0, 0.0, 0.0, 0.0, 0.0, 0.0, 0.0, 0.0, 0.0, 0.0, 0.0, 0.0, 0.0, 0.0, 0.0, 0.0, 0.0, 0.0, 0.0, 0.0, 0.0, 0.0, 0.0, 0.0, 0.0, 0.0, 0.0, 0.0, 0.0, 0.0, 0.0, 0.0, 0.0, 0.0, 0.0, 0.0, 0.0, 0.0, 0.0, 0.0
dl_l:0.0, 0.0, 0.0, 0.0, 0.0, 0.0, 0.0, 0.0, 0.0, 0.0, 0.0, 0.0, 0.0, 0.0, 0.0, 0.0, 0.0, 0.0, 0.0, 0.0, 0.0, 0.0, 0.0, 0.0, 0.0, 0.0, 0.0, 0.0, 0.0, 0.0, 0.0, 0.0, 0.0, 0.0, 0.0, 0.0, 0.0, 0.0, 0.0, 0.0, 0.0, 0.0, 0.0, 0.0, 0.0, 0.0, 0.0, 0.0, 0.0, 0.0, 0.0, 0.0, 0.0, 0.0, 0.0, 0.0, 0.0, 0.0, 0.0, 0.0, 0.0, 0.0, 0.0, 0.0, 0.0, 0.0, 0.0, 0.0, 0.0, 0.0, 0.0, 0.0, 0.0, 0.0, 0.0, 0.0, 0.0, 0.0026227108942100583, 0.0, 0.0
ul_il:0.0, 0.0, 0.0, 0.0, 0.0, 0.0, 0.0, 0.0, 0.0, 0.0, 0.0, 0.0, 0.0, 0.0, 0.0, 0.0, 0.0, 0.0, 0.0, 0.0, 0.0, 0.0, 0.0, 0.0, 0.0, 0.0, 0.0, 0.0, 0.0, 0.0, 0.0, 0.0, 0.0, 0.0, 0.0, 0.0, 0.0, 0.0, 0.0, 0.0, 0.0, 0.0, 0.0, 0.0, 0.0, 0.0, 0.0, 0.0, 0.0, 0.0, 0.0, 0.0, 0.0, 0.0, 0.0, 0.0, 0.0, 0.0, 0.0, 0.0, 0.0, 0.0, 0.0, 0.0, 0.0, 0.0, 0.0, 0.0, 0.0, 0.0, 0.0, 0.0, 0.0, 0.0, 0.0, 0.0, 0.0, 0.0, 0.0, 0.0
dl_il:0.0, 0.0, 0.0, 0.0, 0.0, 0.0, 0.0, 0.0, 0.0, 0.0, 0.0, 0.0, 0.0, 0.0, 0.0, 0.0, 0.0, 0.0, 0.0, 0.0, 0.0, 0.0, 0.0, 0.0, 0.0, 0.0, 0.0, 0.0, 0.0, 0.0, 0.0, 0.0, 0.0, 0.0, 0.0, 0.0, 0.0, 0.0, 0.0, 0.0, 0.0, 0.0, 0.0, 0.0, 0.0, 0.0, 0.0, 0.0, 0.0, 0.0, 0.0, 0.0, 0.0, 0.0, 0.0, 0.0, 0.0, 0.0, 0.0, 0.0, 0.0, 0.0, 0.0, 0.0, 0.0, 0.0, 0.0, 0.0, 0.0, 0.0, 0.0, 0.0, 0.0, 0.0, 0.0, 0.0, 0.0, 0.23658300947220223, 0.0, 0.0
sinr_ul:0.00576116,0.00359476,0.01540404,0.01276612,0.00765148,0.01082575,0.01124527,0.01770841,0.016886  ,0.01518343,0.01456049,0.02541514,0.03482223,0.03193437,0.01862351,0.00855577,0.01030077,0.00515811,0.00505308,0.01351012,0.01578044,0.0119209 ,0.0143491 ,0.02544537,0.01965274,0.01709101,0.02374655,0.01399953,0.02652944,0.0104099 ,0.01756905,0.01630771,0.02077681,0.01235006,0.00819788,0.00295137,0.00475065,0.00498243,0.00255451,0.00033099
sinr_ul_bin_edges:-34.614407  ,-32.81148913,-31.00857125,-29.20565338,-27.4027355 ,-25.59981763,-23.79689975,-21.99398188,-20.191064  ,-18.38814613,-16.58522825,-14.78231038,-12.9793925 ,-11.17647463, -9.37355675, -7.57063888, -5.767721  , -3.96480313, -2.16188525, -0.35896737,  1.4439505 ,  3.24686837,  5.04978625,  6.85270412,  8.655622  , 10.45853987, 12.26145775, 14.06437562, 15.8672935 , 17.67021137, 19.47312925, 21.27604712, 23.078965  , 24.88188287, 26.68480075, 28.48771862, 30.2906365 , 32.09355437, 33.89647225, 35.69939012, 37.502308  
sinr_dl:0.00576115,0.00359489,0.01540506,0.01276548,0.00765181,0.01082434,0.01124678,0.01770685,0.01688542,0.01518389,0.01456393,0.02541884,0.03481711,0.0319348 ,0.01862043,0.00855811,0.01030027,0.00515734,0.00505175,0.0135112 ,0.01578111,0.01192047,0.01435039,0.02544394,0.01965319,0.01709091,0.02374491,0.01399985,0.02652828,0.01041189,0.01756618,0.01631454,0.0207731 ,0.01234997,0.00819752,0.00295157,0.00474988,0.00498228,0.00255493,0.00033113
sinr_dl_bin_edges:-24.854416 ,-23.0514951,-21.2485742,-19.4456533,-17.6427324,-15.8398115,-14.0368906,-12.2339697,-10.4310488, -8.6281279, -6.825207 , -5.0222861, -3.2193652, -1.4164443,  0.3864766,  2.1893975,  3.9923184,  5.7952393,  7.5981602,  9.4010811, 11.204002 , 13.0069229, 14.8098438, 16.6127647, 18.4156856, 20.2186065, 22.0215274, 23.8244483, 25.6273692, 27.4302901, 29.233211 , 31.0361319, 32.8390528, 34.6419737, 36.4448946, 38.2478155, 40.0507364, 41.8536573, 43.6565782, 45.4594991, 47.26242  
rsrp_ul:0.00575997,0.00363005,0.01566087,0.01261433,0.00799213,0.01037663,0.01148072,0.01728491,0.0168229 ,0.01511208,0.01517959,0.02628902,0.03398562,0.03219739,0.01761836,0.00914016,0.01021279,0.00496951,0.00482722,0.01362194,0.01601552,0.01183385,0.01470503,0.02492004,0.01935828,0.01779586,0.02280002,0.01425633,0.02640706,0.01135541,0.01636207,0.01711635,0.02089368,0.01224492,0.00810871,0.00296385,0.00458235,0.00469546,0.00291429,0.00037039
rsrp_ul_bin_edges:-142.25662   ,-140.45311435,-138.6496087 ,-136.84610305,-135.0425974 ,-133.23909175,-131.4355861 ,-129.63208045,-127.8285748 ,-126.02506915,-124.2215635 ,-122.41805785,-120.6145522 ,-118.81104655,-117.0075409 ,-115.20403525,-113.4005296 ,-111.59702395,-109.7935183 ,-107.99001265,-106.186507  ,-104.38300135,-102.5794957 ,-100.77599005, -98.9724844 , -97.16897875, -95.3654731 , -93.56196745, -91.7584618 , -89.95495615, -88.1514505 , -86.34794485, -84.5444392 , -82.74093355, -80.9374279 , -79.13392225, -77.3304166 , -75.52691095, -73.7234053 , -71.91989965, -70.116394  
rsrp_dl:0.00575997,0.00363005,0.01566087,0.01261433,0.00799213,0.01037663,0.01148072,0.01728491,0.0168229 ,0.01511208,0.01517959,0.02628902,0.03398562,0.03219739,0.01761836,0.00914016,0.01021279,0.00496951,0.00482722,0.01362194,0.01601552,0.01183385,0.01470503,0.02492004,0.01935828,0.01779586,0.02280023,0.01425612,0.02640712,0.01135534,0.01636207,0.01711635,0.02089368,0.01224492,0.00810871,0.00296385,0.00458235,0.00469546,0.00291429,0.00037039
rsrp_dl_bin_edges:-139.24632   ,-137.44281435,-135.6393087 ,-133.83580305,-132.0322974 ,-130.22879175,-128.4252861 ,-126.62178045,-124.8182748 ,-123.01476915,-121.2112635 ,-119.40775785,-117.6042522 ,-115.80074655,-113.9972409 ,-112.19373525,-110.3902296 ,-108.58672395,-106.7832183 ,-104.97971265,-103.176207  ,-101.37270135, -99.5691957 , -97.76569005, -95.9621844 , -94.15867875, -92.3551731 , -90.55166745, -88.7481618 , -86.94465615, -85.1411505 , -83.33764485, -81.5341392 , -79.73063355, -77.9271279 , -76.12362225, -74.3201166 , -72.51661095, -70.7131053 , -68.90959965, -67.106094  
cqi_ul:1.08626247,0.        ,0.0928514 ,0.        ,0.        ,0.05865208,0.        ,0.        ,0.03821062,0.        ,0.02892471,0.        ,0.        ,0.0631957 ,0.        ,0.        ,0.06821698,0.        ,0.05890108,0.        ,0.        ,0.07259527,0.        ,0.        ,0.09192541,0.        ,0.09510438,0.        ,0.        ,0.09908134,0.        ,0.        ,0.11928281,0.        ,0.06060339,0.        ,0.        ,0.09157575,0.        ,0.54128325
cqi_ul_bin_edges: 0.   , 0.375, 0.75 , 1.125, 1.5  , 1.875, 2.25 , 2.625, 3.   , 3.375, 3.75 , 4.125, 4.5  , 4.875, 5.25 , 5.625, 6.   , 6.375, 6.75 , 7.125, 7.5  , 7.875, 8.25 , 8.625, 9.   , 9.375, 9.75 ,10.125,10.5  ,10.875,11.25 ,11.625,12.   ,12.375,12.75 ,13.125,13.5  ,13.875,14.25 ,14.625,15.   
cqi_dl:0.4733236 ,0.        ,0.0729376 ,0.        ,0.        ,0.09429006,0.        ,0.        ,0.17864755,0.        ,0.19927367,0.        ,0.        ,0.11118789,0.        ,0.        ,0.05530445,0.        ,0.0504975 ,0.        ,0.        ,0.033045  ,0.        ,0.        ,0.01619417,0.        ,0.03165968,0.        ,0.        ,0.08705013,0.        ,0.        ,0.06167272,0.        ,0.07193161,0.        ,0.        ,0.0633017 ,0.        ,1.06634934
cqi_dl_bin_edges: 0.   , 0.375, 0.75 , 1.125, 1.5  , 1.875, 2.25 , 2.625, 3.   , 3.375, 3.75 , 4.125, 4.5  , 4.875, 5.25 , 5.625, 6.   , 6.375, 6.75 , 7.125, 7.5  , 7.875, 8.25 , 8.625, 9.   , 9.375, 9.75 ,10.125,10.5  ,10.875,11.25 ,11.625,12.   ,12.375,12.75 ,13.125,13.5  ,13.875,14.25 ,14.625,15.   
mcs_ul:6.45616401e-01,1.74725038e-02,1.33168311e-02,0.00000000e+00,7.15314275e-03,8.55634301e-03,0.00000000e+00,6.93903775e-03,1.15713129e-02,0.00000000e+00,2.22835272e-02,2.30936976e-02,1.49998500e-04,0.00000000e+00,1.33011170e-02,1.35675429e-02,0.00000000e+00,1.79866058e-02,2.10363968e-02,0.00000000e+00,1.78539286e-02,2.10956819e-02,0.00000000e+00,0.00000000e+00,2.81500756e-02,2.59256336e-02,0.00000000e+00,2.50231426e-02,3.01466628e-02,0.00000000e+00,2.29326278e-02,2.17967463e-02,4.21047575e-02,0.00000000e+00,1.57326998e-02,1.67334041e-02,0.00000000e+00,3.15977197e-02,1.74494684e-02,2.89984422e-01
mcs_ul_bin_edges: 0. , 0.7, 1.4, 2.1, 2.8, 3.5, 4.2, 4.9, 5.6, 6.3, 7. , 7.7, 8.4, 9.1, 9.8,10.5,11.2,11.9,12.6,13.3,14. ,14.7,15.4,16.1,16.8,17.5,18.2,18.9,19.6,20.3,21. ,21.7,22.4,23.1,23.8,24.5,25.2,25.9,26.6,27.3,28. 
mcs_dl:3.22403026e-01,2.07494354e-02,5.00969990e-02,0.00000000e+00,4.56070439e-02,6.00122570e-02,0.00000000e+00,4.67414969e-02,3.52398262e-02,0.00000000e+00,2.43251139e-02,1.91290944e-02,1.93569493e-04,0.00000000e+00,1.03047184e-02,1.07793565e-02,0.00000000e+00,1.62728730e-02,1.11341744e-02,0.00000000e+00,6.56850574e-03,4.67120329e-03,0.00000000e+00,0.00000000e+00,4.00424567e-03,7.65617344e-03,0.00000000e+00,9.30437124e-03,1.68994739e-02,0.00000000e+00,2.97345241e-02,2.04060459e-02,1.26329094e-02,0.00000000e+00,1.96419464e-02,1.88928468e-02,0.00000000e+00,1.34112945e-02,2.04833666e-02,5.71275537e-01
mcs_dl_bin_edges: 0. , 0.7, 1.4, 2.1, 2.8, 3.5, 4.2, 4.9, 5.6, 6.3, 7. , 7.7, 8.4, 9.1, 9.8,10.5,11.2,11.9,12.6,13.3,14. ,14.7,15.4,16.1,16.8,17.5,18.2,18.9,19.6,20.3,21. ,21.7,22.4,23.1,23.8,24.5,25.2,25.9,26.6,27.3,28. 
eff_ul:2.93341459,0.32105336,0.15520502,0.03605806,0.04313141,0.03497878,0.05832948,0.11232835,0.11641231,0.06780532,0.06839221,0.        ,0.09066813,0.10604173,0.        ,0.08999932,0.        ,0.10634058,0.14190085,0.13068773,0.        ,0.12613839,0.        ,0.15196539,0.        ,0.11560038,0.        ,0.        ,0.10987455,0.        ,0.21224458,0.        ,0.07930648,0.        ,0.0843509 ,0.        ,0.15927998,0.        ,0.08796049,1.46177359
eff_ul_bin_edges:0.        ,0.13886493,0.27772987,0.41659481,0.55545974,0.69432467,0.83318961,0.97205454,1.11091948,1.24978441,1.38864935,1.52751428,1.66637922,1.80524416,1.94410909,2.08297402,2.22183896,2.36070389,2.49956883,2.63843376,2.7772987 ,2.91616363,3.05502857,3.1938935 ,3.33275844,3.47162338,3.61048831,3.74935325,3.88821818,4.02708311,4.16594805,4.30481298,4.44367792,4.58254285,4.72140779,4.86027272,4.99913766,5.13800259,5.27686753,5.41573246,5.5545974 
eff_dl:1.27819417,0.34699738,0.35712762,0.22989915,0.30251395,0.23561778,0.17763936,0.12261972,0.09642727,0.0529205 ,0.05433733,0.        ,0.08202943,0.05612592,0.        ,0.03311098,0.        ,0.02354693,0.02018488,0.03859377,0.        ,0.04690212,0.        ,0.08518804,0.        ,0.14988785,0.        ,0.        ,0.10286421,0.        ,0.06368085,0.        ,0.09901249,0.        ,0.09523637,0.        ,0.06760458,0.        ,0.10325398,2.87972537
eff_dl_bin_edges:0.        ,0.13886493,0.27772987,0.41659481,0.55545974,0.69432467,0.83318961,0.97205454,1.11091948,1.24978441,1.38864935,1.52751428,1.66637922,1.80524416,1.94410909,2.08297402,2.22183896,2.36070389,2.49956883,2.63843376,2.7772987 ,2.91616363,3.05502857,3.1938935 ,3.33275844,3.47162338,3.61048831,3.74935325,3.88821818,4.02708311,4.16594805,4.30481298,4.44367792,4.58254285,4.72140779,4.86027272,4.99913766,5.13800259,5.27686753,5.41573246,5.5545974 
rul: 0., 0., 0., 0., 0., 0., 0., 0., 0., 0., 0., 0., 0., 0., 0., 0., 0., 0., 0., 0.,40., 0., 0., 0., 0., 0., 0., 0., 0., 0., 0., 0., 0., 0., 0., 0., 0., 0., 0., 0.
rul_bin_edges:-0.5  ,-0.475,-0.45 ,-0.425,-0.4  ,-0.375,-0.35 ,-0.325,-0.3  ,-0.275,-0.25 ,-0.225,-0.2  ,-0.175,-0.15 ,-0.125,-0.1  ,-0.075,-0.05 ,-0.025, 0.   , 0.025, 0.05 , 0.075, 0.1  , 0.125, 0.15 , 0.175, 0.2  , 0.225, 0.25 , 0.275, 0.3  , 0.325, 0.35 , 0.375, 0.4  , 0.425, 0.45 , 0.475, 0.5  
rdl:1.97362487e-01,0.00000000e+00,0.00000000e+00,0.00000000e+00,0.00000000e+00,0.00000000e+00,0.00000000e+00,1.52560957e-03,0.00000000e+00,0.00000000e+00,0.00000000e+00,0.00000000e+00,0.00000000e+00,0.00000000e+00,0.00000000e+00,4.77983463e-04,0.00000000e+00,0.00000000e+00,0.00000000e+00,0.00000000e+00,0.00000000e+00,0.00000000e+00,0.00000000e+00,3.06527455e-06,0.00000000e+00,0.00000000e+00,0.00000000e+00,0.00000000e+00,0.00000000e+00,0.00000000e+00,0.00000000e+00,2.49209313e-07,0.00000000e+00,0.00000000e+00,0.00000000e+00,0.00000000e+00,0.00000000e+00,0.00000000e+00,0.00000000e+00,4.98418627e-08
rdl_bin_edges:  0.        ,  5.01581375, 10.0316275 , 15.04744125, 20.063255  , 25.07906875, 30.0948825 , 35.11069625, 40.12651   , 45.14232375, 50.1581375 , 55.17395125, 60.189765  , 65.20557875, 70.2213925 , 75.23720625, 80.25302   , 85.26883375, 90.2846475 , 95.30046125,100.316275  ,105.33208875,110.3479025 ,115.36371625,120.37953   ,125.39534375,130.4111575 ,135.42697125,140.442785  ,145.45859875,150.4744125 ,155.49022625,160.50604   ,165.52185375,170.5376675 ,175.55348125,180.569295  ,185.58510875,190.6009225 ,195.61673625,200.63255   
lul: 0., 0., 0., 0., 0., 0., 0., 0., 0., 0., 0., 0., 0., 0., 0., 0., 0., 0., 0., 0.,40., 0., 0., 0., 0., 0., 0., 0., 0., 0., 0., 0., 0., 0., 0., 0., 0., 0., 0., 0.
lul_bin_edges:-0.5  ,-0.475,-0.45 ,-0.425,-0.4  ,-0.375,-0.35 ,-0.325,-0.3  ,-0.275,-0.25 ,-0.225,-0.2  ,-0.175,-0.15 ,-0.125,-0.1  ,-0.075,-0.05 ,-0.025, 0.   , 0.025, 0.05 , 0.075, 0.1  , 0.125, 0.15 , 0.175, 0.2  , 0.225, 0.25 , 0.275, 0.3  , 0.325, 0.35 , 0.375, 0.4  , 0.425, 0.45 , 0.475, 0.5  
ldl:7.40174325e+03,0.00000000e+00,0.00000000e+00,0.00000000e+00,0.00000000e+00,0.00000000e+00,0.00000000e+00,0.00000000e+00,0.00000000e+00,0.00000000e+00,0.00000000e+00,0.00000000e+00,0.00000000e+00,0.00000000e+00,0.00000000e+00,0.00000000e+00,0.00000000e+00,0.00000000e+00,0.00000000e+00,0.00000000e+00,0.00000000e+00,0.00000000e+00,4.64270994e+01,3.06554376e-01,6.50493431e-01,4.90673925e-01,1.72932183e+01,9.25270829e-02,2.16831144e-01,9.42000473e+00,1.16827125e-01,1.29911763e-01,3.45808290e-02,1.86923400e-03,1.86923400e-03,7.00962749e-02,5.60770199e-03,9.34616999e-04,9.34616999e-04,7.47693599e-03
ldl_bin_edges:0.        ,0.00013374,0.00026749,0.00040123,0.00053497,0.00066872,0.00080246,0.0009362 ,0.00106995,0.00120369,0.00133743,0.00147118,0.00160492,0.00173866,0.00187241,0.00200615,0.00213989,0.00227364,0.00240738,0.00254112,0.00267487,0.00280861,0.00294235,0.0030761 ,0.00320984,0.00334358,0.00347733,0.00361107,0.00374481,0.00387856,0.0040123 ,0.00414604,0.00427979,0.00441353,0.00454727,0.00468102,0.00481476,0.0049485 ,0.00508224,0.00521599,0.00534973
ilul: 0., 0., 0., 0., 0., 0., 0., 0., 0., 0., 0., 0., 0., 0., 0., 0., 0., 0., 0., 0.,40., 0., 0., 0., 0., 0., 0., 0., 0., 0., 0., 0., 0., 0., 0., 0., 0., 0., 0., 0.
ilul_bin_edges:-0.5  ,-0.475,-0.45 ,-0.425,-0.4  ,-0.375,-0.35 ,-0.325,-0.3  ,-0.275,-0.25 ,-0.225,-0.2  ,-0.175,-0.15 ,-0.125,-0.1  ,-0.075,-0.05 ,-0.025, 0.   , 0.025, 0.05 , 0.075, 0.1  , 0.125, 0.15 , 0.175, 0.2  , 0.225, 0.25 , 0.275, 0.3  , 0.325, 0.35 , 0.375, 0.4  , 0.425, 0.45 , 0.475, 0.5  
ildl:1.21764588e+02,1.53751844e-04,1.84502213e-04,1.69127028e-04,1.84502213e-04,1.38376660e-04,1.69127028e-04,1.38376660e-04,1.84502213e-04,1.38376660e-04,1.53751844e-04,1.69127028e-04,1.53751844e-04,1.84502213e-04,1.53751844e-04,1.69127028e-04,1.53751844e-04,1.53751844e-04,1.53751844e-04,1.53751844e-04,1.53751844e-04,1.84502213e-04,1.53751844e-04,1.53751844e-04,1.53751844e-04,1.84502213e-04,1.53751844e-04,1.69127028e-04,1.84502213e-04,1.84502213e-04,1.53751844e-04,1.38376660e-04,7.06797226e-02,1.61670064e-01,1.67189755e-01,1.74031712e-01,1.72386567e-01,1.75031099e-01,1.85916730e-01,1.26184138e-01
ildl_bin_edges:0.        ,0.0081299 ,0.0162598 ,0.02438971,0.03251961,0.04064951,0.04877941,0.05690932,0.06503922,0.07316912,0.08129902,0.08942893,0.09755883,0.10568873,0.11381863,0.12194854,0.13007844,0.13820834,0.14633824,0.15446815,0.16259805,0.17072795,0.17885785,0.18698776,0.19511766,0.20324756,0.21137746,0.21950737,0.22763727,0.23576717,0.24389707,0.25202698,0.26015688,0.26828678,0.27641668,0.28454659,0.29267649,0.30080639,0.30893629,0.3170662 ,0.3251961 
eul: 0., 0., 0., 0., 0., 0., 0., 0., 0., 0., 0., 0., 0., 0., 0., 0., 0., 0., 0., 0.,40., 0., 0., 0., 0., 0., 0., 0., 0., 0., 0., 0., 0., 0., 0., 0., 0., 0., 0., 0.
eul_bin_edges:-0.5  ,-0.475,-0.45 ,-0.425,-0.4  ,-0.375,-0.35 ,-0.325,-0.3  ,-0.275,-0.25 ,-0.225,-0.2  ,-0.175,-0.15 ,-0.125,-0.1  ,-0.075,-0.05 ,-0.025, 0.   , 0.025, 0.05 , 0.075, 0.1  , 0.125, 0.15 , 0.175, 0.2  , 0.225, 0.25 , 0.275, 0.3  , 0.325, 0.35 , 0.375, 0.4  , 0.425, 0.45 , 0.475, 0.5  
edl:6.40551196e-04,0.00000000e+00,0.00000000e+00,5.64828649e-05,5.98547407e-04,3.41343246e-04,8.16404250e-05,1.26511097e-04,2.21604833e-04,1.78825145e-04,1.02280987e-01,1.00511883e-04,1.46105851e-05,1.57021049e-05,1.15069865e-05,6.27295147e-06,8.39023698e-06,9.42915347e-06,2.48116930e-04,5.12619808e-05,7.31186796e-06,5.22088414e-06,0.00000000e+00,2.10413467e-06,2.10413467e-06,1.05206733e-06,2.09098382e-06,2.09098382e-06,7.32107355e-05,7.53148702e-05,4.18196765e-06,4.19511849e-06,1.05206733e-06,2.09098382e-06,0.00000000e+00,0.00000000e+00,1.05206733e-06,0.00000000e+00,1.05206733e-06,3.13647574e-05
edl_bin_edges:  0.   ,  9.505, 19.01 , 28.515, 38.02 , 47.525, 57.03 , 66.535, 76.04 , 85.545, 95.05 ,104.555,114.06 ,123.565,133.07 ,142.575,152.08 ,161.585,171.09 ,180.595,190.1  ,199.605,209.11 ,218.615,228.12 ,237.625,247.13 ,256.635,266.14 ,275.645,285.15 ,294.655,304.16 ,313.665,323.17 ,332.675,342.18 ,351.685,361.19 ,370.695,380.2  
gul: 0., 0., 0., 0., 0., 0., 0., 0., 0., 0., 0., 0., 0., 0., 0., 0., 0., 0., 0., 0.,40., 0., 0., 0., 0., 0., 0., 0., 0., 0., 0., 0., 0., 0., 0., 0., 0., 0., 0., 0.
gul_bin_edges:-0.5  ,-0.475,-0.45 ,-0.425,-0.4  ,-0.375,-0.35 ,-0.325,-0.3  ,-0.275,-0.25 ,-0.225,-0.2  ,-0.175,-0.15 ,-0.125,-0.1  ,-0.075,-0.05 ,-0.025, 0.   , 0.025, 0.05 , 0.075, 0.1  , 0.125, 0.15 , 0.175, 0.2  , 0.225, 0.25 , 0.275, 0.3  , 0.325, 0.35 , 0.375, 0.4  , 0.425, 0.45 , 0.475, 0.5  
gdl:1.04734622e-01,0.00000000e+00,0.00000000e+00,3.16119073e-07,3.20070561e-06,2.73969863e-06,4.08320469e-07,2.89775817e-06,1.44887908e-06,2.10746048e-06,6.19553868e-04,1.55425211e-06,1.17227489e-06,7.90297682e-08,6.58581402e-08,3.95148841e-08,2.63432561e-08,3.95148841e-08,1.22496141e-06,1.34350606e-06,5.26865121e-08,3.95148841e-08,0.00000000e+00,0.00000000e+00,0.00000000e+00,0.00000000e+00,1.31716280e-08,1.31716280e-08,3.55633957e-07,5.13693493e-07,2.63432561e-08,1.31716280e-08,0.00000000e+00,1.31716280e-08,0.00000000e+00,0.00000000e+00,0.00000000e+00,0.00000000e+00,0.00000000e+00,1.97574420e-07
gdl_bin_edges:  0.  ,  9.49, 18.98, 28.47, 37.96, 47.45, 56.94, 66.43, 75.92, 85.41, 94.9 ,104.39,113.88,123.37,132.86,142.35,151.84,161.33,170.82,180.31,189.8 ,199.29,208.78,218.27,227.76,237.25,246.74,256.23,265.72,275.21,284.7 ,294.19,303.68,313.17,322.66,332.15,341.64,351.13,360.62,370.11,379.6 
ri: 0., 0., 0., 0., 0., 0., 0., 0., 0., 0., 0., 0., 0., 0., 0., 0., 0., 0., 0., 0.,40., 0., 0., 0., 0., 0., 0., 0., 0., 0., 0., 0., 0., 0., 0., 0., 0., 0., 0., 0.
ri_bin_edges:0.5  ,0.525,0.55 ,0.575,0.6  ,0.625,0.65 ,0.675,0.7  ,0.725,0.75 ,0.775,0.8  ,0.825,0.85 ,0.875,0.9  ,0.925,0.95 ,0.975,1.   ,1.025,1.05 ,1.075,1.1  ,1.125,1.15 ,1.175,1.2  ,1.225,1.25 ,1.275,1.3  ,1.325,1.35 ,1.375,1.4  ,1.425,1.45 ,1.475,1.5  
