period:1
ue_log_freq:1000
mac_log_freq:1000
mimo_layers:2
frequency:2412000000.0
bandwidth:50000000
ue_speed:5.555555555555555
max_distance:1000
shannon_cfg_bandwidth_mhz:50.0
shannon_cfg_mimo_layers:2
shannon_cfg_bw_efficiency:0.67
shannon_cfg_sinr_offset_db:0
shannon_cfg_ul_divisor:2
shannon_cfg_sinr_sample_rate:1000
n_ue:3
sinr_period:9.463597741343282
sinr_rate:105.66805852612856
ul_fairness:0.9996973588535389
dl_fairness:0.9983510546643068
ul_agg_throughput:1.703471278995182
dl_agg_throughput:1.5018427592912782
ul_ave_throughput:0.5678237596650607
dl_ave_throughput:0.5006142530970927
ul_se:0.03406942557990364
dl_se:0.030036855185825564
ul_ase:1.0844634978686255e-08
dl_ase:9.561027955519138e-09
ul_gr:0.09999908015607843, 0.09999908015607843, 0.19999816000102003
dl_gr:0.09999908015607843, 0.09999908015607843, 0.19999816000102003
ul_tr:0.05612538595164048, 0.059846318821391783, 0.12417094828541717
dl_tr:0.09998888941343585, 0.09398602907353926, 0.19997784082759174
ul_er:0.0, 0.0, 0.0
dl_er:0.0, 0.0, 0.0
ul_er_ratio:0.0, 0.0, 0.0
dl_er_ratio:0.0, 0.0, 0.0
ul_er_perc:0.0, 0.0, 0.0
dl_er_perc:0.0, 0.0, 0.0
ul_l:0.00386112812495375, 0.00414372540505595, 0.004177777547639525
dl_l:0.007326647020739792, 0.007563193750467493, 0.00796438307682923
ul_il:0.004353054035884641, 0.004726137307206928, 0.005529267329016711
dl_il:0.008947766027809721, 0.007859338959025408, 0.008747576785482145
sinr_ul:0.00474568,0.00815124,0.00450325,0.00322714,0.0098288 ,0.01492551,0.01709568,0.0256891 ,0.03129392,0.04204587,0.05898446,0.06995363,0.03082459,0.01792768,0.00985402,0.00663852,0.00605282,0.00639027,0.00693718,0.00275975,0.0017086 ,0.00171054,0.02252596,0.01868986,0.01963046,0.03846383,0.01414782,0.01063947,0.01768525,0.01569157,0.00389041,0.00714663,0.00687512,0.00383029,0.00272678,0.00673549,0.00376435,0.00267441,0.00285865,0.00259684
sinr_ul_bin_edges:-18.64098  ,-16.9222395,-15.203499 ,-13.4847585,-11.766018 ,-10.0472775, -8.328537 , -6.6097965, -4.891056 , -3.1723155, -1.453575 ,  0.2651655,  1.983906 ,  3.7026465,  5.421387 ,  7.1401275,  8.858868 , 10.5776085, 12.296349 , 14.0150895, 15.73383  , 17.4525705, 19.171311 , 20.8900515, 22.608792 , 24.3275325, 26.046273 , 27.7650135, 29.483754 , 31.2024945, 32.921235 , 34.6399755, 36.358716 , 38.0774565, 39.796197 , 41.5149375, 43.233678 , 44.9524185, 46.671159 , 48.3898995, 50.10864  
sinr_dl:0.00487   ,0.00817167,0.00440222,0.00322597,0.00975554,0.0148934 ,0.01710616,0.02558451,0.03121539,0.04210836,0.05866328,0.07067233,0.03058068,0.01806308,0.00992829,0.00666933,0.00604626,0.00638788,0.00693524,0.00283776,0.00171197,0.00170421,0.02229837,0.01874438,0.01956542,0.03845926,0.01422569,0.01051253,0.01750989,0.01623464,0.00388591,0.00699347,0.00702841,0.00386844,0.00272713,0.0065781 ,0.00392861,0.00267472,0.00285329,0.0026883 
sinr_dl_bin_edges:-9.51329 ,-7.795992,-6.078694,-4.361396,-2.644098,-0.9268  , 0.790498, 2.507796, 4.225094, 5.942392, 7.65969 , 9.376988,11.094286,12.811584,14.528882,16.24618 ,17.963478,19.680776,21.398074,23.115372,24.83267 ,26.549968,28.267266,29.984564,31.701862,33.41916 ,35.136458,36.853756,38.571054,40.288352,42.00565 ,43.722948,45.440246,47.157544,48.874842,50.59214 ,52.309438,54.026736,55.744034,57.461332,59.17863 
rsrp_ul:0.00493023,0.00818469,0.00435157,0.00322533,0.00971288,0.0148839 ,0.01710531,0.02553273,0.03118919,0.04217007,0.05845012,0.07084851,0.03065325,0.01812864,0.00997114,0.00667785,0.00604482,0.00638075,0.00693999,0.00287775,0.00171073,0.00170878,0.02205302,0.01884517,0.01959082,0.0384554 ,0.01426252,0.01044494,0.01742571,0.01649753,0.00388748,0.00691863,0.0071031 ,0.00388942,0.00272435,0.00615162,0.0043574 ,0.0026758 ,0.00285056,0.00273405
rsrp_ul_bin_edges:-134.15652   ,-132.43991665,-130.7233133 ,-129.00670995,-127.2901066 ,-125.57350325,-123.8568999 ,-122.14029655,-120.4236932 ,-118.70708985,-116.9904865 ,-115.27388315,-113.5572798 ,-111.84067645,-110.1240731 ,-108.40746975,-106.6908664 ,-104.97426305,-103.2576597 ,-101.54105635, -99.824453  , -98.10784965, -96.3912463 , -94.67464295, -92.9580396 , -91.24143625, -89.5248329 , -87.80822955, -86.0916262 , -84.37502285, -82.6584195 , -80.94181615, -79.2252128 , -77.50860945, -75.7920061 , -74.07540275, -72.3587994 , -70.64219605, -68.9255927 , -67.20898935, -65.492386  
rsrp_dl:0.00493023,0.00818469,0.00435157,0.00322533,0.00971288,0.01488389,0.01710531,0.02553272,0.03118919,0.04217006,0.05845011,0.0708485 ,0.03065325,0.01812864,0.00997114,0.00667785,0.00604482,0.00638075,0.00693999,0.00287775,0.00170878,0.00171073,0.02205302,0.01884517,0.01959082,0.0384554 ,0.01426252,0.01044494,0.01742571,0.01649753,0.00388748,0.00691863,0.0071031 ,0.00388942,0.00272434,0.00615162,0.0043574 ,0.0026758 ,0.00285056,0.00273405
rsrp_dl_bin_edges:-127.166824  ,-125.45022055,-123.7336171 ,-122.01701365,-120.3004102 ,-118.58380675,-116.8672033 ,-115.15059985,-113.4339964 ,-111.71739295,-110.0007895 ,-108.28418605,-106.5675826 ,-104.85097915,-103.1343757 ,-101.41777225, -99.7011688 , -97.98456535, -96.2679619 , -94.55135845, -92.834755  , -91.11815155, -89.4015481 , -87.68494465, -85.9683412 , -84.25173775, -82.5351343 , -80.81853085, -79.1019274 , -77.38532395, -75.6687205 , -73.95211705, -72.2355136 , -70.51891015, -68.8023067 , -67.08570325, -65.3690998 , -63.65249635, -61.9358929 , -60.21928945, -58.502686  
cqi_ul:1.41938136,0.        ,0.18350928,0.        ,0.        ,0.07442592,0.        ,0.        ,0.05122615,0.        ,0.00871991,0.        ,0.        ,0.0087288 ,0.        ,0.        ,0.02575974,0.        ,0.1393675 ,0.        ,0.        ,0.10007011,0.        ,0.        ,0.18712702,0.        ,0.0703993 ,0.        ,0.        ,0.03780407,0.        ,0.        ,0.09169686,0.        ,0.0749237 ,0.        ,0.        ,0.0154754 ,0.        ,0.17805155
cqi_ul_bin_edges: 0.   , 0.375, 0.75 , 1.125, 1.5  , 1.875, 2.25 , 2.625, 3.   , 3.375, 3.75 , 4.125, 4.5  , 4.875, 5.25 , 5.625, 6.   , 6.375, 6.75 , 7.125, 7.5  , 7.875, 8.25 , 8.625, 9.   , 9.375, 9.75 ,10.125,10.5  ,10.875,11.25 ,11.625,12.   ,12.375,12.75 ,13.125,13.5  ,13.875,14.25 ,14.625,15.   
cqi_dl:0.31313465,0.        ,0.39576493,0.        ,0.        ,0.68057097,0.        ,0.        ,0.1834915 ,0.        ,0.04082626,0.        ,0.        ,0.0306308 ,0.        ,0.        ,0.0189687 ,0.        ,0.03593742,0.        ,0.        ,0.02834638,0.        ,0.        ,0.00902213,0.        ,0.00842658,0.        ,0.        ,0.0231731 ,0.        ,0.        ,0.14356301,0.        ,0.10815003,0.        ,0.        ,0.1653939 ,0.        ,0.4812663 
cqi_dl_bin_edges: 0.   , 0.375, 0.75 , 1.125, 1.5  , 1.875, 2.25 , 2.625, 3.   , 3.375, 3.75 , 4.125, 4.5  , 4.875, 5.25 , 5.625, 6.   , 6.375, 6.75 , 7.125, 7.5  , 7.875, 8.25 , 8.625, 9.   , 9.375, 9.75 ,10.125,10.5  ,10.875,11.25 ,11.625,12.   ,12.375,12.75 ,13.125,13.5  ,13.875,14.25 ,14.625,15.   
mcs_ul:0.85869141,0.02164264,0.01822839,0.        ,0.01757601,0.00986657,0.        ,0.00241426,0.00225712,0.        ,0.00239998,0.00227617,0.00146665,0.        ,0.01233321,0.04906618,0.        ,0.02559498,0.02111407,0.        ,0.03249491,0.04412337,0.05612325,0.        ,0.01992837,0.01778554,0.        ,0.01199988,0.0082523 ,0.        ,0.02058075,0.02854257,0.01247607,0.        ,0.02766163,0.00415234,0.        ,0.00413805,0.        ,0.09538476
mcs_ul_bin_edges: 0. , 0.7, 1.4, 2.1, 2.8, 3.5, 4.2, 4.9, 5.6, 6.3, 7. , 7.7, 8.4, 9.1, 9.8,10.5,11.2,11.9,12.6,13.3,14. ,14.7,15.4,16.1,16.8,17.5,18.2,18.9,19.6,20.3,21. ,21.7,22.4,23.1,23.8,24.5,25.2,25.9,26.6,27.3,28. 
mcs_dl:0.37976763,0.19162189,0.1729697 ,0.        ,0.06688981,0.03140921,0.        ,0.01161417,0.01025704,0.        ,0.00836658,0.00804278,0.00519042,0.        ,0.00497138,0.00941895,0.        ,0.00983324,0.00941895,0.        ,0.00576661,0.00242855,0.00240474,0.        ,0.00224283,0.00227141,0.        ,0.00163808,0.01075227,0.        ,0.05070902,0.02622355,0.02449976,0.        ,0.03343776,0.03682344,0.        ,0.05178043,0.        ,0.25782123
mcs_dl_bin_edges: 0. , 0.7, 1.4, 2.1, 2.8, 3.5, 4.2, 4.9, 5.6, 6.3, 7. , 7.7, 8.4, 9.1, 9.8,10.5,11.2,11.9,12.6,13.3,14. ,14.7,15.4,16.1,16.8,17.5,18.2,18.9,19.6,20.3,21. ,21.7,22.4,23.1,23.8,24.5,25.2,25.9,26.6,27.3,28. 
eff_ul:2.87467663,0.3716618 ,0.0818214 ,0.0689136 ,0.06644726,0.        ,0.0373012 ,0.00912727,0.        ,0.00853319,0.00907326,0.0086052 ,0.00554477,0.0466265 ,0.18549785,0.        ,0.09676349,0.07982312,0.        ,0.12284912,0.        ,0.16681125,0.21217757,0.        ,0.0753405 ,0.        ,0.06723937,0.04536632,0.03119835,0.07780684,0.        ,0.10790704,0.        ,0.04716657,0.        ,0.10457657,0.        ,0.01569819,0.01564418,0.36060826
eff_ul_bin_edges:0.        ,0.18515752,0.37031505,0.55547258,0.7406301 ,0.92578762,1.11094515,1.29610267,1.4812602 ,1.66641772,1.85157525,2.03673277,2.2218903 ,2.40704782,2.59220535,2.77736287,2.9625204 ,3.14767792,3.33283545,3.51799297,3.7031505 ,3.88830802,4.07346555,4.25862308,4.4437806 ,4.62893812,4.81409565,4.99925317,5.1844107 ,5.36956823,5.55472575,5.73988327,5.9250408 ,6.11019832,6.29535585,6.48051337,6.6656709 ,6.85082842,7.03598595,7.22114347,7.406301  
eff_dl:0.63419239,0.80154371,0.72443896,0.65392313,0.25288124,0.        ,0.11874455,0.04390812,0.        ,0.0387774 ,0.03163041,0.03040624,0.01962273,0.01879462,0.03560896,0.        ,0.03717518,0.03560896,0.        ,0.02180104,0.        ,0.00918128,0.00909127,0.        ,0.00847918,0.        ,0.0085872 ,0.00619286,0.04064967,0.19170872,0.        ,0.09913982,0.        ,0.09262291,0.        ,0.12641362,0.        ,0.1392134 ,0.19575928,0.97470984
eff_dl_bin_edges:0.        ,0.18515752,0.37031505,0.55547258,0.7406301 ,0.92578762,1.11094515,1.29610267,1.4812602 ,1.66641772,1.85157525,2.03673277,2.2218903 ,2.40704782,2.59220535,2.77736287,2.9625204 ,3.14767792,3.33283545,3.51799297,3.7031505 ,3.88830802,4.07346555,4.25862308,4.4437806 ,4.62893812,4.81409565,4.99925317,5.1844107 ,5.36956823,5.55472575,5.73988327,5.9250408 ,6.11019832,6.29535585,6.48051337,6.6656709 ,6.85082842,7.03598595,7.22114347,7.406301  
rul:8.62041563e-01,2.87518741e-06,0.00000000e+00,0.00000000e+00,0.00000000e+00,0.00000000e+00,5.75037481e-06,0.00000000e+00,5.75037481e-06,5.75037481e-06,0.00000000e+00,2.87518741e-06,2.87518741e-06,2.87518741e-06,0.00000000e+00,2.87518741e-06,2.87518741e-06,0.00000000e+00,0.00000000e+00,3.45022489e-04,2.87518741e-06,0.00000000e+00,0.00000000e+00,0.00000000e+00,0.00000000e+00,0.00000000e+00,0.00000000e+00,0.00000000e+00,0.00000000e+00,0.00000000e+00,0.00000000e+00,0.00000000e+00,0.00000000e+00,0.00000000e+00,0.00000000e+00,0.00000000e+00,0.00000000e+00,0.00000000e+00,0.00000000e+00,1.40884183e-04
rul_bin_edges: 0.        , 1.15933313, 2.31866625, 3.47799938, 4.6373325 , 5.79666563, 6.95599875, 8.11533188, 9.274665  ,10.43399813,11.59333125,12.75266438,13.9119975 ,15.07133063,16.23066375,17.38999688,18.54933   ,19.70866313,20.86799625,22.02732938,23.1866625 ,24.34599563,25.50532875,26.66466188,27.823995  ,28.98332813,30.14266125,31.30199438,32.4613275 ,33.62066062,34.77999375,35.93932687,37.09866   ,38.25799313,39.41732625,40.57665938,41.7359925 ,42.89532563,44.05465875,45.21399188,46.373325  
rdl:9.22321728e-01,3.07581038e-06,0.00000000e+00,3.07581038e-06,0.00000000e+00,0.00000000e+00,0.00000000e+00,6.15162076e-06,0.00000000e+00,3.07581038e-06,6.15162076e-06,3.07581038e-06,3.07581038e-06,3.07581038e-06,0.00000000e+00,3.07581038e-06,0.00000000e+00,0.00000000e+00,3.07581038e-06,2.73747124e-04,0.00000000e+00,0.00000000e+00,0.00000000e+00,0.00000000e+00,0.00000000e+00,0.00000000e+00,0.00000000e+00,0.00000000e+00,0.00000000e+00,0.00000000e+00,0.00000000e+00,0.00000000e+00,0.00000000e+00,6.15162076e-06,0.00000000e+00,0.00000000e+00,0.00000000e+00,0.00000000e+00,0.00000000e+00,1.13804984e-04
rdl_bin_edges: 0.       , 1.0837144, 2.1674288, 3.2511432, 4.3348576, 5.418572 , 6.5022864, 7.5860008, 8.6697152, 9.7534296,10.837144 ,11.9208584,13.0045728,14.0882872,15.1720016,16.255716 ,17.3394304,18.4231448,19.5068592,20.5905736,21.674288 ,22.7580024,23.8417168,24.9254312,26.0091456,27.09286  ,28.1765744,29.2602888,30.3440032,31.4277176,32.511432 ,33.5951464,34.6788608,35.7625752,36.8462896,37.930004 ,39.0137184,40.0974328,41.1811472,42.2648616,43.348576 
lul:2188.71874862,   0.        ,   0.        ,   0.        ,   0.        ,   0.        ,   0.        ,   0.        ,   0.        ,   0.        ,   0.        ,   0.        ,   0.        ,   0.        ,   0.        ,   0.        ,   0.        ,   0.        ,   0.        ,   0.        ,   0.        ,   0.        ,   0.        ,   0.        ,   0.        ,   0.        ,   0.        ,   0.        ,   0.        ,   0.        ,   0.        ,   0.        ,   0.        ,   0.        ,   0.        , 457.89674762, 193.00352689, 258.71930516, 154.14487842, 330.09550119
lul_bin_edges:0.        ,0.00027913,0.00055826,0.00083739,0.00111651,0.00139564,0.00167477,0.0019539 ,0.00223303,0.00251216,0.00279129,0.00307041,0.00334954,0.00362867,0.0039078 ,0.00418693,0.00446606,0.00474519,0.00502431,0.00530344,0.00558257,0.0058617 ,0.00614083,0.00641996,0.00669909,0.00697821,0.00725734,0.00753647,0.0078156 ,0.00809473,0.00837386,0.00865299,0.00893211,0.00921124,0.00949037,0.0097695 ,0.01004863,0.01032776,0.01060688,0.01088601,0.01116514
ldl:957.44631118,  0.        ,  0.        ,  0.        ,  0.        ,  0.        ,  0.        ,  0.        ,  0.        ,  0.        ,  0.        ,  0.        ,  0.        ,  0.        ,  0.        ,  0.        ,  0.        ,  0.        ,  0.        ,  0.        ,  0.        ,  0.        ,  0.        ,  0.        ,  0.        ,  0.        ,  0.        ,  0.        ,  0.        ,  0.        ,  0.        ,  0.        ,  0.        ,  0.        ,  0.        ,995.56194882,259.13413896,531.79203357,398.04920796,416.9350141 
ldl_bin_edges:0.        ,0.00028098,0.00056197,0.00084295,0.00112394,0.00140492,0.00168591,0.00196689,0.00224787,0.00252886,0.00280984,0.00309083,0.00337181,0.00365279,0.00393378,0.00421476,0.00449575,0.00477673,0.00505772,0.0053387 ,0.00561968,0.00590067,0.00618165,0.00646264,0.00674362,0.00702461,0.00730559,0.00758657,0.00786756,0.00814854,0.00842953,0.00871051,0.0089915 ,0.00927248,0.00955346,0.00983445,0.01011543,0.01039642,0.0106774 ,0.01095838,0.01123937
ilul:1.14561352e+01,1.52833037e-04,3.43874333e-04,2.29249556e-04,2.29249556e-04,2.67457815e-04,2.29249556e-04,3.05666074e-04,2.29249556e-04,1.14624778e-04,3.82082593e-04,1.52833037e-04,1.14624778e-04,2.29249556e-04,1.91041296e-04,1.52833037e-04,2.29249556e-04,1.91041296e-04,1.52833037e-04,1.52833037e-04,1.14624778e-04,2.67457815e-04,7.64165185e-05,1.91041296e-04,2.29249556e-04,1.52833037e-04,1.14624778e-04,1.91041296e-04,1.52833037e-04,1.52833037e-04,3.82082593e-05,1.91041296e-04,7.64165185e-05,3.82082593e-05,1.14624778e-04,7.64165185e-05,7.64165185e-05,3.82082593e-05,7.64165185e-05,3.82082593e-05
ilul_bin_edges:0.       ,0.0872403,0.1744806,0.2617209,0.3489612,0.4362015,0.5234418,0.6106821,0.6979224,0.7851627,0.872403 ,0.9596433,1.0468836,1.1341239,1.2213642,1.3086045,1.3958448,1.4830851,1.5703254,1.6575657,1.744806 ,1.8320463,1.9192866,2.0065269,2.0937672,2.1810075,2.2682478,2.3554881,2.4427284,2.5299687,2.617209 ,2.7044493,2.7916896,2.8789299,2.9661702,3.0534105,3.1406508,3.2278911,3.3151314,3.4023717,3.489612 
ildl:4.69061293e+00,2.03337840e-04,1.87696467e-04,1.25130978e-04,9.38482337e-05,9.38482337e-05,9.38482337e-05,1.25130978e-04,7.82068614e-05,9.38482337e-05,4.69241168e-05,7.82068614e-05,6.25654891e-05,4.69241168e-05,7.82068614e-05,6.25654891e-05,4.69241168e-05,3.12827446e-05,4.69241168e-05,1.56413723e-05,1.56413723e-05,1.56413723e-05,1.56413723e-05,1.56413723e-05,0.00000000e+00,1.56413723e-05,1.56413723e-05,1.56413723e-05,0.00000000e+00,1.56413723e-05,0.00000000e+00,1.56413723e-05,1.56413723e-05,0.00000000e+00,1.56413723e-05,0.00000000e+00,1.56413723e-05,1.56413723e-05,1.56413723e-05,1.56413723e-05
ildl_bin_edges:0.       ,0.2131079,0.4262158,0.6393237,0.8524316,1.0655395,1.2786474,1.4917553,1.7048632,1.9179711,2.131079 ,2.3441869,2.5572948,2.7704027,2.9835106,3.1966185,3.4097264,3.6228343,3.8359422,4.0490501,4.262158 ,4.4752659,4.6883738,4.9014817,5.1145896,5.3276975,5.5408054,5.7539133,5.9670212,6.1801291,6.393237 ,6.6063449,6.8194528,7.0325607,7.2456686,7.4587765,7.6718844,7.8849923,8.0981002,8.3112081,8.524316 
eul: 0., 0., 0., 0., 0., 0., 0., 0., 0., 0., 0., 0., 0., 0., 0., 0., 0., 0., 0., 0.,40., 0., 0., 0., 0., 0., 0., 0., 0., 0., 0., 0., 0., 0., 0., 0., 0., 0., 0., 0.
eul_bin_edges:-0.5  ,-0.475,-0.45 ,-0.425,-0.4  ,-0.375,-0.35 ,-0.325,-0.3  ,-0.275,-0.25 ,-0.225,-0.2  ,-0.175,-0.15 ,-0.125,-0.1  ,-0.075,-0.05 ,-0.025, 0.   , 0.025, 0.05 , 0.075, 0.1  , 0.125, 0.15 , 0.175, 0.2  , 0.225, 0.25 , 0.275, 0.3  , 0.325, 0.35 , 0.375, 0.4  , 0.425, 0.45 , 0.475, 0.5  
edl: 0., 0., 0., 0., 0., 0., 0., 0., 0., 0., 0., 0., 0., 0., 0., 0., 0., 0., 0., 0.,40., 0., 0., 0., 0., 0., 0., 0., 0., 0., 0., 0., 0., 0., 0., 0., 0., 0., 0., 0.
edl_bin_edges:-0.5  ,-0.475,-0.45 ,-0.425,-0.4  ,-0.375,-0.35 ,-0.325,-0.3  ,-0.275,-0.25 ,-0.225,-0.2  ,-0.175,-0.15 ,-0.125,-0.1  ,-0.075,-0.05 ,-0.025, 0.   , 0.025, 0.05 , 0.075, 0.1  , 0.125, 0.15 , 0.175, 0.2  , 0.225, 0.25 , 0.275, 0.3  , 0.325, 0.35 , 0.375, 0.4  , 0.425, 0.45 , 0.475, 0.5  
gul:1.12865695e-03,0.00000000e+00,2.25731390e-03,5.26706576e-03,5.64328474e-03,2.25731390e-03,6.01950373e-03,1.31676644e-02,9.81931545e-02,5.54132940e+00,7.40812799e+00,5.13034778e+01,1.01582888e+01,6.60264315e-01,3.08499566e-02,6.77194169e-03,2.37017959e-02,3.23548325e-02,2.06168003e-01,2.57296162e+00,2.49997514e+00,1.20465318e+00,2.40170674e+01,1.63429526e+00,1.90592537e+00,3.17227846e+00,2.87055084e-01,4.28889640e-02,1.05341315e-02,4.13840881e-03,3.76218983e-04,7.52437966e-04,1.88109491e-03,1.12865695e-03,7.52437966e-04,0.00000000e+00,1.88109491e-03,1.12865695e-03,3.76218983e-04,1.50487593e-03
gul_bin_edges:0.        ,0.00886   ,0.01772   ,0.02658   ,0.03544   ,0.0443    ,0.05316   ,0.06202   ,0.07088   ,0.07974   ,0.0886    ,0.09745999,0.10631999,0.11517999,0.12403999,0.13289999,0.14175999,0.15061999,0.15947999,0.16833999,0.17719999,0.18605999,0.19491999,0.20377999,0.21263999,0.22149999,0.23035999,0.23921999,0.24807999,0.25693999,0.26579999,0.27465998,0.28351998,0.29237998,0.30123998,0.31009998,0.31895998,0.32781998,0.33667998,0.34553998,0.35439998
gdl:1.12865695e-03,0.00000000e+00,2.25731390e-03,5.26706576e-03,5.64328474e-03,2.25731390e-03,6.01950373e-03,1.31676644e-02,9.81931545e-02,5.54132940e+00,7.40812799e+00,5.13034778e+01,1.01582888e+01,6.60264315e-01,3.08499566e-02,6.77194169e-03,2.37017959e-02,3.23548325e-02,2.06168003e-01,2.57296162e+00,2.49997514e+00,1.20465318e+00,2.40170674e+01,1.63429526e+00,1.90592537e+00,3.17227846e+00,2.87055084e-01,4.28889640e-02,1.05341315e-02,4.13840881e-03,3.76218983e-04,7.52437966e-04,1.88109491e-03,1.12865695e-03,7.52437966e-04,0.00000000e+00,1.88109491e-03,1.12865695e-03,3.76218983e-04,1.50487593e-03
gdl_bin_edges:0.        ,0.00886   ,0.01772   ,0.02658   ,0.03544   ,0.0443    ,0.05316   ,0.06202   ,0.07088   ,0.07974   ,0.0886    ,0.09745999,0.10631999,0.11517999,0.12403999,0.13289999,0.14175999,0.15061999,0.15947999,0.16833999,0.17719999,0.18605999,0.19491999,0.20377999,0.21263999,0.22149999,0.23035999,0.23921999,0.24807999,0.25693999,0.26579999,0.27465998,0.28351998,0.29237998,0.30123998,0.31009998,0.31895998,0.32781998,0.33667998,0.34553998,0.35439998
ri: 0., 0., 0., 0., 0., 0., 0., 0., 0., 0., 0., 0., 0., 0., 0., 0., 0., 0., 0., 0.,40., 0., 0., 0., 0., 0., 0., 0., 0., 0., 0., 0., 0., 0., 0., 0., 0., 0., 0., 0.
ri_bin_edges:0.5  ,0.525,0.55 ,0.575,0.6  ,0.625,0.65 ,0.675,0.7  ,0.725,0.75 ,0.775,0.8  ,0.825,0.85 ,0.875,0.9  ,0.925,0.95 ,0.975,1.   ,1.025,1.05 ,1.075,1.1  ,1.125,1.15 ,1.175,1.2  ,1.225,1.25 ,1.275,1.3  ,1.325,1.35 ,1.375,1.4  ,1.425,1.45 ,1.475,1.5  
