period:1.0
ue_log_freq:1000
mac_log_freq:1000
mimo_layers:1
frequency:28000000000.0
bandwidth:300000000.0
ue_speed:0.27778
max_distance:10.0
shannon_cfg_bandwidth_mhz:300.0
shannon_cfg_mimo_layers:1
shannon_cfg_bw_efficiency:0.67
shannon_cfg_sinr_offset_db:0.0
shannon_cfg_ul_divisor:2.0
shannon_cfg_sinr_sample_rate:1000
n_ue:1
sinr_period:16.304296531427745
sinr_rate:61.33352629304954
ul_fairness:1.0
dl_fairness:1.0
ul_agg_throughput:148.90102500578786
dl_agg_throughput:148.86536101610434
ul_ave_throughput:148.90102500578786
dl_ave_throughput:148.86536101610434
ul_se:0.49633675001929284
dl_se:0.4962178700536811
ul_ase:0.0015798889440747366
dl_ase:0.0015795105373915027
ul_gr:149.99834101658982
dl_gr:149.99834101658982
ul_tr:149.9935561197588
dl_tr:149.99409042810572
ul_er:0.0
dl_er:0.0
ul_er_ratio:0.0
dl_er_ratio:0.0
ul_er_perc:0.0
dl_er_perc:0.0
ul_l:0.002721149378529215
dl_l:0.002721168878736212
ul_il:0.0027211514561494383
dl_il:0.002721168878736212
sinr_ul:0.11059086,0.08523337,0.07126508,0.0630533 ,0.0590093 ,0.05552239,0.05440823,0.05473835,0.05428443,0.08865838,0.18645702,0.21158755,0.06924308,0.06705603,0.0464234 ,0.01825987,0.01838367,0.0184662 ,0.01865189,0.01881695,0.01943593,0.01978669,0.01999301,0.0203644 ,0.02083895,0.02168489,0.02236576,0.02294348,0.02385131,0.02447029,0.0252956 ,0.02634786,0.02692557,0.02832859,0.03059818,0.03453901,0.03934641,0.04799148,0.06311519,0.154951  
sinr_ul_bin_edges:51.22365  ,51.7083145,52.192979 ,52.6776435,53.162308 ,53.6469725,54.131637 ,54.6163015,55.100966 ,55.5856305,56.070295 ,56.5549595,57.039624 ,57.5242885,58.008953 ,58.4936175,58.978282 ,59.4629465,59.947611 ,60.4322755,60.91694  ,61.4016045,61.886269 ,62.3709335,62.855598 ,63.3402625,63.824927 ,64.3095915,64.794256 ,65.2789205,65.763585 ,66.2482495,66.732914 ,67.2175785,67.702243 ,68.1869075,68.671572 ,69.1562365,69.640901 ,70.1255655,70.61023  
sinr_dl:0.1105693 ,0.08529455,0.07128512,0.06305277,0.05905007,0.05556319,0.05432524,0.05473789,0.05430461,0.08880207,0.18606344,0.21142072,0.06953136,0.06709673,0.04644365,0.01828035,0.01834225,0.01850731,0.01865174,0.0188168 ,0.0193945 ,0.01978652,0.02001348,0.0203436 ,0.02079751,0.02172597,0.02236558,0.02296392,0.02385111,0.02449072,0.02529538,0.02643017,0.02688408,0.02828709,0.03055666,0.03457999,0.03934608,0.04788792,0.0630734 ,0.15505287
sinr_dl_bin_edges:36.539055  ,37.02372355,37.5083921 ,37.99306065,38.4777292 ,38.96239775,39.4470663 ,39.93173485,40.4164034 ,40.90107195,41.3857405 ,41.87040905,42.3550776 ,42.83974615,43.3244147 ,43.80908325,44.2937518 ,44.77842035,45.2630889 ,45.74775745,46.232426  ,46.71709455,47.2017631 ,47.68643165,48.1711002 ,48.65576875,49.1404373 ,49.62510585,50.1097744 ,50.59444295,51.0791115 ,51.56378005,52.0484486 ,52.53311715,53.0177857 ,53.50245425,53.9871228 ,54.47179135,54.9564599 ,55.44112845,55.925797  
rsrp_ul:0.1105267 ,0.08527289,0.07132552,0.06307264,0.05904936,0.05554189,0.05434522,0.05475786,0.05430395,0.08878036,0.18616436,0.21164513,0.0692623 ,0.06699276,0.04646372,0.01828013,0.01836266,0.01850708,0.01863088,0.01885783,0.01939427,0.01980691,0.01997197,0.02034335,0.02083852,0.02170508,0.02234467,0.02294301,0.02385083,0.02451106,0.02527445,0.02640922,0.02692502,0.02830738,0.03059756,0.03455894,0.03932498,0.0479286 ,0.06313454,0.1549272 
rsrp_ul_bin_edges:-104.571106 ,-104.0864316,-103.6017572,-103.1170828,-102.6324084,-102.147734 ,-101.6630596,-101.1783852,-100.6937108,-100.2090364, -99.724362 , -99.2396876, -98.7550132, -98.2703388, -97.7856644, -97.30099  , -96.8163156, -96.3316412, -95.8469668, -95.3622924, -94.877618 , -94.3929436, -93.9082692, -93.4235948, -92.9389204, -92.454246 , -91.9695716, -91.4848972, -91.0002228, -90.5155484, -90.030874 , -89.5461996, -89.0615252, -88.5768508, -88.0921764, -87.607502 , -87.1228276, -86.6381532, -86.1534788, -85.6688044, -85.18413  
rsrp_dl:0.1105267 ,0.08527289,0.07132552,0.06307264,0.05904936,0.05554189,0.05434522,0.05475786,0.05430395,0.08878036,0.18616436,0.21164513,0.0692623 ,0.06699276,0.04646372,0.01828013,0.01836266,0.01850708,0.01863088,0.01885783,0.01939427,0.01980691,0.01997197,0.02034335,0.02083852,0.02170508,0.02234467,0.02294301,0.02385083,0.02451106,0.02527445,0.02640922,0.02692502,0.02830738,0.03059756,0.03455894,0.03932498,0.0479286 ,0.06313454,0.1549272 
rsrp_dl_bin_edges:-114.571106 ,-114.0864316,-113.6017572,-113.1170828,-112.6324084,-112.147734 ,-111.6630596,-111.1783852,-110.6937108,-110.2090364,-109.724362 ,-109.2396876,-108.7550132,-108.2703388,-107.7856644,-107.30099  ,-106.8163156,-106.3316412,-105.8469668,-105.3622924,-104.877618 ,-104.3929436,-103.9082692,-103.4235948,-102.9389204,-102.454246 ,-101.9695716,-101.4848972,-101.0002228,-100.5155484,-100.030874 , -99.5461996, -99.0615252, -98.5768508, -98.0921764, -97.607502 , -97.1228276, -96.6381532, -96.1534788, -95.6688044, -95.18413  
cqi_ul: 0., 0., 0., 0., 0., 0., 0., 0., 0., 0., 0., 0., 0., 0., 0., 0., 0., 0., 0., 0.,40., 0., 0., 0., 0., 0., 0., 0., 0., 0., 0., 0., 0., 0., 0., 0., 0., 0., 0., 0.
cqi_ul_bin_edges:14.5  ,14.525,14.55 ,14.575,14.6  ,14.625,14.65 ,14.675,14.7  ,14.725,14.75 ,14.775,14.8  ,14.825,14.85 ,14.875,14.9  ,14.925,14.95 ,14.975,15.   ,15.025,15.05 ,15.075,15.1  ,15.125,15.15 ,15.175,15.2  ,15.225,15.25 ,15.275,15.3  ,15.325,15.35 ,15.375,15.4  ,15.425,15.45 ,15.475,15.5  
cqi_dl: 0., 0., 0., 0., 0., 0., 0., 0., 0., 0., 0., 0., 0., 0., 0., 0., 0., 0., 0., 0.,40., 0., 0., 0., 0., 0., 0., 0., 0., 0., 0., 0., 0., 0., 0., 0., 0., 0., 0., 0.
cqi_dl_bin_edges:14.5  ,14.525,14.55 ,14.575,14.6  ,14.625,14.65 ,14.675,14.7  ,14.725,14.75 ,14.775,14.8  ,14.825,14.85 ,14.875,14.9  ,14.925,14.95 ,14.975,15.   ,15.025,15.05 ,15.075,15.1  ,15.125,15.15 ,15.175,15.2  ,15.225,15.25 ,15.275,15.3  ,15.325,15.35 ,15.375,15.4  ,15.425,15.45 ,15.475,15.5  
mcs_ul: 0., 0., 0., 0., 0., 0., 0., 0., 0., 0., 0., 0., 0., 0., 0., 0., 0., 0., 0., 0.,40., 0., 0., 0., 0., 0., 0., 0., 0., 0., 0., 0., 0., 0., 0., 0., 0., 0., 0., 0.
mcs_ul_bin_edges:27.5  ,27.525,27.55 ,27.575,27.6  ,27.625,27.65 ,27.675,27.7  ,27.725,27.75 ,27.775,27.8  ,27.825,27.85 ,27.875,27.9  ,27.925,27.95 ,27.975,28.   ,28.025,28.05 ,28.075,28.1  ,28.125,28.15 ,28.175,28.2  ,28.225,28.25 ,28.275,28.3  ,28.325,28.35 ,28.375,28.4  ,28.425,28.45 ,28.475,28.5  
mcs_dl: 0., 0., 0., 0., 0., 0., 0., 0., 0., 0., 0., 0., 0., 0., 0., 0., 0., 0., 0., 0.,40., 0., 0., 0., 0., 0., 0., 0., 0., 0., 0., 0., 0., 0., 0., 0., 0., 0., 0., 0.
mcs_dl_bin_edges:27.5  ,27.525,27.55 ,27.575,27.6  ,27.625,27.65 ,27.675,27.7  ,27.725,27.75 ,27.775,27.8  ,27.825,27.85 ,27.875,27.9  ,27.925,27.95 ,27.975,28.   ,28.025,28.05 ,28.075,28.1  ,28.125,28.15 ,28.175,28.2  ,28.225,28.25 ,28.275,28.3  ,28.325,28.35 ,28.375,28.4  ,28.425,28.45 ,28.475,28.5  
eff_ul: 0., 0., 0., 0., 0., 0., 0., 0., 0., 0., 0., 0., 0., 0., 0., 0., 0., 0., 0., 0.,40., 0., 0., 0., 0., 0., 0., 0., 0., 0., 0., 0., 0., 0., 0., 0., 0., 0., 0., 0.
eff_ul_bin_edges:5.054651,5.079651,5.104651,5.129651,5.154651,5.179651,5.204651,5.229651,5.254651,5.279651,5.304651,5.329651,5.354651,5.379651,5.404651,5.429651,5.454651,5.479651,5.504651,5.529651,5.554651,5.579651,5.604651,5.629651,5.654651,5.679651,5.704651,5.729651,5.754651,5.779651,5.804651,5.829651,5.854651,5.879651,5.904651,5.929651,5.954651,5.979651,6.004651,6.029651,6.054651
eff_dl: 0., 0., 0., 0., 0., 0., 0., 0., 0., 0., 0., 0., 0., 0., 0., 0., 0., 0., 0., 0.,40., 0., 0., 0., 0., 0., 0., 0., 0., 0., 0., 0., 0., 0., 0., 0., 0., 0., 0., 0.
eff_dl_bin_edges:5.054651,5.079651,5.104651,5.129651,5.154651,5.179651,5.204651,5.229651,5.254651,5.279651,5.304651,5.329651,5.354651,5.379651,5.404651,5.429651,5.454651,5.479651,5.504651,5.529651,5.554651,5.579651,5.604651,5.629651,5.654651,5.679651,5.704651,5.729651,5.754651,5.779651,5.804651,5.829651,5.854651,5.879651,5.904651,5.929651,5.954651,5.979651,6.004651,6.029651,6.054651
rul:8.54323509e-03,5.41671005e-07,0.00000000e+00,1.08334201e-06,5.95838105e-06,1.08334201e-06,3.79169703e-06,2.78364729e-03,3.42536493e-02,1.62501301e-05,1.19167621e-05,5.41671005e-06,2.70835502e-06,9.75007808e-06,1.40834461e-05,5.20004164e-05,8.45819274e-03,0.00000000e+00,0.00000000e+00,0.00000000e+00,0.00000000e+00,5.41671005e-07,1.62501301e-06,5.41671005e-07,1.08334201e-06,0.00000000e+00,0.00000000e+00,0.00000000e+00,0.00000000e+00,0.00000000e+00,0.00000000e+00,0.00000000e+00,0.00000000e+00,0.00000000e+00,0.00000000e+00,0.00000000e+00,0.00000000e+00,0.00000000e+00,0.00000000e+00,5.41671005e-07
rul_bin_edges:  0.      , 18.461206, 36.922412, 55.383618, 73.844824, 92.30603 ,110.767236,129.228442,147.689648,166.150854,184.61206 ,203.073266,221.534472,239.995678,258.456884,276.91809 ,295.379296,313.840502,332.301708,350.762914,369.22412 ,387.685326,406.146532,424.607738,443.068944,461.53015 ,479.991356,498.452562,516.913768,535.374974,553.83618 ,572.297386,590.758592,609.219798,627.681004,646.14221 ,664.603416,683.064622,701.525828,719.987034,738.44824 
rdl:8.54328414e-03,5.41674115e-07,0.00000000e+00,1.62502234e-06,5.41674115e-06,1.08334823e-06,3.79171880e-06,2.78366328e-03,3.42538460e-02,1.62502234e-05,1.19168305e-05,5.41674115e-06,2.70837057e-06,9.75013407e-06,1.40835270e-05,5.20007150e-05,8.45824130e-03,0.00000000e+00,0.00000000e+00,0.00000000e+00,0.00000000e+00,5.41674115e-07,1.62502234e-06,5.41674115e-07,1.08334823e-06,0.00000000e+00,0.00000000e+00,0.00000000e+00,0.00000000e+00,0.00000000e+00,0.00000000e+00,0.00000000e+00,0.00000000e+00,0.00000000e+00,0.00000000e+00,0.00000000e+00,0.00000000e+00,0.00000000e+00,0.00000000e+00,5.41674115e-07
rdl_bin_edges:  0.    , 18.4611, 36.9222, 55.3833, 73.8444, 92.3055,110.7666,129.2277,147.6888,166.1499,184.611 ,203.0721,221.5332,239.9943,258.4554,276.9165,295.3776,313.8387,332.2998,350.7609,369.222 ,387.6831,406.1442,424.6053,443.0664,461.5275,479.9886,498.4497,516.9108,535.3719,553.833 ,572.2941,590.7552,609.2163,627.6774,646.1385,664.5996,683.0607,701.5218,719.9829,738.444 
lul:1.16398069e+03,0.00000000e+00,0.00000000e+00,0.00000000e+00,0.00000000e+00,0.00000000e+00,0.00000000e+00,0.00000000e+00,0.00000000e+00,0.00000000e+00,0.00000000e+00,0.00000000e+00,0.00000000e+00,0.00000000e+00,0.00000000e+00,0.00000000e+00,0.00000000e+00,0.00000000e+00,0.00000000e+00,0.00000000e+00,0.00000000e+00,0.00000000e+00,4.20109058e+03,7.15864359e+00,6.71584089e+00,1.14073355e+03,2.19925339e+01,4.05902471e+00,4.57562786e+00,8.29221849e+02,1.47600899e-01,2.21401348e-01,7.38004493e-02,7.38004493e-02,0.00000000e+00,0.00000000e+00,0.00000000e+00,0.00000000e+00,0.00000000e+00,7.38004493e-02
lul_bin_edges:0.        ,0.0001355 ,0.000271  ,0.0004065 ,0.000542  ,0.0006775 ,0.000813  ,0.00094849,0.00108399,0.00121949,0.00135499,0.00149049,0.00162599,0.00176149,0.00189699,0.00203249,0.00216799,0.00230349,0.00243899,0.00257448,0.00270998,0.00284548,0.00298098,0.00311648,0.00325198,0.00338748,0.00352298,0.00365848,0.00379398,0.00392948,0.00406498,0.00420047,0.00433597,0.00447147,0.00460697,0.00474247,0.00487797,0.00501347,0.00514897,0.00528447,0.00541997
ldl:1.16370788e+03,0.00000000e+00,0.00000000e+00,0.00000000e+00,0.00000000e+00,0.00000000e+00,0.00000000e+00,0.00000000e+00,0.00000000e+00,0.00000000e+00,0.00000000e+00,0.00000000e+00,0.00000000e+00,0.00000000e+00,0.00000000e+00,0.00000000e+00,0.00000000e+00,0.00000000e+00,0.00000000e+00,0.00000000e+00,0.00000000e+00,0.00000000e+00,4.20010595e+03,7.15696578e+00,6.71426687e+00,1.14445048e+03,1.80030892e+01,4.05807338e+00,4.57455545e+00,8.29027500e+02,1.47566305e-01,2.21349457e-01,7.37831524e-02,7.37831524e-02,0.00000000e+00,0.00000000e+00,0.00000000e+00,0.00000000e+00,0.00000000e+00,7.37831524e-02
ldl_bin_edges:0.        ,0.00013553,0.00027106,0.00040659,0.00054212,0.00067765,0.00081319,0.00094872,0.00108425,0.00121978,0.00135531,0.00149084,0.00162637,0.0017619 ,0.00189743,0.00203296,0.0021685 ,0.00230403,0.00243956,0.00257509,0.00271062,0.00284615,0.00298168,0.00311721,0.00325274,0.00338827,0.0035238 ,0.00365934,0.00379487,0.0039304 ,0.00406593,0.00420146,0.00433699,0.00447252,0.00460805,0.00474358,0.00487911,0.00501464,0.00515018,0.00528571,0.00542124
ilul:1.16398069e+03,0.00000000e+00,0.00000000e+00,0.00000000e+00,0.00000000e+00,0.00000000e+00,0.00000000e+00,0.00000000e+00,0.00000000e+00,0.00000000e+00,0.00000000e+00,0.00000000e+00,0.00000000e+00,0.00000000e+00,0.00000000e+00,0.00000000e+00,0.00000000e+00,0.00000000e+00,0.00000000e+00,0.00000000e+00,0.00000000e+00,0.00000000e+00,4.20109058e+03,7.15864359e+00,6.64204044e+00,1.14080735e+03,2.19187335e+01,4.13282516e+00,4.57562786e+00,8.29221849e+02,1.47600899e-01,2.21401348e-01,7.38004493e-02,7.38004493e-02,0.00000000e+00,0.00000000e+00,0.00000000e+00,0.00000000e+00,0.00000000e+00,7.38004493e-02
ilul_bin_edges:0.        ,0.0001355 ,0.000271  ,0.0004065 ,0.000542  ,0.0006775 ,0.000813  ,0.00094849,0.00108399,0.00121949,0.00135499,0.00149049,0.00162599,0.00176149,0.00189699,0.00203249,0.00216799,0.00230349,0.00243899,0.00257448,0.00270998,0.00284548,0.00298098,0.00311648,0.00325198,0.00338748,0.00352298,0.00365848,0.00379398,0.00392948,0.00406498,0.00420047,0.00433597,0.00447147,0.00460697,0.00474247,0.00487797,0.00501347,0.00514897,0.00528447,0.00541997
ildl:1.16370788e+03,0.00000000e+00,0.00000000e+00,0.00000000e+00,0.00000000e+00,0.00000000e+00,0.00000000e+00,0.00000000e+00,0.00000000e+00,0.00000000e+00,0.00000000e+00,0.00000000e+00,0.00000000e+00,0.00000000e+00,0.00000000e+00,0.00000000e+00,0.00000000e+00,0.00000000e+00,0.00000000e+00,0.00000000e+00,0.00000000e+00,0.00000000e+00,4.20010595e+03,7.15696578e+00,6.71426687e+00,1.14445048e+03,1.80030892e+01,4.05807338e+00,4.57455545e+00,8.29027500e+02,1.47566305e-01,2.21349457e-01,7.37831524e-02,7.37831524e-02,0.00000000e+00,0.00000000e+00,0.00000000e+00,0.00000000e+00,0.00000000e+00,7.37831524e-02
ildl_bin_edges:0.        ,0.00013553,0.00027106,0.00040659,0.00054212,0.00067765,0.00081319,0.00094872,0.00108425,0.00121978,0.00135531,0.00149084,0.00162637,0.0017619 ,0.00189743,0.00203296,0.0021685 ,0.00230403,0.00243956,0.00257509,0.00271062,0.00284615,0.00298168,0.00311721,0.00325274,0.00338827,0.0035238 ,0.00365934,0.00379487,0.0039304 ,0.00406593,0.00420146,0.00433699,0.00447252,0.00460805,0.00474358,0.00487911,0.00501464,0.00515018,0.00528571,0.00542124
eul: 0., 0., 0., 0., 0., 0., 0., 0., 0., 0., 0., 0., 0., 0., 0., 0., 0., 0., 0., 0.,40., 0., 0., 0., 0., 0., 0., 0., 0., 0., 0., 0., 0., 0., 0., 0., 0., 0., 0., 0.
eul_bin_edges:-0.5  ,-0.475,-0.45 ,-0.425,-0.4  ,-0.375,-0.35 ,-0.325,-0.3  ,-0.275,-0.25 ,-0.225,-0.2  ,-0.175,-0.15 ,-0.125,-0.1  ,-0.075,-0.05 ,-0.025, 0.   , 0.025, 0.05 , 0.075, 0.1  , 0.125, 0.15 , 0.175, 0.2  , 0.225, 0.25 , 0.275, 0.3  , 0.325, 0.35 , 0.375, 0.4  , 0.425, 0.45 , 0.475, 0.5  
edl: 0., 0., 0., 0., 0., 0., 0., 0., 0., 0., 0., 0., 0., 0., 0., 0., 0., 0., 0., 0.,40., 0., 0., 0., 0., 0., 0., 0., 0., 0., 0., 0., 0., 0., 0., 0., 0., 0., 0., 0.
edl_bin_edges:-0.5  ,-0.475,-0.45 ,-0.425,-0.4  ,-0.375,-0.35 ,-0.325,-0.3  ,-0.275,-0.25 ,-0.225,-0.2  ,-0.175,-0.15 ,-0.125,-0.1  ,-0.075,-0.05 ,-0.025, 0.   , 0.025, 0.05 , 0.075, 0.1  , 0.125, 0.15 , 0.175, 0.2  , 0.225, 0.25 , 0.275, 0.3  , 0.325, 0.35 , 0.375, 0.4  , 0.425, 0.45 , 0.475, 0.5  
gul:6.04132306e-07,0.00000000e+00,2.41652923e-06,6.04132306e-06,2.89983507e-05,2.77900861e-05,3.68520707e-05,5.98090983e-05,6.11925613e-03,5.39701596e-02,6.46421568e-05,3.68520707e-05,2.65818215e-05,2.05404984e-05,3.62479384e-06,3.02066153e-06,1.81239692e-06,1.20826461e-06,6.04132306e-07,6.04132306e-07,6.04132306e-07,0.00000000e+00,0.00000000e+00,0.00000000e+00,0.00000000e+00,6.04132306e-07,6.04132306e-07,0.00000000e+00,0.00000000e+00,0.00000000e+00,0.00000000e+00,0.00000000e+00,0.00000000e+00,0.00000000e+00,0.00000000e+00,0.00000000e+00,0.00000000e+00,0.00000000e+00,0.00000000e+00,6.04132306e-07
gul_bin_edges:  0.    , 16.5525, 33.105 , 49.6575, 66.21  , 82.7625, 99.315 ,115.8675,132.42  ,148.9725,165.525 ,182.0775,198.63  ,215.1825,231.735 ,248.2875,264.84  ,281.3925,297.945 ,314.4975,331.05  ,347.6025,364.155 ,380.7075,397.26  ,413.8125,430.365 ,446.9175,463.47  ,480.0225,496.575 ,513.1275,529.68  ,546.2325,562.785 ,579.3375,595.89  ,612.4425,628.995 ,645.5475,662.1   
gdl:6.04132306e-07,0.00000000e+00,2.41652923e-06,6.04132306e-06,2.89983507e-05,2.77900861e-05,3.68520707e-05,5.98090983e-05,6.11925613e-03,5.39701596e-02,6.46421568e-05,3.68520707e-05,2.65818215e-05,2.05404984e-05,3.62479384e-06,3.02066153e-06,1.81239692e-06,1.20826461e-06,6.04132306e-07,6.04132306e-07,6.04132306e-07,0.00000000e+00,0.00000000e+00,0.00000000e+00,0.00000000e+00,6.04132306e-07,6.04132306e-07,0.00000000e+00,0.00000000e+00,0.00000000e+00,0.00000000e+00,0.00000000e+00,0.00000000e+00,0.00000000e+00,0.00000000e+00,0.00000000e+00,0.00000000e+00,0.00000000e+00,0.00000000e+00,6.04132306e-07
gdl_bin_edges:  0.    , 16.5525, 33.105 , 49.6575, 66.21  , 82.7625, 99.315 ,115.8675,132.42  ,148.9725,165.525 ,182.0775,198.63  ,215.1825,231.735 ,248.2875,264.84  ,281.3925,297.945 ,314.4975,331.05  ,347.6025,364.155 ,380.7075,397.26  ,413.8125,430.365 ,446.9175,463.47  ,480.0225,496.575 ,513.1275,529.68  ,546.2325,562.785 ,579.3375,595.89  ,612.4425,628.995 ,645.5475,662.1   
ri: 0., 0., 0., 0., 0., 0., 0., 0., 0., 0., 0., 0., 0., 0., 0., 0., 0., 0., 0., 0.,40., 0., 0., 0., 0., 0., 0., 0., 0., 0., 0., 0., 0., 0., 0., 0., 0., 0., 0., 0.
ri_bin_edges:0.5  ,0.525,0.55 ,0.575,0.6  ,0.625,0.65 ,0.675,0.7  ,0.725,0.75 ,0.775,0.8  ,0.825,0.85 ,0.875,0.9  ,0.925,0.95 ,0.975,1.   ,1.025,1.05 ,1.075,1.1  ,1.125,1.15 ,1.175,1.2  ,1.225,1.25 ,1.275,1.3  ,1.325,1.35 ,1.375,1.4  ,1.425,1.45 ,1.475,1.5  
