period:1
ue_log_freq:1000
mac_log_freq:1000
mimo_layers:2
frequency:2412000000.0
bandwidth:50000000
ue_speed:5.555555555555555
max_distance:1000
shannon_cfg_bandwidth_mhz:50.0
shannon_cfg_mimo_layers:2
shannon_cfg_bw_efficiency:0.67
shannon_cfg_sinr_offset_db:0
shannon_cfg_ul_divisor:2
shannon_cfg_sinr_sample_rate:1000
n_ue:90
sinr_period:9.463597741343282
sinr_rate:105.66805852612856
ul_fairness:0.7320166186992468
dl_fairness:0.7002537468446339
ul_agg_throughput:25.10529924592699
dl_agg_throughput:60.973599742066675
ul_ave_throughput:0.27894776939918875
dl_ave_throughput:0.6774844415785186
ul_se:0.5021059849185399
dl_se:1.2194719948413335
ul_ase:1.5982529891162052e-07
dl_ase:3.8816999188226505e-07
ul_gr:0.23999785101878318, 0.19636504643282138, 0.15454356079528503, 0.12806802929813085, 0.15044654889563422, 0.17717725625190625, 0.23999785101878318, 0.16958825345801284, 0.1611159940474246, 0.11093296802439145, 0.0974608322364397, 0.23999785101878318, 0.09723986607982434, 0.09941914592724227, 0.23999785101878318, 0.12151302988870925, 0.23999785101878318, 0.15694435077545185, 0.0949308553109974, 0.12631566990254248, 0.19094697556799528, 0.10691223751881235, 0.23999785101878318, 0.1132239869394005, 0.23999785101878318, 0.23999785101878318, 0.16721199325576452, 0.22184664420008998, 0.23999785101878318, 0.2214854572068983, 0.23999785101878318, 0.23999785101878318, 0.23999785101878318, 0.1846221562409063, 0.10723186484950126, 0.23999785101878318, 0.23999785101878318, 0.21449964939254673, 0.23999785101878318, 0.23999785101878318, 0.14487713329268087, 0.18172284038678843, 0.23999785101878318, 0.23999785101878318, 0.19221971696223367, 0.11050840355959533, 0.23999785101878318, 0.23999785101878318, 0.16128241665373624, 0.19175615083311806, 0.23999785101878318, 0.23999785101878318, 0.1338547610994492, 0.23999785101878318, 0.23999785101878318, 0.23591193505016625, 0.14234388039270504, 0.23999785101878318, 0.23999785101878318, 0.2100189527118524, 0.23999785101878318, 0.20954834663031977, 0.19212085778714347, 0.1760884673512304, 0.18250568186760943, 0.23999785101878318, 0.13062148803789136, 0.23764613860621997, 0.2072851634969292, 0.15853819751539572, 0.21957787510841575, 0.23999785101878318, 0.11632216513749885, 0.11953643036720527, 0.13045443541274657, 0.23999785101878318, 0.23999785101878318, 0.2347772264994875, 0.09366209587749269, 0.15479603467566938, 0.23999785101878318, 0.23999785101878318, 0.23406394444150466, 0.23999785101878318, 0.23999785101878318, 0.23999785101878318, 0.23999785101878318, 0.2206799759275756, 0.23999785101878318, 0.09145709224510629
dl_gr:0.23999785101878318, 0.23999785101878318, 0.23999785101878318, 0.23999785101878318, 0.21353834540058003, 0.23999785101878318, 0.23999785101878318, 0.23999785101878318, 0.23999785101878318, 0.2076517344301714, 0.1771186107416188, 0.23999785101878318, 0.16803370242235482, 0.15049531850138748, 0.23999785101878318, 0.23999785101878318, 0.23999785101878318, 0.193478404478421, 0.1569004151526654, 0.23999785101878318, 0.23999785101878318, 0.21222115037062192, 0.23999785101878318, 0.19025447132961393, 0.23999785101878318, 0.23999785101878318, 0.23999785101878318, 0.23999785101878318, 0.23999785101878318, 0.23999785101878318, 0.23999785101878318, 0.23999785101878318, 0.23999785101878318, 0.23999785101878318, 0.22237796377292687, 0.23999785101878318, 0.23999785101878318, 0.23999785101878318, 0.23999785101878318, 0.23999785101878318, 0.20029161572957727, 0.23999785101878318, 0.23999785101878318, 0.23999785101878318, 0.23999785101878318, 0.175914842759852, 0.23999785101878318, 0.23999785101878318, 0.23999785101878318, 0.23999785101878318, 0.23999785101878318, 0.23999785101878318, 0.18887442682173483, 0.23999785101878318, 0.23999785101878318, 0.23999785101878318, 0.23999785101878318, 0.23999785101878318, 0.23999785101878318, 0.23999785101878318, 0.23999785101878318, 0.23999785101878318, 0.23999785101878318, 0.23999785101878318, 0.23999785101878318, 0.23999785101878318, 0.23999785101878318, 0.23999785101878318, 0.23999785101878318, 0.23999785101878318, 0.23999785101878318, 0.23999785101878318, 0.23999785101878318, 0.23999785101878318, 0.23999785101878318, 0.23999785101878318, 0.23999785101878318, 0.23999785101878318, 0.14343508330526414, 0.23999785101878318, 0.23999785101878318, 0.23999785101878318, 0.23999785101878318, 0.23999785101878318, 0.23999785101878318, 0.23999785101878318, 0.23999785101878318, 0.23999785101878318, 0.23999785101878318, 0.1338027395328789
ul_tr:0.21813565260182832, 0.10904898647759602, 0.09621931028888092, 0.040761641461629486, 0.06311441440158833, 0.09084826335038874, 0.23997584940857158, 0.08227085063749467, 0.07381088645745451, 0.023618114756893693, 0.010143982726427279, 0.23997585093179222, 0.009926177574136882, 0.012094154757077025, 0.23997585106168284, 0.03419577482064316, 0.23670307193116727, 0.06961782198360013, 0.007609262246397947, 0.03901124014181549, 0.10366729657144523, 0.01959498536130532, 0.1679684672954475, 0.02589923806874943, 0.23997585118639012, 0.16605745021596485, 0.07990040985508454, 0.1345202889867251, 0.23742236306394113, 0.13415928461352822, 0.17132890166370282, 0.23997585074511044, 0.23997585071227742, 0.0972980838684011, 0.019928981340422165, 0.23997585092199228, 0.21863533388460932, 0.1271663121177907, 0.20327696786981775, 0.23997387692660896, 0.05755785792770061, 0.09440945469159424, 0.23997387638256348, 0.23997387657604521, 0.10488860229129758, 0.023179310838893012, 0.2148944464941959, 0.15842337082986807, 0.07397403155354539, 0.10444963878006017, 0.23997387691352576, 0.17023125650917076, 0.04652462362186981, 0.16729211748264597, 0.21649136096920857, 0.14858544444492128, 0.05502832016158198, 0.2245702548434596, 0.23865700402228313, 0.12270056149437086, 0.1883244141782152, 0.1235943369446338, 0.10479665648729593, 0.09359158238721343, 0.09517239305186624, 0.23997387582529314, 0.046790973100607494, 0.20305846223923135, 0.2070507122765977, 0.07122044894880876, 0.15461942787853433, 0.23997585127363105, 0.029022066197448355, 0.03218937581263489, 0.04318072054903709, 0.22925115669896082, 0.1531349790998992, 0.14753235440646326, 0.0063355598663177816, 0.07212446887260941, 0.2399758718932009, 0.22276959639650504, 0.14673622672293563, 0.23790660497904184, 0.22229915733801384, 0.19923761187245106, 0.20892416337090525, 0.22065798518329013, 0.23997585089682585, 0.0041302158684677626
dl_tr:0.2363328977898684, 0.23551464523760635, 0.23997584926771443, 0.22641055293890883, 0.12670325711393238, 0.2184331801639153, 0.23997585071398572, 0.16776290729645588, 0.23997584873393554, 0.12030617964856126, 0.0897554736067866, 0.23997585096554191, 0.08062430523107307, 0.06312907315198206, 0.2399758504398213, 0.17977998273506052, 0.239975847843943, 0.10613161616614027, 0.06954637726757278, 0.23251946412960722, 0.2052849690947242, 0.12487428109719084, 0.23997584809938252, 0.10291065519146507, 0.2399758506521362, 0.23997584968056934, 0.2115289117153024, 0.18677560077976016, 0.23900315038568845, 0.19639379543046304, 0.2003857957896184, 0.23997585083639303, 0.2399758506781027, 0.1894676426641611, 0.13501423553118724, 0.2399758510318664, 0.23997585023742302, 0.23997585043492967, 0.23997585059655335, 0.23997585105332453, 0.12806760960101998, 0.17946457024921456, 0.23997585083336803, 0.23997585105149125, 0.16480899136411362, 0.0885644108863843, 0.23997585105332453, 0.2174798572832893, 0.20200332134959706, 0.2182773506175782, 0.23997585105332453, 0.23997565855490371, 0.1015170703472721, 0.22206340102090816, 0.23479239593761717, 0.23523667546422944, 0.15396286591250072, 0.23697265103232473, 0.23997584943962968, 0.22359134757912852, 0.23997585811469901, 0.23997584394175048, 0.23241475872719392, 0.2399758319870501, 0.15466642931518904, 0.23997585111163242, 0.22831080924498962, 0.23997584965976115, 0.23997584465850283, 0.21551641738068017, 0.23617088349199591, 0.239975850883801, 0.23499704652235395, 0.2262504146041283, 0.2024292888213515, 0.23617249364518628, 0.20203602346092117, 0.23800977572006898, 0.05605860757973684, 0.2367792294674461, 0.23997584973655223, 0.23693754690834243, 0.20628524010847407, 0.23997585375306035, 0.2399758587655436, 0.23997586996982523, 0.23997585893210058, 0.23997585273782715, 0.23997585546795444, 0.04646684199221673
ul_er:0.0, 0.04363280458596178, 0.08545429022349812, 0.1119278477371022, 0.08955130212314899, 0.06282059476687694, 0.0, 0.07040762357722018, 0.07888185697135858, 0.12906290901084158, 0.14253504479879334, 0.0, 0.1427560109554087, 0.1405767311079908, 0.0, 0.1184828471465238, 0.0, 0.08305152625978117, 0.14506502172423563, 0.11368020713269056, 0.049048901467237775, 0.13308363951642072, 0.0, 0.12677189009583253, 0.0, 0.0, 0.0727838837794685, 0.018149232835143043, 0.0, 0.018510419828334762, 0.0, 0.0, 0.0, 0.05537372079432672, 0.1327640121857318, 0.0, 0.0, 0.025496227642686314, 0.0, 0.0, 0.09511874374255215, 0.058273036648444604, 0.0, 0.0, 0.047776160072999396, 0.12948747347563772, 0.0, 0.0, 0.07871346038149683, 0.04823972620211498, 0.0, 0.0, 0.10614111593578388, 0.0, 0.0, 0.004083941985066791, 0.09765199664252798, 0.0, 0.0, 0.029976924323380633, 0.0, 0.03044950438846343, 0.0478750192480896, 0.06390938366755278, 0.0574901951676236, 0.0, 0.10937636298089183, 0.0023517124125632285, 0.03271268752185399, 0.08145767951983733, 0.020419975910367413, 0.0, 0.1236737118977342, 0.12045944666802776, 0.1095414416224865, 0.0, 0.0, 0.005218650535745534, 0.14633378115774037, 0.0852018163431138, 0.0, 0.0, 0.005931932593728385, 0.0, 0.0, 0.0, 0.0, 0.01931787509120757, 0.0, 0.14853878479012678
dl_er:0.0, 0.0, 0.0, 0.0, 0.02645950561820318, 0.0, 0.0, 0.0, 0.0, 0.032344142605061625, 0.06287726629361422, 0.0, 0.07196217461287822, 0.08950055853384555, 0.0, 0.0, 0.0, 0.04651747255681203, 0.08309546188256764, 0.0, 0.0, 0.02777472666461113, 0.0, 0.049741405705619114, 0.0, 0.0, 0.0, 0.0, 0.0, 0.0, 0.0, 0.0, 0.0, 0.0, 0.017617913262306148, 0.0, 0.0, 0.0, 0.0, 0.0, 0.039706235289205916, 0.0, 0.0, 0.0, 0.0, 0.06408103427538103, 0.0, 0.0, 0.0, 0.0, 0.0, 0.0, 0.05112342419704836, 0.0, 0.0, 0.0, 0.0, 0.0, 0.0, 0.0, 0.0, 0.0, 0.0, 0.0, 0.0, 0.0, 0.0, 0.0, 0.0, 0.0, 0.0, 0.0, 0.0, 0.0, 0.0, 0.0, 0.0, 0.0, 0.09656276771351904, 0.0, 0.0, 0.0, 0.0, 0.0, 0.0, 0.0, 0.0, 0.0, 0.0, 0.10619313750235417
ul_er_ratio:0.0, 0.28577608555691153, 0.47037263522321926, 0.733042256703233, 0.5865842322800645, 0.4088049819367965, 0.0, 0.4611496410306308, 0.5166051457326399, 0.8453107388589263, 0.9335600776946813, 0.0, 0.9349879794772783, 0.9207828349947089, 0.0, 0.7760277478270869, 0.0, 0.5439960752788615, 0.9501601576342643, 0.7445093301677744, 0.3211768109550088, 0.8716586203406133, 0.0, 0.8303592933378363, 0.0, 0.0, 0.4766952909621165, 0.11887921451879056, 0.0, 0.12124487891036416, 0.0, 0.0, 0.0, 0.36269775494338713, 0.8694833280807437, 0.0, 0.0, 0.16701037256873322, 0.0, 0.0, 0.6230079966541783, 0.38166155226446263, 0.0, 0.0, 0.31294818354345133, 0.8481705700230248, 0.0, 0.0, 0.5155200297283282, 0.31593376662314665, 0.0, 0.0, 0.6952517063967719, 0.0, 0.0, 0.026750235135972245, 0.6395847132529615, 0.0, 0.0, 0.19634148520865463, 0.0, 0.19766778161952506, 0.31358154037077457, 0.4057713756836908, 0.37658339111195577, 0.0, 0.7003792580787278, 0.011448860391408477, 0.13643736929553346, 0.5335255307151964, 0.11665930909473382, 0.0, 0.8099353724150937, 0.7891279127507675, 0.7172596305928379, 0.0, 0.0, 0.03416442685742027, 0.9585014265220454, 0.541561228794581, 0.0, 0.0, 0.038855073777528046, 0.0, 0.0, 0.0, 0.0, 0.08049924300348674, 0.0, 0.9729465978643305
dl_er_ratio:0.0, 0.0, 0.0, 0.0, 0.1727541678291471, 0.0, 0.0, 0.0, 0.0, 0.21188388027981378, 0.41195136990035186, 0.0, 0.4716156679574313, 0.5863904508272236, 0.0, 0.0, 0.0, 0.3047346888603972, 0.54438194891529, 0.0, 0.0, 0.18195157028437184, 0.0, 0.32584824216132957, 0.0, 0.0, 0.0, 0.0, 0.0, 0.0, 0.0, 0.0, 0.0, 0.0, 0.11542727663581964, 0.0, 0.0, 0.0, 0.0, 0.0, 0.23666522821352534, 0.0, 0.0, 0.0, 0.0, 0.41980312093473504, 0.0, 0.0, 0.0, 0.0, 0.0, 0.0, 0.33492700839097606, 0.0, 0.0, 0.0, 0.0, 0.0, 0.0, 0.0, 0.0, 0.0, 0.0, 0.0, 0.0, 0.0, 0.0, 0.0, 0.0, 0.0, 0.0, 0.0, 0.0, 0.0, 0.0, 0.0, 0.0, 0.0, 0.6326949126750925, 0.0, 0.0, 0.0, 0.0, 0.0, 0.0, 0.0, 0.0, 0.0, 0.0, 0.695618706709775
ul_er_perc:0.0, 28.577608555691153, 47.03726352232193, 73.30422567032329, 58.65842322800645, 40.88049819367965, 0.0, 46.11496410306308, 51.660514573263995, 84.53107388589262, 93.35600776946814, 0.0, 93.49879794772782, 92.0782834994709, 0.0, 77.60277478270869, 0.0, 54.399607527886154, 95.01601576342644, 74.45093301677744, 32.11768109550088, 87.16586203406132, 0.0, 83.03592933378363, 0.0, 0.0, 47.66952909621165, 11.887921451879055, 0.0, 12.124487891036416, 0.0, 0.0, 0.0, 36.26977549433871, 86.94833280807437, 0.0, 0.0, 16.70103725687332, 0.0, 0.0, 62.30079966541783, 38.166155226446264, 0.0, 0.0, 31.294818354345132, 84.81705700230248, 0.0, 0.0, 51.552002972832824, 31.593376662314665, 0.0, 0.0, 69.52517063967719, 0.0, 0.0, 2.6750235135972247, 63.95847132529615, 0.0, 0.0, 19.634148520865462, 0.0, 19.766778161952505, 31.35815403707746, 40.57713756836908, 37.65833911119557, 0.0, 70.03792580787278, 1.1448860391408477, 13.643736929553347, 53.35255307151964, 11.665930909473381, 0.0, 80.99353724150937, 78.91279127507676, 71.7259630592838, 0.0, 0.0, 3.416442685742027, 95.85014265220454, 54.1561228794581, 0.0, 0.0, 3.8855073777528046, 0.0, 0.0, 0.0, 0.0, 8.049924300348673, 0.0, 97.29465978643304
dl_er_perc:0.0, 0.0, 0.0, 0.0, 17.27541678291471, 0.0, 0.0, 0.0, 0.0, 21.18838802798138, 41.19513699003519, 0.0, 47.161566795743134, 58.63904508272236, 0.0, 0.0, 0.0, 30.47346888603972, 54.438194891529, 0.0, 0.0, 18.195157028437183, 0.0, 32.58482421613296, 0.0, 0.0, 0.0, 0.0, 0.0, 0.0, 0.0, 0.0, 0.0, 0.0, 11.542727663581964, 0.0, 0.0, 0.0, 0.0, 0.0, 23.666522821352533, 0.0, 0.0, 0.0, 0.0, 41.9803120934735, 0.0, 0.0, 0.0, 0.0, 0.0, 0.0, 33.49270083909761, 0.0, 0.0, 0.0, 0.0, 0.0, 0.0, 0.0, 0.0, 0.0, 0.0, 0.0, 0.0, 0.0, 0.0, 0.0, 0.0, 0.0, 0.0, 0.0, 0.0, 0.0, 0.0, 0.0, 0.0, 0.0, 63.269491267509245, 0.0, 0.0, 0.0, 0.0, 0.0, 0.0, 0.0, 0.0, 0.0, 0.0, 69.5618706709775
ul_l:0.0054434303194931715, 0.004854261262068649, 0.0036294565450996244, 0.0031055946782610143, 0.002418690144969625, 0.002843479152540395, 0.0059541102900267494, 0.003057194238014683, 0.004934510019387339, 0.002074471642611312, 0.0012384706811234907, 0.006109911808359931, 0.0012468790879867667, 0.0007314569920125666, 0.0057438628922133975, 0.00232694041722569, 0.005612221636890526, 0.002100278345963784, 0.0010949838896467529, 0.0026113070487454267, 0.0031136640548870423, 0.0020152977315564037, 0.0051857071920359, 0.0016391899629753085, 0.005806092887675936, 0.004926929231039742, 0.0035060962898809172, 0.004221234955187874, 0.006066431583261807, 0.004154661401050825, 0.004833610365159458, 0.006001529433800551, 0.0057343898577011864, 0.0035536156202573316, 0.002067246908709094, 0.006134873423058974, 0.005818237626173948, 0.004200079427300606, 0.006035858184369297, 0.006157023212498229, 0.0023021690185040123, 0.003559928992950059, 0.006046133923446472, 0.006155391410171582, 0.003636673870255248, 0.0014755362403688303, 0.006155495835147207, 0.005072364672623561, 0.003919267278251848, 0.003961870076566029, 0.006153339738052183, 0.005179791808680761, 0.001611075105619953, 0.004864781239581337, 0.005552661287572603, 0.005027710769485254, 0.0027974163209931588, 0.005119548622569812, 0.005308337859559503, 0.004056846466050284, 0.004864758264739461, 0.004299703184248465, 0.0045790246760527, 0.003527401863134474, 0.003135016712081566, 0.005983272583882634, 0.0027621390610411576, 0.004898979113986551, 0.003753548838334681, 0.0029085743969883586, 0.002808443985350122, 0.005976595847688769, 0.002034693017316522, 0.001024779054770377, 0.0019641051223239806, 0.005430249038599678, 0.002967158573870218, 0.0034601158362763647, 0.0008051743232056401, 0.0016902422835184706, 0.004512070699685836, 0.004701216776301864, 0.002967491029845584, 0.003759657058903676, 0.004599151160602829, 0.0025428944286005947, 0.005436823936442196, 0.003306415765426955, 0.004965358070807744, 0.0006328287073774386
dl_l:0.007519287121390654, 0.007475923026616445, 0.006846326245647953, 0.006808762650682078, 0.005195033468550262, 0.0058943983932300565, 0.007735833191715069, 0.006008369507629104, 0.007589936778326848, 0.00510573703273306, 0.00436090926561862, 0.00773589057705769, 0.004943583563736969, 0.0037470579125423956, 0.00766797741518404, 0.0059620733104015795, 0.007486591236802193, 0.004603290029733086, 0.003613775459017008, 0.006769176141736319, 0.006172621466896109, 0.005468942044574628, 0.007526449750952074, 0.004633103327143107, 0.007719615615653203, 0.007176896193881718, 0.006384024488945926, 0.006872184779956001, 0.007734420121519821, 0.006656613506970775, 0.0068835946324613964, 0.007735908963408638, 0.007727926143440472, 0.006204399166944443, 0.005629281598220014, 0.007735975180556828, 0.007736337828159765, 0.006582498352592895, 0.007736057458671177, 0.007735957209414921, 0.005157493099020009, 0.007097863362046984, 0.007736024298664177, 0.007735959985616786, 0.005640899942421313, 0.003555802248139598, 0.007735961034670545, 0.007608318052112067, 0.006604823963691969, 0.006414208991816735, 0.007735957209414921, 0.0074401216199365, 0.004136138699540004, 0.007055887199723335, 0.007725497418729845, 0.007540063258914509, 0.006173447751197906, 0.007227970226352281, 0.007394254254818711, 0.006623542455546204, 0.007266983695131707, 0.007251000519016507, 0.007593919852484563, 0.005836175120403162, 0.0049284918662469476, 0.007736078182444313, 0.006517168941183823, 0.007568634962508646, 0.005863933721398156, 0.0062199722919309, 0.006294962760510329, 0.0077177683289889245, 0.005020275966312781, 0.0029683062459312836, 0.00466945521159407, 0.0075003805751743735, 0.005338640829713919, 0.005798669482720977, 0.0036337042005941617, 0.004790810579178507, 0.007124050216894026, 0.007010400108357431, 0.005659372567111941, 0.006133523365096958, 0.00686202399753752, 0.004770176646548779, 0.007372517641257155, 0.005730456029903918, 0.006920997154107049, 0.002549057762097816
ul_il:4.2217748383760885, 13.497434193282839, 21.10980491344652, 13.137485631726369, 4.460711787519671, 6.451729287381192, 1.6590059932314691, 5.141636841282652, 20.99006214628843, 6.352663613366805, 5.170868514883101, 0.06526922984552212, 6.3159180986122525, 3.2339640365496543, 1.6228862541608735, 9.171922615952667, 2.345866627731644, 1.468780476269656, 2.622125025045883, 15.153674231030935, 10.905628610222637, 6.434220850241549, 12.225066031993308, 3.7331844819845, 1.9087357924181092, 3.351541467996979, 8.274300430006061, 2.199239731923305, 0.02124095724283131, 2.2315327600503956, 0.7116374616311988, 0.5852686124229132, 0.8771143577585604, 3.533288982434742, 8.114742694179448, 0.01237230499266256, 4.240197459306652, 5.9606170010923165, 1.4563254992333274, 0.0064282145999325, 5.309050517067012, 4.793558363541688, 0.7302260214330131, 0.09900167876645195, 3.554164539038766, 2.55440636040908, 2.3720187725380995, 4.606061972411092, 10.533575509386793, 8.920727767039146, 0.006424571659798668, 2.8361645987528474, 0.45871378875112295, 1.0922984261870317, 2.89244749078031, 5.403617829473016, 6.899097077713286, 4.116615099042441, 6.705341997987878, 3.2387617105930326, 6.641634023733736, 8.080131202589554, 9.708074536157753, 17.38435128767604, 4.295265863063111, 0.6061640321928733, 11.674047892696791, 9.703470868079345, 14.69693553016609, 9.849514696557783, 5.835108276185423, 0.3681337863383556, 8.552677844308686, 2.2575290941981487, 6.981626026634361, 1.6150089628654596, 1.735258824157328, 5.217443156191148, 3.047299499002717, 7.093346269662489, 3.2952754191897444, 1.0288329479020217, 1.0782806102468563, 2.107661097551279, 0.39478337292497984, 1.2746249277229855, 0.06926864713008642, 1.640576627028079, 0.28858621064957796, 1.1645409373291473
dl_il:0.24365427056106198, 1.4330549337422103, 6.3616027214312, 2.921828110610949, 10.501241041363901, 5.188602605049245, 0.07444020984417213, 4.764128371942388, 0.9870716977525271, 6.238145133794789, 10.67683964928754, 0.01570373034705961, 20.738849711915794, 16.909968112891715, 0.17856984150447916, 4.119056017746989, 0.4246079589527295, 3.9617415344252835, 7.5148776974116664, 10.861704868876833, 2.4821426643053393, 7.06093625435956, 0.3107702560867993, 5.858550602270656, 0.08976363772578977, 1.9464594377683768, 1.7253948101869279, 3.484966003829076, 0.013425869643973801, 2.060125502557108, 0.6262975391977191, 0.033708803173519396, 0.11227666471954399, 1.818975054828564, 10.145326352566945, 0.008737201490400078, 0.199902819319964, 4.173947903347947, 0.09273505232152232, 0.007735957209414921, 11.977077497549724, 5.249184505257432, 0.02876427691937984, 0.007736135359622003, 1.4970725694502878, 5.567004903072513, 0.007735965167223606, 0.5890235992742019, 6.342406327417326, 1.9575694732903683, 0.007735957209414921, 0.3334898724909584, 5.644277483450759, 0.27221984590371334, 0.11545850392225482, 0.4659972533761177, 7.983785026023363, 0.32375162508449923, 0.12101448237490521, 0.9206410445610662, 0.364194601564337, 1.2347709639153424, 0.7777961898236182, 0.8711222192430106, 1.0091448725657453, 0.030222309673836052, 0.9271494796791776, 0.845305193759727, 1.0063768927243897, 0.4377682537453188, 0.7872017342541312, 0.017966333480395995, 1.8865046273925965, 1.0330478505537122, 0.17130758815674035, 0.046246893382555145, 0.2775445159542046, 0.24157987052028734, 13.873969112555969, 0.29862392277123107, 0.03768845122640644, 0.04973124759642836, 0.280109541014929, 0.09403151348737095, 0.03402197059449921, 0.10725858406788694, 0.01376763207889101, 0.09202534410605329, 0.02490625893499221, 2.023793394514617
sinr_ul:4.82682119e-05,2.62840546e-04,1.54662088e-03,4.47614343e-03,9.51964962e-03,1.90581890e-02,2.72495928e-02,2.93754323e-02,2.77758705e-02,2.00854916e-02,1.40059339e-02,1.08403892e-02,1.67164102e-02,2.42520424e-02,2.58485720e-02,1.55148250e-02,9.67076740e-03,5.17633077e-03,3.58412600e-03,1.57858428e-03,9.54726342e-04,4.55938249e-04,1.15301872e-04,5.90552376e-05,5.27918033e-05,4.66526435e-05,3.39517907e-05,2.99501521e-05,1.90885617e-05,1.81192206e-05,1.30239665e-05,5.74148144e-06,5.54264225e-06,5.34380307e-06,1.13089786e-05,8.87319858e-06,5.09525409e-06,1.96353694e-06,1.91382715e-06,4.67272082e-06
sinr_ul_bin_edges:-30.28966   ,-26.56436525,-22.8390705 ,-19.11377575,-15.388481  ,-11.66318625, -7.9378915 , -4.21259675, -0.487302  ,  3.23799275,  6.9632875 , 10.68858225, 14.413877  , 18.13917175, 21.8644665 , 25.58976125, 29.315056  , 33.04035075, 36.7656455 , 40.49094025, 44.216235  , 47.94152975, 51.6668245 , 55.39211925, 59.117414  , 62.84270875, 66.5680035 , 70.29329825, 74.018593  , 77.74388775, 81.4691825 , 85.19447725, 88.919772  , 92.64506675, 96.3703615 ,100.09565625,103.820951  ,107.54624575,111.2715405 ,114.99683525,118.72213   
sinr_dl:4.74838954e-05,2.43532521e-04,1.43004650e-03,4.24590237e-03,8.79702575e-03,1.82415776e-02,2.69078197e-02,3.78607969e-02,2.18088306e-02,2.18557565e-02,1.45221073e-02,1.19903177e-02,1.80037776e-02,2.67274722e-02,2.64736160e-02,1.53129221e-02,8.59265729e-03,5.03570261e-03,2.75125038e-03,1.46416287e-03,9.29005164e-04,3.07402419e-04,8.84489012e-05,4.90058151e-05,5.11111374e-05,4.41864026e-05,3.47505003e-05,3.32032153e-05,1.69186743e-05,1.77557301e-05,1.15158592e-05,5.78329495e-06,5.55500699e-06,5.50427633e-06,7.17838803e-06,1.45596987e-05,4.56575917e-06,1.97849564e-06,1.92776498e-06,4.71795114e-06
sinr_dl_bin_edges:-23.473597  ,-19.82326698,-16.17293695,-12.52260693, -8.8722769 , -5.22194688, -1.57161685,  2.07871318,  5.7290432 ,  9.37937322, 13.02970325, 16.68003328, 20.3303633 , 23.98069333, 27.63102335, 31.28135337, 34.9316834 , 38.58201342, 42.23234345, 45.88267348, 49.5330035 , 53.18333353, 56.83366355, 60.48399357, 64.1343236 , 67.78465363, 71.43498365, 75.08531368, 78.7356437 , 82.38597372, 86.03630375, 89.68663378, 93.3369638 , 96.98729383,100.63762385,104.28795388,107.9382839 ,111.58861393,115.23894395,118.88927397,122.539604  
rsrp_ul:4.81556993e-05,2.62421228e-04,1.52689348e-03,4.47957336e-03,9.49246238e-03,1.89967525e-02,2.72373158e-02,2.93657828e-02,2.77727932e-02,2.01221994e-02,1.40136315e-02,1.08686022e-02,1.66887825e-02,2.41277696e-02,2.59310986e-02,1.55215162e-02,9.67126961e-03,5.21281718e-03,3.57592097e-03,1.58394482e-03,9.63312772e-04,4.59963958e-04,1.15767494e-04,5.89894893e-05,5.29762389e-05,4.67393552e-05,3.40419546e-05,3.01656445e-05,1.89342843e-05,1.81391437e-05,1.29955783e-05,5.73992082e-06,5.51628754e-06,5.36719869e-06,1.13556009e-05,8.84593858e-06,5.06902098e-06,1.96300322e-06,1.91330694e-06,4.67145071e-06
rsrp_ul_bin_edges:-156.48814   ,-152.76183238,-149.03552477,-145.30921715,-141.58290954,-137.85660192,-134.13029431,-130.40398669,-126.67767908,-122.95137146,-119.22506385,-115.49875623,-111.77244862,-108.046141  ,-104.31983339,-100.59352577, -96.86721816, -93.14091054, -89.41460293, -85.68829531, -81.9619877 , -78.23568008, -74.50937247, -70.78306485, -67.05675724, -63.33044962, -59.60414201, -55.87783439, -52.15152678, -48.42521917, -44.69891155, -40.97260393, -37.24629632, -33.51998871, -29.79368109, -26.06737348, -22.34106586, -18.61475824, -14.88845063, -11.16214301,  -7.4358354 
rsrp_dl:4.74238045e-05,2.41988205e-04,1.41787031e-03,4.24704262e-03,8.77926207e-03,1.82121865e-02,2.68466665e-02,3.79159404e-02,2.17766306e-02,2.18929584e-02,1.45201799e-02,1.20080877e-02,1.79379399e-02,2.67061703e-02,2.64646639e-02,1.53343731e-02,8.64249385e-03,5.02032960e-03,2.77553522e-03,1.46587741e-03,9.32169403e-04,3.09091620e-04,8.84314473e-05,4.89454239e-05,5.12785737e-05,4.42537641e-05,3.47182826e-05,3.36277887e-05,1.66110117e-05,1.78029469e-05,1.14628661e-05,5.80751403e-06,5.55391080e-06,5.47782983e-06,7.20233181e-06,1.45061049e-05,4.59021851e-06,1.97810522e-06,1.92738457e-06,4.71702013e-06
rsrp_dl_bin_edges:-155.18047  ,-151.5294195,-147.878369 ,-144.2273185,-140.576268 ,-136.9252175,-133.274167 ,-129.6231165,-125.972066 ,-122.3210155,-118.669965 ,-115.0189145,-111.367864 ,-107.7168135,-104.065763 ,-100.4147125, -96.763662 , -93.1126115, -89.461561 , -85.8105105, -82.15946  , -78.5084095, -74.857359 , -71.2063085, -67.555258 , -63.9042075, -60.253157 , -56.6021065, -52.951056 , -49.3000055, -45.648955 , -41.9979045, -38.346854 , -34.6958035, -31.044753 , -27.3937025, -23.742652 , -20.0916015, -16.440551 , -12.7895005,  -9.13845  
cqi_ul:0.99724058,0.        ,0.28710625,0.        ,0.        ,0.19441418,0.        ,0.        ,0.10223569,0.        ,0.05496991,0.        ,0.        ,0.07477345,0.        ,0.        ,0.05899309,0.        ,0.12267774,0.        ,0.        ,0.12662685,0.        ,0.        ,0.14415584,0.        ,0.12116393,0.        ,0.        ,0.07162805,0.        ,0.        ,0.0800018 ,0.        ,0.06207603,0.        ,0.        ,0.03583427,0.        ,0.13276902
cqi_ul_bin_edges: 0.   , 0.375, 0.75 , 1.125, 1.5  , 1.875, 2.25 , 2.625, 3.   , 3.375, 3.75 , 4.125, 4.5  , 4.875, 5.25 , 5.625, 6.   , 6.375, 6.75 , 7.125, 7.5  , 7.875, 8.25 , 8.625, 9.   , 9.375, 9.75 ,10.125,10.5  ,10.875,11.25 ,11.625,12.   ,12.375,12.75 ,13.125,13.5  ,13.875,14.25 ,14.625,15.   
cqi_dl:0.4615401 ,0.        ,0.45190562,0.        ,0.        ,0.24908731,0.        ,0.        ,0.1964517 ,0.        ,0.08137512,0.        ,0.        ,0.07086583,0.        ,0.        ,0.03882091,0.        ,0.06212862,0.        ,0.        ,0.07225495,0.        ,0.        ,0.09940386,0.        ,0.12298885,0.        ,0.        ,0.10214038,0.        ,0.        ,0.15268391,0.        ,0.14591138,0.        ,0.        ,0.07666109,0.        ,0.28244703
cqi_dl_bin_edges: 0.   , 0.375, 0.75 , 1.125, 1.5  , 1.875, 2.25 , 2.625, 3.   , 3.375, 3.75 , 4.125, 4.5  , 4.875, 5.25 , 5.625, 6.   , 6.375, 6.75 , 7.125, 7.5  , 7.875, 8.25 , 8.625, 9.   , 9.375, 9.75 ,10.125,10.5  ,10.875,11.25 ,11.625,12.   ,12.375,12.75 ,13.125,13.5  ,13.875,14.25 ,14.625,15.   
mcs_ul:0.68804294,0.0607655 ,0.04338496,0.        ,0.03196495,0.02280418,0.        ,0.01449207,0.01495609,0.        ,0.01912471,0.0209325 ,0.01548625,0.        ,0.01611719,0.03243306,0.        ,0.03328716,0.03324351,0.        ,0.0345923 ,0.0398785 ,0.03734784,0.        ,0.03345964,0.03144961,0.        ,0.01931042,0.01905315,0.        ,0.0255818 ,0.01728491,0.01518889,0.        ,0.01806612,0.01082636,0.        ,0.00837057,0.        ,0.07112626
mcs_ul_bin_edges: 0. , 0.7, 1.4, 2.1, 2.8, 3.5, 4.2, 4.9, 5.6, 6.3, 7. , 7.7, 8.4, 9.1, 9.8,10.5,11.2,11.9,12.6,13.3,14. ,14.7,15.4,16.1,16.8,17.5,18.2,18.9,19.6,20.3,21. ,21.7,22.4,23.1,23.8,24.5,25.2,25.9,26.6,27.3,28. 
mcs_dl:0.48934592,0.05962318,0.07381645,0.        ,0.06071325,0.04452873,0.        ,0.02396792,0.01962589,0.        ,0.01999494,0.0179689 ,0.01055057,0.        ,0.01024634,0.0176439 ,0.        ,0.01563929,0.01815646,0.        ,0.02055155,0.02437374,0.02887833,0.        ,0.03075014,0.03513674,0.        ,0.02514926,0.02955941,0.        ,0.03918949,0.04261486,0.04128868,0.        ,0.03687813,0.02196291,0.        ,0.01910553,0.        ,0.15131091
mcs_dl_bin_edges: 0. , 0.7, 1.4, 2.1, 2.8, 3.5, 4.2, 4.9, 5.6, 6.3, 7. , 7.7, 8.4, 9.1, 9.8,10.5,11.2,11.9,12.6,13.3,14. ,14.7,15.4,16.1,16.8,17.5,18.2,18.9,19.6,20.3,21. ,21.7,22.4,23.1,23.8,24.5,25.2,25.9,26.6,27.3,28. 
eff_ul:2.01971267,0.58147667,0.22972777,0.16401954,0.12084547,0.        ,0.08621261,0.0547882 ,0.        ,0.05654244,0.07230216,0.07913661,0.05854672,0.06093206,0.12261522,0.        ,0.12584418,0.12567915,0.        ,0.13077837,0.        ,0.15076318,0.14119583,0.        ,0.12649627,0.        ,0.1188972 ,0.07300425,0.07203162,0.09671358,0.        ,0.06534668,0.        ,0.05742257,0.        ,0.06830009,0.        ,0.04092975,0.03164544,0.26889727
eff_ul_bin_edges:0.        ,0.18515763,0.37031527,0.5554729 ,0.74063053,0.92578816,1.1109458 ,1.29610343,1.48126106,1.66641869,1.85157632,2.03673396,2.22189159,2.40704922,2.59220686,2.77736449,2.96252212,3.14767975,3.33283738,3.51799502,3.70315265,3.88831028,4.07346792,4.25862555,4.44378318,4.62894081,4.81409844,4.99925608,5.18441371,5.36957134,5.55472897,5.73988661,5.92504424,6.11020187,6.29535951,6.48051714,6.66567477,6.8508324 ,7.03599004,7.22114767,7.4063053 
eff_dl:0.93475779,0.91524505,0.22540916,0.2790677 ,0.22953024,0.        ,0.16834364,0.09061223,0.        ,0.07419692,0.07559212,0.06793254,0.0398871 ,0.03873694,0.06670387,0.        ,0.0591253 ,0.06864164,0.        ,0.07769641,0.        ,0.09214644,0.10917633,0.        ,0.11625283,0.        ,0.13283666,0.09507835,0.1117512 ,0.14815831,0.        ,0.16110813,0.        ,0.15609442,0.        ,0.13942008,0.        ,0.08303216,0.07222964,0.57204034
eff_dl_bin_edges:0.        ,0.18515763,0.37031527,0.5554729 ,0.74063053,0.92578816,1.1109458 ,1.29610343,1.48126106,1.66641869,1.85157632,2.03673396,2.22189159,2.40704922,2.59220686,2.77736449,2.96252212,3.14767975,3.33283738,3.51799502,3.70315265,3.88831028,4.07346792,4.25862555,4.44378318,4.62894081,4.81409844,4.99925608,5.18441371,5.36957134,5.55472897,5.73988661,5.92504424,6.11020187,6.29535951,6.48051714,6.66567477,6.8508324 ,7.03599004,7.22114767,7.4063053 
rul:1.08844331e+00,1.18051024e-02,1.39990252e-03,4.22544631e-04,2.19596557e-04,1.47793590e-04,1.09185451e-04,8.95749677e-05,5.98528291e-05,4.79026908e-05,3.95273803e-05,4.34086218e-05,3.60546906e-05,3.55440009e-05,2.03254488e-05,1.93040694e-05,1.88955177e-05,1.77720004e-05,1.36864831e-05,2.05297246e-05,1.41971728e-05,1.12351727e-05,8.17103469e-06,9.29455196e-06,7.04751742e-06,4.90262081e-06,4.08551734e-06,3.16627594e-06,3.06413801e-06,3.37055181e-06,5.20903461e-06,3.98337941e-06,2.75772421e-06,2.85986214e-06,6.12827601e-07,1.53206900e-06,8.17103469e-07,1.12351727e-06,1.02137934e-06,6.12827601e-07
rul_bin_edges: 0.        , 0.90653705, 1.8130741 , 2.71961115, 3.6261482 , 4.53268525, 5.4392223 , 6.34575935, 7.2522964 , 8.15883345, 9.0653705 , 9.97190755,10.8784446 ,11.78498165,12.6915187 ,13.59805575,14.5045928 ,15.41112985,16.3176669 ,17.22420395,18.130741  ,19.03727805,19.9438151 ,20.85035215,21.7568892 ,22.66342625,23.5699633 ,24.47650035,25.3830374 ,26.28957445,27.1961115 ,28.10264855,29.0091856 ,29.91572265,30.8222597 ,31.72879675,32.6353338 ,33.54187085,34.4484079 ,35.35494495,36.261482  
rdl:5.16136102e-01,2.54317571e-03,3.41228079e-04,1.22413229e-04,4.63977873e-05,2.61077705e-05,1.25009582e-05,1.16355073e-05,8.79875137e-06,6.20239851e-06,4.08685173e-06,3.17332017e-06,2.25978860e-06,1.20201521e-06,1.49049887e-06,1.00969278e-06,1.25009582e-06,1.49049887e-06,1.39433765e-06,7.69289738e-07,5.28886695e-07,2.88483652e-07,1.44241826e-07,4.80806086e-08,9.61612172e-08,0.00000000e+00,4.80806086e-08,0.00000000e+00,4.80806086e-08,0.00000000e+00,0.00000000e+00,0.00000000e+00,0.00000000e+00,4.80806086e-08,4.80806086e-08,0.00000000e+00,1.92322434e-07,0.00000000e+00,4.32725477e-07,2.88483652e-07
rdl_bin_edges: 0.        , 1.92576225, 3.8515245 , 5.77728675, 7.703049  , 9.62881125,11.5545735 ,13.48033575,15.406098  ,17.33186025,19.2576225 ,21.18338475,23.109147  ,25.03490925,26.9606715 ,28.88643375,30.812196  ,32.73795825,34.6637205 ,36.58948275,38.515245  ,40.44100725,42.3667695 ,44.29253175,46.218294  ,48.14405625,50.0698185 ,51.99558075,53.921343  ,55.84710525,57.7728675 ,59.69862975,61.624392  ,63.55015425,65.4759165 ,67.40167875,69.327441  ,71.25320325,73.1789655 ,75.10472775,77.03049   
lul:6.96742542e+00,0.00000000e+00,0.00000000e+00,0.00000000e+00,0.00000000e+00,0.00000000e+00,0.00000000e+00,0.00000000e+00,0.00000000e+00,0.00000000e+00,0.00000000e+00,0.00000000e+00,0.00000000e+00,0.00000000e+00,0.00000000e+00,0.00000000e+00,0.00000000e+00,0.00000000e+00,0.00000000e+00,0.00000000e+00,0.00000000e+00,0.00000000e+00,0.00000000e+00,0.00000000e+00,0.00000000e+00,0.00000000e+00,0.00000000e+00,0.00000000e+00,0.00000000e+00,0.00000000e+00,0.00000000e+00,0.00000000e+00,0.00000000e+00,0.00000000e+00,0.00000000e+00,0.00000000e+00,0.00000000e+00,0.00000000e+00,0.00000000e+00,6.45126667e-07
lul_bin_edges:0.        ,0.14352503,0.28705005,0.43057508,0.5741001 ,0.71762512,0.86115015,1.00467518,1.1482002 ,1.29172522,1.43525025,1.57877527,1.7223003 ,1.86582533,2.00935035,2.15287537,2.2964004 ,2.43992543,2.58345045,2.72697548,2.8705005 ,3.01402553,3.15755055,3.30107558,3.4446006 ,3.58812562,3.73165065,3.87517567,4.0187007 ,4.16222572,4.30575075,4.44927578,4.5928008 ,4.73632582,4.87985085,5.02337588,5.1669009 ,5.31042592,5.45395095,5.59747598,5.741001  
ldl:6.95294804e+02,0.00000000e+00,0.00000000e+00,0.00000000e+00,0.00000000e+00,0.00000000e+00,0.00000000e+00,0.00000000e+00,0.00000000e+00,0.00000000e+00,0.00000000e+00,0.00000000e+00,0.00000000e+00,0.00000000e+00,0.00000000e+00,0.00000000e+00,0.00000000e+00,0.00000000e+00,5.75658330e+02,5.35977767e+02,9.72476750e+00,3.86878010e-03,0.00000000e+00,0.00000000e+00,0.00000000e+00,0.00000000e+00,0.00000000e+00,0.00000000e+00,0.00000000e+00,0.00000000e+00,0.00000000e+00,0.00000000e+00,0.00000000e+00,0.00000000e+00,0.00000000e+00,0.00000000e+00,0.00000000e+00,0.00000000e+00,0.00000000e+00,1.68207830e-04
ldl_bin_edges:0.        ,0.00055046,0.00110092,0.00165138,0.00220184,0.0027523 ,0.00330276,0.00385323,0.00440369,0.00495415,0.00550461,0.00605507,0.00660553,0.00715599,0.00770645,0.00825691,0.00880737,0.00935783,0.00990829,0.01045876,0.01100922,0.01155968,0.01211014,0.0126606 ,0.01321106,0.01376152,0.01431198,0.01486244,0.0154129 ,0.01596336,0.01651382,0.01706429,0.01761475,0.01816521,0.01871567,0.01926613,0.01981659,0.02036705,0.02091751,0.02146797,0.02201843
ilul:2.84394948e-01,7.74787838e-03,5.49196391e-03,4.38375646e-03,4.24433497e-03,4.18118636e-03,3.06118610e-03,2.84032446e-03,1.64500236e-03,1.58879629e-03,1.78318751e-03,1.62797886e-03,1.63821832e-03,1.31518400e-03,1.22955930e-03,1.80819968e-03,1.54191035e-03,1.10522754e-03,1.61453759e-03,1.47118517e-03,1.04816554e-03,9.26369872e-04,4.11892538e-04,4.23653650e-04,8.19251817e-04,8.15701292e-04,6.62077707e-04,4.42420708e-04,4.06693556e-04,4.68288815e-04,2.71107903e-04,2.57222816e-04,3.03760048e-04,2.48283103e-04,4.15601568e-05,4.27965001e-05,8.46419669e-06,1.85134489e-05,1.25219389e-05,3.15426056e-05
ilul_bin_edges:  0.        ,  2.92077525,  5.8415505 ,  8.76232575, 11.683101  , 14.60387625, 17.5246515 , 20.44542675, 23.366202  , 26.28697725, 29.2077525 , 32.12852775, 35.049303  , 37.97007825, 40.8908535 , 43.81162875, 46.732404  , 49.65317925, 52.5739545 , 55.49472975, 58.415505  , 61.33628025, 64.2570555 , 67.17783075, 70.098606  , 73.01938125, 75.9401565 , 78.86093175, 81.781707  , 84.70248225, 87.6232575 , 90.54403275, 93.464808  , 96.38558325, 99.3063585 ,102.22713375,105.147909  ,108.06868425,110.9894595 ,113.91023475,116.83101   
ildl:3.77147336e-01,1.03584030e-02,7.06468369e-03,5.23145242e-03,5.02929481e-03,3.42447747e-03,2.71398608e-03,2.21656560e-03,2.69562276e-03,2.60739023e-03,2.12253412e-03,1.49806040e-03,7.03202437e-04,1.28213029e-03,1.03744709e-03,9.87994994e-04,1.11524959e-03,1.03277572e-03,6.61200367e-04,6.02445794e-04,5.02454289e-04,3.78703225e-04,2.89182035e-04,3.52809332e-04,3.48178231e-04,2.34373965e-04,5.15300560e-04,3.80716747e-04,5.28871699e-04,2.02197883e-04,2.83383092e-04,2.35219645e-04,1.46544134e-04,1.69458015e-04,3.12095916e-05,1.64826914e-04,3.35412501e-04,1.45497102e-04,1.48597926e-05,1.32932725e-04
ildl_bin_edges: 0.        , 2.29925025, 4.5985005 , 6.89775075, 9.197001  ,11.49625125,13.7955015 ,16.09475175,18.394002  ,20.69325225,22.9925025 ,25.29175275,27.591003  ,29.89025325,32.1895035 ,34.48875375,36.788004  ,39.08725425,41.3865045 ,43.68575475,45.985005  ,48.28425525,50.5835055 ,52.88275575,55.182006  ,57.48125625,59.7805065 ,62.07975675,64.379007  ,66.67825725,68.9775075 ,71.27675775,73.576008  ,75.87525825,78.1745085 ,80.47375875,82.773009  ,85.07225925,87.3715095 ,89.67075975,91.97001   
eul:6.82144287e+01,0.00000000e+00,0.00000000e+00,0.00000000e+00,0.00000000e+00,0.00000000e+00,0.00000000e+00,0.00000000e+00,0.00000000e+00,0.00000000e+00,3.06301226e-03,7.70819116e-03,6.01690958e-03,5.06605081e-03,9.68005401e-03,1.22910187e-02,1.28132116e-02,9.49299983e-03,4.22274820e-02,4.32732708e+00,1.14023554e+01,6.27099151e-02,1.02879801e-02,1.06387067e-02,6.28969693e-03,5.98573388e-03,4.94914195e-03,5.09722651e-03,4.32562800e-03,3.92813786e-03,3.14874543e-03,1.94068716e-03,1.66789981e-03,5.76750400e-04,2.49405578e-04,3.27344822e-04,1.55878487e-05,0.00000000e+00,3.11756973e-04,1.63672411e-04
eul_bin_edges:0.     ,0.01188,0.02376,0.03564,0.04752,0.0594 ,0.07128,0.08316,0.09504,0.10692,0.1188 ,0.13068,0.14256,0.15444,0.16632,0.1782 ,0.19008,0.20196,0.21384,0.22572,0.2376 ,0.24948,0.26136,0.27324,0.28512,0.297  ,0.30888,0.32076,0.33264,0.34452,0.3564 ,0.36828,0.38016,0.39204,0.40392,0.4158 ,0.42768,0.43956,0.45144,0.46332,0.4752 
edl:8.40713948e+01,0.00000000e+00,0.00000000e+00,0.00000000e+00,0.00000000e+00,0.00000000e+00,0.00000000e+00,0.00000000e+00,0.00000000e+00,0.00000000e+00,1.37857852e-04,1.07042568e-03,1.11097210e-03,8.92021397e-04,9.81223537e-04,1.87324493e-03,2.21383492e-03,2.03543064e-03,1.75160565e-03,1.29424195e-02,1.60494112e+00,1.85683985e+00,1.23990974e-02,1.71105922e-03,2.14085135e-03,1.11097210e-03,9.08239968e-04,7.54163545e-04,9.08239968e-04,8.10928543e-04,7.62272830e-04,4.70338555e-04,3.89245700e-04,1.37857852e-04,1.62185709e-04,8.10928543e-06,4.05464271e-05,2.43278563e-05,0.00000000e+00,8.92021397e-05
edl_bin_edges:0.      ,0.011418,0.022836,0.034254,0.045672,0.05709 ,0.068508,0.079926,0.091344,0.102762,0.11418 ,0.125598,0.137016,0.148434,0.159852,0.17127 ,0.182688,0.194106,0.205524,0.216942,0.22836 ,0.239778,0.251196,0.262614,0.274032,0.28545 ,0.296868,0.308286,0.319704,0.331122,0.34254 ,0.353958,0.365376,0.376794,0.388212,0.39963 ,0.411048,0.422466,0.433884,0.445302,0.45672 
gul:1.43459332e+01,0.00000000e+00,0.00000000e+00,0.00000000e+00,0.00000000e+00,0.00000000e+00,0.00000000e+00,0.00000000e+00,0.00000000e+00,1.83250281e-02,2.98692355e-02,1.90745610e-02,2.72003380e-02,5.12904649e-02,5.72937329e-02,5.03377876e-02,1.13347584e-01,1.62128375e+01,4.43266950e+01,1.71523945e-01,5.02467228e-02,3.89266749e-02,3.25101130e-02,2.41671816e-02,1.67979425e-02,1.83460431e-02,1.43742193e-02,1.43461994e-02,7.08203496e-03,6.20641244e-03,2.89305681e-03,9.73692245e-04,1.09277691e-03,0.00000000e+00,3.50249009e-04,1.11379185e-03,0.00000000e+00,0.00000000e+00,0.00000000e+00,1.26089643e-03
gul_bin_edges:0.        ,0.013218  ,0.026436  ,0.039654  ,0.052872  ,0.06608999,0.07930799,0.09252599,0.10574399,0.11896199,0.13217999,0.14539799,0.15861599,0.17183399,0.18505199,0.19826998,0.21148798,0.22470598,0.23792398,0.25114198,0.26435998,0.27757798,0.29079598,0.30401398,0.31723198,0.33044998,0.34366797,0.35688597,0.37010397,0.38332197,0.39653997,0.40975797,0.42297597,0.43619397,0.44941197,0.46262996,0.47584796,0.48906596,0.50228396,0.51550196,0.52871996
gdl:3.03239287e+00,0.00000000e+00,0.00000000e+00,0.00000000e+00,0.00000000e+00,0.00000000e+00,0.00000000e+00,0.00000000e+00,0.00000000e+00,2.09659057e-02,3.65029517e-02,2.36768330e-02,3.24260532e-02,6.04950088e-02,6.84456613e-02,5.81483405e-02,1.40071584e-01,1.93035398e+01,5.23937422e+01,2.10513664e-01,5.79732160e-02,4.67162128e-02,3.75466938e-02,2.87764586e-02,2.11340252e-02,2.19536079e-02,1.75614853e-02,1.71622014e-02,8.58810570e-03,7.39725907e-03,3.14523610e-03,1.22587153e-03,1.23988149e-03,0.00000000e+00,5.53393434e-04,1.26089643e-03,0.00000000e+00,0.00000000e+00,0.00000000e+00,1.26089643e-03
gdl_bin_edges:0.        ,0.013218  ,0.026436  ,0.039654  ,0.052872  ,0.06608999,0.07930799,0.09252599,0.10574399,0.11896199,0.13217999,0.14539799,0.15861599,0.17183399,0.18505199,0.19826998,0.21148798,0.22470598,0.23792398,0.25114198,0.26435998,0.27757798,0.29079598,0.30401398,0.31723198,0.33044998,0.34366797,0.35688597,0.37010397,0.38332197,0.39653997,0.40975797,0.42297597,0.43619397,0.44941197,0.46262996,0.47584796,0.48906596,0.50228396,0.51550196,0.52871996
ri:34.12511748, 0.        , 0.        , 0.        , 0.        , 0.        , 0.        , 0.        , 0.        , 0.        , 0.        , 0.        , 0.        , 0.        , 0.        , 0.        , 0.        , 0.        , 0.        , 0.        , 0.        , 0.        , 0.        , 0.        , 0.        , 0.        , 0.        , 0.        , 0.        , 0.        , 0.        , 0.        , 0.        , 0.        , 0.        , 0.        , 0.        , 0.        , 0.        , 5.87488252
ri_bin_edges:1.   ,1.025,1.05 ,1.075,1.1  ,1.125,1.15 ,1.175,1.2  ,1.225,1.25 ,1.275,1.3  ,1.325,1.35 ,1.375,1.4  ,1.425,1.45 ,1.475,1.5  ,1.525,1.55 ,1.575,1.6  ,1.625,1.65 ,1.675,1.7  ,1.725,1.75 ,1.775,1.8  ,1.825,1.85 ,1.875,1.9  ,1.925,1.95 ,1.975,2.   
