period:1
ue_log_freq:1000
mac_log_freq:1000
mimo_layers:2
frequency:2412000000.0
bandwidth:50000000
ue_speed:5.555555555555555
max_distance:1000
shannon_cfg_bandwidth_mhz:50.0
shannon_cfg_mimo_layers:2
shannon_cfg_bw_efficiency:0.67
shannon_cfg_sinr_offset_db:0
shannon_cfg_ul_divisor:2
shannon_cfg_sinr_sample_rate:1000
n_ue:3
sinr_period:9.463597741343282
sinr_rate:105.66805852612856
ul_fairness:1.0
dl_fairness:0.9999999999995268
ul_agg_throughput:0.7688895268400067
dl_agg_throughput:21.421498799016447
ul_ave_throughput:0.2562965089466689
dl_ave_throughput:7.140499599672149
ul_se:0.015377790536800134
dl_se:0.4284299759803289
ul_ase:4.894902755527024e-09
dl_ase:1.3637349689202268e-07
ul_gr:0.12153342466575334, 0.12153342466575334, 0.12153342466575334
dl_gr:5.496878871211288, 5.496889751102488, 5.49688967110329
ul_tr:0.12153342312316877, 0.12153342321506785, 0.12153342325346746
dl_tr:5.4968788271352285, 5.49688970699793, 5.49688962700773
ul_er:0.0, 0.0, 0.0
dl_er:26.33158060419396, 26.331569724302756, 26.331569804301957
ul_er_ratio:0.0, 0.0, 0.0
dl_er_ratio:0.8272967361491403, 0.8272963943208578, 0.8272963968340725
ul_er_perc:0.0, 0.0, 0.0
dl_er_perc:82.72967361491403, 82.72963943208578, 82.72963968340726
ul_l:0.0005290199036649633, 0.0005290223744882553, 0.0005290180856381436
dl_l:0.001081275778417216, 0.0010811991566234338, 0.0010812082476575236
ul_il:0.0005339825667823321, 0.0005339823667233328, 0.0005339840407715923
dl_il:0.24975262353060873, 0.24979072540661096, 0.24975915203692362
sinr_ul:0.01424818,0.02108511,0.02309636,0.0474382 ,0.07110229,0.03469075,0.09505904,0.05611254,0.07393652,0.05376462,0.03741056,0.02339783,0.03125799,0.02316458,0.01052055,0.00971077,0.00643644,0.00741786,0.00747727,0.00333595,0.00077017,0.0004555 ,0.00041809,0.00039389,0.00037408,0.00036088,0.00035208,0.00034108,0.00033447,0.00033007,0.00032347,0.00032127,0.00031687,0.00031467,0.00031247,0.00031027,0.00031247,0.00039829,0.00060514,0.00214548
sinr_ul_bin_edges:18.78626   ,20.30105775,21.8158555 ,23.33065325,24.845451  ,26.36024875,27.8750465 ,29.38984425,30.904642  ,32.41943975,33.9342375 ,35.44903525,36.963833  ,38.47863075,39.9934285 ,41.50822625,43.023024  ,44.53782175,46.0526195 ,47.56741725,49.082215  ,50.59701275,52.1118105 ,53.62660825,55.141406  ,56.65620375,58.1710015 ,59.68579925,61.200597  ,62.71539475,64.2301925 ,65.74499025,67.259788  ,68.77458575,70.2893835 ,71.80418125,73.318979  ,74.83377675,76.3485745 ,77.86337225,79.37817   
sinr_dl:0.01424816,0.02108507,0.02309632,0.04743811,0.07110216,0.03467088,0.09505446,0.05609923,0.07395619,0.05376671,0.03742589,0.02339778,0.03125132,0.02316233,0.01052273,0.00971295,0.00643643,0.00741784,0.00747506,0.00334254,0.00077017,0.0004555 ,0.00041809,0.00039389,0.00037408,0.00036088,0.00035208,0.00034108,0.00033447,0.00033007,0.00032347,0.00032127,0.00031687,0.00031467,0.00031247,0.00031027,0.00031247,0.00039829,0.00060513,0.00214548
sinr_dl_bin_edges:28.528555  ,30.04335563,31.55815625,33.07295688,34.5877575 ,36.10255813,37.61735875,39.13215938,40.64696   ,42.16176062,43.67656125,45.19136187,46.7061625 ,48.22096312,49.73576375,51.25056438,52.765365  ,54.28016563,55.79496625,57.30976688,58.8245675 ,60.33936813,61.85416875,63.36896938,64.88377   ,66.39857063,67.91337125,69.42817188,70.9429725 ,72.45777313,73.97257375,75.48737438,77.002175  ,78.51697563,80.03177625,81.54657687,83.0613775 ,84.57617812,86.09097875,87.60577938,89.12058   
rsrp_ul:0.01425309,0.02107935,0.02309885,0.04750444,0.07100368,0.03249899,0.09351296,0.05357174,0.07769795,0.05391493,0.03854209,0.0241394 ,0.0302837 ,0.02360703,0.01074867,0.00992371,0.00625869,0.00742903,0.00738723,0.0040192 ,0.00077876,0.00045538,0.00041578,0.00039598,0.00037618,0.00036078,0.00034978,0.00034318,0.00033438,0.00032998,0.00032338,0.00031898,0.00031678,0.00031458,0.00031458,0.00031018,0.00031238,0.00039818,0.00060497,0.00214489
rsrp_ul_bin_edges:-91.93845  ,-90.4232385,-88.908027 ,-87.3928155,-85.877604 ,-84.3623925,-82.847181 ,-81.3319695,-79.816758 ,-78.3015465,-76.786335 ,-75.2711235,-73.755912 ,-72.2407005,-70.725489 ,-69.2102775,-67.695066 ,-66.1798545,-64.664643 ,-63.1494315,-61.63422  ,-60.1190085,-58.603797 ,-57.0885855,-55.573374 ,-54.0581625,-52.542951 ,-51.0277395,-49.512528 ,-47.9973165,-46.482105 ,-44.9668935,-43.451682 ,-41.9364705,-40.421259 ,-38.9060475,-37.390836 ,-35.8756245,-34.360413 ,-32.8452015,-31.32999  
rsrp_dl:0.01425309,0.02107935,0.02309885,0.04750444,0.07100367,0.03249899,0.09351296,0.05357174,0.07769794,0.05391492,0.03854209,0.0241394 ,0.0302837 ,0.02360703,0.01074867,0.00992371,0.00625869,0.00742903,0.00738723,0.0040192 ,0.00077876,0.00045538,0.00041578,0.00039598,0.00037618,0.00036078,0.00034978,0.00034318,0.00033438,0.00032998,0.00032338,0.00031898,0.00031678,0.00031458,0.00031458,0.00031018,0.00031238,0.00039818,0.00060497,0.00214489
rsrp_dl_bin_edges:-88.928154 ,-87.4129424,-85.8977308,-84.3825192,-82.8673076,-81.352096 ,-79.8368844,-78.3216728,-76.8064612,-75.2912496,-73.776038 ,-72.2608264,-70.7456148,-69.2304032,-67.7151916,-66.19998  ,-64.6847684,-63.1695568,-61.6543452,-60.1391336,-58.623922 ,-57.1087104,-55.5934988,-54.0782872,-52.5630756,-51.047864 ,-49.5326524,-48.0174408,-46.5022292,-44.9870176,-43.471806 ,-41.9565944,-40.4413828,-38.9261712,-37.4109596,-35.895748 ,-34.3805364,-32.8653248,-31.3501132,-29.8349016,-28.31969  
cqi_ul: 0., 0., 0., 0., 0., 0., 0., 0., 0., 0., 0., 0., 0., 0., 0., 0., 0., 0., 0., 0.,40., 0., 0., 0., 0., 0., 0., 0., 0., 0., 0., 0., 0., 0., 0., 0., 0., 0., 0., 0.
cqi_ul_bin_edges:14.5  ,14.525,14.55 ,14.575,14.6  ,14.625,14.65 ,14.675,14.7  ,14.725,14.75 ,14.775,14.8  ,14.825,14.85 ,14.875,14.9  ,14.925,14.95 ,14.975,15.   ,15.025,15.05 ,15.075,15.1  ,15.125,15.15 ,15.175,15.2  ,15.225,15.25 ,15.275,15.3  ,15.325,15.35 ,15.375,15.4  ,15.425,15.45 ,15.475,15.5  
cqi_dl: 0., 0., 0., 0., 0., 0., 0., 0., 0., 0., 0., 0., 0., 0., 0., 0., 0., 0., 0., 0.,40., 0., 0., 0., 0., 0., 0., 0., 0., 0., 0., 0., 0., 0., 0., 0., 0., 0., 0., 0.
cqi_dl_bin_edges:14.5  ,14.525,14.55 ,14.575,14.6  ,14.625,14.65 ,14.675,14.7  ,14.725,14.75 ,14.775,14.8  ,14.825,14.85 ,14.875,14.9  ,14.925,14.95 ,14.975,15.   ,15.025,15.05 ,15.075,15.1  ,15.125,15.15 ,15.175,15.2  ,15.225,15.25 ,15.275,15.3  ,15.325,15.35 ,15.375,15.4  ,15.425,15.45 ,15.475,15.5  
mcs_ul: 0., 0., 0., 0., 0., 0., 0., 0., 0., 0., 0., 0., 0., 0., 0., 0., 0., 0., 0., 0.,40., 0., 0., 0., 0., 0., 0., 0., 0., 0., 0., 0., 0., 0., 0., 0., 0., 0., 0., 0.
mcs_ul_bin_edges:27.5  ,27.525,27.55 ,27.575,27.6  ,27.625,27.65 ,27.675,27.7  ,27.725,27.75 ,27.775,27.8  ,27.825,27.85 ,27.875,27.9  ,27.925,27.95 ,27.975,28.   ,28.025,28.05 ,28.075,28.1  ,28.125,28.15 ,28.175,28.2  ,28.225,28.25 ,28.275,28.3  ,28.325,28.35 ,28.375,28.4  ,28.425,28.45 ,28.475,28.5  
mcs_dl: 0., 0., 0., 0., 0., 0., 0., 0., 0., 0., 0., 0., 0., 0., 0., 0., 0., 0., 0., 0.,40., 0., 0., 0., 0., 0., 0., 0., 0., 0., 0., 0., 0., 0., 0., 0., 0., 0., 0., 0.
mcs_dl_bin_edges:27.5  ,27.525,27.55 ,27.575,27.6  ,27.625,27.65 ,27.675,27.7  ,27.725,27.75 ,27.775,27.8  ,27.825,27.85 ,27.875,27.9  ,27.925,27.95 ,27.975,28.   ,28.025,28.05 ,28.075,28.1  ,28.125,28.15 ,28.175,28.2  ,28.225,28.25 ,28.275,28.3  ,28.325,28.35 ,28.375,28.4  ,28.425,28.45 ,28.475,28.5  
eff_ul: 0., 0., 0., 0., 0., 0., 0., 0., 0., 0., 0., 0., 0., 0., 0., 0., 0., 0., 0., 0.,40., 0., 0., 0., 0., 0., 0., 0., 0., 0., 0., 0., 0., 0., 0., 0., 0., 0., 0., 0.
eff_ul_bin_edges:5.0545974,5.0795974,5.1045974,5.1295974,5.1545974,5.1795974,5.2045974,5.2295974,5.2545974,5.2795974,5.3045974,5.3295974,5.3545974,5.3795974,5.4045974,5.4295974,5.4545974,5.4795974,5.5045974,5.5295974,5.5545974,5.5795974,5.6045974,5.6295974,5.6545974,5.6795974,5.7045974,5.7295974,5.7545974,5.7795974,5.8045974,5.8295974,5.8545974,5.8795974,5.9045974,5.9295974,5.9545974,5.9795974,6.0045974,6.0295974,6.0545974
eff_dl: 0., 0., 0., 0., 0., 0., 0., 0., 0., 0., 0., 0., 0., 0., 0., 0., 0., 0., 0., 0.,40., 0., 0., 0., 0., 0., 0., 0., 0., 0., 0., 0., 0., 0., 0., 0., 0., 0., 0., 0.
eff_dl_bin_edges:5.0545974,5.0795974,5.1045974,5.1295974,5.1545974,5.1795974,5.2045974,5.2295974,5.2545974,5.2795974,5.3045974,5.3295974,5.3545974,5.3795974,5.4045974,5.4295974,5.4545974,5.4795974,5.5045974,5.5295974,5.5545974,5.5795974,5.6045974,5.6295974,5.6545974,5.6795974,5.7045974,5.7295974,5.7545974,5.7795974,5.8045974,5.8295974,5.8545974,5.8795974,5.9045974,5.9295974,5.9545974,5.9795974,6.0045974,6.0295974,6.0545974
rul:1.28638383e+00,8.06259511e-02,3.69990484e-04,5.93811888e-05,2.74067025e-05,1.59872432e-04,7.76523239e-05,6.85167564e-05,5.02456213e-05,8.22201076e-05,8.67878914e-05,4.11100538e-05,4.56778376e-05,1.59872432e-04,1.27897945e-04,5.02456213e-05,9.13556751e-05,7.30845401e-05,4.43075024e-04,8.72446698e-04,1.82711350e-05,9.13556751e-06,0.00000000e+00,0.00000000e+00,4.56778376e-06,0.00000000e+00,9.13556751e-06,2.74067025e-05,1.37033513e-05,0.00000000e+00,0.00000000e+00,0.00000000e+00,4.56778376e-06,2.28389188e-05,0.00000000e+00,2.74067025e-05,2.74067025e-05,1.37033513e-05,1.82711350e-04,9.13556751e-05
rul_bin_edges: 0.       , 0.7297412, 1.4594824, 2.1892236, 2.9189648, 3.648706 , 4.3784472, 5.1081884, 5.8379296, 6.5676708, 7.297412 , 8.0271532, 8.7568944, 9.4866356,10.2163768,10.946118 ,11.6758592,12.4056004,13.1353416,13.8650828,14.594824 ,15.3245652,16.0543064,16.7840476,17.5137888,18.24353  ,18.9732712,19.7030124,20.4327536,21.1624948,21.892236 ,22.6219772,23.3517184,24.0814596,24.8112008,25.540942 ,26.2706832,27.0004244,27.7301656,28.4599068,29.189648 
rdl:9.78089666e-01,3.22506747e-04,2.93187952e-05,6.35240562e-05,5.37511245e-05,1.95458634e-05,9.77293172e-05,7.81834538e-05,8.30699197e-05,1.17275181e-04,1.61253373e-04,1.95458634e-05,5.37511245e-05,5.86375903e-05,2.10118032e-04,5.37511245e-05,2.93187952e-05,2.93187952e-05,1.23647132e-01,2.47274718e-01,4.88646586e-06,0.00000000e+00,0.00000000e+00,9.77293172e-06,1.46593976e-05,4.88646586e-06,0.00000000e+00,0.00000000e+00,2.93187952e-05,2.93187952e-05,0.00000000e+00,9.77293172e-06,4.88646586e-06,0.00000000e+00,0.00000000e+00,0.00000000e+00,0.00000000e+00,0.00000000e+00,7.69031997e-02,3.84515999e-02
rdl_bin_edges: 0.        , 0.68214945, 1.3642989 , 2.04644835, 2.7285978 , 3.41074725, 4.0928967 , 4.77504615, 5.4571956 , 6.13934505, 6.8214945 , 7.50364395, 8.1857934 , 8.86794285, 9.5500923 ,10.23224175,10.9143912 ,11.59654065,12.2786901 ,12.96083955,13.642989  ,14.32513845,15.0072879 ,15.68943735,16.3715868 ,17.05373625,17.7358857 ,18.41803515,19.1001846 ,19.78233405,20.4644835 ,21.14663295,21.8287824 ,22.51093185,23.1930813 ,23.87523075,24.5573802 ,25.23952965,25.9216791 ,26.60382855,27.285978  
lul:8.18505917e+03,0.00000000e+00,0.00000000e+00,0.00000000e+00,0.00000000e+00,0.00000000e+00,0.00000000e+00,0.00000000e+00,0.00000000e+00,0.00000000e+00,0.00000000e+00,0.00000000e+00,0.00000000e+00,0.00000000e+00,0.00000000e+00,0.00000000e+00,0.00000000e+00,0.00000000e+00,0.00000000e+00,0.00000000e+00,0.00000000e+00,0.00000000e+00,0.00000000e+00,0.00000000e+00,0.00000000e+00,0.00000000e+00,0.00000000e+00,0.00000000e+00,0.00000000e+00,1.09201163e+03,2.14789949e+00,2.92895385e-01,1.85500411e+00,6.50878634e-01,9.77945148e+01,1.75086353e+01,1.00886188e+00,8.78686156e-01,1.89308051e+02,1.74760913e+02
lul_bin_edges:0.        ,0.00010242,0.00020485,0.00030727,0.0004097 ,0.00051212,0.00061455,0.00071697,0.0008194 ,0.00092182,0.00102425,0.00112667,0.0012291 ,0.00133152,0.00143394,0.00153637,0.00163879,0.00174122,0.00184364,0.00194607,0.00204849,0.00215092,0.00225334,0.00235577,0.00245819,0.00256062,0.00266304,0.00276546,0.00286789,0.00297031,0.00307274,0.00317516,0.00327759,0.00338001,0.00348244,0.00358486,0.00368729,0.00378971,0.00389214,0.00399456,0.00409699
ldl:5.95583854e+03,0.00000000e+00,0.00000000e+00,0.00000000e+00,0.00000000e+00,0.00000000e+00,0.00000000e+00,0.00000000e+00,0.00000000e+00,0.00000000e+00,0.00000000e+00,0.00000000e+00,0.00000000e+00,0.00000000e+00,0.00000000e+00,0.00000000e+00,0.00000000e+00,0.00000000e+00,0.00000000e+00,0.00000000e+00,0.00000000e+00,0.00000000e+00,0.00000000e+00,0.00000000e+00,0.00000000e+00,0.00000000e+00,1.79403649e+03,1.47159717e+02,7.15670359e-01,8.94587948e-02,2.41538746e+00,7.00671101e+02,1.46116032e+00,2.38556786e-01,1.58043871e+00,3.41672957e+02,0.00000000e+00,0.00000000e+00,0.00000000e+00,8.94587948e-02
ldl_bin_edges:0.        ,0.00011178,0.00022356,0.00033535,0.00044713,0.00055891,0.00067069,0.00078248,0.00089426,0.00100604,0.00111782,0.0012296 ,0.00134139,0.00145317,0.00156495,0.00167673,0.00178852,0.0019003 ,0.00201208,0.00212386,0.00223564,0.00234743,0.00245921,0.00257099,0.00268277,0.00279455,0.00290634,0.00301812,0.0031299 ,0.00324168,0.00335347,0.00346525,0.00357703,0.00368881,0.00380059,0.00391238,0.00402416,0.00413594,0.00424772,0.00435951,0.00447129
ilul:1.86323732e+03,0.00000000e+00,0.00000000e+00,0.00000000e+00,0.00000000e+00,0.00000000e+00,2.47850836e+02,2.24248111e+01,8.68915127e+01,1.40756991e-01,4.44495760e-02,5.40803174e-01,3.70413133e-02,1.55573516e-01,0.00000000e+00,1.33348728e-01,7.40826266e-03,1.40756991e-01,7.40826266e-03,4.44495760e-02,4.44495760e-02,2.22247880e-02,6.66743639e-02,2.96330506e-02,1.25940465e-01,2.22247880e-02,1.33348728e-01,0.00000000e+00,8.88991519e-02,0.00000000e+00,6.66743639e-02,8.88991519e-02,0.00000000e+00,2.22247880e-02,0.00000000e+00,4.44495760e-02,2.22247880e-02,2.22247880e-02,2.22247880e-02,2.22247880e-02
ilul_bin_edges:0.        ,0.00044994,0.00089989,0.00134983,0.00179977,0.00224972,0.00269966,0.0031496 ,0.00359955,0.00404949,0.00449944,0.00494938,0.00539932,0.00584927,0.00629921,0.00674915,0.0071991 ,0.00764904,0.00809898,0.00854893,0.00899887,0.00944881,0.00989876,0.0103487 ,0.01079865,0.01124859,0.01169853,0.01214848,0.01259842,0.01304836,0.01349831,0.01394825,0.01439819,0.01484814,0.01529808,0.01574802,0.01619797,0.01664791,0.01709785,0.0175478 ,0.01799774
ildl:3.20757048e+01,9.47343309e-02,9.18635936e-02,7.94237320e-02,6.25182790e-02,5.99665125e-02,5.64578336e-02,6.17208520e-02,5.88501147e-02,5.31086401e-02,5.98070271e-02,6.02854833e-02,5.21517276e-02,5.93285709e-02,4.97594466e-02,4.35395157e-02,3.25350228e-02,3.30134790e-02,2.67935481e-02,2.29658984e-02,2.39228108e-02,2.02546465e-02,2.32848692e-02,2.24874422e-02,2.24874422e-02,1.96167049e-02,2.15305298e-02,2.20089860e-02,2.31253838e-02,3.81170119e-02,4.30610595e-02,4.46559136e-02,4.38584866e-02,4.38584866e-02,4.48153990e-02,3.20565665e-02,3.31729644e-02,1.69245912e+00,1.04375224e+01,2.05927556e+00
ildl_bin_edges:0.        ,0.02090035,0.04180069,0.06270104,0.08360138,0.10450173,0.12540207,0.14630242,0.16720276,0.1881031 ,0.20900345,0.2299038 ,0.25080414,0.27170448,0.29260483,0.31350518,0.33440552,0.35530586,0.37620621,0.39710656,0.4180069 ,0.43890725,0.45980759,0.48070794,0.50160828,0.52250863,0.54340897,0.56430932,0.58520966,0.60611001,0.62701035,0.64791069,0.66881104,0.68971139,0.71061173,0.73151208,0.75241242,0.77331277,0.79421311,0.81511345,0.8360138 
eul: 0., 0., 0., 0., 0., 0., 0., 0., 0., 0., 0., 0., 0., 0., 0., 0., 0., 0., 0., 0.,40., 0., 0., 0., 0., 0., 0., 0., 0., 0., 0., 0., 0., 0., 0., 0., 0., 0., 0., 0.
eul_bin_edges:-0.5  ,-0.475,-0.45 ,-0.425,-0.4  ,-0.375,-0.35 ,-0.325,-0.3  ,-0.275,-0.25 ,-0.225,-0.2  ,-0.175,-0.15 ,-0.125,-0.1  ,-0.075,-0.05 ,-0.025, 0.   , 0.025, 0.05 , 0.075, 0.1  , 0.125, 0.15 , 0.175, 0.2  , 0.225, 0.25 , 0.275, 0.3  , 0.325, 0.35 , 0.375, 0.4  , 0.425, 0.45 , 0.475, 0.5  
edl:7.90658760e-02,2.60603455e-05,2.78785091e-05,8.54536909e-05,9.66657000e-05,7.69689273e-05,9.63626727e-05,3.98177836e-04,6.06054546e-05,1.93634427e-04,1.96695003e-03,1.88149634e-03,7.19083718e-04,2.10603955e-04,2.79391145e-04,5.63630727e-05,8.12113091e-05,8.24234182e-05,8.78779091e-05,1.13029173e-04,2.00907082e-04,2.43633927e-04,5.54539909e-05,9.09081818e-05,1.10907982e-04,3.43026873e-04,7.15144364e-04,1.77058835e-03,1.22150294e-03,3.49390445e-04,3.72723545e-05,2.63633727e-05,1.84846636e-05,1.27271455e-05,1.51513636e-05,1.57574182e-05,1.36362273e-05,2.36361273e-05,1.48483364e-05,2.36361273e-05
edl_bin_edges:  0., 11., 22., 33., 44., 55., 66., 77., 88., 99.,110.,121.,132.,143.,154.,165.,176.,187.,198.,209.,220.,231.,242.,253.,264.,275.,286.,297.,308.,319.,330.,341.,352.,363.,374.,385.,396.,407.,418.,429.,440.
gul:2.85471335e-01,2.85825759e-05,8.28894701e-05,2.57243183e-05,8.57477277e-06,7.14564397e-05,1.14330304e-05,4.28738638e-05,1.71495455e-05,1.71495455e-05,2.85825759e-06,2.28660607e-05,0.00000000e+00,2.85825759e-06,0.00000000e+00,0.00000000e+00,2.85825759e-06,5.71651518e-06,0.00000000e+00,0.00000000e+00,2.85825759e-06,0.00000000e+00,2.85825759e-06,0.00000000e+00,0.00000000e+00,0.00000000e+00,0.00000000e+00,0.00000000e+00,2.85825759e-06,0.00000000e+00,0.00000000e+00,0.00000000e+00,0.00000000e+00,0.00000000e+00,2.85825759e-06,0.00000000e+00,0.00000000e+00,0.00000000e+00,0.00000000e+00,2.85825759e-06
gul_bin_edges:  0.    ,  3.4986,  6.9972, 10.4958, 13.9944, 17.493 , 20.9916, 24.4902, 27.9888, 31.4874, 34.986 , 38.4846, 41.9832, 45.4818, 48.9804, 52.479 , 55.9776, 59.4762, 62.9748, 66.4734, 69.972 , 73.4706, 76.9692, 80.4678, 83.9664, 87.465 , 90.9636, 94.4622, 97.9608,101.4594,104.958 ,108.4566,111.9552,115.4538,118.9524,122.451 ,125.9496,129.4482,132.9468,136.4454,139.944 
gdl:7.00888336e-02,1.58508992e-05,5.66789729e-05,2.64181653e-05,1.68115597e-05,2.46409433e-04,8.88611015e-06,6.19626059e-05,2.05341194e-04,2.14947800e-04,6.74864041e-05,4.29895599e-05,2.95403121e-05,9.84677071e-06,2.49771745e-05,2.04140368e-05,2.06542020e-05,3.19419635e-05,2.54575048e-05,3.07411378e-05,1.34492478e-04,2.27196222e-04,3.14856498e-04,5.78797986e-05,4.80330278e-06,4.56313765e-06,7.20495418e-06,1.17680918e-05,1.05672661e-05,7.92544959e-06,9.84677071e-06,1.22484221e-05,0.00000000e+00,0.00000000e+00,0.00000000e+00,0.00000000e+00,0.00000000e+00,0.00000000e+00,0.00000000e+00,7.20495418e-07
gdl_bin_edges:  0.    , 13.8792, 27.7584, 41.6376, 55.5168, 69.396 , 83.2752, 97.1544,111.0336,124.9128,138.792 ,152.6712,166.5504,180.4296,194.3088,208.188 ,222.0672,235.9464,249.8256,263.7048,277.584 ,291.4632,305.3424,319.2216,333.1008,346.98  ,360.8592,374.7384,388.6176,402.4968,416.376 ,430.2552,444.1344,458.0136,471.8928,485.772 ,499.6512,513.5304,527.4096,541.2888,555.168 
ri: 0., 0., 0., 0., 0., 0., 0., 0., 0., 0., 0., 0., 0., 0., 0., 0., 0., 0., 0., 0.,40., 0., 0., 0., 0., 0., 0., 0., 0., 0., 0., 0., 0., 0., 0., 0., 0., 0., 0., 0.
ri_bin_edges:0.5  ,0.525,0.55 ,0.575,0.6  ,0.625,0.65 ,0.675,0.7  ,0.725,0.75 ,0.775,0.8  ,0.825,0.85 ,0.875,0.9  ,0.925,0.95 ,0.975,1.   ,1.025,1.05 ,1.075,1.1  ,1.125,1.15 ,1.175,1.2  ,1.225,1.25 ,1.275,1.3  ,1.325,1.35 ,1.375,1.4  ,1.425,1.45 ,1.475,1.5  
