period:1
ue_log_freq:1000
mac_log_freq:1000
mimo_layers:2
frequency:2412000000.0
bandwidth:50000000
ue_speed:5.555555555555555
max_distance:1000
shannon_cfg_bandwidth_mhz:50.0
shannon_cfg_mimo_layers:2
shannon_cfg_bw_efficiency:0.67
shannon_cfg_sinr_offset_db:0
shannon_cfg_ul_divisor:2
shannon_cfg_sinr_sample_rate:1000
n_ue:3
sinr_period:9.463597741343282
sinr_rate:105.66805852612856
ul_fairness:0.9922431935186458
dl_fairness:0.996455110689241
ul_agg_throughput:1.6065489757801188
dl_agg_throughput:1.3862652269153157
ul_ave_throughput:0.5355163252600396
dl_ave_throughput:0.4620884089717719
ul_se:0.03213097951560238
dl_se:0.027725304538306315
ul_ase:1.0227608432585101e-08
dl_ase:8.825238531999218e-09
ul_gr:0.09999882298492017, 0.09999882298492017, 0.19999764526464733
dl_gr:0.09999882298492017, 0.09999882298492017, 0.19999764526464733
ul_tr:0.0520972807503325, 0.054103267627833726, 0.10976452606873932
dl_tr:0.07253010666616333, 0.07558407614160859, 0.15657013367636327
ul_er:0.0, 0.0, 0.0
dl_er:0.0, 0.0, 0.0
ul_er_ratio:0.0, 0.0, 0.0
dl_er_ratio:0.0, 0.0, 0.0
ul_er_perc:0.0, 0.0, 0.0
dl_er_perc:0.0, 0.0, 0.0
ul_l:0.0025924220485245143, 0.0027316903278867205, 0.0027535066506984927
dl_l:0.005410782776862231, 0.005672702883096171, 0.005812309836461633
ul_il:0.024708359697518025, 0.015343602804126957, 0.05405711571211288
dl_il:0.008863207584529154, 0.009329608562479375, 0.01444933440187098
sinr_ul:0.00294525,0.00609885,0.13013705,0.02727684,0.01551275,0.02046091,0.02878982,0.01941722,0.01861756,0.02432033,0.03162995,0.033967  ,0.04056705,0.01717778,0.01006339,0.00531796,0.003713  ,0.00354593,0.00385379,0.0038444 ,0.00099864,0.00100615,0.00159933,0.01638375,0.01160453,0.01703512,0.01431889,0.00719699,0.00734716,0.00778453,0.00757054,0.00326999,0.00482239,0.00238773,0.00168756,0.00173824,0.0043043 ,0.00156366,0.00165189,0.00162186
sinr_ul_bin_edges:-1.95109540e+01,-1.77352284e+01,-1.59595028e+01,-1.41837772e+01,-1.24080516e+01,-1.06323260e+01,-8.85660040e+00,-7.08087480e+00,-5.30514920e+00,-3.52942360e+00,-1.75369800e+00, 2.20276000e-02, 1.79775320e+00, 3.57347880e+00, 5.34920440e+00, 7.12493000e+00, 8.90065560e+00, 1.06763812e+01, 1.24521068e+01, 1.42278324e+01, 1.60035580e+01, 1.77792836e+01, 1.95550092e+01, 2.13307348e+01, 2.31064604e+01, 2.48821860e+01, 2.66579116e+01, 2.84336372e+01, 3.02093628e+01, 3.19850884e+01, 3.37608140e+01, 3.55365396e+01, 3.73122652e+01, 3.90879908e+01, 4.08637164e+01, 4.26394420e+01, 4.44151676e+01, 4.61908932e+01, 4.79666188e+01, 4.97423444e+01, 5.15180700e+01
sinr_dl:0.00299145,0.00621952,0.13051037,0.02697942,0.01547932,0.02062469,0.02876528,0.01943224,0.01861537,0.025402  ,0.03048541,0.03420923,0.04046631,0.01703983,0.00999405,0.00529185,0.00370317,0.00354355,0.00385715,0.00382147,0.00100654,0.00100091,0.00162248,0.0164145 ,0.01165784,0.01704734,0.01424743,0.00718475,0.00735939,0.00778379,0.00755844,0.00327313,0.0048205 ,0.00238866,0.00168445,0.00166004,0.00438484,0.00156427,0.00165253,0.00162436
sinr_dl_bin_edges:-7.9945984 ,-6.21955929,-4.44452018,-2.66948107,-0.89444196, 0.88059715, 2.65563626, 4.43067537, 6.20571448, 7.98075359, 9.7557927 ,11.53083181,13.30587092,15.08091003,16.85594914,18.63098825,20.40602736,22.18106647,23.95610558,25.73114469,27.5061838 ,29.28122291,31.05626202,32.83130113,34.60634024,36.38137935,38.15641846,39.93145757,41.70649668,43.48153579,45.2565749 ,47.03161401,48.80665312,50.58169223,52.35673134,54.13177045,55.90680956,57.68184867,59.45688778,61.23192689,63.006966  
rsrp_ul:0.00308612,0.00648987,0.13135919,0.02629026,0.0154287 ,0.02096003,0.02871104,0.01947336,0.01860316,0.02584106,0.02991203,0.03473667,0.04000111,0.01694169,0.00990301,0.0052137 ,0.00368755,0.00353907,0.00386986,0.00378717,0.00099613,0.00100553,0.00167462,0.01645678,0.01178062,0.01704694,0.01412058,0.00716648,0.00738074,0.00779047,0.0075311 ,0.0032797 ,0.004819  ,0.00238695,0.00168402,0.00161072,0.00443747,0.00156373,0.00165019,0.00163515
rsrp_ul_bin_edges:-137.59988   ,-135.82636362,-134.05284725,-132.27933087,-130.5058145 ,-128.73229812,-126.95878175,-125.18526538,-123.411749  ,-121.63823263,-119.86471625,-118.09119988,-116.3176835 ,-114.54416713,-112.77065075,-110.99713438,-109.223618  ,-107.45010163,-105.67658525,-103.90306888,-102.1295525 ,-100.35603613, -98.58251975, -96.80900338, -95.035487  , -93.26197063, -91.48845425, -89.71493788, -87.9414215 , -86.16790513, -84.39438875, -82.62087238, -80.847356  , -79.07383963, -77.30032325, -75.52680688, -73.7532905 , -71.97977413, -70.20625775, -68.43274138, -66.659225  
rsrp_dl:0.00308612,0.00648987,0.13135918,0.02629025,0.0154287 ,0.02096003,0.02871103,0.01947336,0.01860128,0.02584294,0.02991202,0.03473667,0.04000111,0.01694169,0.00990301,0.0052137 ,0.00368755,0.00353907,0.00386986,0.00378716,0.00099613,0.00100553,0.00167462,0.01645678,0.01178062,0.01704694,0.01412058,0.00716648,0.00738074,0.00779047,0.0075311 ,0.0032797 ,0.004819  ,0.00238695,0.00168402,0.00161072,0.00443747,0.00156373,0.00165019,0.00163515
rsrp_dl_bin_edges:-131.74962  ,-129.9761035,-128.202587 ,-126.4290705,-124.655554 ,-122.8820375,-121.108521 ,-119.3350045,-117.561488 ,-115.7879715,-114.014455 ,-112.2409385,-110.467422 ,-108.6939055,-106.920389 ,-105.1468725,-103.373356 ,-101.5998395, -99.826323 , -98.0528065, -96.27929  , -94.5057735, -92.732257 , -90.9587405, -89.185224 , -87.4117075, -85.638191 , -83.8646745, -82.091158 , -80.3176415, -78.544125 , -76.7706085, -74.997092 , -73.2235755, -71.450059 , -69.6765425, -67.903026 , -66.1295095, -64.355993 , -62.5824765, -60.80896  
cqi_ul:1.83556387,0.        ,0.18990032,0.        ,0.        ,0.04939506,0.        ,0.        ,0.03363522,0.        ,0.01191988,0.        ,0.        ,0.00511106,0.        ,0.        ,0.00314664,0.        ,0.04432845,0.        ,0.        ,0.06407047,0.        ,0.        ,0.05945718,0.        ,0.10580339,0.        ,0.        ,0.02851527,0.        ,0.        ,0.03562631,0.        ,0.05137726,0.        ,0.        ,0.03520854,0.        ,0.11360775
cqi_ul_bin_edges: 0.   , 0.375, 0.75 , 1.125, 1.5  , 1.875, 2.25 , 2.625, 3.   , 3.375, 3.75 , 4.125, 4.5  , 4.875, 5.25 , 5.625, 6.   , 6.375, 6.75 , 7.125, 7.5  , 7.875, 8.25 , 8.625, 9.   , 9.375, 9.75 ,10.125,10.5  ,10.875,11.25 ,11.625,12.   ,12.375,12.75 ,13.125,13.5  ,13.875,14.25 ,14.625,15.   
cqi_dl:0.98524348,0.        ,0.25352635,0.        ,0.        ,0.31861904,0.        ,0.        ,0.33418332,0.        ,0.08673691,0.        ,0.        ,0.04911951,0.        ,0.        ,0.01514652,0.        ,0.02118201,0.        ,0.        ,0.01798204,0.        ,0.        ,0.02047091,0.        ,0.01648872,0.        ,0.        ,0.00361774,0.        ,0.        ,0.00550217,0.        ,0.03491521,0.        ,0.        ,0.05549278,0.        ,0.44843996
cqi_dl_bin_edges: 0.   , 0.375, 0.75 , 1.125, 1.5  , 1.875, 2.25 , 2.625, 3.   , 3.375, 3.75 , 4.125, 4.5  , 4.875, 5.25 , 5.625, 6.   , 6.375, 6.75 , 7.125, 7.5  , 7.875, 8.25 , 8.625, 9.   , 9.375, 9.75 ,10.125,10.5  ,10.875,11.25 ,11.625,12.   ,12.375,12.75 ,13.125,13.5  ,13.875,14.25 ,14.625,15.   
mcs_ul:1.08507010e+00,1.59284121e-02,1.05332280e-02,0.00000000e+00,9.25705029e-03,8.76181714e-03,0.00000000e+00,5.05709229e-03,1.32855814e-03,0.00000000e+00,1.40474786e-03,1.33332000e-03,8.57134286e-04,0.00000000e+00,8.28563143e-04,1.65712629e-03,0.00000000e+00,2.20902553e-02,1.99474196e-02,0.00000000e+00,1.43760467e-02,1.91236183e-02,1.27284441e-02,0.00000000e+00,3.49758407e-02,2.17045449e-02,0.00000000e+00,7.72849414e-03,7.54754357e-03,0.00000000e+00,1.01427557e-02,8.94276772e-03,1.34236753e-02,0.00000000e+00,1.40998590e-02,6.27136586e-03,0.00000000e+00,1.25903503e-02,0.00000000e+00,6.08612961e-02
mcs_ul_bin_edges: 0. , 0.7, 1.4, 2.1, 2.8, 3.5, 4.2, 4.9, 5.6, 6.3, 7. , 7.7, 8.4, 9.1, 9.8,10.5,11.2,11.9,12.6,13.3,14. ,14.7,15.4,16.1,16.8,17.5,18.2,18.9,19.6,20.3,21. ,21.7,22.4,23.1,23.8,24.5,25.2,25.9,26.6,27.3,28. 
mcs_dl:0.6636267 ,0.07367069,0.09701808,0.        ,0.09214194,0.08688485,0.        ,0.02541403,0.02105217,0.        ,0.01460462,0.01170941,0.00418567,0.        ,0.00392853,0.00637613,0.        ,0.00497138,0.00480948,0.        ,0.00482376,0.00527614,0.00569042,0.        ,0.00532376,0.00350949,0.        ,0.00095713,0.00098094,0.        ,0.00147618,0.00147141,0.00149999,0.        ,0.01720459,0.01849982,0.        ,0.01122846,0.        ,0.24023569
mcs_dl_bin_edges: 0. , 0.7, 1.4, 2.1, 2.8, 3.5, 4.2, 4.9, 5.6, 6.3, 7. , 7.7, 8.4, 9.1, 9.8,10.5,11.2,11.9,12.6,13.3,14. ,14.7,15.4,16.1,16.8,17.5,18.2,18.9,19.6,20.3,21. ,21.7,22.4,23.1,23.8,24.5,25.2,25.9,26.6,27.3,28. 
eff_ul:3.71757261e+00,3.84605653e-01,6.02184006e-02,3.98215552e-02,3.49968821e-02,0.00000000e+00,3.31246209e-02,1.91186671e-02,0.00000000e+00,5.02270067e-03,5.31074086e-03,5.04070319e-03,3.24045205e-03,3.13243698e-03,6.26487396e-03,0.00000000e+00,8.35136503e-02,7.54125202e-02,0.00000000e+00,5.43495818e-02,0.00000000e+00,7.22980857e-02,4.81207129e-02,0.00000000e+00,1.32228446e-01,0.00000000e+00,8.20554469e-02,2.92180760e-02,2.85339805e-02,3.83453492e-02,0.00000000e+00,3.38087164e-02,0.00000000e+00,5.07490796e-02,0.00000000e+00,5.33054362e-02,0.00000000e+00,2.37093075e-02,4.75986401e-02,2.30090098e-01
eff_ul_bin_edges:0.       ,0.1851575,0.370315 ,0.5554725,0.74063  ,0.9257875,1.110945 ,1.2961025,1.48126  ,1.6664175,1.851575 ,2.0367325,2.22189  ,2.4070475,2.592205 ,2.7773625,2.96252  ,3.1476775,3.332835 ,3.5179925,3.70315  ,3.8883075,4.073465 ,4.2586225,4.44378  ,4.6289375,4.814095 ,4.9992525,5.18441  ,5.3695675,5.554725 ,5.7398825,5.92504  ,6.1101975,6.295355 ,6.4805125,6.66567  ,6.8508275,7.035985 ,7.2211425,7.4063   
eff_dl:1.99541636,0.51346763,0.27851685,0.36678317,0.3483486 ,0.        ,0.32847382,0.0960794 ,0.        ,0.0795891 ,0.0552137 ,0.04426818,0.01582421,0.01485207,0.02410536,0.        ,0.01879462,0.01818254,0.        ,0.01823654,0.        ,0.01994678,0.021513  ,0.        ,0.02012681,0.        ,0.01326785,0.0036185 ,0.00370852,0.00558078,0.        ,0.00556278,0.        ,0.00567079,0.        ,0.06504307,0.        ,0.06993976,0.04244992,0.9082267 
eff_dl_bin_edges:0.       ,0.1851575,0.370315 ,0.5554725,0.74063  ,0.9257875,1.110945 ,1.2961025,1.48126  ,1.6664175,1.851575 ,2.0367325,2.22189  ,2.4070475,2.592205 ,2.7773625,2.96252  ,3.1476775,3.332835 ,3.5179925,3.70315  ,3.8883075,4.073465 ,4.2586225,4.44378  ,4.6289375,4.814095 ,4.9992525,5.18441  ,5.3695675,5.554725 ,5.7398825,5.92504  ,6.1101975,6.295355 ,6.4805125,6.66567  ,6.8508275,7.035985 ,7.2211425,7.4063   
rul:4.63996627e+00,5.37460401e-01,9.08742632e-02,3.53871742e-05,3.53871742e-05,1.76935871e-05,3.53871742e-05,5.30807612e-05,1.76935871e-05,1.76935871e-05,3.53871742e-05,0.00000000e+00,0.00000000e+00,0.00000000e+00,0.00000000e+00,0.00000000e+00,1.76935871e-05,0.00000000e+00,1.06161522e-03,3.35293475e-02,0.00000000e+00,0.00000000e+00,0.00000000e+00,0.00000000e+00,1.76935871e-05,0.00000000e+00,0.00000000e+00,0.00000000e+00,0.00000000e+00,0.00000000e+00,0.00000000e+00,0.00000000e+00,0.00000000e+00,0.00000000e+00,0.00000000e+00,0.00000000e+00,1.76935871e-05,1.59242284e-04,7.60824244e-04,4.01644427e-03
rul_bin_edges:0.        ,0.18839029,0.37678058,0.56517087,0.75356116,0.94195145,1.13034174,1.31873203,1.50712232,1.69551261,1.8839029 ,2.07229319,2.26068348,2.44907377,2.63746406,2.82585435,3.01424464,3.20263493,3.39102522,3.57941551,3.7678058 ,3.95619609,4.14458638,4.33297667,4.52136696,4.70975725,4.89814754,5.08653783,5.27492812,5.46331841,5.6517087 ,5.84009899,6.02848928,6.21687957,6.40526986,6.59366015,6.78205044,6.97044073,7.15883102,7.34722131,7.5356116 
rdl:4.29169831e+00,1.20285588e+00,1.58351701e-01,0.00000000e+00,0.00000000e+00,1.89280064e-05,3.78560127e-05,1.89280064e-05,0.00000000e+00,0.00000000e+00,3.78560127e-05,3.78560127e-05,0.00000000e+00,3.78560127e-05,5.67840191e-05,3.78560127e-05,3.78560127e-05,3.78560127e-05,3.65310523e-03,1.79437500e-02,0.00000000e+00,0.00000000e+00,0.00000000e+00,0.00000000e+00,0.00000000e+00,0.00000000e+00,1.89280064e-05,0.00000000e+00,0.00000000e+00,0.00000000e+00,0.00000000e+00,0.00000000e+00,1.89280064e-05,0.00000000e+00,1.89280064e-05,1.89280064e-05,3.02848102e-04,2.08208070e-04,2.64992089e-04,2.74456092e-03
rdl_bin_edges:0.        ,0.17610413,0.35220825,0.52831238,0.7044165 ,0.88052062,1.05662475,1.23272888,1.408833  ,1.58493712,1.76104125,1.93714538,2.1132495 ,2.28935362,2.46545775,2.64156187,2.817666  ,2.99377013,3.16987425,3.34597838,3.5220825 ,3.69818662,3.87429075,4.05039488,4.226499  ,4.40260312,4.57870725,4.75481138,4.9309155 ,5.10701963,5.28312375,5.45922787,5.635332  ,5.81143613,5.98754025,6.16364437,6.3397485 ,6.51585262,6.69195675,6.86806088,7.044165  
lul:2.66457311e+03,0.00000000e+00,0.00000000e+00,0.00000000e+00,0.00000000e+00,0.00000000e+00,0.00000000e+00,0.00000000e+00,0.00000000e+00,0.00000000e+00,0.00000000e+00,0.00000000e+00,0.00000000e+00,0.00000000e+00,0.00000000e+00,0.00000000e+00,0.00000000e+00,0.00000000e+00,0.00000000e+00,0.00000000e+00,0.00000000e+00,0.00000000e+00,0.00000000e+00,0.00000000e+00,0.00000000e+00,0.00000000e+00,0.00000000e+00,0.00000000e+00,0.00000000e+00,0.00000000e+00,0.00000000e+00,0.00000000e+00,0.00000000e+00,0.00000000e+00,0.00000000e+00,2.20739902e+02,2.79857448e+02,1.85775719e+02,1.30785722e+00,2.47388992e+02
lul_bin_edges:0.        ,0.00027781,0.00055561,0.00083342,0.00111122,0.00138903,0.00166683,0.00194464,0.00222244,0.00250025,0.00277805,0.00305586,0.00333366,0.00361147,0.00388927,0.00416708,0.00444489,0.00472269,0.0050005 ,0.0052783 ,0.00555611,0.00583391,0.00611172,0.00638952,0.00666733,0.00694513,0.00722294,0.00750074,0.00777855,0.00805635,0.00833416,0.00861197,0.00888977,0.00916758,0.00944538,0.00972319,0.01000099,0.0102788 ,0.0105566 ,0.01083441,0.01111221
ldl:1625.10258594,   0.        ,   0.        ,   0.        ,   0.        ,   0.        ,   0.        ,   0.        ,   0.        ,   0.        ,   0.        ,   0.        ,   0.        ,   0.        ,   0.        ,   0.        ,   0.        ,   0.        ,   0.        ,   0.        ,   0.        ,   0.        ,   0.        ,   0.        ,   0.        ,   0.        ,   0.        ,   0.        ,   0.        ,   0.        ,   0.        ,   0.        ,   0.        ,   0.        ,   0.        , 543.38467816, 757.22533296, 292.66005001,   2.903683  , 378.36669333
ldl_bin_edges:0.        ,0.00027781,0.00055561,0.00083342,0.00111122,0.00138903,0.00166683,0.00194464,0.00222244,0.00250025,0.00277805,0.00305586,0.00333366,0.00361147,0.00388927,0.00416708,0.00444489,0.00472269,0.0050005 ,0.0052783 ,0.00555611,0.00583391,0.00611172,0.00638952,0.00666733,0.00694513,0.00722294,0.00750074,0.00777855,0.00805635,0.00833416,0.00861197,0.00888977,0.00916758,0.00944538,0.00972319,0.01000099,0.0102788 ,0.0105566 ,0.01083441,0.01111221
ilul:3.74115941e+00,2.03428980e-03,1.63245478e-03,1.30596383e-03,1.35619320e-03,1.07993162e-03,5.77637846e-04,5.90195190e-04,7.28325979e-04,7.15768635e-04,6.27867224e-04,6.78096602e-04,6.02752535e-04,7.15768635e-04,7.28325979e-04,7.15768635e-04,6.65539257e-04,6.40424568e-04,7.03211290e-04,5.77637846e-04,7.15768635e-04,7.03211290e-04,6.02752535e-04,5.90195190e-04,6.27867224e-04,5.39965812e-04,5.02293779e-04,4.52064401e-04,5.77637846e-04,6.27867224e-04,6.27867224e-04,6.02752535e-04,5.14851123e-04,4.77179090e-04,4.64621746e-04,3.26490956e-04,1.88360167e-04,8.79014113e-05,7.53440668e-05,1.00458756e-04
ilul_bin_edges: 0.        , 0.26544625, 0.5308925 , 0.79633875, 1.061785  , 1.32723125, 1.5926775 , 1.85812375, 2.12357   , 2.38901625, 2.6544625 , 2.91990875, 3.185355  , 3.45080125, 3.7162475 , 3.98169375, 4.24714   , 4.51258625, 4.7780325 , 5.04347875, 5.308925  , 5.57437125, 5.8398175 , 6.10526375, 6.37071   , 6.63615625, 6.9016025 , 7.16704875, 7.432495  , 7.69794125, 7.9633875 , 8.22883375, 8.49428   , 8.75972625, 9.0251725 , 9.29061875, 9.556065  , 9.82151125,10.0869575 ,10.35240375,10.61785   
ildl:1.10889273e+01,2.70974982e-03,3.00670870e-03,2.67262996e-03,2.48703066e-03,2.19007177e-03,2.19007177e-03,1.93023275e-03,2.07871219e-03,1.85599303e-03,1.67039372e-03,1.67039372e-03,1.37343484e-03,1.37343484e-03,1.33631498e-03,1.44767456e-03,1.48479442e-03,1.41055470e-03,1.22495540e-03,1.00223623e-03,8.90876653e-04,7.05277350e-04,7.79517071e-04,7.05277350e-04,7.42397211e-04,6.31037629e-04,8.16636932e-04,5.93917768e-04,7.42397211e-04,6.68157489e-04,7.05277350e-04,7.05277350e-04,6.68157489e-04,6.31037629e-04,5.93917768e-04,4.45438326e-04,4.08318466e-04,1.48479442e-04,2.22719163e-04,2.22719163e-04
ildl_bin_edges:0.        ,0.08979829,0.17959658,0.26939487,0.35919316,0.44899145,0.53878974,0.62858803,0.71838632,0.80818461,0.8979829 ,0.98778119,1.07757948,1.16737777,1.25717606,1.34697435,1.43677264,1.52657093,1.61636922,1.70616751,1.7959658 ,1.88576409,1.97556238,2.06536067,2.15515896,2.24495725,2.33475554,2.42455383,2.51435212,2.60415041,2.6939487 ,2.78374699,2.87354528,2.96334357,3.05314186,3.14294015,3.23273844,3.32253673,3.41233502,3.50213331,3.5919316 
eul: 0., 0., 0., 0., 0., 0., 0., 0., 0., 0., 0., 0., 0., 0., 0., 0., 0., 0., 0., 0.,40., 0., 0., 0., 0., 0., 0., 0., 0., 0., 0., 0., 0., 0., 0., 0., 0., 0., 0., 0.
eul_bin_edges:-0.5  ,-0.475,-0.45 ,-0.425,-0.4  ,-0.375,-0.35 ,-0.325,-0.3  ,-0.275,-0.25 ,-0.225,-0.2  ,-0.175,-0.15 ,-0.125,-0.1  ,-0.075,-0.05 ,-0.025, 0.   , 0.025, 0.05 , 0.075, 0.1  , 0.125, 0.15 , 0.175, 0.2  , 0.225, 0.25 , 0.275, 0.3  , 0.325, 0.35 , 0.375, 0.4  , 0.425, 0.45 , 0.475, 0.5  
edl: 0., 0., 0., 0., 0., 0., 0., 0., 0., 0., 0., 0., 0., 0., 0., 0., 0., 0., 0., 0.,40., 0., 0., 0., 0., 0., 0., 0., 0., 0., 0., 0., 0., 0., 0., 0., 0., 0., 0., 0.
edl_bin_edges:-0.5  ,-0.475,-0.45 ,-0.425,-0.4  ,-0.375,-0.35 ,-0.325,-0.3  ,-0.275,-0.25 ,-0.225,-0.2  ,-0.175,-0.15 ,-0.125,-0.1  ,-0.075,-0.05 ,-0.025, 0.   , 0.025, 0.05 , 0.075, 0.1  , 0.125, 0.15 , 0.175, 0.2  , 0.225, 0.25 , 0.275, 0.3  , 0.325, 0.35 , 0.375, 0.4  , 0.425, 0.45 , 0.475, 0.5  
gul:1.61028992e-03,0.00000000e+00,0.00000000e+00,0.00000000e+00,0.00000000e+00,0.00000000e+00,0.00000000e+00,0.00000000e+00,0.00000000e+00,0.00000000e+00,0.00000000e+00,1.07352661e-03,1.50293726e-02,8.26615492e-02,1.26676140e-01,4.17172442e+00,1.02579762e+02,2.46911121e-01,9.98379750e-02,2.89852186e-02,0.00000000e+00,0.00000000e+00,0.00000000e+00,5.36763307e-04,1.07352661e-03,6.44115968e-03,1.07352661e-02,3.05955085e-02,3.75734315e-02,2.57646387e-02,1.54051069e-01,1.93181114e+00,5.08427572e+01,4.47123834e-01,8.37350758e-02,3.97204847e-02,3.59631415e-02,1.39558460e-02,1.18087927e-02,2.68381653e-03
gul_bin_edges:0.        ,0.00621   ,0.01242   ,0.01863   ,0.02484   ,0.03105   ,0.03726   ,0.04347   ,0.04968   ,0.05589   ,0.0621    ,0.06831   ,0.07452   ,0.08073   ,0.08694   ,0.09315   ,0.09936   ,0.10557   ,0.11178   ,0.11799   ,0.12419999,0.13040999,0.13661999,0.14282999,0.14903999,0.15524999,0.16145999,0.16766999,0.17387999,0.18008999,0.18629999,0.19250999,0.19871999,0.20492999,0.21113999,0.21734999,0.22355999,0.22976999,0.23597999,0.24218999,0.24839999
gdl:1.61028992e-03,0.00000000e+00,0.00000000e+00,0.00000000e+00,0.00000000e+00,0.00000000e+00,0.00000000e+00,0.00000000e+00,0.00000000e+00,0.00000000e+00,0.00000000e+00,1.07352661e-03,1.50293726e-02,8.26615492e-02,1.26676140e-01,4.17172442e+00,1.02579762e+02,2.46911121e-01,9.98379750e-02,2.89852186e-02,0.00000000e+00,0.00000000e+00,0.00000000e+00,5.36763307e-04,1.07352661e-03,6.44115968e-03,1.07352661e-02,3.05955085e-02,3.75734315e-02,2.57646387e-02,1.54051069e-01,1.93181114e+00,5.08427572e+01,4.47123834e-01,8.37350758e-02,3.97204847e-02,3.59631415e-02,1.39558460e-02,1.18087927e-02,2.68381653e-03
gdl_bin_edges:0.        ,0.00621   ,0.01242   ,0.01863   ,0.02484   ,0.03105   ,0.03726   ,0.04347   ,0.04968   ,0.05589   ,0.0621    ,0.06831   ,0.07452   ,0.08073   ,0.08694   ,0.09315   ,0.09936   ,0.10557   ,0.11178   ,0.11799   ,0.12419999,0.13040999,0.13661999,0.14282999,0.14903999,0.15524999,0.16145999,0.16766999,0.17387999,0.18008999,0.18629999,0.19250999,0.19871999,0.20492999,0.21113999,0.21734999,0.22355999,0.22976999,0.23597999,0.24218999,0.24839999
ri: 0., 0., 0., 0., 0., 0., 0., 0., 0., 0., 0., 0., 0., 0., 0., 0., 0., 0., 0., 0.,40., 0., 0., 0., 0., 0., 0., 0., 0., 0., 0., 0., 0., 0., 0., 0., 0., 0., 0., 0.
ri_bin_edges:0.5  ,0.525,0.55 ,0.575,0.6  ,0.625,0.65 ,0.675,0.7  ,0.725,0.75 ,0.775,0.8  ,0.825,0.85 ,0.875,0.9  ,0.925,0.95 ,0.975,1.   ,1.025,1.05 ,1.075,1.1  ,1.125,1.15 ,1.175,1.2  ,1.225,1.25 ,1.275,1.3  ,1.325,1.35 ,1.375,1.4  ,1.425,1.45 ,1.475,1.5  
