period:1
ue_log_freq:1000
mac_log_freq:1000
mimo_layers:2
frequency:2412000000.0
bandwidth:50000000
ue_speed:5.555555555555555
max_distance:1000
shannon_cfg_bandwidth_mhz:50.0
shannon_cfg_mimo_layers:2
shannon_cfg_bw_efficiency:0.67
shannon_cfg_sinr_offset_db:0
shannon_cfg_ul_divisor:2
shannon_cfg_sinr_sample_rate:1000
n_ue:3
sinr_period:9.463597741343282
sinr_rate:105.66805852612856
ul_fairness:0.998624349217782
dl_fairness:0.9969651104013935
ul_agg_throughput:1.7460942216136601
dl_agg_throughput:1.8469281132301565
ul_ave_throughput:0.5820314072045534
dl_ave_throughput:0.6156427044100522
ul_se:0.034921884432273204
dl_se:0.03693856226460313
ul_ase:1.1115981058960376e-08
dl_ase:1.1757909550238688e-08
ul_gr:0.09999894035692644, 0.09999894035692644, 0.199997880098799
dl_gr:0.09999894035692644, 0.09999894035692644, 0.199997880098799
ul_tr:0.07766552257315427, 0.083493028697843, 0.18422788786942132
dl_tr:0.09998893054367454, 0.09836895856692433, 0.19997787876391235
ul_er:0.0, 0.0, 0.0
dl_er:0.0, 0.0, 0.0
ul_er_ratio:0.0, 0.0, 0.0
dl_er_ratio:0.0, 0.0, 0.0
ul_er_perc:0.0, 0.0, 0.0
dl_er_perc:0.0, 0.0, 0.0
ul_l:0.005591290892211078, 0.0059233530595344044, 0.006450062303406965
dl_l:0.008288447963075369, 0.008474063524794751, 0.008612627612913872
ul_il:0.008957052128543716, 0.007392479567794321, 0.010359750329806702
dl_il:0.008728318368396316, 0.008474063524794751, 0.008612627612913872
sinr_ul:0.00705827,0.00416   ,0.00270868,0.00872314,0.01007421,0.01996537,0.03842713,0.07585185,0.05219282,0.03684943,0.02134259,0.01200058,0.00904129,0.00854009,0.00880812,0.00983668,0.00667474,0.00238399,0.00238835,0.00294839,0.03905255,0.02468759,0.0282505 ,0.05533733,0.02263483,0.01688841,0.01790825,0.02227309,0.02090241,0.00545877,0.01074539,0.00971465,0.00553504,0.00394426,0.00380044,0.01167806,0.00374596,0.00380044,0.00402053,0.00339729
sinr_ul_bin_edges:-10.06757   , -8.53793685, -7.0083037 , -5.47867055, -3.9490374 , -2.41940425, -0.8897711 ,  0.63986205,  2.1694952 ,  3.69912835,  5.2287615 ,  6.75839465,  8.2880278 ,  9.81766095, 11.3472941 , 12.87692725, 14.4065604 , 15.93619355, 17.4658267 , 18.99545985, 20.525093  , 22.05472615, 23.5843593 , 25.11399245, 26.6436256 , 28.17325875, 29.7028919 , 31.23252505, 32.7621582 , 34.29179135, 35.8214245 , 37.35105765, 38.8806908 , 40.41032395, 41.9399571 , 43.46959025, 44.9992234 , 46.52885655, 48.0584897 , 49.58812285, 51.117756  
sinr_dl:0.00702122,0.00416   ,0.00268689,0.0086229 ,0.01007421,0.0196908 ,0.03763611,0.07565356,0.05272018,0.0373027 ,0.02147117,0.01205506,0.00911321,0.00853573,0.00878851,0.00983233,0.00683599,0.00238399,0.00239053,0.00276316,0.0387235 ,0.02494038,0.02805656,0.05530684,0.02275687,0.01704531,0.01767509,0.02265663,0.02089151,0.00540865,0.01061246,0.00989334,0.00556773,0.00395298,0.00380262,0.01167807,0.00374814,0.00379172,0.00402053,0.00348446
sinr_dl_bin_edges:-0.4979248 , 1.03170807, 2.56134094, 4.09097381, 5.62060668, 7.15023955, 8.67987242,10.20950529,11.73913816,13.26877103,14.7984039 ,16.32803677,17.85766964,19.38730251,20.91693538,22.44656825,23.97620112,25.50583399,27.03546686,28.56509973,30.0947326 ,31.62436547,33.15399834,34.68363121,36.21326408,37.74289695,39.27252982,40.80216269,42.33179556,43.86142843,45.3910613 ,46.92069417,48.45032704,49.97995991,51.50959278,53.03922565,54.56885852,56.09849139,57.62812426,59.15775713,60.68739   
rsrp_ul:0.00699289,0.00415782,0.00268689,0.00852919,0.01007857,0.01947506,0.03704554,0.07527872,0.05332161,0.03750534,0.02172612,0.01209646,0.00916114,0.00854009,0.00876672,0.00983014,0.00696892,0.00238181,0.00239271,0.00261062,0.03848378,0.02513431,0.02789747,0.0552872 ,0.02284838,0.01716952,0.01749639,0.02294862,0.02088497,0.00540865,0.01047081,0.01003063,0.0055917 ,0.00396387,0.00380044,0.01168024,0.00374596,0.00378954,0.00402053,0.00355201
rsrp_ul_bin_edges:-127.39535  ,-125.8657166,-124.3360832,-122.8064498,-121.2768164,-119.747183 ,-118.2175496,-116.6879162,-115.1582828,-113.6286494,-112.099016 ,-110.5693826,-109.0397492,-107.5101158,-105.9804824,-104.450849 ,-102.9212156,-101.3915822, -99.8619488, -98.3323154, -96.802682 , -95.2730486, -93.7434152, -92.2137818, -90.6841484, -89.154515 , -87.6248816, -86.0952482, -84.5656148, -83.0359814, -81.506348 , -79.9767146, -78.4470812, -76.9174478, -75.3878144, -73.858181 , -72.3285476, -70.7989142, -69.2692808, -67.7396474, -66.210014 
rsrp_dl:0.00699289,0.00415782,0.00268689,0.00852919,0.01007639,0.01947724,0.03704555,0.07527873,0.05332162,0.03750535,0.02172612,0.01209646,0.00916115,0.00854009,0.00876672,0.00983014,0.00696892,0.00238181,0.00239271,0.00261062,0.03848379,0.02513431,0.02789748,0.05528503,0.02285056,0.01716952,0.01749639,0.02294863,0.02088497,0.00540865,0.01047081,0.01003063,0.0055917 ,0.00396387,0.00380044,0.01168024,0.00374596,0.00378954,0.00402053,0.00355201
rsrp_dl_bin_edges:-121.19746   ,-119.66782675,-118.1381935 ,-116.60856025,-115.078927  ,-113.54929375,-112.0196605 ,-110.49002725,-108.960394  ,-107.43076075,-105.9011275 ,-104.37149425,-102.841861  ,-101.31222775, -99.7825945 , -98.25296125, -96.723328  , -95.19369475, -93.6640615 , -92.13442825, -90.604795  , -89.07516175, -87.5455285 , -86.01589525, -84.486262  , -82.95662875, -81.4269955 , -79.89736225, -78.367729  , -76.83809575, -75.3084625 , -73.77882925, -72.249196  , -70.71956275, -69.1899295 , -67.66029625, -66.130663  , -64.60102975, -63.0713965 , -61.54176325, -60.01213   
cqi_ul:0.8162585 ,0.        ,0.33318778,0.        ,0.        ,0.11184777,0.        ,0.        ,0.08343028,0.        ,0.01701316,0.        ,0.        ,0.01219543,0.        ,0.        ,0.0074577 ,0.        ,0.16631834,0.        ,0.        ,0.12331432,0.        ,0.        ,0.20174909,0.        ,0.188807  ,0.        ,0.        ,0.06711933,0.        ,0.        ,0.09234574,0.        ,0.11006112,0.        ,0.        ,0.07432815,0.        ,0.26123294
cqi_ul_bin_edges: 0.   , 0.375, 0.75 , 1.125, 1.5  , 1.875, 2.25 , 2.625, 3.   , 3.375, 3.75 , 4.125, 4.5  , 4.875, 5.25 , 5.625, 6.   , 6.375, 6.75 , 7.125, 7.5  , 7.875, 8.25 , 8.625, 9.   , 9.375, 9.75 ,10.125,10.5  ,10.875,11.25 ,11.625,12.   ,12.375,12.75 ,13.125,13.5  ,13.875,14.25 ,14.625,15.   
cqi_dl:0.04823063,0.        ,0.08899467,0.        ,0.        ,0.54127459,0.        ,0.        ,0.3803962 ,0.        ,0.09261241,0.        ,0.        ,0.05312836,0.        ,0.        ,0.02660418,0.        ,0.04647954,0.        ,0.        ,0.04947506,0.        ,0.        ,0.03070192,0.        ,0.01177766,0.        ,0.        ,0.00862214,0.        ,0.        ,0.12241655,0.        ,0.15158071,0.        ,0.        ,0.11466552,0.        ,0.89970656
cqi_dl_bin_edges: 0.   , 0.375, 0.75 , 1.125, 1.5  , 1.875, 2.25 , 2.625, 3.   , 3.375, 3.75 , 4.125, 4.5  , 4.875, 5.25 , 5.625, 6.   , 6.375, 6.75 , 7.125, 7.5  , 7.875, 8.25 , 8.625, 9.   , 9.375, 9.75 ,10.125,10.5  ,10.875,11.25 ,11.625,12.   ,12.375,12.75 ,13.125,13.5  ,13.875,14.25 ,14.625,15.   
mcs_ul:0.61577479,0.03446632,0.02545213,0.        ,0.02346643,0.02122836,0.        ,0.00597137,0.00314283,0.        ,0.00334759,0.00318568,0.00203331,0.        ,0.00196189,0.02730449,0.        ,0.06179462,0.03442823,0.        ,0.03163302,0.0441567 ,0.06392317,0.        ,0.07301832,0.02812829,0.        ,0.01787601,0.01807601,0.        ,0.01940933,0.03006637,0.04075674,0.        ,0.01820458,0.0340568 ,0.        ,0.00576185,0.        ,0.13994622
mcs_ul_bin_edges: 0. , 0.7, 1.4, 2.1, 2.8, 3.5, 4.2, 4.9, 5.6, 6.3, 7. , 7.7, 8.4, 9.1, 9.8,10.5,11.2,11.9,12.6,13.3,14. ,14.7,15.4,16.1,16.8,17.5,18.2,18.9,19.6,20.3,21. ,21.7,22.4,23.1,23.8,24.5,25.2,25.9,26.6,27.3,28. 
mcs_dl:0.07351355,0.08292298,0.20704555,0.        ,0.12880347,0.0749802 ,0.        ,0.02981399,0.0197998 ,0.        ,0.01609508,0.01236654,0.00726183,0.        ,0.00699041,0.01272844,0.        ,0.01217131,0.01310939,0.        ,0.0133951 ,0.0127094 ,0.00373806,0.        ,0.00313806,0.0031714 ,0.        ,0.00228569,0.00233331,0.        ,0.00520471,0.06037559,0.04645192,0.        ,0.03475203,0.03806629,0.        ,0.02336167,0.        ,0.48198566
mcs_dl_bin_edges: 0. , 0.7, 1.4, 2.1, 2.8, 3.5, 4.2, 4.9, 5.6, 6.3, 7. , 7.7, 8.4, 9.1, 9.8,10.5,11.2,11.9,12.6,13.3,14. ,14.7,15.4,16.1,16.8,17.5,18.2,18.9,19.6,20.3,21. ,21.7,22.4,23.1,23.8,24.5,25.2,25.9,26.6,27.3,28. 
eff_ul:1.65317062,0.67480614,0.13030218,0.09622342,0.08871638,0.        ,0.0802552 ,0.02257515,0.        ,0.01188166,0.01265577,0.01204368,0.00768707,0.00741703,0.1032264 ,0.        ,0.23361859,0.13015816,0.        ,0.11959068,0.        ,0.16693729,0.24166571,0.        ,0.27605051,0.        ,0.10634083,0.06758143,0.06833753,0.07337824,0.        ,0.11366786,0.        ,0.15408349,0.        ,0.0688236 ,0.        ,0.12875396,0.02178304,0.52907581
eff_ul_bin_edges:0.       ,0.1851575,0.370315 ,0.5554725,0.74063  ,0.9257875,1.110945 ,1.2961025,1.48126  ,1.6664175,1.851575 ,2.0367325,2.22189  ,2.4070475,2.592205 ,2.7773625,2.96252  ,3.1476775,3.332835 ,3.5179925,3.70315  ,3.8883075,4.073465 ,4.2586225,4.44378  ,4.6289375,4.814095 ,4.9992525,5.18441  ,5.3695675,5.554725 ,5.7398825,5.92504  ,6.1101975,6.295355 ,6.4805125,6.66567  ,6.8508275,7.035985 ,7.2211425,7.4063   
eff_dl:0.09768163,0.18024114,0.31349573,0.78274919,0.48694993,0.        ,0.28346754,0.11271372,0.        ,0.07485444,0.06084849,0.04675252,0.02745383,0.02642769,0.04812071,0.        ,0.04601442,0.04956091,0.        ,0.05064106,0.        ,0.0480487 ,0.01413197,0.        ,0.01186365,0.        ,0.01198967,0.00864121,0.00882123,0.01967674,0.        ,0.22825384,0.        ,0.1756145 ,0.        ,0.13138233,0.        ,0.14391208,0.08832032,1.8221782 
eff_dl_bin_edges:0.       ,0.1851575,0.370315 ,0.5554725,0.74063  ,0.9257875,1.110945 ,1.2961025,1.48126  ,1.6664175,1.851575 ,2.0367325,2.22189  ,2.4070475,2.592205 ,2.7773625,2.96252  ,3.1476775,3.332835 ,3.5179925,3.70315  ,3.8883075,4.073465 ,4.2586225,4.44378  ,4.6289375,4.814095 ,4.9992525,5.18441  ,5.3695675,5.554725 ,5.7398825,5.92504  ,6.1101975,6.295355 ,6.4805125,6.66567  ,6.8508275,7.035985 ,7.2211425,7.4063   
rul:1.43580323e+00,4.79204876e-06,9.58409752e-06,4.79204876e-06,9.58409752e-06,4.79204876e-06,9.58409752e-06,4.79204876e-06,0.00000000e+00,0.00000000e+00,0.00000000e+00,0.00000000e+00,0.00000000e+00,4.79204876e-06,9.58409752e-06,4.79204876e-06,0.00000000e+00,0.00000000e+00,0.00000000e+00,9.87162045e-04,3.64195706e-04,0.00000000e+00,0.00000000e+00,0.00000000e+00,0.00000000e+00,0.00000000e+00,0.00000000e+00,0.00000000e+00,0.00000000e+00,0.00000000e+00,0.00000000e+00,0.00000000e+00,0.00000000e+00,0.00000000e+00,0.00000000e+00,0.00000000e+00,0.00000000e+00,0.00000000e+00,0.00000000e+00,4.07324145e-04
rul_bin_edges: 0.        , 0.69558975, 1.3911795 , 2.08676925, 2.782359  , 3.47794875, 4.1735385 , 4.86912825, 5.564718  , 6.26030775, 6.9558975 , 7.65148725, 8.347077  , 9.04266675, 9.7382565 ,10.43384625,11.129436  ,11.82502575,12.5206155 ,13.21620525,13.911795  ,14.60738475,15.3029745 ,15.99856425,16.694154  ,17.38974375,18.0853335 ,18.78092325,19.476513  ,20.17210275,20.8676925 ,21.56328225,22.258872  ,22.95446175,23.6500515 ,24.34564125,25.041231  ,25.73682075,26.4324105 ,27.12800025,27.82359   
rdl:1.57052696e+00,5.23545634e-06,0.00000000e+00,0.00000000e+00,0.00000000e+00,0.00000000e+00,0.00000000e+00,0.00000000e+00,0.00000000e+00,0.00000000e+00,0.00000000e+00,0.00000000e+00,0.00000000e+00,0.00000000e+00,0.00000000e+00,0.00000000e+00,0.00000000e+00,0.00000000e+00,0.00000000e+00,5.23545634e-06,7.85318450e-05,0.00000000e+00,0.00000000e+00,0.00000000e+00,0.00000000e+00,0.00000000e+00,0.00000000e+00,0.00000000e+00,0.00000000e+00,0.00000000e+00,0.00000000e+00,0.00000000e+00,0.00000000e+00,0.00000000e+00,0.00000000e+00,0.00000000e+00,0.00000000e+00,0.00000000e+00,0.00000000e+00,3.66481944e-05
rdl_bin_edges: 0.        , 0.63667802, 1.27335605, 1.91003407, 2.5467121 , 3.18339012, 3.82006815, 4.45674617, 5.0934242 , 5.73010222, 6.36678025, 7.00345827, 7.6401363 , 8.27681432, 8.91349235, 9.55017037,10.1868484 ,10.82352642,11.46020445,12.09688247,12.7335605 ,13.37023852,14.00691655,14.64359457,15.2802726 ,15.91695062,16.55362865,17.19030667,17.8269847 ,18.46366272,19.10034075,19.73701877,20.3736968 ,21.01037482,21.64705285,22.28373087,22.9204089 ,23.55708692,24.19376495,24.83044297,25.467121  
lul:1.53441181e+03,0.00000000e+00,0.00000000e+00,0.00000000e+00,0.00000000e+00,0.00000000e+00,0.00000000e+00,0.00000000e+00,0.00000000e+00,0.00000000e+00,0.00000000e+00,0.00000000e+00,0.00000000e+00,0.00000000e+00,0.00000000e+00,0.00000000e+00,0.00000000e+00,0.00000000e+00,0.00000000e+00,0.00000000e+00,0.00000000e+00,0.00000000e+00,0.00000000e+00,0.00000000e+00,0.00000000e+00,0.00000000e+00,0.00000000e+00,0.00000000e+00,0.00000000e+00,0.00000000e+00,0.00000000e+00,0.00000000e+00,0.00000000e+00,0.00000000e+00,0.00000000e+00,0.00000000e+00,1.10264526e+03,9.31574334e-01,4.22523403e+02,5.69034639e+02
lul_bin_edges:0.        ,0.00027552,0.00055103,0.00082655,0.00110207,0.00137758,0.0016531 ,0.00192862,0.00220413,0.00247965,0.00275517,0.00303068,0.0033062 ,0.00358171,0.00385723,0.00413275,0.00440826,0.00468378,0.0049593 ,0.00523481,0.00551033,0.00578585,0.00606136,0.00633688,0.0066124 ,0.00688791,0.00716343,0.00743895,0.00771446,0.00798998,0.0082655 ,0.00854101,0.00881653,0.00909204,0.00936756,0.00964308,0.00991859,0.01019411,0.01046963,0.01074514,0.01102066
ldl: 669.2194312 ,   0.        ,   0.        ,   0.        ,   0.        ,   0.        ,   0.        ,   0.        ,   0.        ,   0.        ,   0.        ,   0.        ,   0.        ,   0.        ,   0.        ,   0.        ,   0.        ,   0.        ,   0.        ,   0.        ,   0.        ,   0.        ,   0.        ,   0.        ,   0.        ,   0.        ,   0.        ,   0.        ,   0.        ,   0.        ,   0.        ,   0.        ,   0.        ,   0.        ,   0.        ,   0.        ,1562.37472439,   1.82622138, 601.60086323, 793.26944937
ldl_bin_edges:0.        ,0.00027561,0.00055122,0.00082684,0.00110245,0.00137806,0.00165367,0.00192928,0.0022049 ,0.00248051,0.00275612,0.00303173,0.00330734,0.00358295,0.00385857,0.00413418,0.00440979,0.0046854 ,0.00496101,0.00523663,0.00551224,0.00578785,0.00606346,0.00633907,0.00661469,0.0068903 ,0.00716591,0.00744152,0.00771713,0.00799274,0.00826836,0.00854397,0.00881958,0.00909519,0.0093708 ,0.00964642,0.00992203,0.01019764,0.01047325,0.01074886,0.01102448
ilul:1.71083382e+00,3.71046761e-04,3.08254232e-04,3.25379467e-04,2.56878527e-04,1.99794410e-04,1.14168234e-04,6.85009404e-05,0.00000000e+00,0.00000000e+00,0.00000000e+00,0.00000000e+00,0.00000000e+00,0.00000000e+00,0.00000000e+00,0.00000000e+00,0.00000000e+00,0.00000000e+00,0.00000000e+00,0.00000000e+00,0.00000000e+00,0.00000000e+00,0.00000000e+00,0.00000000e+00,0.00000000e+00,0.00000000e+00,0.00000000e+00,0.00000000e+00,0.00000000e+00,0.00000000e+00,0.00000000e+00,0.00000000e+00,0.00000000e+00,0.00000000e+00,0.00000000e+00,0.00000000e+00,0.00000000e+00,1.71252351e-05,1.71252351e-05,2.85420585e-05
ilul_bin_edges: 0.        , 0.58392775, 1.1678555 , 1.75178325, 2.335711  , 2.91963875, 3.5035665 , 4.08749425, 4.671422  , 5.25534975, 5.8392775 , 6.42320525, 7.007133  , 7.59106075, 8.1749885 , 8.75891625, 9.342844  , 9.92677175,10.5106995 ,11.09462725,11.678555  ,12.26248275,12.8464105 ,13.43033825,14.014266  ,14.59819375,15.1821215 ,15.76604925,16.349977  ,16.93390475,17.5178325 ,18.10176025,18.685688  ,19.26961575,19.8535435 ,20.43747125,21.021399  ,21.60532675,22.1892545 ,22.77318225,23.35711   
ildl:1.08677965e+01,0.00000000e+00,3.62282829e-05,0.00000000e+00,3.62282829e-05,0.00000000e+00,3.62282829e-05,0.00000000e+00,3.62282829e-05,0.00000000e+00,3.62282829e-05,0.00000000e+00,3.62282829e-05,0.00000000e+00,3.62282829e-05,3.62282829e-05,0.00000000e+00,3.62282829e-05,3.62282829e-05,0.00000000e+00,3.62282829e-05,0.00000000e+00,3.62282829e-05,0.00000000e+00,3.62282829e-05,0.00000000e+00,3.62282829e-05,0.00000000e+00,3.62282829e-05,3.62282829e-05,0.00000000e+00,3.62282829e-05,0.00000000e+00,3.62282829e-05,0.00000000e+00,3.62282829e-05,3.62282829e-05,3.62282829e-05,0.00000000e+00,3.62282829e-05
ildl_bin_edges:0.        ,0.09200822,0.18401645,0.27602467,0.3680329 ,0.46004112,0.55204935,0.64405757,0.7360658 ,0.82807403,0.92008225,1.01209047,1.1040987 ,1.19610693,1.28811515,1.38012337,1.4721316 ,1.56413983,1.65614805,1.74815627,1.8401645 ,1.93217273,2.02418095,2.11618918,2.2081974 ,2.30020562,2.39221385,2.48422207,2.5762303 ,2.66823853,2.76024675,2.85225498,2.9442632 ,3.03627142,3.12827965,3.22028787,3.3122961 ,3.40430433,3.49631255,3.58832078,3.680329  
eul: 0., 0., 0., 0., 0., 0., 0., 0., 0., 0., 0., 0., 0., 0., 0., 0., 0., 0., 0., 0.,40., 0., 0., 0., 0., 0., 0., 0., 0., 0., 0., 0., 0., 0., 0., 0., 0., 0., 0., 0.
eul_bin_edges:-0.5  ,-0.475,-0.45 ,-0.425,-0.4  ,-0.375,-0.35 ,-0.325,-0.3  ,-0.275,-0.25 ,-0.225,-0.2  ,-0.175,-0.15 ,-0.125,-0.1  ,-0.075,-0.05 ,-0.025, 0.   , 0.025, 0.05 , 0.075, 0.1  , 0.125, 0.15 , 0.175, 0.2  , 0.225, 0.25 , 0.275, 0.3  , 0.325, 0.35 , 0.375, 0.4  , 0.425, 0.45 , 0.475, 0.5  
edl: 0., 0., 0., 0., 0., 0., 0., 0., 0., 0., 0., 0., 0., 0., 0., 0., 0., 0., 0., 0.,40., 0., 0., 0., 0., 0., 0., 0., 0., 0., 0., 0., 0., 0., 0., 0., 0., 0., 0., 0.
edl_bin_edges:-0.5  ,-0.475,-0.45 ,-0.425,-0.4  ,-0.375,-0.35 ,-0.325,-0.3  ,-0.275,-0.25 ,-0.225,-0.2  ,-0.175,-0.15 ,-0.125,-0.1  ,-0.075,-0.05 ,-0.025, 0.   , 0.025, 0.05 , 0.075, 0.1  , 0.125, 0.15 , 0.175, 0.2  , 0.225, 0.25 , 0.275, 0.3  , 0.325, 0.35 , 0.375, 0.4  , 0.425, 0.45 , 0.475, 0.5  
gul:1.49811236e-03,0.00000000e+00,0.00000000e+00,0.00000000e+00,0.00000000e+00,0.00000000e+00,0.00000000e+00,0.00000000e+00,0.00000000e+00,9.98741573e-04,0.00000000e+00,9.98741573e-04,1.29836405e-02,1.38825079e-01,7.05291324e+01,2.90454024e+01,1.32832629e-01,1.09861573e-02,9.98741573e-04,4.99370787e-04,9.98741573e-04,0.00000000e+00,0.00000000e+00,4.99370787e-04,1.99748315e-03,4.49433708e-03,1.64792360e-02,5.29333034e-02,2.72157079e-01,3.49924091e+01,1.42365618e+01,2.86139461e-01,5.24339326e-02,1.39823820e-02,4.49433708e-03,9.98741573e-04,0.00000000e+00,4.99370787e-04,0.00000000e+00,4.99370787e-04
gul_bin_edges:0.      ,0.006675,0.01335 ,0.020025,0.0267  ,0.033375,0.04005 ,0.046725,0.0534  ,0.060075,0.06675 ,0.073425,0.0801  ,0.086775,0.09345 ,0.100125,0.1068  ,0.113475,0.12015 ,0.126825,0.1335  ,0.140175,0.14685 ,0.153525,0.1602  ,0.166875,0.17355 ,0.180225,0.1869  ,0.193575,0.20025 ,0.206925,0.2136  ,0.220275,0.22695 ,0.233625,0.2403  ,0.246975,0.25365 ,0.260325,0.267   
gdl:1.49811236e-03,0.00000000e+00,0.00000000e+00,0.00000000e+00,0.00000000e+00,0.00000000e+00,0.00000000e+00,0.00000000e+00,0.00000000e+00,9.98741573e-04,0.00000000e+00,9.98741573e-04,1.29836405e-02,1.38825079e-01,7.05291324e+01,2.90454024e+01,1.32832629e-01,1.09861573e-02,9.98741573e-04,4.99370787e-04,9.98741573e-04,0.00000000e+00,0.00000000e+00,4.99370787e-04,1.99748315e-03,4.49433708e-03,1.64792360e-02,5.29333034e-02,2.72157079e-01,3.49924091e+01,1.42365618e+01,2.86139461e-01,5.24339326e-02,1.39823820e-02,4.49433708e-03,9.98741573e-04,0.00000000e+00,4.99370787e-04,0.00000000e+00,4.99370787e-04
gdl_bin_edges:0.      ,0.006675,0.01335 ,0.020025,0.0267  ,0.033375,0.04005 ,0.046725,0.0534  ,0.060075,0.06675 ,0.073425,0.0801  ,0.086775,0.09345 ,0.100125,0.1068  ,0.113475,0.12015 ,0.126825,0.1335  ,0.140175,0.14685 ,0.153525,0.1602  ,0.166875,0.17355 ,0.180225,0.1869  ,0.193575,0.20025 ,0.206925,0.2136  ,0.220275,0.22695 ,0.233625,0.2403  ,0.246975,0.25365 ,0.260325,0.267   
ri: 0., 0., 0., 0., 0., 0., 0., 0., 0., 0., 0., 0., 0., 0., 0., 0., 0., 0., 0., 0.,40., 0., 0., 0., 0., 0., 0., 0., 0., 0., 0., 0., 0., 0., 0., 0., 0., 0., 0., 0.
ri_bin_edges:0.5  ,0.525,0.55 ,0.575,0.6  ,0.625,0.65 ,0.675,0.7  ,0.725,0.75 ,0.775,0.8  ,0.825,0.85 ,0.875,0.9  ,0.925,0.95 ,0.975,1.   ,1.025,1.05 ,1.075,1.1  ,1.125,1.15 ,1.175,1.2  ,1.225,1.25 ,1.275,1.3  ,1.325,1.35 ,1.375,1.4  ,1.425,1.45 ,1.475,1.5  
