period:1
ue_log_freq:1000
mac_log_freq:1000
mimo_layers:2
frequency:2412000000.0
bandwidth:50000000
ue_speed:5.555555555555555
max_distance:1000
shannon_cfg_bandwidth_mhz:50.0
shannon_cfg_mimo_layers:2
shannon_cfg_bw_efficiency:0.67
shannon_cfg_sinr_offset_db:0
shannon_cfg_ul_divisor:2
shannon_cfg_sinr_sample_rate:1000
n_ue:4
sinr_period:9.463597741343282
sinr_rate:105.66805852612856
ul_fairness:0.9999999729226637
dl_fairness:0.9999999968960313
ul_agg_throughput:1.0294557364493426
dl_agg_throughput:21.779081794239378
ul_ave_throughput:0.25736393411233566
dl_ave_throughput:5.4447704485598445
ul_se:0.020589114728986852
dl_se:0.4355816358847876
ul_ase:6.5537187660088135e-09
dl_ase:1.386499409422361e-07
ul_gr:0.12153342466575334, 0.12153342466575334, 0.12153342466575334, 0.12153342466575334
dl_gr:4.245778102218978, 4.245326826731733, 4.2459949800502, 4.245764502354977
ul_tr:0.1215334249597504, 0.12153342743132568, 0.12153342616773834, 0.12153342469345307
dl_tr:4.2457783568850305, 4.2453270806181935, 4.245995231491685, 4.245764761156988
ul_er:0.0, 0.0, 0.0, 0.0
dl_er:27.58268137318627, 27.583132648673516, 27.582464495355048, 27.58269497305027
ul_er_ratio:0.0, 0.0, 0.0, 0.0
dl_er_ratio:0.866604341118221, 0.866618519503436, 0.8665975272466527, 0.8666047682918849
ul_er_perc:0.0, 0.0, 0.0, 0.0
dl_er_perc:86.6604341118221, 86.6618519503436, 86.65975272466527, 86.6604768291885
ul_l:0.0005259804984620154, 0.000525930890196098, 0.0005263295318716813, 0.0005255249860821392
dl_l:0.00031497762935770644, 0.0003146602306306937, 0.0003159507822391776, 0.0003138255777822222
ul_il:0.0005307077073789262, 0.000529817511504885, 0.0005295325529354706, 0.0005267560243777563
dl_il:0.09756433913337766, 0.09780315980268799, 0.09801413371185788, 0.09724834527185028
sinr_ul:0.01052735,0.01601653,0.01714656,0.03328548,0.06628427,0.08345095,0.05052258,0.06962238,0.06791225,0.07486509,0.02986187,0.03344476,0.04026013,0.02345056,0.0154884 ,0.00699141,0.0075296 ,0.00727308,0.00502811,0.00260376,0.00064214,0.00059855,0.00056166,0.00053316,0.00051304,0.0004946 ,0.00048118,0.00046609,0.00049795,0.00024646,0.00024143,0.00023975,0.00023808,0.0002364 ,0.00023472,0.00023305,0.00023472,0.00030346,0.00045603,0.00162798
sinr_ul_bin_edges:19.352118  ,20.84321855,22.3343191 ,23.82541965,25.3165202 ,26.80762075,28.2987213 ,29.78982185,31.2809224 ,32.77202295,34.2631235 ,35.75422405,37.2453246 ,38.73642515,40.2275257 ,41.71862625,43.2097268 ,44.70082735,46.1919279 ,47.68302845,49.174129  ,50.66522955,52.1563301 ,53.64743065,55.1385312 ,56.62963175,58.1207323 ,59.61183285,61.1029334 ,62.59403395,64.0851345 ,65.57623505,67.0673356 ,68.55843615,70.0495367 ,71.54063725,73.0317378 ,74.52283835,76.0139389 ,77.50503945,78.99614   
sinr_dl:0.01052722,0.01601633,0.01714634,0.03328841,0.06629851,0.08347502,0.05047499,0.06960974,0.06791976,0.07485575,0.02987322,0.03344265,0.04024787,0.02346535,0.01548653,0.00699635,0.00752782,0.00727299,0.00502805,0.00260372,0.00064213,0.00059854,0.00056165,0.00053315,0.00051303,0.00049459,0.00048118,0.00046609,0.00049794,0.00024646,0.00024143,0.00023975,0.00023807,0.0002364 ,0.00023472,0.00023304,0.00023472,0.00030346,0.00045603,0.00162795
sinr_dl_bin_edges:29.094736  ,30.58585573,32.07697545,33.56809518,35.0592149 ,36.55033463,38.04145435,39.53257407,41.0236938 ,42.51481353,44.00593325,45.49705298,46.9881727 ,48.47929243,49.97041215,51.46153188,52.9526516 ,54.44377133,55.93489105,57.42601078,58.9171305 ,60.40825023,61.89936995,63.39048967,64.8816094 ,66.37272913,67.86384885,69.35496858,70.8460883 ,72.33720803,73.82832775,75.31944748,76.8105672 ,78.30168692,79.79280665,81.28392638,82.7750461 ,84.26616583,85.75728555,87.24840528,88.739525  
rsrp_ul:0.01054621,0.01599341,0.01716186,0.03357544,0.06885501,0.08339204,0.04711309,0.0684633 ,0.06356182,0.07881867,0.03028268,0.03324399,0.0390963 ,0.02521883,0.01578583,0.00719486,0.00752129,0.00731706,0.00463196,0.00273699,0.00064951,0.00059929,0.00056079,0.00053568,0.00051224,0.0004955 ,0.00048044,0.00046872,0.00050555,0.00024608,0.00024106,0.00024106,0.00023771,0.00023603,0.00023436,0.00023436,0.00023269,0.00030467,0.00045365,0.00162713
rsrp_ul_bin_edges:-91.32797 ,-89.834557,-88.341144,-86.847731,-85.354318,-83.860905,-82.367492,-80.874079,-79.380666,-77.887253,-76.39384 ,-74.900427,-73.407014,-71.913601,-70.420188,-68.926775,-67.433362,-65.939949,-64.446536,-62.953123,-61.45971 ,-59.966297,-58.472884,-56.979471,-55.486058,-53.992645,-52.499232,-51.005819,-49.512406,-48.018993,-46.52558 ,-45.032167,-43.538754,-42.045341,-40.551928,-39.058515,-37.565102,-36.071689,-34.578276,-33.084863,-31.59145 
rsrp_dl:0.01054621,0.01599341,0.01716186,0.03357544,0.06885501,0.08339204,0.04711309,0.0684633 ,0.06356182,0.07881867,0.03028268,0.03324399,0.0390963 ,0.02521883,0.01578583,0.00719486,0.00752129,0.00731706,0.00463196,0.00273699,0.00064951,0.00059929,0.00056079,0.00053568,0.00051224,0.0004955 ,0.00048044,0.00046872,0.00050555,0.00024608,0.00024106,0.00024106,0.00023771,0.00023603,0.00023436,0.00023436,0.00023269,0.00030467,0.00045365,0.00162713
rsrp_dl_bin_edges:-88.31767 ,-86.824257,-85.330844,-83.837431,-82.344018,-80.850605,-79.357192,-77.863779,-76.370366,-74.876953,-73.38354 ,-71.890127,-70.396714,-68.903301,-67.409888,-65.916475,-64.423062,-62.929649,-61.436236,-59.942823,-58.44941 ,-56.955997,-55.462584,-53.969171,-52.475758,-50.982345,-49.488932,-47.995519,-46.502106,-45.008693,-43.51528 ,-42.021867,-40.528454,-39.035041,-37.541628,-36.048215,-34.554802,-33.061389,-31.567976,-30.074563,-28.58115 
cqi_ul: 0., 0., 0., 0., 0., 0., 0., 0., 0., 0., 0., 0., 0., 0., 0., 0., 0., 0., 0., 0.,40., 0., 0., 0., 0., 0., 0., 0., 0., 0., 0., 0., 0., 0., 0., 0., 0., 0., 0., 0.
cqi_ul_bin_edges:14.5  ,14.525,14.55 ,14.575,14.6  ,14.625,14.65 ,14.675,14.7  ,14.725,14.75 ,14.775,14.8  ,14.825,14.85 ,14.875,14.9  ,14.925,14.95 ,14.975,15.   ,15.025,15.05 ,15.075,15.1  ,15.125,15.15 ,15.175,15.2  ,15.225,15.25 ,15.275,15.3  ,15.325,15.35 ,15.375,15.4  ,15.425,15.45 ,15.475,15.5  
cqi_dl: 0., 0., 0., 0., 0., 0., 0., 0., 0., 0., 0., 0., 0., 0., 0., 0., 0., 0., 0., 0.,40., 0., 0., 0., 0., 0., 0., 0., 0., 0., 0., 0., 0., 0., 0., 0., 0., 0., 0., 0.
cqi_dl_bin_edges:14.5  ,14.525,14.55 ,14.575,14.6  ,14.625,14.65 ,14.675,14.7  ,14.725,14.75 ,14.775,14.8  ,14.825,14.85 ,14.875,14.9  ,14.925,14.95 ,14.975,15.   ,15.025,15.05 ,15.075,15.1  ,15.125,15.15 ,15.175,15.2  ,15.225,15.25 ,15.275,15.3  ,15.325,15.35 ,15.375,15.4  ,15.425,15.45 ,15.475,15.5  
mcs_ul: 0., 0., 0., 0., 0., 0., 0., 0., 0., 0., 0., 0., 0., 0., 0., 0., 0., 0., 0., 0.,40., 0., 0., 0., 0., 0., 0., 0., 0., 0., 0., 0., 0., 0., 0., 0., 0., 0., 0., 0.
mcs_ul_bin_edges:27.5  ,27.525,27.55 ,27.575,27.6  ,27.625,27.65 ,27.675,27.7  ,27.725,27.75 ,27.775,27.8  ,27.825,27.85 ,27.875,27.9  ,27.925,27.95 ,27.975,28.   ,28.025,28.05 ,28.075,28.1  ,28.125,28.15 ,28.175,28.2  ,28.225,28.25 ,28.275,28.3  ,28.325,28.35 ,28.375,28.4  ,28.425,28.45 ,28.475,28.5  
mcs_dl: 0., 0., 0., 0., 0., 0., 0., 0., 0., 0., 0., 0., 0., 0., 0., 0., 0., 0., 0., 0.,40., 0., 0., 0., 0., 0., 0., 0., 0., 0., 0., 0., 0., 0., 0., 0., 0., 0., 0., 0.
mcs_dl_bin_edges:27.5  ,27.525,27.55 ,27.575,27.6  ,27.625,27.65 ,27.675,27.7  ,27.725,27.75 ,27.775,27.8  ,27.825,27.85 ,27.875,27.9  ,27.925,27.95 ,27.975,28.   ,28.025,28.05 ,28.075,28.1  ,28.125,28.15 ,28.175,28.2  ,28.225,28.25 ,28.275,28.3  ,28.325,28.35 ,28.375,28.4  ,28.425,28.45 ,28.475,28.5  
eff_ul: 0., 0., 0., 0., 0., 0., 0., 0., 0., 0., 0., 0., 0., 0., 0., 0., 0., 0., 0., 0.,40., 0., 0., 0., 0., 0., 0., 0., 0., 0., 0., 0., 0., 0., 0., 0., 0., 0., 0., 0.
eff_ul_bin_edges:5.0545974,5.0795974,5.1045974,5.1295974,5.1545974,5.1795974,5.2045974,5.2295974,5.2545974,5.2795974,5.3045974,5.3295974,5.3545974,5.3795974,5.4045974,5.4295974,5.4545974,5.4795974,5.5045974,5.5295974,5.5545974,5.5795974,5.6045974,5.6295974,5.6545974,5.6795974,5.7045974,5.7295974,5.7545974,5.7795974,5.8045974,5.8295974,5.8545974,5.8795974,5.9045974,5.9295974,5.9545974,5.9795974,6.0045974,6.0295974,6.0545974
eff_dl: 0., 0., 0., 0., 0., 0., 0., 0., 0., 0., 0., 0., 0., 0., 0., 0., 0., 0., 0., 0.,40., 0., 0., 0., 0., 0., 0., 0., 0., 0., 0., 0., 0., 0., 0., 0., 0., 0., 0., 0.
eff_dl_bin_edges:5.0545974,5.0795974,5.1045974,5.1295974,5.1545974,5.1795974,5.2045974,5.2295974,5.2545974,5.2795974,5.3045974,5.3295974,5.3545974,5.3795974,5.4045974,5.4295974,5.4545974,5.4795974,5.5045974,5.5295974,5.5545974,5.5795974,5.6045974,5.6295974,5.6545974,5.6795974,5.7045974,5.7295974,5.7545974,5.7795974,5.8045974,5.8295974,5.8545974,5.8795974,5.9045974,5.9295974,5.9545974,5.9795974,6.0045974,6.0295974,6.0545974
rul:4.65244522e-01,5.82392842e-05,2.79548564e-05,6.98871410e-05,1.18808140e-04,1.51422139e-05,1.98013566e-05,3.26139992e-05,4.07674989e-05,8.15349979e-05,1.16478568e-05,1.86365709e-05,4.19322846e-05,1.16478568e-05,1.16478568e-05,1.04830712e-05,2.32957137e-06,2.32957137e-06,4.65914274e-06,1.16478568e-06,6.63927840e-05,2.32957137e-06,0.00000000e+00,0.00000000e+00,2.32957137e-06,0.00000000e+00,0.00000000e+00,1.16478568e-06,1.16478568e-06,1.16478568e-06,1.16478568e-06,0.00000000e+00,0.00000000e+00,0.00000000e+00,0.00000000e+00,0.00000000e+00,1.16478568e-06,0.00000000e+00,1.16478568e-06,1.51422139e-05
rul_bin_edges: 0.        , 2.14629613, 4.29259225, 6.43888838, 8.5851845 ,10.73148062,12.87777675,15.02407288,17.170369  ,19.31666513,21.46296125,23.60925738,25.7555535 ,27.90184963,30.04814575,32.19444188,34.340738  ,36.48703413,38.63333025,40.77962637,42.9259225 ,45.07221863,47.21851475,49.36481088,51.511107  ,53.65740313,55.80369925,57.94999538,60.0962915 ,62.24258763,64.38888375,66.53517987,68.681476  ,70.82777213,72.97406825,75.12036438,77.2666605 ,79.41295663,81.55925275,83.70554888,85.851845  
rdl:4.48713422e-01,2.74130757e-05,9.34536671e-05,7.85010804e-05,1.05914156e-04,2.99051735e-05,2.74130757e-05,7.47629337e-06,1.24604890e-05,2.11828312e-05,8.72234227e-06,8.72234227e-06,8.72234227e-06,9.96839116e-06,4.98419558e-06,3.73814669e-06,7.47629337e-06,1.24604890e-06,4.98419558e-06,4.58869966e-02,1.24604890e-06,1.24604890e-06,0.00000000e+00,1.24604890e-06,1.24604890e-06,1.24604890e-06,0.00000000e+00,1.24604890e-06,1.24604890e-06,1.24604890e-06,0.00000000e+00,0.00000000e+00,0.00000000e+00,0.00000000e+00,1.24604890e-06,0.00000000e+00,0.00000000e+00,0.00000000e+00,0.00000000e+00,3.35062548e-03
rdl_bin_edges: 0.        , 2.00632175, 4.0126435 , 6.01896525, 8.025287  ,10.03160875,12.0379305 ,14.04425225,16.050574  ,18.05689575,20.0632175 ,22.06953925,24.075861  ,26.08218275,28.0885045 ,30.09482625,32.101148  ,34.10746975,36.1137915 ,38.12011325,40.126435  ,42.13275675,44.1390785 ,46.14540025,48.151722  ,50.15804375,52.1643655 ,54.17068725,56.177009  ,58.18333075,60.1896525 ,62.19597425,64.202296  ,66.20861775,68.2149395 ,70.22126125,72.227583  ,74.23390475,76.2402265 ,78.24654825,80.25287   
lul:8.08372995e+03,0.00000000e+00,0.00000000e+00,0.00000000e+00,0.00000000e+00,0.00000000e+00,0.00000000e+00,0.00000000e+00,0.00000000e+00,0.00000000e+00,0.00000000e+00,0.00000000e+00,0.00000000e+00,0.00000000e+00,0.00000000e+00,0.00000000e+00,0.00000000e+00,0.00000000e+00,0.00000000e+00,0.00000000e+00,0.00000000e+00,0.00000000e+00,0.00000000e+00,0.00000000e+00,0.00000000e+00,0.00000000e+00,0.00000000e+00,0.00000000e+00,0.00000000e+00,1.41714406e+03,1.38365902e+01,5.34982399e-01,7.29521453e-01,1.41040814e+01,3.39956997e+01,6.61432784e+00,7.78156217e-01,9.07038340e+00,1.43545505e+02,2.96672058e+00
lul_bin_edges:0.        ,0.00010281,0.00020561,0.00030842,0.00041122,0.00051403,0.00061684,0.00071964,0.00082245,0.00092525,0.00102806,0.00113087,0.00123367,0.00133648,0.00143929,0.00154209,0.0016449 ,0.0017477 ,0.00185051,0.00195332,0.00205612,0.00215893,0.00226173,0.00236454,0.00246735,0.00257015,0.00267296,0.00277576,0.00287857,0.00298138,0.00308418,0.00318699,0.00328979,0.0033926 ,0.00349541,0.00359821,0.00370102,0.00380383,0.00390663,0.00400944,0.00411224
ldl:8.61306914e+03,0.00000000e+00,0.00000000e+00,0.00000000e+00,0.00000000e+00,0.00000000e+00,0.00000000e+00,0.00000000e+00,0.00000000e+00,0.00000000e+00,0.00000000e+00,0.00000000e+00,0.00000000e+00,0.00000000e+00,0.00000000e+00,0.00000000e+00,0.00000000e+00,0.00000000e+00,0.00000000e+00,0.00000000e+00,0.00000000e+00,0.00000000e+00,0.00000000e+00,0.00000000e+00,0.00000000e+00,0.00000000e+00,0.00000000e+00,0.00000000e+00,8.24810797e+02,1.12380531e+01,1.17412495e+00,4.79234674e-02,4.79234674e-01,6.32350152e+01,1.10223975e+00,9.58469348e-02,1.17412495e+00,7.33229051e+00,6.06711097e+01,3.59426005e-01
ldl_bin_edges:0.        ,0.00010433,0.00020866,0.000313  ,0.00041733,0.00052166,0.00062599,0.00073032,0.00083466,0.00093899,0.00104332,0.00114765,0.00125198,0.00135632,0.00146065,0.00156498,0.00166931,0.00177364,0.00187798,0.00198231,0.00208664,0.00219097,0.0022953 ,0.00239964,0.00250397,0.0026083 ,0.00271263,0.00281696,0.0029213 ,0.00302563,0.00312996,0.00323429,0.00333862,0.00344296,0.00354729,0.00365162,0.00375595,0.00386028,0.00396462,0.00406895,0.00417328
ilul:1.16775843e+03,0.00000000e+00,0.00000000e+00,0.00000000e+00,2.13123836e+02,2.35992406e+01,9.13337684e-02,1.89693211e-01,5.26925587e-02,3.16155352e-02,1.05385117e-02,2.10770235e-02,1.40513490e-02,7.02567450e-03,1.75641862e-02,1.75641862e-02,2.10770235e-02,1.75641862e-02,7.02567450e-03,1.75641862e-02,1.40513490e-02,1.40513490e-02,1.05385117e-02,1.40513490e-02,7.02567450e-03,7.02567450e-03,1.05385117e-02,7.02567450e-03,7.02567450e-03,1.40513490e-02,3.51283725e-03,0.00000000e+00,3.51283725e-03,7.02567450e-03,3.51283725e-03,0.00000000e+00,1.05385117e-02,3.51283725e-03,3.51283725e-03,1.05385117e-02
ilul_bin_edges:0.        ,0.00071167,0.00142334,0.002135  ,0.00284667,0.00355834,0.00427001,0.00498168,0.00569335,0.00640501,0.00711668,0.00782835,0.00854002,0.00925169,0.00996336,0.01067502,0.01138669,0.01209836,0.01281003,0.0135217 ,0.01423337,0.01494503,0.0156567 ,0.01636837,0.01708004,0.01779171,0.01850338,0.01921504,0.01992671,0.02063838,0.02135005,0.02206172,0.02277339,0.02348505,0.02419672,0.02490839,0.02562006,0.02633173,0.0270434 ,0.02775506,0.02846673
ildl:3.22340209e+01,2.11786085e-02,2.42168899e-02,1.97488290e-02,1.84084108e-02,1.60850191e-02,1.47446009e-02,1.48339621e-02,1.56382130e-02,1.57275742e-02,1.39403499e-02,1.55488518e-02,1.67105476e-02,1.51914069e-02,1.52807682e-02,1.44765172e-02,1.14382358e-02,1.02765400e-02,8.75739930e-03,8.31059321e-03,8.13187077e-03,6.07656278e-03,5.45103426e-03,6.07656278e-03,5.62975669e-03,5.54039547e-03,5.98720156e-03,5.71911791e-03,5.89784034e-03,5.71911791e-03,5.62975669e-03,8.04250956e-03,1.20637643e-02,1.16169582e-02,1.35829050e-02,1.24212092e-02,1.23318480e-02,9.04335519e-01,2.06022286e+00,1.19833392e-01
ildl_bin_edges:0.        ,0.02797606,0.05595212,0.08392819,0.11190425,0.13988031,0.16785638,0.19583244,0.2238085 ,0.25178456,0.27976062,0.30773669,0.33571275,0.36368881,0.39166487,0.41964094,0.447617  ,0.47559306,0.50356912,0.53154519,0.55952125,0.58749731,0.61547337,0.64344944,0.6714255 ,0.69940156,0.72737763,0.75535369,0.78332975,0.81130581,0.83928187,0.86725794,0.895234  ,0.92321006,0.95118612,0.97916219,1.00713825,1.03511431,1.06309038,1.09106644,1.1190425 
eul: 0., 0., 0., 0., 0., 0., 0., 0., 0., 0., 0., 0., 0., 0., 0., 0., 0., 0., 0., 0.,40., 0., 0., 0., 0., 0., 0., 0., 0., 0., 0., 0., 0., 0., 0., 0., 0., 0., 0., 0.
eul_bin_edges:-0.5  ,-0.475,-0.45 ,-0.425,-0.4  ,-0.375,-0.35 ,-0.325,-0.3  ,-0.275,-0.25 ,-0.225,-0.2  ,-0.175,-0.15 ,-0.125,-0.1  ,-0.075,-0.05 ,-0.025, 0.   , 0.025, 0.05 , 0.075, 0.1  , 0.125, 0.15 , 0.175, 0.2  , 0.225, 0.25 , 0.275, 0.3  , 0.325, 0.35 , 0.375, 0.4  , 0.425, 0.45 , 0.475, 0.5  
edl:6.21394875e-02,2.89999406e-05,9.78072529e-05,8.48383354e-05,8.98818034e-05,4.57874838e-04,4.64719544e-05,3.87806659e-04,1.45341938e-03,1.73153061e-03,5.65588903e-04,2.50192034e-04,1.05012207e-04,5.22359178e-05,1.04291712e-04,1.44459331e-04,1.42477969e-04,1.95254258e-04,9.69066337e-05,1.32571157e-04,6.56551449e-04,1.12019025e-03,1.50799691e-03,2.82974575e-04,2.41365965e-05,2.73788259e-05,1.54906515e-05,2.17949864e-05,2.25154818e-05,1.65713946e-05,2.77390736e-05,1.94533763e-05,0.00000000e+00,0.00000000e+00,0.00000000e+00,0.00000000e+00,0.00000000e+00,0.00000000e+00,0.00000000e+00,3.60247709e-07
edl_bin_edges:  0.    , 13.8792, 27.7584, 41.6376, 55.5168, 69.396 , 83.2752, 97.1544,111.0336,124.9128,138.792 ,152.6712,166.5504,180.4296,194.3088,208.188 ,222.0672,235.9464,249.8256,263.7048,277.584 ,291.4632,305.3424,319.2216,333.1008,346.98  ,360.8592,374.7384,388.6176,402.4968,416.376 ,430.2552,444.1344,458.0136,471.8928,485.772 ,499.6512,513.5304,527.4096,541.2888,555.168 
gul:2.85471335e-01,3.14408335e-05,8.86059853e-05,1.71495455e-05,5.71651518e-06,6.85981821e-05,1.42912879e-05,4.57321214e-05,2.00078031e-05,1.42912879e-05,2.85825759e-06,2.28660607e-05,0.00000000e+00,2.85825759e-06,0.00000000e+00,0.00000000e+00,2.85825759e-06,5.71651518e-06,0.00000000e+00,0.00000000e+00,2.85825759e-06,0.00000000e+00,2.85825759e-06,0.00000000e+00,0.00000000e+00,0.00000000e+00,0.00000000e+00,0.00000000e+00,2.85825759e-06,0.00000000e+00,0.00000000e+00,0.00000000e+00,0.00000000e+00,0.00000000e+00,2.85825759e-06,0.00000000e+00,0.00000000e+00,0.00000000e+00,0.00000000e+00,2.85825759e-06
gul_bin_edges:  0.    ,  3.4986,  6.9972, 10.4958, 13.9944, 17.493 , 20.9916, 24.4902, 27.9888, 31.4874, 34.986 , 38.4846, 41.9832, 45.4818, 48.9804, 52.479 , 55.9776, 59.4762, 62.9748, 66.4734, 69.972 , 73.4706, 76.9692, 80.4678, 83.9664, 87.465 , 90.9636, 94.4622, 97.9608,101.4594,104.958 ,108.4566,111.9552,115.4538,118.9524,122.451 ,125.9496,129.4482,132.9468,136.4454,139.944 
gdl:7.05138058e-02,1.49502799e-05,5.34967848e-05,2.25154818e-05,1.60310230e-05,2.43167203e-04,6.84470647e-06,3.44036562e-05,1.45359951e-04,1.27347565e-04,4.97141838e-05,4.08881150e-05,1.89130047e-05,6.12421105e-06,1.96335001e-05,2.05341194e-05,1.81925093e-05,3.17017984e-05,2.05341194e-05,1.58508992e-05,1.07894189e-04,1.78142492e-04,2.50732405e-04,4.91738123e-05,5.40371563e-06,5.04346792e-06,3.24222938e-06,4.86334407e-06,5.58383949e-06,5.04346792e-06,8.28569730e-06,6.48445876e-06,0.00000000e+00,0.00000000e+00,0.00000000e+00,0.00000000e+00,0.00000000e+00,0.00000000e+00,0.00000000e+00,3.60247709e-07
gdl_bin_edges:  0.    , 13.8792, 27.7584, 41.6376, 55.5168, 69.396 , 83.2752, 97.1544,111.0336,124.9128,138.792 ,152.6712,166.5504,180.4296,194.3088,208.188 ,222.0672,235.9464,249.8256,263.7048,277.584 ,291.4632,305.3424,319.2216,333.1008,346.98  ,360.8592,374.7384,388.6176,402.4968,416.376 ,430.2552,444.1344,458.0136,471.8928,485.772 ,499.6512,513.5304,527.4096,541.2888,555.168 
ri: 0., 0., 0., 0., 0., 0., 0., 0., 0., 0., 0., 0., 0., 0., 0., 0., 0., 0., 0., 0.,40., 0., 0., 0., 0., 0., 0., 0., 0., 0., 0., 0., 0., 0., 0., 0., 0., 0., 0., 0.
ri_bin_edges:0.5  ,0.525,0.55 ,0.575,0.6  ,0.625,0.65 ,0.675,0.7  ,0.725,0.75 ,0.775,0.8  ,0.825,0.85 ,0.875,0.9  ,0.925,0.95 ,0.975,1.   ,1.025,1.05 ,1.075,1.1  ,1.125,1.15 ,1.175,1.2  ,1.225,1.25 ,1.275,1.3  ,1.325,1.35 ,1.375,1.4  ,1.425,1.45 ,1.475,1.5  
