period:1
ue_log_freq:1000
mac_log_freq:1000
mimo_layers:2
frequency:2412000000.0
bandwidth:50000000
ue_speed:5.555555555555555
max_distance:1000
shannon_cfg_bandwidth_mhz:50.0
shannon_cfg_mimo_layers:2
shannon_cfg_bw_efficiency:0.67
shannon_cfg_sinr_offset_db:0
shannon_cfg_ul_divisor:2
shannon_cfg_sinr_sample_rate:1000
n_ue:3
sinr_period:9.463597741343282
sinr_rate:105.66805852612856
ul_fairness:nan
dl_fairness:0.9999775199102263
ul_agg_throughput:0
dl_agg_throughput:29.12563665763966
ul_ave_throughput:0.0
dl_ave_throughput:9.708545552546553
ul_se:0.0
dl_se:0.5825127331527932
ul_ase:0.0
dl_ase:1.8541956179047444e-07
ul_gr:0.0, 0.0, 0.0
dl_gr:9.850579494205057, 9.852544474555256, 9.851208487915121
ul_tr:0.0, 0.0, 0.0
dl_tr:9.738988888411116, 9.741797702622975, 9.7401926599734
ul_er:0.0, 0.0, 0.0
dl_er:90.14727752722473, 90.14531254687454, 90.14664853351466
ul_er_ratio:0.0, 0.0, 0.0
dl_er_ratio:0.9024992199839936, 0.9024719237718464, 0.902487729678968
ul_er_perc:0.0, 0.0, 0.0
dl_er_perc:90.24992199839936, 90.24719237718463, 90.2487729678968
ul_l:0.0, 0.0, 0.0
dl_l:0.0006602102455925441, 0.000663992162604374, 0.0006629035962180378
ul_il:0.0, 0.0, 0.0
dl_il:0.2184097530270097, 0.21928609940752392, 0.2193634393876001
sinr_ul:0.01353627,0.0219542 ,0.02126698,0.03622166,0.08938563,0.05354114,0.12599139,0.07775138,0.06295405,0.04463034,0.04467199,0.01825429,0.01796505,0.01170366,0.00907277,0.00747618,0.00842488,0.00707588,0.00710133,0.00587497,0.00059698,0.00042113,0.00039799,0.00037716,0.00036328,0.00035634,0.00034246,0.00033783,0.00033089,0.00032626,0.00032163,0.00031932,0.000317  ,0.00031469,0.00031238,0.00031238,0.00031006,0.00042807,0.00061318,0.00222134
sinr_ul_bin_edges:19.724503  ,21.16506318,22.60562335,24.04618352,25.4867437 ,26.92730387,28.36786405,29.80842422,31.2489844 ,32.68954457,34.13010475,35.57066492,37.0112251 ,38.45178527,39.89234545,41.33290562,42.7734658 ,44.21402597,45.65458615,47.09514632,48.5357065 ,49.97626667,51.41682685,52.85738702,54.2979472 ,55.73850737,57.17906755,58.61962772,60.0601879 ,61.50074807,62.94130825,64.38186842,65.8224286 ,67.26298877,68.70354895,70.14410912,71.5846693 ,73.02522948,74.46578965,75.90634982,77.34691   
sinr_dl:0.01353627,0.02195421,0.02126699,0.03622167,0.08938567,0.0535643 ,0.12600533,0.07773985,0.06298878,0.04458408,0.04467432,0.01824504,0.01796969,0.01170135,0.00907046,0.00747619,0.00842257,0.00708051,0.00709902,0.00587497,0.00059004,0.00042113,0.00039799,0.00037716,0.00036328,0.00035634,0.00034246,0.00033783,0.00033089,0.00032626,0.00032163,0.00031932,0.000317  ,0.00031469,0.00031238,0.00031238,0.00031006,0.00042807,0.00061318,0.00222134
sinr_dl_bin_edges:29.468418  ,30.90897755,32.3495371 ,33.79009665,35.2306562 ,36.67121575,38.1117753 ,39.55233485,40.9928944 ,42.43345395,43.8740135 ,45.31457305,46.7551326 ,48.19569215,49.6362517 ,51.07681125,52.5173708 ,53.95793035,55.3984899 ,56.83904945,58.279609  ,59.72016855,61.1607281 ,62.60128765,64.0418472 ,65.48240675,66.9229663 ,68.36352585,69.8040854 ,71.24464495,72.6852045 ,74.12576405,75.5663236 ,77.00688315,78.4474427 ,79.88800225,81.3285618 ,82.76912135,84.2096809 ,85.65024045,87.0908    
rsrp_ul:0.01353503,0.02195827,0.02126173,0.0362153 ,0.08940435,0.056239  ,0.12768611,0.0791229 ,0.06403975,0.0392074 ,0.04511755,0.01679557,0.01886667,0.01144311,0.00883746,0.00776373,0.00786555,0.00772439,0.00670851,0.00525758,0.00045819,0.00041885,0.00039802,0.00037719,0.00036562,0.00035405,0.00034248,0.00033786,0.00033091,0.00032628,0.00032397,0.00031703,0.00031703,0.00031471,0.0003124 ,0.0003124 ,0.00031009,0.0004281 ,0.00061323,0.00222151
rsrp_ul_bin_edges:-90.790344  ,-89.34989898,-87.90945395,-86.46900892,-85.0285639 ,-83.58811888,-82.14767385,-80.70722883,-79.2667838 ,-77.82633877,-76.38589375,-74.94544873,-73.5050037 ,-72.06455868,-70.62411365,-69.18366862,-67.7432236 ,-66.30277858,-64.86233355,-63.42188852,-61.9814435 ,-60.54099847,-59.10055345,-57.66010842,-56.2196634 ,-54.77921837,-53.33877335,-51.89832832,-50.4578833 ,-49.01743827,-47.57699325,-46.13654822,-44.6961032 ,-43.25565817,-41.81521315,-40.37476812,-38.9343231 ,-37.49387807,-36.05343305,-34.61298802,-33.172543  
rsrp_dl:0.01353503,0.02195827,0.02126173,0.0362153 ,0.08940434,0.056239  ,0.12768611,0.0791229 ,0.06403975,0.0392074 ,0.04511755,0.01679557,0.01886667,0.01144311,0.00883746,0.00776373,0.00786555,0.00772439,0.00670851,0.00525758,0.00045819,0.00041885,0.00039802,0.00037719,0.00036562,0.00035405,0.00034248,0.00033786,0.00033091,0.00032628,0.00032397,0.00031703,0.00031703,0.00031471,0.0003124 ,0.0003124 ,0.00031009,0.0004281 ,0.00061323,0.00222151
rsrp_dl_bin_edges:-87.780045  ,-86.33959995,-84.8991549 ,-83.45870985,-82.0182648 ,-80.57781975,-79.1373747 ,-77.69692965,-76.2564846 ,-74.81603955,-73.3755945 ,-71.93514945,-70.4947044 ,-69.05425935,-67.6138143 ,-66.17336925,-64.7329242 ,-63.29247915,-61.8520341 ,-60.41158905,-58.971144  ,-57.53069895,-56.0902539 ,-54.64980885,-53.2093638 ,-51.76891875,-50.3284737 ,-48.88802865,-47.4475836 ,-46.00713855,-44.5666935 ,-43.12624845,-41.6858034 ,-40.24535835,-38.8049133 ,-37.36446825,-35.9240232 ,-34.48357815,-33.0431331 ,-31.60268805,-30.162243  
cqi_ul: 0., 0., 0., 0., 0., 0., 0., 0., 0., 0., 0., 0., 0., 0., 0., 0., 0., 0., 0., 0.,40., 0., 0., 0., 0., 0., 0., 0., 0., 0., 0., 0., 0., 0., 0., 0., 0., 0., 0., 0.
cqi_ul_bin_edges:14.5  ,14.525,14.55 ,14.575,14.6  ,14.625,14.65 ,14.675,14.7  ,14.725,14.75 ,14.775,14.8  ,14.825,14.85 ,14.875,14.9  ,14.925,14.95 ,14.975,15.   ,15.025,15.05 ,15.075,15.1  ,15.125,15.15 ,15.175,15.2  ,15.225,15.25 ,15.275,15.3  ,15.325,15.35 ,15.375,15.4  ,15.425,15.45 ,15.475,15.5  
cqi_dl: 0., 0., 0., 0., 0., 0., 0., 0., 0., 0., 0., 0., 0., 0., 0., 0., 0., 0., 0., 0.,40., 0., 0., 0., 0., 0., 0., 0., 0., 0., 0., 0., 0., 0., 0., 0., 0., 0., 0., 0.
cqi_dl_bin_edges:14.5  ,14.525,14.55 ,14.575,14.6  ,14.625,14.65 ,14.675,14.7  ,14.725,14.75 ,14.775,14.8  ,14.825,14.85 ,14.875,14.9  ,14.925,14.95 ,14.975,15.   ,15.025,15.05 ,15.075,15.1  ,15.125,15.15 ,15.175,15.2  ,15.225,15.25 ,15.275,15.3  ,15.325,15.35 ,15.375,15.4  ,15.425,15.45 ,15.475,15.5  
mcs_ul: 0., 0., 0., 0., 0., 0., 0., 0., 0., 0., 0., 0., 0., 0., 0., 0., 0., 0., 0., 0.,40., 0., 0., 0., 0., 0., 0., 0., 0., 0., 0., 0., 0., 0., 0., 0., 0., 0., 0., 0.
mcs_ul_bin_edges:27.5  ,27.525,27.55 ,27.575,27.6  ,27.625,27.65 ,27.675,27.7  ,27.725,27.75 ,27.775,27.8  ,27.825,27.85 ,27.875,27.9  ,27.925,27.95 ,27.975,28.   ,28.025,28.05 ,28.075,28.1  ,28.125,28.15 ,28.175,28.2  ,28.225,28.25 ,28.275,28.3  ,28.325,28.35 ,28.375,28.4  ,28.425,28.45 ,28.475,28.5  
mcs_dl: 0., 0., 0., 0., 0., 0., 0., 0., 0., 0., 0., 0., 0., 0., 0., 0., 0., 0., 0., 0.,40., 0., 0., 0., 0., 0., 0., 0., 0., 0., 0., 0., 0., 0., 0., 0., 0., 0., 0., 0.
mcs_dl_bin_edges:27.5  ,27.525,27.55 ,27.575,27.6  ,27.625,27.65 ,27.675,27.7  ,27.725,27.75 ,27.775,27.8  ,27.825,27.85 ,27.875,27.9  ,27.925,27.95 ,27.975,28.   ,28.025,28.05 ,28.075,28.1  ,28.125,28.15 ,28.175,28.2  ,28.225,28.25 ,28.275,28.3  ,28.325,28.35 ,28.375,28.4  ,28.425,28.45 ,28.475,28.5  
eff_ul: 0., 0., 0., 0., 0., 0., 0., 0., 0., 0., 0., 0., 0., 0., 0., 0., 0., 0., 0., 0.,40., 0., 0., 0., 0., 0., 0., 0., 0., 0., 0., 0., 0., 0., 0., 0., 0., 0., 0., 0.
eff_ul_bin_edges:5.0545974,5.0795974,5.1045974,5.1295974,5.1545974,5.1795974,5.2045974,5.2295974,5.2545974,5.2795974,5.3045974,5.3295974,5.3545974,5.3795974,5.4045974,5.4295974,5.4545974,5.4795974,5.5045974,5.5295974,5.5545974,5.5795974,5.6045974,5.6295974,5.6545974,5.6795974,5.7045974,5.7295974,5.7545974,5.7795974,5.8045974,5.8295974,5.8545974,5.8795974,5.9045974,5.9295974,5.9545974,5.9795974,6.0045974,6.0295974,6.0545974
eff_dl: 0., 0., 0., 0., 0., 0., 0., 0., 0., 0., 0., 0., 0., 0., 0., 0., 0., 0., 0., 0.,40., 0., 0., 0., 0., 0., 0., 0., 0., 0., 0., 0., 0., 0., 0., 0., 0., 0., 0., 0.
eff_dl_bin_edges:5.0545974,5.0795974,5.1045974,5.1295974,5.1545974,5.1795974,5.2045974,5.2295974,5.2545974,5.2795974,5.3045974,5.3295974,5.3545974,5.3795974,5.4045974,5.4295974,5.4545974,5.4795974,5.5045974,5.5295974,5.5545974,5.5795974,5.6045974,5.6295974,5.6545974,5.6795974,5.7045974,5.7295974,5.7545974,5.7795974,5.8045974,5.8295974,5.8545974,5.8795974,5.9045974,5.9295974,5.9545974,5.9795974,6.0045974,6.0295974,6.0545974
rul: 0., 0., 0., 0., 0., 0., 0., 0., 0., 0., 0., 0., 0., 0., 0., 0., 0., 0., 0., 0.,40., 0., 0., 0., 0., 0., 0., 0., 0., 0., 0., 0., 0., 0., 0., 0., 0., 0., 0., 0.
rul_bin_edges:-0.5  ,-0.475,-0.45 ,-0.425,-0.4  ,-0.375,-0.35 ,-0.325,-0.3  ,-0.275,-0.25 ,-0.225,-0.2  ,-0.175,-0.15 ,-0.125,-0.1  ,-0.075,-0.05 ,-0.025, 0.   , 0.025, 0.05 , 0.075, 0.1  , 0.125, 0.15 , 0.175, 0.2  , 0.225, 0.25 , 0.275, 0.3  , 0.325, 0.35 , 0.375, 0.4  , 0.425, 0.45 , 0.475, 0.5  
rdl:0.39973082,0.        ,0.        ,0.        ,0.        ,0.        ,0.        ,0.        ,0.        ,0.        ,0.        ,0.        ,0.        ,0.        ,0.        ,0.        ,0.        ,0.        ,0.        ,0.07639941,0.        ,0.        ,0.        ,0.        ,0.        ,0.        ,0.        ,0.        ,0.        ,0.        ,0.        ,0.        ,0.        ,0.        ,0.        ,0.        ,0.        ,0.        ,0.        ,0.02229431
rdl_bin_edges: 0.        , 2.00632175, 4.0126435 , 6.01896525, 8.025287  ,10.03160875,12.0379305 ,14.04425225,16.050574  ,18.05689575,20.0632175 ,22.06953925,24.075861  ,26.08218275,28.0885045 ,30.09482625,32.101148  ,34.10746975,36.1137915 ,38.12011325,40.126435  ,42.13275675,44.1390785 ,46.14540025,48.151722  ,50.15804375,52.1643655 ,54.17068725,56.177009  ,58.18333075,60.1896525 ,62.19597425,64.202296  ,66.20861775,68.2149395 ,70.22126125,72.227583  ,74.23390475,76.2402265 ,78.24654825,80.25287   
lul: 0., 0., 0., 0., 0., 0., 0., 0., 0., 0., 0., 0., 0., 0., 0., 0., 0., 0., 0., 0.,40., 0., 0., 0., 0., 0., 0., 0., 0., 0., 0., 0., 0., 0., 0., 0., 0., 0., 0., 0.
lul_bin_edges:-0.5  ,-0.475,-0.45 ,-0.425,-0.4  ,-0.375,-0.35 ,-0.325,-0.3  ,-0.275,-0.25 ,-0.225,-0.2  ,-0.175,-0.15 ,-0.125,-0.1  ,-0.075,-0.05 ,-0.025, 0.   , 0.025, 0.05 , 0.075, 0.1  , 0.125, 0.15 , 0.175, 0.2  , 0.225, 0.25 , 0.275, 0.3  , 0.325, 0.35 , 0.375, 0.4  , 0.425, 0.45 , 0.475, 0.5  
ldl:6.39016753e+03,0.00000000e+00,0.00000000e+00,0.00000000e+00,0.00000000e+00,0.00000000e+00,0.00000000e+00,0.00000000e+00,0.00000000e+00,0.00000000e+00,0.00000000e+00,0.00000000e+00,0.00000000e+00,0.00000000e+00,0.00000000e+00,0.00000000e+00,0.00000000e+00,0.00000000e+00,0.00000000e+00,0.00000000e+00,0.00000000e+00,0.00000000e+00,0.00000000e+00,6.86932585e+02,1.69502156e+02,1.38108933e+00,2.65594102e-02,3.36401490e+02,1.96805230e+01,2.92153512e-01,5.89618906e+00,3.54727483e+02,2.84185689e+00,2.65594102e-02,0.00000000e+00,0.00000000e+00,0.00000000e+00,0.00000000e+00,0.00000000e+00,2.65594102e-02
ldl_bin_edges:0.        ,0.0001255 ,0.00025101,0.00037651,0.00050201,0.00062752,0.00075302,0.00087852,0.00100403,0.00112953,0.00125504,0.00138054,0.00150604,0.00163155,0.00175705,0.00188255,0.00200806,0.00213356,0.00225906,0.00238457,0.00251007,0.00263557,0.00276108,0.00288658,0.00301208,0.00313759,0.00326309,0.0033886 ,0.0035141 ,0.0036396 ,0.00376511,0.00389061,0.00401611,0.00414162,0.00426712,0.00439262,0.00451813,0.00464363,0.00476913,0.00489464,0.00502014
ilul: 0., 0., 0., 0., 0., 0., 0., 0., 0., 0., 0., 0., 0., 0., 0., 0., 0., 0., 0., 0.,40., 0., 0., 0., 0., 0., 0., 0., 0., 0., 0., 0., 0., 0., 0., 0., 0., 0., 0., 0.
ilul_bin_edges:-0.5  ,-0.475,-0.45 ,-0.425,-0.4  ,-0.375,-0.35 ,-0.325,-0.3  ,-0.275,-0.25 ,-0.225,-0.2  ,-0.175,-0.15 ,-0.125,-0.1  ,-0.075,-0.05 ,-0.025, 0.   , 0.025, 0.05 , 0.075, 0.1  , 0.125, 0.15 , 0.175, 0.2  , 0.225, 0.25 , 0.275, 0.3  , 0.325, 0.35 , 0.375, 0.4  , 0.425, 0.45 , 0.475, 0.5  
ildl:1.79847541e+01,3.21373865e-03,9.71595405e-04,0.00000000e+00,0.00000000e+00,0.00000000e+00,0.00000000e+00,0.00000000e+00,0.00000000e+00,0.00000000e+00,0.00000000e+00,0.00000000e+00,0.00000000e+00,0.00000000e+00,0.00000000e+00,0.00000000e+00,0.00000000e+00,7.47381081e-05,4.48428648e-04,1.56950027e-03,1.94319081e-03,3.36321486e-03,3.96111973e-03,6.87590594e-03,4.36470551e+00,3.28847675e-03,3.28847675e-03,3.13900054e-03,3.51269108e-03,3.28847675e-03,3.36321486e-03,3.36321486e-03,3.43795297e-03,2.91478621e-03,3.28847675e-03,3.51269108e-03,3.28847675e-03,3.21373865e-03,3.51269108e-03,3.36321486e-03
ildl_bin_edges:0.        ,0.04459974,0.08919948,0.13379921,0.17839895,0.22299869,0.26759842,0.31219816,0.3567979 ,0.40139764,0.44599738,0.49059711,0.53519685,0.57979659,0.62439632,0.66899606,0.7135958 ,0.75819554,0.80279528,0.84739501,0.89199475,0.93659449,0.98119422,1.02579396,1.0703937 ,1.11499344,1.15959317,1.20419291,1.24879265,1.29339239,1.33799212,1.38259186,1.4271916 ,1.47179134,1.51639108,1.56099081,1.60559055,1.65019029,1.69479003,1.73938976,1.7839895 
eul: 0., 0., 0., 0., 0., 0., 0., 0., 0., 0., 0., 0., 0., 0., 0., 0., 0., 0., 0., 0.,40., 0., 0., 0., 0., 0., 0., 0., 0., 0., 0., 0., 0., 0., 0., 0., 0., 0., 0., 0.
eul_bin_edges:-0.5  ,-0.475,-0.45 ,-0.425,-0.4  ,-0.375,-0.35 ,-0.325,-0.3  ,-0.275,-0.25 ,-0.225,-0.2  ,-0.175,-0.15 ,-0.125,-0.1  ,-0.075,-0.05 ,-0.025, 0.   , 0.025, 0.05 , 0.075, 0.1  , 0.125, 0.15 , 0.175, 0.2  , 0.225, 0.25 , 0.275, 0.3  , 0.325, 0.35 , 0.375, 0.4  , 0.425, 0.45 , 0.475, 0.5  
edl:1.31359344e-02,3.99862712e-06,0.00000000e+00,0.00000000e+00,0.00000000e+00,0.00000000e+00,0.00000000e+00,0.00000000e+00,0.00000000e+00,1.33287571e-06,3.33218927e-05,5.49589084e-04,2.94387815e-03,1.14447373e-01,1.98331905e-03,1.77716761e-04,1.02187138e-05,0.00000000e+00,0.00000000e+00,0.00000000e+00,0.00000000e+00,0.00000000e+00,0.00000000e+00,0.00000000e+00,0.00000000e+00,0.00000000e+00,1.33287571e-06,0.00000000e+00,0.00000000e+00,0.00000000e+00,0.00000000e+00,0.00000000e+00,0.00000000e+00,0.00000000e+00,0.00000000e+00,0.00000000e+00,0.00000000e+00,0.00000000e+00,0.00000000e+00,8.88583805e-07
edl_bin_edges:  0.    ,  7.5025, 15.005 , 22.5075, 30.01  , 37.5125, 45.015 , 52.5175, 60.02  , 67.5225, 75.025 , 82.5275, 90.03  , 97.5325,105.035 ,112.5375,120.04  ,127.5425,135.045 ,142.5475,150.05  ,157.5525,165.055 ,172.5575,180.06  ,187.5625,195.065 ,202.5675,210.07  ,217.5725,225.075 ,232.5775,240.08  ,247.5825,255.085 ,262.5875,270.09  ,277.5925,285.095 ,292.5975,300.1   
gul: 0., 0., 0., 0., 0., 0., 0., 0., 0., 0., 0., 0., 0., 0., 0., 0., 0., 0., 0., 0.,40., 0., 0., 0., 0., 0., 0., 0., 0., 0., 0., 0., 0., 0., 0., 0., 0., 0., 0., 0.
gul_bin_edges:-0.5  ,-0.475,-0.45 ,-0.425,-0.4  ,-0.375,-0.35 ,-0.325,-0.3  ,-0.275,-0.25 ,-0.225,-0.2  ,-0.175,-0.15 ,-0.125,-0.1  ,-0.075,-0.05 ,-0.025, 0.   , 0.025, 0.05 , 0.075, 0.1  , 0.125, 0.15 , 0.175, 0.2  , 0.225, 0.25 , 0.275, 0.3  , 0.325, 0.35 , 0.375, 0.4  , 0.425, 0.45 , 0.475, 0.5  
gdl:1.20155635e-01,0.00000000e+00,0.00000000e+00,0.00000000e+00,0.00000000e+00,0.00000000e+00,0.00000000e+00,0.00000000e+00,0.00000000e+00,0.00000000e+00,3.99862712e-06,4.62063579e-05,3.05672829e-04,1.25796809e-02,1.77272469e-04,1.95488437e-05,4.44291903e-07,0.00000000e+00,0.00000000e+00,0.00000000e+00,0.00000000e+00,0.00000000e+00,0.00000000e+00,0.00000000e+00,0.00000000e+00,0.00000000e+00,0.00000000e+00,0.00000000e+00,0.00000000e+00,0.00000000e+00,0.00000000e+00,0.00000000e+00,0.00000000e+00,0.00000000e+00,0.00000000e+00,0.00000000e+00,0.00000000e+00,0.00000000e+00,0.00000000e+00,4.44291903e-07
gdl_bin_edges:  0.    ,  7.5025, 15.005 , 22.5075, 30.01  , 37.5125, 45.015 , 52.5175, 60.02  , 67.5225, 75.025 , 82.5275, 90.03  , 97.5325,105.035 ,112.5375,120.04  ,127.5425,135.045 ,142.5475,150.05  ,157.5525,165.055 ,172.5575,180.06  ,187.5625,195.065 ,202.5675,210.07  ,217.5725,225.075 ,232.5775,240.08  ,247.5825,255.085 ,262.5875,270.09  ,277.5925,285.095 ,292.5975,300.1   
ri: 0., 0., 0., 0., 0., 0., 0., 0., 0., 0., 0., 0., 0., 0., 0., 0., 0., 0., 0., 0.,40., 0., 0., 0., 0., 0., 0., 0., 0., 0., 0., 0., 0., 0., 0., 0., 0., 0., 0., 0.
ri_bin_edges:0.5  ,0.525,0.55 ,0.575,0.6  ,0.625,0.65 ,0.675,0.7  ,0.725,0.75 ,0.775,0.8  ,0.825,0.85 ,0.875,0.9  ,0.925,0.95 ,0.975,1.   ,1.025,1.05 ,1.075,1.1  ,1.125,1.15 ,1.175,1.2  ,1.225,1.25 ,1.275,1.3  ,1.325,1.35 ,1.375,1.4  ,1.425,1.45 ,1.475,1.5  
