period:1
ue_log_freq:1000
mac_log_freq:1000
mimo_layers:2
frequency:2412000000.0
bandwidth:50000000
ue_speed:5.555555555555555
max_distance:1000
shannon_cfg_bandwidth_mhz:50.0
shannon_cfg_mimo_layers:2
shannon_cfg_bw_efficiency:0.67
shannon_cfg_sinr_offset_db:0
shannon_cfg_ul_divisor:2
shannon_cfg_sinr_sample_rate:1000
n_ue:1
sinr_period:9.463597741343282
sinr_rate:105.66805852612856
ul_fairness:1.0
dl_fairness:1.0
ul_agg_throughput:16.084286178004785
dl_agg_throughput:35.41124455581738
ul_ave_throughput:16.084286178004785
dl_ave_throughput:35.41124455581738
ul_se:0.32168572356009567
dl_se:0.7082248911163476
ul_ase:1.0239574605336442e-07
dl_ase:2.2543498448377215e-07
ul_gr:5.442777143523804
dl_gr:16.619349005424954
ul_tr:5.361393731168908
dl_tr:16.52509579027675
ul_er:294.55185040124667
dl_er:283.3752785393455
ul_er_ratio:0.9821235179303993
dl_er_ratio:0.9448980488029871
ul_er_perc:98.21235179303993
dl_er_perc:94.4898048802987
ul_l:0.001445634254522879
dl_l:0.0019192670519079008
ul_il:0.20663551487402604
dl_il:0.38913885723942304
sinr_ul:0.01969369,0.00884961,0.13278381,0.06284546,0.03731366,0.0454104 ,0.09828353,0.25068178,0.06553996,0.03344361,0.02100132,0.02650921,0.02786967,0.02830555,0.0290188 ,0.03049814,0.03274357,0.01991823,0.01637839,0.0506145 ,0.01005157,0.01011762,0.01018366,0.01023649,0.01038178,0.01052708,0.01069879,0.01092333,0.0113592 ,0.02226932,0.04869928,0.02583558,0.0296396 ,0.05831498,0.08774325,0.08959242,0.03554374,0.02444871,0.01824077,0.01250833
sinr_ul_bin_edges:-12.583846 ,-11.9529385,-11.322031 ,-10.6911235,-10.060216 , -9.4293085, -8.798401 , -8.1674935, -7.536586 , -6.9056785, -6.274771 , -5.6438635, -5.012956 , -4.3820485, -3.751141 , -3.1202335, -2.489326 , -1.8584185, -1.227511 , -0.5966035,  0.034304 ,  0.6652115,  1.296119 ,  1.9270265,  2.557934 ,  3.1888415,  3.819749 ,  4.4506565,  5.081564 ,  5.7124715,  6.343379 ,  6.9742865,  7.605194 ,  8.2361015,  8.867009 ,  9.4979165, 10.128824 , 10.7597315, 11.390639 , 12.0215465, 12.652454 
sinr_dl:0.01969368,0.00884961,0.13284978,0.06277938,0.03731364,0.04542358,0.0983231 ,0.25064202,0.06552672,0.03344359,0.02102772,0.02648278,0.02786966,0.03078871,0.0375646 ,0.05301839,0.03780235,0.02499023,0.01730296,0.03092079,0.01063274,0.01061953,0.01069878,0.01039499,0.01035536,0.01048745,0.01034215,0.00533618,0.00578527,0.01669538,0.04313853,0.02189948,0.02965279,0.05830174,0.08775641,0.08956595,0.03554372,0.02444869,0.01824076,0.01250833
sinr_dl_bin_edges:-6.784184  ,-6.15327615,-5.5223683 ,-4.89146045,-4.2605526 ,-3.62964475,-2.9987369 ,-2.36782905,-1.7369212 ,-1.10601335,-0.4751055 , 0.15580235, 0.7867102 , 1.41761805, 2.0485259 , 2.67943375, 3.3103416 , 3.94124945, 4.5721573 , 5.20306515, 5.833973  , 6.46488085, 7.0957887 , 7.72669655, 8.3576044 , 8.98851225, 9.6194201 ,10.25032795,10.8812358 ,11.51214365,12.1430515 ,12.77395935,13.4048672 ,14.03577505,14.6666829 ,15.29759075,15.9284986 ,16.55940645,17.1903143 ,17.82122215,18.45213   
rsrp_ul:0.01969372,0.00884963,0.13285006,0.06277951,0.03731372,0.04542368,0.09832331,0.25062934,0.06554007,0.03344366,0.02102777,0.02648284,0.02786972,0.0283056 ,0.02901885,0.03049819,0.03274362,0.01991826,0.01637841,0.05061458,0.01005159,0.01011763,0.01018367,0.01023651,0.0103818 ,0.01052709,0.0106988 ,0.01092334,0.01135922,0.02226936,0.04869936,0.02583563,0.02965285,0.05830187,0.0877698 ,0.08956614,0.0355438 ,0.02444874,0.0182408 ,0.01250835
rsrp_ul_bin_edges:-140.7976   ,-140.1666935,-139.535787 ,-138.9048805,-138.273974 ,-137.6430675,-137.012161 ,-136.3812545,-135.750348 ,-135.1194415,-134.488535 ,-133.8576285,-133.226722 ,-132.5958155,-131.964909 ,-131.3340025,-130.703096 ,-130.0721895,-129.441283 ,-128.8103765,-128.17947  ,-127.5485635,-126.917657 ,-126.2867505,-125.655844 ,-125.0249375,-124.394031 ,-123.7631245,-123.132218 ,-122.5013115,-121.870405 ,-121.2394985,-120.608592 ,-119.9776855,-119.346779 ,-118.7158725,-118.084966 ,-117.4540595,-116.823153 ,-116.1922465,-115.56134  
rsrp_dl:0.01969371,0.00884962,0.13283675,0.06279267,0.03731369,0.04542364,0.09832323,0.25062915,0.06554002,0.03344364,0.02102775,0.02648282,0.0278697 ,0.03078875,0.03755144,0.05303167,0.0378024 ,0.02499027,0.01730299,0.03092083,0.01063275,0.01061954,0.01069879,0.010395  ,0.01035538,0.01048746,0.01034217,0.00533619,0.00578527,0.0166954 ,0.04313859,0.0218863 ,0.02965283,0.05830182,0.08776973,0.08956607,0.03554377,0.02444872,0.01824078,0.01250834
rsrp_dl_bin_edges:-148.16954 ,-147.538633,-146.907726,-146.276819,-145.645912,-145.015005,-144.384098,-143.753191,-143.122284,-142.491377,-141.86047 ,-141.229563,-140.598656,-139.967749,-139.336842,-138.705935,-138.075028,-137.444121,-136.813214,-136.182307,-135.5514  ,-134.920493,-134.289586,-133.658679,-133.027772,-132.396865,-131.765958,-131.135051,-130.504144,-129.873237,-129.24233 ,-128.611423,-127.980516,-127.349609,-126.718702,-126.087795,-125.456888,-124.825981,-124.195074,-123.564167,-122.93326 
cqi_ul:9.13159057,0.        ,0.        ,0.        ,0.        ,0.        ,0.        ,0.        ,0.        ,0.        ,0.        ,0.        ,0.        ,1.10854632,0.        ,0.        ,0.        ,0.        ,0.        ,0.        ,0.        ,0.        ,0.        ,0.        ,0.        ,0.        ,2.92264231,0.        ,0.        ,0.        ,0.        ,0.        ,0.        ,0.        ,0.        ,0.        ,0.        ,0.        ,0.        ,0.17055413
cqi_ul_bin_edges:0.   ,0.075,0.15 ,0.225,0.3  ,0.375,0.45 ,0.525,0.6  ,0.675,0.75 ,0.825,0.9  ,0.975,1.05 ,1.125,1.2  ,1.275,1.35 ,1.425,1.5  ,1.575,1.65 ,1.725,1.8  ,1.875,1.95 ,2.025,2.1  ,2.175,2.25 ,2.325,2.4  ,2.475,2.55 ,2.625,2.7  ,2.775,2.85 ,2.925,3.   
cqi_dl:4.71302739,0.        ,0.        ,0.        ,0.        ,0.        ,0.        ,0.        ,0.77346022,0.        ,0.        ,0.        ,0.        ,0.        ,0.        ,0.        ,0.3161307 ,0.        ,0.        ,0.        ,0.        ,0.        ,0.        ,0.        ,1.15052375,0.        ,0.        ,0.        ,0.        ,0.        ,0.        ,0.        ,0.84665961,0.        ,0.        ,0.        ,0.        ,0.        ,0.        ,0.20019833
cqi_dl_bin_edges:0.   ,0.125,0.25 ,0.375,0.5  ,0.625,0.75 ,0.875,1.   ,1.125,1.25 ,1.375,1.5  ,1.625,1.75 ,1.875,2.   ,2.125,2.25 ,2.375,2.5  ,2.625,2.75 ,2.875,3.   ,3.125,3.25 ,3.375,3.5  ,3.625,3.75 ,3.875,4.   ,4.125,4.25 ,4.375,4.5  ,4.625,4.75 ,4.875,5.   
mcs_ul:10.24013689, 0.        , 0.        , 0.        , 0.        , 0.        , 0.        , 0.        , 0.        , 0.        , 0.        , 0.        , 0.        , 1.73065224, 0.        , 0.        , 0.        , 0.        , 0.        , 0.        , 0.        , 0.        , 0.        , 0.        , 0.        , 0.        , 1.19199007, 0.        , 0.        , 0.        , 0.        , 0.        , 0.        , 0.        , 0.        , 0.        , 0.        , 0.        , 0.        , 0.17055413
mcs_ul_bin_edges:0.   ,0.075,0.15 ,0.225,0.3  ,0.375,0.45 ,0.525,0.6  ,0.675,0.75 ,0.825,0.9  ,0.975,1.05 ,1.125,1.2  ,1.275,1.35 ,1.425,1.5  ,1.575,1.65 ,1.725,1.8  ,1.875,1.95 ,2.025,2.1  ,2.175,2.25 ,2.325,2.4  ,2.475,2.55 ,2.625,2.7  ,2.775,2.85 ,2.925,3.   
mcs_dl:3.42905476,0.        ,0.        ,0.        ,0.        ,0.12499896,0.        ,0.        ,0.        ,0.        ,0.07258273,0.        ,0.        ,0.        ,0.        ,0.26245615,0.        ,0.        ,0.        ,0.        ,0.45662119,0.        ,0.        ,0.        ,0.        ,0.39370505,0.        ,0.        ,0.        ,0.        ,0.1354572 ,0.        ,0.        ,0.        ,0.        ,0.0962492 ,0.        ,0.        ,0.        ,0.02887476
mcs_dl_bin_edges:0. ,0.2,0.4,0.6,0.8,1. ,1.2,1.4,1.6,1.8,2. ,2.2,2.4,2.6,2.8,3. ,3.2,3.4,3.6,3.8,4. ,4.2,4.4,4.6,4.8,5. ,5.2,5.4,5.6,5.8,6. ,6.2,6.4,6.6,6.8,7. ,7.2,7.4,7.6,7.8,8. 
eff_ul:31.2366946 , 0.        , 0.        , 0.        , 0.        , 0.        , 0.        , 0.        , 0.        , 0.        , 3.79203628, 0.        , 0.        , 0.        , 0.        , 0.        , 0.        , 5.92009193, 0.        , 0.        , 0.        , 0.        , 0.        , 0.        , 0.        , 0.        , 0.        , 4.07747472, 0.        , 0.        , 0.        , 0.        , 0.        , 0.        , 0.        , 0.        , 0.        , 0.        , 0.        , 0.58341943
eff_ul_bin_edges:0.        ,0.02192515,0.0438503 ,0.06577546,0.08770061,0.10962576,0.13155091,0.15347607,0.17540122,0.19732637,0.21925153,0.24117668,0.26310183,0.28502698,0.30695214,0.32887729,0.35080244,0.37272759,0.39465274,0.4165779 ,0.43850305,0.4604282 ,0.48235335,0.50427851,0.52620366,0.54812881,0.57005396,0.59197912,0.61390427,0.63582942,0.65775458,0.67967973,0.70160488,0.72353003,0.74545518,0.76738034,0.78930549,0.81123064,0.8331558 ,0.85508095,0.8770061 
eff_dl:10.9087796 , 0.        , 0.        , 0.        , 1.79025208, 0.        , 0.46291641, 0.        , 0.        , 0.        , 0.        , 0.26880013, 0.        , 0.        , 0.        , 0.        , 0.97197016, 0.        , 0.        , 0.        , 0.        , 1.69103366, 0.        , 0.        , 0.        , 0.        , 0.        , 1.4580324 , 0.        , 0.        , 0.        , 0.50164709, 0.        , 0.        , 0.        , 0.35644564, 0.        , 0.        , 0.        , 0.10693369
eff_dl_bin_edges:0.        ,0.05400498,0.10800996,0.16201494,0.21601992,0.2700249 ,0.32402988,0.37803486,0.43203984,0.48604482,0.5400498 ,0.59405478,0.64805976,0.70206474,0.75606972,0.8100747 ,0.86407968,0.91808466,0.97208964,1.02609462,1.0800996 ,1.13410458,1.18810956,1.24211454,1.29611952,1.3501245 ,1.40412948,1.45813446,1.51213944,1.56614442,1.6201494 ,1.67415438,1.72815936,1.78216434,1.83616932,1.8901743 ,1.94417928,1.99818426,2.05218924,2.10619422,2.1601992 
rul:2.31878789e-01,0.00000000e+00,0.00000000e+00,0.00000000e+00,3.08517152e-03,5.69067768e-03,0.00000000e+00,5.06238363e-03,9.16543655e-03,6.59821353e-04,5.69743353e-04,3.45899522e-03,0.00000000e+00,6.19736643e-03,0.00000000e+00,7.85930554e-04,0.00000000e+00,1.37819341e-03,0.00000000e+00,0.00000000e+00,9.66086555e-04,0.00000000e+00,0.00000000e+00,0.00000000e+00,0.00000000e+00,5.65239453e-04,0.00000000e+00,6.46309653e-04,0.00000000e+00,0.00000000e+00,0.00000000e+00,0.00000000e+00,0.00000000e+00,0.00000000e+00,0.00000000e+00,0.00000000e+00,0.00000000e+00,6.98104504e-05,0.00000000e+00,5.62987503e-05
rul_bin_edges:  0.        ,  3.70046575,  7.4009315 , 11.10139725, 14.801863  , 18.50232875, 22.2027945 , 25.90326025, 29.603726  , 33.30419175, 37.0046575 , 40.70512325, 44.405589  , 48.10605475, 51.8065205 , 55.50698625, 59.207452  , 62.90791775, 66.6083835 , 70.30884925, 74.009315  , 77.70978075, 81.4102465 , 85.11071225, 88.811178  , 92.51164375, 96.2121095 , 99.91257525,103.613041  ,107.31350675,111.0139725 ,114.71443825,118.414904  ,122.11536975,125.8158355 ,129.51630125,133.216767  ,136.91723275,140.6176985 ,144.31816425,148.01863   
rdl:9.53235917e-02,0.00000000e+00,4.14879881e-03,6.12246123e-04,1.21373393e-03,5.09553083e-04,6.29850644e-04,3.42310133e-05,2.55754571e-03,0.00000000e+00,4.20943660e-03,2.02451993e-04,0.00000000e+00,3.71553198e-03,0.00000000e+00,1.26654749e-03,3.08079120e-04,9.45753995e-04,0.00000000e+00,0.00000000e+00,2.90474598e-04,5.73124965e-04,2.83628396e-05,0.00000000e+00,0.00000000e+00,0.00000000e+00,0.00000000e+00,5.15421257e-04,0.00000000e+00,0.00000000e+00,0.00000000e+00,1.63330835e-04,0.00000000e+00,9.78028951e-07,0.00000000e+00,9.09566924e-05,0.00000000e+00,9.78028951e-07,0.00000000e+00,2.34726948e-05
rdl_bin_edges:  0.       ,  8.5204675, 17.040935 , 25.5614025, 34.08187  , 42.6023375, 51.122805 , 59.6432725, 68.16374  , 76.6842075, 85.204675 , 93.7251425,102.24561  ,110.7660775,119.286545 ,127.8070125,136.32748  ,144.8479475,153.368415 ,161.8888825,170.40935  ,178.9298175,187.450285 ,195.9707525,204.49122  ,213.0116875,221.532155 ,230.0526225,238.57309  ,247.0935575,255.614025 ,264.1344925,272.65496  ,281.1754275,289.695895 ,298.2163625,306.73683  ,315.2572975,323.777765 ,332.2982325,340.8187   
lul:3.11167431e+03,0.00000000e+00,0.00000000e+00,0.00000000e+00,0.00000000e+00,0.00000000e+00,0.00000000e+00,0.00000000e+00,0.00000000e+00,0.00000000e+00,0.00000000e+00,0.00000000e+00,0.00000000e+00,0.00000000e+00,0.00000000e+00,0.00000000e+00,0.00000000e+00,0.00000000e+00,0.00000000e+00,0.00000000e+00,0.00000000e+00,0.00000000e+00,0.00000000e+00,0.00000000e+00,0.00000000e+00,0.00000000e+00,0.00000000e+00,0.00000000e+00,0.00000000e+00,0.00000000e+00,0.00000000e+00,0.00000000e+00,0.00000000e+00,0.00000000e+00,0.00000000e+00,0.00000000e+00,3.91860391e+02,1.81318913e-01,5.66017208e+01,6.60907439e+01
lul_bin_edges:0.        ,0.00027575,0.00055151,0.00082726,0.00110302,0.00137877,0.00165453,0.00193028,0.00220604,0.00248179,0.00275755,0.0030333 ,0.00330906,0.00358481,0.00386057,0.00413632,0.00441208,0.00468783,0.00496359,0.00523934,0.0055151 ,0.00579085,0.00606661,0.00634236,0.00661812,0.00689387,0.00716963,0.00744538,0.00772114,0.00799689,0.00827265,0.0085484 ,0.00882416,0.00909991,0.00937567,0.00965142,0.00992718,0.01020293,0.01047869,0.01075444,0.0110302 
ldl:2.94537465e+03,0.00000000e+00,0.00000000e+00,0.00000000e+00,0.00000000e+00,0.00000000e+00,0.00000000e+00,0.00000000e+00,0.00000000e+00,0.00000000e+00,0.00000000e+00,0.00000000e+00,0.00000000e+00,0.00000000e+00,0.00000000e+00,0.00000000e+00,0.00000000e+00,0.00000000e+00,0.00000000e+00,0.00000000e+00,0.00000000e+00,0.00000000e+00,0.00000000e+00,0.00000000e+00,0.00000000e+00,0.00000000e+00,0.00000000e+00,0.00000000e+00,0.00000000e+00,0.00000000e+00,0.00000000e+00,0.00000000e+00,0.00000000e+00,0.00000000e+00,0.00000000e+00,0.00000000e+00,4.94909974e+02,4.53297283e-01,7.37363581e+01,1.11934209e+02
ldl_bin_edges:0.        ,0.00027575,0.00055151,0.00082726,0.00110302,0.00137877,0.00165453,0.00193028,0.00220604,0.00248179,0.00275755,0.0030333 ,0.00330906,0.00358481,0.00386057,0.00413632,0.00441208,0.00468783,0.00496359,0.00523934,0.0055151 ,0.00579085,0.00606661,0.00634236,0.00661812,0.00689387,0.00716963,0.00744538,0.00772114,0.00799689,0.00827265,0.0085484 ,0.00882416,0.00909991,0.00937567,0.00965142,0.00992718,0.01020293,0.01047869,0.01075444,0.0110302 
ilul:1.58054165e+00,1.41594313e-01,0.00000000e+00,0.00000000e+00,0.00000000e+00,0.00000000e+00,0.00000000e+00,0.00000000e+00,0.00000000e+00,0.00000000e+00,0.00000000e+00,0.00000000e+00,0.00000000e+00,0.00000000e+00,1.44498738e-05,4.85515759e-03,0.00000000e+00,0.00000000e+00,0.00000000e+00,0.00000000e+00,0.00000000e+00,1.44498738e-05,0.00000000e+00,0.00000000e+00,0.00000000e+00,0.00000000e+00,0.00000000e+00,0.00000000e+00,0.00000000e+00,0.00000000e+00,0.00000000e+00,0.00000000e+00,0.00000000e+00,0.00000000e+00,0.00000000e+00,0.00000000e+00,0.00000000e+00,0.00000000e+00,0.00000000e+00,6.97928904e-03
ilul_bin_edges: 0.       , 0.5767015, 1.153403 , 1.7301045, 2.306806 , 2.8835075, 3.460209 , 4.0369105, 4.613612 , 5.1903135, 5.767015 , 6.3437165, 6.920418 , 7.4971195, 8.073821 , 8.6505225, 9.227224 , 9.8039255,10.380627 ,10.9573285,11.53403  ,12.1107315,12.687433 ,13.2641345,13.840836 ,14.4175375,14.994239 ,15.5709405,16.147642 ,16.7243435,17.301045 ,17.8777465,18.454448 ,19.0311495,19.607851 ,20.1845525,20.761254 ,21.3379555,21.914657 ,22.4913585,23.06806  
ildl:7.90848919e-01,1.33701808e-02,2.55966802e-03,1.02114416e-04,6.80762772e-06,0.00000000e+00,2.43032309e-03,6.80762772e-06,0.00000000e+00,3.77823338e-03,0.00000000e+00,0.00000000e+00,0.00000000e+00,0.00000000e+00,0.00000000e+00,0.00000000e+00,0.00000000e+00,0.00000000e+00,0.00000000e+00,0.00000000e+00,0.00000000e+00,0.00000000e+00,0.00000000e+00,0.00000000e+00,0.00000000e+00,0.00000000e+00,0.00000000e+00,0.00000000e+00,0.00000000e+00,0.00000000e+00,0.00000000e+00,0.00000000e+00,0.00000000e+00,0.00000000e+00,0.00000000e+00,0.00000000e+00,0.00000000e+00,0.00000000e+00,0.00000000e+00,3.81907915e-03
ildl_bin_edges: 0.        , 1.22410687, 2.44821375, 3.67232062, 4.8964275 , 6.12053438, 7.34464125, 8.56874812, 9.792855  ,11.01696187,12.24106875,13.46517562,14.6892825 ,15.91338937,17.13749625,18.36160312,19.58571   ,20.80981687,22.03392375,23.25803062,24.4821375 ,25.70624437,26.93035125,28.15445812,29.378565  ,30.60267187,31.82677875,33.05088562,34.2749925 ,35.49909938,36.72320625,37.94731313,39.17142   ,40.39552687,41.61963375,42.84374062,44.0678475 ,45.29195437,46.51606125,47.74016812,48.964275  
eul:1.27973550e-03,0.00000000e+00,0.00000000e+00,0.00000000e+00,0.00000000e+00,0.00000000e+00,0.00000000e+00,0.00000000e+00,0.00000000e+00,0.00000000e+00,5.87573692e-07,0.00000000e+00,0.00000000e+00,0.00000000e+00,0.00000000e+00,0.00000000e+00,1.17514738e-06,3.52544215e-06,4.70058954e-06,1.76272108e-05,3.47021023e-03,6.56948518e-02,2.70283898e-05,5.87573692e-06,2.35029477e-06,5.87573692e-07,0.00000000e+00,5.87573692e-07,0.00000000e+00,0.00000000e+00,0.00000000e+00,0.00000000e+00,0.00000000e+00,0.00000000e+00,0.00000000e+00,0.00000000e+00,0.00000000e+00,0.00000000e+00,0.00000000e+00,5.87573692e-07
eul_bin_edges:  0.    , 14.1825, 28.365 , 42.5475, 56.73  , 70.9125, 85.095 , 99.2775,113.46  ,127.6425,141.825 ,156.0075,170.19  ,184.3725,198.555 ,212.7375,226.92  ,241.1025,255.285 ,269.4675,283.65  ,297.8325,312.015 ,326.1975,340.38  ,354.5625,368.745 ,382.9275,397.11  ,411.2925,425.475 ,439.6575,453.84  ,468.0225,482.205 ,496.3875,510.57  ,524.7525,538.935 ,553.1175,567.3   
edl:5.69685992e-03,0.00000000e+00,0.00000000e+00,0.00000000e+00,0.00000000e+00,0.00000000e+00,0.00000000e+00,0.00000000e+00,0.00000000e+00,0.00000000e+00,0.00000000e+00,0.00000000e+00,0.00000000e+00,0.00000000e+00,0.00000000e+00,8.56670665e-07,0.00000000e+00,0.00000000e+00,0.00000000e+00,0.00000000e+00,0.00000000e+00,0.00000000e+00,0.00000000e+00,8.56670665e-07,0.00000000e+00,4.28335332e-06,3.42668266e-06,5.99669465e-06,1.54200720e-05,8.82370784e-05,9.22163137e-02,4.71425867e-03,3.51234972e-05,8.56670665e-06,5.99669465e-06,2.57001199e-06,1.71334133e-06,0.00000000e+00,0.00000000e+00,8.56670665e-07
edl_bin_edges:  0.    ,  9.7275, 19.455 , 29.1825, 38.91  , 48.6375, 58.365 , 68.0925, 77.82  , 87.5475, 97.275 ,107.0025,116.73  ,126.4575,136.185 ,145.9125,155.64  ,165.3675,175.095 ,184.8225,194.55  ,204.2775,214.005 ,223.7325,233.46  ,243.1875,252.915 ,262.6425,272.37  ,282.0975,291.825 ,301.5525,311.28  ,321.0075,330.735 ,340.4625,350.19  ,359.9175,369.645 ,379.3725,389.1   
gul:1.15547728e-01,0.00000000e+00,0.00000000e+00,0.00000000e+00,0.00000000e+00,0.00000000e+00,0.00000000e+00,0.00000000e+00,0.00000000e+00,0.00000000e+00,0.00000000e+00,0.00000000e+00,0.00000000e+00,0.00000000e+00,0.00000000e+00,0.00000000e+00,0.00000000e+00,0.00000000e+00,0.00000000e+00,0.00000000e+00,0.00000000e+00,0.00000000e+00,0.00000000e+00,0.00000000e+00,0.00000000e+00,0.00000000e+00,0.00000000e+00,0.00000000e+00,0.00000000e+00,0.00000000e+00,9.80672420e-07,0.00000000e+00,9.80672420e-07,6.86470694e-06,2.61839536e-04,1.63183891e-03,2.27516001e-04,1.96134484e-06,0.00000000e+00,1.96134484e-06
gul_bin_edges:  0.    ,  8.4975, 16.995 , 25.4925, 33.99  , 42.4875, 50.985 , 59.4825, 67.98  , 76.4775, 84.975 , 93.4725,101.97  ,110.4675,118.965 ,127.4625,135.96  ,144.4575,152.955 ,161.4525,169.95  ,178.4475,186.945 ,195.4425,203.94  ,212.4375,220.935 ,229.4325,237.93  ,246.4275,254.925 ,263.4225,271.92  ,280.4175,288.915 ,297.4125,305.91  ,314.4075,322.905 ,331.4025,339.9   
gdl:6.66032407e-02,0.00000000e+00,0.00000000e+00,0.00000000e+00,0.00000000e+00,0.00000000e+00,0.00000000e+00,0.00000000e+00,0.00000000e+00,0.00000000e+00,0.00000000e+00,0.00000000e+00,0.00000000e+00,0.00000000e+00,0.00000000e+00,0.00000000e+00,5.87573692e-07,0.00000000e+00,1.17514738e-06,3.52544215e-06,5.28228749e-04,3.36679726e-03,4.70058954e-06,5.87573692e-07,0.00000000e+00,0.00000000e+00,0.00000000e+00,0.00000000e+00,0.00000000e+00,0.00000000e+00,0.00000000e+00,0.00000000e+00,0.00000000e+00,0.00000000e+00,0.00000000e+00,0.00000000e+00,0.00000000e+00,0.00000000e+00,0.00000000e+00,5.87573692e-07
gdl_bin_edges:  0.    , 14.1825, 28.365 , 42.5475, 56.73  , 70.9125, 85.095 , 99.2775,113.46  ,127.6425,141.825 ,156.0075,170.19  ,184.3725,198.555 ,212.7375,226.92  ,241.1025,255.285 ,269.4675,283.65  ,297.8325,312.015 ,326.1975,340.38  ,354.5625,368.745 ,382.9275,397.11  ,411.2925,425.475 ,439.6575,453.84  ,468.0225,482.205 ,496.3875,510.57  ,524.7525,538.935 ,553.1175,567.3   
ri:38.82267648, 0.        , 0.        , 0.        , 0.        , 0.        , 0.        , 0.        , 0.        , 0.        , 0.        , 0.        , 0.        , 0.        , 0.        , 0.        , 0.        , 0.        , 0.        , 0.        , 0.        , 0.        , 0.        , 0.        , 0.        , 0.        , 0.        , 0.        , 0.        , 0.        , 0.        , 0.        , 0.        , 0.        , 0.        , 0.        , 0.        , 0.        , 0.        , 1.17732352
ri_bin_edges:1.   ,1.025,1.05 ,1.075,1.1  ,1.125,1.15 ,1.175,1.2  ,1.225,1.25 ,1.275,1.3  ,1.325,1.35 ,1.375,1.4  ,1.425,1.45 ,1.475,1.5  ,1.525,1.55 ,1.575,1.6  ,1.625,1.65 ,1.675,1.7  ,1.725,1.75 ,1.775,1.8  ,1.825,1.85 ,1.875,1.9  ,1.925,1.95 ,1.975,2.   
