period:1
ue_log_freq:1000
mac_log_freq:1000
mimo_layers:2
frequency:2412000000.0
bandwidth:50000000
ue_speed:5.555555555555555
max_distance:1000
shannon_cfg_bandwidth_mhz:50.0
shannon_cfg_mimo_layers:2
shannon_cfg_bw_efficiency:0.67
shannon_cfg_sinr_offset_db:0
shannon_cfg_ul_divisor:2
shannon_cfg_sinr_sample_rate:1000
n_ue:10
sinr_period:9.463597741343282
sinr_rate:105.66805852612856
ul_fairness:nan
dl_fairness:0.9240304957320165
ul_agg_throughput:0
dl_agg_throughput:47.5022965763049
ul_ave_throughput:0.0
dl_ave_throughput:4.75022965763049
ul_se:0.0
dl_se:0.950045931526098
ul_ase:0.0
dl_ase:3.024090123334456e-07
ul_gr:0.0, 0.0, 0.0, 0.0, 0.0, 0.0, 0.0, 0.0, 0.0, 0.0
dl_gr:4.108017919820802, 4.109038909610904, 4.103366966330337, 4.106880931190688, 4.034136658633413, 4.105717942820572, 4.107234927650723, 4.10549994500055, 4.05509744902551, 4.000550994490055
ul_tr:0.0, 0.0, 0.0, 0.0, 0.0, 0.0, 0.0, 0.0, 0.0, 0.0
dl_tr:4.00056523804762, 4.000966510234898, 3.996151371286287, 3.998960202897971, 3.9262356173838264, 3.997756419135808, 3.9993614707852925, 3.9973551621483785, 3.947065904540955, 3.892693402315977
ul_er:0.0, 0.0, 0.0, 0.0, 0.0, 0.0, 0.0, 0.0, 0.0, 0.0
dl_er:95.88981510184897, 95.88879411205889, 95.89446605533945, 95.89095209047909, 95.96369636303639, 95.8921150788492, 95.89059809401905, 95.89233307666923, 95.94354406455938, 95.99738982610174
ul_er_ratio:0.0, 0.0, 0.0, 0.0, 0.0, 0.0, 0.0, 0.0, 0.0, 0.0
dl_er_ratio:0.9599504454339356, 0.9599461798155321, 0.9599947274905809, 0.9599663258172355, 0.9606943809096454, 0.9599783605766631, 0.9599623276632656, 0.9599823041534432, 0.9604861167054449, 0.961030231665594
ul_er_perc:0.0, 0.0, 0.0, 0.0, 0.0, 0.0, 0.0, 0.0, 0.0, 0.0
dl_er_perc:95.99504454339356, 95.9946179815532, 95.99947274905809, 95.99663258172355, 96.06943809096454, 95.9978360576663, 95.99623276632656, 95.99823041534432, 96.04861167054449, 96.1030231665594
ul_l:0.0, 0.0, 0.0, 0.0, 0.0, 0.0, 0.0, 0.0, 0.0, 0.0
dl_l:0.0002782415693783062, 0.0002742991474095259, 0.00027918509491905085, 0.00027603235893541064, 0.00041069786292637073, 0.00027710915458545413, 0.0002741779208497915, 0.00027504630387796124, 0.011713720883284167, 0.00852735516593134
ul_il:0.0, 0.0, 0.0, 0.0, 0.0, 0.0, 0.0, 0.0, 0.0, 0.0
dl_il:0.21688399144488554, 0.21378650252522474, 0.21766307833494664, 0.21501846275236247, 0.2105454894804152, 0.21592832604908951, 0.21339906937593625, 0.2149873685887771, 0.23295015671769584, 0.2138611372244677
sinr_ul:4.94219814e-04,2.30983733e-04,4.11691745e-04,6.23703508e-04,9.54290082e-04,8.56584437e-04,9.02117165e-04,1.26637899e-03,1.52439778e-03,8.41976021e-03,4.21125557e-02,7.53424352e-02,6.88715705e-02,5.26642910e-02,5.03269443e-02,5.16924519e-02,2.54442573e-02,3.23415170e-02,1.43764844e-02,1.66384175e-02,1.24328061e-02,5.60669138e-03,2.73955244e-03,2.95678150e-03,2.01102880e-03,6.39829682e-04,2.42841214e-04,2.21023448e-04,2.07268770e-04,1.95411289e-04,1.96359888e-04,1.23317804e-04,9.86542431e-05,9.67570461e-05,9.53341484e-05,9.43855499e-05,9.39112506e-05,9.29626521e-05,1.46084168e-04,5.17934776e-04
sinr_ul_bin_edges:-4.65955  ,-2.5511975,-0.442845 , 1.6655075, 3.77386  , 5.8822125, 7.990565 ,10.0989175,12.20727  ,14.3156225,16.423975 ,18.5323275,20.64068  ,22.7490325,24.857385 ,26.9657375,29.07409  ,31.1824425,33.290795 ,35.3991475,37.5075   ,39.6158525,41.724205 ,43.8325575,45.94091  ,48.0492625,50.157615 ,52.2659675,54.37432  ,56.4826725,58.591025 ,60.6993775,62.80773  ,64.9160825,67.024435 ,69.1327875,71.24114  ,73.3494925,75.457845 ,77.5661975,79.67455  
sinr_dl:4.94212738e-04,2.30980425e-04,4.11685851e-04,6.23694578e-04,9.54276419e-04,8.56572173e-04,9.02104249e-04,1.26636085e-03,1.52437595e-03,8.44240569e-03,4.20981983e-02,7.53570081e-02,6.88667901e-02,5.26497825e-02,5.03100978e-02,5.17035691e-02,2.54467388e-02,3.23339395e-02,1.43786501e-02,1.66381793e-02,1.24335767e-02,5.60518823e-03,2.73998751e-03,2.95626487e-03,2.01052572e-03,6.40294814e-04,2.42363444e-04,2.21020284e-04,2.07265803e-04,1.95408491e-04,1.96357076e-04,1.22841746e-04,9.91271230e-05,9.67556607e-05,9.53327834e-05,9.43841985e-05,9.39099060e-05,9.29613211e-05,1.46082076e-04,5.17927360e-04
sinr_dl_bin_edges: 5.0829425 , 7.19132519, 9.29970787,11.40809056,13.51647325,15.62485594,17.73323862,19.84162131,21.950004  ,24.05838669,26.16676938,28.27515206,30.38353475,32.49191744,34.60030012,36.70868281,38.8170655 ,40.92544819,43.03383087,45.14221356,47.25059625,49.35897894,51.46736162,53.57574431,55.684127  ,57.79250969,59.90089237,62.00927506,64.11765775,66.22604044,68.33442312,70.44280581,72.5511885 ,74.65957119,76.76795387,78.87633656,80.98471925,83.09310194,85.20148462,87.30986731,89.41825   
rsrp_ul:4.93796055e-04,2.31037847e-04,4.08103738e-04,6.23044686e-04,9.53031120e-04,8.64024736e-04,9.02846669e-04,1.27260191e-03,1.56471329e-03,1.01898106e-02,4.15195843e-02,7.65862057e-02,6.85448577e-02,5.17103418e-02,4.74839589e-02,5.30880470e-02,2.55803400e-02,3.15499224e-02,1.44962046e-02,1.66143672e-02,1.25659970e-02,5.48620199e-03,2.76677291e-03,2.95851538e-03,1.92168570e-03,6.54765046e-04,2.42873802e-04,2.20622207e-04,2.06419060e-04,1.96003420e-04,1.98844049e-04,1.12204856e-04,9.84751480e-05,9.70548334e-05,9.51610805e-05,9.42142041e-05,9.37407659e-05,9.32673277e-05,1.46292407e-04,5.16994527e-04
rsrp_ul_bin_edges:-115.35627   ,-113.24408307,-111.13189615,-109.01970922,-106.9075223 ,-104.79533537,-102.68314845,-100.57096153, -98.4587746 , -96.34658767, -94.23440075, -92.12221382, -90.0100269 , -87.89783997, -85.78565305, -83.67346612, -81.5612792 , -79.44909227, -77.33690535, -75.22471842, -73.1125315 , -71.00034457, -68.88815765, -66.77597072, -64.6637838 , -62.55159687, -60.43940995, -58.32722302, -56.2150361 , -54.10284917, -51.99066225, -49.87847532, -47.7662884 , -45.65410147, -43.54191455, -41.42972762, -39.3175407 , -37.20535377, -35.09316685, -32.98097992, -30.868793  
rsrp_dl:4.93796060e-04,2.31037850e-04,4.08103743e-04,6.23044694e-04,9.53031131e-04,8.64024746e-04,9.02846680e-04,1.27260193e-03,1.56471331e-03,1.01898107e-02,4.15195848e-02,7.65862066e-02,6.85443851e-02,5.17108158e-02,4.74839594e-02,5.30880476e-02,2.55803403e-02,3.15499228e-02,1.44962048e-02,1.66153142e-02,1.25650503e-02,5.48620206e-03,2.76677294e-03,2.95851542e-03,1.92168572e-03,6.54765054e-04,2.42873805e-04,2.20622209e-04,2.06419063e-04,1.96003422e-04,1.98844051e-04,1.12204857e-04,9.84751492e-05,9.70548345e-05,9.51610816e-05,9.42142052e-05,9.37407670e-05,9.32673288e-05,1.46292409e-04,5.16994533e-04
rsrp_dl_bin_edges:-112.34597  ,-110.2337831,-108.1215962,-106.0094093,-103.8972224,-101.7850355, -99.6728486, -97.5606617, -95.4484748, -93.3362879, -91.224101 , -89.1119141, -86.9997272, -84.8875403, -82.7753534, -80.6631665, -78.5509796, -76.4387927, -74.3266058, -72.2144189, -70.102232 , -67.9900451, -65.8778582, -63.7656713, -61.6534844, -59.5412975, -57.4291106, -55.3169237, -53.2047368, -51.0925499, -48.980363 , -46.8681761, -44.7559892, -42.6438023, -40.5316154, -38.4194285, -36.3072416, -34.1950547, -32.0828678, -29.9706809, -27.858494 
cqi_ul:3.54663120e-03,0.00000000e+00,0.00000000e+00,1.60998390e-03,0.00000000e+00,0.00000000e+00,2.33664330e-03,0.00000000e+00,0.00000000e+00,0.00000000e+00,3.03330300e-03,0.00000000e+00,0.00000000e+00,4.43995560e-03,0.00000000e+00,0.00000000e+00,6.44326890e-03,0.00000000e+00,0.00000000e+00,0.00000000e+00,3.47663190e-03,0.00000000e+00,0.00000000e+00,6.10660560e-03,0.00000000e+00,0.00000000e+00,7.83325500e-03,0.00000000e+00,0.00000000e+00,0.00000000e+00,9.80656860e-03,0.00000000e+00,0.00000000e+00,3.05330280e-02,0.00000000e+00,0.00000000e+00,8.33791662e-02,0.00000000e+00,0.00000000e+00,3.17078829e+00
cqi_ul_bin_edges: 3. , 3.3, 3.6, 3.9, 4.2, 4.5, 4.8, 5.1, 5.4, 5.7, 6. , 6.3, 6.6, 6.9, 7.2, 7.5, 7.8, 8.1, 8.4, 8.7, 9. , 9.3, 9.6, 9.9,10.2,10.5,10.8,11.1,11.4,11.7,12. ,12.3,12.6,12.9,13.2,13.5,13.8,14.1,14.4,14.7,15. 
cqi_dl:5.36566063e-03,0.00000000e+00,0.00000000e+00,0.00000000e+00,0.00000000e+00,1.54855594e-03,0.00000000e+00,0.00000000e+00,0.00000000e+00,0.00000000e+00,0.00000000e+00,2.68568743e-03,0.00000000e+00,0.00000000e+00,0.00000000e+00,0.00000000e+00,0.00000000e+00,5.60565823e-03,0.00000000e+00,0.00000000e+00,0.00000000e+00,0.00000000e+00,7.22278492e-03,0.00000000e+00,0.00000000e+00,0.00000000e+00,0.00000000e+00,0.00000000e+00,1.05084663e-02,0.00000000e+00,0.00000000e+00,0.00000000e+00,0.00000000e+00,0.00000000e+00,6.54850594e-03,0.00000000e+00,0.00000000e+00,0.00000000e+00,0.00000000e+00,5.67480039e+00
cqi_dl_bin_edges: 8.   , 8.175, 8.35 , 8.525, 8.7  , 8.875, 9.05 , 9.225, 9.4  , 9.575, 9.75 , 9.925,10.1  ,10.275,10.45 ,10.625,10.8  ,10.975,11.15 ,11.325,11.5  ,11.675,11.85 ,12.025,12.2  ,12.375,12.55 ,12.725,12.9  ,13.075,13.25 ,13.425,13.6  ,13.775,13.95 ,14.125,14.3  ,14.475,14.65 ,14.825,15.   
mcs_ul:1.25998740e-03,3.76919308e-04,0.00000000e+00,3.99996000e-04,3.43073492e-04,0.00000000e+00,3.43073492e-04,7.35377262e-04,0.00000000e+00,7.09223677e-04,7.69223077e-06,0.00000000e+00,6.83070092e-04,9.87682431e-04,0.00000000e+00,1.06152785e-03,1.81844335e-03,0.00000000e+00,1.15537306e-03,0.00000000e+00,8.21530246e-04,0.00000000e+00,0.00000000e+00,7.83069092e-04,1.43844715e-03,0.00000000e+00,1.37998620e-03,1.43383182e-03,0.00000000e+00,2.18151665e-03,2.16920908e-03,0.00000000e+00,2.35689951e-03,3.33842815e-03,0.00000000e+00,1.07537386e-02,1.09521982e-02,0.00000000e+00,2.75181864e-02,1.46345306e+00
mcs_ul_bin_edges: 2.  , 2.65, 3.3 , 3.95, 4.6 , 5.25, 5.9 , 6.55, 7.2 , 7.85, 8.5 , 9.15, 9.8 ,10.45,11.1 ,11.75,12.4 ,13.05,13.7 ,14.35,15.  ,15.65,16.3 ,16.95,17.6 ,18.25,18.9 ,19.55,20.2 ,20.85,21.5 ,22.15,22.8 ,23.45,24.1 ,24.75,25.4 ,26.05,26.7 ,27.35,28.  
mcs_dl:1.93331400e-03,0.00000000e+00,5.70660960e-04,0.00000000e+00,0.00000000e+00,3.70662960e-04,0.00000000e+00,0.00000000e+00,0.00000000e+00,0.00000000e+00,3.51996480e-04,0.00000000e+00,0.00000000e+00,6.39993600e-04,0.00000000e+00,0.00000000e+00,6.13327200e-04,0.00000000e+00,1.13065536e-03,0.00000000e+00,0.00000000e+00,1.48531848e-03,0.00000000e+00,0.00000000e+00,1.64265024e-03,0.00000000e+00,1.72798272e-03,0.00000000e+00,0.00000000e+00,1.93598064e-03,0.00000000e+00,0.00000000e+00,2.96797032e-03,0.00000000e+00,1.43998560e-03,0.00000000e+00,0.00000000e+00,1.61598384e-03,0.00000000e+00,2.64824018e+00
mcs_dl_bin_edges:13.   ,13.375,13.75 ,14.125,14.5  ,14.875,15.25 ,15.625,16.   ,16.375,16.75 ,17.125,17.5  ,17.875,18.25 ,18.625,19.   ,19.375,19.75 ,20.125,20.5  ,20.875,21.25 ,21.625,22.   ,22.375,22.75 ,23.125,23.5  ,23.875,24.25 ,24.625,25.   ,25.375,25.75 ,26.125,26.5  ,26.875,27.25 ,27.625,28.   
eff_ul:8.21994670e-03,2.00863359e-03,1.72278958e-03,1.72278958e-03,0.00000000e+00,3.69279560e-03,3.56146187e-03,3.46875570e-03,4.95977987e-03,0.00000000e+00,5.33060453e-03,9.13155733e-03,0.00000000e+00,5.80186087e-03,0.00000000e+00,4.12542438e-03,3.93228653e-03,0.00000000e+00,7.22335542e-03,0.00000000e+00,6.92978589e-03,0.00000000e+00,7.20017887e-03,0.00000000e+00,1.09547786e-02,0.00000000e+00,0.00000000e+00,1.08929745e-02,0.00000000e+00,1.18354872e-02,0.00000000e+00,0.00000000e+00,1.67643650e-02,0.00000000e+00,5.40013416e-02,0.00000000e+00,5.49979328e-02,0.00000000e+00,1.38186266e-01,7.34892592e+00
eff_ul_bin_edges:0.37700003,0.50643996,0.6358799 ,0.76531983,0.89475977,1.0241997 ,1.15363964,1.28307957,1.4125195 ,1.54195944,1.67139937,1.80083931,1.93027924,2.05971918,2.18915911,2.31859904,2.44803898,2.57747891,2.70691885,2.83635878,2.96579872,3.09523865,3.22467858,3.35411852,3.48355845,3.61299839,3.74243832,3.87187825,4.00131819,4.13075812,4.26019806,4.38963799,4.51907793,4.64851786,4.77795779,4.90739773,5.03683766,5.1662776 ,5.29571753,5.42515747,5.5545974 
eff_dl:7.96586587e-03,0.00000000e+00,2.35130386e-03,0.00000000e+00,0.00000000e+00,1.52724877e-03,0.00000000e+00,1.45033696e-03,2.63697629e-03,0.00000000e+00,0.00000000e+00,0.00000000e+00,2.52710228e-03,0.00000000e+00,0.00000000e+00,4.65865811e-03,0.00000000e+00,0.00000000e+00,6.11998247e-03,0.00000000e+00,0.00000000e+00,6.76823914e-03,0.00000000e+00,0.00000000e+00,0.00000000e+00,7.11983598e-03,0.00000000e+00,0.00000000e+00,7.97685327e-03,0.00000000e+00,0.00000000e+00,1.22289775e-02,0.00000000e+00,0.00000000e+00,0.00000000e+00,5.93319665e-03,0.00000000e+00,6.65836513e-03,0.00000000e+00,1.09115881e+01
eff_dl_bin_edges:1.9141005 ,2.00511292,2.09612534,2.18713777,2.27815019,2.36916261,2.46017503,2.55118746,2.64219988,2.7332123 ,2.82422472,2.91523715,3.00624957,3.09726199,3.18827441,3.27928684,3.37029926,3.46131168,3.5523241 ,3.64333653,3.73434895,3.82536137,3.91637379,4.00738622,4.09839864,4.18941106,4.28042349,4.37143591,4.46244833,4.55346075,4.64447317,4.7354856 ,4.82649802,4.91751044,5.00852286,5.09953529,5.19054771,5.28156013,5.37257255,5.46358498,5.5545974 
rul: 0., 0., 0., 0., 0., 0., 0., 0., 0., 0., 0., 0., 0., 0., 0., 0., 0., 0., 0., 0.,40., 0., 0., 0., 0., 0., 0., 0., 0., 0., 0., 0., 0., 0., 0., 0., 0., 0., 0., 0.
rul_bin_edges:-0.5  ,-0.475,-0.45 ,-0.425,-0.4  ,-0.375,-0.35 ,-0.325,-0.3  ,-0.275,-0.25 ,-0.225,-0.2  ,-0.175,-0.15 ,-0.125,-0.1  ,-0.075,-0.05 ,-0.025, 0.   , 0.025, 0.05 , 0.075, 0.1  , 0.125, 0.15 , 0.175, 0.2  , 0.225, 0.25 , 0.275, 0.3  , 0.325, 0.35 , 0.375, 0.4  , 0.425, 0.45 , 0.475, 0.5  
rdl:3.05336488e-01,0.00000000e+00,2.65823488e-06,1.99367616e-06,9.96838081e-07,1.32911744e-06,6.64558721e-07,2.82437456e-05,3.52216122e-05,3.75475677e-05,3.05697012e-05,1.01012926e-04,1.99367616e-06,2.06664471e-02,0.00000000e+00,0.00000000e+00,0.00000000e+00,0.00000000e+00,3.32279360e-07,0.00000000e+00,0.00000000e+00,0.00000000e+00,3.32279360e-07,0.00000000e+00,0.00000000e+00,0.00000000e+00,6.03651914e-03,0.00000000e+00,0.00000000e+00,0.00000000e+00,0.00000000e+00,0.00000000e+00,0.00000000e+00,0.00000000e+00,0.00000000e+00,0.00000000e+00,0.00000000e+00,0.00000000e+00,0.00000000e+00,3.32279360e-07
rdl_bin_edges:  0.        ,  3.00948575,  6.0189715 ,  9.02845725, 12.037943  , 15.04742875, 18.0569145 , 21.06640025, 24.075886  , 27.08537175, 30.0948575 , 33.10434325, 36.113829  , 39.12331475, 42.1328005 , 45.14228625, 48.151772  , 51.16125775, 54.1707435 , 57.18022925, 60.189715  , 63.19920075, 66.2086865 , 69.21817225, 72.227658  , 75.23714375, 78.2466295 , 81.25611525, 84.265601  , 87.27508675, 90.2845725 , 93.29405825, 96.303544  , 99.31302975,102.3225155 ,105.33200125,108.341487  ,111.35097275,114.3604585 ,117.36994425,120.37943   
lul: 0., 0., 0., 0., 0., 0., 0., 0., 0., 0., 0., 0., 0., 0., 0., 0., 0., 0., 0., 0.,40., 0., 0., 0., 0., 0., 0., 0., 0., 0., 0., 0., 0., 0., 0., 0., 0., 0., 0., 0.
lul_bin_edges:-0.5  ,-0.475,-0.45 ,-0.425,-0.4  ,-0.375,-0.35 ,-0.325,-0.3  ,-0.275,-0.25 ,-0.225,-0.2  ,-0.175,-0.15 ,-0.125,-0.1  ,-0.075,-0.05 ,-0.025, 0.   , 0.025, 0.05 , 0.075, 0.1  , 0.125, 0.15 , 0.175, 0.2  , 0.225, 0.25 , 0.275, 0.3  , 0.325, 0.35 , 0.375, 0.4  , 0.425, 0.45 , 0.475, 0.5  
ldl:1.43265595e+01,0.00000000e+00,0.00000000e+00,0.00000000e+00,0.00000000e+00,0.00000000e+00,0.00000000e+00,0.00000000e+00,0.00000000e+00,0.00000000e+00,0.00000000e+00,0.00000000e+00,0.00000000e+00,0.00000000e+00,0.00000000e+00,0.00000000e+00,0.00000000e+00,0.00000000e+00,0.00000000e+00,0.00000000e+00,0.00000000e+00,0.00000000e+00,0.00000000e+00,0.00000000e+00,0.00000000e+00,0.00000000e+00,0.00000000e+00,0.00000000e+00,0.00000000e+00,0.00000000e+00,0.00000000e+00,0.00000000e+00,0.00000000e+00,0.00000000e+00,4.30106032e-04,0.00000000e+00,0.00000000e+00,0.00000000e+00,4.37274465e-03,5.64872588e-03
ldl_bin_edges:0.        ,0.06974954,0.13949909,0.20924863,0.27899818,0.34874772,0.41849727,0.48824682,0.55799636,0.6277459 ,0.69749545,0.76724499,0.83699454,0.90674408,0.97649363,1.04624317,1.11599272,1.18574227,1.25549181,1.32524135,1.3949909 ,1.46474044,1.53448999,1.60423953,1.67398908,1.74373862,1.81348817,1.88323771,1.95298726,2.02273681,2.09248635,2.16223589,2.23198544,2.30173498,2.37148453,2.44123407,2.51098362,2.58073316,2.65048271,2.72023225,2.7899818 
ilul: 0., 0., 0., 0., 0., 0., 0., 0., 0., 0., 0., 0., 0., 0., 0., 0., 0., 0., 0., 0.,40., 0., 0., 0., 0., 0., 0., 0., 0., 0., 0., 0., 0., 0., 0., 0., 0., 0., 0., 0.
ilul_bin_edges:-0.5  ,-0.475,-0.45 ,-0.425,-0.4  ,-0.375,-0.35 ,-0.325,-0.3  ,-0.275,-0.25 ,-0.225,-0.2  ,-0.175,-0.15 ,-0.125,-0.1  ,-0.075,-0.05 ,-0.025, 0.   , 0.025, 0.05 , 0.075, 0.1  , 0.125, 0.15 , 0.175, 0.2  , 0.225, 0.25 , 0.275, 0.3  , 0.325, 0.35 , 0.375, 0.4  , 0.425, 0.45 , 0.475, 0.5  
ildl:4.67007110e+00,8.84136714e-04,8.89217959e-04,9.40030414e-04,9.14624187e-04,9.19705432e-04,8.94299205e-04,9.09542941e-04,9.60355396e-04,8.94299205e-04,9.29867923e-04,1.08738653e-03,2.25302425e-02,3.42252371e-01,2.01217321e-02,1.13515024e-02,2.74387256e-04,1.01624910e-05,1.27031137e-04,1.27031137e-04,5.08124548e-05,1.21949892e-04,1.06706155e-04,6.60561913e-05,1.01624910e-04,2.28656047e-04,0.00000000e+00,9.65436642e-05,2.64224765e-04,3.09955974e-04,2.03249819e-04,1.98168574e-04,3.60768429e-04,3.30280956e-04,1.67681101e-04,2.33737292e-04,3.35362202e-04,3.25199711e-04,4.97962057e-04,2.08331065e-04
ildl_bin_edges:0.        ,0.19680017,0.39360035,0.59040052,0.7872007 ,0.98400087,1.18080105,1.37760123,1.5744014 ,1.77120157,1.96800175,2.16480192,2.3616021 ,2.55840227,2.75520245,2.95200262,3.1488028 ,3.34560297,3.54240315,3.73920333,3.9360035 ,4.13280367,4.32960385,4.52640402,4.7232042 ,4.92000437,5.11680455,5.31360473,5.5104049 ,5.70720508,5.90400525,6.10080542,6.2976056 ,6.49440577,6.69120595,6.88800612,7.0848063 ,7.28160647,7.47840665,7.67520683,7.872007  
eul: 0., 0., 0., 0., 0., 0., 0., 0., 0., 0., 0., 0., 0., 0., 0., 0., 0., 0., 0., 0.,40., 0., 0., 0., 0., 0., 0., 0., 0., 0., 0., 0., 0., 0., 0., 0., 0., 0., 0., 0.
eul_bin_edges:-0.5  ,-0.475,-0.45 ,-0.425,-0.4  ,-0.375,-0.35 ,-0.325,-0.3  ,-0.275,-0.25 ,-0.225,-0.2  ,-0.175,-0.15 ,-0.125,-0.1  ,-0.075,-0.05 ,-0.025, 0.   , 0.025, 0.05 , 0.075, 0.1  , 0.125, 0.15 , 0.175, 0.2  , 0.225, 0.25 , 0.275, 0.3  , 0.325, 0.35 , 0.375, 0.4  , 0.425, 0.45 , 0.475, 0.5  
edl:6.62685993e-03,1.45983942e-06,9.57005840e-06,9.40785402e-06,7.62360584e-06,9.24564964e-06,7.78581022e-06,6.32597080e-06,1.08676934e-05,6.32597080e-06,7.62360584e-06,1.07054891e-05,7.36407883e-05,1.86697241e-04,1.43275128e-03,1.94220280e-02,1.31306067e-01,2.32179349e-03,5.02509168e-04,1.53120934e-04,1.89779124e-05,1.10298978e-05,4.70392701e-06,1.08676934e-05,9.40785402e-06,9.57005840e-06,4.54172263e-06,6.16376642e-06,4.37951825e-06,6.00156204e-06,1.45983942e-06,0.00000000e+00,1.62204380e-06,1.62204380e-06,0.00000000e+00,0.00000000e+00,0.00000000e+00,0.00000000e+00,1.62204380e-06,1.62204380e-06
edl_bin_edges:  0.   ,  6.165, 12.33 , 18.495, 24.66 , 30.825, 36.99 , 43.155, 49.32 , 55.485, 61.65 , 67.815, 73.98 , 80.145, 86.31 , 92.475, 98.64 ,104.805,110.97 ,117.135,123.3  ,129.465,135.63 ,141.795,147.96 ,154.125,160.29 ,166.455,172.62 ,178.785,184.95 ,191.115,197.28 ,203.445,209.61 ,215.775,221.94 ,228.105,234.27 ,240.435,246.6  
gul: 0., 0., 0., 0., 0., 0., 0., 0., 0., 0., 0., 0., 0., 0., 0., 0., 0., 0., 0., 0.,40., 0., 0., 0., 0., 0., 0., 0., 0., 0., 0., 0., 0., 0., 0., 0., 0., 0., 0., 0.
gul_bin_edges:-0.5  ,-0.475,-0.45 ,-0.425,-0.4  ,-0.375,-0.35 ,-0.325,-0.3  ,-0.275,-0.25 ,-0.225,-0.2  ,-0.175,-0.15 ,-0.125,-0.1  ,-0.075,-0.05 ,-0.025, 0.   , 0.025, 0.05 , 0.075, 0.1  , 0.125, 0.15 , 0.175, 0.2  , 0.225, 0.25 , 0.275, 0.3  , 0.325, 0.35 , 0.375, 0.4  , 0.425, 0.45 , 0.475, 0.5  
gdl:2.03752609e-01,0.00000000e+00,4.24849708e-07,0.00000000e+00,2.12424854e-07,6.37274562e-07,6.37274562e-07,4.24849708e-07,2.12424854e-07,2.12424854e-07,0.00000000e+00,6.37274562e-07,2.12424854e-07,6.37274562e-07,0.00000000e+00,1.06212427e-06,5.09819650e-06,7.01002018e-06,2.76152310e-05,9.51663346e-05,1.31852107e-03,6.85686186e-03,2.61070146e-04,7.22244504e-05,8.92184387e-06,1.12585173e-05,8.49699416e-07,4.24849708e-07,2.12424854e-07,2.12424854e-07,6.37274562e-07,4.24849708e-07,0.00000000e+00,2.12424854e-07,2.12424854e-07,4.24849708e-07,4.24849708e-07,4.24849708e-07,6.37274562e-07,2.12424854e-07
gdl_bin_edges:  0.    ,  4.7075,  9.415 , 14.1225, 18.83  , 23.5375, 28.245 , 32.9525, 37.66  , 42.3675, 47.075 , 51.7825, 56.49  , 61.1975, 65.905 , 70.6125, 75.32  , 80.0275, 84.735 , 89.4425, 94.15  , 98.8575,103.565 ,108.2725,112.98  ,117.6875,122.395 ,127.1025,131.81  ,136.5175,141.225 ,145.9325,150.64  ,155.3475,160.055 ,164.7625,169.47  ,174.1775,178.885 ,183.5925,188.3   
ri: 0., 0., 0., 0., 0., 0., 0., 0., 0., 0., 0., 0., 0., 0., 0., 0., 0., 0., 0., 0.,40., 0., 0., 0., 0., 0., 0., 0., 0., 0., 0., 0., 0., 0., 0., 0., 0., 0., 0., 0.
ri_bin_edges:0.5  ,0.525,0.55 ,0.575,0.6  ,0.625,0.65 ,0.675,0.7  ,0.725,0.75 ,0.775,0.8  ,0.825,0.85 ,0.875,0.9  ,0.925,0.95 ,0.975,1.   ,1.025,1.05 ,1.075,1.1  ,1.125,1.15 ,1.175,1.2  ,1.225,1.25 ,1.275,1.3  ,1.325,1.35 ,1.375,1.4  ,1.425,1.45 ,1.475,1.5  
