period:1
ue_log_freq:1000
mac_log_freq:1000
mimo_layers:2
frequency:2412000000.0
bandwidth:50000000
ue_speed:5.555555555555555
max_distance:1000
shannon_cfg_bandwidth_mhz:50.0
shannon_cfg_mimo_layers:2
shannon_cfg_bw_efficiency:0.67
shannon_cfg_sinr_offset_db:0
shannon_cfg_ul_divisor:2
shannon_cfg_sinr_sample_rate:1000
n_ue:200
sinr_period:9.463597741343282
sinr_rate:105.66805852612856
ul_fairness:0.1198983905156275
dl_fairness:0.729217521852139
ul_agg_throughput:0.49511547899212
dl_agg_throughput:1.2829983551417286
ul_ave_throughput:0.0024755773949606
dl_ave_throughput:0.006414991775708642
ul_se:0.0099023095798424
dl_se:0.025659967102834573
ul_ase:3.1520030353162947e-09
dl_ase:8.167821207983085e-09
ul_gr:0.10335065829620577, 0.08543400924893062, 0.06985474156991277, 0.11049741703238707, 0.09675595788567301, 0.08274229226154103, 0.09675595788567301, 0.05916444641964335, 0.06046855169157268, 0.06311702683184267, 0.06450134986945169, 0.06311702683184267, 0.07998462290983832, 0.07545180834342537, 0.07277057946780735, 0.0935792010438309, 0.08508753958113438, 0.06046855169157268, 0.05916444641964335, 0.07277057946780735, 0.08265203060941059, 0.09675595788567301, 0.05916444641964335, 0.06073964779734459, 0.07036511314371423, 0.08265203060941059, 0.06168848402866507, 0.07277133509193934, 0.08265203060941059, 0.06628836170212767, 0.09675595788567301, 0.05916444641964335, 0.11054910293817011, 0.06297072384867507, 0.11054910293817011, 0.07350160553858118, 0.06077302372090439, 0.09463060974390311, 0.07977241247652908, 0.1010325206927393, 0.08258514510193878, 0.0902221431026054, 0.06870351630464973, 0.06312467085161935, 0.07977241247652908, 0.11054910293817011, 0.09754333637020166, 0.08258514510193878, 0.06077302372090439, 0.06312467085161935, 0.0902221431026054, 0.06455534692517083, 0.08357891244930837, 0.09022858718960058, 0.09770066129659463, 0.11054910293817011, 0.06312467085161935, 0.0712359093383701, 0.05916444641964335, 0.07692274862507638, 0.05916444641964335, 0.07061385467474028, 0.11074944690294984, 0.09159500055552469, 0.08438326754013667, 0.07421609905005278, 0.07421609905005278, 0.07421609905005278, 0.07350160553858118, 0.05916444641964335, 0.05916444641964335, 0.08438326754013667, 0.09319775584689739, 0.09509511682684296, 0.06077302372090439, 0.08865649680462197, 0.0726053442586523, 0.09869953874784732, 0.09319775584689739, 0.08112144853008164, 0.06077302372090439, 0.09159500055552469, 0.06373592572634854, 0.05916444641964335, 0.11074944690294984, 0.0782442308755069, 0.0975485806344092, 0.07692274862507638, 0.11156157991111605, 0.05916444641964335, 0.09002597611188268, 0.11156157991111605, 0.11156157991111605, 0.0727824454469196, 0.06077302372090439, 0.06077302372090439, 0.05916444641964335, 0.11156157991111605, 0.0975485806344092, 0.11156157991111605, 0.10869520582189879, 0.05916444641964335, 0.08018785650797179, 0.11156157991111605, 0.07533092600411088, 0.1044545970218321, 0.05916444641964335, 0.07533092600411088, 0.08704138664518637, 0.06817252374868063, 0.10106114098605633, 1.1012871719098938, 0.09754333637020166, 0.09537159063385368, 0.05916444641964335, 0.07350160553858118, 0.09754333637020166, 0.05916444641964335, 0.07036511314371423, 0.0886937391811566, 0.10854565824120882, 0.07836044658630074, 0.05916444641964335, 0.09754333637020166, 0.09271649358368979, 0.08648244002555415, 0.06152604855230265, 0.08091626054108104, 0.05916444641964335, 0.11269605033053719, 0.0846291650463863, 0.05916444641964335, 0.09271649358368979, 0.11269605033053719, 0.05916444641964335, 0.10014519198933393, 0.08091626054108104, 0.10014519198933393, 0.06080417754569191, 0.06080417754569191, 0.06781996550191656, 0.08648244002555415, 0.05916444641964335, 0.0740556191878229, 0.0846291650463863, 0.07335156941225489, 0.11269605033053719, 0.0846291650463863, 0.08056707988389533, 0.0740556191878229, 0.10905140814343647, 0.05916444641964335, 0.05916444641964335, 0.05916444641964335, 0.09754978034498082, 0.06080417754569191, 0.06076884617521248, 0.0846291650463863, 0.06781996550191656, 0.05916444641964335, 0.10905140814343647, 0.10300645471362702, 0.09060167750013887, 0.07849475029165044, 0.11270000566635185, 0.08056707988389533, 0.0846291650463863, 0.06045646347425143, 0.05916444641964335, 0.05916444641964335, 0.06080417754569191, 0.10300645471362702, 0.0846291650463863, 0.11270000566635185, 0.09060167750013887, 0.05916444641964335, 0.06080417754569191, 0.11049741703238707, 0.0712359093383701, 0.11049741703238707, 0.09673373707016276, 0.0846291650463863, 0.08234809204988612, 0.06152604855230265, 0.09754978034498082, 0.06080417754569191, 0.08843988678406754, 0.08843988678406754, 0.07849475029165044, 0.05916444641964335, 0.06310862729848342, 0.06080417754569191, 0.06080417754569191, 0.09673373707016276, 0.08618561191044942, 0.0846291650463863, 0.07849475029165044, 0.06080417754569191, 0.0773106385756347, 0.09060167750013887
dl_gr:0.07218327868340649, 0.15553118156213544, 0.13128799510749403, 0.15553922570746068, 0.15552744852785957, 0.15552744852785957, 0.15552744852785957, 0.07430600523804233, 0.08358660082106549, 0.11776714613243709, 0.11776714613243709, 0.10973585914449195, 0.15552744852785957, 0.15553118156213544, 0.14455423550913837, 0.15552744852785957, 0.15552744852785957, 0.08056472417199043, 0.061328681733237043, 0.14455423550913837, 0.15552744852785957, 0.15552744852785957, 0.06334812513082605, 0.09821632138547856, 0.13569339488972834, 0.15552744852785957, 0.10564248645297482, 0.14455423550913837, 0.15552744852785957, 0.1284987720498861, 0.15552744852785957, 0.06139370038831174, 0.15553829257985666, 0.09821627672684852, 0.15553829257985666, 0.1523971335359147, 0.0834027443514249, 0.15553829257985666, 0.15236233533248153, 0.15553829257985666, 0.15553829257985666, 0.15553829257985666, 0.1256566191089384, 0.1019821566029665, 0.15236233533248153, 0.15553829257985666, 0.15553118156213544, 0.15553829257985666, 0.0834027443514249, 0.10952844849563911, 0.15553829257985666, 0.11767408448419531, 0.15553829257985666, 0.15553829257985666, 0.15553829257985666, 0.15553829257985666, 0.10562030992167101, 0.1400530638225654, 0.06139370038831174, 0.14455325820565523, 0.06139370038831174, 0.13149713907338478, 0.15554184771957114, 0.15554184771957114, 0.15554184771957114, 0.14014683642853176, 0.13570130559746682, 0.14014683642853176, 0.1490851842136548, 0.06623445367368479, 0.06139370038831174, 0.15554184771957114, 0.15554184771957114, 0.15554184771957114, 0.08707356259763346, 0.15554184771957114, 0.13149713907338478, 0.15554184771957114, 0.15554184771957114, 0.15553118156213544, 0.08055801344203098, 0.15554184771957114, 0.10201179923115382, 0.06997446805677462, 0.15554184771957114, 0.14455325820565523, 0.07218327868340649, 0.07059163385867451, 0.07218327868340649, 0.058835264712515975, 0.15553118156213544, 0.07218327868340649, 0.07218327868340649, 0.0687666684839731, 0.06236137993389255, 0.06236137993389255, 0.06101443251986, 0.07218327868340649, 0.07218327868340649, 0.07218327868340649, 0.07218327868340649, 0.06330737189545024, 0.07186307420032219, 0.07218327868340649, 0.07005348591133825, 0.07218327868340649, 0.05994346982334316, 0.07005348591133825, 0.07218327868340649, 0.0673955891744903, 0.07218327868340649, 0.26669345045386367, 0.15553118156213544, 0.15553118156213544, 0.06151849342203211, 0.1490851842136548, 0.15553118156213544, 0.06621529913838119, 0.1400530638225654, 0.15553073688517305, 0.15553073688517305, 0.14456321303594244, 0.07368857291150491, 0.15553118156213544, 0.15553073688517305, 0.15553073688517305, 0.09822143228265096, 0.15234184774068107, 0.06135134717404589, 0.15553073688517305, 0.15553073688517305, 0.06333448144436418, 0.15553073688517305, 0.15553073688517305, 0.05828253986389645, 0.15553073688517305, 0.14929992781845453, 0.15553073688517305, 0.08343403155158047, 0.0865861674645853, 0.12157600128215097, 0.15553073688517305, 0.06333448144436418, 0.13129817226542967, 0.15553073688517305, 0.1444915280334426, 0.15553073688517305, 0.1555412700405533, 0.1523406924093106, 0.1312923949047275, 0.1555412700405533, 0.07373061501472142, 0.05828253986389645, 0.07373061501472142, 0.1555412700405533, 0.08707400700349979, 0.09807064053663686, 0.1555412700405533, 0.1216230208599522, 0.07785980778734514, 0.1555412700405533, 0.1555412700405533, 0.1555412700405533, 0.14455414700183325, 0.1555412700405533, 0.1523406924093106, 0.1555412700405533, 0.08356571295205822, 0.07373061501472142, 0.0698809178540081, 0.08080573306316316, 0.1555412700405533, 0.1555412700405533, 0.1555412700405533, 0.15553922570746068, 0.06334812513082605, 0.0920600411538248, 0.15553922570746068, 0.1400530638225654, 0.15553922570746068, 0.15553922570746068, 0.15553922570746068, 0.15553922570746068, 0.09420018880895505, 0.15553922570746068, 0.07785976339370033, 0.15553922570746068, 0.15553922570746068, 0.14902829843397586, 0.0737092383667574, 0.10566835172323757, 0.08056454634575856, 0.07785976339370033, 0.15553922570746068, 0.15553922570746068, 0.15553922570746068, 0.14902829843397586, 0.08660136661407698, 0.1445612131248264, 0.15553922570746068
ul_tr:0.043737895646908505, 0.026752784857674575, 0.009603808197600134, 0.05202453375812455, 0.037160380281928786, 0.02416581231587134, 0.037160380281928786, 0.0, 0.001176078854285873, 0.004400261355535804, 0.00589946039620021, 0.004400261355535804, 0.021137810203710902, 0.01666931128215099, 0.012896227355924671, 0.03469081674740293, 0.0256650118110105, 0.001176078854285873, 0.0, 0.012896227355924671, 0.0226957128390645, 0.037160380281928786, 0.0, 0.001891560273318149, 0.010838591101049939, 0.0226957128390645, 0.0030184685953002608, 0.013700014128103996, 0.0226957128390645, 0.00740869469385034, 0.037160380281928786, 0.0, 0.05202453375812455, 0.0026481845644353093, 0.05202453375812455, 0.015199214077717904, 0.001646510350552747, 0.0359310147175157, 0.02127889870896062, 0.041377708278428973, 0.023337037612910397, 0.02959293710293872, 0.010372172753180376, 0.004225856215210266, 0.02127889870896062, 0.05202453375812455, 0.037160380281928786, 0.023337037612910397, 0.001646510350552747, 0.004225856215210266, 0.02959293710293872, 0.006160365261485472, 0.025353732964279757, 0.03177399779290039, 0.03901751636520193, 0.05202453375812455, 0.004225856215210266, 0.012073374004499749, 0.0, 0.01805471848008444, 0.0, 0.01190840012421532, 0.05202453375812455, 0.03177399779290039, 0.025353732964279757, 0.015174026632520416, 0.015174026632520416, 0.015174026632520416, 0.015199214077717904, 0.0, 0.0, 0.025353732964279757, 0.03383213442447641, 0.0359310147175157, 0.001646510350552747, 0.02959293710293872, 0.013445331022165432, 0.03901751636520193, 0.03383213442447641, 0.0226957128390645, 0.001646510350552747, 0.03177399779290039, 0.004225856215210266, 0.0, 0.05202453375812455, 0.01918002068829509, 0.03901751636520193, 0.01805471848008444, 0.05202453375812455, 0.0, 0.031241353384256428, 0.05202453375812455, 0.05202453375812455, 0.013445331022165432, 0.001646510350552747, 0.001646510350552747, 0.0, 0.05202453375812455, 0.03901751636520193, 0.05202453375812455, 0.05029584360146658, 0.0, 0.02127889870896062, 0.05202453375812455, 0.01690272269735015, 0.04615216096605745, 0.0, 0.01690272269735015, 0.027411166068940614, 0.008259244191100492, 0.041377708278428973, 1.0423251221321037, 0.037160380281928786, 0.03592559737847899, 0.0, 0.015199214077717904, 0.037160380281928786, 0.0, 0.010838591101049939, 0.02959293710293872, 0.05029584360146658, 0.01918002068829509, 0.0, 0.037160380281928786, 0.03383213442447641, 0.027411166068940614, 0.0026481845644353093, 0.02127889870896062, 0.0, 0.05202453375812455, 0.025353732964279757, 0.0, 0.03383213442447641, 0.05202453375812455, 0.0, 0.041377708278428973, 0.02127889870896062, 0.041377708278428973, 0.001646510350552747, 0.001646510350552747, 0.008259244191100492, 0.027411166068940614, 0.0, 0.013445331022165432, 0.025353732964279757, 0.013700014128103996, 0.05202453375812455, 0.025353732964279757, 0.02127889870896062, 0.013445331022165432, 0.05029584360146658, 0.0, 0.0, 0.0, 0.03901751636520193, 0.001646510350552747, 0.001891560273318149, 0.025353732964279757, 0.008259244191100492, 0.0, 0.05029584360146658, 0.043737895646908505, 0.03177399779290039, 0.01918002068829509, 0.05202453375812455, 0.02127889870896062, 0.025353732964279757, 0.001176078854285873, 0.0, 0.0, 0.001646510350552747, 0.043737895646908505, 0.025353732964279757, 0.05202453375812455, 0.03177399779290039, 0.0, 0.001646510350552747, 0.05202453375812455, 0.012073374004499749, 0.05202453375812455, 0.037453895983000945, 0.025353732964279757, 0.023337037612910397, 0.0026481845644353093, 0.03901751636520193, 0.001646510350552747, 0.02959293710293872, 0.02959293710293872, 0.01918002068829509, 0.0, 0.004225856215210266, 0.001646510350552747, 0.001646510350552747, 0.037453895983000945, 0.027411166068940614, 0.025353732964279757, 0.01918002068829509, 0.001646510350552747, 0.01805471848008444, 0.03177399779290039
dl_tr:0.013894751105383038, 0.09726325046608521, 0.07294579355969115, 0.09726919492583745, 0.09726919492583745, 0.09726919492583745, 0.09726919492583745, 0.015442140609799454, 0.025138460265207486, 0.059407189102827614, 0.059407189102827614, 0.05125009770657185, 0.09726919492583745, 0.09726325046608521, 0.08628975918560079, 0.09726919492583745, 0.09726919492583745, 0.022264889850730524, 0.003078446610149436, 0.08628975918560079, 0.09726919492583745, 0.09726919492583745, 0.004951256363235374, 0.03978472058907839, 0.0773583289150603, 0.09726919492583745, 0.047403350115549144, 0.08628975918560079, 0.09726919492583745, 0.07002677701183269, 0.09726919492583745, 0.0030784466101494365, 0.09726919492583745, 0.039784720589078386, 0.09726919492583745, 0.09403134780245541, 0.025138460265207482, 0.09726919492583745, 0.09403709473784788, 0.09726919492583745, 0.09726919492583745, 0.09726919492583745, 0.06717947320704405, 0.04363278169279485, 0.09403709473784788, 0.09726919492583745, 0.09726325046608521, 0.09726919492583745, 0.025138460265207482, 0.05125009770657185, 0.09726919492583745, 0.059407189102827614, 0.09726919492583745, 0.09726919492583745, 0.09726919492583745, 0.09726919492583745, 0.047403350115549144, 0.08177084245653019, 0.0030784466101494365, 0.08628448571746014, 0.0030782584755402478, 0.07294579355946892, 0.09726325046608522, 0.09726325046608522, 0.09726325046608522, 0.08177084245764123, 0.0773583289150603, 0.08177084245764123, 0.0907994378667852, 0.007900513635575798, 0.0030782584755402478, 0.09726325046608522, 0.09726325046608522, 0.09726325046608522, 0.028368833901449914, 0.09726325046608522, 0.07294579355946892, 0.09726325046608522, 0.09726325046608522, 0.09726325046608521, 0.022263529165490813, 0.09726325046608522, 0.04363011514149215, 0.011517205528248432, 0.09726325046608522, 0.08628448571746014, 0.013894751105383038, 0.012326354193544798, 0.013894751105383038, 0.00043975124195544683, 0.09726325046608521, 0.013894751105383038, 0.013894751105383038, 0.01042082791094939, 0.004052690700283315, 0.004052690700283315, 0.0027702075811621573, 0.013894751105383038, 0.013894751105383038, 0.013894751105383038, 0.013894751105383038, 0.004950953774634741, 0.01343304929648353, 0.013894751105383038, 0.011681549052052664, 0.013894751105383038, 0.001645314945614133, 0.011681549052052664, 0.013894751105383038, 0.009035912454863623, 0.013894751105383038, 0.2084272082925393, 0.09726325046608521, 0.09726325046608521, 0.0030782584755402478, 0.0907994378667852, 0.09726325046608521, 0.007900513635575798, 0.08177084245653019, 0.09726919492583745, 0.09726919492583745, 0.08628975918560079, 0.015442140609799454, 0.09726325046608521, 0.09726919492583745, 0.09726919492583745, 0.039784720589633914, 0.09403709473729235, 0.003078446610149437, 0.09726919492583745, 0.09726919492583745, 0.0049512563631798215, 0.09726919492583745, 0.09726919492583745, 0.0, 0.09726919492583745, 0.09080498727626245, 0.09726919492583745, 0.025138460265207482, 0.028370567725904114, 0.06325524384311983, 0.09726919492583745, 0.0049512563631798215, 0.0729502518040109, 0.09726919492583745, 0.08628448571746014, 0.09726919492583745, 0.09726919492583745, 0.09403709473751458, 0.07295025180378868, 0.09726919492583745, 0.015442140609799454, 0.0, 0.015442140609799454, 0.09726919492583745, 0.028370567725793012, 0.03978228920659964, 0.09726919492583745, 0.06325524384311983, 0.019392639310816067, 0.09726919492583745, 0.09726919492583745, 0.09726919492583745, 0.08628975918560079, 0.09726919492583745, 0.09403709473751458, 0.09726919492583745, 0.025136923966224096, 0.015442140609799454, 0.01151790942786512, 0.022264889850563862, 0.09726919492583745, 0.09726919492583745, 0.09726919492583745, 0.09726919492583745, 0.004951256363190932, 0.03375653721315483, 0.09726919492583745, 0.08177084245653019, 0.09726919492583745, 0.09726919492583745, 0.09726919492583745, 0.09726919492583745, 0.035860490316926834, 0.09726919492583745, 0.019392639310816067, 0.09726919492583745, 0.09726919492583745, 0.09080498727626245, 0.015441196886728513, 0.047403350115549144, 0.02226488985050831, 0.019392639310816067, 0.09726919492583745, 0.09726919492583745, 0.09726919492583745, 0.09080498727626245, 0.02837056772584856, 0.08628975918560079, 0.09726919492583745
ul_er:16.42148720789901, 16.439403856807402, 16.454983124514747, 16.41434044910783, 16.42808190808233, 16.44209557371202, 16.42808190808233, 16.46567341966502, 16.464369314393085, 16.46172083925282, 16.46033651621521, 16.46172083925282, 16.444853243174823, 16.449386057574024, 16.452067286616856, 16.43125866487362, 16.439750326503532, 16.464369314393085, 16.46567341966502, 16.452067286616856, 16.44218583547525, 16.42808190808233, 16.46567341966502, 16.46409821828732, 16.454472752979836, 16.44218583547525, 16.463149382055995, 16.452066530992166, 16.44218583547525, 16.458549504382535, 16.42808190808233, 16.46567341966502, 16.414288763034833, 16.461867142235988, 16.414288763034833, 16.451336260507194, 16.464064842363758, 16.43020725639631, 16.445065453502025, 16.42380534550303, 16.44225272103161, 16.4346157229815, 16.45613434978001, 16.46171319523304, 16.445065453502025, 16.414288763034833, 16.427294529714462, 16.44225272103161, 16.464064842363758, 16.46171319523304, 16.4346157229815, 16.460282519159488, 16.441258953635355, 16.43460927883951, 16.427137204843618, 16.414288763034833, 16.46171319523304, 16.453601956762956, 16.46567341966502, 16.44791511757069, 16.46567341966502, 16.454224011465474, 16.414088419181713, 16.433242865529138, 16.44045459859952, 16.450621767034608, 16.450621767034608, 16.450621767034608, 16.451336260507194, 16.46567341966502, 16.46567341966502, 16.44045459859952, 16.431640110315534, 16.42974274925782, 16.464064842363758, 16.436181369335035, 16.452232521826012, 16.426138327336812, 16.431640110315534, 16.443716417415143, 16.464064842363758, 16.433242865529138, 16.461101940358315, 16.46567341966502, 16.414088419181713, 16.446593635141937, 16.427289285450254, 16.44791511757069, 16.413276286172433, 16.46567341966502, 16.434811890027774, 16.413276286172433, 16.413276286172433, 16.452055420720512, 16.464064842363758, 16.464064842363758, 16.46567341966502, 16.413276286172433, 16.427289285450254, 16.413276286172433, 16.41614266027943, 16.46567341966502, 16.444650009521137, 16.413276286172433, 16.449506940080553, 16.420383269006724, 16.46567341966502, 16.449506940080553, 16.437796479106158, 16.456665342319315, 16.423776725148603, 15.423550693322595, 16.427294529714462, 16.429466275561914, 16.46567341966502, 16.451336260507194, 16.427294529714462, 16.46567341966502, 16.454472752979836, 16.43614412701461, 16.416292207843448, 16.44647741949836, 16.46567341966502, 16.427294529714462, 16.43212137250097, 16.43835542605355, 16.46331181747625, 16.443921605543583, 16.46567341966502, 16.412141815643018, 16.440208701093827, 16.46567341966502, 16.43212137250097, 16.412141815643018, 16.46567341966502, 16.424692673873118, 16.443921605543583, 16.424692673873118, 16.46403368853897, 16.46403368853897, 16.457017900582745, 16.43835542605355, 16.46567341966502, 16.45078224689684, 16.440208701093827, 16.451486296782956, 16.412141815643018, 16.440208701093827, 16.44427078614466, 16.45078224689684, 16.41578645805233, 16.46567341966502, 16.46567341966502, 16.46567341966502, 16.42728808573912, 16.46403368853897, 16.46406901990945, 16.440208701093827, 16.457017900582745, 16.46567341966502, 16.41578645805233, 16.421831411498804, 16.43423618851119, 16.446343115793013, 16.41213786041831, 16.44427078614466, 16.440208701093827, 16.46438140261041, 16.46567341966502, 16.46567341966502, 16.46403368853897, 16.421831411498804, 16.440208701093827, 16.41213786041831, 16.43423618851119, 16.46567341966502, 16.46403368853897, 16.41434044910783, 16.453601956762956, 16.41434044910783, 16.42810412898672, 16.440208701093827, 16.442489773923118, 16.46331181747625, 16.42728808573912, 16.46403368853897, 16.436397979411698, 16.436397979411698, 16.446343115793013, 16.46567341966502, 16.46172923878618, 16.46403368853897, 16.46403368853897, 16.42810412898672, 16.43865225417421, 16.440208701093827, 16.446343115793013, 16.46403368853897, 16.447527227509028, 16.43423618851119
dl_er:2.229521381539359, 2.1461734787106272, 2.1704166651402703, 2.146165434560858, 2.146177211697128, 2.146177211697128, 2.146177211697128, 2.227398654996389, 2.218118059440031, 2.183937514137548, 2.183937514137548, 2.1919688010771625, 2.146177211697128, 2.1461734787106272, 2.15715042472196, 2.146177211697128, 2.146177211697128, 2.2211399360807733, 2.240375978511749, 2.15715042472196, 2.146177211697128, 2.146177211697128, 2.238356535130826, 2.2034883388639517, 2.166011265277485, 2.146177211697128, 2.196062173750903, 2.15715042472196, 2.146177211697128, 2.173205888091217, 2.146177211697128, 2.24031095984612, 2.1461663676462415, 2.203488383533693, 2.1461663676462415, 2.1493075266629633, 2.218301915870785, 2.1461663676462415, 2.1493423248719514, 2.1461663676462415, 2.1461663676462415, 2.1461663676462415, 2.176048041125493, 2.199722503660352, 2.1493423248719514, 2.1461663676462415, 2.1461734787106272, 2.1461663676462415, 2.218301915870785, 2.1921762117115713, 2.1461663676462415, 2.184030575757457, 2.1461663676462415, 2.1461663676462415, 2.1461663676462415, 2.1461663676462415, 2.196084350293317, 2.161651596432976, 2.24031095984612, 2.157151402031554, 2.24031095984612, 2.1702075212465974, 2.146162812494306, 2.146162812494306, 2.146162812494306, 2.1615578238164543, 2.1660033546519637, 2.1615578238164543, 2.1526194760279984, 2.2354702065601915, 2.24031095984612, 2.146162812494306, 2.146162812494306, 2.146162812494306, 2.2146310976195767, 2.146162812494306, 2.1702075212465974, 2.146162812494306, 2.146162812494306, 2.1461734787106272, 2.221146646807955, 2.146162812494306, 2.1996928610243875, 2.231730192177657, 2.146162812494306, 2.157151402031554, 2.229521381539359, 2.231113026381312, 2.229521381539359, 2.2428693955219154, 2.1461734787106272, 2.229521381539359, 2.229521381539359, 2.2329379917443477, 2.2393432803005386, 2.2393432803005386, 2.2406902277145715, 2.229521381539359, 2.229521381539359, 2.229521381539359, 2.229521381539359, 2.2383972883389816, 2.22984158605022, 2.229521381539359, 2.231651174323093, 2.229521381539359, 2.2417611904110886, 2.231651174323093, 2.229521381539359, 2.234309071059941, 2.229521381539359, 2.0350112097661244, 2.1461734787106272, 2.1461734787106272, 2.2401861668123995, 2.1526194760279984, 2.1461734787106272, 2.235489361107161, 2.161651596432976, 2.1461739233609247, 2.1461739233609247, 2.1571414471807127, 2.2280160873334816, 2.1461734787106272, 2.1461739233609247, 2.1461739233609247, 2.2034832279201155, 2.1493628124381976, 2.24035331307094, 2.1461739233609247, 2.1461739233609247, 2.238370178817288, 2.1461739233609247, 2.1461739233609247, 2.2434221203705347, 2.1461739233609247, 2.152404732372646, 2.1461739233609247, 2.2182706286645186, 2.2151184927820675, 2.1801286589939446, 2.1461739233609247, 2.238370178817288, 2.1704064879567797, 2.1461739233609247, 2.157213132171546, 2.1461739233609247, 2.146163390191656, 2.1493639678051215, 2.1704122652969278, 2.146163390191656, 2.2279740452469308, 2.2434221203705347, 2.2279740452469308, 2.146163390191656, 2.2146306532042663, 2.2036340196927946, 2.146163390191656, 2.1800816393772564, 2.2238448525020833, 2.146163390191656, 2.146163390191656, 2.146163390191656, 2.157150513217599, 2.146163390191656, 2.1493639678051215, 2.146163390191656, 2.2181389472695963, 2.2279740452469308, 2.2318237423804232, 2.2208989271707127, 2.146163390191656, 2.146163390191656, 2.146163390191656, 2.146165434560858, 2.238356535130826, 2.209644619084495, 2.146165434560858, 2.161651596432976, 2.146165434560858, 2.146165434560858, 2.146165434560858, 2.146165434560858, 2.20750447143492, 2.146165434560858, 2.223844896912394, 2.146165434560858, 2.146165434560858, 2.152676361822121, 2.2279954218982283, 2.1960363084267542, 2.2211401138708964, 2.223844896912394, 2.146165434560858, 2.146165434560858, 2.146165434560858, 2.152676361822121, 2.2151032936203543, 2.157143447111827, 2.146165434560858
ul_er_ratio:0.9973436199400948, 0.9983752866294263, 0.9994166991108341, 0.9968405574750554, 0.9977431015206992, 0.9985324044268861, 0.9977431015206992, 1.0, 0.9999285733435366, 0.9997327687966917, 0.9996417238035104, 0.9997327687966917, 0.9987162746454077, 0.998987656065236, 0.9992167472861401, 0.9978931784780389, 0.9984412775940557, 0.9999285733435366, 1.0, 0.9992167472861401, 0.9986215684107739, 0.9977431015206992, 1.0, 0.9998851231964336, 0.9993417317854153, 0.9986215684107739, 0.9998166866375542, 0.9991679698548765, 0.9986215684107739, 0.9995500599112255, 0.9977431015206992, 1.0, 0.9968405475578885, 0.9998391580613293, 0.9968405475578885, 0.9990769634510442, 0.9999000036915938, 0.9978178845503473, 0.9987077338932182, 0.9974869572877949, 0.9985826783033593, 0.998202589768272, 0.9993701048404539, 0.999743357715463, 0.9987077338932182, 0.9968405475578885, 0.9977429935892158, 0.9985826783033593, 0.9999000036915938, 0.999743357715463, 0.998202589768272, 0.9996258836650559, 0.9984602945701813, 0.9980703717835846, 0.9976304415313827, 0.9968405475578885, 0.999743357715463, 0.9992667550062801, 1.0, 0.9989035132057297, 1.0, 0.9992767943420743, 0.9968405091167046, 0.9980702116458999, 0.9984602193555431, 0.9990784516689829, 0.9990784516689829, 0.9990784516689829, 0.9990769634510442, 1.0, 1.0, 0.9984602193555431, 0.9979452678962619, 0.9978178229914814, 0.9999000036915938, 0.9982027606748278, 0.9991834328873476, 0.9976302977794087, 0.9979452678962619, 0.998621696538412, 0.9999000036915938, 0.9980702116458999, 0.9997433481879364, 1.0, 0.9968405091167046, 0.9988351582446595, 0.9976304634163078, 0.9989035132057297, 0.9968403532782619, 1.0, 0.9981026811390424, 0.9968403532782619, 0.9968403532782619, 0.999183424104442, 0.9999000036915938, 0.9999000036915938, 1.0, 0.9968403532782619, 0.9976304634163078, 0.9968403532782619, 0.9969455542198992, 1.0, 0.9987077012886698, 0.9968403532782619, 0.9989735028434549, 0.9971972148505478, 1.0, 0.9989735028434549, 0.9983352067790671, 0.9994983733968713, 0.9974869529195289, 0.9366978632771062, 0.9977429935892158, 0.9978181146458154, 1.0, 0.9990769634510442, 0.9977429935892158, 1.0, 0.9993417317854153, 0.9982027566098192, 0.9969455819600069, 0.9988351500231333, 1.0, 0.9977429935892158, 0.9979453279513849, 0.9983352632921413, 0.9998391721731312, 0.9987076441186693, 1.0, 0.9968401355614329, 0.9984601963603844, 1.0, 0.9979453279513849, 0.9968401355614329, 1.0, 0.9974870927113685, 0.9987076441186693, 0.9974870927113685, 0.9999000035023962, 0.9999000035023962, 0.9994983841378143, 0.9983352632921413, 1.0, 0.9991833609588707, 0.9984601963603844, 0.9991679405340815, 0.9968401355614329, 0.9984601963603844, 0.9987076715253221, 0.9991833609588707, 0.9969454881446562, 1.0, 1.0, 1.0, 0.9976304632436668, 0.9999000035023962, 0.9998851229927275, 0.9984601963603844, 0.9994983841378143, 1.0, 0.9969454881446562, 0.9973436754702476, 0.998070328061662, 0.9988351405218459, 0.9968401348023312, 0.9987076715253221, 0.9984601963603844, 0.9999285733959746, 1.0, 1.0, 0.9999000035023962, 0.9973436754702476, 0.9984601963603844, 0.9968401348023312, 0.998070328061662, 1.0, 0.9999000035023962, 0.9968405574750554, 0.9992667550062801, 0.9968405574750554, 0.9977253187577242, 0.9984601963603844, 0.9985826987080563, 0.9998391721731312, 0.9976304632436668, 0.9999000035023962, 0.9982027843175074, 0.9982027843175074, 0.9988351405218459, 1.0, 0.9997433579655216, 0.9999000035023962, 0.9999000035023962, 0.9977253187577242, 0.9983352933017833, 0.9984601963603844, 0.9988351405218459, 0.9999000035023962, 0.9989034873751012, 0.998070328061662
dl_er_ratio:0.9938064316721292, 0.956645422979333, 0.9674837236948489, 0.956642732688809, 0.9566429602959601, 0.9566429602959601, 0.9566429602959601, 0.9931149189723804, 0.9887937647592302, 0.9735184748839455, 0.9735184748839455, 0.9771533229617674, 0.9566429602959601, 0.956645422979333, 0.9615368576329484, 0.9566429602959601, 0.9566429602959601, 0.9900754025339649, 0.998627809606615, 0.9615368576329484, 0.9566429602959601, 0.9566429602959601, 0.9977928769373472, 0.9822648783564588, 0.9655169040735333, 0.9566429602959601, 0.9788704797950927, 0.9615368576329484, 0.9566429602959601, 0.968783096777607, 0.9566429602959601, 0.9986277698373319, 0.9566427507218798, 0.9822648787096139, 0.9566427507218798, 0.9580841981241631, 0.9887946831426361, 0.9566427507218798, 0.9580823939473403, 0.9566427507218798, 0.9566427507218798, 0.9566427507218798, 0.9700523140083572, 0.9805502133444162, 0.9580823939473403, 0.9566427507218798, 0.956645422979333, 0.9566427507218798, 0.9887946831426361, 0.9771554351968601, 0.9566427507218798, 0.9735195733827153, 0.9566427507218798, 0.9566427507218798, 0.9566427507218798, 0.9566427507218798, 0.9788706886572589, 0.9635508493456068, 0.9986277698373319, 0.9615391345976751, 0.9986278535840324, 0.9674806919892698, 0.9566452168529512, 0.9566452168529512, 0.9566452168529512, 0.9635493257466134, 0.9655167824779561, 0.9635493257466134, 0.9595263116913154, 0.9964782844117328, 0.9986278535840324, 0.9566452168529512, 0.9566452168529512, 0.9566452168529512, 0.9873522805316305, 0.9566452168529512, 0.9674806919892698, 0.9566452168529512, 0.9566452168529512, 0.956645422979333, 0.9900760327273499, 0.9566452168529512, 0.9805511218825648, 0.9948658335500459, 0.9566452168529512, 0.9615391345976751, 0.9938064316721292, 0.9945055996162524, 0.9938064316721292, 0.9998039720728684, 0.956645422979333, 0.9938064316721292, 0.9938064316721292, 0.9953548100198475, 0.9981935018370942, 0.9981935018370942, 0.998765207739981, 0.9938064316721292, 0.9938064316721292, 0.9938064316721292, 0.9938064316721292, 0.9977930516173582, 0.9940118570036757, 0.9938064316721292, 0.9947927701805743, 0.9938064316721292, 0.9992665997260481, 0.9947927701805743, 0.9938064316721292, 0.9959721253212217, 0.9938064316721292, 0.9070947494636828, 0.956645422979333, 0.956645422979333, 0.9986277772513843, 0.9595263116913154, 0.956645422979333, 0.9964783144809006, 0.9635508493456068, 0.9566428967451965, 0.9566428967451965, 0.9615367037149473, 0.9931168138468277, 0.956645422979333, 0.9566428967451965, 0.9566428967451965, 0.9822648379494462, 0.9580827767548195, 0.998627795743345, 0.9566428967451965, 0.9566428967451965, 0.997792890360903, 0.9566428967451965, 0.9566428967451965, 1.0, 0.9566428967451965, 0.9595200633802199, 0.9566428967451965, 0.9887945268701749, 0.987354265182162, 0.9718036472655773, 0.9566428967451965, 0.997792890360903, 0.9674816534922619, 0.9566428967451965, 0.9615401928535817, 0.9566428967451965, 0.9566426931787018, 0.9580827983423819, 0.967481737236981, 0.9566426931787018, 0.9931166848544857, 1.0, 0.9931166848544857, 0.9566426931787018, 0.987351514809239, 0.982267094587488, 0.9566426931787018, 0.9718030562791287, 0.9913550663353332, 0.9566426931787018, 0.9566426931787018, 0.9566426931787018, 0.9615368591501808, 0.9566426931787018, 0.9580827983423819, 0.9566426931787018, 0.9887945462755875, 0.9931166848544857, 0.9948657354894735, 0.9900743362202902, 0.9566426931787018, 0.9566426931787018, 0.9566426931787018, 0.956642732688809, 0.997792876937367, 0.9849529643334658, 0.956642732688809, 0.9635508493456068, 0.956642732688809, 0.956642732688809, 0.956642732688809, 0.956642732688809, 0.9840148656467724, 0.956642732688809, 0.9913550665064805, 0.956642732688809, 0.956642732688809, 0.9595249644875562, 0.9931171682063872, 0.9788702361861831, 0.9900754033205886, 0.9913550665064805, 0.956642732688809, 0.956642732688809, 0.956642732688809, 0.9595249644875562, 0.9873541795094395, 0.9615367380034399, 0.956642732688809
ul_er_perc:99.73436199400948, 99.83752866294263, 99.94166991108341, 99.68405574750554, 99.77431015206992, 99.8532404426886, 99.77431015206992, 100.0, 99.99285733435366, 99.97327687966917, 99.96417238035103, 99.97327687966917, 99.87162746454077, 99.8987656065236, 99.92167472861401, 99.78931784780389, 99.84412775940557, 99.99285733435366, 100.0, 99.92167472861401, 99.8621568410774, 99.77431015206992, 100.0, 99.98851231964336, 99.93417317854153, 99.8621568410774, 99.98166866375541, 99.91679698548765, 99.8621568410774, 99.95500599112255, 99.77431015206992, 100.0, 99.68405475578885, 99.98391580613293, 99.68405475578885, 99.90769634510443, 99.99000036915938, 99.78178845503473, 99.87077338932183, 99.7486957287795, 99.85826783033593, 99.8202589768272, 99.93701048404539, 99.9743357715463, 99.87077338932183, 99.68405475578885, 99.77429935892158, 99.85826783033593, 99.99000036915938, 99.9743357715463, 99.8202589768272, 99.96258836650559, 99.84602945701812, 99.80703717835846, 99.76304415313827, 99.68405475578885, 99.9743357715463, 99.92667550062802, 100.0, 99.89035132057296, 100.0, 99.92767943420743, 99.68405091167047, 99.80702116459, 99.8460219355543, 99.90784516689828, 99.90784516689828, 99.90784516689828, 99.90769634510443, 100.0, 100.0, 99.8460219355543, 99.79452678962619, 99.78178229914813, 99.99000036915938, 99.82027606748278, 99.91834328873476, 99.76302977794087, 99.79452678962619, 99.8621696538412, 99.99000036915938, 99.80702116459, 99.97433481879364, 100.0, 99.68405091167047, 99.88351582446595, 99.76304634163078, 99.89035132057296, 99.6840353278262, 100.0, 99.81026811390424, 99.6840353278262, 99.6840353278262, 99.91834241044421, 99.99000036915938, 99.99000036915938, 100.0, 99.6840353278262, 99.76304634163078, 99.6840353278262, 99.69455542198992, 100.0, 99.87077012886698, 99.6840353278262, 99.89735028434549, 99.71972148505478, 100.0, 99.89735028434549, 99.8335206779067, 99.94983733968714, 99.7486952919529, 93.66978632771063, 99.77429935892158, 99.78181146458154, 100.0, 99.90769634510443, 99.77429935892158, 100.0, 99.93417317854153, 99.82027566098192, 99.6945581960007, 99.88351500231333, 100.0, 99.77429935892158, 99.7945327951385, 99.83352632921412, 99.98391721731312, 99.87076441186693, 100.0, 99.6840135561433, 99.84601963603843, 100.0, 99.7945327951385, 99.6840135561433, 100.0, 99.74870927113685, 99.87076441186693, 99.74870927113685, 99.99000035023961, 99.99000035023961, 99.94983841378144, 99.83352632921412, 100.0, 99.91833609588707, 99.84601963603843, 99.91679405340815, 99.6840135561433, 99.84601963603843, 99.87076715253221, 99.91833609588707, 99.69454881446562, 100.0, 100.0, 100.0, 99.76304632436668, 99.99000035023961, 99.98851229927274, 99.84601963603843, 99.94983841378144, 100.0, 99.69454881446562, 99.73436754702476, 99.80703280616619, 99.88351405218458, 99.68401348023312, 99.87076715253221, 99.84601963603843, 99.99285733959746, 100.0, 100.0, 99.99000035023961, 99.73436754702476, 99.84601963603843, 99.68401348023312, 99.80703280616619, 100.0, 99.99000035023961, 99.68405574750554, 99.92667550062802, 99.68405574750554, 99.77253187577242, 99.84601963603843, 99.85826987080563, 99.98391721731312, 99.76304632436668, 99.99000035023961, 99.82027843175074, 99.82027843175074, 99.88351405218458, 100.0, 99.97433579655215, 99.99000035023961, 99.99000035023961, 99.77253187577242, 99.83352933017832, 99.84601963603843, 99.88351405218458, 99.99000035023961, 99.89034873751011, 99.80703280616619
dl_er_perc:99.38064316721292, 95.6645422979333, 96.7483723694849, 95.66427326888089, 95.664296029596, 95.664296029596, 95.664296029596, 99.31149189723804, 98.87937647592302, 97.35184748839455, 97.35184748839455, 97.71533229617674, 95.664296029596, 95.6645422979333, 96.15368576329485, 95.664296029596, 95.664296029596, 99.00754025339648, 99.8627809606615, 96.15368576329485, 95.664296029596, 95.664296029596, 99.77928769373472, 98.22648783564588, 96.55169040735333, 95.664296029596, 97.88704797950926, 96.15368576329485, 95.664296029596, 96.8783096777607, 95.664296029596, 99.8627769837332, 95.66427507218798, 98.22648787096139, 95.66427507218798, 95.80841981241632, 98.8794683142636, 95.66427507218798, 95.80823939473403, 95.66427507218798, 95.66427507218798, 95.66427507218798, 97.00523140083573, 98.05502133444162, 95.80823939473403, 95.66427507218798, 95.6645422979333, 95.66427507218798, 98.8794683142636, 97.71554351968601, 95.66427507218798, 97.35195733827153, 95.66427507218798, 95.66427507218798, 95.66427507218798, 95.66427507218798, 97.8870688657259, 96.35508493456068, 99.8627769837332, 96.15391345976751, 99.86278535840324, 96.74806919892698, 95.66452168529513, 95.66452168529513, 95.66452168529513, 96.35493257466135, 96.5516782477956, 96.35493257466135, 95.95263116913154, 99.64782844117327, 99.86278535840324, 95.66452168529513, 95.66452168529513, 95.66452168529513, 98.73522805316306, 95.66452168529513, 96.74806919892698, 95.66452168529513, 95.66452168529513, 95.6645422979333, 99.007603272735, 95.66452168529513, 98.05511218825647, 99.48658335500458, 95.66452168529513, 96.15391345976751, 99.38064316721292, 99.45055996162525, 99.38064316721292, 99.98039720728684, 95.6645422979333, 99.38064316721292, 99.38064316721292, 99.53548100198475, 99.81935018370942, 99.81935018370942, 99.8765207739981, 99.38064316721292, 99.38064316721292, 99.38064316721292, 99.38064316721292, 99.77930516173582, 99.40118570036756, 99.38064316721292, 99.47927701805743, 99.38064316721292, 99.92665997260481, 99.47927701805743, 99.38064316721292, 99.59721253212217, 99.38064316721292, 90.70947494636829, 95.6645422979333, 95.6645422979333, 99.86277772513843, 95.95263116913154, 95.6645422979333, 99.64783144809006, 96.35508493456068, 95.66428967451965, 95.66428967451965, 96.15367037149473, 99.31168138468277, 95.6645422979333, 95.66428967451965, 95.66428967451965, 98.22648379494461, 95.80827767548195, 99.86277957433451, 95.66428967451965, 95.66428967451965, 99.7792890360903, 95.66428967451965, 95.66428967451965, 100.0, 95.66428967451965, 95.95200633802199, 95.66428967451965, 98.87945268701749, 98.7354265182162, 97.18036472655773, 95.66428967451965, 99.7792890360903, 96.74816534922618, 95.66428967451965, 96.15401928535817, 95.66428967451965, 95.66426931787018, 95.80827983423819, 96.7481737236981, 95.66426931787018, 99.31166848544856, 100.0, 99.31166848544856, 95.66426931787018, 98.7351514809239, 98.2267094587488, 95.66426931787018, 97.18030562791287, 99.13550663353332, 95.66426931787018, 95.66426931787018, 95.66426931787018, 96.15368591501809, 95.66426931787018, 95.80827983423819, 95.66426931787018, 98.87945462755874, 99.31166848544856, 99.48657354894735, 99.00743362202901, 95.66426931787018, 95.66426931787018, 95.66426931787018, 95.66427326888089, 99.77928769373669, 98.49529643334658, 95.66427326888089, 96.35508493456068, 95.66427326888089, 95.66427326888089, 95.66427326888089, 95.66427326888089, 98.40148656467724, 95.66427326888089, 99.13550665064805, 95.66427326888089, 95.66427326888089, 95.95249644875562, 99.31171682063872, 97.8870236186183, 99.00754033205887, 99.13550665064805, 95.66427326888089, 95.66427326888089, 95.66427326888089, 95.95249644875562, 98.73541795094395, 96.15367380034398, 95.66427326888089
ul_l:0.0014505836972001555, 0.0014514092935392479, 0.0014514092935392479, 0.0014548017064163104, 0.001456807743486473, 0.001456807743486473, 0.001456807743486473, 0.0, 0.001456807743486473, 0.001456807743486473, 0.001456807743486473, 0.001456807743486473, 0.001456807743486473, 0.0014514092935392479, 0.001456807743486473, 0.001456807743486473, 0.001456807743486473, 0.001456807743486473, 0.0, 0.001456807743486473, 0.001456807743486473, 0.001456807743486473, 0.0, 0.001456807743486473, 0.0014514092935392479, 0.001456807743486473, 0.001456807743486473, 0.001456807743486473, 0.001456807743486473, 0.001456807743486473, 0.001456807743486473, 0.0, 0.0014504529915115828, 0.0014504529915115828, 0.0014504529915115828, 0.0014514092935392479, 0.0014504529915115828, 0.0014504529915115828, 0.0014504529915115828, 0.0014504529915115828, 0.0014504529915115828, 0.0014504529915115828, 0.0014504529915115828, 0.0014504529915115828, 0.0014504529915115828, 0.0014504529915115828, 0.0014514092935392479, 0.0014504529915115828, 0.0014504529915115828, 0.0014504529915115828, 0.0014504529915115828, 0.0014504529915115828, 0.0014504529915115828, 0.0014504529915115828, 0.0014504529915115828, 0.0014504529915115828, 0.0014504529915115828, 0.0014514092935392479, 0.0, 0.0014558559835009166, 0.0, 0.0014558559835009166, 0.0014558559835009166, 0.0014558559835009166, 0.0014558559835009166, 0.0014558559835009166, 0.0014558559835009166, 0.0014558559835009166, 0.0014514092935392479, 0.0, 0.0, 0.0014558559835009166, 0.0014558559835009166, 0.0014558559835009166, 0.0014558559835009166, 0.0014558559835009166, 0.0014558559835009166, 0.0014558559835009166, 0.0014558559835009166, 0.0014514092935392479, 0.0014558559835009166, 0.0014558559835009166, 0.0014558559835009166, 0.0, 0.0014558559835009166, 0.0014558559835009166, 0.0014505836972001555, 0.0014505836972001555, 0.0014505836972001555, 0.0, 0.0014514092935392479, 0.0014505836972001555, 0.0014505836972001555, 0.0014505836972001555, 0.0014505836972001555, 0.0014505836972001555, 0.0, 0.0014505836972001555, 0.0014505836972001555, 0.0014505836972001555, 0.0014505836972001555, 0.0, 0.0014505836972001555, 0.0014505836972001555, 0.0014505836972001555, 0.0014505836972001555, 0.0, 0.0014505836972001555, 0.0014505836972001555, 0.0014505836972001555, 0.0014505836972001555, 0.0031952487416476863, 0.0014514092935392479, 0.0014514092935392479, 0.0, 0.0014514092935392479, 0.0014514092935392479, 0.0, 0.0014514092935392479, 0.0014536245515304705, 0.0014536245515304705, 0.0014536245515304705, 0.0, 0.0014514092935392479, 0.0014536245515304705, 0.0014536245515304705, 0.0014536245515304705, 0.0014536245515304705, 0.0, 0.0014536245515304705, 0.0014536245515304705, 0.0, 0.0014536245515304705, 0.0014536245515304705, 0.0, 0.0014536245515304705, 0.0014536245515304705, 0.0014536245515304705, 0.0014536245515304705, 0.0014536245515304705, 0.0014536245515304705, 0.0014536245515304705, 0.0, 0.0014536245515304705, 0.0014536245515304705, 0.0014514092935392479, 0.0014536245515304705, 0.001453887989172824, 0.001453887989172824, 0.001453887989172824, 0.001453887989172824, 0.0, 0.0, 0.0, 0.001453887989172824, 0.001453887989172824, 0.0014514092935392479, 0.001453887989172824, 0.001453887989172824, 0.0, 0.001453887989172824, 0.001453887989172824, 0.001453887989172824, 0.001453887989172824, 0.001453887989172824, 0.001453887989172824, 0.001453887989172824, 0.0014514092935392479, 0.0, 0.0, 0.001453887989172824, 0.001453887989172824, 0.001453887989172824, 0.001453887989172824, 0.0014548017064163104, 0.0, 0.0014548017064163104, 0.0014548017064163104, 0.0014514092935392479, 0.0014548017064163104, 0.0014548017064163104, 0.0014548017064163104, 0.0014548017064163104, 0.0014548017064163104, 0.0014548017064163104, 0.0014548017064163104, 0.0014548017064163104, 0.0014548017064163104, 0.0014548017064163104, 0.0, 0.0014548017064163104, 0.0014548017064163104, 0.0014548017064163104, 0.0014548017064163104, 0.0014548017064163104, 0.0014548017064163104, 0.0014548017064163104, 0.0014548017064163104, 0.0014548017064163104, 0.0014548017064163104
dl_l:0.0029074016245541918, 0.0029117434294594745, 0.0029117434294594745, 0.0029078726775290265, 0.0029059458961835454, 0.0029059458961835454, 0.0029059458961835454, 0.0029059458961835454, 0.0029059458961835454, 0.0029059458961835454, 0.0029059458961835454, 0.0029059458961835454, 0.0029059458961835454, 0.0029117434294594745, 0.0029059458961835454, 0.0029059458961835454, 0.0029059458961835454, 0.0029059458961835454, 0.0029059458961835454, 0.0029059458961835454, 0.0029059458961835454, 0.0029059458961835454, 0.0029059458961835454, 0.0029059458961835454, 0.0029117434294594745, 0.0029059458961835454, 0.0029059458961835454, 0.0029059458961835454, 0.0029059458961835454, 0.0029059458961835454, 0.0029059458961835454, 0.0029098135471196046, 0.0029098135471196046, 0.0029098135471196046, 0.0029098135471196046, 0.0029117434294594745, 0.0029098135471196046, 0.0029098135471196046, 0.0029098135471196046, 0.0029098135471196046, 0.0029098135471196046, 0.0029098135471196046, 0.0029098135471196046, 0.0029098135471196046, 0.0029098135471196046, 0.0029098135471196046, 0.0029117434294594745, 0.0029098135471196046, 0.0029098135471196046, 0.0029098135471196046, 0.0029098135471196046, 0.0029098135471196046, 0.0029098135471196046, 0.0029098135471196046, 0.0029098135471196046, 0.0029098135471196046, 0.0029098135471196046, 0.0029117434294594745, 0.0029098135471196046, 0.0029112756173545916, 0.0029112756173545916, 0.0029112756173545916, 0.0029112756173545916, 0.0029112756173545916, 0.0029112756173545916, 0.0029112756173545916, 0.0029112756173545916, 0.0029112756173545916, 0.0029117434294594745, 0.0029112756173545916, 0.0029112756173545916, 0.0029112756173545916, 0.0029112756173545916, 0.0029112756173545916, 0.0029112756173545916, 0.0029112756173545916, 0.0029112756173545916, 0.0029112756173545916, 0.0029112756173545916, 0.0029117434294594745, 0.0029112756173545916, 0.0029112756173545916, 0.0029112756173545916, 0.0029112756173545916, 0.0029112756173545916, 0.0029112756173545916, 0.0029074016245541918, 0.0029074016245541918, 0.0029074016245541918, 0.0029074016245541918, 0.0029117434294594745, 0.0029074016245541918, 0.0029074016245541918, 0.0029074016245541918, 0.0029074016245541918, 0.0029074016245541918, 0.0029074016245541918, 0.0029074016245541918, 0.0029074016245541918, 0.0029074016245541918, 0.0029074016245541918, 0.0029117434294594745, 0.0029074016245541918, 0.0029074016245541918, 0.0029074016245541918, 0.0029074016245541918, 0.0029074016245541918, 0.0029074016245541918, 0.0029074016245541918, 0.0029074016245541918, 0.0029074016245541918, 0.003200943605205267, 0.0029117434294594745, 0.0029117434294594745, 0.0029117434294594745, 0.0029117434294594745, 0.0029117434294594745, 0.0029117434294594745, 0.0029117434294594745, 0.002908449766768513, 0.002908449766768513, 0.002908449766768513, 0.002908449766768513, 0.0029117434294594745, 0.002908449766768513, 0.002908449766768513, 0.002908449766768513, 0.002908449766768513, 0.002908449766768513, 0.002908449766768513, 0.002908449766768513, 0.002908449766768513, 0.002908449766768513, 0.002908449766768513, 0.0, 0.002908449766768513, 0.002908449766768513, 0.002908449766768513, 0.002908449766768513, 0.002908449766768513, 0.002908449766768513, 0.002908449766768513, 0.002908449766768513, 0.002908449766768513, 0.002908449766768513, 0.0029117434294594745, 0.002908449766768513, 0.0029098843556857957, 0.0029098843556857957, 0.0029098843556857957, 0.0029098843556857957, 0.0029098843556857957, 0.0, 0.0029098843556857957, 0.0029098843556857957, 0.0029098843556857957, 0.0029117434294594745, 0.0029098843556857957, 0.0029098843556857957, 0.0029098843556857957, 0.0029098843556857957, 0.0029098843556857957, 0.0029098843556857957, 0.0029098843556857957, 0.0029098843556857957, 0.0029098843556857957, 0.0029098843556857957, 0.0029117434294594745, 0.0029098843556857957, 0.0029098843556857957, 0.0029098843556857957, 0.0029098843556857957, 0.0029098843556857957, 0.0029098843556857957, 0.0029078726775290265, 0.0029078726775290265, 0.0029078726775290265, 0.0029078726775290265, 0.0029117434294594745, 0.0029078726775290265, 0.0029078726775290265, 0.0029078726775290265, 0.0029078726775290265, 0.0029078726775290265, 0.0029078726775290265, 0.0029078726775290265, 0.0029078726775290265, 0.0029078726775290265, 0.0029078726775290265, 0.0029117434294594745, 0.0029078726775290265, 0.0029078726775290265, 0.0029078726775290265, 0.0029078726775290265, 0.0029078726775290265, 0.0029078726775290265, 0.0029078726775290265, 0.0029078726775290265, 0.0029078726775290265, 0.0029078726775290265
ul_il:40.802999447265144, 40.847138815491306, 40.88374423552353, 40.785782558720406, 40.818024080493245, 40.84790886599406, 40.818024080493245, 0.0, 40.89782744043437, 40.890364665033, 40.887002886076274, 40.890364665033, 40.85451458139875, 40.868704224524144, 40.87139877824893, 40.8236734578945, 40.84461204267868, 40.89782744043437, 0.0, 40.87139877824893, 40.851101835967945, 40.818024080493245, 0.0, 40.89647136688289, 40.880881881932055, 40.851101835967945, 40.89426449515355, 40.86977502967941, 40.851101835967945, 40.88365275241703, 40.818024080493245, 0.0, 40.779869832555754, 40.8952306403331, 40.779869832555754, 40.87152990676401, 40.89779938718049, 40.82132342466174, 40.854648444066214, 40.808177510901395, 40.85012516830376, 40.83612063919427, 40.877391424178434, 40.89117942323404, 40.854648444066214, 40.779869832555754, 40.82301799212594, 40.85012516830376, 40.89779938718049, 40.89117942323404, 40.83612063919427, 40.88694739345792, 40.845713491063606, 40.831032716106655, 40.814051179180936, 40.779869832555754, 40.89117942323404, 40.87821512036326, 0.0, 40.861891512502694, 0.0, 40.87452437012171, 40.780330945784186, 40.8314938235132, 40.846174611774956, 40.86749469610361, 40.86749469610361, 40.86749469610361, 40.87152990676401, 0.0, 0.0, 40.846174611774956, 40.82656633406816, 40.821784538329034, 40.89826049833682, 40.83658174615638, 40.871213422285486, 40.81451228870957, 40.82656633406816, 40.85609574582851, 40.89826049833682, 40.8314938235132, 40.89164053211272, 0.0, 40.780330945784186, 40.859600278099045, 40.8149613557369, 40.862340578702295, 40.78078000785067, 0.0, 40.836841749383865, 40.78078000785067, 40.78078000785067, 40.87166249345703, 40.898709570397195, 40.898709570397195, 0.0, 40.78078000785067, 40.8149613557369, 40.78078000785067, 40.785422366697404, 0.0, 40.85555863325482, 40.78078000785067, 40.864598374130324, 40.79661253116604, 0.0, 40.864598374130324, 40.84203988765736, 40.883208250081665, 40.80908768842397, 9.903970269224377, 40.82301799212594, 40.82587747867669, 0.0, 40.87152990676401, 40.82301799212594, 0.0, 40.880881881932055, 40.841123422426094, 40.78951496672919, 40.864141955007604, 0.0, 40.82301799212594, 40.83110800556036, 40.846132491672236, 40.90023341398211, 40.859651248213545, 0.0, 40.7848726144432, 40.850716280239546, 0.0, 40.83110800556036, 40.7848726144432, 0.0, 40.81318029528315, 40.859651248213545, 40.81318029528315, 40.902802173273265, 40.902802173273265, 40.88730086384601, 40.846132491672236, 0.0, 40.87575509516648, 40.850716280239546, 40.87476894370641, 40.7848726144432, 40.851170592105774, 40.86010555313572, 40.876209401421924, 40.789969274684516, 0.0, 0.0, 0.0, 40.81950826956813, 40.903256470251435, 40.90146526941053, 40.851170592105774, 40.887755156157766, 0.0, 40.789969274684516, 40.80754636648498, 40.83648980720494, 40.864596254402315, 40.78532692420399, 40.86010555313572, 40.851170592105774, 40.90282136184984, 0.0, 0.0, 40.903256470251435, 40.80754636648498, 40.851170592105774, 40.78532692420399, 40.83694543588278, 0.0, 40.903712108956505, 40.785782558720406, 40.87821512036326, 40.785782558720406, 40.82369836974757, 40.85162622120026, 40.85603788841319, 40.901143358553746, 40.81996390062363, 40.903712108956505, 40.842033371580804, 40.842033371580804, 40.86505188824654, 0.0, 40.89709214562114, 40.903712108956505, 40.903712108956505, 40.82369836974757, 40.84704244143803, 40.85162622120026, 40.86505188824654, 40.903712108956505, 40.86734311862263, 40.83694543588278
dl_il:81.37648855763668, 67.35906751173592, 76.76713067268807, 67.34741981150462, 67.34956056694035, 67.34956056694035, 67.34956056694035, 81.30790042828917, 80.9541312659982, 79.62583382953633, 79.62583382953633, 79.95817372233672, 67.34956056694035, 67.35906751173592, 71.7004106544816, 67.34956056694035, 67.34956056694035, 81.05674422126734, 81.68921149315779, 71.7004106544816, 67.34956056694035, 67.34956056694035, 81.62925943538322, 80.42987090869026, 75.2088126468206, 67.34956056694035, 80.11773270033072, 71.7004106544816, 67.34956056694035, 77.67332944433606, 67.34956056694035, 81.69873275869843, 67.34401038911564, 80.43926468870788, 67.34401038911564, 68.6442517346152, 80.96356230024057, 67.34401038911564, 68.62888382637412, 67.34401038911564, 67.34401038911564, 67.34401038911564, 78.47265101252543, 80.2831860611872, 68.62888382637412, 67.34401038911564, 67.35906751173592, 67.34401038911564, 80.96356230024057, 79.96749581722074, 67.34401038911564, 79.63510653472032, 67.34401038911564, 67.34401038911564, 67.34401038911564, 67.34401038911564, 80.12708170847735, 73.52686743804331, 81.69873275869843, 71.7237576871425, 81.70644633571645, 76.76857462126893, 67.35472006536037, 67.35472006536037, 67.35472006536037, 73.50570842741803, 75.18651480428043, 73.50570842741803, 69.91586745208645, 81.55911848186945, 81.70644633571645, 67.35472006536037, 67.35472006536037, 67.35472006536037, 80.86014330954013, 67.35472006536037, 76.76857462126893, 67.35472006536037, 67.35472006536037, 67.35906751173592, 81.0738543923522, 67.35472006536037, 80.29079151863131, 81.45205881051231, 67.35472006536037, 71.7237576871425, 81.37648855763668, 81.4266235267884, 81.37648855763668, 81.78530557175812, 67.35906751173592, 81.37648855763668, 81.37648855763668, 81.48365311687785, 81.67415670161202, 81.67415670161202, 81.71519187457464, 81.37648855763668, 81.37648855763668, 81.37648855763668, 81.37648855763668, 81.65396750327749, 81.39185554926493, 81.37648855763668, 81.44608252352747, 81.37648855763668, 81.7506100030675, 81.44608252352747, 81.37648855763668, 81.52491674452075, 81.37648855763668, 42.58970779170933, 67.35906751173592, 67.35906751173592, 81.71393168996156, 69.91586745208645, 67.35906751173592, 81.56659827154593, 73.52686743804331, 67.35620730961669, 67.35620730961669, 71.72287357297317, 81.32947111864453, 67.35906751173592, 67.35620730961669, 67.35620730961669, 80.45117776374201, 68.63156603863675, 81.71089737899672, 67.35620730961669, 67.35620730961669, 81.65092852948835, 67.35620730961669, 67.35620730961669, 0.0, 67.35620730961669, 69.91637408824343, 67.35620730961669, 80.97559648333537, 80.86450680076219, 79.3018871325804, 67.35620730961669, 81.65092852948835, 76.76048972142769, 67.35620730961669, 71.71708986699728, 67.35620730961669, 67.35978229629472, 68.63848115392597, 76.78348432314546, 67.35978229629472, 81.33425390822684, 0.0, 81.33425390822684, 67.35978229629472, 80.86925962874794, 80.45431651249919, 67.35978229629472, 79.30656735438484, 81.18731305250772, 67.35978229629472, 67.35978229629472, 67.35978229629472, 71.72705496409041, 67.35978229629472, 68.63848115392597, 67.35978229629472, 80.97868206986266, 81.33425390822684, 81.46126813158111, 81.08300139092782, 67.35978229629472, 67.35978229629472, 67.35978229629472, 67.34741981150462, 81.63904649527774, 80.6667555866671, 67.34741981150462, 73.52686743804331, 67.34741981150462, 67.34741981150462, 67.34741981150462, 67.34741981150462, 80.59081556843478, 67.34741981150462, 81.17073748173402, 67.34741981150462, 67.34741981150462, 69.90521044616435, 81.33253975323025, 80.127315728357, 81.06645042885363, 81.17073748173402, 67.34741981150462, 67.34741981150462, 67.34741981150462, 69.90521044616435, 80.8527607871393, 71.71012798688986, 67.34741981150462
sinr_ul:0.00194594,0.00194594,0.00583781,0.01556748,0.00778374,0.00389187,0.01945936,0.03113497,0.00389187,0.01556748,0.00778374,0.01362155,0.01556748,0.03891871,0.04281058,0.02918903,0.03502684,0.0272431 ,0.00778374,0.02529716,0.00972968,0.00778374,0.00778374,0.00194594,0.00583781,0.00389187,0.        ,0.        ,0.        ,0.        ,0.        ,0.        ,0.        ,0.        ,0.        ,0.        ,0.        ,0.        ,0.        ,0.00194594
sinr_ul_bin_edges:-14.813388  ,-12.24392992, -9.67447185, -7.10501377, -4.5355557 , -1.96609762,  0.60336045,  3.17281853,  5.7422766 ,  8.31173468, 10.88119275, 13.45065083, 16.0201089 , 18.58956698, 21.15902505, 23.72848313, 26.2979412 , 28.86739928, 31.43685735, 34.00631542, 36.5757735 , 39.14523157, 41.71468965, 44.28414772, 46.8536058 , 49.42306387, 51.99252195, 54.56198002, 57.1314381 , 59.70089617, 62.27035425, 64.83981232, 67.4092704 , 69.97872847, 72.54818655, 75.11764462, 77.6871027 , 80.25656077, 82.82601885, 85.39547692, 87.964935  
sinr_dl:0.00194595,0.00194595,0.00583786,0.01556762,0.00778381,0.00389191,0.01945953,0.03113524,0.00389191,0.01556762,0.00778381,0.01362167,0.01556762,0.03891905,0.04281096,0.02918929,0.03502715,0.02724334,0.00778381,0.02529738,0.00972976,0.00778381,0.00778381,0.00194595,0.00583786,0.00389191,0.        ,0.        ,0.        ,0.        ,0.        ,0.        ,0.        ,0.        ,0.        ,0.        ,0.        ,0.        ,0.        ,0.00194595
sinr_dl_bin_edges: -2.082817  ,  0.48661868,  3.05605435,  5.62549003,  8.1949257 , 10.76436138, 13.33379705, 15.90323273, 18.4726684 , 21.04210408, 23.61153975, 26.18097543, 28.7504111 , 31.31984678, 33.88928245, 36.45871813, 39.0281538 , 41.59758948, 44.16702515, 46.73646083, 49.3058965 , 51.87533218, 54.44476785, 57.01420353, 59.5836392 , 62.15307488, 64.72251055, 67.29194623, 69.8613819 , 72.43081758, 75.00025325, 77.56968893, 80.1391246 , 82.70856027, 85.27799595, 87.84743162, 90.4168673 , 92.98630298, 95.55573865, 98.12517433,100.69461   
rsrp_ul:0.0019462 ,0.0019462 ,0.00583859,0.01556957,0.00778478,0.00389239,0.02140816,0.02919294,0.00389239,0.01556957,0.00778478,0.01362337,0.01946196,0.03697772,0.04476251,0.02919294,0.03308533,0.02530055,0.00778478,0.02530055,0.00973098,0.00778478,0.00778478,0.0019462 ,0.00583859,0.00389239,0.        ,0.        ,0.        ,0.        ,0.        ,0.        ,0.        ,0.        ,0.        ,0.        ,0.        ,0.        ,0.        ,0.0019462 
rsrp_ul_bin_edges:-131.44905   ,-128.87993557,-126.31082115,-123.74170673,-121.1725923 ,-118.60347787,-116.03436345,-113.46524902,-110.8961346 ,-108.32702018,-105.75790575,-103.18879132,-100.6196769 , -98.05056247, -95.48144805, -92.91233363, -90.3432192 , -87.77410477, -85.20499035, -82.63587592, -80.0667615 , -77.49764708, -74.92853265, -72.35941822, -69.7903038 , -67.22118937, -64.65207495, -62.08296053, -59.5138461 , -56.94473167, -54.37561725, -51.80650282, -49.2373884 , -46.66827398, -44.09915955, -41.53004513, -38.9609307 , -36.39181627, -33.82270185, -31.25358743, -28.684473  
rsrp_dl:0.0019462 ,0.0019462 ,0.00583859,0.01556957,0.00778478,0.00389239,0.02140816,0.02919294,0.00389239,0.01556957,0.00778478,0.01362337,0.01946196,0.03697772,0.04476251,0.02919294,0.03308533,0.02530055,0.00778478,0.02530055,0.00973098,0.00778478,0.00778478,0.0019462 ,0.00583859,0.00389239,0.        ,0.        ,0.        ,0.        ,0.        ,0.        ,0.        ,0.        ,0.        ,0.        ,0.        ,0.        ,0.        ,0.0019462 
rsrp_dl_bin_edges:-125.428444  ,-122.85932975,-120.2902155 ,-117.72110125,-115.151987  ,-112.58287275,-110.0137585 ,-107.44464425,-104.87553   ,-102.30641575, -99.7373015 , -97.16818725, -94.599073  , -92.02995875, -89.4608445 , -86.89173025, -84.322616  , -81.75350175, -79.1843875 , -76.61527325, -74.046159  , -71.47704475, -68.9079305 , -66.33881625, -63.769702  , -61.20058775, -58.6314735 , -56.06235925, -53.493245  , -50.92413075, -48.3550165 , -45.78590225, -43.216788  , -40.64767375, -38.0785595 , -35.50944525, -32.940331  , -30.37121675, -27.8021025 , -25.23298825, -22.663874  
cqi_ul:0.37333333,0.        ,0.24      ,0.        ,0.        ,0.14666667,0.        ,0.        ,0.09333333,0.        ,0.04      ,0.        ,0.        ,0.13333333,0.        ,0.        ,0.12      ,0.        ,0.22666667,0.        ,0.        ,0.2       ,0.        ,0.        ,0.14666667,0.        ,0.2       ,0.        ,0.        ,0.08      ,0.        ,0.        ,0.14666667,0.        ,0.06666667,0.        ,0.        ,0.08      ,0.        ,0.37333333
cqi_ul_bin_edges: 0.   , 0.375, 0.75 , 1.125, 1.5  , 1.875, 2.25 , 2.625, 3.   , 3.375, 3.75 , 4.125, 4.5  , 4.875, 5.25 , 5.625, 6.   , 6.375, 6.75 , 7.125, 7.5  , 7.875, 8.25 , 8.625, 9.   , 9.375, 9.75 ,10.125,10.5  ,10.875,11.25 ,11.625,12.   ,12.375,12.75 ,13.125,13.5  ,13.875,14.25 ,14.625,15.   
cqi_dl:0.02666667,0.        ,0.10666667,0.        ,0.        ,0.09333333,0.        ,0.        ,0.12      ,0.        ,0.10666667,0.        ,0.        ,0.14666667,0.        ,0.        ,0.01333333,0.        ,0.06666667,0.        ,0.        ,0.06666667,0.        ,0.        ,0.02666667,0.        ,0.08      ,0.        ,0.        ,0.04      ,0.        ,0.        ,0.09333333,0.        ,0.22666667,0.        ,0.        ,0.16      ,0.        ,1.29333333
cqi_dl_bin_edges: 0.   , 0.375, 0.75 , 1.125, 1.5  , 1.875, 2.25 , 2.625, 3.   , 3.375, 3.75 , 4.125, 4.5  , 4.875, 5.25 , 5.625, 6.   , 6.375, 6.75 , 7.125, 7.5  , 7.875, 8.25 , 8.625, 9.   , 9.375, 9.75 ,10.125,10.5  ,10.875,11.25 ,11.625,12.   ,12.375,12.75 ,13.125,13.5  ,13.875,14.25 ,14.625,15.   
mcs_ul:0.32857143,0.03571429,0.04285714,0.        ,0.02142857,0.02857143,0.        ,0.01428571,0.00714286,0.        ,0.03571429,0.03571429,0.02857143,0.        ,0.03571429,0.05      ,0.        ,0.07142857,0.02857143,0.        ,0.07857143,0.02857143,0.05      ,0.        ,0.07142857,0.03571429,0.        ,0.02142857,0.02142857,0.        ,0.05      ,0.02857143,0.02857143,0.        ,0.00714286,0.00714286,0.        ,0.03571429,0.        ,0.2       
mcs_ul_bin_edges: 0. , 0.7, 1.4, 2.1, 2.8, 3.5, 4.2, 4.9, 5.6, 6.3, 7. , 7.7, 8.4, 9.1, 9.8,10.5,11.2,11.9,12.6,13.3,14. ,14.7,15.4,16.1,16.8,17.5,18.2,18.9,19.6,20.3,21. ,21.7,22.4,23.1,23.8,24.5,25.2,25.9,26.6,27.3,28. 
mcs_dl:0.07142857,0.03571429,0.01428571,0.        ,0.02142857,0.04285714,0.        ,0.02857143,0.02857143,0.        ,0.03571429,0.04285714,0.        ,0.        ,0.00714286,0.00714286,0.        ,0.02857143,0.01428571,0.        ,0.02142857,0.01428571,0.        ,0.        ,0.02142857,0.02142857,0.        ,0.00714286,0.00714286,0.        ,0.04285714,0.01428571,0.05      ,0.        ,0.07142857,0.03571429,0.        ,0.05      ,0.        ,0.69285714
mcs_dl_bin_edges: 0. , 0.7, 1.4, 2.1, 2.8, 3.5, 4.2, 4.9, 5.6, 6.3, 7. , 7.7, 8.4, 9.1, 9.8,10.5,11.2,11.9,12.6,13.3,14. ,14.7,15.4,16.1,16.8,17.5,18.2,18.9,19.6,20.3,21. ,21.7,22.4,23.1,23.8,24.5,25.2,25.9,26.6,27.3,28. 
eff_ul:0.75611304,0.48607267,0.13502019,0.16202422,0.08101211,0.        ,0.10801615,0.05400807,0.        ,0.02700404,0.13502019,0.13502019,0.10801615,0.13502019,0.18902826,0.        ,0.27004037,0.10801615,0.        ,0.29704441,0.        ,0.10801615,0.18902826,0.        ,0.27004037,0.        ,0.13502019,0.08101211,0.08101211,0.18902826,0.        ,0.10801615,0.        ,0.10801615,0.        ,0.02700404,0.        ,0.02700404,0.13502019,0.75611304
eff_ul_bin_edges:0.       ,0.1851575,0.370315 ,0.5554725,0.74063  ,0.9257875,1.110945 ,1.2961025,1.48126  ,1.6664175,1.851575 ,2.0367325,2.22189  ,2.4070475,2.592205 ,2.7773625,2.96252  ,3.1476775,3.332835 ,3.5179925,3.70315  ,3.8883075,4.073465 ,4.2586225,4.44378  ,4.6289375,4.814095 ,4.9992525,5.18441  ,5.3695675,5.554725 ,5.7398825,5.92504  ,6.1101975,6.295355 ,6.4805125,6.66567  ,6.8508275,7.035985 ,7.2211425,7.4063   
eff_dl:0.05400807,0.2160323 ,0.13502019,0.05400807,0.08101211,0.        ,0.16202422,0.10801615,0.        ,0.10801615,0.13502019,0.16202422,0.        ,0.02700404,0.02700404,0.        ,0.10801615,0.05400807,0.        ,0.08101211,0.        ,0.05400807,0.        ,0.        ,0.08101211,0.        ,0.08101211,0.02700404,0.02700404,0.16202422,0.        ,0.05400807,0.        ,0.18902826,0.        ,0.27004037,0.        ,0.13502019,0.18902826,2.6193916 
eff_dl_bin_edges:0.       ,0.1851575,0.370315 ,0.5554725,0.74063  ,0.9257875,1.110945 ,1.2961025,1.48126  ,1.6664175,1.851575 ,2.0367325,2.22189  ,2.4070475,2.592205 ,2.7773625,2.96252  ,3.1476775,3.332835 ,3.5179925,3.70315  ,3.8883075,4.073465 ,4.2586225,4.44378  ,4.6289375,4.814095 ,4.9992525,5.18441  ,5.3695675,5.554725 ,5.7398825,5.92504  ,6.1101975,6.295355 ,6.4805125,6.66567  ,6.8508275,7.035985 ,7.2211425,7.4063   
rul:1.44208559e+01,2.93277019e+00,0.00000000e+00,1.45331975e-05,9.68879835e-06,9.68879835e-06,1.27892138e-03,4.94128716e-04,0.00000000e+00,0.00000000e+00,1.39518696e-03,1.25954379e-03,4.83955477e-03,6.13785375e-03,6.01674377e-03,0.00000000e+00,5.08661913e-04,5.31430589e-03,2.56510936e-02,1.17718900e-03,1.82149409e-03,2.98511877e-02,9.68879835e-06,1.32736537e-03,0.00000000e+00,9.68879835e-06,4.84439917e-06,2.42219959e-05,0.00000000e+00,0.00000000e+00,0.00000000e+00,0.00000000e+00,9.68879835e-06,9.68879835e-06,0.00000000e+00,0.00000000e+00,0.00000000e+00,0.00000000e+00,0.00000000e+00,4.84439917e-06
rul_bin_edges:0.       ,0.0573368,0.1146736,0.1720104,0.2293472,0.286684 ,0.3440208,0.4013576,0.4586944,0.5160312,0.573368 ,0.6307048,0.6880416,0.7453784,0.8027152,0.860052 ,0.9173888,0.9747256,1.0320624,1.0893992,1.146736 ,1.2040728,1.2614096,1.3187464,1.3760832,1.43342  ,1.4907568,1.5480936,1.6054304,1.6627672,1.720104 ,1.7774408,1.8347776,1.8921144,1.9494512,2.006788 ,2.0641248,2.1214616,2.1787984,2.2361352,2.293472 
rdl:2.11832013e+01,1.39558416e+01,3.61838832e+00,4.65340084e+00,3.10124547e+00,2.58416582e+00,1.03406450e+00,2.58410262e+00,1.03346409e+00,3.61857793e+00,7.23579703e+00,5.68591690e+00,4.28955853e+01,1.03460171e-01,6.63611357e-04,1.89603245e-04,2.21203786e-04,2.21203786e-04,5.05608653e-04,1.89603245e-04,4.42407571e-04,1.26402163e-03,3.79206489e-04,8.21614061e-04,6.26954729e-02,0.00000000e+00,4.13208671e-01,6.32010816e-05,0.00000000e+00,0.00000000e+00,0.00000000e+00,0.00000000e+00,0.00000000e+00,0.00000000e+00,0.00000000e+00,0.00000000e+00,0.00000000e+00,0.00000000e+00,1.58002704e-04,3.16005408e-05
rdl_bin_edges:0.        ,0.0087898 ,0.01757959,0.02636939,0.03515919,0.04394899,0.05273878,0.06152858,0.07031838,0.07910818,0.08789797,0.09668777,0.10547757,0.11426736,0.12305716,0.13184696,0.14063676,0.14942655,0.15821635,0.16700615,0.17579595,0.18458574,0.19337554,0.20216534,0.21095513,0.21974493,0.22853473,0.23732453,0.24611432,0.25490412,0.26369392,0.27248371,0.28127351,0.29006331,0.29885311,0.3076429 ,0.3164327 ,0.3252225 ,0.3340123 ,0.34280209,0.35159189
lul:1.92699180e+03,0.00000000e+00,0.00000000e+00,0.00000000e+00,0.00000000e+00,0.00000000e+00,0.00000000e+00,0.00000000e+00,0.00000000e+00,9.95322886e+02,1.05959028e+01,9.20930028e+00,2.32499086e+02,1.12446315e+00,5.83414557e-01,8.51732295e-01,9.26755347e-02,5.29574484e-02,9.44407830e-02,5.38400726e-02,0.00000000e+00,1.85351069e-02,2.03003552e-02,1.76524828e-02,8.82624140e-04,1.94177311e-02,0.00000000e+00,0.00000000e+00,0.00000000e+00,0.00000000e+00,0.00000000e+00,0.00000000e+00,0.00000000e+00,2.11829794e-02,0.00000000e+00,1.67698587e-02,0.00000000e+00,1.85351069e-02,0.00000000e+00,1.76524828e-02
lul_bin_edges:0.        ,0.0003147 ,0.0006294 ,0.0009441 ,0.0012588 ,0.0015735 ,0.0018882 ,0.0022029 ,0.0025176 ,0.00283231,0.00314701,0.00346171,0.00377641,0.00409111,0.00440581,0.00472051,0.00503521,0.00534991,0.00566461,0.00597931,0.00629401,0.00660871,0.00692341,0.00723811,0.00755281,0.00786752,0.00818222,0.00849692,0.00881162,0.00912632,0.00944102,0.00975572,0.01007042,0.01038512,0.01069982,0.01101452,0.01132922,0.01164392,0.01195862,0.01227332,0.01258802
ldl:3.78605072e+02,0.00000000e+00,0.00000000e+00,0.00000000e+00,0.00000000e+00,0.00000000e+00,0.00000000e+00,0.00000000e+00,0.00000000e+00,0.00000000e+00,0.00000000e+00,2.71451060e+03,1.94033059e+01,1.58315898e+01,2.31445522e+01,6.32224297e+02,2.13860717e+00,1.19829392e+00,2.07437525e+00,3.88550490e-01,3.13788743e-01,2.06384542e-01,3.63278914e-01,5.37021003e-02,5.15961355e-02,5.05431532e-02,7.89736769e-02,2.52715766e-02,2.63245590e-02,2.63245590e-02,5.05431532e-02,0.00000000e+00,5.15961355e-02,2.52715766e-02,0.00000000e+00,0.00000000e+00,2.63245590e-02,0.00000000e+00,5.15961355e-02,2.63245590e-02
ldl_bin_edges:0.        ,0.00026379,0.00052757,0.00079136,0.00105515,0.00131893,0.00158272,0.0018465 ,0.00211029,0.00237408,0.00263786,0.00290165,0.00316544,0.00342922,0.00369301,0.00395679,0.00422058,0.00448437,0.00474815,0.00501194,0.00527573,0.00553951,0.0058033 ,0.00606709,0.00633087,0.00659466,0.00685844,0.00712223,0.00738602,0.0076498 ,0.00791359,0.00817738,0.00844116,0.00870495,0.00896874,0.00923252,0.00949631,0.00976009,0.01002388,0.01028767,0.01055145
ilul:0.13696304,0.00219025,0.00321524,0.00216154,0.00216129,0.00216185,0.00216185,0.00216253,0.00216234,0.00216135,0.00216191,0.00216043,0.00216327,0.00216098,0.00216234,0.00216142,0.00216117,0.00216166,0.00216296,0.00216154,0.00216247,0.00216173,0.00216092,0.00216216,0.00216265,0.00216185,0.00216061,0.0021624 ,0.00216339,0.00216111,0.00216456,0.00215993,0.00216413,0.00216129,0.0021624 ,0.00216253,0.00216358,0.0021621 ,0.00216154,0.0020466 
ilul_bin_edges:  0.    ,  4.4995,  8.999 , 13.4985, 17.998 , 22.4975, 26.997 , 31.4965, 35.996 , 40.4955, 44.995 , 49.4945, 53.994 , 58.4935, 62.993 , 67.4925, 71.992 , 76.4915, 80.991 , 85.4905, 89.99  , 94.4895, 98.989 ,103.4885,107.988 ,112.4875,116.987 ,121.4865,125.986 ,130.4855,134.985 ,139.4845,143.984 ,148.4835,152.983 ,157.4825,161.982 ,166.4815,170.981 ,175.4805,179.98  
ildl:0.0273081 ,0.00512262,0.00511583,0.00513324,0.00512503,0.00516898,0.00517967,0.00514744,0.00513984,0.00514972,0.005107  ,0.00587965,0.00514096,0.00514571,0.00517615,0.0051583 ,0.00517127,0.00514201,0.00515046,0.00513077,0.00512608,0.00513237,0.00514559,0.0265612 ,0.01472264,0.00441011,0.00297569,0.00477281,0.0036495 ,0.00227553,0.00267145,0.00279079,0.0023919 ,0.00221515,0.00216644,0.00204055,0.00212075,0.0020032 ,0.00198042,0.00132298
ildl_bin_edges:  0.        ,  4.49907575,  8.9981515 , 13.49722725, 17.996303  , 22.49537875, 26.9944545 , 31.49353025, 35.992606  , 40.49168175, 44.9907575 , 49.48983325, 53.988909  , 58.48798475, 62.9870605 , 67.48613625, 71.985212  , 76.48428775, 80.9833635 , 85.48243925, 89.981515  , 94.48059075, 98.9796665 ,103.47874225,107.977818  ,112.47689375,116.9759695 ,121.47504525,125.974121  ,130.47319675,134.9722725 ,139.47134825,143.970424  ,148.46949975,152.9685755 ,157.46765125,161.966727  ,166.46580275,170.9648785 ,175.46395425,179.96303   
eul:1.98092155e-01,4.68178836e-04,3.88252552e-04,5.52217966e-04,3.86744509e-04,5.50709923e-04,6.89586983e-04,1.42702006e-03,7.03913393e-03,1.39092299e-02,2.76499703e-02,4.59545975e-02,5.82295200e-02,4.86101243e-02,3.18582331e-02,1.70297824e-02,7.58518262e-03,3.80726046e-03,3.71979396e-03,3.17443073e-03,3.41928210e-03,4.81847191e-03,4.05197473e-03,2.95727253e-03,1.89040058e-03,1.14775790e-03,5.47830931e-04,4.38292164e-04,5.20000681e-04,4.10187724e-04,4.38155069e-04,4.38703449e-04,4.37469595e-04,3.55623983e-04,1.64513793e-04,2.46496500e-04,5.47008362e-05,2.74189655e-05,5.47008362e-05,2.74189655e-05
eul_bin_edges: 0.     , 2.02606, 4.05212, 6.07818, 8.10424,10.1303 ,12.15636,14.18242,16.20848,18.23454,20.2606 ,22.28666,24.31272,26.33878,28.36484,30.3909 ,32.41696,34.44302,36.46908,38.49514,40.5212 ,42.54726,44.57332,46.59938,48.62544,50.6515 ,52.67756,54.70362,56.72968,58.75574,60.7818 ,62.80786,64.83392,66.85998,68.88604,70.9121 ,72.93816,74.96422,76.99028,79.01634,81.0424 
edl:6.95212956e-01,1.58105785e-02,4.58929728e-02,7.57980719e-02,1.31089450e-01,1.84233440e-01,1.84861912e-01,1.28836655e-01,5.90295705e-02,2.81008347e-02,1.44402902e-02,8.64335736e-03,3.37389957e-03,1.73987370e-03,7.01682905e-04,1.11581254e-03,8.65306008e-04,5.79516868e-04,4.28683710e-04,8.54280193e-04,6.91980187e-04,8.63100845e-04,3.48856806e-04,5.23064692e-04,5.21300561e-04,6.14799478e-04,2.61091313e-04,3.34302729e-04,3.37830990e-04,3.38713055e-04,2.52270661e-04,5.84368227e-04,0.00000000e+00,2.63296476e-04,8.60013617e-05,0.00000000e+00,0.00000000e+00,0.00000000e+00,0.00000000e+00,1.75530984e-04
edl_bin_edges: 0.    , 0.6298, 1.2596, 1.8894, 2.5192, 3.149 , 3.7788, 4.4086, 5.0384, 5.6682, 6.298 , 6.9278, 7.5576, 8.1874, 8.8172, 9.447 ,10.0768,10.7066,11.3364,11.9662,12.596 ,13.2258,13.8556,14.4854,15.1152,15.745 ,16.3748,17.0046,17.6344,18.2642,18.894 ,19.5238,20.1536,20.7834,21.4132,22.043 ,22.6728,23.3026,23.9324,24.5622,25.192 
gul:5.35564266e-01,3.43255513e-06,4.02952124e-06,2.68634750e-06,2.98483055e-06,5.22345347e-06,3.28331361e-06,5.07421194e-06,8.05904249e-06,4.77572888e-05,2.34458440e-04,2.27294846e-04,1.64613405e-04,2.12072211e-04,2.30428919e-04,2.41472792e-04,5.89504034e-05,1.04170586e-04,3.58179666e-05,5.22345347e-06,6.41738569e-06,6.41738569e-06,3.82058311e-05,5.96966110e-06,6.56662721e-05,4.32800430e-06,1.04469069e-06,4.02952124e-06,5.96966110e-07,2.98483055e-07,5.96966110e-07,7.46207638e-07,1.19393222e-06,1.49241528e-07,1.49241528e-07,1.04469069e-06,8.95449165e-07,0.00000000e+00,1.49241528e-07,1.49241528e-07
gul_bin_edges: 0.       , 1.8611599, 3.7223198, 5.5834797, 7.4446396, 9.3057995,11.1669594,13.0281193,14.8892792,16.7504391,18.611599 ,20.4727589,22.3339188,24.1950787,26.0562386,27.9173985,29.7785584,31.6397183,33.5008782,35.3620381,37.223198 ,39.0843579,40.9455178,42.8066777,44.6678376,46.5289975,48.3901574,50.2513173,52.1124772,53.9736371,55.834797 ,57.6959569,59.5571168,61.4182767,63.2794366,65.1405965,67.0017564,68.8629163,70.7240762,72.5852361,74.446396 
gdl:1.53900645e+00,1.46729163e-03,2.93768348e-03,6.01620570e-03,1.20425978e-02,1.23446482e-02,1.04960291e-02,5.92585632e-03,1.85304804e-03,9.24752466e-04,4.82306243e-04,2.60418798e-04,6.77620341e-05,2.65733467e-05,1.80698758e-04,2.96735705e-05,1.06293387e-04,3.98600201e-05,1.24008951e-05,2.43589012e-05,1.63868971e-05,1.55011189e-05,9.52211591e-05,5.31466934e-06,7.97200402e-06,2.65733467e-06,3.54311290e-06,1.86013427e-05,1.50582298e-05,7.08622579e-06,1.94871209e-05,1.86013427e-05,1.46153407e-05,1.32866734e-06,2.21444556e-06,0.00000000e+00,0.00000000e+00,0.00000000e+00,0.00000000e+00,8.85778224e-07
gdl_bin_edges: 0.        , 0.62716003, 1.25432005, 1.88148008, 2.5086401 , 3.13580013, 3.76296015, 4.39012017, 5.0172802 , 5.64444023, 6.27160025, 6.89876027, 7.5259203 , 8.15308032, 8.78024035, 9.40740037,10.0345604 ,10.66172043,11.28888045,11.91604048,12.5432005 ,13.17036052,13.79752055,14.42468058,15.0518406 ,15.67900063,16.30616065,16.93332068,17.5604807 ,18.18764073,18.81480075,19.44196078,20.0691208 ,20.69628082,21.32344085,21.95060087,22.5777609 ,23.20492092,23.83208095,24.45924098,25.086401  
ri: 0., 0., 0., 0., 0., 0., 0., 0., 0., 0., 0., 0., 0., 0., 0., 0., 0., 0., 0., 0.,40., 0., 0., 0., 0., 0., 0., 0., 0., 0., 0., 0., 0., 0., 0., 0., 0., 0., 0., 0.
ri_bin_edges:0.5  ,0.525,0.55 ,0.575,0.6  ,0.625,0.65 ,0.675,0.7  ,0.725,0.75 ,0.775,0.8  ,0.825,0.85 ,0.875,0.9  ,0.925,0.95 ,0.975,1.   ,1.025,1.05 ,1.075,1.1  ,1.125,1.15 ,1.175,1.2  ,1.225,1.25 ,1.275,1.3  ,1.325,1.35 ,1.375,1.4  ,1.425,1.45 ,1.475,1.5  
