period:1
ue_log_freq:1000
mac_log_freq:1000
mimo_layers:2
frequency:2412000000.0
bandwidth:50000000
ue_speed:5.555555555555555
max_distance:1000
shannon_cfg_bandwidth_mhz:50.0
shannon_cfg_mimo_layers:2
shannon_cfg_bw_efficiency:0.67
shannon_cfg_sinr_offset_db:0
shannon_cfg_ul_divisor:2
shannon_cfg_sinr_sample_rate:1000
n_ue:15
sinr_period:9.463597741343282
sinr_rate:105.66805852612856
ul_fairness:nan
dl_fairness:0.8069355898206242
ul_agg_throughput:0
dl_agg_throughput:53.09621081876371
ul_ave_throughput:0.0
dl_ave_throughput:3.5397473879175805
ul_se:0.0
dl_se:1.0619242163752742
ul_ase:0.0
dl_ase:3.3802097645022464e-07
ul_gr:0.0, 0.0, 0.0, 0.0, 0.0, 0.0, 0.0, 0.0, 0.0, 0.0, 0.0, 0.0, 0.0, 0.0, 0.0
dl_gr:2.662082379176208, 2.6609613903860967, 2.662255377446225, 2.629574704252958, 2.663947360526395, 2.5703142968570316, 2.663821361786382, 2.660234397656023, 2.6622643773562267, 2.606332936670633, 2.6622703772962266, 2.661351386486136, 2.6633663663363367, 2.657327426725733, 2.648343516564834
ul_tr:0.0, 0.0, 0.0, 0.0, 0.0, 0.0, 0.0, 0.0, 0.0, 0.0, 0.0, 0.0, 0.0, 0.0, 0.0
dl_tr:2.5548243164568354, 2.5544230538694612, 2.5556268361316383, 2.5222758053149468, 2.5572318775812244, 2.406973167332327, 2.556830620093799, 2.5532192734072656, 2.5556268364316357, 2.4995977208627913, 2.5556268368316317, 2.5544230562694374, 2.556429355806442, 2.550731318786812, 2.5415707390026103
ul_er:0.0, 0.0, 0.0, 0.0, 0.0, 0.0, 0.0, 0.0, 0.0, 0.0, 0.0, 0.0, 0.0, 0.0, 0.0
dl_er:97.33577964220359, 97.3369006309937, 97.33560664393356, 97.36882631173688, 97.3339146608534, 97.48386255137449, 97.33404065959343, 97.33762762372378, 97.33559764402358, 97.39152908470916, 97.33559164408356, 97.33651063489366, 97.33449565504345, 97.34053459465405, 97.34972640273598
ul_er_ratio:0.0, 0.0, 0.0, 0.0, 0.0, 0.0, 0.0, 0.0, 0.0, 0.0, 0.0, 0.0, 0.0, 0.0, 0.0
dl_er_ratio:0.9744237774604492, 0.9744279787308842, 0.9744159047085783, 0.9747497449536661, 0.9743998145361431, 0.9759039640622251, 0.9744037609509395, 0.9744399076320115, 0.9744159024005989, 0.9749767792115509, 0.974415900859995, 0.9744278788686964, 0.9744077917435566, 0.9744649214777485, 0.9745566349449212
ul_er_perc:0.0, 0.0, 0.0, 0.0, 0.0, 0.0, 0.0, 0.0, 0.0, 0.0, 0.0, 0.0, 0.0, 0.0, 0.0
dl_er_perc:97.44237774604491, 97.44279787308841, 97.44159047085783, 97.47497449536661, 97.43998145361431, 97.59039640622251, 97.44037609509395, 97.44399076320114, 97.4415902400599, 97.49767792115509, 97.4415900859995, 97.44278788686964, 97.44077917435567, 97.44649214777485, 97.45566349449211
ul_l:0.0, 0.0, 0.0, 0.0, 0.0, 0.0, 0.0, 0.0, 0.0, 0.0, 0.0, 0.0, 0.0, 0.0, 0.0
dl_l:0.00018364924168358314, 0.0001840091636183638, 0.00018405818221217787, 0.012872969554804454, 0.00018447621992980073, 0.11553085848570714, 0.0001825782849901501, 0.00018411526362736372, 0.0001837615331806682, 0.00046597511310086893, 0.00018338149643603563, 0.00018399096189638105, 0.00018467075424645753, 0.00037027313596964034, 0.013480269109278905
ul_il:0.0, 0.0, 0.0, 0.0, 0.0, 0.0, 0.0, 0.0, 0.0, 0.0, 0.0, 0.0, 0.0, 0.0, 0.0
dl_il:0.23255453178215216, 0.2328276760774392, 0.23219620326087742, 0.24792163411509888, 0.23240346408539414, 0.4129248003809252, 0.23113208322120876, 0.23265984428180717, 0.23234058587358125, 0.2314536094703653, 0.23208720411314887, 0.23231072443242567, 0.23301266614208857, 0.23319841351426485, 0.24671526933526663
sinr_ul:6.60956539e-04,5.75022605e-04,6.24218983e-04,1.82569677e-03,4.17338628e-03,2.46237458e-03,1.64903705e-03,2.30296553e-03,2.16016825e-03,1.40363018e-02,3.24651374e-02,6.61160991e-02,7.68536879e-02,6.47021824e-02,5.01374987e-02,2.41279485e-02,3.06879980e-02,2.23846716e-02,2.19796002e-02,1.66842809e-02,1.27405842e-02,1.25894810e-02,6.19810477e-03,3.07413474e-03,3.78173200e-03,2.44863793e-03,1.90715831e-04,1.52061533e-04,1.42158366e-04,1.34491398e-04,1.29060629e-04,1.24268774e-04,1.14046150e-04,6.45303145e-05,6.32524865e-05,6.32524865e-05,6.22941155e-05,6.22941155e-05,9.83927568e-05,3.47569219e-04
sinr_ul_bin_edges:-5.4475245 ,-3.36067089,-1.27381728, 0.81303634, 2.89988995, 4.98674356, 7.07359717, 9.16045079,11.2473044 ,13.33415801,15.42101162,17.50786524,19.59471885,21.68157246,23.76842607,25.85527969,27.9421333 ,30.02898691,32.11584052,34.20269414,36.28954775,38.37640136,40.46325497,42.55010859,44.6369622 ,46.72381581,48.81066942,50.89752304,52.98437665,55.07123026,57.15808387,59.24493749,61.3317911 ,63.41864471,65.50549832,67.59235194,69.67920555,71.76605916,73.85291277,75.93976639,78.02662   
sinr_dl:6.60623054e-04,5.75329845e-04,6.23886279e-04,1.56338937e-03,3.78772125e-03,2.80700908e-03,1.86526983e-03,2.30834729e-03,2.12562176e-03,1.40535735e-02,3.24612535e-02,5.97914976e-02,7.90968327e-02,6.85287805e-02,5.04923017e-02,2.41287140e-02,3.06806380e-02,2.23848352e-02,2.19800918e-02,1.66816905e-02,1.27403137e-02,1.25920887e-02,6.19861206e-03,3.07406946e-03,3.78133225e-03,2.44794703e-03,1.90392331e-04,1.52377755e-04,1.42155348e-04,1.34488542e-04,1.28738438e-04,1.24585586e-04,1.14043728e-04,6.45289443e-05,6.32511434e-05,6.32511434e-05,6.22927928e-05,6.22927928e-05,9.83906676e-05,3.47561839e-04
sinr_dl_bin_edges: 4.294408  , 6.38130592, 8.46820385,10.55510177,12.6419997 ,14.72889762,16.81579555,18.90269347,20.9895914 ,23.07648932,25.16338725,27.25028517,29.3371831 ,31.42408102,33.51097895,35.59787687,37.6847748 ,39.77167272,41.85857065,43.94546857,46.0323665 ,48.11926442,50.20616235,52.29306027,54.3799582 ,56.46685612,58.55375405,60.64065197,62.7275499 ,64.81444782,66.90134575,68.98824367,71.0751416 ,73.16203952,75.24893745,77.33583537,79.4227333 ,81.50963122,83.59652915,85.68342707,87.770325  
rsrp_ul:6.45492868e-04,5.79223116e-04,6.27332407e-04,1.82719723e-03,4.18646411e-03,2.43923662e-03,1.64718565e-03,2.27324364e-03,2.17160878e-03,1.47513918e-02,3.20771086e-02,6.70509699e-02,7.53442470e-02,6.50507704e-02,4.97456438e-02,2.48116498e-02,2.91669744e-02,2.22589900e-02,2.19416598e-02,1.65084960e-02,1.30372992e-02,1.25931644e-02,6.25293338e-03,3.06210857e-03,3.81560838e-03,2.29012968e-03,1.96897627e-04,1.52930196e-04,1.41779036e-04,1.35088340e-04,1.28716248e-04,1.24255784e-04,1.15334856e-04,6.43581241e-05,6.34023103e-05,6.30837058e-05,6.21278920e-05,6.24464966e-05,9.81302089e-05,3.46960382e-04
rsrp_ul_bin_edges:-116.21336 ,-114.120923,-112.028486,-109.936049,-107.843612,-105.751175,-103.658738,-101.566301, -99.473864, -97.381427, -95.28899 , -93.196553, -91.104116, -89.011679, -86.919242, -84.826805, -82.734368, -80.641931, -78.549494, -76.457057, -74.36462 , -72.272183, -70.179746, -68.087309, -65.994872, -63.902435, -61.809998, -59.717561, -57.625124, -55.532687, -53.44025 , -51.347813, -49.255376, -47.162939, -45.070502, -42.978065, -40.885628, -38.793191, -36.700754, -34.608317, -32.51588 
rsrp_dl:6.45492837e-04,5.79223089e-04,6.27332377e-04,1.56020653e-03,3.73946171e-03,2.63549691e-03,2.05308778e-03,2.28280167e-03,2.12795985e-03,1.47670027e-02,3.20015977e-02,5.91693271e-02,7.84812239e-02,6.95354451e-02,5.02114413e-02,2.48113301e-02,2.91672916e-02,2.22589889e-02,2.19416588e-02,1.65084952e-02,1.30372986e-02,1.25931638e-02,6.25293308e-03,3.06210842e-03,3.81560820e-03,2.29012957e-03,1.96897618e-04,1.52930188e-04,1.41779029e-04,1.35088333e-04,1.28716242e-04,1.24255778e-04,1.15334850e-04,6.43581210e-05,6.34023073e-05,6.30837027e-05,6.21278891e-05,6.24464936e-05,9.81302043e-05,3.46960365e-04
rsrp_dl_bin_edges:-113.203064 ,-111.1106269,-109.0181898,-106.9257527,-104.8333156,-102.7408785,-100.6484414, -98.5560043, -96.4635672, -94.3711301, -92.278693 , -90.1862559, -88.0938188, -86.0013817, -83.9089446, -81.8165075, -79.7240704, -77.6316333, -75.5391962, -73.4467591, -71.354322 , -69.2618849, -67.1694478, -65.0770107, -62.9845736, -60.8921365, -58.7996994, -56.7072623, -54.6148252, -52.5223881, -50.429951 , -48.3375139, -46.2450768, -44.1526397, -42.0602026, -39.9677655, -37.8753284, -35.7828913, -33.6904542, -31.5980171, -29.50558  
cqi_ul:6.91275139e-04,0.00000000e+00,0.00000000e+00,5.10148745e-03,0.00000000e+00,0.00000000e+00,3.82970529e-03,0.00000000e+00,0.00000000e+00,4.20508615e-03,0.00000000e+00,0.00000000e+00,9.96913108e-03,0.00000000e+00,0.00000000e+00,2.44059098e-02,0.00000000e+00,0.00000000e+00,1.63013754e-02,0.00000000e+00,0.00000000e+00,6.21121994e-03,0.00000000e+00,0.00000000e+00,1.04039985e-02,0.00000000e+00,0.00000000e+00,1.45824183e-02,0.00000000e+00,0.00000000e+00,1.39711423e-02,0.00000000e+00,0.00000000e+00,1.05584585e-01,0.00000000e+00,0.00000000e+00,1.48954408e-01,0.00000000e+00,0.00000000e+00,2.71271133e+00
cqi_ul_bin_edges: 2.   , 2.325, 2.65 , 2.975, 3.3  , 3.625, 3.95 , 4.275, 4.6  , 4.925, 5.25 , 5.575, 5.9  , 6.225, 6.55 , 6.875, 7.2  , 7.525, 7.85 , 8.175, 8.5  , 8.825, 9.15 , 9.475, 9.8  ,10.125,10.45 ,10.775,11.1  ,11.425,11.75 ,12.075,12.4  ,12.725,13.05 ,13.375,13.7  ,14.025,14.35 ,14.675,15.   
cqi_dl:9.89990100e-04,0.00000000e+00,0.00000000e+00,0.00000000e+00,0.00000000e+00,6.90326430e-03,0.00000000e+00,0.00000000e+00,0.00000000e+00,0.00000000e+00,3.38996610e-03,0.00000000e+00,0.00000000e+00,0.00000000e+00,0.00000000e+00,6.16327170e-03,0.00000000e+00,0.00000000e+00,0.00000000e+00,0.00000000e+00,1.11698883e-02,0.00000000e+00,0.00000000e+00,0.00000000e+00,0.00000000e+00,1.98631347e-02,0.00000000e+00,0.00000000e+00,0.00000000e+00,0.00000000e+00,4.23595764e-02,0.00000000e+00,0.00000000e+00,0.00000000e+00,0.00000000e+00,1.74764919e-02,0.00000000e+00,0.00000000e+00,0.00000000e+00,4.89168442e+00
cqi_dl_bin_edges: 7. , 7.2, 7.4, 7.6, 7.8, 8. , 8.2, 8.4, 8.6, 8.8, 9. , 9.2, 9.4, 9.6, 9.8,10. ,10.2,10.4,10.6,10.8,11. ,11.2,11.4,11.6,11.8,12. ,12.2,12.4,12.6,12.8,13. ,13.2,13.4,13.6,13.8,14. ,14.2,14.4,14.6,14.8,15. 
mcs_ul:3.32836178e-04,1.58220640e-03,8.74065333e-04,0.00000000e+00,9.83693867e-04,8.60238311e-04,0.00000000e+00,8.80978845e-04,1.14369227e-03,0.00000000e+00,2.09084329e-03,3.45675556e-05,0.00000000e+00,2.67454116e-03,3.04293253e-03,0.00000000e+00,8.70806107e-03,4.03946578e-03,0.00000000e+00,3.80934462e-03,1.55257707e-03,0.00000000e+00,0.00000000e+00,1.43801031e-03,0.00000000e+00,2.47898756e-03,2.53034507e-03,0.00000000e+00,3.57230996e-03,3.44885440e-03,0.00000000e+00,3.16638809e-03,3.56045822e-03,0.00000000e+00,1.42675116e-02,3.65695108e-02,0.00000000e+00,3.78840656e-02,3.38199087e-02,1.30613509e+00
mcs_ul_bin_edges: 1.   , 1.675, 2.35 , 3.025, 3.7  , 4.375, 5.05 , 5.725, 6.4  , 7.075, 7.75 , 8.425, 9.1  , 9.775,10.45 ,11.125,11.8  ,12.475,13.15 ,13.825,14.5  ,15.175,15.85 ,16.525,17.2  ,17.875,18.55 ,19.225,19.9  ,20.575,21.25 ,21.925,22.6  ,23.275,23.95 ,24.625,25.3  ,25.975,26.65 ,27.325,28.   
mcs_dl:4.94995050e-04,0.00000000e+00,2.17997820e-03,0.00000000e+00,0.00000000e+00,1.27165395e-03,0.00000000e+00,8.38324950e-04,0.00000000e+00,0.00000000e+00,0.00000000e+00,0.00000000e+00,8.56658100e-04,0.00000000e+00,0.00000000e+00,1.54165125e-03,0.00000000e+00,1.53998460e-03,0.00000000e+00,0.00000000e+00,1.86164805e-03,0.00000000e+00,3.72329610e-03,0.00000000e+00,0.00000000e+00,4.63995360e-03,0.00000000e+00,5.29161375e-03,0.00000000e+00,0.00000000e+00,1.36298637e-02,0.00000000e+00,7.54992450e-03,0.00000000e+00,0.00000000e+00,3.48496515e-03,0.00000000e+00,5.24828085e-03,0.00000000e+00,2.44584721e+00
mcs_dl_bin_edges:12. ,12.4,12.8,13.2,13.6,14. ,14.4,14.8,15.2,15.6,16. ,16.4,16.8,17.2,17.6,18. ,18.4,18.8,19.2,19.6,20. ,20.4,20.8,21.2,21.6,22. ,22.4,22.8,23.2,23.6,24. ,24.4,24.8,25.2,25.6,26. ,26.4,26.8,27.2,27.6,28. 
eff_ul:9.85254837e-03,4.49690836e-03,5.06092737e-03,4.42577083e-03,4.53247713e-03,5.88409026e-03,1.07570113e-02,1.39378753e-02,1.56553386e-02,0.00000000e+00,4.48014023e-02,0.00000000e+00,2.07823222e-02,0.00000000e+00,1.95983904e-02,0.00000000e+00,7.98772875e-03,7.39830347e-03,1.27539435e-02,0.00000000e+00,1.30181686e-02,0.00000000e+00,1.83788899e-02,0.00000000e+00,0.00000000e+00,1.77437333e-02,0.00000000e+00,1.62904951e-02,0.00000000e+00,1.83179148e-02,0.00000000e+00,0.00000000e+00,7.34037719e-02,0.00000000e+00,1.88143532e-01,0.00000000e+00,1.94906679e-01,0.00000000e+00,1.73997325e-01,6.71982924e+00
eff_ul_bin_edges:0.30659986,0.4377998 ,0.56899974,0.70019968,0.83139961,0.96259955,1.09379949,1.22499943,1.35619937,1.48739931,1.61859924,1.74979918,1.88099912,2.01219906,2.143399  ,2.27459894,2.40579888,2.53699881,2.66819875,2.79939869,2.93059863,3.06179857,3.19299851,3.32419845,3.45539838,3.58659832,3.71779826,3.8489982 ,3.98019814,4.11139808,4.24259801,4.37379795,4.50499789,4.63619783,4.76739777,4.89859771,5.02979765,5.16099758,5.29219752,5.42339746,5.5545974 
eff_dl:2.05216622e-03,0.00000000e+00,9.03782297e-03,0.00000000e+00,5.27206340e-03,0.00000000e+00,0.00000000e+00,3.47555425e-03,0.00000000e+00,3.55156040e-03,6.39142679e-03,0.00000000e+00,0.00000000e+00,6.38451714e-03,0.00000000e+00,0.00000000e+00,7.71807971e-03,0.00000000e+00,0.00000000e+00,1.54361594e-02,0.00000000e+00,0.00000000e+00,1.92364672e-02,0.00000000e+00,0.00000000e+00,0.00000000e+00,2.19381406e-02,0.00000000e+00,0.00000000e+00,5.65071225e-02,0.00000000e+00,0.00000000e+00,3.13007172e-02,0.00000000e+00,0.00000000e+00,1.44480794e-02,0.00000000e+00,2.17584897e-02,0.00000000e+00,1.01400712e+01
eff_dl_bin_edges:1.6952995 ,1.79178195,1.88826439,1.98474684,2.08122929,2.17771174,2.27419418,2.37067663,2.46715908,2.56364153,2.66012397,2.75660642,2.85308887,2.94957132,3.04605376,3.14253621,3.23901866,3.33550111,3.43198355,3.528466  ,3.62494845,3.7214309 ,3.81791334,3.91439579,4.01087824,4.10736069,4.20384313,4.30032558,4.39680803,4.49329048,4.58977293,4.68625537,4.78273782,4.87922027,4.97570271,5.07218516,5.16866761,5.26515006,5.3616325 ,5.45811495,5.5545974 
rul: 0., 0., 0., 0., 0., 0., 0., 0., 0., 0., 0., 0., 0., 0., 0., 0., 0., 0., 0., 0.,40., 0., 0., 0., 0., 0., 0., 0., 0., 0., 0., 0., 0., 0., 0., 0., 0., 0., 0., 0.
rul_bin_edges:-0.5  ,-0.475,-0.45 ,-0.425,-0.4  ,-0.375,-0.35 ,-0.325,-0.3  ,-0.275,-0.25 ,-0.225,-0.2  ,-0.175,-0.15 ,-0.125,-0.1  ,-0.075,-0.05 ,-0.025, 0.   , 0.025, 0.05 , 0.075, 0.1  , 0.125, 0.15 , 0.175, 0.2  , 0.225, 0.25 , 0.275, 0.3  , 0.325, 0.35 , 0.375, 0.4  , 0.425, 0.45 , 0.475, 0.5  
rdl:3.13154246e-01,1.02785082e-04,1.08323071e-04,8.79432707e-05,4.40823951e-05,2.21519574e-05,1.57278897e-05,3.54431318e-06,2.21519574e-07,2.21519574e-07,1.44209242e-04,6.75634699e-05,5.69305304e-05,1.62477962e-02,0.00000000e+00,2.21519574e-07,0.00000000e+00,0.00000000e+00,0.00000000e+00,0.00000000e+00,0.00000000e+00,0.00000000e+00,0.00000000e+00,2.21519574e-07,0.00000000e+00,0.00000000e+00,2.22582868e-03,0.00000000e+00,0.00000000e+00,0.00000000e+00,0.00000000e+00,0.00000000e+00,0.00000000e+00,0.00000000e+00,0.00000000e+00,0.00000000e+00,0.00000000e+00,0.00000000e+00,0.00000000e+00,6.64558721e-07
rdl_bin_edges:  0.        ,  3.00948575,  6.0189715 ,  9.02845725, 12.037943  , 15.04742875, 18.0569145 , 21.06640025, 24.075886  , 27.08537175, 30.0948575 , 33.10434325, 36.113829  , 39.12331475, 42.1328005 , 45.14228625, 48.151772  , 51.16125775, 54.1707435 , 57.18022925, 60.189715  , 63.19920075, 66.2086865 , 69.21817225, 72.227658  , 75.23714375, 78.2466295 , 81.25611525, 84.265601  , 87.27508675, 90.2845725 , 93.29405825, 96.303544  , 99.31302975,102.3225155 ,105.33200125,108.341487  ,111.35097275,114.3604585 ,117.36994425,120.37943   
lul: 0., 0., 0., 0., 0., 0., 0., 0., 0., 0., 0., 0., 0., 0., 0., 0., 0., 0., 0., 0.,40., 0., 0., 0., 0., 0., 0., 0., 0., 0., 0., 0., 0., 0., 0., 0., 0., 0., 0., 0.
lul_bin_edges:-0.5  ,-0.475,-0.45 ,-0.425,-0.4  ,-0.375,-0.35 ,-0.325,-0.3  ,-0.275,-0.25 ,-0.225,-0.2  ,-0.175,-0.15 ,-0.125,-0.1  ,-0.075,-0.05 ,-0.025, 0.   , 0.025, 0.05 , 0.075, 0.1  , 0.125, 0.15 , 0.175, 0.2  , 0.225, 0.25 , 0.275, 0.3  , 0.325, 0.35 , 0.375, 0.4  , 0.425, 0.45 , 0.475, 0.5  
ldl:6.62727107e+00,0.00000000e+00,0.00000000e+00,0.00000000e+00,0.00000000e+00,0.00000000e+00,0.00000000e+00,0.00000000e+00,0.00000000e+00,0.00000000e+00,0.00000000e+00,0.00000000e+00,0.00000000e+00,0.00000000e+00,0.00000000e+00,0.00000000e+00,0.00000000e+00,0.00000000e+00,0.00000000e+00,0.00000000e+00,0.00000000e+00,0.00000000e+00,0.00000000e+00,3.54161127e-05,1.06248338e-04,2.21350704e-05,5.32569794e-03,0.00000000e+00,0.00000000e+00,0.00000000e+00,1.27055304e-03,0.00000000e+00,1.01821324e-03,6.41917042e-04,2.11611273e-03,4.42701408e-06,4.24993352e-04,1.26169901e-03,3.80723211e-04,7.08322253e-04
ldl_bin_edges:0.        ,0.15058908,0.30117817,0.45176725,0.60235634,0.75294542,0.90353451,1.05412359,1.20471268,1.35530176,1.50589085,1.65647993,1.80706902,1.9576581 ,2.10824719,2.25883627,2.40942536,2.56001444,2.71060353,2.86119261,3.0117817 ,3.16237078,3.31295987,3.46354895,3.61413804,3.76472712,3.91531621,4.06590529,4.21649438,4.36708346,4.51767255,4.66826163,4.81885072,4.9694398 ,5.12002889,5.27061797,5.42120706,5.57179614,5.72238523,5.87297431,6.0235634 
ilul: 0., 0., 0., 0., 0., 0., 0., 0., 0., 0., 0., 0., 0., 0., 0., 0., 0., 0., 0., 0.,40., 0., 0., 0., 0., 0., 0., 0., 0., 0., 0., 0., 0., 0., 0., 0., 0., 0., 0., 0.
ilul_bin_edges:-0.5  ,-0.475,-0.45 ,-0.425,-0.4  ,-0.375,-0.35 ,-0.325,-0.3  ,-0.275,-0.25 ,-0.225,-0.2  ,-0.175,-0.15 ,-0.125,-0.1  ,-0.075,-0.05 ,-0.025, 0.   , 0.025, 0.05 , 0.075, 0.1  , 0.125, 0.15 , 0.175, 0.2  , 0.225, 0.25 , 0.275, 0.3  , 0.325, 0.35 , 0.375, 0.4  , 0.425, 0.45 , 0.475, 0.5  
ildl:3.24376305e+00,6.28627357e-04,6.26333096e-04,6.05684752e-04,5.80447888e-04,6.10273273e-04,5.91919190e-04,6.19450315e-04,6.07979013e-04,5.98801971e-04,6.10273273e-04,6.21744575e-04,1.03700571e-02,1.24495748e-01,3.23811917e-02,1.07830240e-04,1.23890063e-04,1.17007282e-04,7.92208125e-03,1.05535980e-04,7.90143291e-03,1.28478584e-04,1.03241719e-04,6.65335524e-05,1.17007282e-04,1.39949886e-04,2.75311251e-05,7.11220732e-05,2.20249001e-04,7.68577243e-04,7.98402628e-04,4.35909481e-04,1.39949886e-04,1.92717876e-04,4.68029127e-04,8.39699316e-04,9.77354941e-04,1.01176885e-03,8.23639493e-04,1.05535980e-04
ildl_bin_edges: 0.       , 0.2905773, 0.5811546, 0.8717319, 1.1623092, 1.4528865, 1.7434638, 2.0340411, 2.3246184, 2.6151957, 2.905773 , 3.1963503, 3.4869276, 3.7775049, 4.0680822, 4.3586595, 4.6492368, 4.9398141, 5.2303914, 5.5209687, 5.811546 , 6.1021233, 6.3927006, 6.6832779, 6.9738552, 7.2644325, 7.5550098, 7.8455871, 8.1361644, 8.4267417, 8.717319 , 9.0078963, 9.2984736, 9.5890509, 9.8796282,10.1702055,10.4607828,10.7513601,11.0419374,11.3325147,11.623092 
eul: 0., 0., 0., 0., 0., 0., 0., 0., 0., 0., 0., 0., 0., 0., 0., 0., 0., 0., 0., 0.,40., 0., 0., 0., 0., 0., 0., 0., 0., 0., 0., 0., 0., 0., 0., 0., 0., 0., 0., 0.
eul_bin_edges:-0.5  ,-0.475,-0.45 ,-0.425,-0.4  ,-0.375,-0.35 ,-0.325,-0.3  ,-0.275,-0.25 ,-0.225,-0.2  ,-0.175,-0.15 ,-0.125,-0.1  ,-0.075,-0.05 ,-0.025, 0.   , 0.025, 0.05 , 0.075, 0.1  , 0.125, 0.15 , 0.175, 0.2  , 0.225, 0.25 , 0.275, 0.3  , 0.325, 0.35 , 0.375, 0.4  , 0.425, 0.45 , 0.475, 0.5  
edl:3.81444627e-03,2.78174676e-06,5.75533813e-06,0.00000000e+00,5.56349353e-06,9.59223022e-06,1.25658216e-05,9.97591943e-06,5.56349353e-06,1.41965007e-05,1.28535885e-05,2.08151396e-05,8.71933727e-05,4.42873269e-04,1.39088969e-01,1.71413154e-04,8.41238590e-05,2.84889237e-05,8.63300720e-06,1.40046561e-05,2.78174676e-06,1.26617439e-05,9.78407482e-06,1.14147540e-05,2.87766907e-06,1.34291223e-06,0.00000000e+00,0.00000000e+00,0.00000000e+00,0.00000000e+00,0.00000000e+00,0.00000000e+00,0.00000000e+00,0.00000000e+00,1.43883453e-06,0.00000000e+00,0.00000000e+00,0.00000000e+00,0.00000000e+00,2.78174676e-06
edl_bin_edges:  0.  ,  6.95, 13.9 , 20.85, 27.8 , 34.75, 41.7 , 48.65, 55.6 , 62.55, 69.5 , 76.45, 83.4 , 90.35, 97.3 ,104.25,111.2 ,118.15,125.1 ,132.05,139.  ,145.95,152.9 ,159.85,166.8 ,173.75,180.7 ,187.65,194.6 ,201.55,208.5 ,215.45,222.4 ,229.35,236.3 ,243.25,250.2 ,257.15,264.1 ,271.05,278.  
gul: 0., 0., 0., 0., 0., 0., 0., 0., 0., 0., 0., 0., 0., 0., 0., 0., 0., 0., 0., 0.,40., 0., 0., 0., 0., 0., 0., 0., 0., 0., 0., 0., 0., 0., 0., 0., 0., 0., 0., 0.
gul_bin_edges:-0.5  ,-0.475,-0.45 ,-0.425,-0.4  ,-0.375,-0.35 ,-0.325,-0.3  ,-0.275,-0.25 ,-0.225,-0.2  ,-0.175,-0.15 ,-0.125,-0.1  ,-0.075,-0.05 ,-0.025, 0.   , 0.025, 0.05 , 0.075, 0.1  , 0.125, 0.15 , 0.175, 0.2  , 0.225, 0.25 , 0.275, 0.3  , 0.325, 0.35 , 0.375, 0.4  , 0.425, 0.45 , 0.475, 0.5  
gdl:1.40073323e-01,9.59223022e-08,0.00000000e+00,0.00000000e+00,1.91844604e-07,4.79611511e-07,3.83689209e-07,9.59223022e-08,1.91844604e-07,1.91844604e-07,9.59223022e-08,7.67378417e-07,3.45320288e-06,1.46761122e-05,3.77933871e-03,6.04310504e-06,3.35728058e-06,6.71456115e-07,1.91844604e-07,3.83689209e-07,9.59223022e-08,2.87766907e-07,2.87766907e-07,9.59223022e-08,0.00000000e+00,9.59223022e-08,0.00000000e+00,0.00000000e+00,0.00000000e+00,0.00000000e+00,0.00000000e+00,0.00000000e+00,0.00000000e+00,0.00000000e+00,0.00000000e+00,0.00000000e+00,0.00000000e+00,0.00000000e+00,0.00000000e+00,9.59223022e-08
gdl_bin_edges:  0.  ,  6.95, 13.9 , 20.85, 27.8 , 34.75, 41.7 , 48.65, 55.6 , 62.55, 69.5 , 76.45, 83.4 , 90.35, 97.3 ,104.25,111.2 ,118.15,125.1 ,132.05,139.  ,145.95,152.9 ,159.85,166.8 ,173.75,180.7 ,187.65,194.6 ,201.55,208.5 ,215.45,222.4 ,229.35,236.3 ,243.25,250.2 ,257.15,264.1 ,271.05,278.  
ri: 0., 0., 0., 0., 0., 0., 0., 0., 0., 0., 0., 0., 0., 0., 0., 0., 0., 0., 0., 0.,40., 0., 0., 0., 0., 0., 0., 0., 0., 0., 0., 0., 0., 0., 0., 0., 0., 0., 0., 0.
ri_bin_edges:0.5  ,0.525,0.55 ,0.575,0.6  ,0.625,0.65 ,0.675,0.7  ,0.725,0.75 ,0.775,0.8  ,0.825,0.85 ,0.875,0.9  ,0.925,0.95 ,0.975,1.   ,1.025,1.05 ,1.075,1.1  ,1.125,1.15 ,1.175,1.2  ,1.225,1.25 ,1.275,1.3  ,1.325,1.35 ,1.375,1.4  ,1.425,1.45 ,1.475,1.5  
