period:1
ue_log_freq:1000
mac_log_freq:1000
mimo_layers:2
frequency:2412000000.0
bandwidth:50000000
ue_speed:5.555555555555555
max_distance:1000
shannon_cfg_bandwidth_mhz:50.0
shannon_cfg_mimo_layers:2
shannon_cfg_bw_efficiency:0.67
shannon_cfg_sinr_offset_db:0
shannon_cfg_ul_divisor:2
shannon_cfg_sinr_sample_rate:1000
n_ue:1
sinr_period:9.463597741343282
sinr_rate:105.66805852612856
ul_fairness:nan
dl_fairness:1.0
ul_agg_throughput:0
dl_agg_throughput:282.6937528807195
ul_ave_throughput:0.0
dl_ave_throughput:282.6937528807195
ul_se:0.0
dl_se:5.65387505761439
ul_ase:0.0
dl_ase:1.7996843260866093e-06
ul_gr:0.3590380320655978
dl_gr:292.4377620745975
ul_tr:0.0
dl_tr:292.0195201626612
ul_er:299.62001266624446
dl_er:7.551398286723776
ul_er_ratio:1.0
dl_er_ratio:0.02520738102954292
ul_er_perc:100.0
dl_er_perc:2.520738102954292
ul_l:0.0
dl_l:0.006571469909619679
ul_il:0.0
dl_il:0.02719380248980034
sinr_dl: 0., 0., 0., 0., 0., 0., 0., 0., 0., 0., 0., 0., 0., 0., 0., 0., 0., 0., 0., 0.,40., 0., 0., 0., 0., 0., 0., 0., 0., 0., 0., 0., 0., 0., 0., 0., 0., 0., 0., 0.
sinr_dl_bin_edges:43.19149,43.21649,43.24149,43.26649,43.29149,43.31649,43.34149,43.36649,43.39149,43.41649,43.44149,43.46649,43.49149,43.51649,43.54149,43.56649,43.59149,43.61649,43.64149,43.66649,43.69149,43.71649,43.74149,43.76649,43.79149,43.81649,43.84149,43.86649,43.89149,43.91649,43.94149,43.96649,43.99149,44.01649,44.04149,44.06649,44.09149,44.11649,44.14149,44.16649,44.19149
rsrp_dl: 0., 0., 0., 0., 0., 0., 0., 0., 0., 0., 0., 0., 0., 0., 0., 0., 0., 0., 0., 0.,40., 0., 0., 0., 0., 0., 0., 0., 0., 0., 0., 0., 0., 0., 0., 0., 0., 0., 0., 0.
rsrp_dl_bin_edges:-94.43649,-94.41149,-94.38649,-94.36149,-94.33649,-94.31149,-94.28649,-94.26149,-94.23649,-94.21149,-94.18649,-94.16149,-94.13649,-94.11149,-94.08649,-94.06149,-94.03649,-94.01149,-93.98649,-93.96149,-93.93649,-93.91149,-93.88649,-93.86149,-93.83649,-93.81149,-93.78649,-93.76149,-93.73649,-93.71149,-93.68649,-93.66149,-93.63649,-93.61149,-93.58649,-93.56149,-93.53649,-93.51149,-93.48649,-93.46149,-93.43649
cqi_ul: 0., 0., 0., 0., 0., 0., 0., 0., 0., 0., 0., 0., 0., 0., 0., 0., 0., 0., 0., 0.,40., 0., 0., 0., 0., 0., 0., 0., 0., 0., 0., 0., 0., 0., 0., 0., 0., 0., 0., 0.
cqi_ul_bin_edges:-0.5  ,-0.475,-0.45 ,-0.425,-0.4  ,-0.375,-0.35 ,-0.325,-0.3  ,-0.275,-0.25 ,-0.225,-0.2  ,-0.175,-0.15 ,-0.125,-0.1  ,-0.075,-0.05 ,-0.025, 0.   , 0.025, 0.05 , 0.075, 0.1  , 0.125, 0.15 , 0.175, 0.2  , 0.225, 0.25 , 0.275, 0.3  , 0.325, 0.35 , 0.375, 0.4  , 0.425, 0.45 , 0.475, 0.5  
cqi_dl: 0., 0., 0., 0., 0., 0., 0., 0., 0., 0., 0., 0., 0., 0., 0., 0., 0., 0., 0., 0.,40., 0., 0., 0., 0., 0., 0., 0., 0., 0., 0., 0., 0., 0., 0., 0., 0., 0., 0., 0.
cqi_dl_bin_edges:14.5  ,14.525,14.55 ,14.575,14.6  ,14.625,14.65 ,14.675,14.7  ,14.725,14.75 ,14.775,14.8  ,14.825,14.85 ,14.875,14.9  ,14.925,14.95 ,14.975,15.   ,15.025,15.05 ,15.075,15.1  ,15.125,15.15 ,15.175,15.2  ,15.225,15.25 ,15.275,15.3  ,15.325,15.35 ,15.375,15.4  ,15.425,15.45 ,15.475,15.5  
mcs_ul: 0., 0., 0., 0., 0., 0., 0., 0., 0., 0., 0., 0., 0., 0., 0., 0., 0., 0., 0., 0.,40., 0., 0., 0., 0., 0., 0., 0., 0., 0., 0., 0., 0., 0., 0., 0., 0., 0., 0., 0.
mcs_ul_bin_edges:-0.5  ,-0.475,-0.45 ,-0.425,-0.4  ,-0.375,-0.35 ,-0.325,-0.3  ,-0.275,-0.25 ,-0.225,-0.2  ,-0.175,-0.15 ,-0.125,-0.1  ,-0.075,-0.05 ,-0.025, 0.   , 0.025, 0.05 , 0.075, 0.1  , 0.125, 0.15 , 0.175, 0.2  , 0.225, 0.25 , 0.275, 0.3  , 0.325, 0.35 , 0.375, 0.4  , 0.425, 0.45 , 0.475, 0.5  
mcs_dl: 0., 0., 0., 0., 0., 0., 0., 0., 0., 0., 0., 0., 0., 0., 0., 0., 0., 0., 0., 0.,40., 0., 0., 0., 0., 0., 0., 0., 0., 0., 0., 0., 0., 0., 0., 0., 0., 0., 0., 0.
mcs_dl_bin_edges:27.5  ,27.525,27.55 ,27.575,27.6  ,27.625,27.65 ,27.675,27.7  ,27.725,27.75 ,27.775,27.8  ,27.825,27.85 ,27.875,27.9  ,27.925,27.95 ,27.975,28.   ,28.025,28.05 ,28.075,28.1  ,28.125,28.15 ,28.175,28.2  ,28.225,28.25 ,28.275,28.3  ,28.325,28.35 ,28.375,28.4  ,28.425,28.45 ,28.475,28.5  
eff_ul: 0., 0., 0., 0., 0., 0., 0., 0., 0., 0., 0., 0., 0., 0., 0., 0., 0., 0., 0., 0.,40., 0., 0., 0., 0., 0., 0., 0., 0., 0., 0., 0., 0., 0., 0., 0., 0., 0., 0., 0.
eff_ul_bin_edges:-0.5  ,-0.475,-0.45 ,-0.425,-0.4  ,-0.375,-0.35 ,-0.325,-0.3  ,-0.275,-0.25 ,-0.225,-0.2  ,-0.175,-0.15 ,-0.125,-0.1  ,-0.075,-0.05 ,-0.025, 0.   , 0.025, 0.05 , 0.075, 0.1  , 0.125, 0.15 , 0.175, 0.2  , 0.225, 0.25 , 0.275, 0.3  , 0.325, 0.35 , 0.375, 0.4  , 0.425, 0.45 , 0.475, 0.5  
eff_dl: 0., 0., 0., 0., 0., 0., 0., 0., 0., 0., 0., 0., 0., 0., 0., 0., 0., 0., 0., 0.,40., 0., 0., 0., 0., 0., 0., 0., 0., 0., 0., 0., 0., 0., 0., 0., 0., 0., 0., 0.
eff_dl_bin_edges:6.9062796,6.9312796,6.9562796,6.9812796,7.0062796,7.0312796,7.0562796,7.0812796,7.1062796,7.1312796,7.1562796,7.1812796,7.2062796,7.2312796,7.2562796,7.2812796,7.3062796,7.3312796,7.3562796,7.3812796,7.4062796,7.4312796,7.4562796,7.4812796,7.5062796,7.5312796,7.5562796,7.5812796,7.6062796,7.6312796,7.6562796,7.6812796,7.7062796,7.7312796,7.7562796,7.7812796,7.8062796,7.8312796,7.8562796,7.8812796,7.9062796
rul: 0., 0., 0., 0., 0., 0., 0., 0., 0., 0., 0., 0., 0., 0., 0., 0., 0., 0., 0., 0.,40., 0., 0., 0., 0., 0., 0., 0., 0., 0., 0., 0., 0., 0., 0., 0., 0., 0., 0., 0.
rul_bin_edges:-0.5  ,-0.475,-0.45 ,-0.425,-0.4  ,-0.375,-0.35 ,-0.325,-0.3  ,-0.275,-0.25 ,-0.225,-0.2  ,-0.175,-0.15 ,-0.125,-0.1  ,-0.075,-0.05 ,-0.025, 0.   , 0.025, 0.05 , 0.075, 0.1  , 0.125, 0.15 , 0.175, 0.2  , 0.225, 0.25 , 0.275, 0.3  , 0.325, 0.35 , 0.375, 0.4  , 0.425, 0.45 , 0.475, 0.5  
rdl:0.017167  ,0.        ,0.        ,0.        ,0.        ,0.        ,0.        ,0.        ,0.        ,0.        ,0.        ,0.        ,0.        ,0.01326624,0.        ,0.        ,0.        ,0.        ,0.        ,0.        ,0.        ,0.        ,0.        ,0.        ,0.        ,0.        ,0.01326776,0.        ,0.        ,0.        ,0.        ,0.        ,0.        ,0.        ,0.        ,0.        ,0.        ,0.        ,0.        ,0.00194125
rdl_bin_edges:  0.       , 21.9095275, 43.819055 , 65.7285825, 87.63811  ,109.5476375,131.457165 ,153.3666925,175.27622  ,197.1857475,219.095275 ,241.0048025,262.91433  ,284.8238575,306.733385 ,328.6429125,350.55244  ,372.4619675,394.371495 ,416.2810225,438.19055  ,460.1000775,482.009605 ,503.9191325,525.82866  ,547.7381875,569.647715 ,591.5572425,613.46677  ,635.3762975,657.285825 ,679.1953525,701.10488  ,723.0144075,744.923935 ,766.8334625,788.74299  ,810.6525175,832.562045 ,854.4715725,876.3811   
lul: 0., 0., 0., 0., 0., 0., 0., 0., 0., 0., 0., 0., 0., 0., 0., 0., 0., 0., 0., 0.,40., 0., 0., 0., 0., 0., 0., 0., 0., 0., 0., 0., 0., 0., 0., 0., 0., 0., 0., 0.
lul_bin_edges:-0.5  ,-0.475,-0.45 ,-0.425,-0.4  ,-0.375,-0.35 ,-0.325,-0.3  ,-0.275,-0.25 ,-0.225,-0.2  ,-0.175,-0.15 ,-0.125,-0.1  ,-0.075,-0.05 ,-0.025, 0.   , 0.025, 0.05 , 0.075, 0.1  , 0.125, 0.15 , 0.175, 0.2  , 0.225, 0.25 , 0.275, 0.3  , 0.325, 0.35 , 0.375, 0.4  , 0.425, 0.45 , 0.475, 0.5  
ldl:1.35134911e+03,0.00000000e+00,0.00000000e+00,0.00000000e+00,0.00000000e+00,0.00000000e+00,0.00000000e+00,0.00000000e+00,0.00000000e+00,0.00000000e+00,0.00000000e+00,0.00000000e+00,0.00000000e+00,0.00000000e+00,0.00000000e+00,0.00000000e+00,0.00000000e+00,0.00000000e+00,0.00000000e+00,0.00000000e+00,0.00000000e+00,0.00000000e+00,0.00000000e+00,0.00000000e+00,0.00000000e+00,0.00000000e+00,0.00000000e+00,0.00000000e+00,0.00000000e+00,0.00000000e+00,0.00000000e+00,0.00000000e+00,0.00000000e+00,0.00000000e+00,0.00000000e+00,9.44770751e+02,4.99390801e+01,1.19757986e-01,1.52691432e+02,1.09398920e+03
ldl_bin_edges:0.        ,0.00027833,0.00055666,0.00083499,0.00111332,0.00139165,0.00166998,0.00194831,0.00222664,0.00250497,0.0027833 ,0.00306163,0.00333996,0.00361829,0.00389662,0.00417495,0.00445328,0.00473161,0.00500994,0.00528827,0.0055666 ,0.00584493,0.00612326,0.00640159,0.00667992,0.00695825,0.00723658,0.00751491,0.00779324,0.00807157,0.0083499 ,0.00862823,0.00890656,0.00918489,0.00946321,0.00974154,0.01001987,0.0102982 ,0.01057653,0.01085486,0.01113319
ilul: 0., 0., 0., 0., 0., 0., 0., 0., 0., 0., 0., 0., 0., 0., 0., 0., 0., 0., 0., 0.,40., 0., 0., 0., 0., 0., 0., 0., 0., 0., 0., 0., 0., 0., 0., 0., 0., 0., 0., 0.
ilul_bin_edges:-0.5  ,-0.475,-0.45 ,-0.425,-0.4  ,-0.375,-0.35 ,-0.325,-0.3  ,-0.275,-0.25 ,-0.225,-0.2  ,-0.175,-0.15 ,-0.125,-0.1  ,-0.075,-0.05 ,-0.025, 0.   , 0.025, 0.05 , 0.075, 0.1  , 0.125, 0.15 , 0.175, 0.2  , 0.225, 0.25 , 0.275, 0.3  , 0.325, 0.35 , 0.375, 0.4  , 0.425, 0.45 , 0.475, 0.5  
ildl:3.24876345e+02,0.00000000e+00,0.00000000e+00,0.00000000e+00,0.00000000e+00,0.00000000e+00,0.00000000e+00,0.00000000e+00,2.87908848e-02,5.75817697e-01,6.62190351e-01,9.21308315e-01,7.19772121e-01,6.90981236e-01,8.63726545e-01,8.92517430e-01,6.62190351e-01,1.00768097e+00,6.62190351e-01,8.92517430e-01,7.48563006e-01,7.19772121e-01,8.34935660e-01,9.21308315e-01,7.19772121e-01,8.06144776e-01,8.63726545e-01,6.62190351e-01,8.06144776e-01,7.19772121e-01,7.48563006e-01,8.92517430e-01,6.62190351e-01,9.50099200e-01,6.04608582e-01,8.06144776e-01,1.20633807e+01,1.66612851e+02,2.71498044e+02,6.76585794e+01
ildl_bin_edges:0.        ,0.00115774,0.00231547,0.00347321,0.00463094,0.00578868,0.00694641,0.00810415,0.00926188,0.01041962,0.01157735,0.01273509,0.01389282,0.01505056,0.01620829,0.01736603,0.01852376,0.0196815 ,0.02083923,0.02199697,0.02315471,0.02431244,0.02547018,0.02662791,0.02778565,0.02894338,0.03010112,0.03125885,0.03241659,0.03357432,0.03473206,0.03588979,0.03704753,0.03820526,0.039363  ,0.04052073,0.04167847,0.0428362 ,0.04399394,0.04515167,0.04630941
eul:8.46957169e-05,0.00000000e+00,0.00000000e+00,0.00000000e+00,0.00000000e+00,0.00000000e+00,0.00000000e+00,2.22883465e-06,0.00000000e+00,0.00000000e+00,0.00000000e+00,0.00000000e+00,2.22883465e-06,0.00000000e+00,0.00000000e+00,0.00000000e+00,2.22883465e-06,2.45171812e-05,6.24073703e-05,1.06181683e-02,5.59415210e-02,1.02526394e-04,2.22883465e-05,2.22883465e-06,0.00000000e+00,0.00000000e+00,0.00000000e+00,0.00000000e+00,0.00000000e+00,0.00000000e+00,0.00000000e+00,0.00000000e+00,0.00000000e+00,0.00000000e+00,0.00000000e+00,0.00000000e+00,0.00000000e+00,0.00000000e+00,0.00000000e+00,2.22883465e-06
eul_bin_edges:  0.   , 14.955, 29.91 , 44.865, 59.82 , 74.775, 89.73 ,104.685,119.64 ,134.595,149.55 ,164.505,179.46 ,194.415,209.37 ,224.325,239.28 ,254.235,269.19 ,284.145,299.1  ,314.055,329.01 ,343.965,358.92 ,373.875,388.83 ,403.785,418.74 ,433.695,448.65 ,463.605,478.56 ,493.515,508.47 ,523.425,538.38 ,553.335,568.29 ,583.245,598.2  
edl:1.22624843e-01,0.00000000e+00,0.00000000e+00,0.00000000e+00,0.00000000e+00,0.00000000e+00,0.00000000e+00,0.00000000e+00,0.00000000e+00,0.00000000e+00,0.00000000e+00,0.00000000e+00,0.00000000e+00,0.00000000e+00,4.19273236e-06,0.00000000e+00,0.00000000e+00,0.00000000e+00,0.00000000e+00,0.00000000e+00,0.00000000e+00,0.00000000e+00,0.00000000e+00,0.00000000e+00,0.00000000e+00,0.00000000e+00,0.00000000e+00,0.00000000e+00,0.00000000e+00,0.00000000e+00,0.00000000e+00,0.00000000e+00,8.38546472e-06,0.00000000e+00,0.00000000e+00,0.00000000e+00,3.35418589e-05,2.64142139e-03,4.65393292e-04,8.38546472e-06
edl_bin_edges:  0.  ,  7.95, 15.9 , 23.85, 31.8 , 39.75, 47.7 , 55.65, 63.6 , 71.55, 79.5 , 87.45, 95.4 ,103.35,111.3 ,119.25,127.2 ,135.15,143.1 ,151.05,159.  ,166.95,174.9 ,182.85,190.8 ,198.75,206.7 ,214.65,222.6 ,230.55,238.5 ,246.45,254.4 ,262.35,270.3 ,278.25,286.2 ,294.15,302.1 ,310.05,318.  
gul:1.27560669e-01,0.00000000e+00,0.00000000e+00,0.00000000e+00,0.00000000e+00,0.00000000e+00,0.00000000e+00,0.00000000e+00,0.00000000e+00,0.00000000e+00,0.00000000e+00,0.00000000e+00,0.00000000e+00,0.00000000e+00,0.00000000e+00,0.00000000e+00,0.00000000e+00,0.00000000e+00,0.00000000e+00,0.00000000e+00,0.00000000e+00,0.00000000e+00,0.00000000e+00,0.00000000e+00,0.00000000e+00,0.00000000e+00,0.00000000e+00,0.00000000e+00,0.00000000e+00,0.00000000e+00,0.00000000e+00,0.00000000e+00,0.00000000e+00,0.00000000e+00,4.25698879e-06,0.00000000e+00,4.25698879e-06,3.40559104e-05,8.51397759e-05,2.55419328e-05
gul_bin_edges:  0.  ,  7.83, 15.66, 23.49, 31.32, 39.15, 46.98, 54.81, 62.64, 70.47, 78.3 , 86.13, 93.96,101.79,109.62,117.45,125.28,133.11,140.94,148.77,156.6 ,164.43,172.26,180.09,187.92,195.75,203.58,211.41,219.24,227.07,234.9 ,242.73,250.56,258.39,266.22,274.05,281.88,289.71,297.54,305.37,313.2 
gdl:1.68277016e-03,0.00000000e+00,0.00000000e+00,0.00000000e+00,0.00000000e+00,0.00000000e+00,0.00000000e+00,0.00000000e+00,0.00000000e+00,0.00000000e+00,0.00000000e+00,0.00000000e+00,2.22883465e-06,0.00000000e+00,0.00000000e+00,0.00000000e+00,2.22883465e-06,2.00595119e-05,6.46362050e-05,1.05223284e-02,5.44482018e-02,9.80687248e-05,2.22883465e-05,2.22883465e-06,0.00000000e+00,0.00000000e+00,0.00000000e+00,0.00000000e+00,0.00000000e+00,0.00000000e+00,0.00000000e+00,0.00000000e+00,0.00000000e+00,0.00000000e+00,0.00000000e+00,0.00000000e+00,0.00000000e+00,0.00000000e+00,0.00000000e+00,2.22883465e-06
gdl_bin_edges:  0.   , 14.955, 29.91 , 44.865, 59.82 , 74.775, 89.73 ,104.685,119.64 ,134.595,149.55 ,164.505,179.46 ,194.415,209.37 ,224.325,239.28 ,254.235,269.19 ,284.145,299.1  ,314.055,329.01 ,343.965,358.92 ,373.875,388.83 ,403.785,418.74 ,433.695,448.65 ,463.605,478.56 ,493.515,508.47 ,523.425,538.38 ,553.335,568.29 ,583.245,598.2  
ri: 0., 0., 0., 0., 0., 0., 0., 0., 0., 0., 0., 0., 0., 0., 0., 0., 0., 0., 0., 0.,40., 0., 0., 0., 0., 0., 0., 0., 0., 0., 0., 0., 0., 0., 0., 0., 0., 0., 0., 0.
ri_bin_edges:0.5  ,0.525,0.55 ,0.575,0.6  ,0.625,0.65 ,0.675,0.7  ,0.725,0.75 ,0.775,0.8  ,0.825,0.85 ,0.875,0.9  ,0.925,0.95 ,0.975,1.   ,1.025,1.05 ,1.075,1.1  ,1.125,1.15 ,1.175,1.2  ,1.225,1.25 ,1.275,1.3  ,1.325,1.35 ,1.375,1.4  ,1.425,1.45 ,1.475,1.5  
