period:1
ue_log_freq:1000
mac_log_freq:1000
mimo_layers:2
frequency:2412000000.0
bandwidth:50000000
ue_speed:5.555555555555555
max_distance:1000
shannon_cfg_bandwidth_mhz:50.0
shannon_cfg_mimo_layers:2
shannon_cfg_bw_efficiency:0.67
shannon_cfg_sinr_offset_db:0
shannon_cfg_ul_divisor:2
shannon_cfg_sinr_sample_rate:1000
n_ue:2
sinr_period:9.463597741343282
sinr_rate:105.66805852612856
ul_fairness:0.9895330226399787
dl_fairness:0.9999507823679304
ul_agg_throughput:0.5737034558054565
dl_agg_throughput:10.361331628430758
ul_ave_throughput:0.2868517279027282
dl_ave_throughput:5.180665814215379
ul_se:0.01147406911610913
dl_se:0.20722663256861515
ul_ase:3.652309634413645e-09
dl_ase:6.59622858271661e-08
ul_gr:0.12153342466575334, 0.12153342466575334
dl_gr:4.062779372206278, 4.0679962800372
ul_tr:0.12153342659573405, 0.11680920760432395
dl_tr:4.0627795671113285, 4.067996475047249
ul_er:0.0, 0.004722532774672253
dl_er:27.765680103198967, 27.760463195368047
ul_er_ratio:0.0, 0.03885843122088974
dl_er_ratio:0.872353874199539, 0.872189967181212
ul_er_perc:0.0, 3.8858431220889744
dl_er_perc:87.23538741995391, 87.2189967181212
ul_l:0.0005238232094129058, 0.0015626068549654502
dl_l:0.0003087650448395516, 0.00030856260556894435
ul_il:0.0005255937845291546, 0.003995940348370516
dl_il:0.10524965676389136, 0.1045952948396896
sinr_ul:0.01164392,0.03276119,0.03787439,0.02307269,0.02484459,0.05318869,0.04808181,0.16022419,0.10461813,0.02156024,0.05274571,0.02407888,0.00615736,0.00884052,0.04191813,0.16378698,0.09722677,0.03552662,0.05568833,0.05387846,0.02412317,0.01349176,0.02555968,0.01981366,0.00560047,0.00246801,0.00556883,0.01275769,0.01068203,0.00954296,0.00820137,0.0073787 ,0.00897974,0.01117564,0.00490437,0.00684081,0.00875193,0.00673323,0.00735339,0.00801153
sinr_ul_bin_edges:15.437438  ,16.22754175,17.0176455 ,17.80774925,18.597853  ,19.38795675,20.1780605 ,20.96816425,21.758268  ,22.54837175,23.3384755 ,24.12857925,24.918683  ,25.70878675,26.4988905 ,27.28899425,28.079098  ,28.86920175,29.6593055 ,30.44940925,31.239513  ,32.02961675,32.8197205 ,33.60982425,34.399928  ,35.19003175,35.9801355 ,36.77023925,37.560343  ,38.35044675,39.1405505 ,39.93065425,40.720758  ,41.51086175,42.3009655 ,43.09106925,43.881173  ,44.67127675,45.4613805 ,46.25148425,47.041588  
sinr_dl:0.01164412,0.03276174,0.03787502,0.02307307,0.024845  ,0.05318324,0.04807628,0.16020787,0.10465151,0.0215606 ,0.05274026,0.0240856 ,0.00615113,0.008847  ,0.04196312,0.16384033,0.09715244,0.03551456,0.05570192,0.05389834,0.0240856 ,0.01349832,0.0255601 ,0.01981399,0.00559424,0.00246805,0.00558158,0.01274525,0.01068221,0.00954944,0.00819518,0.00737883,0.00897989,0.01117582,0.00490445,0.00684092,0.00875207,0.00673334,0.00735351,0.00801166
sinr_dl_bin_edges:25.1803   ,25.9703906,26.7604812,27.5505718,28.3406624,29.130753 ,29.9208436,30.7109342,31.5010248,32.2911154,33.081206 ,33.8712966,34.6613872,35.4514778,36.2415684,37.031659 ,37.8217496,38.6118402,39.4019308,40.1920214,40.982112 ,41.7722026,42.5622932,43.3523838,44.1424744,44.932565 ,45.7226556,46.5127462,47.3028368,48.0929274,48.883018 ,49.6731086,50.4631992,51.2532898,52.0433804,52.833471 ,53.6235616,54.4136522,55.2037428,55.9938334,56.783924 
rsrp_ul:0.01161277,0.03270729,0.03794604,0.02312406,0.02476038,0.05297731,0.0472946 ,0.15790449,0.10865645,0.02183657,0.05219721,0.02462719,0.00641842,0.00967202,0.04575342,0.16659345,0.09242648,0.0346417 ,0.05745499,0.05512736,0.02111989,0.01420677,0.02512189,0.02029539,0.00446499,0.00246716,0.00584127,0.01287489,0.01052189,0.00954518,0.00814353,0.00738245,0.00905048,0.01108002,0.00492163,0.00684969,0.00874605,0.00674188,0.00735708,0.00801034
rsrp_ul_bin_edges:-95.21031   ,-94.42196158,-93.63361315,-92.84526473,-92.0569163 ,-91.26856788,-90.48021945,-89.69187103,-88.9035226 ,-88.11517418,-87.32682575,-86.53847733,-85.7501289 ,-84.96178047,-84.17343205,-83.38508363,-82.5967352 ,-81.80838678,-81.02003835,-80.23168992,-79.4433415 ,-78.65499307,-77.86664465,-77.07829623,-76.2899478 ,-75.50159937,-74.71325095,-73.92490252,-73.1365541 ,-72.34820568,-71.55985725,-70.77150882,-69.9831604 ,-69.19481197,-68.40646355,-67.61811513,-66.8297667 ,-66.04141827,-65.25306985,-64.46472142,-63.676373  
rsrp_dl:0.01161277,0.03270729,0.03794604,0.02312406,0.02476038,0.05297731,0.0472946 ,0.15790449,0.10865645,0.02183657,0.05219721,0.02462719,0.00641842,0.00967202,0.04575342,0.16659345,0.09242648,0.0346417 ,0.05745499,0.05512736,0.02111989,0.01420677,0.02512189,0.02029539,0.00446499,0.00246716,0.00584127,0.01287489,0.01052189,0.00954518,0.00814353,0.00738245,0.00905048,0.01108002,0.00492163,0.00684969,0.00874605,0.00674188,0.00735708,0.00801034
rsrp_dl_bin_edges:-92.20001   ,-91.41166158,-90.62331315,-89.83496473,-89.0466163 ,-88.25826788,-87.46991945,-86.68157103,-85.8932226 ,-85.10487418,-84.31652575,-83.52817733,-82.7398289 ,-81.95148047,-81.16313205,-80.37478363,-79.5864352 ,-78.79808678,-78.00973835,-77.22138992,-76.4330415 ,-75.64469307,-74.85634465,-74.06799623,-73.2796478 ,-72.49129937,-71.70295095,-70.91460252,-70.1262541 ,-69.33790568,-68.54955725,-67.76120882,-66.9728604 ,-66.18451197,-65.39616355,-64.60781513,-63.8194667 ,-63.03111827,-62.24276985,-61.45442142,-60.666073  
cqi_ul: 0.05489945, 0.        , 0.        , 0.        , 0.        , 0.        , 0.        , 0.        , 0.        , 0.        , 0.        , 0.        , 0.        , 0.        , 0.        , 0.        , 0.        , 0.        , 0.        , 0.        , 0.66209338, 0.        , 0.        , 0.        , 0.        , 0.        , 0.        , 0.        , 0.        , 0.        , 0.        , 0.        , 0.        , 0.        , 0.        , 0.        , 0.        , 0.        , 0.        ,19.28300717
cqi_ul_bin_edges:13.  ,13.05,13.1 ,13.15,13.2 ,13.25,13.3 ,13.35,13.4 ,13.45,13.5 ,13.55,13.6 ,13.65,13.7 ,13.75,13.8 ,13.85,13.9 ,13.95,14.  ,14.05,14.1 ,14.15,14.2 ,14.25,14.3 ,14.35,14.4 ,14.45,14.5 ,14.55,14.6 ,14.65,14.7 ,14.75,14.8 ,14.85,14.9 ,14.95,15.  
cqi_dl: 0., 0., 0., 0., 0., 0., 0., 0., 0., 0., 0., 0., 0., 0., 0., 0., 0., 0., 0., 0.,40., 0., 0., 0., 0., 0., 0., 0., 0., 0., 0., 0., 0., 0., 0., 0., 0., 0., 0., 0.
cqi_dl_bin_edges:14.5  ,14.525,14.55 ,14.575,14.6  ,14.625,14.65 ,14.675,14.7  ,14.725,14.75 ,14.775,14.8  ,14.825,14.85 ,14.875,14.9  ,14.925,14.95 ,14.975,15.   ,15.025,15.05 ,15.075,15.1  ,15.125,15.15 ,15.175,15.2  ,15.225,15.25 ,15.275,15.3  ,15.325,15.35 ,15.375,15.4  ,15.425,15.45 ,15.475,15.5  
mcs_ul: 0.03659963, 0.        , 0.        , 0.        , 0.        , 0.        , 0.        , 0.        , 0.        , 0.        , 0.        , 0.        , 0.        , 0.13579864, 0.        , 0.        , 0.        , 0.        , 0.        , 0.        , 0.        , 0.        , 0.        , 0.        , 0.        , 0.        , 0.30539695, 0.        , 0.        , 0.        , 0.        , 0.        , 0.        , 0.        , 0.        , 0.        , 0.        , 0.        , 0.        ,12.85553811
mcs_ul_bin_edges:25.   ,25.075,25.15 ,25.225,25.3  ,25.375,25.45 ,25.525,25.6  ,25.675,25.75 ,25.825,25.9  ,25.975,26.05 ,26.125,26.2  ,26.275,26.35 ,26.425,26.5  ,26.575,26.65 ,26.725,26.8  ,26.875,26.95 ,27.025,27.1  ,27.175,27.25 ,27.325,27.4  ,27.475,27.55 ,27.625,27.7  ,27.775,27.85 ,27.925,28.   
mcs_dl: 0., 0., 0., 0., 0., 0., 0., 0., 0., 0., 0., 0., 0., 0., 0., 0., 0., 0., 0., 0.,40., 0., 0., 0., 0., 0., 0., 0., 0., 0., 0., 0., 0., 0., 0., 0., 0., 0., 0., 0.
mcs_dl_bin_edges:27.5  ,27.525,27.55 ,27.575,27.6  ,27.625,27.65 ,27.675,27.7  ,27.725,27.75 ,27.775,27.8  ,27.825,27.85 ,27.875,27.9  ,27.925,27.95 ,27.975,28.   ,28.025,28.05 ,28.075,28.1  ,28.125,28.15 ,28.175,28.2  ,28.225,28.25 ,28.275,28.3  ,28.325,28.35 ,28.375,28.4  ,28.425,28.45 ,28.475,28.5  
eff_ul: 0.1487397 , 0.        , 0.        , 0.        , 0.        , 0.        , 0.        , 0.        , 0.        , 0.        , 0.        , 0.        , 0.        , 0.        , 0.        , 0.        , 0.55188118, 0.        , 0.        , 0.        , 0.        , 0.        , 0.        , 0.        , 0.        , 0.        , 0.        , 1.24112306, 0.        , 0.        , 0.        , 0.        , 0.        , 0.        , 0.        , 0.        , 0.        , 0.        , 0.        ,52.24448057
eff_ul_bin_edges:4.8164024 ,4.83485728,4.85331215,4.87176703,4.8902219 ,4.90867677,4.92713165,4.94558653,4.9640414 ,4.98249627,5.00095115,5.01940603,5.0378609 ,5.05631577,5.07477065,5.09322553,5.1116804 ,5.13013527,5.14859015,5.16704503,5.1854999 ,5.20395477,5.22240965,5.24086453,5.2593194 ,5.27777427,5.29622915,5.31468403,5.3331389 ,5.35159377,5.37004865,5.38850352,5.4069584 ,5.42541327,5.44386815,5.46232302,5.4807779 ,5.49923277,5.51768765,5.53614252,5.5545974 
eff_dl: 0., 0., 0., 0., 0., 0., 0., 0., 0., 0., 0., 0., 0., 0., 0., 0., 0., 0., 0., 0.,40., 0., 0., 0., 0., 0., 0., 0., 0., 0., 0., 0., 0., 0., 0., 0., 0., 0., 0., 0.
eff_dl_bin_edges:5.0545974,5.0795974,5.1045974,5.1295974,5.1545974,5.1795974,5.2045974,5.2295974,5.2545974,5.2795974,5.3045974,5.3295974,5.3545974,5.3795974,5.4045974,5.4295974,5.4545974,5.4795974,5.5045974,5.5295974,5.5545974,5.5795974,5.6045974,5.6295974,5.6545974,5.6795974,5.7045974,5.7295974,5.7545974,5.7795974,5.8045974,5.8295974,5.8545974,5.8795974,5.9045974,5.9295974,5.9545974,5.9795974,6.0045974,6.0295974,6.0545974
rul:4.64539827e-01,1.21137711e-04,6.28984269e-05,1.28126425e-04,1.58410853e-04,5.82392842e-05,4.19322846e-05,5.35801415e-05,4.89209987e-05,8.61941406e-05,1.39774282e-05,2.09661423e-05,3.26139992e-05,6.98871410e-06,6.98871410e-06,1.39774282e-05,4.65914274e-06,2.32957137e-06,1.16478568e-05,1.63069996e-04,3.33128706e-04,0.00000000e+00,0.00000000e+00,0.00000000e+00,0.00000000e+00,0.00000000e+00,0.00000000e+00,0.00000000e+00,2.32957137e-06,0.00000000e+00,0.00000000e+00,0.00000000e+00,0.00000000e+00,0.00000000e+00,0.00000000e+00,0.00000000e+00,0.00000000e+00,0.00000000e+00,0.00000000e+00,6.98871410e-06
rul_bin_edges: 0.        , 2.14629613, 4.29259225, 6.43888838, 8.5851845 ,10.73148062,12.87777675,15.02407288,17.170369  ,19.31666513,21.46296125,23.60925738,25.7555535 ,27.90184963,30.04814575,32.19444188,34.340738  ,36.48703413,38.63333025,40.77962637,42.9259225 ,45.07221863,47.21851475,49.36481088,51.511107  ,53.65740313,55.80369925,57.94999538,60.0962915 ,62.24258763,64.38888375,66.53517987,68.681476  ,70.82777213,72.97406825,75.12036438,77.2666605 ,79.41295663,81.55925275,83.70554888,85.851845  
rdl:4.48358298e-01,2.24288801e-05,8.22392271e-05,8.47313249e-05,1.07160205e-04,4.23656624e-05,2.49209779e-05,4.98419558e-06,1.24604890e-05,2.74130757e-05,9.96839116e-06,9.96839116e-06,2.49209779e-06,2.49209779e-06,7.47629337e-06,9.96839116e-06,9.96839116e-06,4.98419558e-06,4.98419558e-06,4.88326562e-02,0.00000000e+00,0.00000000e+00,0.00000000e+00,0.00000000e+00,4.98419558e-06,0.00000000e+00,0.00000000e+00,0.00000000e+00,0.00000000e+00,0.00000000e+00,0.00000000e+00,0.00000000e+00,0.00000000e+00,0.00000000e+00,0.00000000e+00,0.00000000e+00,0.00000000e+00,0.00000000e+00,0.00000000e+00,7.57597728e-04
rdl_bin_edges: 0.        , 2.00632175, 4.0126435 , 6.01896525, 8.025287  ,10.03160875,12.0379305 ,14.04425225,16.050574  ,18.05689575,20.0632175 ,22.06953925,24.075861  ,26.08218275,28.0885045 ,30.09482625,32.101148  ,34.10746975,36.1137915 ,38.12011325,40.126435  ,42.13275675,44.1390785 ,46.14540025,48.151722  ,50.15804375,52.1643655 ,54.17068725,56.177009  ,58.18333075,60.1896525 ,62.19597425,64.202296  ,66.20861775,68.2149395 ,70.22126125,72.227583  ,74.23390475,76.2402265 ,78.24654825,80.25287   
lul:1.60698977e+01,0.00000000e+00,8.03848576e-05,0.00000000e+00,0.00000000e+00,0.00000000e+00,0.00000000e+00,0.00000000e+00,0.00000000e+00,0.00000000e+00,0.00000000e+00,0.00000000e+00,0.00000000e+00,0.00000000e+00,0.00000000e+00,0.00000000e+00,8.03848576e-05,4.01924288e-04,2.41154573e-04,5.62694003e-04,4.01924288e-04,3.21539430e-04,2.41154573e-04,4.01924288e-04,3.21539430e-04,2.41154573e-04,2.41154573e-04,4.01924288e-04,6.43078861e-04,3.21539430e-04,3.21539430e-04,2.41154573e-04,2.41154573e-04,2.41154573e-04,8.03848576e-05,1.60769715e-04,1.60769715e-04,1.60769715e-04,1.60769715e-04,5.62694003e-04
lul_bin_edges:0.        ,0.06220015,0.1244003 ,0.18660044,0.24880059,0.31100074,0.37320089,0.43540103,0.49760118,0.55980133,0.62200148,0.68420162,0.74640177,0.80860192,0.87080207,0.93300221,0.99520236,1.05740251,1.11960266,1.1818028 ,1.24400295,1.3062031 ,1.36840325,1.43060339,1.49280354,1.55500369,1.61720384,1.67940398,1.74160413,1.80380428,1.86600443,1.92820457,1.99040472,2.05260487,2.11480501,2.17700516,2.23920531,2.30140546,2.36360561,2.42580575,2.4880059 
ldl:8.96778345e+03,0.00000000e+00,0.00000000e+00,0.00000000e+00,0.00000000e+00,0.00000000e+00,0.00000000e+00,0.00000000e+00,0.00000000e+00,0.00000000e+00,0.00000000e+00,0.00000000e+00,0.00000000e+00,0.00000000e+00,0.00000000e+00,0.00000000e+00,0.00000000e+00,0.00000000e+00,0.00000000e+00,0.00000000e+00,0.00000000e+00,0.00000000e+00,0.00000000e+00,0.00000000e+00,0.00000000e+00,0.00000000e+00,0.00000000e+00,0.00000000e+00,0.00000000e+00,8.45618760e+02,1.41968474e+02,1.49808449e-01,4.99361498e-02,0.00000000e+00,1.51805895e+01,1.49808449e-01,1.49808449e-01,1.49808449e-01,4.99361498e-02,1.60794402e+01
ldl_bin_edges:0.        ,0.00010013,0.00020025,0.00030038,0.00040051,0.00050063,0.00060076,0.00070089,0.00080101,0.00090114,0.00100127,0.0011014 ,0.00120152,0.00130165,0.00140178,0.0015019 ,0.00160203,0.00170216,0.00180228,0.00190241,0.00200254,0.00210266,0.00220279,0.00230292,0.00240304,0.00250317,0.0026033 ,0.00270343,0.00280355,0.00290368,0.00300381,0.00310393,0.00320406,0.00330419,0.00340431,0.00350444,0.00360457,0.00370469,0.00380482,0.00390495,0.00400507
ilul:1.43519244e+01,1.43774443e-04,2.15661665e-04,2.15661665e-04,5.03210551e-04,6.46984995e-04,2.87548887e-04,3.59436108e-04,5.03210551e-04,5.03210551e-04,2.15661665e-04,4.31323330e-04,3.59436108e-04,5.75097773e-04,1.16457299e-02,2.87548887e-03,4.31323330e-04,5.03210551e-04,3.59436108e-04,4.31323330e-04,3.59436108e-04,1.43774443e-04,2.87548887e-04,2.87548887e-04,2.15661665e-04,7.18872216e-04,3.59436108e-04,2.87548887e-04,3.59436108e-04,1.43774443e-04,1.43774443e-04,2.15661665e-04,1.43774443e-04,1.43774443e-04,1.43774443e-04,1.43774443e-04,7.18872216e-05,0.00000000e+00,1.43774443e-04,1.43774443e-04
ilul_bin_edges:0.        ,0.06955269,0.13910539,0.20865808,0.27821078,0.34776347,0.41731617,0.48686886,0.55642156,0.62597426,0.69552695,0.76507964,0.83463234,0.90418504,0.97373773,1.04329042,1.11284312,1.18239582,1.25194851,1.3215012 ,1.3910539 ,1.4606066 ,1.53015929,1.59971198,1.66926468,1.73881737,1.80837007,1.87792276,1.94747546,2.01702815,2.08658085,2.15613354,2.22568624,2.29523893,2.36479163,2.43434433,2.50389702,2.57344971,2.64300241,2.7125551 ,2.7821078 
ildl:2.40183593e+01,4.81377813e-02,4.29516667e-02,0.00000000e+00,0.00000000e+00,0.00000000e+00,0.00000000e+00,0.00000000e+00,0.00000000e+00,0.00000000e+00,0.00000000e+00,0.00000000e+00,0.00000000e+00,0.00000000e+00,2.65954593e-04,1.32977296e-04,2.65954593e-04,6.64886482e-04,1.32977296e-04,5.31909185e-04,5.31909185e-04,1.32977296e-03,7.97863778e-04,6.64886482e-04,5.31909185e-04,6.64886482e-04,9.30841075e-04,2.26061404e-03,2.06114809e-02,2.26739588e+00,3.40421879e-02,2.80582095e-02,2.23401858e-02,3.94942570e-02,1.79519350e-02,1.59572756e-02,1.15690248e-02,6.51588752e-03,6.38291023e-03,6.24993293e-03
ildl_bin_edges:0.        ,0.03760003,0.07520006,0.11280008,0.15040011,0.18800014,0.22560017,0.26320019,0.30080022,0.33840025,0.37600027,0.4136003 ,0.45120033,0.48880036,0.52640038,0.56400041,0.60160044,0.63920047,0.6768005 ,0.71440052,0.75200055,0.78960058,0.82720061,0.86480063,0.90240066,0.94000069,0.97760072,1.01520074,1.05280077,1.0904008 ,1.12800082,1.16560085,1.20320088,1.24080091,1.27840094,1.31600096,1.35360099,1.39120102,1.42880104,1.46640107,1.5040011 
eul:2.06231048e+00,5.15724600e-05,0.00000000e+00,1.03144920e-05,0.00000000e+00,2.06289840e-05,5.15724600e-05,0.00000000e+00,3.09434760e-05,0.00000000e+00,2.06289840e-05,1.03144920e-05,1.03144920e-05,4.12579680e-05,0.00000000e+00,2.06289840e-05,4.12579680e-05,1.03144920e-05,6.18869520e-05,0.00000000e+00,2.06289840e-05,2.06289840e-05,4.12579680e-05,1.03144920e-05,3.09434760e-05,2.06289840e-05,0.00000000e+00,3.09434760e-05,2.06289840e-05,0.00000000e+00,0.00000000e+00,0.00000000e+00,1.03144920e-05,0.00000000e+00,0.00000000e+00,1.03144920e-05,0.00000000e+00,0.00000000e+00,0.00000000e+00,1.03144920e-05
eul_bin_edges: 0.     , 0.48475, 0.9695 , 1.45425, 1.939  , 2.42375, 2.9085 , 3.39325, 3.878  , 4.36275, 4.8475 , 5.33225, 5.817  , 6.30175, 6.7865 , 7.27125, 7.756  , 8.24075, 8.7255 , 9.21025, 9.695  ,10.17975,10.6645 ,11.14925,11.634  ,12.11875,12.6035 ,13.08825,13.573  ,14.05775,14.5425 ,15.02725,15.512  ,15.99675,16.4815 ,16.96625,17.451  ,17.93575,18.4205 ,18.90525,19.39   
edl:6.20966181e-02,2.84595690e-05,9.47451474e-05,9.15029180e-05,9.00619272e-05,4.44905920e-04,4.43104682e-05,3.85104801e-04,1.46728892e-03,1.74540015e-03,5.70272123e-04,2.47490176e-04,9.87078722e-05,5.07949269e-05,1.01229606e-04,1.44459331e-04,1.39776111e-04,1.94173515e-04,9.72668814e-05,1.27527689e-04,6.58172564e-04,1.13730202e-03,1.53465524e-03,2.84235442e-04,2.16148625e-05,2.70185782e-05,1.44099084e-05,2.16148625e-05,2.26956057e-05,1.80123854e-05,2.95403121e-05,2.05341194e-05,0.00000000e+00,0.00000000e+00,0.00000000e+00,0.00000000e+00,0.00000000e+00,0.00000000e+00,0.00000000e+00,3.60247709e-07
edl_bin_edges:  0.    , 13.8792, 27.7584, 41.6376, 55.5168, 69.396 , 83.2752, 97.1544,111.0336,124.9128,138.792 ,152.6712,166.5504,180.4296,194.3088,208.188 ,222.0672,235.9464,249.8256,263.7048,277.584 ,291.4632,305.3424,319.2216,333.1008,346.98  ,360.8592,374.7384,388.6176,402.4968,416.376 ,430.2552,444.1344,458.0136,471.8928,485.772 ,499.6512,513.5304,527.4096,541.2888,555.168 
gul:2.85471335e-01,3.14408335e-05,8.86059853e-05,1.71495455e-05,5.71651518e-06,6.85981821e-05,1.42912879e-05,4.57321214e-05,2.00078031e-05,1.42912879e-05,2.85825759e-06,2.28660607e-05,0.00000000e+00,2.85825759e-06,0.00000000e+00,0.00000000e+00,2.85825759e-06,5.71651518e-06,0.00000000e+00,0.00000000e+00,2.85825759e-06,0.00000000e+00,2.85825759e-06,0.00000000e+00,0.00000000e+00,0.00000000e+00,0.00000000e+00,0.00000000e+00,2.85825759e-06,0.00000000e+00,0.00000000e+00,0.00000000e+00,0.00000000e+00,0.00000000e+00,2.85825759e-06,0.00000000e+00,0.00000000e+00,0.00000000e+00,0.00000000e+00,2.85825759e-06
gul_bin_edges:  0.    ,  3.4986,  6.9972, 10.4958, 13.9944, 17.493 , 20.9916, 24.4902, 27.9888, 31.4874, 34.986 , 38.4846, 41.9832, 45.4818, 48.9804, 52.479 , 55.9776, 59.4762, 62.9748, 66.4734, 69.972 , 73.4706, 76.9692, 80.4678, 83.9664, 87.465 , 90.9636, 94.4622, 97.9608,101.4594,104.958 ,108.4566,111.9552,115.4538,118.9524,122.451 ,125.9496,129.4482,132.9468,136.4454,139.944 
gdl:7.05595572e-02,1.54906515e-05,5.43974040e-05,1.58508992e-05,1.51304038e-05,2.51813148e-04,9.00619272e-06,3.78260094e-05,1.33651900e-04,1.12037037e-04,4.79129453e-05,4.43104682e-05,2.44968442e-05,7.56520189e-06,2.19751102e-05,2.12546148e-05,1.87328809e-05,3.42235323e-05,2.08943671e-05,2.16148625e-05,1.08434560e-04,1.58869240e-04,2.23353579e-04,4.86334407e-05,7.92544959e-06,5.40371563e-06,4.32297251e-06,5.04346792e-06,5.40371563e-06,3.60247709e-06,5.76396334e-06,5.40371563e-06,0.00000000e+00,0.00000000e+00,0.00000000e+00,0.00000000e+00,0.00000000e+00,0.00000000e+00,0.00000000e+00,3.60247709e-07
gdl_bin_edges:  0.    , 13.8792, 27.7584, 41.6376, 55.5168, 69.396 , 83.2752, 97.1544,111.0336,124.9128,138.792 ,152.6712,166.5504,180.4296,194.3088,208.188 ,222.0672,235.9464,249.8256,263.7048,277.584 ,291.4632,305.3424,319.2216,333.1008,346.98  ,360.8592,374.7384,388.6176,402.4968,416.376 ,430.2552,444.1344,458.0136,471.8928,485.772 ,499.6512,513.5304,527.4096,541.2888,555.168 
ri: 0., 0., 0., 0., 0., 0., 0., 0., 0., 0., 0., 0., 0., 0., 0., 0., 0., 0., 0., 0.,40., 0., 0., 0., 0., 0., 0., 0., 0., 0., 0., 0., 0., 0., 0., 0., 0., 0., 0., 0.
ri_bin_edges:0.5  ,0.525,0.55 ,0.575,0.6  ,0.625,0.65 ,0.675,0.7  ,0.725,0.75 ,0.775,0.8  ,0.825,0.85 ,0.875,0.9  ,0.925,0.95 ,0.975,1.   ,1.025,1.05 ,1.075,1.1  ,1.125,1.15 ,1.175,1.2  ,1.225,1.25 ,1.275,1.3  ,1.325,1.35 ,1.375,1.4  ,1.425,1.45 ,1.475,1.5  
