period:1
ue_log_freq:1000
mac_log_freq:1000
mimo_layers:2
frequency:2412000000.0
bandwidth:50000000
ue_speed:5.555555555555555
max_distance:1000
shannon_cfg_bandwidth_mhz:50.0
shannon_cfg_mimo_layers:2
shannon_cfg_bw_efficiency:0.67
shannon_cfg_sinr_offset_db:0
shannon_cfg_ul_divisor:2
shannon_cfg_sinr_sample_rate:1000
n_ue:1
sinr_period:9.463597741343282
sinr_rate:105.66805852612856
ul_fairness:nan
dl_fairness:1.0
ul_agg_throughput:0
dl_agg_throughput:263.83188179363077
ul_ave_throughput:0.0
dl_ave_throughput:263.83188179363077
ul_se:0.0
dl_se:5.276637635872616
ul_ase:0.0
dl_ase:1.6796059253077186e-06
ul_gr:0.08737927183940133
dl_gr:266.1309822418147
ul_tr:0.0
dl_tr:266.00625659236175
ul_er:299.9075082707645
dl_er:33.866405279956
ul_er_ratio:1.0
dl_er_ratio:0.11293595444314265
ul_er_perc:100.0
dl_er_perc:11.293595444314265
ul_l:0.0
dl_l:0.006433950774406046
ul_il:0.0
dl_il:0.03390907897501272
sinr_dl:0.03308584,0.08294136,0.11191007,0.0836677 ,0.03099184,0.02426342,0.01861566,0.0123691 ,0.00815631,0.00453522,0.00301167,0.00088933,0.00048541,0.00047124,0.00046061,0.00044644,0.00043226,0.00042518,0.00041809,0.00040037,0.00040037,0.00038975,0.00038266,0.00037203,0.00036849,0.00035786,0.00035431,0.00035077,0.00034723,0.00033306,0.00033306,0.00033306,0.00032243,0.00031888,0.00031534,0.00031534,0.00035786,0.00040746,0.00041809,0.00042518
sinr_dl_bin_edges: 27.192255  , 29.54419838, 31.89614175, 34.24808513, 36.6000285 , 38.95197187, 41.30391525, 43.65585863, 46.007802  , 48.35974538, 50.71168875, 53.06363212, 55.4155755 , 57.76751888, 60.11946225, 62.47140563, 64.823349  , 67.17529237, 69.52723575, 71.87917913, 74.2311225 , 76.58306588, 78.93500925, 81.28695263, 83.638896  , 85.99083938, 88.34278275, 90.69472613, 93.0466695 , 95.39861288, 97.75055625,100.10249963,102.454443  ,104.80638638,107.15832975,109.51027313,111.8622165 ,114.21415988,116.56610325,118.91804663,121.26999   
rsrp_dl:0.03308569,0.08293391,0.11190603,0.08367796,0.03099171,0.02426331,0.01861557,0.01237259,0.00815273,0.0045352 ,0.00301166,0.00088932,0.00048541,0.00047124,0.00046061,0.00044643,0.00043226,0.00042517,0.00041809,0.00040037,0.00040037,0.00038974,0.00038266,0.00037203,0.00036848,0.00035786,0.00035431,0.00035077,0.00034723,0.00033305,0.00033305,0.00033305,0.00032242,0.00031888,0.00031534,0.00031534,0.00035786,0.00040746,0.00041809,0.00042517
rsrp_dl_bin_edges:-110.51122   ,-108.15926627,-105.80731255,-103.45535882,-101.1034051 , -98.75145137, -96.39949765, -94.04754392, -91.6955902 , -89.34363647, -86.99168275, -84.63972902, -82.2877753 , -79.93582157, -77.58386785, -75.23191413, -72.8799604 , -70.52800668, -68.17605295, -65.82409922, -63.4721455 , -61.12019177, -58.76823805, -56.41628432, -54.0643306 , -51.71237687, -49.36042315, -47.00846942, -44.6565157 , -42.30456197, -39.95260825, -37.60065452, -35.2487008 , -32.89674707, -30.54479335, -28.19283962, -25.8408859 , -23.48893217, -21.13697845, -18.78502472, -16.433071  
cqi_ul: 0., 0., 0., 0., 0., 0., 0., 0., 0., 0., 0., 0., 0., 0., 0., 0., 0., 0., 0., 0.,40., 0., 0., 0., 0., 0., 0., 0., 0., 0., 0., 0., 0., 0., 0., 0., 0., 0., 0., 0.
cqi_ul_bin_edges:-0.5  ,-0.475,-0.45 ,-0.425,-0.4  ,-0.375,-0.35 ,-0.325,-0.3  ,-0.275,-0.25 ,-0.225,-0.2  ,-0.175,-0.15 ,-0.125,-0.1  ,-0.075,-0.05 ,-0.025, 0.   , 0.025, 0.05 , 0.075, 0.1  , 0.125, 0.15 , 0.175, 0.2  , 0.225, 0.25 , 0.275, 0.3  , 0.325, 0.35 , 0.375, 0.4  , 0.425, 0.45 , 0.475, 0.5  
cqi_dl:0.15433205,0.        ,0.        ,0.        ,0.        ,0.        ,0.        ,0.        ,0.31099741,0.        ,0.        ,0.        ,0.        ,0.        ,0.        ,0.        ,1.36258865,0.        ,0.        ,0.        ,0.        ,0.        ,0.        ,0.        ,1.33692219,0.        ,0.        ,0.        ,0.        ,0.        ,0.        ,0.        ,1.78371847,0.        ,0.        ,0.        ,0.        ,0.        ,0.        ,3.05144124
cqi_dl_bin_edges:10.   ,10.125,10.25 ,10.375,10.5  ,10.625,10.75 ,10.875,11.   ,11.125,11.25 ,11.375,11.5  ,11.625,11.75 ,11.875,12.   ,12.125,12.25 ,12.375,12.5  ,12.625,12.75 ,12.875,13.   ,13.125,13.25 ,13.375,13.5  ,13.625,13.75 ,13.875,14.   ,14.125,14.25 ,14.375,14.5  ,14.625,14.75 ,14.875,15.   
mcs_ul: 0., 0., 0., 0., 0., 0., 0., 0., 0., 0., 0., 0., 0., 0., 0., 0., 0., 0., 0., 0.,40., 0., 0., 0., 0., 0., 0., 0., 0., 0., 0., 0., 0., 0., 0., 0., 0., 0., 0., 0.
mcs_ul_bin_edges:-0.5  ,-0.475,-0.45 ,-0.425,-0.4  ,-0.375,-0.35 ,-0.325,-0.3  ,-0.275,-0.25 ,-0.225,-0.2  ,-0.175,-0.15 ,-0.125,-0.1  ,-0.075,-0.05 ,-0.025, 0.   , 0.025, 0.05 , 0.075, 0.1  , 0.125, 0.15 , 0.175, 0.2  , 0.225, 0.25 , 0.275, 0.3  , 0.325, 0.35 , 0.375, 0.4  , 0.425, 0.45 , 0.475, 0.5  
mcs_dl:0.07716602,0.        ,0.        ,0.        ,0.03843301,0.        ,0.        ,0.        ,0.11706569,0.        ,0.        ,0.        ,0.24566462,0.        ,0.        ,0.        ,0.4356297 ,0.        ,0.        ,0.        ,0.33009725,0.        ,0.        ,0.        ,0.33836385,0.        ,0.        ,0.        ,0.44146299,0.        ,0.        ,0.        ,0.45039625,0.        ,0.        ,0.        ,0.        ,0.        ,0.        ,1.52572062
mcs_dl_bin_edges:18.  ,18.25,18.5 ,18.75,19.  ,19.25,19.5 ,19.75,20.  ,20.25,20.5 ,20.75,21.  ,21.25,21.5 ,21.75,22.  ,22.25,22.5 ,22.75,23.  ,23.25,23.5 ,23.75,24.  ,24.25,24.5 ,24.75,25.  ,25.25,25.5 ,25.75,26.  ,26.25,26.5 ,26.75,27.  ,27.25,27.5 ,27.75,28.  
eff_ul: 0., 0., 0., 0., 0., 0., 0., 0., 0., 0., 0., 0., 0., 0., 0., 0., 0., 0., 0., 0.,40., 0., 0., 0., 0., 0., 0., 0., 0., 0., 0., 0., 0., 0., 0., 0., 0., 0., 0., 0.
eff_ul_bin_edges:-0.5  ,-0.475,-0.45 ,-0.425,-0.4  ,-0.375,-0.35 ,-0.325,-0.3  ,-0.275,-0.25 ,-0.225,-0.2  ,-0.175,-0.15 ,-0.125,-0.1  ,-0.075,-0.05 ,-0.025, 0.   , 0.025, 0.05 , 0.075, 0.1  , 0.125, 0.15 , 0.175, 0.2  , 0.225, 0.25 , 0.275, 0.3  , 0.325, 0.35 , 0.375, 0.4  , 0.425, 0.45 , 0.475, 0.5  
eff_dl:0.29795278,0.        ,0.        ,0.        ,0.14839721,0.        ,0.        ,0.45201302,0.        ,0.        ,0.        ,0.94855808,0.        ,0.        ,0.        ,0.        ,1.6820496 ,0.        ,0.        ,0.        ,0.        ,1.27456861,0.        ,0.        ,0.        ,0.        ,0.        ,1.30648753,0.        ,0.        ,0.        ,0.        ,1.70457303,0.        ,0.        ,0.        ,1.73906605,0.        ,0.        ,5.89109911
eff_dl_bin_edges:4.8164053 ,4.88115216,4.94589901,5.01064587,5.07539273,5.14013959,5.20488644,5.2696333 ,5.33438016,5.39912702,5.46387387,5.52862073,5.59336759,5.65811445,5.7228613 ,5.78760816,5.85235502,5.91710188,5.98184873,6.04659559,6.11134245,6.17608931,6.24083617,6.30558302,6.37032988,6.43507674,6.4998236 ,6.56457045,6.62931731,6.69406417,6.75881102,6.82355788,6.88830474,6.9530516 ,7.01779846,7.08254531,7.14729217,7.21203903,7.27678589,7.34153274,7.4062796 
rul: 0., 0., 0., 0., 0., 0., 0., 0., 0., 0., 0., 0., 0., 0., 0., 0., 0., 0., 0., 0.,40., 0., 0., 0., 0., 0., 0., 0., 0., 0., 0., 0., 0., 0., 0., 0., 0., 0., 0., 0.
rul_bin_edges:-0.5  ,-0.475,-0.45 ,-0.425,-0.4  ,-0.375,-0.35 ,-0.325,-0.3  ,-0.275,-0.25 ,-0.225,-0.2  ,-0.175,-0.15 ,-0.125,-0.1  ,-0.075,-0.05 ,-0.025, 0.   , 0.025, 0.05 , 0.075, 0.1  , 0.125, 0.15 , 0.175, 0.2  , 0.225, 0.25 , 0.275, 0.3  , 0.325, 0.35 , 0.375, 0.4  , 0.425, 0.45 , 0.475, 0.5  
rdl:1.69034642e-02,0.00000000e+00,0.00000000e+00,0.00000000e+00,0.00000000e+00,0.00000000e+00,0.00000000e+00,0.00000000e+00,2.87543741e-04,1.48640336e-03,1.50389941e-03,2.30034993e-03,2.99220451e-03,4.95556535e-03,0.00000000e+00,0.00000000e+00,0.00000000e+00,2.87924090e-04,1.44152219e-04,1.34111009e-03,0.00000000e+00,1.50542080e-03,1.14599113e-03,1.15283741e-03,1.48183917e-03,1.51074569e-03,4.96203128e-03,1.90174432e-06,7.98732614e-06,3.00475602e-05,0.00000000e+00,1.52139545e-04,3.80348864e-07,1.08779775e-04,0.00000000e+00,1.33502451e-04,3.80348864e-07,1.97401060e-04,2.02345596e-04,8.45895873e-04
rdl_bin_edges:  0.       , 21.9095275, 43.819055 , 65.7285825, 87.63811  ,109.5476375,131.457165 ,153.3666925,175.27622  ,197.1857475,219.095275 ,241.0048025,262.91433  ,284.8238575,306.733385 ,328.6429125,350.55244  ,372.4619675,394.371495 ,416.2810225,438.19055  ,460.1000775,482.009605 ,503.9191325,525.82866  ,547.7381875,569.647715 ,591.5572425,613.46677  ,635.3762975,657.285825 ,679.1953525,701.10488  ,723.0144075,744.923935 ,766.8334625,788.74299  ,810.6525175,832.562045 ,854.4715725,876.3811   
lul: 0., 0., 0., 0., 0., 0., 0., 0., 0., 0., 0., 0., 0., 0., 0., 0., 0., 0., 0., 0.,40., 0., 0., 0., 0., 0., 0., 0., 0., 0., 0., 0., 0., 0., 0., 0., 0., 0., 0., 0.
lul_bin_edges:-0.5  ,-0.475,-0.45 ,-0.425,-0.4  ,-0.375,-0.35 ,-0.325,-0.3  ,-0.275,-0.25 ,-0.225,-0.2  ,-0.175,-0.15 ,-0.125,-0.1  ,-0.075,-0.05 ,-0.025, 0.   , 0.025, 0.05 , 0.075, 0.1  , 0.125, 0.15 , 0.175, 0.2  , 0.225, 0.25 , 0.275, 0.3  , 0.325, 0.35 , 0.375, 0.4  , 0.425, 0.45 , 0.475, 0.5  
ldl:1.34372626e+03,0.00000000e+00,0.00000000e+00,0.00000000e+00,0.00000000e+00,0.00000000e+00,0.00000000e+00,0.00000000e+00,0.00000000e+00,0.00000000e+00,0.00000000e+00,0.00000000e+00,0.00000000e+00,0.00000000e+00,0.00000000e+00,0.00000000e+00,0.00000000e+00,0.00000000e+00,0.00000000e+00,0.00000000e+00,0.00000000e+00,0.00000000e+00,0.00000000e+00,0.00000000e+00,0.00000000e+00,0.00000000e+00,0.00000000e+00,0.00000000e+00,0.00000000e+00,0.00000000e+00,0.00000000e+00,0.00000000e+00,0.00000000e+00,0.00000000e+00,0.00000000e+00,0.00000000e+00,1.74371174e+03,3.02355038e-02,1.34064224e+02,4.06758232e+02
ldl_bin_edges:0.        ,0.00027561,0.00055122,0.00082684,0.00110245,0.00137806,0.00165367,0.00192928,0.0022049 ,0.00248051,0.00275612,0.00303173,0.00330734,0.00358295,0.00385857,0.00413418,0.00440979,0.0046854 ,0.00496101,0.00523663,0.00551224,0.00578785,0.00606346,0.00633907,0.00661469,0.0068903 ,0.00716591,0.00744152,0.00771713,0.00799274,0.00826836,0.00854397,0.00881958,0.00909519,0.0093708 ,0.00964642,0.00992203,0.01019764,0.01047325,0.01074886,0.01102448
ilul: 0., 0., 0., 0., 0., 0., 0., 0., 0., 0., 0., 0., 0., 0., 0., 0., 0., 0., 0., 0.,40., 0., 0., 0., 0., 0., 0., 0., 0., 0., 0., 0., 0., 0., 0., 0., 0., 0., 0., 0.
ilul_bin_edges:-0.5  ,-0.475,-0.45 ,-0.425,-0.4  ,-0.375,-0.35 ,-0.325,-0.3  ,-0.275,-0.25 ,-0.225,-0.2  ,-0.175,-0.15 ,-0.125,-0.1  ,-0.075,-0.05 ,-0.025, 0.   , 0.025, 0.05 , 0.075, 0.1  , 0.125, 0.15 , 0.175, 0.2  , 0.225, 0.25 , 0.275, 0.3  , 0.325, 0.35 , 0.375, 0.4  , 0.425, 0.45 , 0.475, 0.5  
ildl:1.97437510e+02,0.00000000e+00,0.00000000e+00,0.00000000e+00,0.00000000e+00,0.00000000e+00,1.77703533e-02,1.77703533e-02,1.77703533e-02,2.22129416e-02,2.22129416e-02,1.77703533e-02,1.33277649e-02,2.22129416e-02,1.77703533e-02,1.77703533e-02,1.33277649e-02,1.77703533e-02,8.88517663e-03,1.33277649e-02,2.22129416e-02,2.22129416e-02,1.77703533e-02,1.02623790e+01,3.80685393e+01,1.55357313e+01,3.52430531e+01,7.61770619e+01,3.38436378e+01,2.57714548e+01,2.45497430e+01,1.42162826e+01,1.97561902e+01,1.83834305e+01,1.01468717e+01,3.96723137e+00,1.46605414e+00,1.16840073e+00,3.02984523e+00,3.78952783e+00
ildl_bin_edges:0.        ,0.00187577,0.00375154,0.0056273 ,0.00750307,0.00937884,0.01125461,0.01313037,0.01500614,0.01688191,0.01875768,0.02063345,0.02250921,0.02438498,0.02626075,0.02813652,0.03001228,0.03188805,0.03376382,0.03563959,0.03751536,0.03939112,0.04126689,0.04314266,0.04501843,0.04689419,0.04876996,0.05064573,0.0525215 ,0.05439726,0.05627303,0.0581488 ,0.06002457,0.06190034,0.0637761 ,0.06565187,0.06752764,0.06940341,0.07127917,0.07315494,0.07503071
eul:3.08407866e-05,0.00000000e+00,0.00000000e+00,0.00000000e+00,0.00000000e+00,0.00000000e+00,0.00000000e+00,0.00000000e+00,0.00000000e+00,0.00000000e+00,0.00000000e+00,0.00000000e+00,0.00000000e+00,0.00000000e+00,0.00000000e+00,0.00000000e+00,0.00000000e+00,0.00000000e+00,0.00000000e+00,0.00000000e+00,8.33534773e-07,0.00000000e+00,0.00000000e+00,0.00000000e+00,8.33534773e-07,0.00000000e+00,8.33534773e-07,8.33534773e-07,1.16694868e-05,2.81551376e-02,7.18065201e-02,1.41700911e-05,8.33534773e-07,8.33534773e-07,0.00000000e+00,8.33534773e-07,0.00000000e+00,0.00000000e+00,0.00000000e+00,8.33534773e-07
eul_bin_edges:  0.    ,  9.9975, 19.995 , 29.9925, 39.99  , 49.9875, 59.985 , 69.9825, 79.98  , 89.9775, 99.975 ,109.9725,119.97  ,129.9675,139.965 ,149.9625,159.96  ,169.9575,179.955 ,189.9525,199.95  ,209.9475,219.945 ,229.9425,239.94  ,249.9375,259.935 ,269.9325,279.93  ,289.9275,299.925 ,309.9225,319.92  ,329.9175,339.915 ,349.9125,359.91  ,369.9075,379.905 ,389.9025,399.9   
edl:1.05777294e-01,0.00000000e+00,0.00000000e+00,0.00000000e+00,0.00000000e+00,0.00000000e+00,0.00000000e+00,0.00000000e+00,0.00000000e+00,0.00000000e+00,0.00000000e+00,0.00000000e+00,0.00000000e+00,0.00000000e+00,0.00000000e+00,0.00000000e+00,0.00000000e+00,0.00000000e+00,0.00000000e+00,0.00000000e+00,0.00000000e+00,0.00000000e+00,0.00000000e+00,0.00000000e+00,0.00000000e+00,0.00000000e+00,0.00000000e+00,0.00000000e+00,0.00000000e+00,0.00000000e+00,0.00000000e+00,0.00000000e+00,0.00000000e+00,9.93829921e-07,7.65249039e-05,1.33362037e-02,6.75804346e-05,9.93829921e-07,0.00000000e+00,9.93829921e-07
edl_bin_edges:  0.   ,  8.385, 16.77 , 25.155, 33.54 , 41.925, 50.31 , 58.695, 67.08 , 75.465, 83.85 , 92.235,100.62 ,109.005,117.39 ,125.775,134.16 ,142.545,150.93 ,159.315,167.7  ,176.085,184.47 ,192.855,201.24 ,209.625,218.01 ,226.395,234.78 ,243.165,251.55 ,259.935,268.32 ,276.705,285.09 ,293.475,301.86 ,310.245,318.63 ,327.015,335.4  
gul:1.30680828e-01,0.00000000e+00,0.00000000e+00,0.00000000e+00,0.00000000e+00,0.00000000e+00,0.00000000e+00,0.00000000e+00,0.00000000e+00,0.00000000e+00,0.00000000e+00,0.00000000e+00,0.00000000e+00,0.00000000e+00,0.00000000e+00,0.00000000e+00,0.00000000e+00,0.00000000e+00,0.00000000e+00,0.00000000e+00,0.00000000e+00,0.00000000e+00,0.00000000e+00,0.00000000e+00,0.00000000e+00,0.00000000e+00,0.00000000e+00,0.00000000e+00,0.00000000e+00,0.00000000e+00,0.00000000e+00,0.00000000e+00,0.00000000e+00,0.00000000e+00,0.00000000e+00,0.00000000e+00,0.00000000e+00,1.08931554e-06,2.17863108e-06,3.48580973e-05
gul_bin_edges:  0.  ,  7.65, 15.3 , 22.95, 30.6 , 38.25, 45.9 , 53.55, 61.2 , 68.85, 76.5 , 84.15, 91.8 , 99.45,107.1 ,114.75,122.4 ,130.05,137.7 ,145.35,153.  ,160.65,168.3 ,175.95,183.6 ,191.25,198.9 ,206.55,214.2 ,221.85,229.5 ,237.15,244.8 ,252.45,260.1 ,267.75,275.4 ,283.05,290.7 ,298.35,306.  
gdl:1.13093998e-02,0.00000000e+00,0.00000000e+00,0.00000000e+00,0.00000000e+00,0.00000000e+00,0.00000000e+00,0.00000000e+00,0.00000000e+00,0.00000000e+00,0.00000000e+00,0.00000000e+00,0.00000000e+00,0.00000000e+00,0.00000000e+00,0.00000000e+00,0.00000000e+00,0.00000000e+00,0.00000000e+00,0.00000000e+00,8.33534773e-07,0.00000000e+00,0.00000000e+00,0.00000000e+00,8.33534773e-07,0.00000000e+00,8.33534773e-07,8.33534773e-07,1.08359520e-05,2.48818465e-02,6.38037527e-02,1.33365564e-05,8.33534773e-07,0.00000000e+00,0.00000000e+00,8.33534773e-07,0.00000000e+00,0.00000000e+00,0.00000000e+00,8.33534773e-07
gdl_bin_edges:  0.    ,  9.9975, 19.995 , 29.9925, 39.99  , 49.9875, 59.985 , 69.9825, 79.98  , 89.9775, 99.975 ,109.9725,119.97  ,129.9675,139.965 ,149.9625,159.96  ,169.9575,179.955 ,189.9525,199.95  ,209.9475,219.945 ,229.9425,239.94  ,249.9375,259.935 ,269.9325,279.93  ,289.9275,299.925 ,309.9225,319.92  ,329.9175,339.915 ,349.9125,359.91  ,369.9075,379.905 ,389.9025,399.9   
ri: 0., 0., 0., 0., 0., 0., 0., 0., 0., 0., 0., 0., 0., 0., 0., 0., 0., 0., 0., 0.,40., 0., 0., 0., 0., 0., 0., 0., 0., 0., 0., 0., 0., 0., 0., 0., 0., 0., 0., 0.
ri_bin_edges:0.5  ,0.525,0.55 ,0.575,0.6  ,0.625,0.65 ,0.675,0.7  ,0.725,0.75 ,0.775,0.8  ,0.825,0.85 ,0.875,0.9  ,0.925,0.95 ,0.975,1.   ,1.025,1.05 ,1.075,1.1  ,1.125,1.15 ,1.175,1.2  ,1.225,1.25 ,1.275,1.3  ,1.325,1.35 ,1.375,1.4  ,1.425,1.45 ,1.475,1.5  
