period:1
ue_log_freq:1000
mac_log_freq:1000
mimo_layers:2
frequency:2412000000.0
bandwidth:50000000
ue_speed:5.555555555555555
max_distance:1000
shannon_cfg_bandwidth_mhz:50.0
shannon_cfg_mimo_layers:2
shannon_cfg_bw_efficiency:0.67
shannon_cfg_sinr_offset_db:0
shannon_cfg_ul_divisor:2
shannon_cfg_sinr_sample_rate:1000
n_ue:1
sinr_period:9.463597741343282
sinr_rate:105.66805852612856
ul_fairness:1.0
dl_fairness:1.0
ul_agg_throughput:209.55510575952047
dl_agg_throughput:285.1787264214592
ul_ave_throughput:209.55510575952047
dl_ave_throughput:285.1787264214592
ul_se:4.191102115190409
dl_se:5.703574528429184
ul_ase:1.3340692372709035e-06
dl_ase:1.815504158985061e-06
ul_gr:209.63241806318285
dl_gr:287.63809551587076
ul_tr:209.52787265481123
dl_tr:287.5326915491537
ul_er:90.365061957817
dl_er:12.359384505129126
ul_er_ratio:0.3013244112421041
dl_er_ratio:0.04121277450122417
ul_er_perc:30.13244112421041
dl_er_perc:4.121277450122417
ul_l:0.004230037735852202
dl_l:0.004283979797355856
ul_il:0.024665753522549815
dl_il:0.018476003719689837
sinr_ul:0.03313277,0.08289394,0.11191656,0.08366636,0.03099266,0.0242676 ,0.0186126 ,0.01237297,0.00815298,0.00453888,0.00301175,0.00088935,0.00048542,0.00047125,0.00046062,0.00044645,0.00043227,0.00042519,0.00041456,0.00040747,0.00039684,0.00038621,0.00038267,0.00037204,0.00037204,0.00035787,0.00035787,0.00034724,0.00034369,0.00034015,0.00033306,0.00032952,0.00032243,0.00031889,0.00031535,0.00031535,0.00035787,0.00040747,0.0004181 ,0.00042519
sinr_ul_bin_edges: 21.147467  , 23.49934832, 25.85122965, 28.20311097, 30.5549923 , 32.90687363, 35.25875495, 37.61063627, 39.9625176 , 42.31439892, 44.66628025, 47.01816157, 49.3700429 , 51.72192422, 54.07380555, 56.42568687, 58.7775682 , 61.12944952, 63.48133085, 65.83321217, 68.1850935 , 70.53697482, 72.88885615, 75.24073748, 77.5926188 , 79.94450012, 82.29638145, 84.64826278, 87.0001441 , 89.35202542, 91.70390675, 94.05578808, 96.4076694 , 98.75955072,101.11143205,103.46331337,105.8151947 ,108.16707603,110.51895735,112.87083867,115.22272   
sinr_dl:0.03313995,0.08289418,0.11192751,0.08364534,0.03099984,0.02426059,0.01861974,0.01236946,0.008153  ,0.00453889,0.00301176,0.00088935,0.00048542,0.00047125,0.00046062,0.00044645,0.00043228,0.00042519,0.00041456,0.00040747,0.00039684,0.00038621,0.00038267,0.00037204,0.00037204,0.00035787,0.00035787,0.00034724,0.00034369,0.00034015,0.00033306,0.00032952,0.00032244,0.00031889,0.00031535,0.00031535,0.00035787,0.00040747,0.0004181 ,0.00042519
sinr_dl_bin_edges: 31.081985  , 33.43385962, 35.78573425, 38.13760887, 40.4894835 , 42.84135812, 45.19323275, 47.54510738, 49.896982  , 52.24885663, 54.60073125, 56.95260587, 59.3044805 , 61.65635512, 64.00822975, 66.36010437, 68.711979  , 71.06385362, 73.41572825, 75.76760287, 78.1194775 , 80.47135212, 82.82322675, 85.17510137, 87.526976  , 89.87885062, 92.23072525, 94.58259987, 96.9344745 , 99.28634913,101.63822375,103.99009838,106.341973  ,108.69384762,111.04572225,113.39759687,115.7494715 ,118.10134612,120.45322075,122.80509537,125.15697   
rsrp_ul:0.03312558,0.08291139,0.11191266,0.08365547,0.03099965,0.02426398,0.01861254,0.01237293,0.00815295,0.00453887,0.00301174,0.00088935,0.00048542,0.00047125,0.00046062,0.00044645,0.00043227,0.00042519,0.00041456,0.00040747,0.00039684,0.00038621,0.00038267,0.00037204,0.00037204,0.00035787,0.00035787,0.00034724,0.00034369,0.00034015,0.00033306,0.00032952,0.00032243,0.00031889,0.00031535,0.00031535,0.00035787,0.00040747,0.0004181 ,0.00042519
rsrp_ul_bin_edges:-110.15721  ,-107.8053211,-105.4534322,-103.1015433,-100.7496544, -98.3977655, -96.0458766, -93.6939877, -91.3420988, -88.9902099, -86.638321 , -84.2864321, -81.9345432, -79.5826543, -77.2307654, -74.8788765, -72.5269876, -70.1750987, -67.8232098, -65.4713209, -63.119432 , -60.7675431, -58.4156542, -56.0637653, -53.7118764, -51.3599875, -49.0080986, -46.6562097, -44.3043208, -41.9524319, -39.600543 , -37.2486541, -34.8967652, -32.5448763, -30.1929874, -27.8410985, -25.4892096, -23.1373207, -20.7854318, -18.4335429, -16.081654 
rsrp_dl:0.03312558,0.08290784,0.1119162 ,0.08365546,0.03099965,0.02426398,0.01861254,0.01237293,0.00815295,0.00453887,0.00301174,0.00088935,0.00048542,0.00047125,0.00046062,0.00044645,0.00043227,0.00042519,0.00041456,0.00040747,0.00039684,0.00038621,0.00038267,0.00037204,0.00037204,0.00035787,0.00035787,0.00034724,0.00034369,0.00034015,0.00033306,0.00032952,0.00032243,0.00031889,0.00031535,0.00031535,0.00035787,0.00040747,0.0004181 ,0.00042519
rsrp_dl_bin_edges:-117.52914   ,-115.17725097,-112.82536195,-110.47347292,-108.1215839 ,-105.76969487,-103.41780585,-101.06591683, -98.7140278 , -96.36213878, -94.01024975, -91.65836072, -89.3064717 , -86.95458267, -84.60269365, -82.25080463, -79.8989156 , -77.54702658, -75.19513755, -72.84324853, -70.4913595 , -68.13947047, -65.78758145, -63.43569243, -61.0838034 , -58.73191438, -56.38002535, -54.02813633, -51.6762473 , -49.32435828, -46.97246925, -44.62058023, -42.2686912 , -39.91680218, -37.56491315, -35.21302413, -32.8611351 , -30.50924608, -28.15735705, -25.80546803, -23.453579  
cqi_ul:0.10783243,0.        ,0.        ,0.        ,0.        ,0.440413  ,0.        ,0.        ,0.        ,0.        ,0.86903442,0.        ,0.        ,0.        ,0.        ,0.92565895,0.        ,0.        ,0.        ,0.        ,0.95253373,0.        ,0.        ,0.        ,0.        ,0.45770452,0.        ,0.        ,0.        ,0.        ,0.3164557 ,0.        ,0.        ,0.        ,0.        ,0.18204015,0.        ,0.        ,0.        ,0.7483271 
cqi_ul_bin_edges: 7. , 7.2, 7.4, 7.6, 7.8, 8. , 8.2, 8.4, 8.6, 8.8, 9. , 9.2, 9.4, 9.6, 9.8,10. ,10.2,10.4,10.6,10.8,11. ,11.2,11.4,11.6,11.8,12. ,12.2,12.4,12.6,12.8,13. ,13.2,13.4,13.6,13.8,14. ,14.2,14.4,14.6,14.8,15. 
cqi_dl: 0.06033283, 0.        , 0.        , 0.        , 0.        , 0.        , 0.        , 0.        , 0.        , 0.        , 0.        , 0.        , 0.        , 0.88421485, 0.        , 0.        , 0.        , 0.        , 0.        , 0.        , 0.        , 0.        , 0.        , 0.        , 0.        , 0.        , 1.85542898, 0.        , 0.        , 0.        , 0.        , 0.        , 0.        , 0.        , 0.        , 0.        , 0.        , 0.        , 0.        ,10.53335667
cqi_dl_bin_edges:12.   ,12.075,12.15 ,12.225,12.3  ,12.375,12.45 ,12.525,12.6  ,12.675,12.75 ,12.825,12.9  ,12.975,13.05 ,13.125,13.2  ,13.275,13.35 ,13.425,13.5  ,13.575,13.65 ,13.725,13.8  ,13.875,13.95 ,14.025,14.1  ,14.175,14.25 ,14.325,14.4  ,14.475,14.55 ,14.625,14.7  ,14.775,14.85 ,14.925,15.   
mcs_ul:0.05391622,0.        ,0.08541595,0.        ,0.        ,0.13479054,0.        ,0.26624778,0.        ,0.        ,0.16826943,0.        ,0.20551912,0.        ,0.        ,0.25731036,0.        ,0.28283098,0.        ,0.        ,0.19341505,0.        ,0.16301947,0.        ,0.        ,0.06585362,0.        ,0.10472829,0.        ,0.        ,0.05349955,0.        ,0.04741627,0.        ,0.        ,0.0436038 ,0.        ,0.        ,0.        ,0.37416355
mcs_ul_bin_edges:12. ,12.4,12.8,13.2,13.6,14. ,14.4,14.8,15.2,15.6,16. ,16.4,16.8,17.2,17.6,18. ,18.4,18.8,19.2,19.6,20. ,20.4,20.8,21.2,21.6,22. ,22.4,22.8,23.2,23.6,24. ,24.4,24.8,25.2,25.6,26. ,26.4,26.8,27.2,27.6,28. 
mcs_dl:0.03016642,0.        ,0.        ,0.        ,0.        ,0.        ,0.14694322,0.        ,0.        ,0.        ,0.        ,0.        ,0.        ,0.29516421,0.        ,0.        ,0.        ,0.        ,0.        ,0.        ,0.31527515,0.        ,0.        ,0.        ,0.        ,0.        ,0.61243934,0.        ,0.        ,0.        ,0.        ,0.        ,0.        ,0.        ,0.        ,0.        ,0.        ,0.        ,0.        ,5.26667833
mcs_dl_bin_edges:22.  ,22.15,22.3 ,22.45,22.6 ,22.75,22.9 ,23.05,23.2 ,23.35,23.5 ,23.65,23.8 ,23.95,24.1 ,24.25,24.4 ,24.55,24.7 ,24.85,25.  ,25.15,25.3 ,25.45,25.6 ,25.75,25.9 ,26.05,26.2 ,26.35,26.5 ,26.65,26.8 ,26.95,27.1 ,27.25,27.4 ,27.55,27.7 ,27.85,28.  
eff_ul:0.19709065,0.        ,0.3122379 ,0.        ,0.        ,0.49272663,0.        ,0.97326837,0.        ,0.        ,0.61510865,0.        ,0.        ,0.75127484,0.        ,0.        ,0.94059762,0.        ,0.        ,1.03388821,0.        ,0.70702844,0.        ,0.59591745,0.        ,0.        ,0.2407278 ,0.        ,0.        ,0.38283412,0.        ,0.        ,0.19556754,0.        ,0.        ,0.17333011,0.        ,0.15939364,0.        ,1.36775429
eff_ul_bin_edges:3.029297 ,3.1387212,3.2481454,3.3575696,3.4669938,3.576418 ,3.6858422,3.7952664,3.9046906,4.0141148,4.123539 ,4.2329632,4.3423874,4.4518116,4.5612358,4.67066  ,4.7800842,4.8895084,4.9989326,5.1083568,5.217781 ,5.3272052,5.4366294,5.5460536,5.6554778,5.764902 ,5.8743262,5.9837504,6.0931746,6.2025988,6.312023 ,6.4214472,6.5308714,6.6402956,6.7497198,6.859144 ,6.9685682,7.0779924,7.1874166,7.2968408,7.406265 
eff_dl: 0.11942011, 0.        , 0.        , 0.        , 0.        , 0.        , 0.        , 0.        , 0.58170569, 0.        , 0.        , 0.        , 0.        , 0.        , 0.        , 0.        , 0.        , 1.16846969, 0.        , 0.        , 0.        , 0.        , 0.        , 0.        , 0.        , 0.        , 0.        , 1.2480831 , 0.        , 0.        , 0.        , 0.        , 0.        , 2.42447014, 0.        , 0.        , 0.        , 0.        , 0.        ,20.8492556 
eff_dl_bin_edges:5.89062   ,5.92851112,5.96640225,6.00429338,6.0421845 ,6.08007563,6.11796675,6.15585788,6.193749  ,6.23164013,6.26953125,6.30742237,6.3453135 ,6.38320463,6.42109575,6.45898687,6.496878  ,6.53476913,6.57266025,6.61055138,6.6484425 ,6.68633363,6.72422475,6.76211588,6.800007  ,6.83789813,6.87578925,6.91368038,6.9515715 ,6.98946262,7.02735375,7.06524488,7.103136  ,7.14102713,7.17891825,7.21680938,7.2547005 ,7.29259163,7.33048275,7.36837388,7.406265  
rul:1.89584113e-02,0.00000000e+00,0.00000000e+00,0.00000000e+00,0.00000000e+00,0.00000000e+00,0.00000000e+00,2.13060800e-04,5.91183723e-04,1.02183853e-03,9.89572754e-04,1.25383214e-03,1.05197104e-03,1.45782653e-03,1.03410486e-03,2.70392555e-04,4.66920477e-04,7.33313143e-04,1.93328010e-04,3.44790507e-04,9.25307856e-04,2.43459963e-04,2.14660756e-04,7.99977974e-07,2.76525720e-04,1.77061792e-04,2.68259281e-04,2.63726072e-04,1.11730257e-04,1.36796234e-04,0.00000000e+00,1.04797115e-04,3.59990088e-05,6.45315566e-05,3.35990749e-05,5.49318209e-05,0.00000000e+00,2.62392775e-04,2.63992731e-05,2.17860668e-04
rul_bin_edges:   0.    ,  31.2506,  62.5012,  93.7518, 125.0024, 156.253 , 187.5036, 218.7542, 250.0048, 281.2554, 312.506 , 343.7566, 375.0072, 406.2578, 437.5084, 468.759 , 500.0096, 531.2602, 562.5108, 593.7614, 625.012 , 656.2626, 687.5132, 718.7638, 750.0144, 781.265 , 812.5156, 843.7662, 875.0168, 906.2674, 937.518 , 968.7686,1000.0192,1031.2698,1062.5204,1093.771 ,1125.0216,1156.2722,1187.5228,1218.7734,1250.024 
rdl:2.01407346e-02,0.00000000e+00,0.00000000e+00,0.00000000e+00,0.00000000e+00,0.00000000e+00,0.00000000e+00,0.00000000e+00,0.00000000e+00,0.00000000e+00,0.00000000e+00,2.85263365e-07,0.00000000e+00,0.00000000e+00,0.00000000e+00,5.10621423e-05,2.59304399e-04,5.03775102e-04,5.39147760e-04,1.01582284e-03,8.69853578e-03,0.00000000e+00,0.00000000e+00,0.00000000e+00,0.00000000e+00,0.00000000e+00,0.00000000e+00,0.00000000e+00,0.00000000e+00,0.00000000e+00,0.00000000e+00,1.31221148e-05,0.00000000e+00,5.90495165e-05,0.00000000e+00,1.26656934e-04,5.70526730e-07,1.34644308e-04,2.78131781e-04,2.41104596e-03
rdl_bin_edges:   0.       ,  29.2125275,  58.425055 ,  87.6375825, 116.85011  , 146.0626375, 175.275165 , 204.4876925, 233.70022  , 262.9127475, 292.125275 , 321.3378025, 350.55033  , 379.7628575, 408.975385 , 438.1879125, 467.40044  , 496.6129675, 525.825495 , 555.0380225, 584.25055  , 613.4630775, 642.675605 , 671.8881325, 701.10066  , 730.3131875, 759.525715 , 788.7382425, 817.95077  , 847.1632975, 876.375825 , 905.5883525, 934.80088  , 964.0134075, 993.225935 ,1022.4384625,1051.65099  ,1080.8635175,1110.076045 ,1139.2885725,1168.5011   
lul:2129.36132191,   0.        ,   0.        ,   0.        ,   0.        ,   0.        ,   0.        ,   0.        ,   0.        ,   0.        ,   0.        ,   0.        ,   0.        ,   0.        ,   0.        ,   0.        ,   0.        ,   0.        ,   0.        ,   0.        ,   0.        ,   0.        ,   0.        ,   0.        ,   0.        ,   0.        ,   0.        ,   0.        ,   0.        ,   0.        ,   0.        ,   0.        ,   0.        ,   0.        ,   0.        , 521.49824655, 228.16297049, 330.02464845,   2.27623861, 382.76749316
lul_bin_edges:0.        ,0.00027823,0.00055647,0.0008347 ,0.00111294,0.00139117,0.00166941,0.00194764,0.00222588,0.00250411,0.00278234,0.00306058,0.00333881,0.00361705,0.00389528,0.00417352,0.00445175,0.00472999,0.00500822,0.00528646,0.00556469,0.00584292,0.00612116,0.00639939,0.00667763,0.00695586,0.0072341 ,0.00751233,0.00779057,0.0080688 ,0.00834703,0.00862527,0.0089035 ,0.00918174,0.00945997,0.00973821,0.01001644,0.01029468,0.01057291,0.01085114,0.01112938
ldl:2.11716546e+03,0.00000000e+00,0.00000000e+00,0.00000000e+00,0.00000000e+00,0.00000000e+00,0.00000000e+00,0.00000000e+00,0.00000000e+00,0.00000000e+00,0.00000000e+00,0.00000000e+00,0.00000000e+00,0.00000000e+00,0.00000000e+00,0.00000000e+00,0.00000000e+00,0.00000000e+00,0.00000000e+00,0.00000000e+00,0.00000000e+00,0.00000000e+00,0.00000000e+00,0.00000000e+00,0.00000000e+00,0.00000000e+00,0.00000000e+00,0.00000000e+00,0.00000000e+00,0.00000000e+00,0.00000000e+00,0.00000000e+00,0.00000000e+00,0.00000000e+00,0.00000000e+00,4.09765254e+02,3.14977990e+02,3.15997530e+02,1.85916178e+00,4.38642235e+02
ldl_bin_edges:0.        ,0.0002779 ,0.0005558 ,0.0008337 ,0.0011116 ,0.0013895 ,0.0016674 ,0.0019453 ,0.00222321,0.00250111,0.00277901,0.00305691,0.00333481,0.00361271,0.00389061,0.00416851,0.00444641,0.00472431,0.00500221,0.00528011,0.00555801,0.00583591,0.00611382,0.00639172,0.00666962,0.00694752,0.00722542,0.00750332,0.00778122,0.00805912,0.00833702,0.00861492,0.00889282,0.00917072,0.00944862,0.00972652,0.01000443,0.01028233,0.01056023,0.01083813,0.01111603
ilul:2.49569798e+02,0.00000000e+00,0.00000000e+00,0.00000000e+00,7.02064245e-03,0.00000000e+00,1.05309637e-02,1.05309637e-02,0.00000000e+00,7.02064245e-03,1.05309637e-02,0.00000000e+00,1.05309637e-02,7.02064245e-03,7.02064245e-03,7.02064245e-03,5.69374103e+00,1.72181256e+01,5.50418368e+00,5.08294514e+00,4.56341759e+00,8.69506568e+00,7.32955072e+00,1.41816978e+01,1.79272105e+01,1.43010487e+01,1.26020532e+01,6.48005298e+00,6.41686720e+00,9.94825036e+00,7.83503698e+00,3.85784303e+00,4.00527652e+00,3.09259300e+00,5.35675019e+00,2.91005630e+00,2.82580859e+00,1.99386246e+00,1.94822828e+00,1.82536704e+00
ilul_bin_edges:0.        ,0.00237393,0.00474786,0.0071218 ,0.00949573,0.01186966,0.01424359,0.01661752,0.01899146,0.02136539,0.02373932,0.02611325,0.02848718,0.03086112,0.03323505,0.03560898,0.03798291,0.04035684,0.04273078,0.04510471,0.04747864,0.04985257,0.0522265 ,0.05460044,0.05697437,0.0593483 ,0.06172223,0.06409616,0.0664701 ,0.06884403,0.07121796,0.07359189,0.07596582,0.07833976,0.08071369,0.08308762,0.08546155,0.08783548,0.09020942,0.09258335,0.09495728
ildl:4.24336909e+02,0.00000000e+00,0.00000000e+00,0.00000000e+00,0.00000000e+00,0.00000000e+00,0.00000000e+00,6.01009729e-03,6.01009729e-03,3.00504865e-02,1.80302919e-02,2.40403892e-02,2.40403892e-02,3.00504865e-02,1.80302919e-02,2.40403892e-02,3.00504865e-02,1.80302919e-02,2.40403892e-02,3.60605838e-02,2.40403892e-02,1.80302919e-02,2.40403892e-02,2.40403892e-02,3.00504865e-02,1.20201946e-02,2.40403892e-02,3.60605838e-02,1.20201946e-02,2.24176629e+00,3.28391716e+01,9.34449927e+01,8.97668132e+01,4.71972940e+01,1.64075656e+01,7.76504570e+00,4.54363355e+00,1.35227189e+00,6.13029924e-01,2.16363503e-01
ildl_bin_edges:0.        ,0.00138654,0.00277309,0.00415963,0.00554618,0.00693272,0.00831926,0.00970581,0.01109235,0.0124789 ,0.01386544,0.01525198,0.01663853,0.01802507,0.01941161,0.02079816,0.0221847 ,0.02357125,0.02495779,0.02634433,0.02773088,0.02911742,0.03050397,0.03189051,0.03327705,0.0346636 ,0.03605014,0.03743669,0.03882323,0.04020977,0.04159632,0.04298286,0.04436941,0.04575595,0.04714249,0.04852904,0.04991558,0.05130213,0.05268867,0.05407521,0.05546176
eul:7.90966810e-02,0.00000000e+00,0.00000000e+00,0.00000000e+00,0.00000000e+00,0.00000000e+00,0.00000000e+00,0.00000000e+00,0.00000000e+00,0.00000000e+00,0.00000000e+00,0.00000000e+00,0.00000000e+00,0.00000000e+00,0.00000000e+00,0.00000000e+00,0.00000000e+00,0.00000000e+00,0.00000000e+00,0.00000000e+00,0.00000000e+00,0.00000000e+00,0.00000000e+00,0.00000000e+00,9.43210401e-07,9.43210401e-07,0.00000000e+00,9.43210401e-07,7.54568320e-06,3.39555744e-05,3.11259432e-05,1.82039607e-04,2.83906331e-04,2.24729310e-02,1.05469787e-02,2.84849541e-04,1.71664293e-04,4.24444680e-05,1.98074184e-05,9.43210401e-06
eul_bin_edges:  0.   ,  8.835, 17.67 , 26.505, 35.34 , 44.175, 53.01 , 61.845, 70.68 , 79.515, 88.35 , 97.185,106.02 ,114.855,123.69 ,132.525,141.36 ,150.195,159.03 ,167.865,176.7  ,185.535,194.37 ,203.205,212.04 ,220.875,229.71 ,238.545,247.38 ,256.215,265.05 ,273.885,282.72 ,291.555,300.39 ,309.225,318.06 ,326.895,335.73 ,344.565,353.4  
edl:1.12143315e-01,0.00000000e+00,0.00000000e+00,0.00000000e+00,0.00000000e+00,0.00000000e+00,0.00000000e+00,0.00000000e+00,0.00000000e+00,0.00000000e+00,0.00000000e+00,0.00000000e+00,0.00000000e+00,0.00000000e+00,0.00000000e+00,0.00000000e+00,0.00000000e+00,0.00000000e+00,0.00000000e+00,0.00000000e+00,0.00000000e+00,0.00000000e+00,0.00000000e+00,0.00000000e+00,0.00000000e+00,0.00000000e+00,0.00000000e+00,0.00000000e+00,0.00000000e+00,9.74650747e-07,4.87325374e-06,5.84790448e-06,1.75437135e-05,5.26311404e-05,1.56139050e-03,2.94539456e-03,1.85183642e-04,3.11888239e-05,2.92395224e-06,7.79720598e-06
edl_bin_edges:  0.  ,  8.55, 17.1 , 25.65, 34.2 , 42.75, 51.3 , 59.85, 68.4 , 76.95, 85.5 , 94.05,102.6 ,111.15,119.7 ,128.25,136.8 ,145.35,153.9 ,162.45,171.  ,179.55,188.1 ,196.65,205.2 ,213.75,222.3 ,230.85,239.4 ,247.95,256.5 ,265.05,273.6 ,282.15,290.7 ,299.25,307.8 ,316.35,324.9 ,333.45,342.  
gul:3.25962291e-02,0.00000000e+00,0.00000000e+00,0.00000000e+00,0.00000000e+00,0.00000000e+00,0.00000000e+00,0.00000000e+00,0.00000000e+00,0.00000000e+00,0.00000000e+00,0.00000000e+00,0.00000000e+00,0.00000000e+00,0.00000000e+00,0.00000000e+00,0.00000000e+00,0.00000000e+00,0.00000000e+00,0.00000000e+00,0.00000000e+00,0.00000000e+00,0.00000000e+00,9.01868386e-07,0.00000000e+00,0.00000000e+00,6.31307870e-06,2.07429729e-05,1.00107391e-04,6.76401290e-05,6.59265790e-04,2.06924683e-02,3.37560318e-02,1.95516047e-02,6.06957424e-04,3.51728671e-05,1.04616733e-04,2.16448413e-05,4.50934193e-06,9.01868386e-07
gul_bin_edges:  0.  ,  9.24, 18.48, 27.72, 36.96, 46.2 , 55.44, 64.68, 73.92, 83.16, 92.4 ,101.64,110.88,120.12,129.36,138.6 ,147.84,157.08,166.32,175.56,184.8 ,194.04,203.28,212.52,221.76,231.  ,240.24,249.48,258.72,267.96,277.2 ,286.44,295.68,304.92,314.16,323.4 ,332.64,341.88,351.12,360.36,369.6 
gdl:4.45703357e-03,0.00000000e+00,0.00000000e+00,0.00000000e+00,0.00000000e+00,0.00000000e+00,0.00000000e+00,0.00000000e+00,0.00000000e+00,0.00000000e+00,0.00000000e+00,0.00000000e+00,0.00000000e+00,0.00000000e+00,0.00000000e+00,0.00000000e+00,0.00000000e+00,0.00000000e+00,0.00000000e+00,0.00000000e+00,0.00000000e+00,0.00000000e+00,0.00000000e+00,1.80373677e-06,9.01868386e-07,0.00000000e+00,8.11681548e-06,2.70560516e-05,1.43397073e-04,9.37943122e-05,8.45050678e-04,2.74086821e-02,4.82373325e-02,2.59476553e-02,8.19798363e-04,4.87008929e-05,1.45200810e-04,3.24672619e-05,7.21494709e-06,9.01868386e-07
gdl_bin_edges:  0.  ,  9.24, 18.48, 27.72, 36.96, 46.2 , 55.44, 64.68, 73.92, 83.16, 92.4 ,101.64,110.88,120.12,129.36,138.6 ,147.84,157.08,166.32,175.56,184.8 ,194.04,203.28,212.52,221.76,231.  ,240.24,249.48,258.72,267.96,277.2 ,286.44,295.68,304.92,314.16,323.4 ,332.64,341.88,351.12,360.36,369.6 
ri: 0., 0., 0., 0., 0., 0., 0., 0., 0., 0., 0., 0., 0., 0., 0., 0., 0., 0., 0., 0.,40., 0., 0., 0., 0., 0., 0., 0., 0., 0., 0., 0., 0., 0., 0., 0., 0., 0., 0., 0.
ri_bin_edges:0.5  ,0.525,0.55 ,0.575,0.6  ,0.625,0.65 ,0.675,0.7  ,0.725,0.75 ,0.775,0.8  ,0.825,0.85 ,0.875,0.9  ,0.925,0.95 ,0.975,1.   ,1.025,1.05 ,1.075,1.1  ,1.125,1.15 ,1.175,1.2  ,1.225,1.25 ,1.275,1.3  ,1.325,1.35 ,1.375,1.4  ,1.425,1.45 ,1.475,1.5  
