period:1
ue_log_freq:1000
mac_log_freq:1000
mimo_layers:2
frequency:2412000000.0
bandwidth:50000000
ue_speed:5.555555555555555
max_distance:1000
shannon_cfg_bandwidth_mhz:50.0
shannon_cfg_mimo_layers:2
shannon_cfg_bw_efficiency:0.67
shannon_cfg_sinr_offset_db:0
shannon_cfg_ul_divisor:2
shannon_cfg_sinr_sample_rate:1000
n_ue:1
sinr_period:9.463597741343282
sinr_rate:105.66805852612856
ul_fairness:1.0
dl_fairness:1.0
ul_agg_throughput:70.5773960812446
dl_agg_throughput:109.76402217383533
ul_ave_throughput:70.5773960812446
dl_ave_throughput:109.76402217383533
ul_se:1.411547921624892
dl_se:2.1952804434767064
ul_ase:4.493096582753857e-07
dl_ase:6.98779468104572e-07
ul_gr:70.90867637745407
dl_gr:113.77050764974501
ul_tr:70.55407033778874
dl_tr:113.38503112396252
ul_er:229.07015432818903
dl_er:186.2183727209093
ul_er_ratio:0.7645248129838544
dl_er_ratio:0.6215495896613015
ul_er_perc:76.45248129838545
dl_er_perc:62.154958966130145
ul_l:0.006345196217642746
dl_l:0.006447664515899469
ul_il:0.09470909599570014
dl_il:0.06287679723462551
sinr_ul: 0., 0., 0., 0., 0., 0., 0., 0., 0., 0., 0., 0., 0., 0., 0., 0., 0., 0., 0., 0.,40., 0., 0., 0., 0., 0., 0., 0., 0., 0., 0., 0., 0., 0., 0., 0., 0., 0., 0., 0.
sinr_ul_bin_edges:26.220236,26.245236,26.270236,26.295236,26.320236,26.345236,26.370236,26.395236,26.420236,26.445236,26.470236,26.495236,26.520236,26.545236,26.570236,26.595236,26.620236,26.645236,26.670236,26.695236,26.720236,26.745236,26.770236,26.795236,26.820236,26.845236,26.870236,26.895236,26.920236,26.945236,26.970236,26.995236,27.020236,27.045236,27.070236,27.095236,27.120236,27.145236,27.170236,27.195236,27.220236
sinr_dl: 0., 0., 0., 0., 0., 0., 0., 0., 0., 0., 0., 0., 0., 0., 0., 0., 0., 0., 0., 0.,40., 0., 0., 0., 0., 0., 0., 0., 0., 0., 0., 0., 0., 0., 0., 0., 0., 0., 0., 0.
sinr_dl_bin_edges:35.791195,35.816195,35.841195,35.866195,35.891195,35.916195,35.941195,35.966195,35.991195,36.016195,36.041195,36.066195,36.091195,36.116195,36.141195,36.166195,36.191195,36.216195,36.241195,36.266195,36.291195,36.316195,36.341195,36.366195,36.391195,36.416195,36.441195,36.466195,36.491195,36.516195,36.541195,36.566195,36.591195,36.616195,36.641195,36.666195,36.691195,36.716195,36.741195,36.766195,36.791195
rsrp_ul: 0., 0., 0., 0., 0., 0., 0., 0., 0., 0., 0., 0., 0., 0., 0., 0., 0., 0., 0., 0.,40., 0., 0., 0., 0., 0., 0., 0., 0., 0., 0., 0., 0., 0., 0., 0., 0., 0., 0., 0.
rsrp_ul_bin_edges:-88.51637,-88.49137,-88.46637,-88.44137,-88.41637,-88.39137,-88.36637,-88.34137,-88.31637,-88.29137,-88.26637,-88.24137,-88.21637,-88.19137,-88.16637,-88.14137,-88.11637,-88.09137,-88.06637,-88.04137,-88.01637,-87.99137,-87.96637,-87.94137,-87.91637,-87.89137,-87.86637,-87.84137,-87.81637,-87.79137,-87.76637,-87.74137,-87.71637,-87.69137,-87.66637,-87.64137,-87.61637,-87.59137,-87.56637,-87.54137,-87.51637
rsrp_dl: 0., 0., 0., 0., 0., 0., 0., 0., 0., 0., 0., 0., 0., 0., 0., 0., 0., 0., 0., 0.,40., 0., 0., 0., 0., 0., 0., 0., 0., 0., 0., 0., 0., 0., 0., 0., 0., 0., 0., 0.
rsrp_dl_bin_edges:-88.76943,-88.74443,-88.71943,-88.69443,-88.66943,-88.64443,-88.61943,-88.59443,-88.56943,-88.54443,-88.51943,-88.49443,-88.46943,-88.44443,-88.41943,-88.39443,-88.36943,-88.34443,-88.31943,-88.29443,-88.26943,-88.24443,-88.21943,-88.19443,-88.16943,-88.14443,-88.11943,-88.09443,-88.06943,-88.04443,-88.01943,-87.99443,-87.96943,-87.94443,-87.91943,-87.89443,-87.86943,-87.84443,-87.81943,-87.79443,-87.76943
cqi_ul: 0., 0., 0., 0., 0., 0., 0., 0., 0., 0., 0., 0., 0., 0., 0., 0., 0., 0., 0., 0.,40., 0., 0., 0., 0., 0., 0., 0., 0., 0., 0., 0., 0., 0., 0., 0., 0., 0., 0., 0.
cqi_ul_bin_edges: 9.5  , 9.525, 9.55 , 9.575, 9.6  , 9.625, 9.65 , 9.675, 9.7  , 9.725, 9.75 , 9.775, 9.8  , 9.825, 9.85 , 9.875, 9.9  , 9.925, 9.95 , 9.975,10.   ,10.025,10.05 ,10.075,10.1  ,10.125,10.15 ,10.175,10.2  ,10.225,10.25 ,10.275,10.3  ,10.325,10.35 ,10.375,10.4  ,10.425,10.45 ,10.475,10.5  
cqi_dl: 0., 0., 0., 0., 0., 0., 0., 0., 0., 0., 0., 0., 0., 0., 0., 0., 0., 0., 0., 0.,40., 0., 0., 0., 0., 0., 0., 0., 0., 0., 0., 0., 0., 0., 0., 0., 0., 0., 0., 0.
cqi_dl_bin_edges:14.5  ,14.525,14.55 ,14.575,14.6  ,14.625,14.65 ,14.675,14.7  ,14.725,14.75 ,14.775,14.8  ,14.825,14.85 ,14.875,14.9  ,14.925,14.95 ,14.975,15.   ,15.025,15.05 ,15.075,15.1  ,15.125,15.15 ,15.175,15.2  ,15.225,15.25 ,15.275,15.3  ,15.325,15.35 ,15.375,15.4  ,15.425,15.45 ,15.475,15.5  
mcs_ul: 0., 0., 0., 0., 0., 0., 0., 0., 0., 0., 0., 0., 0., 0., 0., 0., 0., 0., 0., 0.,40., 0., 0., 0., 0., 0., 0., 0., 0., 0., 0., 0., 0., 0., 0., 0., 0., 0., 0., 0.
mcs_ul_bin_edges:16.5  ,16.525,16.55 ,16.575,16.6  ,16.625,16.65 ,16.675,16.7  ,16.725,16.75 ,16.775,16.8  ,16.825,16.85 ,16.875,16.9  ,16.925,16.95 ,16.975,17.   ,17.025,17.05 ,17.075,17.1  ,17.125,17.15 ,17.175,17.2  ,17.225,17.25 ,17.275,17.3  ,17.325,17.35 ,17.375,17.4  ,17.425,17.45 ,17.475,17.5  
mcs_dl: 0., 0., 0., 0., 0., 0., 0., 0., 0., 0., 0., 0., 0., 0., 0., 0., 0., 0., 0., 0.,40., 0., 0., 0., 0., 0., 0., 0., 0., 0., 0., 0., 0., 0., 0., 0., 0., 0., 0., 0.
mcs_dl_bin_edges:27.5  ,27.525,27.55 ,27.575,27.6  ,27.625,27.65 ,27.675,27.7  ,27.725,27.75 ,27.775,27.8  ,27.825,27.85 ,27.875,27.9  ,27.925,27.95 ,27.975,28.   ,28.025,28.05 ,28.075,28.1  ,28.125,28.15 ,28.175,28.2  ,28.225,28.25 ,28.275,28.3  ,28.325,28.35 ,28.375,28.4  ,28.425,28.45 ,28.475,28.5  
eff_ul: 0., 0., 0., 0., 0., 0., 0., 0., 0., 0., 0., 0., 0., 0., 0., 0., 0., 0., 0., 0.,40., 0., 0., 0., 0., 0., 0., 0., 0., 0., 0., 0., 0., 0., 0., 0., 0., 0., 0., 0.
eff_ul_bin_edges:4.023405,4.048405,4.073405,4.098405,4.123405,4.148405,4.173405,4.198405,4.223405,4.248405,4.273405,4.298405,4.323405,4.348405,4.373405,4.398405,4.423405,4.448405,4.473405,4.498405,4.523405,4.548405,4.573405,4.598405,4.623405,4.648405,4.673405,4.698405,4.723405,4.748405,4.773405,4.798405,4.823405,4.848405,4.873405,4.898405,4.923405,4.948405,4.973405,4.998405,5.023405
eff_dl: 0., 0., 0., 0., 0., 0., 0., 0., 0., 0., 0., 0., 0., 0., 0., 0., 0., 0., 0., 0.,40., 0., 0., 0., 0., 0., 0., 0., 0., 0., 0., 0., 0., 0., 0., 0., 0., 0., 0., 0.
eff_dl_bin_edges:6.906307,6.931307,6.956307,6.981307,7.006307,7.031307,7.056307,7.081307,7.106307,7.131307,7.156307,7.181307,7.206307,7.231307,7.256307,7.281307,7.306307,7.331307,7.356307,7.381307,7.406307,7.431307,7.456307,7.481307,7.506307,7.531307,7.556307,7.581307,7.606307,7.631307,7.656307,7.681307,7.706307,7.731307,7.756307,7.781307,7.806307,7.831307,7.856307,7.881307,7.906307
rul:0.07400044,0.        ,0.        ,0.        ,0.        ,0.        ,0.        ,0.        ,0.        ,0.        ,0.        ,0.0519615 ,0.        ,0.        ,0.        ,0.        ,0.        ,0.        ,0.        ,0.        ,0.        ,0.        ,0.        ,0.        ,0.        ,0.        ,0.        ,0.0519678 ,0.        ,0.        ,0.        ,0.        ,0.        ,0.        ,0.        ,0.        ,0.        ,0.        ,0.        ,0.01098168
rul_bin_edges:  0.      ,  5.293486, 10.586972, 15.880458, 21.173944, 26.46743 , 31.760916, 37.054402, 42.347888, 47.641374, 52.93486 , 58.228346, 63.521832, 68.815318, 74.108804, 79.40229 , 84.695776, 89.989262, 95.282748,100.576234,105.86972 ,111.163206,116.456692,121.750178,127.043664,132.33715 ,137.630636,142.924122,148.217608,153.511094,158.80458 ,164.098066,169.391552,174.685038,179.978524,185.27201 ,190.565496,195.858982,201.152468,206.445954,211.73944 
rdl:0.04511038,0.        ,0.        ,0.        ,0.        ,0.        ,0.        ,0.        ,0.        ,0.        ,0.        ,0.        ,0.        ,0.03326955,0.        ,0.        ,0.        ,0.        ,0.        ,0.        ,0.        ,0.        ,0.        ,0.        ,0.        ,0.        ,0.03327346,0.        ,0.        ,0.        ,0.        ,0.        ,0.        ,0.        ,0.        ,0.        ,0.        ,0.        ,0.        ,0.00589691
rdl_bin_edges:  0.        ,  8.50699625, 17.0139925 , 25.52098875, 34.027985  , 42.53498125, 51.0419775 , 59.54897375, 68.05597   , 76.56296625, 85.0699625 , 93.57695875,102.083955  ,110.59095125,119.0979475 ,127.60494375,136.11194   ,144.61893625,153.1259325 ,161.63292875,170.139925  ,178.64692125,187.1539175 ,195.66091375,204.16791   ,212.67490625,221.1819025 ,229.68889875,238.195895  ,246.70289125,255.2098875 ,263.71688375,272.22388   ,280.73087625,289.2378725 ,297.74486875,306.251865  ,314.75886125,323.2658575 ,331.77285375,340.27985   
lul:1.41344972e+03,0.00000000e+00,0.00000000e+00,0.00000000e+00,0.00000000e+00,0.00000000e+00,0.00000000e+00,0.00000000e+00,0.00000000e+00,0.00000000e+00,0.00000000e+00,0.00000000e+00,0.00000000e+00,0.00000000e+00,0.00000000e+00,0.00000000e+00,0.00000000e+00,0.00000000e+00,0.00000000e+00,0.00000000e+00,0.00000000e+00,0.00000000e+00,0.00000000e+00,0.00000000e+00,0.00000000e+00,0.00000000e+00,0.00000000e+00,0.00000000e+00,0.00000000e+00,0.00000000e+00,0.00000000e+00,0.00000000e+00,0.00000000e+00,0.00000000e+00,0.00000000e+00,0.00000000e+00,1.10915873e+03,2.09756324e+02,1.20273121e-01,8.75828870e+02
lul_bin_edges:0.        ,0.00027714,0.00055428,0.00083141,0.00110855,0.00138569,0.00166283,0.00193996,0.0022171 ,0.00249424,0.00277138,0.00304852,0.00332565,0.00360279,0.00387993,0.00415707,0.0044342 ,0.00471134,0.00498848,0.00526562,0.00554275,0.00581989,0.00609703,0.00637417,0.00665131,0.00692844,0.00720558,0.00748272,0.00775986,0.00803699,0.00831413,0.00859127,0.00886841,0.00914555,0.00942268,0.00969982,0.00997696,0.0102541 ,0.01053123,0.01080837,0.01108551
ldl:1390.80652598,   0.        ,   0.        ,   0.        ,   0.        ,   0.        ,   0.        ,   0.        ,   0.        ,   0.        ,   0.        ,   0.        ,   0.        ,   0.        ,   0.        ,   0.        ,   0.        ,   0.        ,   0.        ,   0.        ,   0.        ,   0.        ,   0.        ,   0.        ,   0.        ,   0.        ,   0.        ,   0.        ,   0.        ,   0.        ,   0.        ,   0.        ,   0.        ,   0.        ,   0.        ,   0.        ,1140.01921182,   0.        , 181.56711618, 911.82208444
ldl_bin_edges:0.        ,0.00027592,0.00055184,0.00082777,0.00110369,0.00137961,0.00165553,0.00193145,0.00220737,0.0024833 ,0.00275922,0.00303514,0.00331106,0.00358698,0.00386291,0.00413883,0.00441475,0.00469067,0.00496659,0.00524251,0.00551844,0.00579436,0.00607028,0.0063462 ,0.00662212,0.00689805,0.00717397,0.00744989,0.00772581,0.00800173,0.00827765,0.00855358,0.0088295 ,0.00910542,0.00938134,0.00965726,0.00993319,0.01020911,0.01048503,0.01076095,0.01103687
ilul:9.67054635e+01,0.00000000e+00,1.64577031e-02,2.46865547e-02,2.46865547e-02,3.29154062e-02,2.46865547e-02,3.29154062e-02,1.64577031e-02,2.46865547e-02,1.64577031e-02,3.29154062e-02,1.64577031e-02,2.46865547e-02,1.64577031e-02,3.29154062e-02,1.64577031e-02,2.46865547e-02,4.11442578e-02,1.64577031e-02,4.11442578e-02,2.46865547e-02,3.29154062e-02,3.29154062e-02,1.64577031e-02,3.29154062e-02,3.29154062e-02,2.46865547e-02,3.29154062e-02,2.46865547e-02,2.46865547e-02,2.46865547e-02,4.11442578e-02,2.46865547e-02,2.46865547e-02,3.29154062e-02,1.64577031e-02,3.08993376e+01,7.11219640e+01,4.72253791e+01
ilul_bin_edges:0.        ,0.00405065,0.00810131,0.01215196,0.01620261,0.02025326,0.02430392,0.02835457,0.03240522,0.03645588,0.04050653,0.04455718,0.04860784,0.05265849,0.05670914,0.06075979,0.06481045,0.0688611 ,0.07291175,0.07696241,0.08101306,0.08506371,0.08911437,0.09316502,0.09721567,0.10126632,0.10531698,0.10936763,0.11341828,0.11746894,0.12151959,0.12557024,0.1296209 ,0.13367155,0.1377222 ,0.14177285,0.14582351,0.14987416,0.15392481,0.15797547,0.16202612
ildl:1.46267705e+02,0.00000000e+00,0.00000000e+00,0.00000000e+00,2.54091384e-02,1.27045692e-02,5.08182768e-02,5.08182768e-02,1.27045692e-02,3.81137076e-02,2.54091384e-02,2.54091384e-02,2.54091384e-02,2.54091384e-02,3.81137076e-02,3.81137076e-02,2.54091384e-02,2.54091384e-02,3.81137076e-02,5.08182768e-02,1.27045692e-02,3.81137076e-02,1.27045692e-02,3.81137076e-02,1.27045692e-02,3.81137076e-02,3.81137076e-02,2.54091384e-02,2.54091384e-02,3.81137076e-02,2.54091384e-02,2.54091384e-02,3.81137076e-02,1.27045692e-02,3.81137076e-02,2.54091384e-02,3.81137076e-02,1.27045692e-02,1.26893237e+02,1.06985177e+02
ildl_bin_edges:0.        ,0.00262364,0.00524728,0.00787092,0.01049456,0.0131182 ,0.01574184,0.01836548,0.02098912,0.02361276,0.02623641,0.02886005,0.03148369,0.03410733,0.03673097,0.03935461,0.04197825,0.04460189,0.04722553,0.04984917,0.05247281,0.05509645,0.05772009,0.06034373,0.06296737,0.06559101,0.06821465,0.07083829,0.07346193,0.07608557,0.07870921,0.08133286,0.0839565 ,0.08658014,0.08920378,0.09182742,0.09445106,0.0970747 ,0.09969834,0.10232198,0.10494562
eul:2.50384382e-02,0.00000000e+00,0.00000000e+00,0.00000000e+00,0.00000000e+00,0.00000000e+00,0.00000000e+00,0.00000000e+00,0.00000000e+00,0.00000000e+00,0.00000000e+00,0.00000000e+00,0.00000000e+00,0.00000000e+00,0.00000000e+00,0.00000000e+00,0.00000000e+00,0.00000000e+00,0.00000000e+00,0.00000000e+00,0.00000000e+00,0.00000000e+00,0.00000000e+00,0.00000000e+00,3.53002089e-06,0.00000000e+00,3.53002089e-06,0.00000000e+00,3.53002089e-06,1.05900627e-05,1.20020710e-04,7.82146729e-02,2.48513471e-03,1.05900627e-05,7.06004178e-06,3.53002089e-06,0.00000000e+00,0.00000000e+00,0.00000000e+00,3.53002089e-06
eul_bin_edges:  0.    ,  9.4425, 18.885 , 28.3275, 37.77  , 47.2125, 56.655 , 66.0975, 75.54  , 84.9825, 94.425 ,103.8675,113.31  ,122.7525,132.195 ,141.6375,151.08  ,160.5225,169.965 ,179.4075,188.85  ,198.2925,207.735 ,217.1775,226.62  ,236.0625,245.505 ,254.9475,264.39  ,273.8325,283.275 ,292.7175,302.16  ,311.6025,321.045 ,330.4875,339.93  ,349.3725,358.815 ,368.2575,377.7   
edl:4.45526020e-02,0.00000000e+00,0.00000000e+00,0.00000000e+00,0.00000000e+00,0.00000000e+00,0.00000000e+00,0.00000000e+00,0.00000000e+00,0.00000000e+00,0.00000000e+00,0.00000000e+00,0.00000000e+00,0.00000000e+00,0.00000000e+00,0.00000000e+00,0.00000000e+00,0.00000000e+00,0.00000000e+00,0.00000000e+00,0.00000000e+00,0.00000000e+00,0.00000000e+00,0.00000000e+00,0.00000000e+00,0.00000000e+00,0.00000000e+00,3.91567956e-06,0.00000000e+00,0.00000000e+00,0.00000000e+00,3.91567956e-06,3.91567956e-06,3.91567956e-06,1.93043002e-03,7.05566300e-02,4.07230674e-04,3.91567956e-06,3.91567956e-06,3.91567956e-06
edl_bin_edges:  0.    ,  8.5125, 17.025 , 25.5375, 34.05  , 42.5625, 51.075 , 59.5875, 68.1   , 76.6125, 85.125 , 93.6375,102.15  ,110.6625,119.175 ,127.6875,136.2   ,144.7125,153.225 ,161.7375,170.25  ,178.7625,187.275 ,195.7875,204.3   ,212.8125,221.325 ,229.8375,238.35  ,246.8625,255.375 ,263.8875,272.4   ,280.9125,289.425 ,297.9375,306.45  ,314.9625,323.475 ,331.9875,340.5   
gul:8.97082187e-02,0.00000000e+00,0.00000000e+00,0.00000000e+00,0.00000000e+00,0.00000000e+00,0.00000000e+00,0.00000000e+00,0.00000000e+00,0.00000000e+00,0.00000000e+00,0.00000000e+00,0.00000000e+00,0.00000000e+00,0.00000000e+00,0.00000000e+00,0.00000000e+00,0.00000000e+00,0.00000000e+00,0.00000000e+00,0.00000000e+00,0.00000000e+00,0.00000000e+00,0.00000000e+00,0.00000000e+00,0.00000000e+00,0.00000000e+00,0.00000000e+00,0.00000000e+00,0.00000000e+00,0.00000000e+00,3.91567956e-06,0.00000000e+00,0.00000000e+00,7.71388873e-04,2.68028266e-02,1.80121260e-04,0.00000000e+00,0.00000000e+00,7.83135912e-06
gul_bin_edges:  0.    ,  8.5125, 17.025 , 25.5375, 34.05  , 42.5625, 51.075 , 59.5875, 68.1   , 76.6125, 85.125 , 93.6375,102.15  ,110.6625,119.175 ,127.6875,136.2   ,144.7125,153.225 ,161.7375,170.25  ,178.7625,187.275 ,195.7875,204.3   ,212.8125,221.325 ,229.8375,238.35  ,246.8625,255.375 ,263.8875,272.4   ,280.9125,289.425 ,297.9375,306.45  ,314.9625,323.475 ,331.9875,340.5   
gdl:6.57431091e-02,0.00000000e+00,0.00000000e+00,0.00000000e+00,0.00000000e+00,0.00000000e+00,0.00000000e+00,0.00000000e+00,0.00000000e+00,0.00000000e+00,0.00000000e+00,0.00000000e+00,0.00000000e+00,0.00000000e+00,0.00000000e+00,0.00000000e+00,0.00000000e+00,0.00000000e+00,0.00000000e+00,0.00000000e+00,0.00000000e+00,0.00000000e+00,0.00000000e+00,0.00000000e+00,0.00000000e+00,0.00000000e+00,3.53002089e-06,0.00000000e+00,3.53002089e-06,3.53002089e-06,6.35403760e-05,3.88337598e-02,1.23903733e-03,0.00000000e+00,7.06004178e-06,3.53002089e-06,0.00000000e+00,0.00000000e+00,0.00000000e+00,3.53002089e-06
gdl_bin_edges:  0.    ,  9.4425, 18.885 , 28.3275, 37.77  , 47.2125, 56.655 , 66.0975, 75.54  , 84.9825, 94.425 ,103.8675,113.31  ,122.7525,132.195 ,141.6375,151.08  ,160.5225,169.965 ,179.4075,188.85  ,198.2925,207.735 ,217.1775,226.62  ,236.0625,245.505 ,254.9475,264.39  ,273.8325,283.275 ,292.7175,302.16  ,311.6025,321.045 ,330.4875,339.93  ,349.3725,358.815 ,368.2575,377.7   
ri: 0., 0., 0., 0., 0., 0., 0., 0., 0., 0., 0., 0., 0., 0., 0., 0., 0., 0., 0., 0.,40., 0., 0., 0., 0., 0., 0., 0., 0., 0., 0., 0., 0., 0., 0., 0., 0., 0., 0., 0.
ri_bin_edges:0.5  ,0.525,0.55 ,0.575,0.6  ,0.625,0.65 ,0.675,0.7  ,0.725,0.75 ,0.775,0.8  ,0.825,0.85 ,0.875,0.9  ,0.925,0.95 ,0.975,1.   ,1.025,1.05 ,1.075,1.1  ,1.125,1.15 ,1.175,1.2  ,1.225,1.25 ,1.275,1.3  ,1.325,1.35 ,1.375,1.4  ,1.425,1.45 ,1.475,1.5  
