period:1.0
ue_log_freq:1000
mac_log_freq:1000
mimo_layers:2
frequency:2000000000.0
bandwidth:10000000.0
ue_speed:0.41667
max_distance:500.0
shannon_cfg_bandwidth_mhz:10.0
shannon_cfg_mimo_layers:2
shannon_cfg_bw_efficiency:0.67
shannon_cfg_sinr_offset_db:0.0
shannon_cfg_ul_divisor:2.0
shannon_cfg_sinr_sample_rate:1000
n_ue:200
sinr_period:152.17343429332567
sinr_rate:6.571449245683877
ul_fairness:0.07114077336331068
dl_fairness:0.49768526723371453
ul_agg_throughput:5.6812127495243185
dl_agg_throughput:25.930892864533014
ul_ave_throughput:0.028406063747621592
dl_ave_throughput:0.12965446432266506
ul_se:0.5681212749524318
dl_se:2.5930892864533015
ul_ase:7.233544734747946e-07
dl_ase:3.30162382254143e-06
ul_gr:0.03499963012603159, 0.03499963012603159, 0.03499963012603159, 0.03499961997268099, 0.03499961997268099, 0.03499961997268099, 0.03499961997268099, 0.03499961997268099, 0.03499961997268099, 0.03499961997268099, 0.03499961997268099, 0.03499961997268099, 0.03499961997268099, 0.03499963012603159, 0.03499961997268099, 0.03499961997268099, 0.03499961997268099, 0.03499961997268099, 0.03499961997268099, 0.03499961997268099, 0.03499961997268099, 0.03499961997268099, 0.03499961997268099, 0.03499961997268099, 0.03499963012603159, 0.03499961997268099, 0.03499961997268099, 0.03499961997268099, 0.03499961997268099, 0.03499961997268099, 0.03499961997268099, 0.03499961997268099, 0.03499961997268099, 0.03499961997268099, 0.03499961997268099, 0.03499963012603159, 0.03499961997268099, 0.03499961997268099, 0.03499961997268099, 0.03499961997268099, 0.03499961997268099, 0.03499961997268099, 0.03499961997268099, 0.03499961997268099, 0.03499961997268099, 0.03499961997268099, 0.03499963012603159, 0.03499961997268099, 0.03499961997268099, 0.03499962032659451, 0.03499961997268099, 0.03499961997268099, 0.03499961997268099, 0.03499961997268099, 0.03499961997268099, 0.03499961997268099, 0.03499961997268099, 0.03499963012603159, 0.03499961997268099, 0.03499961997268099, 0.03499961997268099, 0.03499961997268099, 0.03499961997268099, 0.03499961997268099, 0.03499961997268099, 0.03499961997268099, 0.03499961997268099, 0.03499961997268099, 0.03499963012603159, 0.03499961997268099, 0.03499961997268099, 0.03499961997268099, 0.03499961997268099, 0.03499961997268099, 0.03499961997268099, 0.03499961997268099, 0.03499961997268099, 0.03499961997268099, 0.03499961997268099, 0.03499963012603159, 0.03499961997268099, 0.03499961997268099, 0.03499961997268099, 0.03499961997268099, 0.03499961997268099, 0.03499961997268099, 0.03499961997268099, 0.03499961997268099, 0.03499961997268099, 0.03499961997268099, 0.03499963012603159, 0.03499961997268099, 0.03499961997268099, 0.03499961997268099, 0.03499961997268099, 0.03499961997268099, 0.03499961997268099, 0.03499961997268099, 0.03499961997268099, 0.03499961997268099, 0.03499961997268099, 0.03499963012603159, 0.03499961997268099, 0.03499961997268099, 0.03499961997268099, 0.03499961997268099, 0.03499961997268099, 0.03499961997268099, 0.03499961997268099, 0.03499961997268099, 0.03499961997268099, 0.03499961997268099, 0.03499963012603159, 0.03499963012603159, 0.03499963012603159, 0.03499963012603159, 0.03499963012603159, 0.03499963012603159, 0.03499963082254967, 0.03499963012603159, 0.03499963012603159, 0.03499963082254967, 0.03499963012603159, 0.03499963012603159, 0.03499961926864134, 0.03499963012603159, 0.034999629429527446, 0.03499963012603159, 0.03499963012603159, 0.03499963012603159, 0.03499961926864134, 0.03499961857223884, 0.034999629429527446, 0.03499961926864134, 0.03499963012603159, 0.03499963012603159, 0.03499963012603159, 0.03499961926864134, 0.03499961926864134, 0.03499961996505777, 0.03499961926864134, 0.03499961926864134, 0.03499961926864134, 0.03499961926864134, 0.03499961996505777, 0.03499963012603159, 0.03499961996505777, 0.03499961996505777, 0.03499961996505777, 0.03499961996505777, 0.03499961996505777, 0.03499961996505777, 0.03499961996505777, 0.03499961996505777, 0.03499961996505777, 0.03499961996505777, 0.03499963012603159, 0.03499961996505777, 0.03499961996505777, 0.03499961996505777, 0.03499961996505777, 0.034999620669097495, 0.034999620669097495, 0.03499961996505777, 0.03499961996505777, 0.03499961996505777, 0.03499961996505777, 0.03499963012603159, 0.03499961996505777, 0.03499961996505777, 0.03499961996505777, 0.03499961996505777, 0.03499961996505777, 0.03499961996505777, 0.03499961926864134, 0.03499961996505777, 0.03499961996505777, 0.03499961926864134, 0.03499963012603159, 0.03499961926864134, 0.03499961996505777, 0.03499961926864134, 0.03499961996505777, 0.034999620669097495, 0.034999620669097495, 0.03499961997268099, 0.03499961997268099, 0.03499961997268099, 0.03499961997268099, 0.03499963012603159, 0.03499961997268099, 0.03499961997268099, 0.03499961997268099, 0.03499961997268099, 0.03499961997268099, 0.03499961997268099, 0.03499961997268099, 0.03499961997268099, 0.03499961997268099, 0.03499961997268099
dl_gr:0.03499963012603159, 0.03499963012603159, 0.03499963012603159, 0.03499961997268099, 0.03499961997268099, 0.03499961997268099, 0.03499961997268099, 0.03499961997268099, 0.03499961997268099, 0.03499961997268099, 0.03499961997268099, 0.03499961997268099, 0.03499961997268099, 0.03499963012603159, 0.03499961997268099, 0.03499961997268099, 0.03499961997268099, 0.03499961997268099, 0.03499961997268099, 0.03499961997268099, 0.03499961997268099, 0.03499961997268099, 0.03499961997268099, 0.03499961997268099, 0.03499963012603159, 0.03499961997268099, 0.03499961997268099, 0.03499961997268099, 0.03499961997268099, 0.03499961997268099, 0.03499961997268099, 0.03499961997268099, 0.03499961997268099, 0.03499961997268099, 0.03499961997268099, 0.03499963012603159, 0.03499961997268099, 0.03499961997268099, 0.03499961997268099, 0.03499961997268099, 0.03499961997268099, 0.03499961997268099, 0.03499961997268099, 0.03499961997268099, 0.03499961997268099, 0.03499961997268099, 0.03499963012603159, 0.03499961997268099, 0.03499961997268099, 0.03499962032659451, 0.03499961997268099, 0.03499961997268099, 0.03499961997268099, 0.03499961997268099, 0.03499961997268099, 0.03499961997268099, 0.03499961997268099, 0.03499963012603159, 0.03499961997268099, 0.03499961997268099, 0.03499961997268099, 0.03499961997268099, 0.03499961997268099, 0.03499961997268099, 0.03499961997268099, 0.03499961997268099, 0.03499961997268099, 0.03499961997268099, 0.03499963012603159, 0.03499961997268099, 0.03499961997268099, 0.03499961997268099, 0.03499961997268099, 0.03499961997268099, 0.03499961997268099, 0.03499961997268099, 0.03499961997268099, 0.03499961997268099, 0.03499961997268099, 0.03499963012603159, 0.03499961997268099, 0.03499961997268099, 0.03499961997268099, 0.03499961997268099, 0.03499961997268099, 0.03499961997268099, 0.03499961997268099, 0.03499961997268099, 0.03499961997268099, 0.03499961997268099, 0.03499963012603159, 0.03499961997268099, 0.03499961997268099, 0.03499961997268099, 0.03499961997268099, 0.03499961997268099, 0.03499961997268099, 0.03499961997268099, 0.03499961997268099, 0.03499961997268099, 0.03499961997268099, 0.03499963012603159, 0.03499961997268099, 0.03499961997268099, 0.03499961997268099, 0.03499961997268099, 0.03499961997268099, 0.03499961997268099, 0.03499961997268099, 0.03499961997268099, 0.03499961997268099, 0.03499961997268099, 0.03499963012603159, 0.03499963012603159, 0.03499963012603159, 0.03499963012603159, 0.03499963012603159, 0.03499963012603159, 0.03499963082254967, 0.03499963012603159, 0.03499963012603159, 0.03499963082254967, 0.03499963012603159, 0.03499963012603159, 0.03499961926864134, 0.03499963012603159, 0.034999629429527446, 0.03499963012603159, 0.03499963012603159, 0.03499963012603159, 0.03499961926864134, 0.03499961857223884, 0.034999629429527446, 0.03499961926864134, 0.03499963012603159, 0.03499963012603159, 0.03499963012603159, 0.03499961926864134, 0.03499961926864134, 0.03499961996505777, 0.03499961926864134, 0.03499961926864134, 0.03499961926864134, 0.03499961926864134, 0.03499961996505777, 0.03499963012603159, 0.03499961996505777, 0.03499961996505777, 0.03499961996505777, 0.03499961996505777, 0.03499961996505777, 0.03499961996505777, 0.03499961996505777, 0.03499961996505777, 0.03499961996505777, 0.03499961996505777, 0.03499963012603159, 0.03499961996505777, 0.03499961996505777, 0.03499961996505777, 0.03499961996505777, 0.034999620669097495, 0.034999620669097495, 0.03499961996505777, 0.03499961996505777, 0.03499961996505777, 0.03499961996505777, 0.03499963012603159, 0.03499961996505777, 0.03499961996505777, 0.03499961996505777, 0.03499961996505777, 0.03499961996505777, 0.03499961996505777, 0.03499961926864134, 0.03499961996505777, 0.03499961996505777, 0.03499961926864134, 0.03499963012603159, 0.03499961926864134, 0.03499961996505777, 0.03499961926864134, 0.03499961996505777, 0.034999620669097495, 0.034999620669097495, 0.03499961997268099, 0.03499961997268099, 0.03499961997268099, 0.03499961997268099, 0.03499963012603159, 0.03499961997268099, 0.03499961997268099, 0.03499961997268099, 0.03499961997268099, 0.03499961997268099, 0.03499961997268099, 0.03499961997268099, 0.03499961997268099, 0.03499961997268099, 0.03499961997268099
ul_tr:0.023191062834135266, 0.01593403985427191, 0.0, 0.023771508458991467, 0.024519457497774264, 0.009547113776436224, 0.022976736467434252, 0.0, 0.0, 0.0, 0.0, 0.0, 0.004899826205407785, 0.0, 0.0, 0.012994248890633909, 0.013355311645232928, 0.0, 0.0, 0.0, 0.0, 0.020933303726029587, 0.0, 0.0, 0.0, 0.0, 0.0, 0.0, 0.0, 0.0, 0.0, 0.0, 0.02371667975041764, 0.0, 0.007282689526083607, 0.0, 0.0, 0.008844592441985856, 0.0, 0.004915023255004152, 0.0, 0.0, 0.0, 0.0, 0.0016913590447647723, 0.0, 0.0, 0.0, 0.0, 0.0, 0.007282742375123791, 0.0, 0.0, 0.004487700675082778, 0.0, 0.023304499711504795, 0.0, 0.0, 0.0, 0.0006160939310772555, 0.0, 0.0, 0.014270015342863145, 0.02893648389268459, 0.03498963760991427, 0.0, 0.0, 0.034216980166214855, 0.0, 0.0, 0.0, 0.03499926524202988, 0.0, 0.034996128234607425, 0.0, 0.0, 0.0, 0.03124009455430292, 0.0349982149109006, 0.0, 0.0, 0.0, 0.0, 0.0, 0.021999863922274352, 0.0, 0.034998214233897186, 0.0, 0.03499856505145698, 0.0, 0.01388280451275921, 0.025266355080026406, 0.034998565051436975, 0.0, 0.0, 0.0, 0.0, 0.027407740616013282, 0.03499856504645533, 0.015319382819970591, 0.024916614863194856, 0.0, 0.0, 0.023277279024378046, 0.015328203632598458, 0.03345981565754699, 0.0, 0.0, 0.0, 0.0, 0.0, 0.03499786587268799, 0.023692372416397413, 0.009460905808136685, 0.0, 0.0, 0.00810221760360919, 0.0, 0.0, 0.0, 0.0024821337256094515, 0.0, 0.0, 0.023629663267378233, 0.004467450505431847, 0.0, 0.0, 0.0, 0.0, 0.025193697992137404, 0.004349666663925735, 0.0, 0.011054396756982235, 0.023449572714522936, 0.0, 0.01132701522966579, 0.003462189707883602, 0.005447506762299181, 0.0, 0.0, 0.0, 0.0, 0.0, 0.0, 0.0, 0.0003352275801314434, 0.0, 0.0, 0.0, 0.0, 0.025210932563597264, 0.0, 0.0, 0.0, 0.020488602637923275, 0.0, 0.0, 0.005926518335837542, 0.0, 0.0, 0.01807492450297604, 0.007345503499309765, 0.0, 0.0, 0.02468012731876157, 0.0, 0.0, 0.0, 0.0, 0.0, 0.0, 0.0070007827356374725, 0.0, 0.023234947634271995, 0.0, 0.0, 0.0, 0.026948932019486622, 0.0, 0.002246360952123722, 0.0078095839747711684, 0.0, 0.0, 0.0, 0.0047784597469939785, 0.0, 0.005921439314903918, 0.00485627191306131, 0.004437688344213591, 0.0, 0.0, 0.0, 0.0, 0.0, 0.005611639112657176, 0.004471029898126383, 0.005821755952964478, 0.0, 0.004503284227455061, 0.0
dl_tr:0.03499681518951253, 0.03499996936989207, 0.02771470647203577, 0.03499822125901547, 0.034998565423089614, 0.034998565423089614, 0.034998565423089614, 0.009117800734232297, 0.01738789809641182, 0.0, 0.022085247434653437, 0.02782249623535767, 0.034998565423089614, 0.03499996936989207, 0.030887760725139296, 0.034998565423089614, 0.034998565423089614, 0.012948130889853655, 0.02221569762887753, 0.023657827843088217, 0.034998565423089614, 0.034998565423089614, 0.006067206419368391, 0.012345035312553142, 2.800924305020657e-06, 0.02750619612222033, 0.03496775007402443, 0.03173510515079976, 0.01982184488417178, 0.004180457524983244, 0.01648809461506297, 0.024798919789130416, 0.03499892323486751, 0.03489228833345004, 0.03499892323486751, 0.03186324858203207, 0.01730712555653366, 0.03499892323486751, 0.017230276507647527, 0.03499892323486751, 0.007546904243400322, 0.03499892324467074, 0.020563523340602397, 0.004183167708143688, 0.03499892323486751, 0.03499892323596787, 0.03499996936989207, 0.03499892323486751, 0.014331832386007385, 0.009166724267065461, 0.03499892323486751, 0.003310827503376114, 0.03499892323486751, 0.03499892323486751, 0.03499892324837196, 0.03499892323486751, 0.03249807538617744, 0.020948383330298997, 0.022378249267358232, 0.03499926776946392, 0.0, 0.03458341829173627, 0.03499926776946392, 0.03499926776946392, 0.03499926776946392, 0.007869020210369422, 0.03489811722158312, 0.03499926776946392, 0.03499996936989207, 0.009861206974341534, 0.013580184090369821, 0.03499926776946392, 0.03152130474106455, 0.03499926776946392, 0.03466069299378795, 0.0, 0.005690651272559945, 0.03499926776946392, 0.03499926776946392, 0.03499996936989207, 0.016758949052047178, 0.01864290343093221, 0.01032110036360999, 0.02276973295097382, 0.03499926776946392, 0.034027408632248644, 0.03499961331269319, 0.03499961331269319, 0.03499961331269319, 0.0, 0.03499996936989207, 0.03499961331269319, 0.03499961331269319, 0.016748371520901896, 0.03495831400752248, 0.026498425411485792, 0.0014987312877249492, 0.03499961331269319, 0.03499961331269319, 0.03499961331269319, 0.03499961331269319, 0.0, 0.03461860818750188, 0.03499961331269319, 0.03499961331269319, 0.03499961331269319, 0.014414245232786818, 0.005203619817639821, 0.010452928319645482, 0.025794838912731204, 0.03499891706316084, 0.03499856504883612, 0.03499996936989207, 0.03499996936989207, 0.004145902689687597, 0.03495798908559825, 0.03499996936989207, 0.0, 0.016105057592741532, 0.022287545253543668, 0.03499471203827263, 0.01782787413360543, 0.031042441391559213, 0.03499996936989207, 0.034995062104415504, 0.01631049637930517, 0.02305955165336908, 0.026751311101963653, 0.0, 0.03499471203827263, 0.034995062104415504, 0.012263916169615974, 0.03499436197913332, 0.034995062104415504, 0.0, 0.03499471203827263, 0.03498350973381216, 0.034995062104415504, 0.0, 0.021280340377532132, 0.0, 0.034995062104415504, 0.016108821300742253, 0.004000947913290518, 0.03499541217826239, 0.03499716853641702, 0.03499541217756215, 0.01873552531045866, 0.034995773885960084, 0.006973431638923623, 0.034995773885960084, 0.004181896282098734, 0.0, 0.003333930760866303, 0.034995773885960084, 0.010854302813434701, 0.030961271612232034, 0.034995773885960084, 0.03440801483649277, 0.023434562570799778, 0.034995773885960084, 0.034995423809195125, 0.034995423809195125, 0.030365541516210674, 0.034995773885960084, 0.018922267345711, 0.0208034103100085, 0.013253098975601951, 0.013085611159245737, 0.016847688726554295, 0.009757685693902866, 0.034995773885960084, 0.03499577373280648, 0.034995773885960084, 0.017853893603125063, 0.0, 0.004196099602060721, 0.03499577250865295, 0.004457872449658387, 0.03499577250865295, 0.03499612258890612, 0.03499577250865295, 0.020612296112739462, 0.0041837145537482745, 0.034998571360262486, 0.026659828662458616, 0.03499822125901547, 0.03499822125901547, 0.03499822125901547, 0.004078486883571578, 0.034740529271659645, 0.031618852280152446, 0.0033528353423629797, 0.0349982154084848, 0.03499822125901547, 0.03499822125901547, 0.03499822125901547, 0.028609100448047854, 0.03499822125901547, 0.00970222423309692
ul_er:0.0, 0.0, 0.0, 0.0, 0.0, 0.0, 0.0, 0.0, 0.0, 0.0, 0.0, 0.0, 0.0, 0.0, 0.0, 0.0, 0.0, 0.0, 0.0, 0.0, 0.0, 0.0, 0.0, 0.0, 0.0, 0.0, 0.0, 0.0, 0.0, 0.0, 0.0, 0.0, 0.0, 0.0, 0.0, 0.0, 0.0, 0.0, 0.0, 0.0, 0.0, 0.0, 0.0, 0.0, 3.6011883921694154e-07, 0.0, 0.0, 0.0, 0.0, 0.0, 0.0, 0.0, 0.0, 0.0, 0.0, 0.0, 0.0, 0.0, 0.0, 0.0, 0.0, 0.0, 0.0, 0.0, 0.0, 0.0, 0.0, 0.0, 0.0, 0.0, 0.0, 0.0, 0.0, 0.0, 0.0, 0.0, 0.0, 0.0, 0.0, 0.0, 0.0, 0.0, 0.0, 0.0, 0.0, 0.0, 0.0, 0.0, 0.0, 0.0, 0.0, 0.0, 0.0, 0.0, 0.0, 0.0, 0.0, 0.0, 0.0, 0.0, 0.0, 0.0, 0.0, 0.0, 7.002310762551643e-07, 0.0, 0.0, 0.0, 0.0, 0.0, 0.0, 0.0, 0.0, 0.0, 0.0, 0.0, 0.0, 0.0, 0.0, 0.0, 0.0, 0.0, 0.0, 0.0, 0.0, 0.0, 0.0, 0.0, 0.0, 0.0, 0.0, 0.0, 0.0, 0.0, 0.0, 0.0, 0.0, 0.0, 0.0, 0.0, 0.0, 0.0, 0.0, 0.0, 0.0, 0.0, 0.0, 0.0, 0.0, 0.0, 0.0, 0.0, 0.0, 0.0, 0.0, 0.0, 0.0, 0.0, 0.0, 0.0, 0.0, 0.0, 0.0, 0.0, 0.0, 0.0, 0.0, 0.0, 0.0, 0.0, 0.0, 0.0, 0.0, 0.0, 0.0, 0.0, 0.0, 0.0, 0.0, 0.0, 0.0, 0.0, 0.0, 0.0, 0.0, 0.0, 0.0, 0.0, 0.0, 0.0, 0.0, 0.0, 0.0, 0.0, 0.0, 0.0, 0.0, 0.0, 0.0, 0.0
dl_er:0.0, 0.0, 0.0, 0.0, 0.0, 0.0, 0.0, 0.0, 0.0, 0.0, 0.0, 0.0, 0.0, 0.0, 0.0, 0.0, 0.0, 0.0, 0.0, 0.0, 0.0, 0.0, 0.0, 0.0, 0.0, 0.0, 0.0, 0.0, 0.0, 0.0, 0.0, 0.0, 0.0, 0.0, 0.0, 0.0, 0.0, 0.0, 0.0, 0.0, 0.0, 0.0, 1.5024958236217954e-05, 0.0, 0.0, 0.0, 0.0, 0.0, 0.0, 0.0, 0.0, 3.301089359488631e-07, 0.0, 0.0, 0.0, 0.0, 0.0, 0.0, 0.0, 0.0, 0.0, 0.0, 0.0, 0.0, 0.0, 0.0, 0.0, 0.0, 0.0, 0.0, 0.0, 0.0, 0.0, 0.0, 0.0, 0.0, 0.0, 0.0, 0.0, 0.0, 0.0, 0.0, 0.0, 0.0, 0.0, 2.800924305020657e-06, 0.0, 0.0, 0.0, 0.0, 0.0, 0.0, 0.0, 0.0, 0.0, 0.0, 0.0, 0.0, 0.0, 0.0, 0.0, 0.0, 0.0, 0.0, 0.0, 0.0, 0.0, 0.0, 0.0, 0.0, 0.0, 0.0, 0.0, 0.0, 0.0, 0.0, 0.0, 0.0, 0.0, 0.0, 0.0, 0.0, 0.0, 0.0, 0.0, 0.0, 0.0, 0.0, 0.0, 0.0, 0.0, 0.0, 0.0, 0.0, 0.0, 0.0, 0.0, 0.0, 0.0, 0.0, 0.0, 0.0, 0.0, 0.0, 0.0, 0.0, 0.0, 0.0, 0.0, 0.0, 0.0, 0.0, 0.0, 0.0, 0.0, 0.0, 0.0, 0.0, 0.0, 0.0, 0.0, 0.0, 0.0, 0.0, 0.0, 0.0, 0.0, 0.0, 0.0, 0.0, 0.0, 0.0, 0.0, 0.0, 0.0, 0.0, 0.0, 0.0, 0.0, 0.0, 0.0, 0.0, 0.0, 0.0, 0.0, 0.0, 0.0, 0.0, 0.0, 0.0, 0.0, 0.0, 3.301089359488631e-07, 2.790921003931298e-06, 0.0, 0.0, 0.0, 0.0, 0.0, 0.0
ul_er_ratio:0.0, 0.0, 0.0, 0.0, 0.0, 0.0, 0.0, 0.0, 0.0, 0.0, 0.0, 0.0, 0.0, 0.0, 0.0, 0.0, 0.0, 0.0, 0.0, 0.0, 0.0, 0.0, 0.0, 0.0, 0.0, 0.0, 0.0, 0.0, 0.0, 0.0, 0.0, 0.0, 0.0, 0.0, 0.0, 0.0, 0.0, 0.0, 0.0, 0.0, 0.0, 0.0, 0.0, 0.0, 0.00021287152558451536, 0.0, 0.0, 0.0, 0.0, 0.0, 0.0, 0.0, 0.0, 0.0, 0.0, 0.0, 0.0, 0.0, 0.0, 0.0, 0.0, 0.0, 0.0, 0.0, 0.0, 0.0, 0.0, 0.0, 0.0, 0.0, 0.0, 0.0, 0.0, 0.0, 0.0, 0.0, 0.0, 0.0, 0.0, 0.0, 0.0, 0.0, 0.0, 0.0, 0.0, 0.0, 0.0, 0.0, 0.0, 0.0, 0.0, 0.0, 0.0, 0.0, 0.0, 0.0, 0.0, 0.0, 0.0, 0.0, 0.0, 0.0, 0.0, 0.0, 4.5680440198631517e-05, 0.0, 0.0, 0.0, 0.0, 0.0, 0.0, 0.0, 0.0, 0.0, 0.0, 0.0, 0.0, 0.0, 0.0, 0.0, 0.0, 0.0, 0.0, 0.0, 0.0, 0.0, 0.0, 0.0, 0.0, 0.0, 0.0, 0.0, 0.0, 0.0, 0.0, 0.0, 0.0, 0.0, 0.0, 0.0, 0.0, 0.0, 0.0, 0.0, 0.0, 0.0, 0.0, 0.0, 0.0, 0.0, 0.0, 0.0, 0.0, 0.0, 0.0, 0.0, 0.0, 0.0, 0.0, 0.0, 0.0, 0.0, 0.0, 0.0, 0.0, 0.0, 0.0, 0.0, 0.0, 0.0, 0.0, 0.0, 0.0, 0.0, 0.0, 0.0, 0.0, 0.0, 0.0, 0.0, 0.0, 0.0, 0.0, 0.0, 0.0, 0.0, 0.0, 0.0, 0.0, 0.0, 0.0, 0.0, 0.0, 0.0, 0.0, 0.0, 0.0, 0.0, 0.0, 0.0
dl_er_ratio:0.0, 0.0, 0.0, 0.0, 0.0, 0.0, 0.0, 0.0, 0.0, 0.0, 0.0, 0.0, 0.0, 0.0, 0.0, 0.0, 0.0, 0.0, 0.0, 0.0, 0.0, 0.0, 0.0, 0.0, 0.0, 0.0, 0.0, 0.0, 0.0, 0.0, 0.0, 0.0, 0.0, 0.0, 0.0, 0.0, 0.0, 0.0, 0.0, 0.0, 0.0, 0.0, 0.0007301272187924895, 0.0, 0.0, 0.0, 0.0, 0.0, 0.0, 0.0, 0.0, 9.969592952066087e-05, 0.0, 0.0, 0.0, 0.0, 0.0, 0.0, 0.0, 0.0, 0.0, 0.0, 0.0, 0.0, 0.0, 0.0, 0.0, 0.0, 0.0, 0.0, 0.0, 0.0, 0.0, 0.0, 0.0, 0.0, 0.0, 0.0, 0.0, 0.0, 0.0, 0.0, 0.0, 0.0, 0.0, 8.230699550544627e-05, 0.0, 0.0, 0.0, 0.0, 0.0, 0.0, 0.0, 0.0, 0.0, 0.0, 0.0, 0.0, 0.0, 0.0, 0.0, 0.0, 0.0, 0.0, 0.0, 0.0, 0.0, 0.0, 0.0, 0.0, 0.0, 0.0, 0.0, 0.0, 0.0, 0.0, 0.0, 0.0, 0.0, 0.0, 0.0, 0.0, 0.0, 0.0, 0.0, 0.0, 0.0, 0.0, 0.0, 0.0, 0.0, 0.0, 0.0, 0.0, 0.0, 0.0, 0.0, 0.0, 0.0, 0.0, 0.0, 0.0, 0.0, 0.0, 0.0, 0.0, 0.0, 0.0, 0.0, 0.0, 0.0, 0.0, 0.0, 0.0, 0.0, 0.0, 0.0, 0.0, 0.0, 0.0, 0.0, 0.0, 0.0, 0.0, 0.0, 0.0, 0.0, 0.0, 0.0, 0.0, 0.0, 0.0, 0.0, 0.0, 0.0, 0.0, 0.0, 0.0, 0.0, 0.0, 0.0, 0.0, 0.0, 0.0, 0.0, 0.0, 0.0, 0.0, 0.0, 0.0, 0.0, 0.0, 9.844695728359826e-05, 7.973830745488927e-05, 0.0, 0.0, 0.0, 0.0, 0.0, 0.0
ul_er_perc:0.0, 0.0, 0.0, 0.0, 0.0, 0.0, 0.0, 0.0, 0.0, 0.0, 0.0, 0.0, 0.0, 0.0, 0.0, 0.0, 0.0, 0.0, 0.0, 0.0, 0.0, 0.0, 0.0, 0.0, 0.0, 0.0, 0.0, 0.0, 0.0, 0.0, 0.0, 0.0, 0.0, 0.0, 0.0, 0.0, 0.0, 0.0, 0.0, 0.0, 0.0, 0.0, 0.0, 0.0, 0.021287152558451535, 0.0, 0.0, 0.0, 0.0, 0.0, 0.0, 0.0, 0.0, 0.0, 0.0, 0.0, 0.0, 0.0, 0.0, 0.0, 0.0, 0.0, 0.0, 0.0, 0.0, 0.0, 0.0, 0.0, 0.0, 0.0, 0.0, 0.0, 0.0, 0.0, 0.0, 0.0, 0.0, 0.0, 0.0, 0.0, 0.0, 0.0, 0.0, 0.0, 0.0, 0.0, 0.0, 0.0, 0.0, 0.0, 0.0, 0.0, 0.0, 0.0, 0.0, 0.0, 0.0, 0.0, 0.0, 0.0, 0.0, 0.0, 0.0, 0.0, 0.004568044019863151, 0.0, 0.0, 0.0, 0.0, 0.0, 0.0, 0.0, 0.0, 0.0, 0.0, 0.0, 0.0, 0.0, 0.0, 0.0, 0.0, 0.0, 0.0, 0.0, 0.0, 0.0, 0.0, 0.0, 0.0, 0.0, 0.0, 0.0, 0.0, 0.0, 0.0, 0.0, 0.0, 0.0, 0.0, 0.0, 0.0, 0.0, 0.0, 0.0, 0.0, 0.0, 0.0, 0.0, 0.0, 0.0, 0.0, 0.0, 0.0, 0.0, 0.0, 0.0, 0.0, 0.0, 0.0, 0.0, 0.0, 0.0, 0.0, 0.0, 0.0, 0.0, 0.0, 0.0, 0.0, 0.0, 0.0, 0.0, 0.0, 0.0, 0.0, 0.0, 0.0, 0.0, 0.0, 0.0, 0.0, 0.0, 0.0, 0.0, 0.0, 0.0, 0.0, 0.0, 0.0, 0.0, 0.0, 0.0, 0.0, 0.0, 0.0, 0.0, 0.0, 0.0, 0.0, 0.0
dl_er_perc:0.0, 0.0, 0.0, 0.0, 0.0, 0.0, 0.0, 0.0, 0.0, 0.0, 0.0, 0.0, 0.0, 0.0, 0.0, 0.0, 0.0, 0.0, 0.0, 0.0, 0.0, 0.0, 0.0, 0.0, 0.0, 0.0, 0.0, 0.0, 0.0, 0.0, 0.0, 0.0, 0.0, 0.0, 0.0, 0.0, 0.0, 0.0, 0.0, 0.0, 0.0, 0.0, 0.07301272187924894, 0.0, 0.0, 0.0, 0.0, 0.0, 0.0, 0.0, 0.0, 0.009969592952066087, 0.0, 0.0, 0.0, 0.0, 0.0, 0.0, 0.0, 0.0, 0.0, 0.0, 0.0, 0.0, 0.0, 0.0, 0.0, 0.0, 0.0, 0.0, 0.0, 0.0, 0.0, 0.0, 0.0, 0.0, 0.0, 0.0, 0.0, 0.0, 0.0, 0.0, 0.0, 0.0, 0.0, 0.008230699550544627, 0.0, 0.0, 0.0, 0.0, 0.0, 0.0, 0.0, 0.0, 0.0, 0.0, 0.0, 0.0, 0.0, 0.0, 0.0, 0.0, 0.0, 0.0, 0.0, 0.0, 0.0, 0.0, 0.0, 0.0, 0.0, 0.0, 0.0, 0.0, 0.0, 0.0, 0.0, 0.0, 0.0, 0.0, 0.0, 0.0, 0.0, 0.0, 0.0, 0.0, 0.0, 0.0, 0.0, 0.0, 0.0, 0.0, 0.0, 0.0, 0.0, 0.0, 0.0, 0.0, 0.0, 0.0, 0.0, 0.0, 0.0, 0.0, 0.0, 0.0, 0.0, 0.0, 0.0, 0.0, 0.0, 0.0, 0.0, 0.0, 0.0, 0.0, 0.0, 0.0, 0.0, 0.0, 0.0, 0.0, 0.0, 0.0, 0.0, 0.0, 0.0, 0.0, 0.0, 0.0, 0.0, 0.0, 0.0, 0.0, 0.0, 0.0, 0.0, 0.0, 0.0, 0.0, 0.0, 0.0, 0.0, 0.0, 0.0, 0.0, 0.0, 0.0, 0.0, 0.0, 0.0, 0.0, 0.009844695728359826, 0.007973830745488927, 0.0, 0.0, 0.0, 0.0, 0.0, 0.0
ul_l:0.00027444229913471446, 0.001929356458118179, 0.0, 0.00028206984648233916, 0.00029248365982774313, 0.0007379858262246543, 0.00027346183022497423, 0.0, 0.0, 0.0, 0.0, 0.0, 0.0005204126288935348, 0.0, 0.0, 0.0015497814842618065, 0.0008392694229295668, 0.0, 0.0, 0.0, 0.0, 0.000248694224703152, 0.0, 0.0, 0.0, 0.0, 0.0, 0.0, 0.0, 0.0, 0.0, 0.0, 0.0002811857464643332, 0.0, 0.0004257238094841298, 0.0, 0.0, 0.0005555061314303721, 0.0, 0.0008460402633859173, 0.0, 0.0, 0.0, 0.0, 0.02115986438460192, 0.0, 0.0, 0.0, 0.0, 0.0, 0.0004314248534526393, 0.0, 0.0, 0.0013558010464053138, 0.0, 0.0002760483263496954, 0.0, 0.0, 0.0, 0.022042434436312985, 0.0, 0.0, 0.0007210528192653576, 0.06706771588101573, 0.0024111460500895296, 0.0, 0.0, 0.21286952935738992, 0.0, 0.0, 0.0, 0.010283002193780947, 0.0, 0.002929577995076375, 0.0, 0.0, 0.0, 0.0021653741232656775, 0.0031391794833805155, 0.0, 0.0, 0.0, 0.0, 0.0, 0.001787870016872568, 0.0, 0.0031941709438144585, 0.0, 0.002623554128685466, 0.0, 0.0013021749250442644, 0.002020712488894335, 0.0026237358087588905, 0.0, 0.0, 0.0, 0.0, 0.0021558103873298186, 0.0026993815170266184, 0.001209947432648774, 0.0019908838820180664, 0.0, 0.0, 0.0018740514082097091, 0.052978335138718774, 0.0025475522170056116, 0.0, 0.0, 0.0, 0.0, 0.0, 0.0031971280747796773, 0.0002805290250452649, 0.0004932896616193344, 0.0, 0.0, 9.317489627377033e-05, 0.0, 0.0, 0.0, 0.01160420628772195, 0.0, 0.0, 0.00032796141072854047, 0.001992929458520897, 0.0, 0.0, 0.0, 0.0, 0.00031106249322276355, 0.025154785017809055, 0.0, 0.0006776636899287773, 0.14951599278269312, 0.0, 0.0013094230264957438, 0.004279781950141547, 0.0027280431078496687, 0.0, 0.0, 0.0, 0.0, 0.0, 0.0, 0.0, 0.0204422324109156, 0.0, 0.0, 0.0, 0.0, 0.0003184327835032261, 0.0, 0.0, 0.0, 0.008138068282278798, 0.0, 0.0, 0.0004201522826609313, 0.0, 0.0, 0.0060694519747461605, 0.00042583971217013787, 0.0, 0.0, 0.0003115801346931426, 0.0, 0.0, 0.0, 0.0, 0.0, 0.0, 0.0004513219068924124, 0.0, 0.000274455127765718, 0.0, 0.0, 0.0, 0.00031925169620570994, 0.0, 2.5771358074745413e-05, 0.0004257435470964838, 0.0, 0.0, 0.0, 0.0007439342140797871, 0.0, 0.0004428908591895326, 0.001208640039209939, 0.009082193643320295, 0.0, 0.0, 0.0, 0.0, 0.0, 0.0004257550200246081, 0.0017678071821381055, 0.00046572823797753264, 0.0, 0.0009692165355207219, 0.0
dl_l:0.00041363631919933574, 0.00041387421560815064, 0.0003275924930617104, 0.0004143513008692868, 0.0004152689932257645, 0.0004152689932257645, 0.0004152689932257645, 0.0007247072549741415, 0.0018478975586873666, 0.0, 0.000261924327718147, 0.3285718022791611, 0.0004152689932257645, 0.00041387421560815064, 0.7491596174770884, 0.0004152689932257645, 0.0004152689932257645, 0.001283757381166785, 0.0057480269375633965, 0.011187840102478818, 0.0004152689932257645, 0.0004152689932257645, 0.0004437880963778047, 0.00014969902203527166, 2.99934178278832e-08, 0.033639858580878694, 0.3540867673587743, 0.6162274540055049, 0.0545536646951494, 0.0017586845621525102, 0.0016150984560434943, 0.0002936014951073854, 0.0004142999039693099, 0.03408919730065421, 0.0004142999039693099, 0.5433893021499734, 0.03193218953265678, 0.0004142999039693099, 0.0002065587303630198, 0.0004142999039693099, 9.330660796963e-05, 0.00474204449533146, 0.049833561241304634, 0.0015707550766382906, 0.0004142999039693099, 0.0020483758384506885, 0.00041387421560815064, 0.0004142999039693099, 0.0015887578339612073, 0.0005380145532920534, 0.0004142999039693099, 0.04287426607057829, 0.0004142999039693099, 0.0004142999039693099, 0.003366100257934118, 0.0004142999039693099, 0.021698072417257696, 0.006013437883709624, 0.004769927068778697, 0.0004138563228885532, 0.0, 0.025004397476599282, 0.0004138563228885532, 0.0004138563228885532, 0.0004138563228885532, 0.00048432929386497546, 0.1163723923281863, 0.0004138563228885532, 0.00041387421560815064, 0.0008345534935458701, 0.0012840173336220954, 0.0004138563228885532, 0.08006788684129663, 0.0004138563228885532, 0.3333269932004882, 0.0, 0.0004595309620274692, 0.0004138563228885532, 0.0004138563228885532, 0.00041387421560815064, 0.002016064313827563, 0.000219998162772715, 0.0011314705858803404, 0.007108518362019467, 0.0004138563228885532, 0.3597963094249843, 0.0004136663126171636, 0.0004136663126171636, 0.0004136663126171636, 0.0, 0.00041387421560815064, 0.0004136663126171636, 0.0004136663126171636, 1.331183002308442, 0.017853374007231387, 0.0003142123589184431, 0.015546504093529865, 0.0004136663126171636, 0.0004136663126171636, 0.0004136663126171636, 0.0004136663126171636, 0.0, 0.02283139261033441, 0.0004136663126171636, 0.0004136663126171636, 0.0004136663126171636, 0.0004974841166725019, 6.170634860403933e-05, 0.00011981275281442875, 0.0008190680100033011, 0.0011784434752258246, 0.0024319103494553204, 0.00041387421560815064, 0.00041387421560815064, 0.00969891036930387, 0.019145872096739923, 0.00041387421560815064, 0.0, 0.0019327938472690714, 0.07733852918863524, 0.000413745529263657, 0.00021375328099253746, 0.04315026097820981, 0.00041387421560815064, 0.0004137496681261629, 0.00019122452894355138, 0.002969946708756802, 0.004841837893044705, 0.0, 0.000413745529263657, 0.0004137496681261629, 0.0015687050519611473, 0.00041374139048395487, 0.0004137496681261629, 0.0, 0.000413745529263657, 0.0013805632958446288, 0.0004137496681261629, 0.0, 0.0033798205271745106, 0.0, 0.0004137496681261629, 0.0025485154535402036, 0.051291193916840734, 0.00042573744155254337, 0.88562284058489, 0.000413753807071475, 0.00022117600386435256, 0.0004144401394508078, 0.0004546748160536188, 0.0004144401394508078, 0.002617547651787125, 0.0, 0.030765952854041913, 0.0004144401394508078, 0.0012528011149092182, 0.0031262396862724697, 0.0004144401394508078, 0.2718417483725554, 0.008459568219494824, 0.0004144401394508078, 0.00041443599363983756, 0.00041443599363983756, 0.02850577507191317, 0.0004144401394508078, 0.002578812510406642, 0.0002480743082488871, 0.0007497025477577601, 0.0015431904597068976, 0.00019739025541639575, 0.0009938594459440806, 0.0004144401394508078, 0.025192632988737057, 0.0004144401394508078, 1.7299733403054836, 0.0, 0.004457160893366678, 0.000414325452073705, 0.000547257070621305, 0.000414325452073705, 0.0004143295967788726, 0.000414325452073705, 0.0028756559969119193, 0.009650699165755358, 0.0004143554457915691, 0.9934456900992598, 0.0004143513008692868, 0.0004143513008692868, 0.0004143513008692868, 0.028000579415155, 0.08192679791044645, 0.7280166894004302, 0.11968828474312822, 0.12137361249834547, 0.0004143513008692868, 0.0004143513008692868, 0.0004143513008692868, 0.04414654561290826, 0.0004143513008692868, 0.00011659300439845148
ul_il:0.000854179328548421, 3.4202324167519484, 0.0, 0.0014160962997789273, 0.0015547517658677367, 4.609136064551172, 0.000847899366020787, 0.0, 0.0, 0.0, 0.0, 0.0, 5.380494200830614, 0.0, 0.0, 3.9827744402647376, 3.8580970437100746, 0.0, 0.0, 0.0, 0.0, 0.0007720689147318615, 0.0, 0.0, 0.0, 0.0, 0.0, 0.0, 0.0, 0.0, 0.0, 0.0, 0.0008741219741614733, 0.0, 4.94790973600005, 0.0, 0.0, 4.904140128062741, 0.0, 5.407067637641652, 0.0, 0.0, 0.0, 0.0, 2.2044659973791347, 0.0, 0.0, 0.0, 0.0, 0.0, 4.9485291559037785, 0.0, 0.0, 5.407395530268219, 0.0, 0.0030724741889423504, 0.0, 0.0, 0.0, 0.3442798444267948, 0.0, 0.0, 3.6935478692589703, 4.244949864834919, 0.012186682730670119, 0.0, 0.0, 0.21831308979769526, 0.0, 0.0, 0.0, 0.010758988832924863, 0.0, 0.003391384687425851, 0.0, 0.0, 0.0, 0.0023478482638450687, 0.003564825307163364, 0.0, 0.0, 0.0, 0.0, 0.0, 0.0017916931450398634, 0.0, 0.0033582850605019658, 0.0, 0.0026281116757970132, 0.0, 3.6908973832173815, 0.002022483817738854, 0.002628235355715386, 0.0, 0.0, 0.0, 0.0, 0.0021835378621925237, 0.0028751322699800933, 0.0012099572873568276, 0.0019938706407234387, 0.0, 0.0, 0.00187753882039373, 0.05395629405428692, 0.0025475620717136656, 0.0, 0.0, 0.0, 0.0, 0.0, 0.003197136473145138, 0.0008728607581351847, 4.5551266420678225, 0.0, 0.0, 0.0002957327281702962, 0.0, 0.0, 0.0, 1.7444657431378454, 0.0, 0.0, 0.728405202033201, 5.37926848267692, 0.0, 0.0, 0.0, 0.0, 0.13587968266983103, 5.313249049588371, 0.0, 4.328579703258613, 1.56586761023454, 0.0, 4.191538958808496, 3.1664117113699617, 5.159952422595592, 0.0, 0.0, 0.0, 0.0, 0.0, 0.0, 0.0, 0.6249619103704224, 0.0, 0.0, 0.0, 0.0, 0.319062205177082, 0.0, 0.0, 0.0, 2.6371882886833795, 0.0, 0.0, 5.210841881119522, 0.0, 0.0, 2.8891331036160555, 4.924674678541414, 0.0, 0.0, 0.4166618706670985, 0.0, 0.0, 0.0, 0.0, 0.0, 0.0, 5.08748937468527, 0.0, 0.0008552900317561145, 0.0, 0.0, 0.0, 0.0009929699072184542, 0.0, 8.192444525138547e-05, 4.798849708369869, 0.0, 0.0, 0.0, 5.429098943998789, 0.0, 5.190725497361459, 5.291521947927146, 5.2916918059017775, 0.0, 0.0, 0.0, 0.0, 0.0, 5.247649014549592, 5.38722442457494, 5.195510775702312, 0.0, 5.420363533449868, 0.0
dl_il:0.0012885046729320675, 0.0012888849907619513, 0.0010204751023037602, 0.0012893274657536987, 0.0012902310710034312, 0.0012902310710034312, 0.0012902310710034312, 4.56534091148631, 3.362823960879931, 0.0, 0.0008140254964588313, 0.34933322042190923, 0.0012902310710034312, 0.0012888849907619513, 1.1308771483163544, 0.0012902310710034312, 0.0012902310710034312, 3.7026477115980074, 2.0162721761080853, 2.072799364248382, 0.0012902310710034312, 0.0012902310710034312, 5.1481569603513755, 0.0004583347193723929, 1.0001622035271641e-07, 0.03550423689723609, 0.3656122373134085, 1.1353853791061799, 1.689702384224924, 5.437966428671891, 3.6606250383232566, 0.0009135732974431561, 0.0012893045526823853, 0.09932754284760972, 0.0012893045526823853, 0.9790508701392407, 2.4615545508472296, 0.0012893045526823853, 0.0006373255676973402, 0.0012893045526823853, 0.0002819806034391349, 0.0056552110496813955, 0.07245271787236787, 5.430973427010043, 0.0012893045526823853, 0.0029377957844638728, 0.0012888849907619513, 0.0012893045526823853, 3.687455210001741, 4.563866136118498, 0.0012893045526823853, 3.973824010339542, 0.0012893045526823853, 0.0012893045526823853, 0.004263463132133604, 0.0012893045526823853, 0.15143273011255212, 0.006595084967844389, 2.4246474524315125, 0.0012888123297478168, 0.0, 0.03245783072811928, 0.0012888123297478168, 0.0012888123297478168, 0.0012888123297478168, 4.757875785166809, 0.155280693030294, 0.0012888123297478168, 0.0012888849907619513, 4.446543571196179, 4.299692508167599, 0.0012888123297478168, 0.12334715061100564, 0.0012888123297478168, 0.34572733982188514, 0.0, 5.234018266497278, 0.0012888123297478168, 0.0012888123297478168, 0.0012888849907619513, 3.0836876565651803, 0.0006860489297668231, 3.9926020051427105, 2.1651733407802416, 0.0012888123297478168, 0.5277506001896376, 0.0012886046128322347, 0.0012886046128322347, 0.0012886046128322347, 0.0, 0.0012888849907619513, 0.0012886046128322347, 0.0012886046128322347, 1.3316017112669127, 0.023196525122950576, 0.0009766625148749087, 2.360637560745046, 0.0012886046128322347, 0.0012886046128322347, 0.0012886046128322347, 0.0012886046128322347, 0.0, 0.02391688456038493, 0.0012886046128322347, 0.0012886046128322347, 0.0012886046128322347, 3.549764776173664, 0.00019177929554753067, 0.00038111552801924634, 0.0012465213766202847, 0.0017127191075234824, 0.002527013248988166, 0.0012888849907619513, 0.0012888849907619513, 5.3506972197780165, 0.02341537082300659, 0.0012888849907619513, 0.0, 3.5681307429893563, 1.612377889742745, 0.0012885859882461213, 0.0006594283527599383, 0.3117156795050667, 0.0012888849907619513, 0.0012885988784886863, 0.0005989626034841497, 2.787621387306328, 1.3028064713343401, 0.0, 0.0012885859882461213, 0.0012885988784886863, 4.093914261048296, 0.0012885730982614438, 0.0012885988784886863, 0.0, 0.0012885859882461213, 0.0022638172535386684, 0.0012885988784886863, 0.0, 2.336710758767529, 0.0, 0.0012885988784886863, 3.2776621650939224, 5.227461923991707, 0.0013006154391236933, 0.9519980624614323, 0.0012886117689891463, 0.0006895291012854499, 0.0012893098257890261, 4.8823892532542, 0.0012893098257890261, 5.407292152023478, 0.0, 4.14322849145601, 0.0012893098257890261, 4.160400121709828, 0.2342660727707343, 0.0012893098257890261, 0.28244298215948577, 2.0226206734271193, 0.0012893098257890261, 0.0012892969283056239, 0.0012892969283056239, 0.9194029893972041, 0.0012893098257890261, 2.9867014316586107, 0.0007681133862751964, 3.887041623409995, 3.8880366357507428, 0.0006185460969139199, 4.268616896759896, 0.0012893098257890261, 0.029997851226184164, 0.0012893098257890261, 1.730419674949963, 0.0, 5.429583192674526, 0.0012892403843506792, 5.47946523330248, 0.0012892403843506792, 0.001289253281268444, 0.0012892403843506792, 2.657101830884259, 5.438066885919062, 0.0012893403634135605, 0.9941121721034143, 0.0012893274657536987, 0.0012893274657536987, 0.0012893274657536987, 5.34541160424279, 0.08536979877226485, 1.0504493832445556, 4.687050581662438, 0.12527173014843399, 0.0012893274657536987, 0.0012893274657536987, 0.0012893274657536987, 0.04582245094137565, 0.0012893274657536987, 0.0003591696557714046
sinr_ul:6.36968726e-04,1.27338335e-03,6.34314769e-03,5.96473435e-03,4.88259256e-03,3.31352901e-03,1.93326132e-02,1.26796653e-02,1.46403069e-02,2.61366399e-02,1.88717342e-02,2.58454498e-02,1.31009928e-02,4.86642807e-03,1.44948838e-02,1.27096632e-02,1.62818049e-02,2.42178234e-02,2.47837907e-02,2.89857360e-02,2.41939397e-02,1.89433089e-02,8.06485675e-03,1.22867497e-02,1.89625496e-02,1.01275104e-02,5.71208302e-03,4.97182207e-04,4.15767450e-05,0.00000000e+00,4.47293934e-04,7.21612559e-04,5.82685853e-04,4.96226859e-04,3.86438266e-04,3.03227455e-04,3.21761207e-04,2.05781959e-04,1.97757036e-04,1.57345816e-04
sinr_ul_bin_edges:-53.11926   ,-50.50153965,-47.8838193 ,-45.26609895,-42.6483786 ,-40.03065825,-37.4129379 ,-34.79521755,-32.1774972 ,-29.55977685,-26.9420565 ,-24.32433615,-21.7066158 ,-19.08889545,-16.4711751 ,-13.85345475,-11.2357344 , -8.61801405, -6.0002937 , -3.38257335, -0.764853  ,  1.85286735,  4.4705877 ,  7.08830805,  9.7060284 , 12.32374875, 14.9414691 , 17.55918945, 20.1769098 , 22.79463015, 25.4123505 , 28.03007085, 30.6477912 , 33.26551155, 35.8832319 , 38.50095225, 41.1186726 , 43.73639295, 46.3541133 , 48.97183365, 51.589554  
sinr_dl:6.29843529e-04,1.33701832e-03,4.77462982e-03,7.34918434e-03,5.35336508e-03,2.63056116e-03,1.53058450e-02,1.60694395e-02,1.76619205e-02,3.31623821e-02,3.50505947e-02,1.71208968e-02,4.41398012e-03,1.13755836e-02,1.49740543e-02,1.36853312e-02,2.31983940e-02,2.76835677e-02,2.31262956e-02,2.59218668e-02,2.26453506e-02,1.27789364e-02,7.45191236e-03,1.75693040e-02,1.55418125e-02,9.62316794e-03,2.76041708e-03,1.70478934e-04,1.26098542e-05,0.00000000e+00,6.07397595e-04,7.59955191e-04,5.49561446e-04,4.59659677e-04,4.09082555e-04,2.67541368e-04,3.20951281e-04,2.02524881e-04,1.97410120e-04,1.59049409e-04
sinr_dl_bin_edges:-20.118317  ,-17.57580543,-15.03329385,-12.49078228, -9.9482707 , -7.40575913, -4.86324755, -2.32073598,  0.2217756 ,  2.76428717,  5.30679875,  7.84931032, 10.3918219 , 12.93433347, 15.47684505, 18.01935662, 20.5618682 , 23.10437977, 25.64689135, 28.18940292, 30.7319145 , 33.27442607, 35.81693765, 38.35944922, 40.9019608 , 43.44447237, 45.98698395, 48.52949552, 51.0720071 , 53.61451867, 56.15703025, 58.69954182, 61.2420534 , 63.78456497, 66.32707655, 68.86958812, 71.4120997 , 73.95461127, 76.49712285, 79.03963442, 81.582146  
rsrp_ul:6.37582929e-04,1.26775277e-03,5.22211234e-03,6.92643704e-03,4.92455966e-03,2.73150459e-03,1.93923772e-02,1.28899727e-02,1.42851964e-02,2.57784019e-02,1.95732261e-02,2.55309686e-02,1.31527468e-02,4.90645571e-03,1.41146381e-02,1.29116213e-02,1.60849003e-02,2.46882965e-02,2.40649680e-02,2.98081310e-02,2.38750481e-02,1.89627610e-02,8.02709990e-03,1.22757534e-02,1.87888869e-02,1.08544030e-02,5.02113946e-03,4.50902642e-04,5.07101107e-05,0.00000000e+00,4.42022179e-04,7.24005459e-04,5.80393511e-04,4.91017179e-04,3.83803694e-04,3.06909558e-04,3.23393679e-04,2.05718018e-04,1.95713204e-04,1.57123210e-04
rsrp_ul_bin_edges:-134.68723  ,-132.0626177,-129.4380054,-126.8133931,-124.1887808,-121.5641685,-118.9395562,-116.3149439,-113.6903316,-111.0657193,-108.441107 ,-105.8164947,-103.1918824,-100.5672701, -97.9426578, -95.3180455, -92.6934332, -90.0688209, -87.4442086, -84.8195963, -82.194984 , -79.5703717, -76.9457594, -74.3211471, -71.6965348, -69.0719225, -66.4473102, -63.8226979, -61.1980856, -58.5734733, -55.948861 , -53.3242487, -50.6996364, -48.0750241, -45.4504118, -42.8257995, -40.2011872, -37.5765749, -34.9519626, -32.3273503, -29.702738 
rsrp_dl:6.30498768e-04,1.33105731e-03,3.71958370e-03,8.31531682e-03,5.32097249e-03,2.39317611e-03,1.48761571e-02,1.56200346e-02,1.76245957e-02,3.36699526e-02,3.47151009e-02,1.75727621e-02,4.53006802e-03,1.06739045e-02,1.56043785e-02,1.39125850e-02,2.29151586e-02,2.70303613e-02,2.27786686e-02,2.63338639e-02,2.31644977e-02,1.28273549e-02,7.66360982e-03,1.72801825e-02,1.59018040e-02,9.12801810e-03,2.60200173e-03,1.77670499e-04,1.50282247e-05,0.00000000e+00,6.02816229e-04,7.60161348e-04,5.48078961e-04,4.54495891e-04,4.09842837e-04,2.67800609e-04,3.22635972e-04,2.02959509e-04,1.94915682e-04,1.58816552e-04
rsrp_dl_bin_edges:-128.66663   ,-126.11724125,-123.5678525 ,-121.01846375,-118.469075  ,-115.91968625,-113.3702975 ,-110.82090875,-108.27152   ,-105.72213125,-103.1727425 ,-100.62335375, -98.073965  , -95.52457625, -92.9751875 , -90.42579875, -87.87641   , -85.32702125, -82.7776325 , -80.22824375, -77.678855  , -75.12946625, -72.5800775 , -70.03068875, -67.4813    , -64.93191125, -62.3825225 , -59.83313375, -57.283745  , -54.73435625, -52.1849675 , -49.63557875, -47.08619   , -44.53680125, -41.9874125 , -39.43802375, -36.888635  , -34.33924625, -31.7898575 , -29.24046875, -26.69108   
cqi_ul:1.71392177e+00,0.00000000e+00,1.02263033e-01,0.00000000e+00,0.00000000e+00,2.00858443e-01,0.00000000e+00,0.00000000e+00,1.32542063e-01,0.00000000e+00,1.05390876e-01,0.00000000e+00,0.00000000e+00,3.18359490e-02,0.00000000e+00,0.00000000e+00,3.19403839e-02,0.00000000e+00,7.52128130e-02,0.00000000e+00,0.00000000e+00,1.01797411e-01,0.00000000e+00,0.00000000e+00,4.03917353e-02,0.00000000e+00,5.77820674e-02,0.00000000e+00,0.00000000e+00,3.74510214e-02,0.00000000e+00,0.00000000e+00,7.48969744e-03,0.00000000e+00,9.62454264e-04,0.00000000e+00,0.00000000e+00,1.60186748e-04,0.00000000e+00,2.66667587e-02
cqi_ul_bin_edges: 0.   , 0.375, 0.75 , 1.125, 1.5  , 1.875, 2.25 , 2.625, 3.   , 3.375, 3.75 , 4.125, 4.5  , 4.875, 5.25 , 5.625, 6.   , 6.375, 6.75 , 7.125, 7.5  , 7.875, 8.25 , 8.625, 9.   , 9.375, 9.75 ,10.125,10.5  ,10.875,11.25 ,11.625,12.   ,12.375,12.75 ,13.125,13.5  ,13.875,14.25 ,14.625,15.   
cqi_dl:0.16080954,0.        ,0.1018876 ,0.        ,0.        ,0.09334102,0.        ,0.        ,0.10443819,0.        ,0.19500562,0.        ,0.        ,0.11439818,0.        ,0.        ,0.1720973 ,0.        ,0.10744306,0.        ,0.        ,0.02688857,0.        ,0.        ,0.01331391,0.        ,0.05278095,0.        ,0.        ,0.08280604,0.        ,0.        ,0.06628132,0.        ,0.07242177,0.        ,0.        ,0.06981583,0.        ,1.23293776
cqi_dl_bin_edges: 0.   , 0.375, 0.75 , 1.125, 1.5  , 1.875, 2.25 , 2.625, 3.   , 3.375, 3.75 , 4.125, 4.5  , 4.875, 5.25 , 5.625, 6.   , 6.375, 6.75 , 7.125, 7.5  , 7.875, 8.25 , 8.625, 9.   , 9.375, 9.75 ,10.125,10.5  ,10.875,11.25 ,11.625,12.   ,12.375,12.75 ,13.125,13.5  ,13.875,14.25 ,14.625,15.   
mcs_ul:1.03458841e+00,4.59704717e-02,3.88333061e-02,0.00000000e+00,3.21713704e-02,3.00481624e-02,0.00000000e+00,2.64112354e-02,1.02959332e-02,0.00000000e+00,6.75903952e-03,1.12558247e-02,1.35045031e-04,0.00000000e+00,5.72005021e-03,1.89225955e-02,0.00000000e+00,2.13699830e-02,2.35258447e-02,0.00000000e+00,3.10084826e-02,1.49323363e-02,0.00000000e+00,0.00000000e+00,6.70609329e-03,1.67917421e-02,0.00000000e+00,1.41629369e-02,1.16726065e-02,0.00000000e+00,8.39044065e-03,3.06202103e-03,9.50316883e-04,0.00000000e+00,2.84094731e-04,2.31505767e-04,0.00000000e+00,5.43038219e-05,3.15105072e-05,1.42857636e-02
mcs_ul_bin_edges: 0. , 0.7, 1.4, 2.1, 2.8, 3.5, 4.2, 4.9, 5.6, 6.3, 7. , 7.7, 8.4, 9.1, 9.8,10.5,11.2,11.9,12.6,13.3,14. ,14.7,15.4,16.1,16.8,17.5,18.2,18.9,19.6,20.3,21. ,21.7,22.4,23.1,23.8,24.5,25.2,25.9,26.6,27.3,28. 
mcs_dl:0.17280182,0.01793291,0.02357923,0.        ,0.0323698 ,0.04579364,0.        ,0.05867365,0.03235401,0.        ,0.02893073,0.04952953,0.00103677,0.        ,0.04162868,0.03151616,0.        ,0.02604262,0.00840688,0.        ,0.00599772,0.00306538,0.        ,0.        ,0.00406707,0.01122074,0.        ,0.01705476,0.02451804,0.        ,0.01984234,0.01839221,0.01711564,0.        ,0.01732793,0.02146945,0.        ,0.0187772 ,0.01861628,0.66051023
mcs_dl_bin_edges: 0. , 0.7, 1.4, 2.1, 2.8, 3.5, 4.2, 4.9, 5.6, 6.3, 7. , 7.7, 8.4, 9.1, 9.8,10.5,11.2,11.9,12.6,13.3,14. ,14.7,15.4,16.1,16.8,17.5,18.2,18.9,19.6,20.3,21. ,21.7,22.4,23.1,23.8,24.5,25.2,25.9,26.6,27.3,28. 
eff_ul:4.62838654e+00,5.86837955e-01,4.27484721e-01,1.62171659e-01,1.51468846e-01,1.33135574e-01,5.19004488e-02,3.40714317e-02,5.67391360e-02,2.95147672e-02,9.53863219e-02,0.00000000e+00,1.07723281e-01,1.18590698e-01,0.00000000e+00,1.56309694e-01,0.00000000e+00,7.52719490e-02,3.38045367e-02,8.46449694e-02,0.00000000e+00,7.13935074e-02,0.00000000e+00,5.88400785e-02,0.00000000e+00,4.22951109e-02,0.00000000e+00,0.00000000e+00,1.54352464e-02,0.00000000e+00,4.79042277e-03,0.00000000e+00,1.43208428e-03,0.00000000e+00,1.16699021e-03,0.00000000e+00,2.73738444e-04,0.00000000e+00,1.58840334e-04,7.20126606e-02
eff_ul_bin_edges:0.        ,0.13886495,0.2777299 ,0.41659485,0.5554598 ,0.69432475,0.8331897 ,0.97205465,1.1109196 ,1.24978455,1.3886495 ,1.52751445,1.6663794 ,1.80524435,1.9441093 ,2.08297425,2.2218392 ,2.36070415,2.4995691 ,2.63843405,2.777299  ,2.91616395,3.0550289 ,3.19389385,3.3327588 ,3.47162375,3.6104887 ,3.74935365,3.8882186 ,4.02708355,4.1659485 ,4.30481345,4.4436784 ,4.58254335,4.7214083 ,4.86027325,4.9991382 ,5.13800315,5.2768681 ,5.41573305,5.554598  
eff_dl:0.4342606 ,0.43681069,0.20925726,0.16317193,0.23083974,0.29576619,0.16309233,0.145836  ,0.24967187,0.21507096,0.15886884,0.        ,0.13127743,0.04237797,0.        ,0.0302337 ,0.        ,0.01545218,0.02050157,0.0565623 ,0.        ,0.08597083,0.        ,0.12359222,0.        ,0.10002262,0.        ,0.        ,0.09271272,0.        ,0.0862777 ,0.        ,0.0873478 ,0.        ,0.10822469,0.        ,0.09465338,0.        ,0.09384225,3.32954544
eff_dl_bin_edges:0.        ,0.13886495,0.2777299 ,0.41659485,0.5554598 ,0.69432475,0.8331897 ,0.97205465,1.1109196 ,1.24978455,1.3886495 ,1.52751445,1.6663794 ,1.80524435,1.9441093 ,2.08297425,2.2218392 ,2.36070415,2.4995691 ,2.63843405,2.777299  ,2.91616395,3.0550289 ,3.19389385,3.3327588 ,3.47162375,3.6104887 ,3.74935365,3.8882186 ,4.02708355,4.1659485 ,4.30481345,4.4436784 ,4.58254335,4.7214083 ,4.86027325,4.9991382 ,5.13800315,5.2768681 ,5.41573305,5.554598  
rul:1.88340693e+01,4.05408118e-01,7.30711987e-02,2.53856432e-02,3.02559518e-02,1.16383515e-01,3.22607997e-04,7.29035595e-04,4.49312045e-04,1.17932229e-04,1.16957582e-04,2.92393955e-05,9.74646518e-06,1.36450512e-05,8.77181866e-06,2.92393955e-06,1.65689908e-05,1.36450512e-05,3.89858607e-06,4.87323259e-06,1.94929304e-06,1.94929304e-06,1.94929304e-06,0.00000000e+00,0.00000000e+00,0.00000000e+00,1.94929304e-06,0.00000000e+00,0.00000000e+00,9.74646518e-07,0.00000000e+00,0.00000000e+00,0.00000000e+00,0.00000000e+00,0.00000000e+00,0.00000000e+00,0.00000000e+00,9.74646518e-07,0.00000000e+00,9.74646518e-07
rul_bin_edges:0.        ,0.05131778,0.10263556,0.15395334,0.20527112,0.2565889 ,0.30790668,0.35922446,0.41054224,0.46186002,0.5131778 ,0.56449558,0.61581336,0.66713114,0.71844892,0.7697667 ,0.82108448,0.87240226,0.92372004,0.97503782,1.0263556 ,1.07767338,1.12899116,1.18030894,1.23162672,1.2829445 ,1.33426228,1.38558006,1.43689784,1.48821562,1.5395334 ,1.59085118,1.64216896,1.69348674,1.74480452,1.7961223 ,1.84744008,1.89875786,1.95007564,2.00139342,2.0527112 
rdl:2.24138575e+01,1.60228411e-01,1.54259032e-01,1.06585019e-01,1.08540741e-01,5.29553372e-02,1.80317884e+00,6.70667056e-02,2.67805626e-02,1.60471474e-02,5.73254863e-03,1.24647720e-06,1.87594818e-03,3.51506570e-04,1.24647720e-06,2.59267257e-04,0.00000000e+00,1.43344878e-04,1.24647720e-06,0.00000000e+00,8.72534038e-06,2.49295439e-06,1.24647720e-06,3.73943159e-06,6.23238599e-06,1.24647720e-06,0.00000000e+00,4.98590879e-06,0.00000000e+00,0.00000000e+00,2.49295439e-06,8.72534038e-06,0.00000000e+00,0.00000000e+00,5.59668261e-04,2.49295439e-06,5.92076669e-04,2.49295439e-06,7.79048248e-04,1.38109673e-03
rdl_bin_edges:0.        ,0.04012644,0.08025288,0.12037933,0.16050577,0.20063221,0.24075865,0.2808851 ,0.32101154,0.36113798,0.40126442,0.44139087,0.48151731,0.52164375,0.5617702 ,0.60189664,0.64202308,0.68214952,0.72227596,0.76240241,0.80252885,0.84265529,0.88278174,0.92290818,0.96303462,1.00316106,1.0432875 ,1.08341395,1.12354039,1.16366683,1.20379327,1.24391972,1.28404616,1.3241726 ,1.36429904,1.40442549,1.44455193,1.48467837,1.52480481,1.56493126,1.6050577 
lul:7.13734732e-01,2.38523204e-05,1.38186347e-05,1.55325739e-05,1.09977765e-05,7.78414047e-06,8.17691820e-06,1.23546450e-05,9.71232206e-06,5.92737302e-06,6.32015075e-06,4.96328223e-06,4.92757516e-06,5.71313062e-06,4.42767623e-06,2.35666638e-06,4.35626210e-06,2.92797944e-06,2.24954518e-06,4.71333276e-06,2.39237345e-06,1.78535332e-06,1.82106039e-06,1.35686852e-06,1.10691906e-06,8.21262527e-07,8.56969594e-07,7.85555461e-07,9.64090793e-07,1.03550493e-06,1.07121199e-06,1.10691906e-06,4.99898930e-07,1.42828266e-07,3.21363598e-07,2.85656531e-07,2.14242398e-07,2.14242398e-07,1.07121199e-07,2.14242398e-07
lul_bin_edges: 0.        , 1.40075063, 2.80150125, 4.20225187, 5.6030025 , 7.00375313, 8.40450375, 9.80525438,11.206005  ,12.60675563,14.00750625,15.40825688,16.8090075 ,18.20975813,19.61050875,21.01125938,22.41201   ,23.81276063,25.21351125,26.61426188,28.0150125 ,29.41576313,30.81651375,32.21726438,33.618015  ,35.01876563,36.41951625,37.82026688,39.2210175 ,40.62176813,42.02251875,43.42326938,44.82402   ,46.22477063,47.62552125,49.02627188,50.4270225 ,51.82777313,53.22852375,54.62927438,56.030025  
ldl:4.58488102e-01,8.50963705e-05,5.94571833e-05,5.51610113e-05,4.80849632e-05,4.25481853e-05,3.37031252e-05,2.17795246e-05,2.31579756e-05,2.87866502e-05,3.70803299e-05,2.56391872e-05,1.98496933e-05,1.97577966e-05,6.54764190e-05,2.72703542e-05,2.50648327e-05,1.18546780e-05,1.24520067e-05,1.01775627e-05,9.55725976e-06,1.02694594e-05,1.03613561e-05,7.03009973e-06,9.35049212e-06,2.04929704e-05,5.65164880e-06,2.76609153e-05,3.95155932e-06,8.24773138e-06,4.61781060e-06,3.53802405e-06,1.94821064e-05,1.21763165e-06,4.13535278e-06,8.27070556e-07,3.10151459e-06,8.27070556e-07,4.20427533e-06,3.52423954e-05
ldl_bin_edges: 0.        , 2.17708275, 4.3541655 , 6.53124825, 8.708331  ,10.88541375,13.0624965 ,15.23957925,17.416662  ,19.59374475,21.7708275 ,23.94791025,26.124993  ,28.30207575,30.4791585 ,32.65624125,34.833324  ,37.01040675,39.1874895 ,41.36457225,43.541655  ,45.71873775,47.8958205 ,50.07290325,52.249986  ,54.42706875,56.6041515 ,58.78123425,60.958317  ,63.13539975,65.3124825 ,67.48956525,69.666648  ,71.84373075,74.0208135 ,76.19789625,78.374979  ,80.55206175,82.7291445 ,84.90622725,87.08331   
ilul:4.13406646e-01,5.20471074e-04,5.22651257e-04,3.49845293e-04,3.30011978e-04,3.53718822e-04,3.45230925e-04,3.55031166e-04,3.54120992e-04,3.36404359e-04,3.57655852e-04,4.15462453e-04,3.39918052e-04,3.02135268e-04,3.00992260e-04,2.96822395e-04,2.91001518e-04,2.90027844e-04,2.77772252e-04,2.77052580e-04,2.70279196e-04,2.62870807e-04,2.64437152e-04,2.55674086e-04,2.48879535e-04,2.33321918e-04,2.14208275e-04,2.04069366e-04,1.92321777e-04,1.74605144e-04,1.71049118e-04,1.55152832e-04,1.46834269e-04,1.26492950e-04,1.07739142e-04,8.94298381e-05,5.15412203e-05,4.86836989e-07,0.00000000e+00,2.83635463e-06
ilul_bin_edges: 0.        , 2.36297575, 4.7259515 , 7.08892725, 9.451903  ,11.81487875,14.1778545 ,16.54083025,18.903806  ,21.26678175,23.6297575 ,25.99273325,28.355709  ,30.71868475,33.0816605 ,35.44463625,37.807612  ,40.17058775,42.5335635 ,44.89653925,47.259515  ,49.62249075,51.9854665 ,54.34844225,56.711418  ,59.07439375,61.4373695 ,63.80034525,66.163321  ,68.52629675,70.8892725 ,73.25224825,75.615224  ,77.97819975,80.3411755 ,82.70415125,85.067127  ,87.43010275,89.7930785 ,92.15605425,94.51903   
ildl:4.28372858e-01,6.98460928e-04,6.65990309e-04,5.88074085e-04,7.06108876e-04,6.89265709e-04,6.46118909e-04,5.37124610e-04,5.35732065e-04,5.12368250e-04,4.98509108e-04,4.75255813e-04,4.81820669e-04,5.15595418e-04,4.87877136e-04,5.12058795e-04,3.76429305e-04,3.62194398e-04,3.49197308e-04,3.40289439e-04,3.29812194e-04,3.25524039e-04,3.07045184e-04,2.80365784e-04,2.56051501e-04,2.50945502e-04,2.54327398e-04,2.00482313e-04,1.76543797e-04,1.72609304e-04,1.61623669e-04,1.63347772e-04,1.17769544e-04,1.08485909e-04,9.86717803e-05,9.14438071e-05,8.46137040e-05,8.20938602e-05,1.03136767e-04,1.40801801e-05
ildl_bin_edges: 0.        , 2.26280025, 4.5256005 , 6.78840075, 9.051201  ,11.31400125,13.5768015 ,15.83960175,18.102402  ,20.36520225,22.6280025 ,24.89080275,27.153603  ,29.41640325,31.6792035 ,33.94200375,36.204804  ,38.46760425,40.7304045 ,42.99320475,45.256005  ,47.51880525,49.7816055 ,52.04440575,54.307206  ,56.57000625,58.8328065 ,61.09560675,63.358407  ,65.62120725,67.8840075 ,70.14680775,72.409608  ,74.67240825,76.9352085 ,79.19800875,81.460809  ,83.72360925,85.9864095 ,88.24920975,90.51201   
eul:1.11111094e+03,0.00000000e+00,0.00000000e+00,0.00000000e+00,0.00000000e+00,0.00000000e+00,0.00000000e+00,0.00000000e+00,0.00000000e+00,0.00000000e+00,0.00000000e+00,0.00000000e+00,0.00000000e+00,0.00000000e+00,0.00000000e+00,0.00000000e+00,0.00000000e+00,0.00000000e+00,0.00000000e+00,0.00000000e+00,0.00000000e+00,0.00000000e+00,0.00000000e+00,0.00000000e+00,0.00000000e+00,0.00000000e+00,0.00000000e+00,0.00000000e+00,0.00000000e+00,0.00000000e+00,0.00000000e+00,0.00000000e+00,0.00000000e+00,0.00000000e+00,0.00000000e+00,0.00000000e+00,0.00000000e+00,0.00000000e+00,1.11148212e-04,5.55741062e-05
eul_bin_edges:0.    ,0.0009,0.0018,0.0027,0.0036,0.0045,0.0054,0.0063,0.0072,0.0081,0.009 ,0.0099,0.0108,0.0117,0.0126,0.0135,0.0144,0.0153,0.0162,0.0171,0.018 ,0.0189,0.0198,0.0207,0.0216,0.0225,0.0234,0.0243,0.0252,0.0261,0.027 ,0.0279,0.0288,0.0297,0.0306,0.0315,0.0324,0.0333,0.0342,0.0351,0.036 
edl:1.04438595e+02,0.00000000e+00,0.00000000e+00,1.04473516e-05,0.00000000e+00,0.00000000e+00,0.00000000e+00,0.00000000e+00,0.00000000e+00,0.00000000e+00,0.00000000e+00,0.00000000e+00,0.00000000e+00,0.00000000e+00,0.00000000e+00,0.00000000e+00,0.00000000e+00,0.00000000e+00,0.00000000e+00,0.00000000e+00,0.00000000e+00,0.00000000e+00,0.00000000e+00,0.00000000e+00,0.00000000e+00,0.00000000e+00,0.00000000e+00,0.00000000e+00,0.00000000e+00,3.13420547e-05,0.00000000e+00,0.00000000e+00,0.00000000e+00,0.00000000e+00,0.00000000e+00,0.00000000e+00,0.00000000e+00,0.00000000e+00,0.00000000e+00,5.22367578e-06
edl_bin_edges:0.      ,0.009575,0.01915 ,0.028725,0.0383  ,0.047875,0.05745 ,0.067025,0.0766  ,0.086175,0.09575 ,0.105325,0.1149  ,0.124475,0.13405 ,0.143625,0.1532  ,0.162775,0.17235 ,0.181925,0.1915  ,0.201075,0.21065 ,0.220225,0.2298  ,0.239375,0.24895 ,0.258525,0.2681  ,0.277675,0.28725 ,0.296825,0.3064  ,0.315975,0.32555 ,0.335125,0.3447  ,0.354275,0.36385 ,0.373425,0.383   
gul:3.75941715e-03,0.00000000e+00,0.00000000e+00,0.00000000e+00,0.00000000e+00,3.75941715e-03,7.89477602e-02,6.76695087e-02,2.59399783e-01,1.09023097e-01,3.38347544e-02,2.25565029e-02,4.76468530e+01,3.27094180e+02,3.38347544e-02,3.38347544e-02,7.89477602e-02,2.55640366e-01,2.25565029e-02,7.51883430e-03,0.00000000e+00,7.51883430e-03,0.00000000e+00,0.00000000e+00,1.12782515e-02,3.75941715e-03,3.75941715e-03,7.51883430e-03,1.12782515e-02,0.00000000e+00,1.50376686e-02,0.00000000e+00,0.00000000e+00,0.00000000e+00,0.00000000e+00,0.00000000e+00,0.00000000e+00,0.00000000e+00,0.00000000e+00,3.75941715e-03
gul_bin_edges:0.        ,0.00266088,0.00532175,0.00798263,0.0106435 ,0.01330438,0.01596525,0.01862613,0.021287  ,0.02394788,0.02660875,0.02926963,0.0319305 ,0.03459138,0.03725225,0.03991313,0.042574  ,0.04523488,0.04789575,0.05055663,0.0532175 ,0.05587838,0.05853925,0.06120013,0.063861  ,0.06652188,0.06918275,0.07184362,0.0745045 ,0.07716538,0.07982625,0.08248712,0.085148  ,0.08780888,0.09046975,0.09313062,0.0957915 ,0.09845238,0.10111325,0.10377412,0.106435  
gdl:3.75941715e-03,0.00000000e+00,0.00000000e+00,0.00000000e+00,0.00000000e+00,3.75941715e-03,7.89477602e-02,6.76695087e-02,2.59399783e-01,1.09023097e-01,3.38347544e-02,2.25565029e-02,4.76468530e+01,3.27094180e+02,3.38347544e-02,3.38347544e-02,7.89477602e-02,2.55640366e-01,2.25565029e-02,7.51883430e-03,0.00000000e+00,7.51883430e-03,0.00000000e+00,0.00000000e+00,1.12782515e-02,3.75941715e-03,3.75941715e-03,7.51883430e-03,1.12782515e-02,0.00000000e+00,1.50376686e-02,0.00000000e+00,0.00000000e+00,0.00000000e+00,0.00000000e+00,0.00000000e+00,0.00000000e+00,0.00000000e+00,0.00000000e+00,3.75941715e-03
gdl_bin_edges:0.        ,0.00266088,0.00532175,0.00798263,0.0106435 ,0.01330438,0.01596525,0.01862613,0.021287  ,0.02394788,0.02660875,0.02926963,0.0319305 ,0.03459138,0.03725225,0.03991313,0.042574  ,0.04523488,0.04789575,0.05055663,0.0532175 ,0.05587838,0.05853925,0.06120013,0.063861  ,0.06652188,0.06918275,0.07184362,0.0745045 ,0.07716538,0.07982625,0.08248712,0.085148  ,0.08780888,0.09046975,0.09313062,0.0957915 ,0.09845238,0.10111325,0.10377412,0.106435  
ri:25.13379163, 0.        , 0.        , 0.        , 0.        , 0.        , 0.        , 0.        , 0.        , 0.        , 0.        , 0.        , 0.        , 0.        , 0.        , 0.        , 0.        , 0.        , 0.        , 0.        , 0.        , 0.        , 0.        , 0.        , 0.        , 0.        , 0.        , 0.        , 0.        , 0.        , 0.        , 0.        , 0.        , 0.        , 0.        , 0.        , 0.        , 0.        , 0.        ,14.86620837
ri_bin_edges:1.   ,1.025,1.05 ,1.075,1.1  ,1.125,1.15 ,1.175,1.2  ,1.225,1.25 ,1.275,1.3  ,1.325,1.35 ,1.375,1.4  ,1.425,1.45 ,1.475,1.5  ,1.525,1.55 ,1.575,1.6  ,1.625,1.65 ,1.675,1.7  ,1.725,1.75 ,1.775,1.8  ,1.825,1.85 ,1.875,1.9  ,1.925,1.95 ,1.975,2.   
