period:1
ue_log_freq:1000
mac_log_freq:1000
mimo_layers:2
frequency:2412000000.0
bandwidth:50000000
ue_speed:5.555555555555555
max_distance:1000
shannon_cfg_bandwidth_mhz:50.0
shannon_cfg_mimo_layers:2
shannon_cfg_bw_efficiency:0.67
shannon_cfg_sinr_offset_db:0
shannon_cfg_ul_divisor:2
shannon_cfg_sinr_sample_rate:1000
n_ue:90
sinr_period:9.463597741343282
sinr_rate:105.66805852612856
ul_fairness:0.7387837135913761
dl_fairness:0.6680173460017255
ul_agg_throughput:24.893996348020746
dl_agg_throughput:56.643532266982845
ul_ave_throughput:0.27659995942245275
dl_ave_throughput:0.6293725807442538
ul_se:0.49787992696041494
dl_se:1.1328706453396569
ul_ase:1.584801028839637e-07
dl_ase:3.606039261790237e-07
ul_gr:0.09599908425693118, 0.09599908425693118, 0.09599908425693118, 0.09599908425693118, 0.09599908425693118, 0.09599908425693118, 0.09599908425693118, 0.09599908425693118, 0.09599908425693118, 0.09599908425693118, 0.09599908425693118, 0.09599908425693118, 0.09599908425693118, 0.09581668657675352, 0.09599908425693118, 0.09599908425693118, 0.09599908425693118, 0.09599908425693118, 0.09399114978559345, 0.09599908425693118, 0.09599908425693118, 0.09599908425693118, 0.09599908425693118, 0.09599908425693118, 0.09599908425693118, 0.09599908425693118, 0.09599908425693118, 0.09599908425693118, 0.09599908425693118, 0.09599908425693118, 0.09599908425693118, 0.09599908425693118, 0.09599908425693118, 0.09599908425693118, 0.09599908425693118, 0.09599908425693118, 0.09599908425693118, 0.09599908425693118, 0.09599908425693118, 0.09599908425693118, 0.09599908425693118, 0.09599908425693118, 0.09599908425693118, 0.09599908425693118, 0.09599908425693118, 0.09599908425693118, 0.09599908425693118, 0.09599908425693118, 0.09599908425693118, 0.09599908425693118, 0.09599908425693118, 0.09599908425693118, 0.09599908425693118, 0.09599908425693118, 0.09599908425693118, 0.09599908425693118, 0.09599908425693118, 0.09599908425693118, 0.09599908425693118, 0.09599908425693118, 0.09599908425693118, 0.09599908425693118, 0.09599908425693118, 0.09599908425693118, 0.09599908425693118, 0.09599908425693118, 0.09599908425693118, 0.09599908425693118, 0.09599908425693118, 0.09599908425693118, 0.09599908425693118, 0.09599908425693118, 0.09599908425693118, 0.09599908425693118, 0.09599908425693118, 0.09599908425693118, 0.09599908425693118, 0.09599908425693118, 0.09599908425693118, 0.09599908425693118, 0.09599908425693118, 0.09599908425693118, 0.09599908425693118, 0.09599908425693118, 0.09599908425693118, 0.09599908425693118, 0.09599908425693118, 0.09599908425693118, 0.09599908425693118, 0.09048794936985526
dl_gr:0.09599908425693118, 0.09599908425693118, 0.09599908425693118, 0.09599908425693118, 0.09599908425693118, 0.09599908425693118, 0.09599908425693118, 0.09599908425693118, 0.09599908425693118, 0.09599908425693118, 0.09599908425693118, 0.09599908425693118, 0.09599908425693118, 0.09599908425693118, 0.09599908425693118, 0.09599908425693118, 0.09599908425693118, 0.09599908425693118, 0.09599908425693118, 0.09599908425693118, 0.09599908425693118, 0.09599908425693118, 0.09599908425693118, 0.09599908425693118, 0.09599908425693118, 0.09599908425693118, 0.09599908425693118, 0.09599908425693118, 0.09599908425693118, 0.09599908425693118, 0.09599908425693118, 0.09599908425693118, 0.09599908425693118, 0.09599908425693118, 0.09599908425693118, 0.09599908425693118, 0.09599908425693118, 0.09599908425693118, 0.09599908425693118, 0.09599908425693118, 0.09599908425693118, 0.09599908425693118, 0.09599908425693118, 0.09599908425693118, 0.09599908425693118, 0.09599908425693118, 0.09599908425693118, 0.09599908425693118, 0.09599908425693118, 0.09599908425693118, 0.09599908425693118, 0.09599908425693118, 0.09599908425693118, 0.09599908425693118, 0.09599908425693118, 0.09599908425693118, 0.09599908425693118, 0.09599908425693118, 0.09599908425693118, 0.09599908425693118, 0.09599908425693118, 0.09599908425693118, 0.09599908425693118, 0.09599908425693118, 0.09599908425693118, 0.09599908425693118, 0.09599908425693118, 0.09599908425693118, 0.09599908425693118, 0.09599908425693118, 0.09599908425693118, 0.09599908425693118, 0.09599908425693118, 0.09599908425693118, 0.09599908425693118, 0.09599908425693118, 0.09599908425693118, 0.09599908425693118, 0.09599908425693118, 0.09599908425693118, 0.09599908425693118, 0.09599908425693118, 0.09599908425693118, 0.09599908425693118, 0.09599908425693118, 0.09599908425693118, 0.09599908425693118, 0.09599908425693118, 0.09599908425693118, 0.09599908425693118
ul_tr:0.09276005650167081, 0.07557559877430188, 0.09049290876457697, 0.029432841486554277, 0.027898834000358325, 0.05283319261930317, 0.09599508481419321, 0.04166718919224839, 0.07505528654733709, 0.014718301422888143, 0.023019377735993867, 0.09599508494886709, 0.009916537235706369, 0.008492833746760443, 0.09599508442747977, 0.022196066113882387, 0.09599508478276848, 0.03194044472027733, 0.006666787544770461, 0.04559568827558104, 0.07789290254406213, 0.016744872087582602, 0.09565340473247722, 0.027605297728552265, 0.09599508472460229, 0.08480891621061491, 0.04679380310700744, 0.060131036384646806, 0.09516675765470288, 0.059026209169323586, 0.07481099301010825, 0.09599508494451713, 0.0959950847274606, 0.053974873147132105, 0.01703823371514404, 0.09599508497063357, 0.09599508438613845, 0.07318949433608887, 0.09337645635944701, 0.09599508499204173, 0.03015423617771518, 0.04356248039723002, 0.09599508478376846, 0.09599508492062565, 0.062040791280072664, 0.0304297503319389, 0.09599508466116116, 0.08233811738088016, 0.05305863306367447, 0.07677795046252114, 0.09599508499635002, 0.09572425051085408, 0.021579027247764608, 0.07630629053320388, 0.09305599723373138, 0.09319852611984901, 0.030643733407688275, 0.09361250782043481, 0.09599429989624253, 0.09093748730721411, 0.09599429933280555, 0.09599430100402498, 0.091598657879426, 0.09599429936673028, 0.0944111149041758, 0.09599430002598311, 0.09523922309188255, 0.09599508417433188, 0.09599430048898759, 0.0781255993481971, 0.08106121844525462, 0.09599508497135859, 0.03410657862202815, 0.07710030181269321, 0.07402847172855227, 0.09256312899418338, 0.07418536939903, 0.09419992051277905, 0.009001682809751587, 0.09237592440520495, 0.0959950875242873, 0.08961595397976684, 0.05890510421583987, 0.09528304155204541, 0.09599509086307614, 0.08661838566267781, 0.08347520752360398, 0.09599509354941207, 0.095995089679536, 0.0031559813364805287
dl_tr:0.09599508501497488, 0.09599508539340507, 0.0959950884754627, 0.09419287194859209, 0.08756430109130758, 0.09599509256977858, 0.09599508536198033, 0.09483820215760702, 0.09599508526413113, 0.08295458476345197, 0.09511688050119582, 0.09599508535334705, 0.09326451614789043, 0.09418565810651577, 0.0959950851763152, 0.09290469419214839, 0.09599508562683644, 0.08312319544592961, 0.09481703127080608, 0.09599508859087841, 0.09323657390980075, 0.08659414675093541, 0.0959950859455338, 0.09240594055011207, 0.09599508562650311, 0.09599508814470713, 0.09293573360311164, 0.09599509111937399, 0.09599508539943001, 0.0945693631803485, 0.09079651838361348, 0.09599508540154665, 0.09599508531913066, 0.08726752669806918, 0.08820381095189207, 0.09599508535177206, 0.09599508537839685, 0.09599508904715794, 0.09599508533779719, 0.09599508535742202, 0.09586624476220199, 0.0951170005965117, 0.09599508537814685, 0.09599508535742202, 0.09510926251603738, 0.07908078004403296, 0.09599508535742202, 0.09504316215795701, 0.09599508941771319, 0.09252484822959808, 0.09599508535742202, 0.09599508723137307, 0.09102457078868509, 0.09307989301186657, 0.09556142482587646, 0.09566067853571222, 0.09345500760656995, 0.09570754515110708, 0.09599508770639412, 0.09371863533792218, 0.09599508968378598, 0.09599508808287431, 0.09579490387608436, 0.09599509340387995, 0.09457957975450206, 0.0959950853551887, 0.095995093198515, 0.09599508560112, 0.09599508320793992, 0.08495438552949558, 0.09599509733921385, 0.09599508536373864, 0.09073287192272564, 0.09165275126811442, 0.08129521362271981, 0.0956551206068366, 0.09457999551498736, 0.09590233298211681, 0.09599509024076465, 0.09486631570788576, 0.09599509262961144, 0.09434326666707778, 0.09391213856473696, 0.09599509786179282, 0.09599509241107158, 0.09599510437058024, 0.09599509207333273, 0.09599509619157341, 0.0959950884823293, 0.033351320888675935
ul_er:0.0, 0.0, 0.0, 0.0, 0.0, 0.0, 0.0, 0.0, 0.0, 0.0, 0.0, 0.0, 0.0, 0.00018161448670427744, 0.0, 0.0, 0.0, 0.0, 0.0020071512778643513, 0.0, 0.0, 0.0, 0.0, 0.0, 0.0, 0.0, 0.0, 0.0, 0.0, 0.0, 0.0, 0.0, 0.0, 0.0, 0.0, 0.0, 0.0, 0.0, 0.0, 0.0, 0.0, 0.0, 0.0, 0.0, 0.0, 0.0, 0.0, 0.0, 0.0, 0.0, 0.0, 0.0, 0.0, 0.0, 0.0, 0.0, 0.0, 0.0, 0.0, 0.0, 0.0, 0.0, 0.0, 0.0, 0.0, 0.0, 0.0, 0.0, 0.0, 0.0, 0.0, 0.0, 0.0, 0.0, 0.0, 0.0, 0.0, 0.0, 0.0, 0.0, 0.0, 0.0, 0.0, 0.0, 0.0, 0.0, 0.0, 0.0, 0.0, 0.005510351693602554
dl_er:0.0, 0.0, 0.0, 0.0, 0.0, 0.0, 0.0, 0.0, 0.0, 0.0, 0.0, 0.0, 0.0, 0.0, 0.0, 0.0, 0.0, 0.0, 0.0, 0.0, 0.0, 0.0, 0.0, 0.0, 0.0, 0.0, 0.0, 0.0, 0.0, 0.0, 0.0, 0.0, 0.0, 0.0, 0.0, 0.0, 0.0, 0.0, 0.0, 0.0, 0.0, 0.0, 0.0, 0.0, 0.0, 0.0, 0.0, 0.0, 0.0, 0.0, 0.0, 0.0, 0.0, 0.0, 0.0, 0.0, 0.0, 0.0, 0.0, 0.0, 0.0, 0.0, 0.0, 0.0, 0.0, 0.0, 0.0, 0.0, 0.0, 0.0, 0.0, 0.0, 0.0, 0.0, 0.0, 0.0, 0.0, 0.0, 0.0, 0.0, 0.0, 0.0, 0.0, 0.0, 0.0, 0.0, 0.0, 0.0, 0.0, 0.0
ul_er_ratio:0.0, 0.0, 0.0, 0.0, 0.0, 0.0, 0.0, 0.0, 0.0, 0.0, 0.0, 0.0, 0.0, 0.0209367191798593, 0.0, 0.0, 0.0, 0.0, 0.2314002114733218, 0.0, 0.0, 0.0, 0.0, 0.0, 0.0, 0.0, 0.0, 0.0, 0.0, 0.0, 0.0, 0.0, 0.0, 0.0, 0.0, 0.0, 0.0, 0.0, 0.0, 0.0, 0.0, 0.0, 0.0, 0.0, 0.0, 0.0, 0.0, 0.0, 0.0, 0.0, 0.0, 0.0, 0.0, 0.0, 0.0, 0.0, 0.0, 0.0, 0.0, 0.0, 0.0, 0.0, 0.0, 0.0, 0.0, 0.0, 0.0, 0.0, 0.0, 0.0, 0.0, 0.0, 0.0, 0.0, 0.0, 0.0, 0.0, 0.0, 0.0, 0.0, 0.0, 0.0, 0.0, 0.0, 0.0, 0.0, 0.0, 0.0, 0.0, 0.6358342882133305
dl_er_ratio:0.0, 0.0, 0.0, 0.0, 0.0, 0.0, 0.0, 0.0, 0.0, 0.0, 0.0, 0.0, 0.0, 0.0, 0.0, 0.0, 0.0, 0.0, 0.0, 0.0, 0.0, 0.0, 0.0, 0.0, 0.0, 0.0, 0.0, 0.0, 0.0, 0.0, 0.0, 0.0, 0.0, 0.0, 0.0, 0.0, 0.0, 0.0, 0.0, 0.0, 0.0, 0.0, 0.0, 0.0, 0.0, 0.0, 0.0, 0.0, 0.0, 0.0, 0.0, 0.0, 0.0, 0.0, 0.0, 0.0, 0.0, 0.0, 0.0, 0.0, 0.0, 0.0, 0.0, 0.0, 0.0, 0.0, 0.0, 0.0, 0.0, 0.0, 0.0, 0.0, 0.0, 0.0, 0.0, 0.0, 0.0, 0.0, 0.0, 0.0, 0.0, 0.0, 0.0, 0.0, 0.0, 0.0, 0.0, 0.0, 0.0, 0.0
ul_er_perc:0.0, 0.0, 0.0, 0.0, 0.0, 0.0, 0.0, 0.0, 0.0, 0.0, 0.0, 0.0, 0.0, 2.09367191798593, 0.0, 0.0, 0.0, 0.0, 23.140021147332178, 0.0, 0.0, 0.0, 0.0, 0.0, 0.0, 0.0, 0.0, 0.0, 0.0, 0.0, 0.0, 0.0, 0.0, 0.0, 0.0, 0.0, 0.0, 0.0, 0.0, 0.0, 0.0, 0.0, 0.0, 0.0, 0.0, 0.0, 0.0, 0.0, 0.0, 0.0, 0.0, 0.0, 0.0, 0.0, 0.0, 0.0, 0.0, 0.0, 0.0, 0.0, 0.0, 0.0, 0.0, 0.0, 0.0, 0.0, 0.0, 0.0, 0.0, 0.0, 0.0, 0.0, 0.0, 0.0, 0.0, 0.0, 0.0, 0.0, 0.0, 0.0, 0.0, 0.0, 0.0, 0.0, 0.0, 0.0, 0.0, 0.0, 0.0, 63.58342882133306
dl_er_perc:0.0, 0.0, 0.0, 0.0, 0.0, 0.0, 0.0, 0.0, 0.0, 0.0, 0.0, 0.0, 0.0, 0.0, 0.0, 0.0, 0.0, 0.0, 0.0, 0.0, 0.0, 0.0, 0.0, 0.0, 0.0, 0.0, 0.0, 0.0, 0.0, 0.0, 0.0, 0.0, 0.0, 0.0, 0.0, 0.0, 0.0, 0.0, 0.0, 0.0, 0.0, 0.0, 0.0, 0.0, 0.0, 0.0, 0.0, 0.0, 0.0, 0.0, 0.0, 0.0, 0.0, 0.0, 0.0, 0.0, 0.0, 0.0, 0.0, 0.0, 0.0, 0.0, 0.0, 0.0, 0.0, 0.0, 0.0, 0.0, 0.0, 0.0, 0.0, 0.0, 0.0, 0.0, 0.0, 0.0, 0.0, 0.0, 0.0, 0.0, 0.0, 0.0, 0.0, 0.0, 0.0, 0.0, 0.0, 0.0, 0.0, 0.0
ul_l:0.0029239766519070674, 0.002488686756586195, 0.0017564632920142333, 0.001158603304500796, 0.0010357984090724243, 0.0012969710492154232, 0.0029982946706027446, 0.001256564224075633, 0.002512207601728319, 0.0006855486514662379, 0.0012442846762193648, 0.00307240035519204, 0.0006378817874617711, 0.00039628226275114373, 0.0028964276941517153, 0.000837859259634503, 0.0028404157741860484, 0.0010586663789785085, 0.0004914626132107233, 0.0015592660167698604, 0.001539299949335422, 0.000880203252633728, 0.002661541729820585, 0.0010907105494537546, 0.00293582527520854, 0.0025130511182665143, 0.0017656796929833918, 0.0021328172834884705, 0.0030698167677902684, 0.002098836877429355, 0.0024383023151448736, 0.0030436012794685043, 0.0029072696901417485, 0.001799191039791335, 0.0009060769813484887, 0.0031021166828293094, 0.002949861904184965, 0.002132167115089041, 0.0030523125427663104, 0.0031148671298580847, 0.0011409509440354663, 0.0017814317070557744, 0.003058828895810868, 0.0031159312954450375, 0.001841110271953567, 0.001057009638598845, 0.003116626661350322, 0.0026110034245956284, 0.0019732611692877557, 0.001979661687402605, 0.003129866187040108, 0.0026470107679994336, 0.0008472435373255222, 0.0024596751956083704, 0.002817835439691336, 0.0025612268450946243, 0.000946474249638753, 0.002447649038715511, 0.0027221371248564593, 0.0022060860847284607, 0.002471079981281822, 0.002258371904389964, 0.0018932934074857707, 0.0019992682847126274, 0.0016270288422121483, 0.0031421478493937555, 0.0017546787892450896, 0.0024622096040099665, 0.0020200676149040426, 0.0012301598533603886, 0.001475302432054733, 0.003229369744717127, 0.0005836364367813602, 0.000976302906916609, 0.0012456122248597928, 0.003018486541956317, 0.0016085655910992407, 0.0018257769594903375, 0.0005881191802409979, 0.0012032814387005109, 0.002234274098173349, 0.0024020550410721576, 0.0012218843558603678, 0.0017496806087765938, 0.0023603995638486345, 0.001230319833796385, 0.0026142810763126975, 0.001561963213874051, 0.002666720966656111, 0.00025485729199006677
dl_l:0.0037858469656986186, 0.0037160086719244005, 0.0033268274194031716, 0.0031162158819343167, 0.0020113507415313206, 0.0026188233002583314, 0.0038130985032716396, 0.002654894350159582, 0.0037396628909375754, 0.002194864309180757, 0.0028525254866959442, 0.0038131304836393027, 0.002441225283385138, 0.0019921491048007934, 0.003780967822586478, 0.00238578193757052, 0.003693613492220065, 0.002258187244479629, 0.001653719230377247, 0.0035297950406529945, 0.00300550335757452, 0.002475048473323556, 0.0037256511611428234, 0.002786415835048875, 0.003802423805702452, 0.0035519547300839156, 0.003138353314885709, 0.003370976180700994, 0.003813113260935325, 0.0032710965819193172, 0.003341744769267756, 0.0038131457971575236, 0.0038099361901217494, 0.00304242016033533, 0.0026698155894792543, 0.00381310457873601, 0.003813141441819651, 0.003306018245275456, 0.003813201709110757, 0.003813104377412688, 0.0025009023638436346, 0.0034720101203414974, 0.003813048624381463, 0.003813104377412688, 0.0028641899050307913, 0.0024152898417763185, 0.003813104377412688, 0.0037600242586361774, 0.0032347819137732185, 0.0031168326387555102, 0.003813104377412688, 0.0036672542977683516, 0.00208858525158707, 0.0034607826810793244, 0.003799649902152482, 0.003711406616197365, 0.0021594050191498402, 0.0034968052532312233, 0.0036467740167090276, 0.003359385092769227, 0.0035089274121048986, 0.0035906561314664044, 0.0034321785913692384, 0.0032196375320655657, 0.0024171549743827138, 0.0038131407401829987, 0.0033161575859901164, 0.0037204702157448686, 0.0028835141590886743, 0.002420178483295973, 0.0029792044897175855, 0.0038083174274156045, 0.001657535879888501, 0.00204270318359347, 0.0024777872745593787, 0.0037317299295505867, 0.002615813662071149, 0.002825989403484971, 0.0022204979359822, 0.002521456227397272, 0.0033551809483070975, 0.0033149203443479636, 0.00244190252116149, 0.0029389205803918295, 0.003371155571599403, 0.0023232186306622444, 0.0034139133184398467, 0.002422152403887467, 0.003520588904347464, 0.0011362469159132008
ul_il:0.2898131166884984, 3.1648940732228357, 14.669172565198142, 7.629206955324426, 2.365447444806025, 4.341336183585759, 0.32600895184119716, 2.120421666764186, 9.964605869894987, 3.0266665141061444, 7.642857469703371, 0.028287683300906655, 5.781365258774188, 3.4851154210924644, 0.4873188514128174, 5.7571618796935145, 1.0055206540579753, 0.7786519689427547, 1.9150174001149276, 13.00775654154242, 3.666744989147464, 4.117607863330959, 3.045671695060184, 2.610472846729356, 0.28344075579049344, 2.4158835723693954, 5.865505772452912, 1.8364148092436132, 0.008329126443512138, 1.8525165899400255, 0.16900788287004695, 0.07691931881036994, 0.16281183077886685, 2.044860592458762, 5.453456891855371, 0.005642774372913559, 0.7079498529730852, 4.139941282567798, 0.33453204838111184, 0.003377685685787618, 4.578234272373556, 4.000506814353323, 0.060590054639513835, 0.011018807670114416, 0.5733851527077166, 2.681118733839937, 0.3411032393323522, 0.29315965787265935, 7.592927574200286, 3.8660008743942442, 0.003389373000281664, 0.6722230629630095, 0.5419671023369055, 0.28774046564573963, 0.16736471044652043, 0.7915026793318506, 2.7055321388279636, 1.3490467217376945, 0.888768640864632, 0.9216400413019259, 0.7457197476443697, 1.4694211947717462, 0.9171537955449515, 3.3279318722969475, 0.4486359401341439, 0.11832135006534364, 1.7928954579910132, 2.797128035552381, 1.128137927532378, 1.283457021427292, 0.7963909625789869, 0.1511564164328197, 1.1624381548603535, 2.038274041479421, 0.8088904631806585, 0.06040247057168273, 0.3975190337698044, 0.6751254697037542, 5.013856894469174, 1.1546963092027427, 0.2589673351886226, 0.1562629018399605, 0.31179645379765, 0.33945601634960626, 0.07266387486777194, 0.29709591327069274, 0.0414989898765277, 0.8935661924780768, 0.07702171003340387, 0.8603722774999408
dl_il:0.008924221122708978, 0.04722221541101824, 0.07702762933795969, 0.20931972734018883, 0.4383683715030642, 0.19463748487485436, 0.0038690660972200233, 0.42089898802909065, 0.03773289759237923, 0.5442283117461771, 0.2977712438613628, 0.0038141890781393487, 0.7876451329228764, 0.3197284469556479, 0.004288219699395005, 0.15198703066822525, 0.007804436746987941, 0.12735667744378795, 0.6982407662696052, 0.030809171509109928, 0.09690978650474495, 0.1336672693509254, 0.006016208538847176, 0.6288005986384139, 0.004359106487032608, 0.013648480638618846, 0.0368219142954892, 0.03343894869660252, 0.003984100359421171, 0.042096457382829314, 0.12043183441451655, 0.004878877003986632, 0.004143315436972192, 0.22824203334149049, 0.3374405090810618, 0.0038140524276914357, 0.003951426374106882, 0.04367275816917692, 0.0042643417903609135, 0.003813104377412688, 0.08236603510749493, 0.03100564142189065, 0.0038552489726902273, 0.003813104377412688, 0.09557579035582121, 0.33210445433802216, 0.003813104377412688, 0.016746784246302944, 0.06844107441349656, 0.03159354622353147, 0.003813104377412688, 0.007917835177261022, 0.37675172930810824, 0.015395398185526786, 0.006268447973118558, 0.010754515313651552, 0.6087216684036766, 0.01608512572749977, 0.00668886842643228, 0.020213750708934095, 0.008217630542782978, 0.006315122692906726, 0.015535969568973592, 0.01492402504892126, 0.07299103794453712, 0.003814673469801085, 0.02261546335285206, 0.025541841810539083, 0.05227410986976442, 0.04301117847634937, 0.04573146350987825, 0.003900125220185665, 0.12441952670110916, 0.0656921162240523, 0.03026687666584195, 0.006670192910584078, 0.05830626705323289, 0.04083449409337922, 0.32185422476330783, 0.0319839997763602, 0.010131942353810383, 0.009507793238556347, 0.09303976381012576, 0.02670720369033508, 0.010362361211537403, 0.032930263650915406, 0.008477464366562779, 0.044199255625339794, 0.0069711599924633955, 0.011961118160286164
sinr_ul:3.15480296e-05,1.32482145e-04,7.42369926e-04,2.99011197e-03,6.10683213e-03,1.47788690e-02,2.49754908e-02,2.91447502e-02,2.88305670e-02,2.24045589e-02,1.63414388e-02,1.18902786e-02,1.35976413e-02,2.23432740e-02,2.58295393e-02,1.91077042e-02,1.06088020e-02,5.93477421e-03,4.17833950e-03,2.11878427e-03,1.16813371e-03,5.84262656e-04,1.53457056e-04,6.52987921e-05,4.91698926e-05,5.28166392e-05,3.34570648e-05,3.41913091e-05,1.95064233e-05,1.80134599e-05,1.40240659e-05,5.77605507e-06,5.53130698e-06,6.21660165e-06,1.23108292e-05,6.16765203e-06,5.13971002e-06,1.95798477e-06,1.93350996e-06,4.62573902e-06
sinr_ul_bin_edges:-32.44703   ,-28.66388225,-24.8807345 ,-21.09758675,-17.314439  ,-13.53129125, -9.7481435 , -5.96499575, -2.181848  ,  1.60129975,  5.3844475 ,  9.16759525, 12.950743  , 16.73389075, 20.5170385 , 24.30018625, 28.083334  , 31.86648175, 35.6496295 , 39.43277725, 43.215925  , 46.99907275, 50.7822205 , 54.56536825, 58.348516  , 62.13166375, 65.9148115 , 69.69795925, 73.481107  , 77.26425475, 81.0474025 , 84.83055025, 88.613698  , 92.39684575, 96.1799935 , 99.96314125,103.746289  ,107.52943675,111.3125845 ,115.09573225,118.87888   
sinr_dl:3.12200053e-05,1.30799334e-04,7.07545225e-04,2.82176399e-03,5.57711678e-03,1.36007830e-02,2.40285146e-02,3.75311419e-02,2.31831018e-02,2.35907851e-02,1.77136316e-02,1.30626750e-02,1.45731738e-02,2.19989145e-02,2.84240166e-02,1.85282739e-02,1.04459890e-02,6.63042980e-03,3.36249448e-03,1.72504266e-03,1.13043893e-03,4.77840913e-04,1.42013560e-04,5.71700738e-05,5.29491290e-05,4.52065677e-05,3.39923418e-05,3.66148222e-05,1.82574591e-05,1.75581310e-05,1.27627382e-05,5.79443299e-06,5.54467295e-06,5.39481692e-06,8.71662549e-06,1.21383381e-05,4.72046481e-06,1.97310434e-06,1.89817632e-06,4.69548880e-06
sinr_dl_bin_edges:-25.60804   ,-21.90080885,-18.1935777 ,-14.48634655,-10.7791154 , -7.07188425, -3.3646531 ,  0.34257805,  4.0498092 ,  7.75704035, 11.4642715 , 15.17150265, 18.8787338 , 22.58596495, 26.2931961 , 30.00042725, 33.7076584 , 37.41488955, 41.1221207 , 44.82935185, 48.536583  , 52.24381415, 55.9510453 , 59.65827645, 63.3655076 , 67.07273875, 70.7799699 , 74.48720105, 78.1944322 , 81.90166335, 85.6088945 , 89.31612565, 93.0233568 , 96.73058795,100.4378191 ,104.14505025,107.8522814 ,111.55951255,115.2667437 ,118.97397485,122.681206  
rsrp_ul:3.15426655e-05,1.35917541e-04,7.65105555e-04,3.04252029e-03,6.16355438e-03,1.48746443e-02,2.50606477e-02,2.91833329e-02,2.87887557e-02,2.23621580e-02,1.62786603e-02,1.18569320e-02,1.36647333e-02,2.23767048e-02,2.58700550e-02,1.90896799e-02,1.05283687e-02,5.90374372e-03,4.17171343e-03,2.10591373e-03,1.16411538e-03,5.84935221e-04,1.50513371e-04,6.51424613e-05,4.91997010e-05,5.28241688e-05,3.35018372e-05,3.41140784e-05,1.96406970e-05,1.80978492e-05,1.40080781e-05,5.77955672e-06,5.48568095e-06,6.22037036e-06,1.23427821e-05,6.19588072e-06,5.06935695e-06,1.95917177e-06,1.93468212e-06,4.62854330e-06
rsrp_ul_bin_edges:-158.56573   ,-154.78487434,-151.00401867,-147.22316301,-143.44230734,-139.66145167,-135.88059601,-132.09974035,-128.31888468,-124.53802902,-120.75717335,-116.97631768,-113.19546202,-109.41460636,-105.63375069,-101.85289503, -98.07203936, -94.2911837 , -90.51032803, -86.72947237, -82.9486167 , -79.16776104, -75.38690537, -71.60604971, -67.82519404, -64.04433838, -60.26348271, -56.48262705, -52.70177138, -48.92091572, -45.14006005, -41.35920439, -37.57834872, -33.79749306, -30.01663739, -26.23578173, -22.45492606, -18.6740704 , -14.89321473, -11.11235907,  -7.3315034 
rsrp_dl:3.12087731e-05,1.33330675e-04,7.20250509e-04,2.86023783e-03,5.60995812e-03,1.36757394e-02,2.40980453e-02,3.76639418e-02,2.29796268e-02,2.36253661e-02,1.76742853e-02,1.30356222e-02,1.46154258e-02,2.20393407e-02,2.84632007e-02,1.84620008e-02,1.04301269e-02,6.59936868e-03,3.35275675e-03,1.72262933e-03,1.12681412e-03,4.75152946e-04,1.42076128e-04,5.70203525e-05,5.29974442e-05,4.52764587e-05,3.39823310e-05,3.65559929e-05,1.83154769e-05,1.77157887e-05,1.26934001e-05,5.77199887e-06,5.54711580e-06,5.44716777e-06,8.72046583e-06,1.21686729e-05,4.64758351e-06,1.97397364e-06,1.89901262e-06,4.69755752e-06
rsrp_dl_bin_edges:-157.25806   ,-153.55246145,-149.8468629 ,-146.14126435,-142.4356658 ,-138.73006725,-135.0244687 ,-131.31887015,-127.6132716 ,-123.90767305,-120.2020745 ,-116.49647595,-112.7908774 ,-109.08527885,-105.3796803 ,-101.67408175, -97.9684832 , -94.26288465, -90.5572861 , -86.85168755, -83.146089  , -79.44049045, -75.7348919 , -72.02929335, -68.3236948 , -64.61809625, -60.9124977 , -57.20689915, -53.5013006 , -49.79570205, -46.0901035 , -42.38450495, -38.6789064 , -34.97330785, -31.2677093 , -27.56211075, -23.8565122 , -20.15091365, -16.4453151 , -12.73971655,  -9.034118  
cqi_ul:1.01401254,0.        ,0.27059478,0.        ,0.        ,0.20045882,0.        ,0.        ,0.1039458 ,0.        ,0.05964074,0.        ,0.        ,0.07337322,0.        ,0.        ,0.0558825 ,0.        ,0.12728264,0.        ,0.        ,0.12830239,0.        ,0.        ,0.1361638 ,0.        ,0.12021678,0.        ,0.        ,0.06603772,0.        ,0.        ,0.0804255 ,0.        ,0.05781631,0.        ,0.        ,0.03821622,0.        ,0.13429691
cqi_ul_bin_edges: 0.   , 0.375, 0.75 , 1.125, 1.5  , 1.875, 2.25 , 2.625, 3.   , 3.375, 3.75 , 4.125, 4.5  , 4.875, 5.25 , 5.625, 6.   , 6.375, 6.75 , 7.125, 7.5  , 7.875, 8.25 , 8.625, 9.   , 9.375, 9.75 ,10.125,10.5  ,10.875,11.25 ,11.625,12.   ,12.375,12.75 ,13.125,13.5  ,13.875,14.25 ,14.625,15.   
cqi_dl:0.48236117,0.        ,0.44912737,0.        ,0.        ,0.24162268,0.        ,0.        ,0.19064286,0.        ,0.08565064,0.        ,0.        ,0.0708199 ,0.        ,0.        ,0.03988164,0.        ,0.0682256 ,0.        ,0.        ,0.07390062,0.        ,0.        ,0.0896832 ,0.        ,0.10749836,0.        ,0.        ,0.0989693 ,0.        ,0.        ,0.16003521,0.        ,0.14633039,0.        ,0.        ,0.07540629,0.        ,0.28651144
cqi_dl_bin_edges: 0.   , 0.375, 0.75 , 1.125, 1.5  , 1.875, 2.25 , 2.625, 3.   , 3.375, 3.75 , 4.125, 4.5  , 4.875, 5.25 , 5.625, 6.   , 6.375, 6.75 , 7.125, 7.5  , 7.875, 8.25 , 8.625, 9.   , 9.375, 9.75 ,10.125,10.5  ,10.875,11.25 ,11.625,12.   ,12.375,12.75 ,13.125,13.5  ,13.875,14.25 ,14.625,15.   
mcs_ul:0.68818249,0.06405621,0.04333244,0.        ,0.03235529,0.02332996,0.        ,0.01595595,0.01599444,0.        ,0.01839085,0.02091623,0.01495742,0.        ,0.01497964,0.03352274,0.        ,0.03466439,0.03316533,0.        ,0.03556809,0.03907229,0.0338726 ,0.        ,0.03325382,0.03114802,0.        ,0.01763385,0.01773398,0.        ,0.02473974,0.01835487,0.01502077,0.        ,0.01595225,0.01159805,0.        ,0.00887493,0.        ,0.07194477
mcs_ul_bin_edges: 0. , 0.7, 1.4, 2.1, 2.8, 3.5, 4.2, 4.9, 5.6, 6.3, 7. , 7.7, 8.4, 9.1, 9.8,10.5,11.2,11.9,12.6,13.3,14. ,14.7,15.4,16.1,16.8,17.5,18.2,18.9,19.6,20.3,21. ,21.7,22.4,23.1,23.8,24.5,25.2,25.9,26.6,27.3,28. 
mcs_dl:0.49901171,0.05918959,0.07025113,0.        ,0.05620469,0.04592541,0.        ,0.02510707,0.02077721,0.        ,0.01897101,0.01896823,0.01090282,0.        ,0.01046235,0.01891532,0.        ,0.01763411,0.01886849,0.        ,0.02072112,0.02283989,0.02520468,0.        ,0.0257683 ,0.03182011,0.        ,0.02471924,0.02828892,0.        ,0.03908671,0.04665755,0.04113788,0.        ,0.03725339,0.02214571,0.        ,0.01825051,0.        ,0.15348827
mcs_dl_bin_edges: 0. , 0.7, 1.4, 2.1, 2.8, 3.5, 4.2, 4.9, 5.6, 6.3, 7. , 7.7, 8.4, 9.1, 9.8,10.5,11.2,11.9,12.6,13.3,14. ,14.7,15.4,16.1,16.8,17.5,18.2,18.9,19.6,20.3,21. ,21.7,22.4,23.1,23.8,24.5,25.2,25.9,26.6,27.3,28. 
eff_ul:2.05368094,0.54803597,0.24216851,0.16382101,0.12232118,0.        ,0.08820039,0.06032247,0.        ,0.06046799,0.06952777,0.07907511,0.05654744,0.05663145,0.1267348 ,0.        ,0.13105091,0.12538361,0.        ,0.13446739,0.        ,0.14771525,0.12805749,0.        ,0.12571816,0.        ,0.11775704,0.06666586,0.06704442,0.09353014,0.        ,0.06939175,0.        ,0.05678698,0.        ,0.06030847,0.        ,0.04384716,0.03355221,0.2719917 
eff_ul_bin_edges:0.        ,0.18515763,0.37031527,0.5554729 ,0.74063053,0.92578816,1.1109458 ,1.29610343,1.48126106,1.66641869,1.85157632,2.03673396,2.22189159,2.40704922,2.59220686,2.77736449,2.96252212,3.14767975,3.33283738,3.51799502,3.70315265,3.88831028,4.07346792,4.25862555,4.44378318,4.62894081,4.81409844,4.99925608,5.18441371,5.36957134,5.55472897,5.73988661,5.92504424,6.11020187,6.29535951,6.48051714,6.66567477,6.8508324 ,7.03599004,7.22114767,7.4063053 
eff_dl:0.97692671,0.90961826,0.22376993,0.2655888 ,0.21248534,0.        ,0.17362389,0.09491883,0.        ,0.07854953,0.07172107,0.07171057,0.04121879,0.03955356,0.07151054,0.        ,0.06666686,0.07133352,0.        ,0.0783375 ,0.        ,0.08634763,0.09528788,0.        ,0.09741868,0.        ,0.1202979 ,0.09345263,0.10694802,0.14776975,0.        ,0.17639177,0.        ,0.15552434,0.        ,0.14083878,0.        ,0.08372326,0.06899719,0.580272  
eff_dl_bin_edges:0.        ,0.18515763,0.37031527,0.5554729 ,0.74063053,0.92578816,1.1109458 ,1.29610343,1.48126106,1.66641869,1.85157632,2.03673396,2.22189159,2.40704922,2.59220686,2.77736449,2.96252212,3.14767975,3.33283738,3.51799502,3.70315265,3.88831028,4.07346792,4.25862555,4.44378318,4.62894081,4.81409844,4.99925608,5.18441371,5.36957134,5.55472897,5.73988661,5.92504424,6.11020187,6.29535951,6.48051714,6.66567477,6.8508324 ,7.03599004,7.22114767,7.4063053 
rul:1.26459139e+00,7.17477169e-03,1.99854891e-03,6.09932943e-04,3.41751391e-04,2.04767420e-04,1.42298005e-04,6.58940139e-05,5.98714428e-05,4.92433760e-05,3.58992477e-05,2.10199543e-05,1.51154727e-05,1.09823357e-05,9.44717046e-06,8.85672231e-06,7.20346747e-06,6.49492969e-06,6.25875043e-06,3.54268892e-06,3.66077855e-06,1.65325483e-06,1.18089631e-06,1.65325483e-06,9.44717046e-07,9.44717046e-07,1.29898594e-06,7.08537784e-07,3.54268892e-07,1.06280668e-06,2.36179261e-07,1.18089631e-07,0.00000000e+00,2.36179261e-07,0.00000000e+00,1.18089631e-07,2.36179261e-07,3.54268892e-07,2.36179261e-07,3.54268892e-07
rul_bin_edges: 0.        , 0.78408088, 1.56816175, 2.35224263, 3.1363235 , 3.92040437, 4.70448525, 5.48856613, 6.272647  , 7.05672787, 7.84080875, 8.62488962, 9.4089705 ,10.19305137,10.97713225,11.76121312,12.545294  ,13.32937488,14.11345575,14.89753663,15.6816175 ,16.46569837,17.24977925,18.03386013,18.817941  ,19.60202188,20.38610275,21.17018362,21.9542645 ,22.73834538,23.52242625,24.30650712,25.090588  ,25.87466888,26.65874975,27.44283062,28.2269115 ,29.01099238,29.79507325,30.57915412,31.363235  
rdl:1.07923959e+00,2.15713059e-03,1.98566636e-03,1.31469315e-03,1.02657291e-03,1.41495699e-04,9.47327278e-05,6.30545864e-05,2.93651343e-05,2.34317681e-05,8.95033204e-06,7.74354569e-06,8.74920098e-06,3.01696585e-06,1.50848293e-06,1.00565528e-07,9.05089756e-07,3.41922797e-06,1.60904846e-06,1.30735187e-06,1.10622081e-06,3.01696585e-07,1.00565528e-07,4.02262114e-07,0.00000000e+00,0.00000000e+00,6.03393171e-07,1.00565528e-07,0.00000000e+00,1.00565528e-07,0.00000000e+00,0.00000000e+00,0.00000000e+00,1.00565528e-07,2.01131057e-07,3.01696585e-07,3.01696585e-07,0.00000000e+00,0.00000000e+00,1.00565528e-07
rdl_bin_edges: 0.        , 0.92071133, 1.84142265, 2.76213398, 3.6828453 , 4.60355663, 5.52426795, 6.44497928, 7.3656906 , 8.28640192, 9.20711325,10.12782458,11.0485359 ,11.96924723,12.88995855,13.81066988,14.7313812 ,15.65209253,16.57280385,17.49351518,18.4142265 ,19.33493783,20.25564915,21.17636048,22.0970718 ,23.01778313,23.93849445,24.85920578,25.7799171 ,26.70062843,27.62133975,28.54205108,29.4627624 ,30.38347373,31.30418505,32.22489638,33.1456077 ,34.06631903,34.98703035,35.90774168,36.828453  
lul:2.29375871e+03,0.00000000e+00,0.00000000e+00,0.00000000e+00,0.00000000e+00,0.00000000e+00,0.00000000e+00,0.00000000e+00,0.00000000e+00,0.00000000e+00,0.00000000e+00,0.00000000e+00,0.00000000e+00,0.00000000e+00,0.00000000e+00,0.00000000e+00,0.00000000e+00,0.00000000e+00,7.20090791e+02,3.46455893e+01,2.66824913e+02,3.27223862e+02,7.38123540e-01,8.73738560e-02,3.67712367e-02,5.06026193e-03,7.42171750e-03,0.00000000e+00,0.00000000e+00,0.00000000e+00,0.00000000e+00,0.00000000e+00,0.00000000e+00,0.00000000e+00,0.00000000e+00,0.00000000e+00,0.00000000e+00,0.00000000e+00,0.00000000e+00,3.37350795e-04
lul_bin_edges:0.        ,0.00027447,0.00054893,0.0008234 ,0.00109787,0.00137234,0.0016468 ,0.00192127,0.00219574,0.00247021,0.00274467,0.00301914,0.00329361,0.00356808,0.00384254,0.00411701,0.00439148,0.00466595,0.00494041,0.00521488,0.00548935,0.00576382,0.00603828,0.00631275,0.00658722,0.00686169,0.00713615,0.00741062,0.00768509,0.00795956,0.00823402,0.00850849,0.00878296,0.00905743,0.00933189,0.00960636,0.00988083,0.0101553 ,0.01042976,0.01070423,0.0109787 
ldl:8.71700134e+02,0.00000000e+00,0.00000000e+00,0.00000000e+00,0.00000000e+00,0.00000000e+00,0.00000000e+00,0.00000000e+00,0.00000000e+00,0.00000000e+00,5.77607159e+02,4.96111121e+02,1.57568613e+02,3.54398329e-02,1.63568460e-02,5.84173070e-04,0.00000000e+00,1.94724357e-04,1.94724357e-04,0.00000000e+00,0.00000000e+00,0.00000000e+00,0.00000000e+00,0.00000000e+00,0.00000000e+00,0.00000000e+00,0.00000000e+00,1.94724357e-04,0.00000000e+00,0.00000000e+00,0.00000000e+00,0.00000000e+00,0.00000000e+00,0.00000000e+00,0.00000000e+00,1.94724357e-04,0.00000000e+00,0.00000000e+00,0.00000000e+00,3.89448713e-04
ldl_bin_edges:0.        ,0.0004755 ,0.000951  ,0.00142651,0.00190201,0.00237751,0.00285301,0.00332851,0.00380402,0.00427952,0.00475502,0.00523052,0.00570602,0.00618153,0.00665703,0.00713253,0.00760803,0.00808353,0.00855904,0.00903454,0.00951004,0.00998554,0.01046104,0.01093655,0.01141205,0.01188755,0.01236305,0.01283855,0.01331406,0.01378956,0.01426506,0.01474056,0.01521606,0.01569157,0.01616707,0.01664257,0.01711807,0.01759357,0.01806908,0.01854458,0.01902008
ilul:3.30291109e-01,6.68744676e-03,3.74568317e-03,2.45321519e-03,2.00313570e-03,1.91461694e-03,1.62495883e-03,1.57128363e-03,1.30059143e-03,1.02144010e-03,1.04329285e-03,8.61152986e-04,7.30774948e-04,4.95161289e-04,7.10634159e-04,4.69078968e-04,5.13892222e-04,5.23761209e-04,6.12917766e-04,6.73608676e-04,6.06338442e-04,5.14798558e-04,3.53705817e-04,2.94693306e-04,2.61763116e-04,9.58365860e-05,1.12049921e-04,1.28800343e-04,3.26885000e-04,1.96238417e-04,5.33059539e-05,9.47959786e-05,4.79686450e-05,2.97412312e-05,0.00000000e+00,2.31283390e-05,6.06573418e-05,1.58776550e-05,3.84017703e-05,3.44743166e-05
ilul_bin_edges:  0.       ,  2.7583375,  5.516675 ,  8.2750125, 11.03335  , 13.7916875, 16.550025 , 19.3083625, 22.0667   , 24.8250375, 27.583375 , 30.3417125, 33.10005  , 35.8583875, 38.616725 , 41.3750625, 44.1334   , 46.8917375, 49.650075 , 52.4084125, 55.16675  , 57.9250875, 60.683425 , 63.4417625, 66.2001   , 68.9584375, 71.716775 , 74.4751125, 77.23345  , 79.9917875, 82.750125 , 85.5084625, 88.2668   , 91.0251375, 93.783475 , 96.5418125, 99.30015  ,102.0584875,104.816825 ,107.5751625,110.3335   
ildl:1.20629202e+00,6.23469840e-03,2.72253995e-03,1.98297651e-03,1.79811409e-03,1.35808465e-03,1.37514888e-03,1.43669384e-03,7.31486373e-04,4.56866139e-04,2.69728490e-04,4.77684492e-04,4.85306511e-04,6.11012957e-04,2.71321151e-04,1.38902778e-04,9.97688257e-05,2.05908295e-04,1.83838566e-04,4.29904666e-04,4.58003754e-04,7.84954273e-05,1.41519292e-04,9.54458891e-05,4.58458800e-05,1.84293612e-05,1.70642233e-05,3.66311994e-05,1.33100942e-05,1.12623874e-05,3.00330331e-05,8.60036856e-05,3.98165211e-06,3.86789062e-06,4.20917509e-06,3.75412913e-06,4.09541360e-06,1.16036719e-05,4.09541360e-06,4.66422104e-06
ildl_bin_edges: 0.        , 0.81391182, 1.62782365, 2.44173547, 3.2556473 , 4.06955912, 4.88347095, 5.69738277, 6.5112946 , 7.32520642, 8.13911825, 8.95303007, 9.7669419 ,10.58085372,11.39476555,12.20867737,13.0225892 ,13.83650102,14.65041285,15.46432467,16.2782365 ,17.09214832,17.90606015,18.71997197,19.5338838 ,20.34779562,21.16170745,21.97561927,22.7895311 ,23.60344292,24.41735475,25.23126657,26.0451784 ,26.85909022,27.67300205,28.48691387,29.3008257 ,30.11473752,30.92864935,31.74256117,32.556473  
eul:1.35116966e+02,0.00000000e+00,0.00000000e+00,0.00000000e+00,0.00000000e+00,0.00000000e+00,0.00000000e+00,5.00875371e-05,7.51313056e-05,0.00000000e+00,5.00875371e-05,1.75306380e-04,7.35159825e-02,4.65188000e-02,2.50437685e-05,2.50437685e-05,5.00875371e-05,0.00000000e+00,0.00000000e+00,0.00000000e+00,0.00000000e+00,0.00000000e+00,0.00000000e+00,0.00000000e+00,0.00000000e+00,0.00000000e+00,0.00000000e+00,0.00000000e+00,0.00000000e+00,0.00000000e+00,0.00000000e+00,0.00000000e+00,0.00000000e+00,0.00000000e+00,0.00000000e+00,0.00000000e+00,0.00000000e+00,0.00000000e+00,0.00000000e+00,2.50437685e-05
eul_bin_edges:0.       ,0.0073944,0.0147888,0.0221832,0.0295776,0.036972 ,0.0443664,0.0517608,0.0591552,0.0665496,0.073944 ,0.0813384,0.0887328,0.0961272,0.1035216,0.110916 ,0.1183104,0.1257048,0.1330992,0.1404936,0.147888 ,0.1552824,0.1626768,0.1700712,0.1774656,0.18486  ,0.1922544,0.1996488,0.2070432,0.2144376,0.221832 ,0.2292264,0.2366208,0.2440152,0.2514096,0.258804 ,0.2661984,0.2735928,0.2809872,0.2883816,0.295776 
edl: 0., 0., 0., 0., 0., 0., 0., 0., 0., 0., 0., 0., 0., 0., 0., 0., 0., 0., 0., 0.,40., 0., 0., 0., 0., 0., 0., 0., 0., 0., 0., 0., 0., 0., 0., 0., 0., 0., 0., 0.
edl_bin_edges:-0.5  ,-0.475,-0.45 ,-0.425,-0.4  ,-0.375,-0.35 ,-0.325,-0.3  ,-0.275,-0.25 ,-0.225,-0.2  ,-0.175,-0.15 ,-0.125,-0.1  ,-0.075,-0.05 ,-0.025, 0.   , 0.025, 0.05 , 0.075, 0.1  , 0.125, 0.15 , 0.175, 0.2  , 0.225, 0.25 , 0.275, 0.3  , 0.325, 0.35 , 0.375, 0.4  , 0.425, 0.45 , 0.475, 0.5  
gul:1.11871422e-01,0.00000000e+00,0.00000000e+00,0.00000000e+00,0.00000000e+00,1.03616630e-03,3.41704621e-02,5.58608768e-02,9.42911337e-02,1.51234229e-01,2.44397092e-01,8.18341812e+01,4.14192859e+01,1.41931758e-01,8.80280841e-02,5.48937882e-02,3.31573218e-02,2.48679913e-02,1.65786609e-02,9.32549674e-03,1.65786609e-02,3.10849891e-03,1.03616630e-03,1.03616630e-03,0.00000000e+00,0.00000000e+00,0.00000000e+00,0.00000000e+00,0.00000000e+00,1.03616630e-03,0.00000000e+00,0.00000000e+00,0.00000000e+00,1.03616630e-03,0.00000000e+00,0.00000000e+00,1.01314039e-03,0.00000000e+00,0.00000000e+00,1.03616630e-03
gul_bin_edges:0.       ,0.0080424,0.0160848,0.0241272,0.0321696,0.040212 ,0.0482544,0.0562968,0.0643392,0.0723816,0.080424 ,0.0884664,0.0965088,0.1045512,0.1125936,0.120636 ,0.1286784,0.1367208,0.1447632,0.1528056,0.160848 ,0.1688904,0.1769328,0.1849752,0.1930176,0.20106  ,0.2091024,0.2171448,0.2251872,0.2332296,0.241272 ,0.2493144,0.2573568,0.2653992,0.2734416,0.281484 ,0.2895264,0.2975688,0.3056112,0.3136536,0.321696 
gdl:1.03616630e-03,0.00000000e+00,0.00000000e+00,0.00000000e+00,0.00000000e+00,1.03616630e-03,3.41934881e-02,5.59529805e-02,9.42911337e-02,1.51280280e-01,2.44535248e-01,8.19079102e+01,4.14559777e+01,1.41954784e-01,8.80741359e-02,5.49168142e-02,3.31573218e-02,2.48679913e-02,1.65786609e-02,9.32549674e-03,1.65786609e-02,3.10849891e-03,1.03616630e-03,1.03616630e-03,0.00000000e+00,0.00000000e+00,0.00000000e+00,0.00000000e+00,0.00000000e+00,1.03616630e-03,0.00000000e+00,0.00000000e+00,0.00000000e+00,1.03616630e-03,0.00000000e+00,0.00000000e+00,1.03616630e-03,0.00000000e+00,0.00000000e+00,1.03616630e-03
gdl_bin_edges:0.       ,0.0080424,0.0160848,0.0241272,0.0321696,0.040212 ,0.0482544,0.0562968,0.0643392,0.0723816,0.080424 ,0.0884664,0.0965088,0.1045512,0.1125936,0.120636 ,0.1286784,0.1367208,0.1447632,0.1528056,0.160848 ,0.1688904,0.1769328,0.1849752,0.1930176,0.20106  ,0.2091024,0.2171448,0.2251872,0.2332296,0.241272 ,0.2493144,0.2573568,0.2653992,0.2734416,0.281484 ,0.2895264,0.2975688,0.3056112,0.3136536,0.321696 
ri:34.49298293, 0.        , 0.        , 0.        , 0.        , 0.        , 0.        , 0.        , 0.        , 0.        , 0.        , 0.        , 0.        , 0.        , 0.        , 0.        , 0.        , 0.        , 0.        , 0.        , 0.        , 0.        , 0.        , 0.        , 0.        , 0.        , 0.        , 0.        , 0.        , 0.        , 0.        , 0.        , 0.        , 0.        , 0.        , 0.        , 0.        , 0.        , 0.        , 5.50701707
ri_bin_edges:1.   ,1.025,1.05 ,1.075,1.1  ,1.125,1.15 ,1.175,1.2  ,1.225,1.25 ,1.275,1.3  ,1.325,1.35 ,1.375,1.4  ,1.425,1.45 ,1.475,1.5  ,1.525,1.55 ,1.575,1.6  ,1.625,1.65 ,1.675,1.7  ,1.725,1.75 ,1.775,1.8  ,1.825,1.85 ,1.875,1.9  ,1.925,1.95 ,1.975,2.   
