period:1
ue_log_freq:1000
mac_log_freq:1000
mimo_layers:2
frequency:2412000000.0
bandwidth:50000000
ue_speed:5.555555555555555
max_distance:1000
shannon_cfg_bandwidth_mhz:50.0
shannon_cfg_mimo_layers:2
shannon_cfg_bw_efficiency:0.67
shannon_cfg_sinr_offset_db:0
shannon_cfg_ul_divisor:2
shannon_cfg_sinr_sample_rate:1000
n_ue:30
sinr_period:9.463597741343282
sinr_rate:105.66805852612856
ul_fairness:0.8612462539432111
dl_fairness:0.6936484995589296
ul_agg_throughput:14.547280285169299
dl_agg_throughput:20.576572359403123
ul_ave_throughput:0.48490934283897663
dl_ave_throughput:0.6858857453134374
ul_se:0.29094560570338596
dl_se:0.41153144718806245
ul_ase:9.261086263711883e-08
dl_ase:1.3099452811548283e-07
ul_gr:0.1919983299618003, 0.1919983299618003, 0.1919983299618003, 0.1919983299618003, 0.1919983299618003, 0.1919983299618003, 0.1919983299618003, 0.1919983299618003, 0.1919983299618003, 0.1919983299618003, 0.1919983299618003, 0.1919983299618003, 0.13037111861176157, 0.1919983299618003, 0.1919983299618003, 0.1919983299618003, 0.1919983299618003, 0.17978729249911252, 0.1919983299618003, 0.1919983299618003, 0.1919983299618003, 0.1919983299618003, 0.1919983299618003, 0.1919983299618003, 0.1919983299618003, 0.16271694511729068, 0.1919983299618003, 0.1919983299618003, 0.1919983299618003, 0.1215669103658303
dl_gr:0.1919983299618003, 0.1919983299618003, 0.1919983299618003, 0.1919983299618003, 0.1919983299618003, 0.1919983299618003, 0.1919983299618003, 0.1919983299618003, 0.1919983299618003, 0.1919983299618003, 0.1919983299618003, 0.1919983299618003, 0.1919983299618003, 0.1919983299618003, 0.1919983299618003, 0.1919983299618003, 0.1919983299618003, 0.1919983299618003, 0.1919983299618003, 0.1919983299618003, 0.1919983299618003, 0.1919983299618003, 0.1919983299618003, 0.1919983299618003, 0.1919983299618003, 0.1919983299618003, 0.1919983299618003, 0.1919983299618003, 0.1919983299618003, 0.15712020454762876
ul_tr:0.18877760193265058, 0.1557319166780277, 0.19199032631719737, 0.19199032380321832, 0.181112049162257, 0.1602796823064808, 0.15603192532028903, 0.16641728844676293, 0.19199032380213496, 0.15176003501829152, 0.19199032385930118, 0.18948138202173315, 0.04315644264647795, 0.10674434991533402, 0.1715735851152907, 0.19199032382530148, 0.16053022669952752, 0.17977930185140126, 0.18497259700019167, 0.1886511540866326, 0.18919518732577228, 0.19076953843942965, 0.12519069984150133, 0.1100915418878176, 0.11980829505262455, 0.07548413685377624, 0.11473506278939342, 0.19199032762285315, 0.11794732321905652, 0.03422837708644095
dl_tr:0.19199032537778854, 0.19199033709769087, 0.19199032895059207, 0.19199032380213496, 0.19149112617103192, 0.1919903570470246, 0.19199033183790135, 0.19199034356430364, 0.19199032380213496, 0.18987676040457996, 0.19199032382021816, 0.19199032394646712, 0.18796927275689368, 0.1910943699095841, 0.19199038384105133, 0.19199033700652496, 0.1919903765361955, 0.19199043492004234, 0.19199034289264255, 0.19199032399071675, 0.18955995231048076, 0.19199036757077026, 0.1858938950948742, 0.19199037132540564, 0.19199038261881152, 0.18364193516820693, 0.18864181239681335, 0.19199032536453864, 0.1919903974373547, 0.06978815574028549
ul_er:0.0, 0.0, 0.0, 0.0, 0.0, 0.0, 0.0, 0.0, 0.0, 0.0, 0.0, 0.0, 0.06162560176345197, 0.0, 0.0, 0.0, 0.0, 0.012211037462687811, 0.0, 0.0, 0.0, 0.0, 0.0, 0.0, 0.0, 0.029279775257922854, 0.0, 0.0, 0.0, 0.07042981000938325
dl_er:0.0, 0.0, 0.0, 0.0, 0.0, 0.0, 0.0, 0.0, 0.0, 0.0, 0.0, 0.0, 0.0, 0.0, 0.0, 0.0, 0.0, 0.0, 0.0, 0.0, 0.0, 0.0, 0.0, 0.0, 0.0, 0.0, 0.0, 0.0, 0.0, 0.034876515827584775
ul_er_ratio:0.0, 0.0, 0.0, 0.0, 0.0, 0.0, 0.0, 0.0, 0.0, 0.0, 0.0, 0.0, 0.5881313168729496, 0.0, 0.0, 0.0, 0.0, 0.06360235367213454, 0.0, 0.0, 0.0, 0.0, 0.0, 0.0, 0.0, 0.27948340862552756, 0.0, 0.0, 0.0, 0.672950793088918
dl_er_ratio:0.0, 0.0, 0.0, 0.0, 0.0, 0.0, 0.0, 0.0, 0.0, 0.0, 0.0, 0.0, 0.0, 0.0, 0.0, 0.0, 0.0, 0.0, 0.0, 0.0, 0.0, 0.0, 0.0, 0.0, 0.0, 0.0, 0.0, 0.0, 0.0, 0.3332214710573944
ul_er_perc:0.0, 0.0, 0.0, 0.0, 0.0, 0.0, 0.0, 0.0, 0.0, 0.0, 0.0, 0.0, 58.81313168729496, 0.0, 0.0, 0.0, 0.0, 6.360235367213455, 0.0, 0.0, 0.0, 0.0, 0.0, 0.0, 0.0, 27.948340862552755, 0.0, 0.0, 0.0, 67.2950793088918
dl_er_perc:0.0, 0.0, 0.0, 0.0, 0.0, 0.0, 0.0, 0.0, 0.0, 0.0, 0.0, 0.0, 0.0, 0.0, 0.0, 0.0, 0.0, 0.0, 0.0, 0.0, 0.0, 0.0, 0.0, 0.0, 0.0, 0.0, 0.0, 0.0, 0.0, 33.32214710573944
ul_l:0.004399400618909009, 0.0033959365281989316, 0.00423607551039408, 0.004635127352123731, 0.0036745721880500994, 0.0031594605689785915, 0.0028417875504170797, 0.003277139237461354, 0.004635125911023241, 0.003366006743435471, 0.0045526472401329985, 0.004487363326887276, 0.0008485752041991316, 0.0015327111293889214, 0.0015355792727285605, 0.003650817051816235, 0.001805995860251998, 0.0008632628210448245, 0.0026540526354905374, 0.0044411220101590815, 0.0029598041817359855, 0.002485473934823876, 0.001370780440623828, 0.0016622030129523923, 0.0011718748127148941, 0.0014657808133623886, 0.0017481954613278222, 0.003783403055132874, 0.0011862845968691926, 0.00045254717140773824
dl_l:0.004606138249697085, 0.004317437580420164, 0.004550249251782902, 0.004635125911023241, 0.0043550490989191755, 0.0039262275003116645, 0.004473153326152281, 0.0041751710137815515, 0.004635125911023241, 0.004203071509826585, 0.004635149521162323, 0.0046338388624703125, 0.002811167199357505, 0.0027371358121582316, 0.0034275432295730866, 0.004413891880696828, 0.003298150218250681, 0.0020499584163040305, 0.004277556470734411, 0.004635156844367963, 0.00378313507525354, 0.00323383987359772, 0.0028422388541153826, 0.0034334570232648063, 0.0030526429173940214, 0.00275696723078391, 0.003154870518745677, 0.004547690569705253, 0.003099330679845168, 0.001472978338358847
ul_il:0.16087480318061848, 3.447741284688846, 0.03501068329492254, 0.004635127352123731, 0.2599712929206581, 0.6795135202145598, 0.3568391806864227, 0.2463730106499104, 0.004635125911023241, 0.31621148325957527, 0.06520675101945984, 0.013626672681744318, 6.525238586775246, 1.1214479363625378, 2.99238874462274, 0.07509285274970459, 0.9105315266180816, 3.4227711927990865, 0.4230908355346438, 0.022254610510201583, 0.08376934570737496, 0.2461428055228573, 0.44024823433194227, 0.8331122750594195, 2.116325582521621, 3.0038660976079465, 3.0517080995240513, 0.4630530948876026, 5.483670082784812, 0.6682290265857009
dl_il:0.004997663279981833, 0.0175598338120974, 0.005067066480449329, 0.004635125911023241, 0.013680253176300198, 0.013423122455572036, 0.03400510549654919, 0.015081150154697045, 0.004635125911023241, 0.01795335584682211, 0.004635150356758694, 0.0046341732161923645, 0.10223726004987878, 0.08940137974958627, 0.1327662688752702, 0.007849518914009881, 0.08575028314569794, 0.17054268027159777, 0.011463844801814985, 0.004640017258070349, 0.02737958797110441, 0.06886135647550604, 0.0442732990880576, 0.09828681931554234, 0.0980020881787685, 0.11351772014750879, 0.07160842063500639, 0.00944361162319814, 0.06608752666325197, 0.00530272866039033
sinr_ul:3.63369889e-04,7.38638747e-04,2.59545231e-03,7.66318210e-03,1.04125004e-02,1.81538054e-02,3.00961028e-02,3.06501845e-02,3.07717181e-02,2.21371698e-02,1.43599217e-02,1.01554827e-02,9.50391154e-03,1.60427642e-02,2.66515565e-02,2.46910168e-02,1.49039918e-02,1.15049078e-02,6.37341594e-03,2.49771665e-03,2.45627541e-03,1.36419626e-03,5.59415658e-04,3.45890714e-04,9.10065959e-05,6.75369057e-05,7.22964932e-05,7.53327818e-05,1.91204119e-05,2.05154635e-05,3.04449478e-05,5.16989679e-06,4.84164938e-06,4.67752567e-06,4.51340196e-06,4.26721640e-06,4.18515455e-06,3.93896898e-06,5.41608235e-06,1.92845357e-05
sinr_ul_bin_edges:-28.501093  ,-25.11614068,-21.73118835,-18.34623602,-14.9612837 ,-11.57633137, -8.19137905, -4.80642672, -1.4214744 ,  1.96347793,  5.34843025,  8.73338258, 12.1183349 , 15.50328723, 18.88823955, 22.27319188, 25.6581442 , 29.04309653, 32.42804885, 35.81300118, 39.1979535 , 42.58290583, 45.96785815, 49.35281048, 52.7377628 , 56.12271513, 59.50766745, 62.89261978, 66.2775721 , 69.66252443, 73.04747675, 76.43242908, 79.8173814 , 83.20233373, 86.58728605, 89.97223838, 93.3571907 , 96.74214303,100.12709535,103.51204768,106.897     
sinr_dl:3.63660281e-04,7.13637131e-04,2.32517601e-03,7.53344267e-03,9.91864110e-03,1.70239519e-02,2.83200024e-02,4.55222586e-02,1.91225537e-02,2.43785865e-02,1.56829756e-02,1.09735245e-02,9.49739288e-03,1.85470941e-02,2.43979784e-02,2.73823936e-02,1.75801876e-02,1.03340969e-02,5.79699001e-03,2.48089850e-03,2.17574958e-03,9.64052325e-04,5.10820132e-04,2.71318105e-04,6.93405800e-05,6.80813685e-05,7.78192707e-05,5.64126752e-05,1.93918571e-05,2.13226481e-05,2.69471261e-05,5.20474087e-06,4.78500370e-06,4.70105627e-06,4.44921397e-06,4.28131910e-06,4.11342424e-06,4.02947680e-06,5.54053060e-06,1.94758045e-05
sinr_dl_bin_edges:-21.663488  ,-18.35456655,-15.0456451 ,-11.73672365, -8.4278022 , -5.11888075, -1.8099593 ,  1.49896215,  4.8078836 ,  8.11680505, 11.4257265 , 14.73464795, 18.0435694 , 21.35249085, 24.6614123 , 27.97033375, 31.2792552 , 34.58817665, 37.8970981 , 41.20601955, 44.514941  , 47.82386245, 51.1327839 , 54.44170535, 57.7506268 , 61.05954825, 64.3684697 , 67.67739115, 70.9863126 , 74.29523405, 77.6041555 , 80.91307695, 84.2219984 , 87.53091985, 90.8398413 , 94.14876275, 97.4576842 ,100.76660565,104.0755271 ,107.38444855,110.69337   
rsrp_ul:3.63330423e-04,7.43004146e-04,2.73902191e-03,7.61991938e-03,1.04946153e-02,1.82906153e-02,3.02462722e-02,3.06203613e-02,3.06555938e-02,2.20846423e-02,1.43049856e-02,1.01117386e-02,9.53914828e-03,1.60763857e-02,2.68154114e-02,2.47022803e-02,1.48076037e-02,1.14923778e-02,6.36279940e-03,2.45642246e-03,2.45379439e-03,1.34557090e-03,5.53783238e-04,3.45673090e-04,9.24751485e-05,6.75906280e-05,7.25182558e-05,7.54748325e-05,1.91356213e-05,2.05317825e-05,3.07155466e-05,5.17400919e-06,4.92762780e-06,4.59911928e-06,4.51699215e-06,4.35273789e-06,4.10635650e-06,3.94210224e-06,5.50251771e-06,1.92177484e-05
rsrp_ul_bin_edges:-154.62471  ,-151.2424481,-147.8601862,-144.4779243,-141.0956624,-137.7134005,-134.3311386,-130.9488767,-127.5666148,-124.1843529,-120.802091 ,-117.4198291,-114.0375672,-110.6553053,-107.2730434,-103.8907815,-100.5085196, -97.1262577, -93.7439958, -90.3617339, -86.979472 , -83.5972101, -80.2149482, -76.8326863, -73.4504244, -70.0681625, -66.6859006, -63.3036387, -59.9213768, -56.5391149, -53.156853 , -49.7745911, -46.3923292, -43.0100673, -39.6278054, -36.2455435, -32.8632816, -29.4810197, -26.0987578, -22.7164959, -19.334234 
rsrp_dl:3.63451096e-04,7.21862426e-04,2.46251347e-03,7.49093960e-03,9.96949632e-03,1.70755658e-02,2.84173903e-02,4.55990432e-02,1.90367066e-02,2.42852865e-02,1.56700592e-02,1.09522506e-02,9.49920220e-03,1.85347460e-02,2.44631902e-02,2.75052767e-02,1.75576194e-02,1.02436596e-02,5.78170310e-03,2.46175750e-03,2.17365090e-03,9.47391937e-04,5.06916424e-04,2.72315335e-04,6.96327614e-05,6.77848474e-05,7.78643786e-05,5.67813591e-05,1.93191015e-05,2.12510116e-05,2.72987303e-05,5.12376170e-06,4.78777732e-06,4.70378123e-06,4.45179295e-06,4.28380076e-06,4.11580858e-06,4.03181248e-06,5.54374216e-06,1.94870937e-05
rsrp_dl_bin_edges:-153.31703   ,-150.01002545,-146.7030209 ,-143.39601635,-140.0890118 ,-136.78200725,-133.4750027 ,-130.16799815,-126.8609936 ,-123.55398905,-120.2469845 ,-116.93997995,-113.6329754 ,-110.32597085,-107.0189663 ,-103.71196175,-100.4049572 , -97.09795265, -93.7909481 , -90.48394355, -87.176939  , -83.86993445, -80.5629299 , -77.25592535, -73.9489208 , -70.64191625, -67.3349117 , -64.02790715, -60.7209026 , -57.41389805, -54.1068935 , -50.79988895, -47.4928844 , -44.18587985, -40.8788753 , -37.57187075, -34.2648662 , -30.95786165, -27.6508571 , -24.34385255, -21.036848  
cqi_ul:1.0833569 ,0.        ,0.27972656,0.        ,0.        ,0.17186079,0.        ,0.        ,0.08285412,0.        ,0.0449137 ,0.        ,0.        ,0.06313873,0.        ,0.        ,0.05129068,0.        ,0.1091102 ,0.        ,0.        ,0.1346774 ,0.        ,0.        ,0.14531583,0.        ,0.12205009,0.        ,0.        ,0.06011802,0.        ,0.        ,0.08152451,0.        ,0.06923794,0.        ,0.        ,0.04029596,0.        ,0.12719524
cqi_ul_bin_edges: 0.   , 0.375, 0.75 , 1.125, 1.5  , 1.875, 2.25 , 2.625, 3.   , 3.375, 3.75 , 4.125, 4.5  , 4.875, 5.25 , 5.625, 6.   , 6.375, 6.75 , 7.125, 7.5  , 7.875, 8.25 , 8.625, 9.   , 9.375, 9.75 ,10.125,10.5  ,10.875,11.25 ,11.625,12.   ,12.375,12.75 ,13.125,13.5  ,13.875,14.25 ,14.625,15.   
cqi_dl:0.51133129,0.        ,0.48193672,0.        ,0.        ,0.25090828,0.        ,0.        ,0.18360736,0.        ,0.07346383,0.        ,0.        ,0.06121727,0.        ,0.        ,0.03169825,0.        ,0.05318474,0.        ,0.        ,0.04888107,0.        ,0.        ,0.0906511 ,0.        ,0.11298795,0.        ,0.        ,0.08672298,0.        ,0.        ,0.14911357,0.        ,0.14952172,0.        ,0.        ,0.09343255,0.        ,0.28800797
cqi_dl_bin_edges: 0.   , 0.375, 0.75 , 1.125, 1.5  , 1.875, 2.25 , 2.625, 3.   , 3.375, 3.75 , 4.125, 4.5  , 4.875, 5.25 , 5.625, 6.   , 6.375, 6.75 , 7.125, 7.5  , 7.875, 8.25 , 8.625, 9.   , 9.375, 9.75 ,10.125,10.5  ,10.875,11.25 ,11.625,12.   ,12.375,12.75 ,13.125,13.5  ,13.875,14.25 ,14.625,15.   
mcs_ul:0.73022328,0.05427574,0.03779254,0.        ,0.02737834,0.01700779,0.        ,0.01103126,0.01302965,0.        ,0.01692724,0.01689708,0.01331854,0.        ,0.01415861,0.02634899,0.        ,0.03210291,0.03084577,0.        ,0.04130283,0.04265798,0.03518979,0.        ,0.03344496,0.03193902,0.        ,0.01716414,0.01503162,0.        ,0.0244863 ,0.01919786,0.01509749,0.        ,0.02199426,0.01226141,0.        ,0.00932572,0.        ,0.06814031
mcs_ul_bin_edges: 0. , 0.7, 1.4, 2.1, 2.8, 3.5, 4.2, 4.9, 5.6, 6.3, 7. , 7.7, 8.4, 9.1, 9.8,10.5,11.2,11.9,12.6,13.3,14. ,14.7,15.4,16.1,16.8,17.5,18.2,18.9,19.6,20.3,21. ,21.7,22.4,23.1,23.8,24.5,25.2,25.9,26.6,27.3,28. 
mcs_dl:0.53210787,0.06154433,0.07287082,0.        ,0.05920586,0.03915523,0.        ,0.02037364,0.01898198,0.        ,0.01772168,0.01507329,0.00876897,0.        ,0.00821223,0.01548082,0.        ,0.013011  ,0.01186855,0.        ,0.01431774,0.02065737,0.02790572,0.        ,0.02862159,0.03190767,0.        ,0.02391885,0.02253196,0.        ,0.03711358,0.04277663,0.04235203,0.        ,0.03774889,0.02745652,0.        ,0.02259664,0.        ,0.15428998
mcs_dl_bin_edges: 0. , 0.7, 1.4, 2.1, 2.8, 3.5, 4.2, 4.9, 5.6, 6.3, 7. , 7.7, 8.4, 9.1, 9.8,10.5,11.2,11.9,12.6,13.3,14. ,14.7,15.4,16.1,16.8,17.5,18.2,18.9,19.6,20.3,21. ,21.7,22.4,23.1,23.8,24.5,25.2,25.9,26.6,27.3,28. 
eff_ul:2.19412417,0.56653057,0.20519282,0.14287707,0.10350554,0.        ,0.06429903,0.04170436,0.        ,0.04925942,0.06399449,0.06388047,0.05035157,0.05352752,0.09961399,0.        ,0.12136705,0.11661438,0.        ,0.15614793,0.        ,0.16127115,0.13303719,0.        ,0.12644076,0.        ,0.12074746,0.06489011,0.05682798,0.092572  ,0.        ,0.07257869,0.        ,0.05707702,0.        ,0.08315068,0.        ,0.04635501,0.03525645,0.25760868
eff_ul_bin_edges:0.        ,0.18515763,0.37031527,0.5554729 ,0.74063053,0.92578816,1.1109458 ,1.29610343,1.48126106,1.66641869,1.85157632,2.03673396,2.22189159,2.40704922,2.59220686,2.77736449,2.96252212,3.14767975,3.33283738,3.51799502,3.70315265,3.88831028,4.07346792,4.25862555,4.44378318,4.62894081,4.81409844,4.99925608,5.18441371,5.36957134,5.55472897,5.73988661,5.92504424,6.11020187,6.29535951,6.48051714,6.66567477,6.8508324 ,7.03599004,7.22114767,7.4063053 
eff_dl:1.03559995,0.97606709,0.23267218,0.27549269,0.22383144,0.        ,0.14802879,0.07702382,0.        ,0.07176258,0.06699791,0.0569855 ,0.03315166,0.03104686,0.05852622,0.        ,0.04918891,0.0448698 ,0.        ,0.0541291 ,0.        ,0.07809647,0.10549932,0.        ,0.1082057 ,0.        ,0.12062894,0.0904267 ,0.08518346,0.14031021,0.        ,0.16171971,0.        ,0.16011449,0.        ,0.14271204,0.        ,0.10380108,0.085428  ,0.58330293
eff_dl_bin_edges:0.        ,0.18515763,0.37031527,0.5554729 ,0.74063053,0.92578816,1.1109458 ,1.29610343,1.48126106,1.66641869,1.85157632,2.03673396,2.22189159,2.40704922,2.59220686,2.77736449,2.96252212,3.14767975,3.33283738,3.51799502,3.70315265,3.88831028,4.07346792,4.25862555,4.44378318,4.62894081,4.81409844,4.99925608,5.18441371,5.36957134,5.55472897,5.73988661,5.92504424,6.11020187,6.29535951,6.48051714,6.66567477,6.8508324 ,7.03599004,7.22114767,7.4063053 
rul:1.45989466e+00,1.70980650e-02,1.56679752e-02,3.81371186e-03,2.19583672e-03,1.33703171e-03,6.15935956e-04,4.66124975e-04,3.17565896e-04,9.84829848e-05,1.26024837e-04,1.38126559e-04,6.46816214e-05,4.04781760e-05,7.01065316e-05,1.04742497e-04,4.17300783e-05,7.01065316e-05,2.62899493e-05,3.00456564e-05,1.16844219e-05,4.17300783e-06,1.58574298e-05,2.08650392e-06,4.59030861e-06,4.17300783e-07,3.75570705e-06,8.34601566e-07,4.17300783e-07,6.67681253e-06,5.84221096e-06,0.00000000e+00,0.00000000e+00,1.66920313e-06,7.09411331e-06,1.66920313e-06,4.59030861e-06,0.00000000e+00,3.33840626e-06,2.92110548e-06
rul_bin_edges: 0.        , 0.66564808, 1.33129615, 1.99694423, 2.6625923 , 3.32824038, 3.99388845, 4.65953653, 5.3251846 , 5.99083268, 6.65648075, 7.32212883, 7.9877769 , 8.65342498, 9.31907305, 9.98472113,10.6503692 ,11.31601728,11.98166535,12.64731343,13.3129615 ,13.97860958,14.64425765,15.30990573,15.9755538 ,16.64120188,17.30684995,17.97249803,18.6381461 ,19.30379418,19.96944225,20.63509033,21.3007384 ,21.96638648,22.63203455,23.29768263,23.9633307 ,24.62897878,25.29462685,25.96027493,26.625923  
rdl:8.79354571e-01,9.02323638e-05,4.55525515e-03,2.32188088e-03,2.19910570e-04,6.37296887e-04,2.95350743e-04,1.28198987e-05,6.40994934e-06,2.09556036e-05,9.86146053e-06,7.64263191e-06,3.69804770e-06,0.00000000e+00,0.00000000e+00,0.00000000e+00,0.00000000e+00,0.00000000e+00,7.39609540e-07,4.93073026e-07,0.00000000e+00,2.46536513e-07,0.00000000e+00,4.93073026e-07,2.46536513e-07,2.46536513e-07,0.00000000e+00,0.00000000e+00,0.00000000e+00,0.00000000e+00,0.00000000e+00,0.00000000e+00,0.00000000e+00,0.00000000e+00,2.46536513e-07,0.00000000e+00,0.00000000e+00,0.00000000e+00,0.00000000e+00,2.46536513e-07
rdl_bin_edges: 0.        , 1.12671125, 2.2534225 , 3.38013375, 4.506845  , 5.63355625, 6.7602675 , 7.88697875, 9.01369   ,10.14040125,11.2671125 ,12.39382375,13.520535  ,14.64724625,15.7739575 ,16.90066875,18.02738   ,19.15409125,20.2808025 ,21.40751375,22.534225  ,23.66093625,24.7876475 ,25.91435875,27.04107   ,28.16778125,29.2944925 ,30.42120375,31.547915  ,32.67462625,33.8013375 ,34.92804875,36.05476   ,37.18147125,38.3081825 ,39.43489375,40.561605  ,41.68831625,42.8150275 ,43.94173875,45.06845   
lul:9.58157359e+02,0.00000000e+00,0.00000000e+00,0.00000000e+00,0.00000000e+00,0.00000000e+00,0.00000000e+00,0.00000000e+00,0.00000000e+00,3.74196685e+02,4.27117068e+02,2.39010808e+02,7.07485808e-01,5.55326380e-04,0.00000000e+00,0.00000000e+00,0.00000000e+00,5.55326380e-04,0.00000000e+00,0.00000000e+00,5.55326380e-04,0.00000000e+00,0.00000000e+00,0.00000000e+00,0.00000000e+00,0.00000000e+00,0.00000000e+00,0.00000000e+00,0.00000000e+00,0.00000000e+00,0.00000000e+00,0.00000000e+00,0.00000000e+00,0.00000000e+00,0.00000000e+00,0.00000000e+00,0.00000000e+00,0.00000000e+00,0.00000000e+00,5.55326380e-04
lul_bin_edges:0.        ,0.0005002 ,0.0010004 ,0.00150061,0.00200081,0.00250101,0.00300121,0.00350142,0.00400162,0.00450182,0.00500202,0.00550222,0.00600243,0.00650263,0.00700283,0.00750303,0.00800323,0.00850344,0.00900364,0.00950384,0.01000404,0.01050425,0.01100445,0.01150465,0.01200485,0.01250505,0.01300526,0.01350546,0.01400566,0.01450586,0.01500607,0.01550627,0.01600647,0.01650667,0.01700687,0.01750708,0.01800728,0.01850748,0.01900768,0.01950788,0.02000809
ldl:1.05005545e+03,0.00000000e+00,0.00000000e+00,0.00000000e+00,0.00000000e+00,0.00000000e+00,0.00000000e+00,0.00000000e+00,0.00000000e+00,0.00000000e+00,0.00000000e+00,0.00000000e+00,0.00000000e+00,0.00000000e+00,0.00000000e+00,0.00000000e+00,0.00000000e+00,0.00000000e+00,1.74797989e+03,8.93779645e+01,2.63353167e+02,4.86272219e+02,2.82883223e-02,3.03089167e-02,0.00000000e+00,1.01029722e-03,0.00000000e+00,1.01029722e-03,0.00000000e+00,0.00000000e+00,0.00000000e+00,0.00000000e+00,0.00000000e+00,0.00000000e+00,0.00000000e+00,0.00000000e+00,0.00000000e+00,0.00000000e+00,0.00000000e+00,1.01029722e-03
ldl_bin_edges:0.        ,0.00027494,0.00054989,0.00082483,0.00109978,0.00137472,0.00164967,0.00192461,0.00219955,0.0024745 ,0.00274944,0.00302439,0.00329933,0.00357428,0.00384922,0.00412416,0.00439911,0.00467405,0.004949  ,0.00522394,0.00549889,0.00577383,0.00604877,0.00632372,0.00659866,0.00687361,0.00714855,0.0074235 ,0.00769844,0.00797338,0.00824833,0.00852327,0.00879822,0.00907316,0.00934811,0.00962305,0.00989799,0.01017294,0.01044788,0.01072283,0.01099777
ilul:5.01410920e-01,7.76929620e-03,2.92787339e-03,1.93035321e-03,1.31203346e-03,9.66886726e-04,1.65257032e-03,1.03097903e-03,1.41865570e-03,1.27530307e-03,1.50460780e-03,1.25730964e-03,1.17983379e-03,8.92533702e-04,2.82244080e-04,6.87765474e-04,1.43203925e-04,5.55565797e-04,6.53265670e-04,6.62634151e-04,4.77049003e-04,2.11906119e-04,3.42470029e-04,7.90223941e-04,9.20044321e-04,4.39277667e-04,3.65668173e-04,3.46633799e-04,1.83800676e-04,2.52800282e-05,1.44244867e-05,1.47218988e-05,3.03360339e-05,1.81421379e-04,9.74024617e-05,4.98165262e-05,4.47605205e-05,3.47823447e-04,5.17497048e-04,4.31842364e-04
ilul_bin_edges: 0.     , 1.86795, 3.7359 , 5.60385, 7.4718 , 9.33975,11.2077 ,13.07565,14.9436 ,16.81155,18.6795 ,20.54745,22.4154 ,24.28335,26.1513 ,28.01925,29.8872 ,31.75515,33.6231 ,35.49105,37.359  ,39.22695,41.0949 ,42.96285,44.8308 ,46.69875,48.5667 ,50.43465,52.3026 ,54.17055,56.0385 ,57.90645,59.7744 ,61.64235,63.5103 ,65.37825,67.2462 ,69.11415,70.9821 ,72.85005,74.718  
ildl:1.73011450e+00,3.31794835e-03,3.58322874e-03,1.76902181e-03,2.09892178e-03,9.61519956e-04,9.81926140e-04,9.91643371e-04,6.80206134e-04,1.00962025e-03,6.45224104e-04,4.49421910e-04,3.08522068e-04,4.77601878e-04,2.24953886e-04,2.77426930e-04,2.00174948e-04,1.30210888e-04,1.00573335e-04,5.97609675e-05,5.92751059e-05,5.97609675e-05,6.02468290e-05,5.00437370e-05,4.51851217e-05,4.66427063e-05,9.42571357e-05,4.27558141e-05,3.25527221e-05,3.30385836e-05,3.30385836e-05,3.20668606e-05,3.25527221e-05,2.42930762e-05,1.55475688e-05,1.36041227e-05,1.55475688e-05,1.45758457e-05,1.45758457e-05,1.40899842e-05
ildl_bin_edges: 0.        , 0.57171735, 1.1434347 , 1.71515205, 2.2868694 , 2.85858675, 3.4303041 , 4.00202145, 4.5737388 , 5.14545615, 5.7171735 , 6.28889085, 6.8606082 , 7.43232555, 8.0040429 , 8.57576025, 9.1474776 , 9.71919495,10.2909123 ,10.86262965,11.434347  ,12.00606435,12.5777817 ,13.14949905,13.7212164 ,14.29293375,14.8646511 ,15.43636845,16.0080858 ,16.57980315,17.1515205 ,17.72323785,18.2949552 ,18.86667255,19.4383899 ,20.01010725,20.5818246 ,21.15354195,21.7252593 ,22.29697665,22.868694  
eul:1.03778305e+02,0.00000000e+00,0.00000000e+00,0.00000000e+00,0.00000000e+00,8.91677783e-05,8.91677783e-05,2.67503335e-04,2.67503335e-04,1.78335557e-04,8.91677783e-05,8.91677783e-05,3.56671113e-04,3.56671113e-04,3.56671113e-04,2.67503335e-04,2.67503335e-04,1.60502001e-03,1.20673727e-02,7.66842893e-03,3.15918466e+00,2.37780742e-02,1.27212697e-02,1.51585223e-03,3.86393706e-04,2.67503335e-04,3.56671113e-04,3.56671113e-04,2.67503335e-04,1.78335557e-04,8.91677783e-05,8.91677783e-05,3.56671113e-04,8.91677783e-05,1.78335557e-04,0.00000000e+00,0.00000000e+00,0.00000000e+00,0.00000000e+00,8.91677783e-05
eul_bin_edges:0.       ,0.0093456,0.0186912,0.0280368,0.0373824,0.046728 ,0.0560736,0.0654192,0.0747648,0.0841104,0.093456 ,0.1028016,0.1121472,0.1214928,0.1308384,0.140184 ,0.1495296,0.1588752,0.1682208,0.1775664,0.186912 ,0.1962576,0.2056032,0.2149488,0.2242944,0.23364  ,0.2429856,0.2523312,0.2616768,0.2710224,0.280368 ,0.2897136,0.2990592,0.3084048,0.3177504,0.327096 ,0.3364416,0.3457872,0.3551328,0.3644784,0.373824 
edl:1.06354333e+02,0.00000000e+00,0.00000000e+00,0.00000000e+00,0.00000000e+00,2.97225928e-05,2.97225928e-05,8.91677783e-05,8.91677783e-05,5.94451855e-05,2.97225928e-05,2.97225928e-05,1.18890371e-04,1.18890371e-04,1.18890371e-04,8.91677783e-05,8.91677783e-05,4.45838892e-04,1.90224594e-03,2.43725261e-03,6.32110380e-01,6.74702856e-03,2.02113631e-03,4.45838892e-04,1.18890371e-04,8.91677783e-05,1.18890371e-04,1.18890371e-04,8.91677783e-05,5.94451855e-05,2.97225928e-05,2.97225928e-05,1.18890371e-04,2.97225928e-05,5.94451855e-05,0.00000000e+00,0.00000000e+00,0.00000000e+00,0.00000000e+00,2.97225928e-05
edl_bin_edges:0.       ,0.0093456,0.0186912,0.0280368,0.0373824,0.046728 ,0.0560736,0.0654192,0.0747648,0.0841104,0.093456 ,0.1028016,0.1121472,0.1214928,0.1308384,0.140184 ,0.1495296,0.1588752,0.1682208,0.1775664,0.186912 ,0.1962576,0.2056032,0.2149488,0.2242944,0.23364  ,0.2429856,0.2523312,0.2616768,0.2710224,0.280368 ,0.2897136,0.2990592,0.3084048,0.3177504,0.327096 ,0.3364416,0.3457872,0.3551328,0.3644784,0.373824 
gul:2.68328327e+00,0.00000000e+00,0.00000000e+00,0.00000000e+00,1.40965112e-03,1.33545896e-03,3.41283956e-03,2.00318843e-03,6.67729478e-04,6.67729478e-04,4.82249068e-03,4.74829851e-03,2.67091791e-03,4.97087501e-03,2.45576064e-02,4.58878536e-01,4.20313449e+00,8.11159501e+01,4.53017355e-01,3.91240013e-02,6.35579540e-03,2.67091791e-03,3.41283956e-03,4.82249068e-03,2.00318843e-03,1.33545896e-03,1.33545896e-03,2.00318843e-03,1.33545896e-03,0.00000000e+00,0.00000000e+00,0.00000000e+00,0.00000000e+00,6.67729478e-04,0.00000000e+00,0.00000000e+00,0.00000000e+00,0.00000000e+00,0.00000000e+00,7.41921643e-04
gul_bin_edges:0.      ,0.011232,0.022464,0.033696,0.044928,0.05616 ,0.067392,0.078624,0.089856,0.101088,0.11232 ,0.123552,0.134784,0.146016,0.157248,0.16848 ,0.179712,0.190944,0.202176,0.213408,0.22464 ,0.235872,0.247104,0.258336,0.269568,0.2808  ,0.292032,0.303264,0.314496,0.325728,0.33696 ,0.348192,0.359424,0.370656,0.381888,0.39312 ,0.404352,0.415584,0.426816,0.438048,0.44928 
gdl:5.39846918e-01,0.00000000e+00,0.00000000e+00,0.00000000e+00,1.45911256e-03,1.43438184e-03,3.61068533e-03,2.15157276e-03,7.17190921e-04,7.17190921e-04,5.06979789e-03,5.04506717e-03,2.86876368e-03,5.11925933e-03,2.55715659e-02,4.67831057e-01,4.31914630e+00,8.31197816e+01,4.62439760e-01,4.03358066e-02,6.57837190e-03,2.86876368e-03,3.61068533e-03,5.06979789e-03,2.15157276e-03,1.43438184e-03,1.43438184e-03,2.15157276e-03,1.43438184e-03,0.00000000e+00,0.00000000e+00,0.00000000e+00,0.00000000e+00,7.17190921e-04,0.00000000e+00,0.00000000e+00,0.00000000e+00,0.00000000e+00,0.00000000e+00,7.41921643e-04
gdl_bin_edges:0.      ,0.011232,0.022464,0.033696,0.044928,0.05616 ,0.067392,0.078624,0.089856,0.101088,0.11232 ,0.123552,0.134784,0.146016,0.157248,0.16848 ,0.179712,0.190944,0.202176,0.213408,0.22464 ,0.235872,0.247104,0.258336,0.269568,0.2808  ,0.292032,0.303264,0.314496,0.325728,0.33696 ,0.348192,0.359424,0.370656,0.381888,0.39312 ,0.404352,0.415584,0.426816,0.438048,0.44928 
ri:34.6501168, 0.       , 0.       , 0.       , 0.       , 0.       , 0.       , 0.       , 0.       , 0.       , 0.       , 0.       , 0.       , 0.       , 0.       , 0.       , 0.       , 0.       , 0.       , 0.       , 0.       , 0.       , 0.       , 0.       , 0.       , 0.       , 0.       , 0.       , 0.       , 0.       , 0.       , 0.       , 0.       , 0.       , 0.       , 0.       , 0.       , 0.       , 0.       , 5.3498832
ri_bin_edges:1.   ,1.025,1.05 ,1.075,1.1  ,1.125,1.15 ,1.175,1.2  ,1.225,1.25 ,1.275,1.3  ,1.325,1.35 ,1.375,1.4  ,1.425,1.45 ,1.475,1.5  ,1.525,1.55 ,1.575,1.6  ,1.625,1.65 ,1.675,1.7  ,1.725,1.75 ,1.775,1.8  ,1.825,1.85 ,1.875,1.9  ,1.925,1.95 ,1.975,2.   
