period:1
ue_log_freq:1000
mac_log_freq:1000
mimo_layers:2
frequency:2412000000.0
bandwidth:50000000
ue_speed:5.555555555555555
max_distance:1000
shannon_cfg_bandwidth_mhz:50.0
shannon_cfg_mimo_layers:2
shannon_cfg_bw_efficiency:0.67
shannon_cfg_sinr_offset_db:0
shannon_cfg_ul_divisor:2
shannon_cfg_sinr_sample_rate:1000
n_ue:30
sinr_period:9.463597741343282
sinr_rate:105.66805852612856
ul_fairness:0.8730167168784925
dl_fairness:0.7266793738055238
ul_agg_throughput:15.321927630546472
dl_agg_throughput:21.624924043252257
ul_ave_throughput:0.5107309210182157
dl_ave_throughput:0.7208308014417419
ul_se:0.30643855261092945
dl_se:0.4324984808650451
ul_ase:9.754242080391052e-08
dl_ase:1.376685422188149e-07
ul_gr:0.2399977796171115, 0.2399977796171115, 0.2399977796171115, 0.2399977796171115, 0.2399977796171115, 0.2399977796171115, 0.2399977796171115, 0.2399977796171115, 0.2399977796171115, 0.2399977796171115, 0.2399977796171115, 0.2399977796171115, 0.13777857762907808, 0.2399977796171115, 0.2311718431889151, 0.2399977796171115, 0.2399977796171115, 0.18979899802387482, 0.2399977796171115, 0.2399977796171115, 0.2399977796171115, 0.2399977796171115, 0.22719788031235572, 0.22191988430390577, 0.21399200638797178, 0.17398445786570946, 0.2399977796171115, 0.2399977796171115, 0.18136233035877203, 0.12086874857898684
dl_gr:0.2399977796171115, 0.2399977796171115, 0.2399977796171115, 0.2399977796171115, 0.2399977796171115, 0.2399977796171115, 0.2399977796171115, 0.2399977796171115, 0.2399977796171115, 0.2399977796171115, 0.2399977796171115, 0.2399977796171115, 0.2399977796171115, 0.2399977796171115, 0.2399977796171115, 0.2399977796171115, 0.2399977796171115, 0.2399977796171115, 0.2399977796171115, 0.2399977796171115, 0.2399977796171115, 0.2399977796171115, 0.2399977796171115, 0.2399977796171115, 0.2399977796171115, 0.2399977796171115, 0.2399977796171115, 0.2399977796171115, 0.2399977796171115, 0.17130042823895636
ul_tr:0.23509312241697986, 0.20538174045491292, 0.2399877500682494, 0.2399877499890834, 0.22632780885025955, 0.21111595934150548, 0.19513153958917007, 0.20176145467912768, 0.2399877499890001, 0.1890188043382972, 0.23998774676161036, 0.2399877495186707, 0.050567716133698884, 0.15880457196781694, 0.15114084063507802, 0.2399877456381197, 0.16744070120973992, 0.18978897233906386, 0.2273556558281181, 0.23494455165123623, 0.2363074864706961, 0.2389717603748302, 0.15401262288622597, 0.1346120157843685, 0.12677360918425679, 0.08674202878967675, 0.16099884223356473, 0.23998775386788443, 0.106564308078766, 0.033587348174431875
dl_tr:0.2399877515796535, 0.23998775549445422, 0.23998775706177447, 0.2399877499890001, 0.23956510115532373, 0.2399877860809493, 0.23974458552137065, 0.2397445962113649, 0.2399877499890001, 0.2373198009007425, 0.23998775005483292, 0.23998775010683246, 0.23581821482154314, 0.23958884304347464, 0.23998784873017726, 0.2399877559782835, 0.23777646021666488, 0.23998788036691363, 0.23839582952483732, 0.239987750320164, 0.2368117998062516, 0.2399878050721244, 0.23998783023599804, 0.23951086674327715, 0.2370860036318864, 0.22959308644044632, 0.23653184539003844, 0.2399877630538079, 0.2399878242162149, 0.08396706549937084
ul_er:0.0, 0.0, 0.0, 0.0, 0.0, 0.0, 0.0, 0.0, 0.0, 0.0, 0.0, 0.0, 0.10221716200503328, 0.0, 0.008825936428196433, 0.0, 0.0, 0.050198781593236715, 0.0, 0.0, 0.0, 0.0, 0.012799899304755794, 0.01807585533020558, 0.026003733246139613, 0.06601128176840193, 0.0, 0.0, 0.058635449258339516, 0.11912699105512455
dl_er:0.0, 0.0, 0.0, 0.0, 0.0, 0.0, 0.0, 0.0, 0.0, 0.0, 0.0, 0.0, 0.0, 0.0, 0.0, 0.0, 0.0, 0.0, 0.0, 0.0, 0.0, 0.0, 0.0, 0.0, 0.0, 0.0, 0.0, 0.0, 0.0, 0.06869531139515503
ul_er_ratio:0.0, 0.0, 0.0, 0.0, 0.0, 0.0, 0.0, 0.0, 0.0, 0.0, 0.0, 0.0, 0.6690266945935432, 0.0, 0.05517355909912067, 0.0, 0.0, 0.20917226304554506, 0.0, 0.0, 0.0, 0.0, 0.07673224489766622, 0.11838435625735984, 0.17020673898674873, 0.4321430516119887, 0.0, 0.0, 0.3549366548928302, 0.7800642143764628
dl_er_ratio:0.0, 0.0, 0.0, 0.0, 0.0, 0.0, 0.0, 0.0, 0.0, 0.0, 0.0, 0.0, 0.0, 0.0, 0.0, 0.0, 0.0, 0.0, 0.0, 0.0, 0.0, 0.0, 0.0, 0.0, 0.0, 0.0, 0.0, 0.0, 0.0, 0.44998193263174774
ul_er_perc:0.0, 0.0, 0.0, 0.0, 0.0, 0.0, 0.0, 0.0, 0.0, 0.0, 0.0, 0.0, 66.90266945935433, 0.0, 5.517355909912067, 0.0, 0.0, 20.917226304554507, 0.0, 0.0, 0.0, 0.0, 7.673224489766622, 11.838435625735984, 17.020673898674872, 43.214305161198865, 0.0, 0.0, 35.493665489283025, 78.00642143764628
dl_er_perc:0.0, 0.0, 0.0, 0.0, 0.0, 0.0, 0.0, 0.0, 0.0, 0.0, 0.0, 0.0, 0.0, 0.0, 0.0, 0.0, 0.0, 0.0, 0.0, 0.0, 0.0, 0.0, 0.0, 0.0, 0.0, 0.0, 0.0, 0.0, 0.0, 44.99819326317478
ul_l:0.00412555434277131, 0.0035046044656577863, 0.0039712389229773085, 0.004356799246961275, 0.0034627470554087045, 0.0029803051815751533, 0.002685295039861334, 0.003116742421952317, 0.004356798579395172, 0.0031672133435354704, 0.0042889023167790264, 0.0042186635759552, 0.0010531899136373864, 0.0017765906122873976, 0.0011250485318314014, 0.0038028676112215726, 0.001477853232279731, 0.0007390545139257174, 0.00195874591396655, 0.004156512032107233, 0.0021381750651844568, 0.002716074432863893, 0.001484376834273881, 0.0015444798486337612, 0.0011622427387505104, 0.0014603416626369778, 0.0018813945187923435, 0.003192171777336855, 0.0010728194019933167, 0.00034788452518729005
dl_l:0.004327726100401662, 0.004250416379007675, 0.004277377335140541, 0.004356798579395172, 0.0041205788337338855, 0.0037146312262789473, 0.004198848961691986, 0.003941423195765036, 0.004356798579395172, 0.003951913619387339, 0.00435684676473946, 0.0043568259841451325, 0.003100823390917575, 0.0034057018254206213, 0.003015316088990925, 0.004290236727628103, 0.0028905737134123886, 0.001727794213901551, 0.0034553294393446722, 0.004356903899454171, 0.0034059411917817346, 0.0031894486757527026, 0.003032788395547537, 0.0032371619680619333, 0.002925503013035725, 0.002701163317708186, 0.0033616401416613198, 0.004125950547080441, 0.0028601704044041304, 0.0013120902320630662
ul_il:0.2550409152713686, 3.043900168897849, 0.0934816801637478, 0.004356799246961275, 0.4503890310551012, 0.687642854258453, 0.5067161068750936, 0.29034903236443194, 0.004356798579395172, 0.2788461872042141, 0.11519080490350082, 0.02578762445104207, 9.056249482185795, 2.0192057417184657, 2.2043481628576744, 0.047402336421910655, 1.0008994299120682, 3.7239386708209734, 0.5965722615817709, 0.0266714163921209, 0.1955127747977567, 0.2024587402240631, 0.4555813817053782, 1.3104874496319738, 3.392688229081098, 3.2026498621733563, 2.716690639741393, 0.8495988816733494, 6.470056089375165, 0.6649227414624936
dl_il:0.005447665435453037, 0.03126687764604546, 0.004806208237220524, 0.004356798579395172, 0.009681984866581944, 0.020320457457070357, 0.011612068520140665, 0.018230893285842622, 0.004356798579395172, 0.02958760426651778, 0.004356854960084498, 0.004357891774071883, 0.12783089158414845, 0.04081558368211182, 0.20442893141071491, 0.005763118323508137, 0.13711672512998724, 0.2500922620860093, 0.05321048253023641, 0.004543408946087949, 0.0337594013319289, 0.060523072105379966, 0.03205439033515971, 0.317888003641208, 0.16650981043686552, 0.13932045670284915, 0.08481359863823634, 0.02311412080414496, 0.12304717250468997, 0.008013649317367354
sinr_ul:3.63599654e-04,6.87333785e-04,2.49253269e-03,6.01749274e-03,8.61152355e-03,1.59177569e-02,2.68325946e-02,3.42156242e-02,3.05828886e-02,2.27920731e-02,1.61584175e-02,1.06378987e-02,8.71856533e-03,1.43215871e-02,2.45508030e-02,2.69525988e-02,1.66372114e-02,1.20163979e-02,6.59436071e-03,2.94809208e-03,2.60674864e-03,1.41053839e-03,5.88852085e-04,3.57077687e-04,1.29950190e-04,6.75838818e-05,7.08448652e-05,8.28289794e-05,1.90767531e-05,2.04626711e-05,2.89412280e-05,7.58178650e-06,4.89147516e-06,4.72842599e-06,4.48385223e-06,4.32080306e-06,4.15775389e-06,3.99470471e-06,5.29909809e-06,1.92398023e-05
sinr_ul_bin_edges:-29.421627  ,-26.01436698,-22.60710695,-19.19984692,-15.7925869 ,-12.38532688, -8.97806685, -5.57080682, -2.1635468 ,  1.24371323,  4.65097325,  8.05823327, 11.4654933 , 14.87275333, 18.28001335, 21.68727338, 25.0945334 , 28.50179343, 31.90905345, 35.31631348, 38.7235735 , 42.13083352, 45.53809355, 48.94535357, 52.3526136 , 55.75987363, 59.16713365, 62.57439368, 65.9816537 , 69.38891373, 72.79617375, 76.20343378, 79.6106938 , 83.01795383, 86.42521385, 89.83247388, 93.2397339 , 96.64699393,100.05425395,103.46151398,106.868774  
sinr_dl:3.63939597e-04,6.80354435e-04,2.25909356e-03,5.96644159e-03,8.05402913e-03,1.49540404e-02,2.47919989e-02,4.51028299e-02,2.42189503e-02,2.32144270e-02,1.78139470e-02,1.11430550e-02,1.08813354e-02,1.55154162e-02,2.33374911e-02,2.89182318e-02,1.77083086e-02,1.12677033e-02,6.43443539e-03,2.96779609e-03,2.25242341e-03,1.05104755e-03,5.50036545e-04,3.07993785e-04,7.02032395e-05,6.75351829e-05,7.46222082e-05,6.64512849e-05,1.91766569e-05,2.11776993e-05,2.78478408e-05,5.16935968e-06,4.91922937e-06,4.66909906e-06,4.41896876e-06,4.25221522e-06,4.16883845e-06,4.00208491e-06,5.50286675e-06,1.94267872e-05
sinr_dl_bin_edges:-22.575842  ,-19.24427295,-15.9127039 ,-12.58113485, -9.2495658 , -5.91799675, -2.5864277 ,  0.74514135,  4.0767104 ,  7.40827945, 10.7398485 , 14.07141755, 17.4029866 , 20.73455565, 24.0661247 , 27.39769375, 30.7292628 , 34.06083185, 37.3924009 , 40.72396995, 44.055539  , 47.38710805, 50.7186771 , 54.05024615, 57.3818152 , 60.71338425, 64.0449533 , 67.37652235, 70.7080914 , 74.03966045, 77.3712295 , 80.70279855, 84.0343676 , 87.36593665, 90.6975057 , 94.02907475, 97.3606438 ,100.69221285,104.0237819 ,107.35535095,110.68692   
rsrp_ul:3.63517981e-04,6.94493069e-04,2.51420356e-03,6.05648524e-03,8.69303051e-03,1.60711324e-02,2.71074143e-02,3.41951586e-02,3.04985632e-02,2.27350034e-02,1.60063728e-02,1.06027845e-02,8.70901649e-03,1.44894173e-02,2.49633352e-02,2.67084172e-02,1.64814665e-02,1.18950391e-02,6.53598316e-03,2.89696997e-03,2.60326832e-03,1.38923082e-03,5.83733047e-04,3.53404400e-04,1.26664443e-04,6.73694979e-05,7.09581879e-05,8.33554805e-05,1.90853057e-05,2.04718450e-05,3.01776201e-05,5.87240176e-06,4.89366813e-06,4.73054586e-06,4.48586245e-06,4.32274018e-06,4.15961791e-06,3.99649564e-06,5.30147381e-06,1.92484280e-05
rsrp_ul_bin_edges:-155.51654   ,-152.11080685,-148.7050737 ,-145.29934055,-141.8936074 ,-138.48787425,-135.0821411 ,-131.67640795,-128.2706748 ,-124.86494165,-121.4592085 ,-118.05347535,-114.6477422 ,-111.24200905,-107.8362759 ,-104.43054275,-101.0248096 , -97.61907645, -94.2133433 , -90.80761015, -87.401877  , -83.99614385, -80.5904107 , -77.18467755, -73.7789444 , -70.37321125, -66.9674781 , -63.56174495, -60.1560118 , -56.75027865, -53.3445455 , -49.93881235, -46.5330792 , -43.12734605, -39.7216129 , -36.31587975, -32.9101466 , -29.50441345, -26.0986803 , -22.69294715, -19.287214  
rsrp_dl:3.63892254e-04,6.82662869e-04,2.28026913e-03,5.98724945e-03,8.12272899e-03,1.50164146e-02,2.50515171e-02,4.51979534e-02,2.39466625e-02,2.32921902e-02,1.77174576e-02,1.10615572e-02,1.09056749e-02,1.55845636e-02,2.35642545e-02,2.88938623e-02,1.75298817e-02,1.12301170e-02,6.33204215e-03,2.96651838e-03,2.24548961e-03,1.03045812e-03,5.44545617e-04,3.05926378e-04,7.03096883e-05,6.74739476e-05,7.45632993e-05,6.66399062e-05,1.92663559e-05,2.11846510e-05,2.76067697e-05,5.08765241e-06,4.92084414e-06,4.67063172e-06,4.42041931e-06,4.25361103e-06,4.17020690e-06,4.00339862e-06,5.50467310e-06,1.94331641e-05
rsrp_dl_bin_edges:-154.20886  ,-150.8783842,-147.5479084,-144.2174326,-140.8869568,-137.556481 ,-134.2260052,-130.8955294,-127.5650536,-124.2345778,-120.904102 ,-117.5736262,-114.2431504,-110.9126746,-107.5821988,-104.251723 ,-100.9212472, -97.5907714, -94.2602956, -90.9298198, -87.599344 , -84.2688682, -80.9383924, -77.6079166, -74.2774408, -70.946965 , -67.6164892, -64.2860134, -60.9555376, -57.6250618, -54.294586 , -50.9641102, -47.6336344, -44.3031586, -40.9726828, -37.642207 , -34.3117312, -30.9812554, -27.6507796, -24.3203038, -20.989828 
cqi_ul:1.09093387,0.        ,0.27070811,0.        ,0.        ,0.17413485,0.        ,0.        ,0.08294005,0.        ,0.04519148,0.        ,0.        ,0.05942617,0.        ,0.        ,0.04794775,0.        ,0.11459979,0.        ,0.        ,0.12725598,0.        ,0.        ,0.15754832,0.        ,0.11828198,0.        ,0.        ,0.06256689,0.        ,0.        ,0.07913341,0.        ,0.07133718,0.        ,0.        ,0.03690414,0.        ,0.12775671
cqi_ul_bin_edges: 0.   , 0.375, 0.75 , 1.125, 1.5  , 1.875, 2.25 , 2.625, 3.   , 3.375, 3.75 , 4.125, 4.5  , 4.875, 5.25 , 5.625, 6.   , 6.375, 6.75 , 7.125, 7.5  , 7.875, 8.25 , 8.625, 9.   , 9.375, 9.75 ,10.125,10.5  ,10.875,11.25 ,11.625,12.   ,12.375,12.75 ,13.125,13.5  ,13.875,14.25 ,14.625,15.   
cqi_dl:0.49331885,0.        ,0.51185055,0.        ,0.        ,0.24527647,0.        ,0.        ,0.17770741,0.        ,0.07641566,0.        ,0.        ,0.05690471,0.        ,0.        ,0.03085308,0.        ,0.05416029,0.        ,0.        ,0.0638928 ,0.        ,0.        ,0.08655113,0.        ,0.0899874 ,0.        ,0.        ,0.09481773,0.        ,0.        ,0.16018978,0.        ,0.15560389,0.        ,0.        ,0.08443781,0.        ,0.28469911
cqi_dl_bin_edges: 0.   , 0.375, 0.75 , 1.125, 1.5  , 1.875, 2.25 , 2.625, 3.   , 3.375, 3.75 , 4.125, 4.5  , 4.875, 5.25 , 5.625, 6.   , 6.375, 6.75 , 7.125, 7.5  , 7.875, 8.25 , 8.625, 9.   , 9.375, 9.75 ,10.125,10.5  ,10.875,11.25 ,11.625,12.   ,12.375,12.75 ,13.125,13.5  ,13.875,14.25 ,14.625,15.   
mcs_ul:0.72945106,0.05755785,0.03572867,0.        ,0.0259347 ,0.01849746,0.        ,0.01215664,0.01205307,0.        ,0.01432607,0.01750938,0.01374711,0.        ,0.01193919,0.0276708 ,0.        ,0.03372194,0.03102831,0.        ,0.03714453,0.04719008,0.0372108 ,0.        ,0.03369178,0.02967356,0.        ,0.0168824 ,0.01662883,0.        ,0.02344584,0.01895381,0.01384195,0.        ,0.0243744 ,0.01160705,0.        ,0.00816303,0.        ,0.0684411 
mcs_ul_bin_edges: 0. , 0.7, 1.4, 2.1, 2.8, 3.5, 4.2, 4.9, 5.6, 6.3, 7. , 7.7, 8.4, 9.1, 9.8,10.5,11.2,11.9,12.6,13.3,14. ,14.7,15.4,16.1,16.8,17.5,18.2,18.9,19.6,20.3,21. ,21.7,22.4,23.1,23.8,24.5,25.2,25.9,26.6,27.3,28. 
mcs_dl:0.53848361,0.05955506,0.07184305,0.        ,0.05513129,0.04006911,0.        ,0.02278037,0.01815659,0.        ,0.01569352,0.01479115,0.00867612,0.        ,0.00785232,0.01509392,0.        ,0.01392052,0.01755977,0.        ,0.01666851,0.02324425,0.02312243,0.        ,0.02240894,0.02579859,0.        ,0.02550376,0.02527995,0.        ,0.04057546,0.045252  ,0.04268576,0.        ,0.04067347,0.02450099,0.        ,0.02073356,0.        ,0.15251738
mcs_dl_bin_edges: 0. , 0.7, 1.4, 2.1, 2.8, 3.5, 4.2, 4.9, 5.6, 6.3, 7. , 7.7, 8.4, 9.1, 9.8,10.5,11.2,11.9,12.6,13.3,14. ,14.7,15.4,16.1,16.8,17.5,18.2,18.9,19.6,20.3,21. ,21.7,22.4,23.1,23.8,24.5,25.2,25.9,26.6,27.3,28. 
eff_ul:2.20946983,0.54826551,0.21760106,0.13507447,0.09804777,0.        ,0.06993082,0.04595896,0.        ,0.0455674 ,0.05416061,0.0661953 ,0.0519718 ,0.04513684,0.10461119,0.        ,0.12748791,0.11730448,0.        ,0.14042722,0.        ,0.17840506,0.14067776,0.        ,0.12737389,0.        ,0.11218276,0.06382496,0.06286633,0.08863845,0.        ,0.07165606,0.        ,0.05233035,0.        ,0.09214894,0.        ,0.04388116,0.03086083,0.25874584
eff_ul_bin_edges:0.        ,0.18515763,0.37031527,0.5554729 ,0.74063053,0.92578816,1.1109458 ,1.29610343,1.48126106,1.66641869,1.85157632,2.03673396,2.22189159,2.40704922,2.59220686,2.77736449,2.96252212,3.14767975,3.33283738,3.51799502,3.70315265,3.88831028,4.07346792,4.25862555,4.44378318,4.62894081,4.81409844,4.99925608,5.18441371,5.36957134,5.55472897,5.73988661,5.92504424,6.11020187,6.29535951,6.48051714,6.66567477,6.8508324 ,7.03599004,7.22114767,7.4063053 
eff_dl:0.99911933,1.0366516 ,0.22515162,0.27160715,0.20842727,0.        ,0.15148378,0.0861226 ,0.        ,0.06864214,0.05933033,0.05591885,0.03280061,0.02968617,0.05706351,0.        ,0.05262739,0.06638582,0.        ,0.06301635,0.        ,0.08787634,0.08741578,0.        ,0.0847184 ,0.        ,0.0975332 ,0.09641854,0.09557242,0.15339805,0.        ,0.17107803,0.        ,0.16137617,0.        ,0.1537686 ,0.        ,0.09262751,0.07838451,0.57660149
eff_dl_bin_edges:0.        ,0.18515763,0.37031527,0.5554729 ,0.74063053,0.92578816,1.1109458 ,1.29610343,1.48126106,1.66641869,1.85157632,2.03673396,2.22189159,2.40704922,2.59220686,2.77736449,2.96252212,3.14767975,3.33283738,3.51799502,3.70315265,3.88831028,4.07346792,4.25862555,4.44378318,4.62894081,4.81409844,4.99925608,5.18441371,5.36957134,5.55472897,5.73988661,5.92504424,6.11020187,6.29535951,6.48051714,6.66567477,6.8508324 ,7.03599004,7.22114767,7.4063053 
rul:1.01631870e+00,1.50028582e-02,4.94963223e-03,2.43994324e-03,1.02592798e-03,6.47680344e-04,2.83613377e-04,3.09080700e-04,1.85795702e-04,2.04027990e-04,1.00132886e-04,7.35079568e-05,5.35392599e-05,3.00977461e-05,2.51779222e-05,3.06765489e-05,2.83613377e-05,2.89401405e-05,1.96792955e-05,1.88110913e-05,1.67852815e-05,2.34415138e-05,7.52443652e-06,8.68204214e-07,3.47281686e-06,2.31521124e-06,0.00000000e+00,2.02580983e-06,2.89401405e-07,8.68204214e-07,2.31521124e-06,8.68204214e-07,2.02580983e-06,8.68204214e-07,1.15760562e-06,2.60461264e-06,2.89401405e-07,2.89401405e-07,1.15760562e-06,8.39264074e-06
rul_bin_edges: 0.        , 0.95982762, 1.91965525, 2.87948287, 3.8393105 , 4.79913812, 5.75896575, 6.71879337, 7.678621  , 8.63844862, 9.59827625,10.55810388,11.5179315 ,12.47775912,13.43758675,14.39741438,15.357242  ,16.31706962,17.27689725,18.23672488,19.1965525 ,20.15638012,21.11620775,22.07603538,23.035863  ,23.99569062,24.95551825,25.91534587,26.8751735 ,27.83500112,28.79482875,29.75465637,30.714484  ,31.67431162,32.63413925,33.59396687,34.5537945 ,35.51362212,36.47344975,37.43327737,38.393105  
rdl:1.17822198e+00,2.88401064e-04,1.62643631e-03,6.63951565e-03,1.64431651e-03,6.00973514e-04,1.08671905e-03,1.16121990e-03,4.04953503e-04,1.14565750e-04,2.94692247e-05,1.72179740e-05,4.53627391e-05,7.25141595e-05,1.62246293e-05,1.49001698e-05,6.95341256e-06,8.60898698e-06,2.98003395e-06,3.64226372e-06,3.97337861e-06,1.98668930e-06,6.62229768e-07,0.00000000e+00,0.00000000e+00,3.31114884e-07,3.31114884e-07,3.31114884e-06,6.62229768e-07,1.65557442e-06,1.32445954e-06,0.00000000e+00,0.00000000e+00,0.00000000e+00,9.93344651e-07,3.31114884e-07,3.31114884e-07,0.00000000e+00,3.31114884e-07,3.31114884e-07
rdl_bin_edges: 0.        , 0.83890962, 1.67781925, 2.51672888, 3.3556385 , 4.19454812, 5.03345775, 5.87236737, 6.711277  , 7.55018663, 8.38909625, 9.22800587,10.0669155 ,10.90582512,11.74473475,12.58364438,13.422554  ,14.26146362,15.10037325,15.93928287,16.7781925 ,17.61710212,18.45601175,19.29492138,20.133831  ,20.97274063,21.81165025,22.65055987,23.4894695 ,24.32837913,25.16728875,26.00619838,26.845108  ,27.68401762,28.52292725,29.36183687,30.2007465 ,31.03965613,31.87856575,32.71747537,33.556385  
lul:1.03957805e+03,0.00000000e+00,0.00000000e+00,0.00000000e+00,0.00000000e+00,0.00000000e+00,0.00000000e+00,0.00000000e+00,0.00000000e+00,9.73227470e+01,4.88009513e+02,3.55992898e+02,1.94225427e+01,8.33466286e-03,0.00000000e+00,0.00000000e+00,0.00000000e+00,0.00000000e+00,0.00000000e+00,0.00000000e+00,0.00000000e+00,5.55644191e-04,0.00000000e+00,0.00000000e+00,0.00000000e+00,0.00000000e+00,0.00000000e+00,5.55644191e-04,0.00000000e+00,0.00000000e+00,0.00000000e+00,0.00000000e+00,0.00000000e+00,0.00000000e+00,0.00000000e+00,0.00000000e+00,0.00000000e+00,0.00000000e+00,0.00000000e+00,5.55644191e-04
lul_bin_edges:0.        ,0.00049992,0.00099983,0.00149975,0.00199966,0.00249958,0.0029995 ,0.00349941,0.00399933,0.00449924,0.00499916,0.00549908,0.00599899,0.00649891,0.00699883,0.00749874,0.00799866,0.00849857,0.00899849,0.00949841,0.00999832,0.01049824,0.01099815,0.01149807,0.01199799,0.0124979 ,0.01299782,0.01349773,0.01399765,0.01449757,0.01499748,0.0154974 ,0.01599731,0.01649723,0.01699715,0.01749706,0.01799698,0.01849689,0.01899681,0.01949673,0.01999664
ldl:6.73305493e+02,0.00000000e+00,0.00000000e+00,0.00000000e+00,0.00000000e+00,0.00000000e+00,0.00000000e+00,0.00000000e+00,0.00000000e+00,1.49517552e+02,6.59329709e+02,4.88304454e+02,3.00526595e+01,1.33367325e-02,0.00000000e+00,5.55697185e-04,0.00000000e+00,0.00000000e+00,0.00000000e+00,0.00000000e+00,0.00000000e+00,0.00000000e+00,0.00000000e+00,0.00000000e+00,0.00000000e+00,5.55697185e-04,0.00000000e+00,5.55697185e-04,0.00000000e+00,0.00000000e+00,5.55697185e-04,0.00000000e+00,0.00000000e+00,0.00000000e+00,0.00000000e+00,0.00000000e+00,5.55697185e-04,0.00000000e+00,0.00000000e+00,5.55697185e-04
ldl_bin_edges:0.        ,0.00049987,0.00099974,0.00149961,0.00199947,0.00249934,0.00299921,0.00349908,0.00399895,0.00449882,0.00499868,0.00549855,0.00599842,0.00649829,0.00699816,0.00749803,0.00799789,0.00849776,0.00899763,0.0094975 ,0.00999737,0.01049724,0.0109971 ,0.01149697,0.01199684,0.01249671,0.01299658,0.01349645,0.01399632,0.01449618,0.01499605,0.01549592,0.01599579,0.01649566,0.01699553,0.01749539,0.01799526,0.01849513,0.018995  ,0.01949487,0.01999474
ilul:4.15487729e-01,7.38261900e-03,1.77582952e-03,1.61312036e-03,1.34593610e-03,1.49207761e-03,2.36905030e-03,1.98651068e-03,1.52632566e-03,1.08641746e-03,4.79843652e-04,8.50761188e-04,1.61349128e-04,2.02026418e-04,6.26356079e-04,9.46457913e-04,5.18666355e-04,2.11175717e-04,1.29697498e-04,1.45276035e-04,1.36744932e-04,3.54226247e-04,7.39733206e-04,3.31352999e-04,3.00690483e-04,7.13398061e-05,1.25122849e-04,1.85582407e-04,3.35309453e-04,2.12288470e-04,5.54892634e-04,3.45200587e-04,2.35285357e-04,3.35556731e-04,2.84864668e-04,0.00000000e+00,0.00000000e+00,0.00000000e+00,0.00000000e+00,2.19335903e-04
ilul_bin_edges: 0.        , 2.24666215, 4.4933243 , 6.73998645, 8.9866486 ,11.23331075,13.4799729 ,15.72663505,17.9732972 ,20.21995935,22.4666215 ,24.71328365,26.9599458 ,29.20660795,31.4532701 ,33.69993225,35.9465944 ,38.19325655,40.4399187 ,42.68658085,44.933243  ,47.17990515,49.4265673 ,51.67322945,53.9198916 ,56.16655375,58.4132159 ,60.65987805,62.9065402 ,65.15320235,67.3998645 ,69.64652665,71.8931888 ,74.13985095,76.3865131 ,78.63317525,80.8798374 ,83.12649955,85.3731617 ,87.61982385,89.866486  
ildl:1.54094020e+00,4.44578382e-03,3.60690753e-03,2.56829879e-03,2.05159963e-03,9.98662252e-04,9.20940277e-04,1.39421934e-03,6.00499954e-04,6.63459096e-04,9.64794576e-04,1.00691207e-03,4.53740023e-04,4.94554915e-04,2.40113141e-04,2.68770406e-04,1.68469980e-04,2.43586749e-04,1.37207509e-04,1.03774034e-04,1.05945039e-04,9.72610193e-05,7.46825684e-05,5.60119263e-05,9.76952203e-05,5.29725194e-05,3.86438871e-05,4.16832940e-05,4.12490930e-05,3.95122891e-05,4.12490930e-05,3.38676764e-05,1.91048431e-05,1.82364411e-05,1.82364411e-05,1.82364411e-05,1.51970343e-05,1.86706421e-05,1.78022401e-05,1.78022401e-05
ildl_bin_edges: 0.        , 0.63973937, 1.27947875, 1.91921812, 2.5589575 , 3.19869687, 3.83843625, 4.47817563, 5.117915  , 5.75765437, 6.39739375, 7.03713313, 7.6768725 , 8.31661187, 8.95635125, 9.59609063,10.23583   ,10.87556937,11.51530875,12.15504813,12.7947875 ,13.43452687,14.07426625,14.71400563,15.353745  ,15.99348437,16.63322375,17.27296313,17.9127025 ,18.55244187,19.19218125,19.83192062,20.47166   ,21.11139938,21.75113875,22.39087813,23.0306175 ,23.67035687,24.31009625,24.94983562,25.589575  
eul:4.73224128e+01,0.00000000e+00,5.61843574e-05,5.61843574e-05,2.80921787e-04,5.61843574e-05,2.80921787e-05,1.82599162e-04,4.21382680e-05,2.41592737e-03,1.06188435e-02,3.26571577e-01,2.88199066e+00,1.65603393e-02,4.55093295e-03,1.82599162e-04,0.00000000e+00,2.80921787e-05,0.00000000e+00,2.80921787e-05,4.21382680e-05,0.00000000e+00,5.61843574e-05,0.00000000e+00,9.83226254e-05,0.00000000e+00,0.00000000e+00,0.00000000e+00,0.00000000e+00,0.00000000e+00,0.00000000e+00,0.00000000e+00,5.61843574e-05,0.00000000e+00,0.00000000e+00,0.00000000e+00,0.00000000e+00,0.00000000e+00,0.00000000e+00,2.80921787e-05
eul_bin_edges:0.      ,0.019776,0.039552,0.059328,0.079104,0.09888 ,0.118656,0.138432,0.158208,0.177984,0.19776 ,0.217536,0.237312,0.257088,0.276864,0.29664 ,0.316416,0.336192,0.355968,0.375744,0.39552 ,0.415296,0.435072,0.454848,0.474624,0.4944  ,0.514176,0.533952,0.553728,0.573504,0.59328 ,0.613056,0.632832,0.652608,0.672384,0.69216 ,0.711936,0.731712,0.751488,0.771264,0.79104 
edl:8.12784317e+01,0.00000000e+00,0.00000000e+00,0.00000000e+00,0.00000000e+00,0.00000000e+00,0.00000000e+00,4.55892767e-05,0.00000000e+00,2.27946384e-05,0.00000000e+00,4.55892767e-05,2.27946384e-05,0.00000000e+00,0.00000000e+00,3.87508852e-04,1.73239251e-03,1.36767830e-03,2.34784775e-02,6.95441622e-01,5.47755160e-02,3.03168690e-03,1.96033890e-03,4.78687405e-04,9.11785534e-05,0.00000000e+00,0.00000000e+00,0.00000000e+00,0.00000000e+00,0.00000000e+00,0.00000000e+00,0.00000000e+00,0.00000000e+00,0.00000000e+00,0.00000000e+00,0.00000000e+00,2.27946384e-05,0.00000000e+00,0.00000000e+00,4.55892767e-05
edl_bin_edges:0.      ,0.012186,0.024372,0.036558,0.048744,0.06093 ,0.073116,0.085302,0.097488,0.109674,0.12186 ,0.134046,0.146232,0.158418,0.170604,0.18279 ,0.194976,0.207162,0.219348,0.231534,0.24372 ,0.255906,0.268092,0.280278,0.292464,0.30465 ,0.316836,0.329022,0.341208,0.353394,0.36558 ,0.377766,0.389952,0.402138,0.414324,0.42651 ,0.438696,0.450882,0.463068,0.475254,0.48744 
gul:3.24442190e+00,0.00000000e+00,3.65198323e-04,2.89349441e-03,3.09013966e-03,1.20796368e-03,8.14673182e-04,1.92431424e-03,2.06477513e-03,2.20242681e-02,1.27173293e-01,4.36973840e+00,4.24941117e+01,2.48489367e-01,3.75873351e-02,3.60984496e-03,0.00000000e+00,1.23605586e-03,8.42765361e-04,3.93290502e-04,8.00627093e-04,4.21382680e-04,3.65198323e-04,0.00000000e+00,1.58720810e-03,0.00000000e+00,0.00000000e+00,0.00000000e+00,4.21382680e-04,0.00000000e+00,0.00000000e+00,0.00000000e+00,3.65198323e-04,0.00000000e+00,0.00000000e+00,0.00000000e+00,0.00000000e+00,0.00000000e+00,0.00000000e+00,3.93290502e-04
gul_bin_edges:0.      ,0.019776,0.039552,0.059328,0.079104,0.09888 ,0.118656,0.138432,0.158208,0.177984,0.19776 ,0.217536,0.237312,0.257088,0.276864,0.29664 ,0.316416,0.336192,0.355968,0.375744,0.39552 ,0.415296,0.435072,0.454848,0.474624,0.4944  ,0.514176,0.533952,0.553728,0.573504,0.59328 ,0.613056,0.632832,0.652608,0.672384,0.69216 ,0.711936,0.731712,0.751488,0.771264,0.79104 
gdl:4.82890506e-01,0.00000000e+00,4.21382680e-04,2.94967876e-03,3.34296927e-03,1.25010195e-03,8.28719272e-04,2.07882122e-03,2.10691340e-03,2.41311815e-02,1.36275159e-01,4.64889038e+00,4.49460813e+01,2.62689963e-01,4.15061940e-02,3.77839804e-03,0.00000000e+00,1.26414804e-03,8.42765361e-04,4.21382680e-04,8.42765361e-04,4.21382680e-04,4.07336591e-04,0.00000000e+00,1.65743854e-03,0.00000000e+00,0.00000000e+00,0.00000000e+00,4.21382680e-04,0.00000000e+00,0.00000000e+00,0.00000000e+00,4.21382680e-04,0.00000000e+00,0.00000000e+00,0.00000000e+00,0.00000000e+00,0.00000000e+00,0.00000000e+00,4.21382680e-04
gdl_bin_edges:0.      ,0.019776,0.039552,0.059328,0.079104,0.09888 ,0.118656,0.138432,0.158208,0.177984,0.19776 ,0.217536,0.237312,0.257088,0.276864,0.29664 ,0.316416,0.336192,0.355968,0.375744,0.39552 ,0.415296,0.435072,0.454848,0.474624,0.4944  ,0.514176,0.533952,0.553728,0.573504,0.59328 ,0.613056,0.632832,0.652608,0.672384,0.69216 ,0.711936,0.731712,0.751488,0.771264,0.79104 
ri:34.49109035, 0.        , 0.        , 0.        , 0.        , 0.        , 0.        , 0.        , 0.        , 0.        , 0.        , 0.        , 0.        , 0.        , 0.        , 0.        , 0.        , 0.        , 0.        , 0.        , 0.        , 0.        , 0.        , 0.        , 0.        , 0.        , 0.        , 0.        , 0.        , 0.        , 0.        , 0.        , 0.        , 0.        , 0.        , 0.        , 0.        , 0.        , 0.        , 5.50890965
ri_bin_edges:1.   ,1.025,1.05 ,1.075,1.1  ,1.125,1.15 ,1.175,1.2  ,1.225,1.25 ,1.275,1.3  ,1.325,1.35 ,1.375,1.4  ,1.425,1.45 ,1.475,1.5  ,1.525,1.55 ,1.575,1.6  ,1.625,1.65 ,1.675,1.7  ,1.725,1.75 ,1.775,1.8  ,1.825,1.85 ,1.875,1.9  ,1.925,1.95 ,1.975,2.   
