period:1
ue_log_freq:1000
mac_log_freq:1000
mimo_layers:2
frequency:2412000000.0
bandwidth:50000000
ue_speed:5.555555555555555
max_distance:1000
shannon_cfg_bandwidth_mhz:50.0
shannon_cfg_mimo_layers:2
shannon_cfg_bw_efficiency:0.67
shannon_cfg_sinr_offset_db:0
shannon_cfg_ul_divisor:2
shannon_cfg_sinr_sample_rate:1000
n_ue:5
sinr_period:9.463597741343282
sinr_rate:105.66805852612856
ul_fairness:nan
dl_fairness:0.9999999968319815
ul_agg_throughput:0
dl_agg_throughput:39.72762130461604
ul_ave_throughput:0.0
dl_ave_throughput:7.945524260923207
ul_se:0.0
dl_se:0.7945524260923207
ul_ase:0.0
dl_ase:2.5291389231650137e-07
ul_gr:0.0, 0.0, 0.0, 0.0, 0.0
dl_gr:8.135582644173557, 8.135582644173557, 8.135582644173557, 8.135582644173557, 8.116531834681654
ul_tr:0.0, 0.0, 0.0, 0.0, 0.0
dl_tr:8.024883479265206, 8.024883479265206, 8.024883479265206, 8.024883479265206, 8.005858066683333
ul_er:0.0, 0.0, 0.0, 0.0, 0.0
dl_er:91.86314736852631, 91.86314736852631, 91.86314736852631, 91.86314736852631, 91.88219817801821
ul_er_ratio:0.0, 0.0, 0.0, 0.0, 0.0
dl_er_ratio:0.9196612105459016, 0.9196612105459016, 0.9196612105459016, 0.9196612105459016, 0.9198516983144519
ul_er_perc:0.0, 0.0, 0.0, 0.0, 0.0
dl_er_perc:91.96612105459016, 91.96612105459016, 91.96612105459016, 91.96612105459016, 91.98516983144519
ul_l:0.0, 0.0, 0.0, 0.0, 0.0
dl_l:0.0027766322745092554, 0.0027766322745092554, 0.0027766322745092554, 0.0027766322745092554, 0.0032743862777202225
ul_il:0.0, 0.0, 0.0, 0.0, 0.0
dl_il:1.1611752768713752, 1.1611752768713752, 1.1611752768713752, 1.1611752768713752, 1.161740478995354
sinr_ul:0.00031291,0.00032409,0.00034085,0.00035761,0.00037885,0.00535302,0.01127039,0.03378993,0.04168982,0.05373802,0.06729265,0.05462869,0.04089413,0.03871493,0.04466024,0.02999588,0.05135766,0.01990897,0.01668599,0.0193055 ,0.01025454,0.00555082,0.00291566,0.00199928,0.00144498,0.00046937,0.00043919,0.00041908,0.00039896,0.00038667,0.00037549,0.00036432,0.00031738,0.0001911 ,0.00018998,0.00018663,0.00018663,0.00019222,0.00033973,0.0011533 
sinr_ul_bin_edges: 5.8594837 , 7.64911136, 9.43873901,11.22836667,13.01799433,14.80762199,16.59724964,18.3868773 ,20.17650496,21.96613262,23.75576028,25.54538793,27.33501559,29.12464325,30.91427091,32.70389856,34.49352622,36.28315388,38.07278153,39.86240919,41.65203685,43.44166451,45.23129216,47.02091982,48.81054748,50.60017514,52.3898028 ,54.17943045,55.96905811,57.75868577,59.54831343,61.33794108,63.12756874,64.9171964 ,66.70682405,68.49645171,70.28607937,72.07570703,73.86533469,75.65496234,77.44459   
sinr_dl:0.00031291,0.00032409,0.00034085,0.00035761,0.00037885,0.00535302,0.01126929,0.03378105,0.04169436,0.05373476,0.06725254,0.05466567,0.04086962,0.03874517,0.04466814,0.02999929,0.05135327,0.01990677,0.01668825,0.0193033 ,0.01025568,0.00555195,0.00291678,0.00199816,0.00144498,0.00046937,0.00043919,0.00041908,0.00039896,0.00038667,0.00037549,0.00036432,0.00031738,0.0001911 ,0.00018998,0.00018663,0.00018663,0.00019222,0.00033973,0.0011533 
sinr_dl_bin_edges:15.601807  ,17.39143158,19.18105615,20.97068073,22.7603053 ,24.54992988,26.33955445,28.12917902,29.9188036 ,31.70842818,33.49805275,35.28767733,37.0773019 ,38.86692647,40.65655105,42.44617562,44.2358002 ,46.02542478,47.81504935,49.60467393,51.3942985 ,53.18392308,54.97354765,56.76317222,58.5527968 ,60.34242138,62.13204595,63.92167052,65.7112951 ,67.50091968,69.29054425,71.08016883,72.8697934 ,74.65941797,76.44904255,78.23866713,80.0282917 ,81.81791627,83.60754085,85.39716542,87.18679   
rsrp_ul:0.00031297,0.00032415,0.0003398 ,0.00035768,0.00038004,0.00534401,0.0112156 ,0.03262853,0.04226026,0.05322437,0.06300365,0.05866674,0.03941668,0.0406138 ,0.04564037,0.03072051,0.05060434,0.01990618,0.01694859,0.0190701 ,0.01018503,0.00577658,0.00291288,0.00199744,0.00142738,0.00046834,0.0004404 ,0.00041804,0.00040128,0.00038451,0.00037557,0.00036439,0.00031633,0.00019114,0.0001889 ,0.00018778,0.00018555,0.00019225,0.0003398 ,0.00115353
rsrp_ul_bin_edges:-104.857796  ,-103.06852072,-101.27924545, -99.48997017, -97.7006949 , -95.91141962, -94.12214435, -92.33286907, -90.5435938 , -88.75431852, -86.96504325, -85.17576797, -83.3864927 , -81.59721742, -79.80794215, -78.01866687, -76.2293916 , -74.44011632, -72.65084105, -70.86156578, -69.0722905 , -67.28301522, -65.49373995, -63.70446467, -61.9151894 , -60.12591412, -58.33663885, -56.54736357, -54.7580883 , -52.96881302, -51.17953775, -49.39026247, -47.6009872 , -45.81171192, -44.02243665, -42.23316137, -40.4438861 , -38.65461082, -36.86533555, -35.07606027, -33.286785  
rsrp_dl:0.00031297,0.00032415,0.0003398 ,0.00035768,0.00038004,0.00534401,0.0112156 ,0.03262853,0.04226026,0.05322437,0.06300365,0.05866674,0.03941668,0.0406138 ,0.04564037,0.03072051,0.05060434,0.01990618,0.01694859,0.0190701 ,0.01018503,0.00577658,0.00291288,0.00199744,0.00142738,0.00046834,0.0004404 ,0.00041804,0.00040128,0.00038451,0.00037557,0.00036439,0.00031633,0.00019114,0.0001889 ,0.00018778,0.00018555,0.00019225,0.0003398 ,0.00115353
rsrp_dl_bin_edges:-101.847496  ,-100.05822073, -98.26894545, -96.47967018, -94.6903949 , -92.90111963, -91.11184435, -89.32256908, -87.5332938 , -85.74401853, -83.95474325, -82.16546798, -80.3761927 , -78.58691743, -76.79764215, -75.00836688, -73.2190916 , -71.42981633, -69.64054105, -67.85126578, -66.0619905 , -64.27271523, -62.48343995, -60.69416468, -58.9048894 , -57.11561413, -55.32633885, -53.53706358, -51.7477883 , -49.95851303, -48.16923775, -46.37996248, -44.5906872 , -42.80141193, -41.01213665, -39.22286138, -37.4335861 , -35.64431083, -33.85503555, -32.06576028, -30.276485  
cqi_ul:1.56569863e-03,0.00000000e+00,0.00000000e+00,0.00000000e+00,0.00000000e+00,2.12569303e-03,0.00000000e+00,0.00000000e+00,0.00000000e+00,0.00000000e+00,0.00000000e+00,3.80567623e-03,0.00000000e+00,0.00000000e+00,0.00000000e+00,0.00000000e+00,0.00000000e+00,3.74853394e-03,0.00000000e+00,0.00000000e+00,0.00000000e+00,0.00000000e+00,4.13710149e-03,0.00000000e+00,0.00000000e+00,0.00000000e+00,0.00000000e+00,0.00000000e+00,4.14852994e-03,0.00000000e+00,0.00000000e+00,0.00000000e+00,0.00000000e+00,0.00000000e+00,7.81363615e-02,0.00000000e+00,0.00000000e+00,0.00000000e+00,0.00000000e+00,5.61661812e+00
cqi_ul_bin_edges: 8.   , 8.175, 8.35 , 8.525, 8.7  , 8.875, 9.05 , 9.225, 9.4  , 9.575, 9.75 , 9.925,10.1  ,10.275,10.45 ,10.625,10.8  ,10.975,11.15 ,11.325,11.5  ,11.675,11.85 ,12.025,12.2  ,12.375,12.55 ,12.725,12.9  ,13.075,13.25 ,13.425,13.6  ,13.775,13.95 ,14.125,14.3  ,14.475,14.65 ,14.825,15.   
cqi_dl:4.79995200e-04,0.00000000e+00,0.00000000e+00,0.00000000e+00,0.00000000e+00,0.00000000e+00,0.00000000e+00,0.00000000e+00,0.00000000e+00,0.00000000e+00,0.00000000e+00,0.00000000e+00,0.00000000e+00,0.00000000e+00,0.00000000e+00,0.00000000e+00,0.00000000e+00,0.00000000e+00,0.00000000e+00,0.00000000e+00,8.43991560e-03,0.00000000e+00,0.00000000e+00,0.00000000e+00,0.00000000e+00,0.00000000e+00,0.00000000e+00,0.00000000e+00,0.00000000e+00,0.00000000e+00,0.00000000e+00,0.00000000e+00,0.00000000e+00,0.00000000e+00,0.00000000e+00,0.00000000e+00,0.00000000e+00,0.00000000e+00,0.00000000e+00,1.99910801e+01
cqi_dl_bin_edges:13.  ,13.05,13.1 ,13.15,13.2 ,13.25,13.3 ,13.35,13.4 ,13.45,13.5 ,13.55,13.6 ,13.65,13.7 ,13.75,13.8 ,13.85,13.9 ,13.95,14.  ,14.05,14.1 ,14.15,14.2 ,14.25,14.3 ,14.35,14.4 ,14.45,14.5 ,14.55,14.6 ,14.65,14.7 ,14.75,14.8 ,14.85,14.9 ,14.95,15.  
mcs_ul:7.82849314e-04,0.00000000e+00,5.42851714e-04,0.00000000e+00,0.00000000e+00,0.00000000e+00,0.00000000e+00,0.00000000e+00,5.19994800e-04,0.00000000e+00,0.00000000e+00,9.65704629e-04,0.00000000e+00,0.00000000e+00,9.37133486e-04,0.00000000e+00,0.00000000e+00,9.25705029e-04,0.00000000e+00,0.00000000e+00,9.48561943e-04,0.00000000e+00,1.02284691e-03,0.00000000e+00,0.00000000e+00,1.04570383e-03,0.00000000e+00,0.00000000e+00,1.01141846e-03,0.00000000e+00,0.00000000e+00,1.06284651e-03,0.00000000e+00,0.00000000e+00,1.99598004e-02,0.00000000e+00,0.00000000e+00,1.90912377e-02,0.00000000e+00,2.80832620e+00
mcs_ul_bin_edges:14.  ,14.35,14.7 ,15.05,15.4 ,15.75,16.1 ,16.45,16.8 ,17.15,17.5 ,17.85,18.2 ,18.55,18.9 ,19.25,19.6 ,19.95,20.3 ,20.65,21.  ,21.35,21.7 ,22.05,22.4 ,22.75,23.1 ,23.45,23.8 ,24.15,24.5 ,24.85,25.2 ,25.55,25.9 ,26.25,26.6 ,26.95,27.3 ,27.65,28.  
mcs_dl:3.19996800e-04,0.00000000e+00,0.00000000e+00,0.00000000e+00,0.00000000e+00,0.00000000e+00,0.00000000e+00,0.00000000e+00,0.00000000e+00,0.00000000e+00,0.00000000e+00,0.00000000e+00,0.00000000e+00,2.74663920e-03,0.00000000e+00,0.00000000e+00,0.00000000e+00,0.00000000e+00,0.00000000e+00,0.00000000e+00,0.00000000e+00,0.00000000e+00,0.00000000e+00,0.00000000e+00,0.00000000e+00,0.00000000e+00,2.87997120e-03,0.00000000e+00,0.00000000e+00,0.00000000e+00,0.00000000e+00,0.00000000e+00,0.00000000e+00,0.00000000e+00,0.00000000e+00,0.00000000e+00,0.00000000e+00,0.00000000e+00,0.00000000e+00,1.33273867e+01
mcs_dl_bin_edges:25.   ,25.075,25.15 ,25.225,25.3  ,25.375,25.45 ,25.525,25.6  ,25.675,25.75 ,25.825,25.9  ,25.975,26.05 ,26.125,26.2  ,26.275,26.35 ,26.425,26.5  ,26.575,26.65 ,26.725,26.8  ,26.875,26.95 ,27.025,27.1  ,27.175,27.25 ,27.325,27.4  ,27.475,27.55 ,27.625,27.7  ,27.775,27.85 ,27.925,28.   
eff_ul:3.22881894e-03,0.00000000e+00,2.23896204e-03,0.00000000e+00,2.14468995e-03,0.00000000e+00,3.98299562e-03,0.00000000e+00,0.00000000e+00,0.00000000e+00,3.86515551e-03,0.00000000e+00,0.00000000e+00,3.81801947e-03,0.00000000e+00,0.00000000e+00,0.00000000e+00,3.91229156e-03,0.00000000e+00,0.00000000e+00,4.21867583e-03,0.00000000e+00,0.00000000e+00,0.00000000e+00,4.31294792e-03,0.00000000e+00,0.00000000e+00,4.17153979e-03,0.00000000e+00,0.00000000e+00,0.00000000e+00,4.38365198e-03,0.00000000e+00,0.00000000e+00,8.23230988e-02,0.00000000e+00,0.00000000e+00,7.87407596e-02,0.00000000e+00,1.15827869e+01
eff_ul_bin_edges:2.1602013 ,2.2450612 ,2.32992111,2.41478101,2.49964091,2.58450081,2.66936072,2.75422062,2.83908052,2.92394042,3.00880033,3.09366023,3.17852013,3.26338003,3.34823994,3.43309984,3.51795974,3.60281964,3.68767954,3.77253945,3.85739935,3.94225925,4.02711915,4.11197906,4.19683896,4.28169886,4.36655876,4.45141867,4.53627857,4.62113847,4.70599838,4.79085828,4.87571818,4.96057808,5.04543798,5.13029789,5.21515779,5.30001769,5.38487759,5.4697375 ,5.5545974 
eff_dl:1.30045638e-03,0.00000000e+00,0.00000000e+00,0.00000000e+00,0.00000000e+00,0.00000000e+00,0.00000000e+00,0.00000000e+00,0.00000000e+00,0.00000000e+00,0.00000000e+00,0.00000000e+00,0.00000000e+00,0.00000000e+00,0.00000000e+00,0.00000000e+00,1.11622506e-02,0.00000000e+00,0.00000000e+00,0.00000000e+00,0.00000000e+00,0.00000000e+00,0.00000000e+00,0.00000000e+00,0.00000000e+00,0.00000000e+00,0.00000000e+00,1.17041075e-02,0.00000000e+00,0.00000000e+00,0.00000000e+00,0.00000000e+00,0.00000000e+00,0.00000000e+00,0.00000000e+00,0.00000000e+00,0.00000000e+00,0.00000000e+00,0.00000000e+00,5.41620577e+01
eff_dl_bin_edges:4.8164024 ,4.83485728,4.85331215,4.87176703,4.8902219 ,4.90867677,4.92713165,4.94558653,4.9640414 ,4.98249627,5.00095115,5.01940603,5.0378609 ,5.05631577,5.07477065,5.09322553,5.1116804 ,5.13013527,5.14859015,5.16704503,5.1854999 ,5.20395477,5.22240965,5.24086453,5.2593194 ,5.27777427,5.29622915,5.31468403,5.3331389 ,5.35159377,5.37004865,5.38850352,5.4069584 ,5.42541327,5.44386815,5.46232302,5.4807779 ,5.49923277,5.51768765,5.53614252,5.5545974 
rul: 0., 0., 0., 0., 0., 0., 0., 0., 0., 0., 0., 0., 0., 0., 0., 0., 0., 0., 0., 0.,40., 0., 0., 0., 0., 0., 0., 0., 0., 0., 0., 0., 0., 0., 0., 0., 0., 0., 0., 0.
rul_bin_edges:-0.5  ,-0.475,-0.45 ,-0.425,-0.4  ,-0.375,-0.35 ,-0.325,-0.3  ,-0.275,-0.25 ,-0.225,-0.2  ,-0.175,-0.15 ,-0.125,-0.1  ,-0.075,-0.05 ,-0.025, 0.   , 0.025, 0.05 , 0.075, 0.1  , 0.125, 0.15 , 0.175, 0.2  , 0.225, 0.25 , 0.275, 0.3  , 0.325, 0.35 , 0.375, 0.4  , 0.425, 0.45 , 0.475, 0.5  
rdl:1.63085341e-01,0.00000000e+00,0.00000000e+00,0.00000000e+00,0.00000000e+00,0.00000000e+00,0.00000000e+00,0.00000000e+00,2.99051679e-05,9.20528418e-01,0.00000000e+00,0.00000000e+00,0.00000000e+00,0.00000000e+00,0.00000000e+00,0.00000000e+00,0.00000000e+00,0.00000000e+00,0.00000000e+00,1.62380077e-01,0.00000000e+00,0.00000000e+00,0.00000000e+00,0.00000000e+00,0.00000000e+00,0.00000000e+00,0.00000000e+00,0.00000000e+00,0.00000000e+00,2.49209732e-05,0.00000000e+00,0.00000000e+00,0.00000000e+00,0.00000000e+00,0.00000000e+00,0.00000000e+00,0.00000000e+00,0.00000000e+00,0.00000000e+00,1.24604866e-05
rdl_bin_edges: 0.        , 0.80252885, 1.6050577 , 2.40758655, 3.2101154 , 4.01264425, 4.8151731 , 5.61770195, 6.4202308 , 7.22275965, 8.0252885 , 8.82781735, 9.6303462 ,10.43287505,11.2354039 ,12.03793275,12.8404616 ,13.64299045,14.4455193 ,15.24804815,16.050577  ,16.85310585,17.6556347 ,18.45816355,19.2606924 ,20.06322125,20.8657501 ,21.66827895,22.4708078 ,23.27333665,24.0758655 ,24.87839435,25.6809232 ,26.48345205,27.2859809 ,28.08850975,28.8910386 ,29.69356745,30.4960963 ,31.29862515,32.101154  
lul: 0., 0., 0., 0., 0., 0., 0., 0., 0., 0., 0., 0., 0., 0., 0., 0., 0., 0., 0., 0.,40., 0., 0., 0., 0., 0., 0., 0., 0., 0., 0., 0., 0., 0., 0., 0., 0., 0., 0., 0.
lul_bin_edges:-0.5  ,-0.475,-0.45 ,-0.425,-0.4  ,-0.375,-0.35 ,-0.325,-0.3  ,-0.275,-0.25 ,-0.225,-0.2  ,-0.175,-0.15 ,-0.125,-0.1  ,-0.075,-0.05 ,-0.025, 0.   , 0.025, 0.05 , 0.075, 0.1  , 0.125, 0.15 , 0.175, 0.2  , 0.225, 0.25 , 0.275, 0.3  , 0.325, 0.35 , 0.375, 0.4  , 0.425, 0.45 , 0.475, 0.5  
ldl:1.73809884e+02,0.00000000e+00,0.00000000e+00,0.00000000e+00,0.00000000e+00,0.00000000e+00,0.00000000e+00,0.00000000e+00,0.00000000e+00,0.00000000e+00,0.00000000e+00,0.00000000e+00,0.00000000e+00,0.00000000e+00,0.00000000e+00,0.00000000e+00,0.00000000e+00,0.00000000e+00,0.00000000e+00,0.00000000e+00,6.95542791e-04,0.00000000e+00,0.00000000e+00,0.00000000e+00,0.00000000e+00,0.00000000e+00,0.00000000e+00,0.00000000e+00,0.00000000e+00,0.00000000e+00,0.00000000e+00,0.00000000e+00,0.00000000e+00,0.00000000e+00,0.00000000e+00,0.00000000e+00,0.00000000e+00,0.00000000e+00,0.00000000e+00,7.68574784e-02
ldl_bin_edges:0.        ,0.00575085,0.01150169,0.01725254,0.02300339,0.02875423,0.03450508,0.04025593,0.04600677,0.05175762,0.05750847,0.06325931,0.06901016,0.07476101,0.08051185,0.0862627 ,0.09201355,0.09776439,0.10351524,0.10926609,0.11501694,0.12076778,0.12651863,0.13226948,0.13802032,0.14377117,0.14952202,0.15527286,0.16102371,0.16677456,0.1725254 ,0.17827625,0.1840271 ,0.18977794,0.19552879,0.20127964,0.20703048,0.21278133,0.21853218,0.22428302,0.23003387
ilul: 0., 0., 0., 0., 0., 0., 0., 0., 0., 0., 0., 0., 0., 0., 0., 0., 0., 0., 0., 0.,40., 0., 0., 0., 0., 0., 0., 0., 0., 0., 0., 0., 0., 0., 0., 0., 0., 0., 0., 0.
ilul_bin_edges:-0.5  ,-0.475,-0.45 ,-0.425,-0.4  ,-0.375,-0.35 ,-0.325,-0.3  ,-0.275,-0.25 ,-0.225,-0.2  ,-0.175,-0.15 ,-0.125,-0.1  ,-0.075,-0.05 ,-0.025, 0.   , 0.025, 0.05 , 0.075, 0.1  , 0.125, 0.15 , 0.175, 0.2  , 0.225, 0.25 , 0.275, 0.3  , 0.325, 0.35 , 0.375, 0.4  , 0.425, 0.45 , 0.475, 0.5  
ildl:3.30324912e+00,9.06227374e-03,9.06227374e-03,7.30016495e-03,9.31400356e-03,9.31400356e-03,8.81054391e-03,8.30708426e-03,9.06227374e-03,8.55881408e-03,8.55881408e-03,8.30708426e-03,8.05535443e-03,7.55189478e-03,8.05535443e-03,9.31400356e-03,7.80362461e-03,8.55881408e-03,8.30708426e-03,8.55881408e-03,8.05535443e-03,8.81054391e-03,8.55881408e-03,8.05535443e-03,8.81054391e-03,8.55881408e-03,8.81054391e-03,8.81054391e-03,9.31400356e-03,8.55881408e-03,8.55881408e-03,9.06227374e-03,4.53113687e-02,1.28771889e+01,8.61177804e+00,0.00000000e+00,1.00691930e-04,0.00000000e+00,0.00000000e+00,6.97795078e-02
ildl_bin_edges:0.        ,0.03972473,0.07944946,0.1191742 ,0.15889893,0.19862366,0.23834839,0.27807313,0.31779786,0.35752259,0.39724732,0.43697206,0.47669679,0.51642152,0.55614626,0.59587099,0.63559572,0.67532045,0.71504518,0.75476992,0.79449465,0.83421938,0.87394412,0.91366885,0.95339358,0.99311831,1.03284304,1.07256778,1.11229251,1.15201724,1.19174198,1.23146671,1.27119144,1.31091617,1.3506409 ,1.39036564,1.43009037,1.4698151 ,1.50953983,1.54926457,1.5889893 
eul: 0., 0., 0., 0., 0., 0., 0., 0., 0., 0., 0., 0., 0., 0., 0., 0., 0., 0., 0., 0.,40., 0., 0., 0., 0., 0., 0., 0., 0., 0., 0., 0., 0., 0., 0., 0., 0., 0., 0., 0.
eul_bin_edges:-0.5  ,-0.475,-0.45 ,-0.425,-0.4  ,-0.375,-0.35 ,-0.325,-0.3  ,-0.275,-0.25 ,-0.225,-0.2  ,-0.175,-0.15 ,-0.125,-0.1  ,-0.075,-0.05 ,-0.025, 0.   , 0.025, 0.05 , 0.075, 0.1  , 0.125, 0.15 , 0.175, 0.2  , 0.225, 0.25 , 0.275, 0.3  , 0.325, 0.35 , 0.375, 0.4  , 0.425, 0.45 , 0.475, 0.5  
edl:1.05163243e-02,2.58729625e-06,2.58729625e-06,3.88094437e-06,1.03491850e-05,5.17459250e-06,4.91586287e-06,3.88094437e-06,8.79680725e-06,5.43332212e-06,1.13841035e-05,8.33109392e-05,1.09269800e-01,9.32358076e-03,5.97665433e-05,9.31426650e-06,7.76188875e-06,6.46824062e-06,3.88094437e-06,3.88094437e-06,9.05553687e-06,9.05553687e-06,0.00000000e+00,0.00000000e+00,0.00000000e+00,1.29364812e-06,1.29364812e-06,0.00000000e+00,0.00000000e+00,0.00000000e+00,1.03491850e-06,0.00000000e+00,0.00000000e+00,0.00000000e+00,0.00000000e+00,0.00000000e+00,0.00000000e+00,0.00000000e+00,0.00000000e+00,1.29364812e-06
edl_bin_edges:  0.  ,  7.73, 15.46, 23.19, 30.92, 38.65, 46.38, 54.11, 61.84, 69.57, 77.3 , 85.03, 92.76,100.49,108.22,115.95,123.68,131.41,139.14,146.87,154.6 ,162.33,170.06,177.79,185.52,193.25,200.98,208.71,216.44,224.17,231.9 ,239.63,247.36,255.09,262.82,270.55,278.28,286.01,293.74,301.47,309.2 
gul: 0., 0., 0., 0., 0., 0., 0., 0., 0., 0., 0., 0., 0., 0., 0., 0., 0., 0., 0., 0.,40., 0., 0., 0., 0., 0., 0., 0., 0., 0., 0., 0., 0., 0., 0., 0., 0., 0., 0., 0.
gul_bin_edges:-0.5  ,-0.475,-0.45 ,-0.425,-0.4  ,-0.375,-0.35 ,-0.325,-0.3  ,-0.275,-0.25 ,-0.225,-0.2  ,-0.175,-0.15 ,-0.125,-0.1  ,-0.075,-0.05 ,-0.025, 0.   , 0.025, 0.05 , 0.075, 0.1  , 0.125, 0.15 , 0.175, 0.2  , 0.225, 0.25 , 0.275, 0.3  , 0.325, 0.35 , 0.375, 0.4  , 0.425, 0.45 , 0.475, 0.5  
gdl:1.55583203e-01,0.00000000e+00,0.00000000e+00,0.00000000e+00,0.00000000e+00,1.69346317e-06,1.69346317e-06,0.00000000e+00,3.38692633e-07,0.00000000e+00,0.00000000e+00,3.38692633e-07,3.04823370e-06,3.38692633e-07,3.38692633e-07,1.08381643e-05,1.22298523e-02,1.49498928e-03,1.18542422e-05,2.70954107e-06,3.04823370e-06,0.00000000e+00,0.00000000e+00,0.00000000e+00,0.00000000e+00,1.69346317e-06,1.69346317e-06,0.00000000e+00,0.00000000e+00,0.00000000e+00,0.00000000e+00,0.00000000e+00,0.00000000e+00,0.00000000e+00,0.00000000e+00,0.00000000e+00,0.00000000e+00,0.00000000e+00,0.00000000e+00,3.38692633e-07
gdl_bin_edges:  0.   ,  5.905, 11.81 , 17.715, 23.62 , 29.525, 35.43 , 41.335, 47.24 , 53.145, 59.05 , 64.955, 70.86 , 76.765, 82.67 , 88.575, 94.48 ,100.385,106.29 ,112.195,118.1  ,124.005,129.91 ,135.815,141.72 ,147.625,153.53 ,159.435,165.34 ,171.245,177.15 ,183.055,188.96 ,194.865,200.77 ,206.675,212.58 ,218.485,224.39 ,230.295,236.2  
ri: 0., 0., 0., 0., 0., 0., 0., 0., 0., 0., 0., 0., 0., 0., 0., 0., 0., 0., 0., 0.,40., 0., 0., 0., 0., 0., 0., 0., 0., 0., 0., 0., 0., 0., 0., 0., 0., 0., 0., 0.
ri_bin_edges:0.5  ,0.525,0.55 ,0.575,0.6  ,0.625,0.65 ,0.675,0.7  ,0.725,0.75 ,0.775,0.8  ,0.825,0.85 ,0.875,0.9  ,0.925,0.95 ,0.975,1.   ,1.025,1.05 ,1.075,1.1  ,1.125,1.15 ,1.175,1.2  ,1.225,1.25 ,1.275,1.3  ,1.325,1.35 ,1.375,1.4  ,1.425,1.45 ,1.475,1.5  
