period:1
ue_log_freq:1000
mac_log_freq:1000
mimo_layers:2
frequency:2412000000.0
bandwidth:50000000
ue_speed:5.555555555555555
max_distance:1000
shannon_cfg_bandwidth_mhz:50.0
shannon_cfg_mimo_layers:2
shannon_cfg_bw_efficiency:0.67
shannon_cfg_sinr_offset_db:0
shannon_cfg_ul_divisor:2
shannon_cfg_sinr_sample_rate:1000
n_ue:100
sinr_period:9.463597741343282
sinr_rate:105.66805852612856
ul_fairness:0.1525311196238863
dl_fairness:0.48828379811416633
ul_agg_throughput:5.980633884642318
dl_agg_throughput:42.64624233314256
ul_ave_throughput:0.059806338846423175
dl_ave_throughput:0.4264624233314256
ul_se:0.11961267769284636
dl_se:0.8529248466628512
ul_ase:3.8073897822548366e-08
dl_ase:2.7149441086457925e-07
ul_gr:0.03499960888601246, 0.03499960888601246, 0.03499960888601246, 0.03499960888601246, 0.03499960853205885, 0.03499960888601246, 0.03499960888601246, 0.03499960888210085, 0.03499960888210085, 0.03499960888210085, 0.03499960888210085, 0.034999607127961636, 0.03499960888601246, 0.034999606781848824, 0.03499960888210085, 0.03499960888210085, 0.03499960888210085, 0.03499960852814366, 0.03499960887818917, 0.03499960887818917, 0.03499960887818917, 0.03499960888210085, 0.03499960888210085, 0.03499960888601246, 0.03499960888210085, 0.03499960887818917, 0.03499960887818917, 0.03499960888210085, 0.03499960852816367, 0.03499960887818917, 0.03499960922432641, 0.03499960922432641, 0.03499960711617359, 0.03499960747408137, 0.03499960888601246, 0.03499960887036556, 0.03499960746230359, 0.0349996071083145, 0.03499960746230359, 0.03499960746622959, 0.03499960746230359, 0.03499960746230359, 0.034999608508566545, 0.03499960746230359, 0.03499960746230359, 0.03499960888210085, 0.0349996071083145, 0.03499960746230359, 0.03499960746230359, 0.03499960886645363, 0.03499960746230359, 0.03499960746230359, 0.03499960780449786, 0.03499960851639762, 0.0349996071083145, 0.0349996071083145, 0.03499960888601246, 0.034999607104384836, 0.034999608154584375, 0.0349996071083145, 0.03499960746230359, 0.034999608150665135, 0.03499960885078516, 0.034999608846872844, 0.03499960849681933, 0.03499960885078516, 0.034999608846872844, 0.03499960888601246, 0.034999608150665135, 0.034999611305162985, 0.03499960955092519, 0.034999610601135225, 0.034999608846872844, 0.034999609193017464, 0.03499961025104521, 0.03499961059722041, 0.03499961094340255, 0.03499960953528347, 0.03499960888601246, 0.034999610935619554, 0.034999609889269534, 0.03499960988536749, 0.03499960884294045, 0.03499961128570357, 0.0349996088312028, 0.03499961058553553, 0.03499961024324851, 0.03499960883511543, 0.034999609539189014, 0.03499960888601246, 0.034999608492863425, 0.0349996119936336, 0.03499960954699987, 0.034999609543114485, 0.034999607120083015, 0.03499960748191283, 0.03499960923993899, 0.03499960923993899, 0.03499960923993899, 0.03499960923993899
dl_gr:0.03499960888601246, 0.03499960888601246, 0.03499960888601246, 0.03499960888601246, 0.03499960853205885, 0.03499960888601246, 0.03499960888601246, 0.03499960888210085, 0.03499960888210085, 0.03499960888210085, 0.03499960888210085, 0.034999607127961636, 0.03499960888601246, 0.034999606781848824, 0.03499960888210085, 0.03499960888210085, 0.03499960888210085, 0.03499960852814366, 0.03499960887818917, 0.03499960887818917, 0.03499960887818917, 0.03499960888210085, 0.03499960888210085, 0.03499960888601246, 0.03499960888210085, 0.03499960887818917, 0.03499960887818917, 0.03499960888210085, 0.03499960852816367, 0.03499960887818917, 0.03499960922432641, 0.03499960922432641, 0.03499960711617359, 0.03499960747408137, 0.03499960888601246, 0.03499960887036556, 0.03499960746230359, 0.0349996071083145, 0.03499960746230359, 0.03499960746622959, 0.03499960746230359, 0.03499960746230359, 0.034999608508566545, 0.03499960746230359, 0.03499960746230359, 0.03499960888210085, 0.0349996071083145, 0.03499960746230359, 0.03499960746230359, 0.03499960886645363, 0.03499960746230359, 0.03499960746230359, 0.03499960780449786, 0.03499960851639762, 0.0349996071083145, 0.0349996071083145, 0.03499960888601246, 0.034999607104384836, 0.034999608154584375, 0.0349996071083145, 0.03499960746230359, 0.034999608150665135, 0.03499960885078516, 0.034999608846872844, 0.03499960849681933, 0.03499960885078516, 0.034999608846872844, 0.03499960888601246, 0.034999608150665135, 0.034999611305162985, 0.03499960955092519, 0.034999610601135225, 0.034999608846872844, 0.034999609193017464, 0.03499961025104521, 0.03499961059722041, 0.03499961094340255, 0.03499960953528347, 0.03499960888601246, 0.034999610935619554, 0.034999609889269534, 0.03499960988536749, 0.03499960884294045, 0.03499961128570357, 0.0349996088312028, 0.03499961058553553, 0.03499961024324851, 0.03499960883511543, 0.034999609539189014, 0.03499960888601246, 0.034999608492863425, 0.0349996119936336, 0.03499960954699987, 0.034999609543114485, 0.034999607120083015, 0.03499960748191283, 0.03499960923993899, 0.03499960923993899, 0.03499960923993899, 0.03499960923993899
ul_tr:0.024735231524677714, 0.03499820128449129, 0.0, 0.0, 0.0, 0.0, 0.03492534364983148, 0.0, 0.0, 0.0, 0.03499855134182102, 0.0, 0.0031957608239706367, 0.03499508066071929, 0.0, 0.0, 0.03498527113964676, 0.0, 0.0, 0.0, 0.0, 0.0, 0.0, 0.03491796418794067, 0.03499750411941433, 0.0, 0.0, 0.0, 0.0, 0.02363428643917709, 0.03483575114847078, 0.0, 0.03482910702840455, 0.03499524223488288, 0.0, 0.03498725391960794, 0.0, 0.025719789812026165, 0.0, 0.0, 0.0, 0.0, 0.0, 0.0, 0.0, 0.0, 0.0, 0.0, 0.0, 0.0, 0.02864734063027715, 0.0, 0.0, 0.0, 0.034937537907343316, 0.0, 0.0, 0.03499855272479772, 0.0, 0.0, 0.034998552978516353, 0.02175194766384277, 0.0, 0.0, 0.004888540377219215, 0.0, 0.0, 0.0, 0.0, 0.0, 0.0, 0.0, 0.0, 0.02351159186026926, 0.0, 0.0, 0.0, 0.025226720792120107, 0.0, 0.0012762411056153476, 0.0, 0.00017822202931703612, 0.0, 0.0, 0.0, 0.0, 0.03483527545478006, 0.0, 0.001345122441421527, 0.0, 0.0, 0.0, 0.0, 0.0, 0.034828760843066464, 0.006996683590370844, 0.0001239628495149515, 0.0, 0.0, 0.0
dl_tr:0.034999603372771006, 0.0350006541772595, 0.0, 0.0, 0.034996802581259756, 0.0, 0.03500030275301283, 0.03500170512286474, 0.03500030242908149, 0.0349999528632936, 0.034998903325579075, 0.0, 0.03499995518717059, 0.03499925126794216, 0.0, 0.0, 0.035000651765551866, 0.0, 0.0, 0.0, 0.034999950999879986, 0.034999606207364885, 0.0, 0.0349996047945074, 0.035000305595251434, 0.0, 0.0, 0.0, 0.0, 0.035001006380159426, 0.035001006399155876, 0.0, 0.03500170616728677, 0.035000655990968736, 0.0, 0.03499785591941792, 0.03035116909356591, 0.0349982055739033, 0.0, 0.0, 0.0, 0.03499820557979857, 0.0, 0.0, 0.0349989056981987, 0.03500170690127816, 0.0, 0.0, 0.03499890569833872, 0.0, 0.034997855532270486, 0.0, 0.0, 0.0, 0.03500100643321798, 0.0, 0.0, 0.03500310787240576, 0.0, 0.0, 0.03500240769090745, 0.03500310790326065, 0.035002411259581916, 0.0, 0.03500310688861661, 0.0, 0.0, 0.0, 0.0, 0.0, 0.0, 0.035002756782326463, 0.0, 0.035003458740232855, 0.03396445195323065, 0.0, 0.0, 0.03499925431821637, 0.0, 0.03500416003409818, 0.0350038046686638, 0.03500205429033969, 0.0, 0.0, 0.03499855170716679, 0.0, 0.03499820096205165, 0.026765287025156036, 0.0350017038678396, 0.0, 0.0, 0.0, 0.0, 0.034999259071995845, 0.03500030703539531, 0.034998906484658164, 0.034998907736743676, 0.0335217659040204, 0.03499890843179318, 0.021845297356605658
ul_er:0.0, 0.0, 0.0, 0.0, 0.0, 0.0, 0.0, 0.0, 0.0, 0.0, 0.0, 0.0, 0.0, 0.0, 0.0, 0.0, 0.0, 0.0, 0.0, 0.0, 0.0, 0.0, 0.0, 0.0, 0.0, 0.0, 0.0, 0.0, 0.0, 0.0, 0.0, 0.0, 0.0, 0.0, 0.0, 0.0, 0.0, 0.0, 0.0, 0.0, 0.0, 0.0, 0.0, 0.0, 0.0, 0.0, 0.0, 0.0, 0.0, 0.0, 0.0, 0.0, 0.0, 0.0, 0.0, 0.0, 0.0, 0.0, 0.0, 0.0, 0.0, 0.0, 0.0, 0.0, 0.0, 0.0, 0.0, 0.0, 0.0, 0.0, 0.0, 0.0, 0.0, 0.0, 0.0, 0.0, 0.0, 0.0, 0.0, 0.0, 0.0, 0.0, 0.0, 0.0, 0.0, 0.0, 0.0, 0.0, 0.0, 0.0, 0.0, 0.0, 0.0, 0.0, 0.0, 0.0, 0.0, 0.0, 0.0, 0.0
dl_er:0.0, 0.0, 0.0, 0.0, 0.0, 0.0, 0.0, 0.0, 0.0, 0.0, 0.0, 0.0, 0.0, 0.0, 0.0, 0.0, 0.0, 0.0, 0.0, 0.0, 0.0, 0.0, 0.0, 0.0, 0.0, 0.0, 0.0, 0.0, 0.0, 0.0, 0.0, 0.0, 0.0, 0.0, 0.0, 0.0, 0.0, 0.0, 0.0, 0.0, 0.0, 0.0, 0.0, 0.0, 0.0, 0.0, 0.0, 0.0, 0.0, 0.0, 0.0, 0.0, 0.0, 0.0, 0.0, 0.0, 0.0, 0.0, 0.0, 0.0, 0.0, 0.0, 0.0, 0.0, 0.0, 0.0, 0.0, 0.0, 0.0, 0.0, 0.0, 0.0, 0.0, 0.0, 0.0, 0.0, 0.0, 0.0, 0.0, 0.0, 0.0, 0.0, 0.0, 0.0, 0.0, 0.0, 0.0, 0.0, 0.0, 0.0, 0.0, 0.0, 0.0, 0.0, 0.0, 0.0, 0.0, 0.0, 0.0, 0.0
ul_er_ratio:0.0, 0.0, 0.0, 0.0, 0.0, 0.0, 0.0, 0.0, 0.0, 0.0, 0.0, 0.0, 0.0, 0.0, 0.0, 0.0, 0.0, 0.0, 0.0, 0.0, 0.0, 0.0, 0.0, 0.0, 0.0, 0.0, 0.0, 0.0, 0.0, 0.0, 0.0, 0.0, 0.0, 0.0, 0.0, 0.0, 0.0, 0.0, 0.0, 0.0, 0.0, 0.0, 0.0, 0.0, 0.0, 0.0, 0.0, 0.0, 0.0, 0.0, 0.0, 0.0, 0.0, 0.0, 0.0, 0.0, 0.0, 0.0, 0.0, 0.0, 0.0, 0.0, 0.0, 0.0, 0.0, 0.0, 0.0, 0.0, 0.0, 0.0, 0.0, 0.0, 0.0, 0.0, 0.0, 0.0, 0.0, 0.0, 0.0, 0.0, 0.0, 0.0, 0.0, 0.0, 0.0, 0.0, 0.0, 0.0, 0.0, 0.0, 0.0, 0.0, 0.0, 0.0, 0.0, 0.0, 0.0, 0.0, 0.0, 0.0
dl_er_ratio:0.0, 0.0, 0.0, 0.0, 0.0, 0.0, 0.0, 0.0, 0.0, 0.0, 0.0, 0.0, 0.0, 0.0, 0.0, 0.0, 0.0, 0.0, 0.0, 0.0, 0.0, 0.0, 0.0, 0.0, 0.0, 0.0, 0.0, 0.0, 0.0, 0.0, 0.0, 0.0, 0.0, 0.0, 0.0, 0.0, 0.0, 0.0, 0.0, 0.0, 0.0, 0.0, 0.0, 0.0, 0.0, 0.0, 0.0, 0.0, 0.0, 0.0, 0.0, 0.0, 0.0, 0.0, 0.0, 0.0, 0.0, 0.0, 0.0, 0.0, 0.0, 0.0, 0.0, 0.0, 0.0, 0.0, 0.0, 0.0, 0.0, 0.0, 0.0, 0.0, 0.0, 0.0, 0.0, 0.0, 0.0, 0.0, 0.0, 0.0, 0.0, 0.0, 0.0, 0.0, 0.0, 0.0, 0.0, 0.0, 0.0, 0.0, 0.0, 0.0, 0.0, 0.0, 0.0, 0.0, 0.0, 0.0, 0.0, 0.0
ul_er_perc:0.0, 0.0, 0.0, 0.0, 0.0, 0.0, 0.0, 0.0, 0.0, 0.0, 0.0, 0.0, 0.0, 0.0, 0.0, 0.0, 0.0, 0.0, 0.0, 0.0, 0.0, 0.0, 0.0, 0.0, 0.0, 0.0, 0.0, 0.0, 0.0, 0.0, 0.0, 0.0, 0.0, 0.0, 0.0, 0.0, 0.0, 0.0, 0.0, 0.0, 0.0, 0.0, 0.0, 0.0, 0.0, 0.0, 0.0, 0.0, 0.0, 0.0, 0.0, 0.0, 0.0, 0.0, 0.0, 0.0, 0.0, 0.0, 0.0, 0.0, 0.0, 0.0, 0.0, 0.0, 0.0, 0.0, 0.0, 0.0, 0.0, 0.0, 0.0, 0.0, 0.0, 0.0, 0.0, 0.0, 0.0, 0.0, 0.0, 0.0, 0.0, 0.0, 0.0, 0.0, 0.0, 0.0, 0.0, 0.0, 0.0, 0.0, 0.0, 0.0, 0.0, 0.0, 0.0, 0.0, 0.0, 0.0, 0.0, 0.0
dl_er_perc:0.0, 0.0, 0.0, 0.0, 0.0, 0.0, 0.0, 0.0, 0.0, 0.0, 0.0, 0.0, 0.0, 0.0, 0.0, 0.0, 0.0, 0.0, 0.0, 0.0, 0.0, 0.0, 0.0, 0.0, 0.0, 0.0, 0.0, 0.0, 0.0, 0.0, 0.0, 0.0, 0.0, 0.0, 0.0, 0.0, 0.0, 0.0, 0.0, 0.0, 0.0, 0.0, 0.0, 0.0, 0.0, 0.0, 0.0, 0.0, 0.0, 0.0, 0.0, 0.0, 0.0, 0.0, 0.0, 0.0, 0.0, 0.0, 0.0, 0.0, 0.0, 0.0, 0.0, 0.0, 0.0, 0.0, 0.0, 0.0, 0.0, 0.0, 0.0, 0.0, 0.0, 0.0, 0.0, 0.0, 0.0, 0.0, 0.0, 0.0, 0.0, 0.0, 0.0, 0.0, 0.0, 0.0, 0.0, 0.0, 0.0, 0.0, 0.0, 0.0, 0.0, 0.0, 0.0, 0.0, 0.0, 0.0, 0.0, 0.0
ul_l:0.0020576165003750413, 0.0033221011427797056, 0.0, 0.0, 0.0, 0.0, 0.12337182528745061, 0.0, 0.0, 0.0, 0.028430225357453893, 0.0, 0.00026330029891588077, 0.011717897519134296, 0.0, 0.0, 0.6549165553115753, 0.0, 0.0, 0.0, 0.0, 0.0, 0.0, 0.09525470722250846, 0.0028895258182551906, 0.0, 0.0, 0.0, 0.0, 0.001970136261472991, 0.0007875640992688977, 0.0, 0.001910884578020483, 0.001813530365222131, 0.0, 0.008021834623889583, 0.0, 0.0014073155853013542, 0.0, 0.0, 0.0, 0.0, 0.0, 0.0, 0.0, 0.0, 0.0, 0.0, 0.0, 0.0, 0.0023598216859526118, 0.0, 0.0, 0.0, 0.060277082947869626, 0.0, 0.0, 0.002965631523903541, 0.0, 0.0, 0.006684073800408069, 0.001830386448334667, 0.0, 0.0, 0.00039824603974134573, 0.0, 0.0, 0.0, 0.0, 0.0, 0.0, 0.0, 0.0, 0.0019768498902578567, 0.0, 0.0, 0.0, 0.002091904301265304, 0.0, 0.00011205505574437865, 0.0, 1.0820506010442506e-05, 0.0, 0.0, 0.0, 0.0, 0.0020981217290833984, 0.0, 4.016613607529731e-05, 0.0, 0.0, 0.0, 0.0, 0.0, 0.0020606022855258286, 0.0003115001600112013, 2.9789588808880887e-06, 0.0, 0.0, 0.0
dl_l:0.0013523754155917152, 0.001334317151165628, 0.0, 0.0, 0.0010887543819578349, 0.0, 0.001376746608782966, 0.0009474952913229588, 0.0014049681946053526, 0.0008096777213785655, 0.0014431076310847302, 0.0, 0.0014202919926201883, 0.0014443010369114295, 0.0, 0.0, 0.0014495607812187465, 0.0, 0.0, 0.0, 0.0014603796293688178, 0.0014401141763061567, 0.0, 0.001404043238165198, 0.0014420085295125413, 0.0, 0.0, 0.0, 0.0, 0.0014673929012081572, 0.0014389000855759807, 0.0, 0.0014420637348135702, 0.0014572287718110537, 0.0, 0.0014405609916687504, 0.0012473858844083492, 0.0014413874001370248, 0.0, 0.0, 0.0, 0.0014285516109978694, 0.0, 0.0, 0.0014496679429062942, 0.000831081080149618, 0.0, 0.0, 0.0014502339422871886, 0.0, 0.001442427644699599, 0.0, 0.0, 0.0, 0.0015059881385289353, 0.0, 0.0, 0.0014506963677888797, 0.0, 0.0, 0.0014511225578378324, 0.001452901052328466, 7.790588623424686e-05, 0.0, 0.0014551537939347264, 0.0, 0.0, 0.0, 0.0, 0.0, 0.0, 0.0014565720974484898, 0.0, 0.0014589372182880233, 0.0007204366532016404, 0.0, 0.0, 0.0014369072175452109, 0.0, 0.00146025146912559, 0.0014864536473308862, 0.001483099941986077, 0.0, 0.0, 0.0014961503169202302, 0.0, 0.0014742856317719896, 0.0010166437877290547, 0.0016422991395110874, 0.0, 0.0, 0.0, 0.0, 0.0025061369477034946, 0.0016976677551002648, 0.0015209872276783216, 0.002596498399282929, 0.0020907510497239724, 0.00254301256040004, 0.00010271600389938992
ul_il:0.0020626228885757434, 0.0035729354176409402, 0.0, 0.0, 0.0, 0.0, 0.12337596654600305, 0.0, 0.0, 0.0, 0.028619005436535384, 0.0, 0.0002637555568242507, 0.012112640220816494, 0.0, 0.0, 0.6550273906696693, 0.0, 0.0, 0.0, 0.0, 0.0, 0.0, 0.09535708291090121, 0.0038187094065117817, 0.0, 0.0, 0.0, 0.0, 0.0019746074167531777, 6.035808357796793, 0.0, 0.11314672658067991, 0.12668184731766347, 0.0, 0.00840836490526779, 0.0, 0.07967610544133744, 0.0, 0.0, 0.0, 0.0, 0.0, 0.0, 0.0, 0.0, 0.0, 0.0, 0.0, 0.0, 0.0023670145467549484, 0.0, 0.0, 0.0, 0.060363148435237345, 0.0, 0.0, 0.004024705519423691, 0.0, 0.0, 0.007036230799000829, 0.0018349902638307664, 0.0, 0.0, 0.00039824603974134573, 0.0, 0.0, 0.0, 0.0, 0.0, 0.0, 0.0, 0.0, 0.001979958240906999, 0.0, 0.0, 0.0, 0.0020972816725084017, 0.0, 0.00011205505574437865, 0.0, 0.30721694206609584, 0.0, 0.0, 0.0, 0.0, 0.06879070960052913, 0.0, 0.011823233867725576, 0.0, 0.0, 0.0, 0.0, 0.0, 0.06939739782556083, 2.93585568048812, 7.977449554755476e-05, 0.0, 0.0, 0.0
dl_il:0.0018525534229755273, 0.0018407491654742019, 0.0, 0.0, 0.0024830111431561786, 0.0, 0.0018688298634499795, 0.003168928832386886, 0.0018879195103162379, 0.005088459585476258, 0.001914296942135056, 0.0, 0.0018981450622568483, 0.0019137728418050168, 0.0, 0.0, 0.0019200282249719966, 0.0, 0.0, 0.0, 0.0019254295492944083, 0.001911518838701644, 0.0, 0.001887552733555691, 0.0019127311375215024, 0.0, 0.0, 0.0, 0.0, 0.0019296410144038728, 0.0019104673047246614, 0.0, 0.0019143831770903346, 0.0019229374526363691, 0.0, 0.0019134101086072913, 0.001657003734257824, 0.0019141998721899942, 0.0, 0.0, 0.0, 0.001906036869735855, 0.0, 0.0, 0.0019188763802516428, 0.006147118216332961, 0.0, 0.0, 0.0019195419578358322, 0.0, 0.0019123877716281767, 0.0, 0.0, 0.0, 0.001954646992082575, 0.0, 0.0, 0.0019201328513077484, 0.0, 0.0, 0.0019202741830431174, 0.0019218868216133226, 0.01754859798004101, 0.0, 0.0019232801962662156, 0.0, 0.0, 0.0, 0.0, 0.0, 0.0, 0.0019245091492068414, 0.0, 0.0019263314046480224, 0.0038118570217933584, 0.0, 0.0, 0.0019094327972043292, 0.0, 0.001925736796853245, 0.0019444972743150925, 0.0019403455814095381, 0.0, 0.0, 0.0019487560597859466, 0.0, 0.001935972199514893, 0.0015333754036738817, 0.0020457532983066107, 0.0, 0.0, 0.0, 0.0, 0.002611861597258397, 0.0020799672842896433, 0.0019641217794385325, 0.0026707367182308233, 0.0023864738220662064, 0.002636966048770877, 0.010840216099494948
sinr_ul:5.53058671e-07,3.20491969e-03,7.85442863e-03,1.36755371e-02,7.87798893e-03,1.47694318e-03,1.60747056e-02,1.80762802e-02,1.69668445e-02,2.16086106e-02,2.22282023e-02,1.88720763e-02,1.81007807e-02,1.03629368e-02,7.71267970e-03,1.75111649e-02,2.91421546e-02,7.13550767e-03,7.90796471e-03,4.68578959e-03,5.01696112e-03,1.55004648e-02,1.07371916e-02,3.06285551e-02,1.70524580e-02,3.00378331e-02,3.24592346e-02,3.12366431e-02,2.72703276e-02,1.75788592e-02,1.27888181e-02,1.26207436e-02,1.14035167e-02,1.41861208e-02,1.18601773e-02,1.05335554e-03,1.37632522e-02,1.77172345e-03,1.83007114e-04,5.34652878e-03
sinr_ul_bin_edges:-50.28029   ,-48.47187965,-46.6634693 ,-44.85505895,-43.0466486 ,-41.23823825,-39.4298279 ,-37.62141755,-35.8130072 ,-34.00459685,-32.1961865 ,-30.38777615,-28.5793658 ,-26.77095545,-24.9625451 ,-23.15413475,-21.3457244 ,-19.53731405,-17.7289037 ,-15.92049335,-14.112083  ,-12.30367265,-10.4952623 , -8.68685195, -6.8784416 , -5.07003125, -3.2616209 , -1.45321055,  0.3551998 ,  2.16361015,  3.9720205 ,  5.78043085,  7.5888412 ,  9.39725155, 11.2056619 , 13.01407225, 14.8224826 , 16.63089295, 18.4393033 , 20.24771365, 22.056124  
sinr_dl:5.77077207e-07,2.66453859e-03,8.87527432e-03,1.22244573e-02,9.24096815e-03,1.61477744e-03,1.15059962e-02,2.26850781e-02,1.62446080e-02,1.62736927e-02,2.14288388e-02,3.41775130e-02,1.97464279e-02,1.55098733e-02,1.90432016e-02,2.95165758e-02,6.94310442e-03,8.44898739e-03,4.72885917e-03,4.19569754e-03,1.41829996e-02,1.16310488e-02,2.59864791e-02,1.81720458e-02,3.45952015e-02,2.50873928e-02,3.66275520e-02,2.99158555e-02,1.88509772e-02,1.63519443e-02,8.67035421e-03,1.29584418e-02,1.18249468e-02,1.61994228e-02,7.78257863e-03,3.25050278e-03,1.29055815e-02,1.15300026e-03,4.06781723e-04,5.36324015e-03
sinr_dl_bin_edges:-17.279081  ,-15.54593488,-13.81278875,-12.07964263,-10.3464965 , -8.61335038, -6.88020425, -5.14705813, -3.413912  , -1.68076588,  0.05238025,  1.78552637,  3.5186725 ,  5.25181862,  6.98496475,  8.71811087, 10.451257  , 12.18440312, 13.91754925, 15.65069538, 17.3838415 , 19.11698762, 20.85013375, 22.58327987, 24.316426  , 26.04957213, 27.78271825, 29.51586437, 31.2490105 , 32.98215663, 34.71530275, 36.44844887, 38.181595  , 39.91474112, 41.64788725, 43.38103338, 45.1141795 , 46.84732562, 48.58047175, 50.31361787, 52.046764  
rsrp_ul:5.54059850e-07,3.14035582e-03,7.96145221e-03,1.42193920e-02,7.22992698e-03,1.62450348e-03,1.52731030e-02,1.88061211e-02,1.65019524e-02,2.14810112e-02,2.23847936e-02,1.94282195e-02,1.71843325e-02,1.04369362e-02,8.12478905e-03,1.73539856e-02,2.89853640e-02,7.43016421e-03,8.69818559e-03,4.52611492e-03,4.59221426e-03,1.55586101e-02,1.05363900e-02,3.00120923e-02,1.79479378e-02,3.03270754e-02,3.04150601e-02,3.04363914e-02,2.69879229e-02,2.13335205e-02,1.22948651e-02,1.22408997e-02,1.17055116e-02,1.40410955e-02,1.25938358e-02,6.76950325e-04,1.33742291e-02,2.56745794e-03,1.91926332e-04,5.34761946e-03
rsrp_ul_bin_edges:-131.71524   ,-129.91009743,-128.10495485,-126.29981227,-124.4946697 ,-122.68952712,-120.88438455,-119.07924197,-117.2740994 ,-115.46895682,-113.66381425,-111.85867167,-110.0535291 ,-108.24838653,-106.44324395,-104.63810137,-102.8329588 ,-101.02781622, -99.22267365, -97.41753107, -95.6123885 , -93.80724592, -92.00210335, -90.19696077, -88.3918182 , -86.58667562, -84.78153305, -82.97639047, -81.1712479 , -79.36610532, -77.56096275, -75.75582017, -73.9506776 , -72.14553502, -70.34039245, -68.53524987, -66.7301073 , -64.92496472, -63.11982215, -61.31467957, -59.509537  
rsrp_dl:5.78165153e-07,2.61694893e-03,8.94461964e-03,1.23279843e-02,8.90998755e-03,1.88574346e-03,1.04266882e-02,2.35970591e-02,1.63247244e-02,1.53636983e-02,2.10544622e-02,3.47537965e-02,1.92507604e-02,1.69242238e-02,1.86529954e-02,2.91241445e-02,7.34726495e-03,9.15669062e-03,4.48783355e-03,3.98529240e-03,1.41528470e-02,1.12882699e-02,2.50591810e-02,1.96125762e-02,3.46242296e-02,2.48483820e-02,3.73169182e-02,2.79897845e-02,1.98127369e-02,1.75201386e-02,8.47133365e-03,1.22326449e-02,1.14051749e-02,1.75573147e-02,7.92352216e-03,2.93869784e-03,1.27878569e-02,1.61516217e-03,4.16799259e-04,5.36410066e-03
rsrp_dl_bin_edges:-125.69463   ,-123.96474518,-122.23486035,-120.50497553,-118.7750907 ,-117.04520588,-115.31532105,-113.58543623,-111.8555514 ,-110.12566658,-108.39578175,-106.66589692,-104.9360121 ,-103.20612728,-101.47624245, -99.74635763, -98.0164728 , -96.28658798, -94.55670315, -92.82681833, -91.0969335 , -89.36704868, -87.63716385, -85.90727903, -84.1773942 , -82.44750938, -80.71762455, -78.98773973, -77.2578549 , -75.52797008, -73.79808525, -72.06820043, -70.3383156 , -68.60843078, -66.87854595, -65.14866113, -63.4187763 , -61.68889148, -59.95900665, -58.22912183, -56.499237  
cqi_ul:1.69124579e+00,0.00000000e+00,1.32701634e-01,0.00000000e+00,0.00000000e+00,1.87869762e-01,0.00000000e+00,0.00000000e+00,1.80105610e-01,0.00000000e+00,1.01758643e-01,0.00000000e+00,0.00000000e+00,3.57872186e-02,0.00000000e+00,0.00000000e+00,5.86918813e-02,0.00000000e+00,5.30216577e-02,0.00000000e+00,0.00000000e+00,8.26380408e-02,0.00000000e+00,0.00000000e+00,3.61832808e-02,0.00000000e+00,7.22673460e-03,0.00000000e+00,0.00000000e+00,6.65312454e-02,0.00000000e+00,0.00000000e+00,6.23937958e-03,0.00000000e+00,6.52929177e-03,0.00000000e+00,0.00000000e+00,1.89032345e-02,0.00000000e+00,1.23326029e-03
cqi_ul_bin_edges: 0.   , 0.375, 0.75 , 1.125, 1.5  , 1.875, 2.25 , 2.625, 3.   , 3.375, 3.75 , 4.125, 4.5  , 4.875, 5.25 , 5.625, 6.   , 6.375, 6.75 , 7.125, 7.5  , 7.875, 8.25 , 8.625, 9.   , 9.375, 9.75 ,10.125,10.5  ,10.875,11.25 ,11.625,12.   ,12.375,12.75 ,13.125,13.5  ,13.875,14.25 ,14.625,15.   
cqi_dl:0.2774092 ,0.        ,0.0932447 ,0.        ,0.        ,0.09856395,0.        ,0.        ,0.16437122,0.        ,0.13404533,0.        ,0.        ,0.09099501,0.        ,0.        ,0.08995778,0.        ,0.09100461,0.        ,0.        ,0.09581418,0.        ,0.        ,0.03736248,0.        ,0.01958312,0.        ,0.        ,0.02337919,0.        ,0.        ,0.05714483,0.        ,0.06304603,0.        ,0.        ,0.07633028,0.        ,1.25441478
cqi_dl_bin_edges: 0.   , 0.375, 0.75 , 1.125, 1.5  , 1.875, 2.25 , 2.625, 3.   , 3.375, 3.75 , 4.125, 4.5  , 4.875, 5.25 , 5.625, 6.   , 6.375, 6.75 , 7.125, 7.5  , 7.875, 8.25 , 8.625, 9.   , 9.375, 9.75 ,10.125,10.5  ,10.875,11.25 ,11.625,12.   ,12.375,12.75 ,13.125,13.5  ,13.875,14.25 ,14.625,15.   
mcs_ul:1.04439054e+00,3.33686675e-02,6.63895660e-02,0.00000000e+00,3.00955821e-02,2.97395262e-02,0.00000000e+00,2.47740324e-02,5.55172876e-03,0.00000000e+00,1.36199955e-02,1.70708230e-02,1.92887426e-04,0.00000000e+00,1.41783689e-02,1.98355428e-02,0.00000000e+00,8.56891675e-03,2.05966622e-02,0.00000000e+00,2.36737168e-02,1.75774739e-02,0.00000000e+00,0.00000000e+00,1.80642647e-03,7.14397875e-07,0.00000000e+00,3.87075056e-03,2.16954062e-02,0.00000000e+00,1.39463324e-02,3.34252478e-03,0.00000000e+00,0.00000000e+00,0.00000000e+00,3.49783487e-03,0.00000000e+00,6.20083067e-03,3.92447329e-03,6.62103950e-04
mcs_ul_bin_edges: 0. , 0.7, 1.4, 2.1, 2.8, 3.5, 4.2, 4.9, 5.6, 6.3, 7. , 7.7, 8.4, 9.1, 9.8,10.5,11.2,11.9,12.6,13.3,14. ,14.7,15.4,16.1,16.8,17.5,18.2,18.9,19.6,20.3,21. ,21.7,22.4,23.1,23.8,24.5,25.2,25.9,26.6,27.3,28. 
mcs_dl:2.21872157e-01,2.94945497e-02,3.55713737e-02,0.00000000e+00,5.24846360e-02,5.08766659e-02,0.00000000e+00,2.09333305e-02,3.38739608e-02,0.00000000e+00,1.48733664e-02,2.44338874e-02,4.28353865e-04,0.00000000e+00,2.33294260e-02,1.83049123e-02,0.00000000e+00,3.04475585e-02,4.27340847e-02,0.00000000e+00,8.59493888e-03,6.18698435e-03,0.00000000e+00,0.00000000e+00,1.38286287e-02,5.66161505e-03,0.00000000e+00,4.82933978e-03,8.06685487e-03,0.00000000e+00,4.45770922e-03,9.66739523e-03,2.09459039e-02,0.00000000e+00,2.25450155e-02,1.12296438e-02,0.00000000e+00,1.13989564e-02,2.94772613e-02,6.72022919e-01
mcs_dl_bin_edges: 0. , 0.7, 1.4, 2.1, 2.8, 3.5, 4.2, 4.9, 5.6, 6.3, 7. , 7.7, 8.4, 9.1, 9.8,10.5,11.2,11.9,12.6,13.3,14. ,14.7,15.4,16.1,16.8,17.5,18.2,18.9,19.6,20.3,21. ,21.7,22.4,23.1,23.8,24.5,25.2,25.9,26.6,27.3,28. 
eff_ul:4.56715083e+00,6.97484905e-01,5.02868171e-01,1.51707882e-01,1.49913051e-01,1.24882648e-01,2.79855366e-02,6.86566109e-02,8.60517797e-02,7.24436181e-02,9.99883695e-02,0.00000000e+00,4.31947855e-02,1.03825073e-01,0.00000000e+00,1.19336101e-01,0.00000000e+00,8.86057408e-02,9.10595889e-03,3.60118599e-06,0.00000000e+00,1.95119459e-02,0.00000000e+00,1.09363697e-01,0.00000000e+00,7.03016326e-02,0.00000000e+00,0.00000000e+00,1.68492290e-02,0.00000000e+00,0.00000000e+00,0.00000000e+00,0.00000000e+00,0.00000000e+00,1.76321268e-02,0.00000000e+00,3.12575741e-02,0.00000000e+00,1.97827551e-02,3.33757917e-03
eff_ul_bin_edges:0.        ,0.13886495,0.2777299 ,0.41659485,0.5554598 ,0.69432475,0.8331897 ,0.97205465,1.1109196 ,1.24978455,1.3886495 ,1.52751445,1.6663794 ,1.80524435,1.9441093 ,2.08297425,2.2218392 ,2.36070415,2.4995691 ,2.63843405,2.777299  ,2.91616395,3.0550289 ,3.19389385,3.3327588 ,3.47162375,3.6104887 ,3.74935365,3.8882186 ,4.02708355,4.1659485 ,4.30481345,4.4436784 ,4.58254335,4.7214083 ,4.86027325,4.9991382 ,5.13800315,5.2768681 ,5.41573305,5.554598  
eff_dl:0.74913397,0.36929448,0.32798879,0.26456817,0.2564626 ,0.10552217,0.17075419,0.07497469,0.12316802,0.11975985,0.09227266,0.        ,0.15348215,0.21541692,0.        ,0.04332596,0.        ,0.03118778,0.0697083 ,0.02853946,0.        ,0.02434407,0.        ,0.04066396,0.        ,0.02247073,0.        ,0.        ,0.04873207,0.        ,0.10558555,0.        ,0.11364647,0.        ,0.05660716,0.        ,0.05746064,0.        ,0.14859101,3.38757939
eff_dl_bin_edges:0.        ,0.13886495,0.2777299 ,0.41659485,0.5554598 ,0.69432475,0.8331897 ,0.97205465,1.1109196 ,1.24978455,1.3886495 ,1.52751445,1.6663794 ,1.80524435,1.9441093 ,2.08297425,2.2218392 ,2.36070415,2.4995691 ,2.63843405,2.777299  ,2.91616395,3.0550289 ,3.19389385,3.3327588 ,3.47162375,3.6104887 ,3.74935365,3.8882186 ,4.02708355,4.1659485 ,4.30481345,4.4436784 ,4.58254335,4.7214083 ,4.86027325,4.9991382 ,5.13800315,5.2768681 ,5.41573305,5.554598  
rul:5.19308066e+00,1.34675307e-02,1.24833469e-03,1.01909126e-03,2.89159330e-04,2.60503901e-05,2.76134135e-05,7.81511703e-06,1.30251950e-05,1.25041872e-05,1.56302341e-06,3.12604681e-06,5.73108582e-06,1.40672106e-05,8.33612483e-06,0.00000000e+00,2.60503901e-06,0.00000000e+00,0.00000000e+00,0.00000000e+00,0.00000000e+00,1.56302341e-06,0.00000000e+00,0.00000000e+00,5.21007802e-07,5.21007802e-07,0.00000000e+00,5.21007802e-07,1.04201560e-06,5.21007802e-07,5.21007802e-07,0.00000000e+00,0.00000000e+00,0.00000000e+00,0.00000000e+00,0.00000000e+00,0.00000000e+00,0.00000000e+00,0.00000000e+00,5.21007802e-07
rul_bin_edges:0.        ,0.19196684,0.38393369,0.57590053,0.76786737,0.95983421,1.15180105,1.3437679 ,1.53573474,1.72770158,1.91966843,2.11163527,2.30360211,2.49556895,2.6875358 ,2.87950264,3.07146948,3.26343632,3.45540317,3.64737001,3.83933685,4.03130369,4.22327054,4.41523738,4.60720422,4.79917106,4.99113791,5.18310475,5.37507159,5.56703843,5.75900528,5.95097212,6.14293896,6.3349058 ,6.52687265,6.71883949,6.91080633,7.10277317,7.29474002,7.48670686,7.6786737 
rdl:4.98411693e-01,0.00000000e+00,0.00000000e+00,0.00000000e+00,4.98505462e-08,4.98505462e-08,0.00000000e+00,9.97010924e-08,0.00000000e+00,1.49551639e-07,0.00000000e+00,0.00000000e+00,4.98505462e-08,0.00000000e+00,0.00000000e+00,0.00000000e+00,9.97010924e-08,0.00000000e+00,0.00000000e+00,7.97608739e-07,1.03689136e-05,9.97010924e-08,0.00000000e+00,0.00000000e+00,4.98505462e-08,4.98505462e-08,0.00000000e+00,4.98505462e-08,4.98505462e-08,0.00000000e+00,0.00000000e+00,0.00000000e+00,0.00000000e+00,0.00000000e+00,0.00000000e+00,0.00000000e+00,0.00000000e+00,0.00000000e+00,0.00000000e+00,9.47160378e-07
rdl_bin_edges: 0.       , 2.0063215, 4.012643 , 6.0189645, 8.025286 ,10.0316075,12.037929 ,14.0442505,16.050572 ,18.0568935,20.063215 ,22.0695365,24.075858 ,26.0821795,28.088501 ,30.0948225,32.101144 ,34.1074655,36.113787 ,38.1201085,40.12643  ,42.1327515,44.139073 ,46.1453945,48.151716 ,50.1580375,52.164359 ,54.1706805,56.177002 ,58.1833235,60.189645 ,62.1959665,64.202288 ,66.2086095,68.214931 ,70.2212525,72.227574 ,74.2338955,76.240217 ,78.2465385,80.25286  
lul:4.16935609e-01,4.25434199e-06,4.08750505e-06,3.71212193e-06,3.33673882e-06,3.50357576e-06,2.91964646e-06,3.16990188e-06,3.04477417e-06,2.50255411e-06,2.50255411e-06,1.91862482e-06,1.87691558e-06,1.83520635e-06,1.66836941e-06,1.29298629e-06,1.37640476e-06,1.41811400e-06,1.37640476e-06,1.54324170e-06,1.54324170e-06,1.62666017e-06,2.91964646e-06,1.91862482e-06,2.04375253e-06,1.91862482e-06,2.04375253e-06,1.96033405e-06,1.66836941e-06,1.08444012e-06,2.37742641e-06,1.50153247e-06,1.29298629e-06,2.54426335e-06,3.37844805e-06,1.33469553e-06,1.37640476e-06,3.12819264e-06,3.92066811e-06,2.16888023e-06
lul_bin_edges: 0.       , 2.3979395, 4.795879 , 7.1938185, 9.591758 ,11.9896975,14.387637 ,16.7855765,19.183516 ,21.5814555,23.979395 ,26.3773345,28.775274 ,31.1732135,33.571153 ,35.9690925,38.367032 ,40.7649715,43.162911 ,45.5608505,47.95879  ,50.3567295,52.754669 ,55.1526085,57.550548 ,59.9484875,62.346427 ,64.7443665,67.142306 ,69.5402455,71.938185 ,74.3361245,76.734064 ,79.1320035,81.529943 ,83.9278825,86.325822 ,88.7237615,91.121701 ,93.5196405,95.91758  
ldl:7.34747766e+03,0.00000000e+00,0.00000000e+00,0.00000000e+00,0.00000000e+00,0.00000000e+00,0.00000000e+00,0.00000000e+00,0.00000000e+00,0.00000000e+00,0.00000000e+00,0.00000000e+00,0.00000000e+00,0.00000000e+00,0.00000000e+00,0.00000000e+00,0.00000000e+00,0.00000000e+00,0.00000000e+00,0.00000000e+00,0.00000000e+00,0.00000000e+00,0.00000000e+00,0.00000000e+00,0.00000000e+00,0.00000000e+00,0.00000000e+00,0.00000000e+00,1.58643705e+03,7.63608548e+00,4.74055468e-02,3.68815154e-01,3.49189258e+00,2.26117821e+02,1.49611906e+00,7.20564311e-02,2.63195596e+00,3.02794397e+02,9.77502375e-01,2.27546625e-02
ldl_bin_edges:0.        ,0.00010549,0.00021098,0.00031647,0.00042196,0.00052745,0.00063294,0.00073843,0.00084392,0.00094941,0.0010549 ,0.00116039,0.00126588,0.00137137,0.00147686,0.00158235,0.00168784,0.00179333,0.00189882,0.00200431,0.0021098 ,0.00221529,0.00232078,0.00242627,0.00253176,0.00263725,0.00274274,0.00284823,0.00295372,0.00305921,0.0031647 ,0.00327019,0.00337568,0.00348117,0.00358666,0.00369215,0.00379764,0.00390313,0.00400862,0.00411411,0.0042196 
ilul:4.15505441e-01,2.47127219e-04,1.53323149e-04,3.76217302e-05,1.70173680e-05,1.63083110e-05,1.59329279e-05,1.58495094e-05,1.55158355e-05,1.53072893e-05,1.53907078e-05,1.47650693e-05,4.27102569e-05,3.16948478e-04,9.10512605e-05,1.44313954e-05,1.43896861e-05,5.83512201e-05,1.89818729e-04,1.46399416e-05,6.40236761e-05,9.18020267e-05,6.63176840e-06,1.91862482e-06,2.04375253e-06,1.91862482e-06,2.04375253e-06,1.96033405e-06,1.66836941e-06,1.08444012e-06,2.37742641e-06,1.50153247e-06,1.29298629e-06,2.54426335e-06,3.37844805e-06,1.33469553e-06,1.60163463e-05,3.12819264e-06,3.92066811e-06,2.16888023e-06
ilul_bin_edges: 0.       , 2.3979395, 4.795879 , 7.1938185, 9.591758 ,11.9896975,14.387637 ,16.7855765,19.183516 ,21.5814555,23.979395 ,26.3773345,28.775274 ,31.1732135,33.571153 ,35.9690925,38.367032 ,40.7649715,43.162911 ,45.5608505,47.95879  ,50.3567295,52.754669 ,55.1526085,57.550548 ,59.9484875,62.346427 ,64.7443665,67.142306 ,69.5402455,71.938185 ,74.3361245,76.734064 ,79.1320035,81.529943 ,83.9278825,86.325822 ,88.7237615,91.121701 ,93.5196405,95.91758  
ildl:7.79904655e-01,1.32608430e-06,1.24807934e-06,1.01406447e-06,8.58054547e-07,6.24039671e-07,7.02044630e-07,9.36059506e-07,9.36059506e-07,4.68029753e-07,4.68029753e-07,6.24039671e-07,5.46034712e-07,4.68029753e-07,5.46034712e-07,5.46034712e-07,6.24039671e-07,3.90024794e-07,4.68029753e-07,4.68029753e-07,3.12019835e-07,4.68029753e-07,3.12019835e-07,3.90024794e-07,4.68029753e-07,3.12019835e-07,3.12019835e-07,3.12019835e-07,2.34014877e-07,2.34014877e-07,2.34014877e-07,2.34014877e-07,2.34014877e-07,3.12019835e-07,7.80049589e-08,1.56009918e-07,1.56009918e-07,1.56009918e-07,7.80049589e-08,1.56009918e-07
ildl_bin_edges: 0.        , 1.28217775, 2.5643555 , 3.84653325, 5.128711  , 6.41088875, 7.6930665 , 8.97524425,10.257422  ,11.53959975,12.8217775 ,14.10395525,15.386133  ,16.66831075,17.9504885 ,19.23266625,20.514844  ,21.79702175,23.0791995 ,24.36137725,25.643555  ,26.92573275,28.2079105 ,29.49008825,30.772266  ,32.05444375,33.3366215 ,34.61879925,35.900977  ,37.18315475,38.4653325 ,39.74751025,41.029688  ,42.31186575,43.5940435 ,44.87622125,46.158399  ,47.44057675,48.7227545 ,50.00493225,51.28711   
eul: 0., 0., 0., 0., 0., 0., 0., 0., 0., 0., 0., 0., 0., 0., 0., 0., 0., 0., 0., 0.,40., 0., 0., 0., 0., 0., 0., 0., 0., 0., 0., 0., 0., 0., 0., 0., 0., 0., 0., 0.
eul_bin_edges:-0.5  ,-0.475,-0.45 ,-0.425,-0.4  ,-0.375,-0.35 ,-0.325,-0.3  ,-0.275,-0.25 ,-0.225,-0.2  ,-0.175,-0.15 ,-0.125,-0.1  ,-0.075,-0.05 ,-0.025, 0.   , 0.025, 0.05 , 0.075, 0.1  , 0.125, 0.15 , 0.175, 0.2  , 0.225, 0.25 , 0.275, 0.3  , 0.325, 0.35 , 0.375, 0.4  , 0.425, 0.45 , 0.475, 0.5  
edl: 0., 0., 0., 0., 0., 0., 0., 0., 0., 0., 0., 0., 0., 0., 0., 0., 0., 0., 0., 0.,40., 0., 0., 0., 0., 0., 0., 0., 0., 0., 0., 0., 0., 0., 0., 0., 0., 0., 0., 0.
edl_bin_edges:-0.5  ,-0.475,-0.45 ,-0.425,-0.4  ,-0.375,-0.35 ,-0.325,-0.3  ,-0.275,-0.25 ,-0.225,-0.2  ,-0.175,-0.15 ,-0.125,-0.1  ,-0.075,-0.05 ,-0.025, 0.   , 0.025, 0.05 , 0.075, 0.1  , 0.125, 0.15 , 0.175, 0.2  , 0.225, 0.25 , 0.275, 0.3  , 0.325, 0.35 , 0.375, 0.4  , 0.425, 0.45 , 0.475, 0.5  
gul:4.89106780e-03,0.00000000e+00,0.00000000e+00,0.00000000e+00,9.78213560e-03,0.00000000e+00,9.78213560e-03,0.00000000e+00,4.89106780e-03,0.00000000e+00,1.46732034e-02,3.42374746e-02,9.78213560e-03,9.78213560e-03,1.07603492e-01,1.67274519e+00,9.65496783e+00,4.75611248e+02,1.49666675e+00,3.03246203e-01,9.78213560e-03,4.89106780e-03,3.91285424e-02,1.46732034e-02,0.00000000e+00,0.00000000e+00,4.89106780e-03,0.00000000e+00,0.00000000e+00,0.00000000e+00,0.00000000e+00,0.00000000e+00,0.00000000e+00,0.00000000e+00,0.00000000e+00,0.00000000e+00,0.00000000e+00,0.00000000e+00,0.00000000e+00,9.78213560e-03
gul_bin_edges:0.        ,0.00204488,0.00408975,0.00613463,0.0081795 ,0.01022438,0.01226925,0.01431413,0.016359  ,0.01840388,0.02044875,0.02249363,0.0245385 ,0.02658338,0.02862825,0.03067313,0.032718  ,0.03476288,0.03680775,0.03885263,0.0408975 ,0.04294238,0.04498725,0.04703213,0.049077  ,0.05112188,0.05316675,0.05521163,0.0572565 ,0.05930138,0.06134625,0.06339113,0.065436  ,0.06748088,0.06952575,0.07157063,0.0736155 ,0.07566038,0.07770525,0.07975013,0.081795  
gdl:4.89106780e-03,0.00000000e+00,0.00000000e+00,0.00000000e+00,9.78213560e-03,0.00000000e+00,9.78213560e-03,0.00000000e+00,4.89106780e-03,0.00000000e+00,1.46732034e-02,3.42374746e-02,9.78213560e-03,9.78213560e-03,1.07603492e-01,1.67274519e+00,9.65496783e+00,4.75611248e+02,1.49666675e+00,3.03246203e-01,9.78213560e-03,4.89106780e-03,3.91285424e-02,1.46732034e-02,0.00000000e+00,0.00000000e+00,4.89106780e-03,0.00000000e+00,0.00000000e+00,0.00000000e+00,0.00000000e+00,0.00000000e+00,0.00000000e+00,0.00000000e+00,0.00000000e+00,0.00000000e+00,0.00000000e+00,0.00000000e+00,0.00000000e+00,9.78213560e-03
gdl_bin_edges:0.        ,0.00204488,0.00408975,0.00613463,0.0081795 ,0.01022438,0.01226925,0.01431413,0.016359  ,0.01840388,0.02044875,0.02249363,0.0245385 ,0.02658338,0.02862825,0.03067313,0.032718  ,0.03476288,0.03680775,0.03885263,0.0408975 ,0.04294238,0.04498725,0.04703213,0.049077  ,0.05112188,0.05316675,0.05521163,0.0572565 ,0.05930138,0.06134625,0.06339113,0.065436  ,0.06748088,0.06952575,0.07157063,0.0736155 ,0.07566038,0.07770525,0.07975013,0.081795  
ri:25.8633517, 0.       , 0.       , 0.       , 0.       , 0.       , 0.       , 0.       , 0.       , 0.       , 0.       , 0.       , 0.       , 0.       , 0.       , 0.       , 0.       , 0.       , 0.       , 0.       , 0.       , 0.       , 0.       , 0.       , 0.       , 0.       , 0.       , 0.       , 0.       , 0.       , 0.       , 0.       , 0.       , 0.       , 0.       , 0.       , 0.       , 0.       , 0.       ,14.1366483
ri_bin_edges:1.   ,1.025,1.05 ,1.075,1.1  ,1.125,1.15 ,1.175,1.2  ,1.225,1.25 ,1.275,1.3  ,1.325,1.35 ,1.375,1.4  ,1.425,1.45 ,1.475,1.5  ,1.525,1.55 ,1.575,1.6  ,1.625,1.65 ,1.675,1.7  ,1.725,1.75 ,1.775,1.8  ,1.825,1.85 ,1.875,1.9  ,1.925,1.95 ,1.975,2.   
