period:1
ue_log_freq:1000
mac_log_freq:1000
mimo_layers:2
frequency:2412000000.0
bandwidth:50000000
ue_speed:5.555555555555555
max_distance:1000
shannon_cfg_bandwidth_mhz:50.0
shannon_cfg_mimo_layers:2
shannon_cfg_bw_efficiency:0.67
shannon_cfg_sinr_offset_db:0
shannon_cfg_ul_divisor:2
shannon_cfg_sinr_sample_rate:1000
n_ue:3
sinr_period:9.463597741343282
sinr_rate:105.66805852612856
ul_fairness:0.9976880777673778
dl_fairness:0.9946399129296224
ul_agg_throughput:2.037304725577296
dl_agg_throughput:2.6912149819318905
ul_ave_throughput:0.679101575192432
dl_ave_throughput:0.8970716606439635
ul_se:0.04074609451154591
dl_se:0.05382429963863781
ul_ase:1.2969884706404159e-08
dl_ase:1.7132806691897046e-08
ul_gr:0.0999987832593174, 0.0999987832593174, 0.1999975659177508
dl_gr:0.0999987832593174, 0.0999987832593174, 0.1999975659177508
ul_tr:0.09998877165351346, 0.0932088435204748, 0.19997755572954273
dl_tr:0.09998877822774772, 0.09998877822954771, 0.1999775561224388
ul_er:0.0, 0.0, 0.0
dl_er:0.0, 0.0, 0.0
ul_er_ratio:0.0, 0.0, 0.0
dl_er_ratio:0.0, 0.0, 0.0
ul_er_perc:0.0, 0.0, 0.0
dl_er_perc:0.0, 0.0, 0.0
ul_l:0.0075380952235377646, 0.00782111258586414, 0.008590956977525224
dl_l:0.008590955981135188, 0.00859096086389636, 0.008590957545149549
ul_il:0.011670638378011218, 0.008121468607408925, 0.008590956977525224
dl_il:0.008590955981135188, 0.00859096086389636, 0.008590957545149549
sinr_ul:0.01010247,0.0103581 ,0.01479406,0.01299712,0.01269387,0.00941827,0.02350057,0.01185429,0.0072429 ,0.00639831,0.00641084,0.00692962,0.00690957,0.00394224,0.00369914,0.00370415,0.0036841 ,0.05309872,0.04520421,0.05015143,0.04618664,0.09815757,0.03292386,0.02740522,0.02816961,0.04510897,0.03225721,0.01698948,0.01180166,0.02088661,0.01414245,0.00927542,0.00646347,0.00625796,0.0211247 ,0.00608253,0.00620533,0.0064334 ,0.00667901,0.00622037
sinr_ul_bin_edges:-2.81839  ,-1.4883649,-0.1583398, 1.1716853, 2.5017104, 3.8317355, 5.1617606, 6.4917857, 7.8218108, 9.1518359,10.481861 ,11.8118861,13.1419112,14.4719363,15.8019614,17.1319865,18.4620116,19.7920367,21.1220618,22.4520869,23.782112 ,25.1121371,26.4421622,27.7721873,29.1022124,30.4322375,31.7622626,33.0922877,34.4223128,35.7523379,37.082363 ,38.4123881,39.7424132,41.0724383,42.4024634,43.7324885,45.0625136,46.3925387,47.7225638,49.0525889,50.382614 
sinr_dl:0.01015693,0.01033991,0.01479171,0.01299946,0.01269365,0.00979095,0.02324662,0.0118464 ,0.00715647,0.00640197,0.00640698,0.00693087,0.00691082,0.00394797,0.00370231,0.00369981,0.00368978,0.05361212,0.04521486,0.05092249,0.04589416,0.0975887 ,0.03283454,0.02726728,0.02834263,0.044889  ,0.033198  ,0.01601746,0.01188902,0.02092296,0.01401966,0.00927459,0.00643706,0.00625659,0.02112851,0.00608363,0.00620395,0.00643957,0.00667269,0.00617888
sinr_dl_bin_edges: 9.24436  ,10.5741455,11.903931 ,13.2337165,14.563502 ,15.8932875,17.223073 ,18.5528585,19.882644 ,21.2124295,22.542215 ,23.8720005,25.201786 ,26.5315715,27.861357 ,29.1911425,30.520928 ,31.8507135,33.180499 ,34.5102845,35.84007  ,37.1698555,38.499641 ,39.8294265,41.159212 ,42.4889975,43.818783 ,45.1485685,46.478354 ,47.8081395,49.137925 ,50.4677105,51.797496 ,53.1272815,54.457067 ,55.7868525,57.116638 ,58.4464235,59.776209 ,61.1059945,62.43578  
rsrp_ul:0.01024547,0.0103207 ,0.01478899,0.01298863,0.01269275,0.01045861,0.02278527,0.01185025,0.00700835,0.00640405,0.00641157,0.00692058,0.00691056,0.00396178,0.00370352,0.00370352,0.00368346,0.05419119,0.04557807,0.05235322,0.04535741,0.0965547 ,0.03265463,0.02702539,0.0286452 ,0.04448983,0.03319123,0.01597251,0.01204583,0.02098743,0.01380105,0.0092776 ,0.0063865 ,0.00625611,0.02113286,0.00608309,0.00620847,0.00643915,0.00667235,0.00610315
rsrp_ul_bin_edges:-118.665115  ,-117.33576088,-116.00640675,-114.67705263,-113.3476985 ,-112.01834437,-110.68899025,-109.35963612,-108.030282  ,-106.70092788,-105.37157375,-104.04221963,-102.7128655 ,-101.38351137,-100.05415725, -98.72480312, -97.395449  , -96.06609488, -94.73674075, -93.40738663, -92.0780325 , -90.74867837, -89.41932425, -88.08997013, -86.760616  , -85.43126187, -84.10190775, -82.77255363, -81.4431995 , -80.11384537, -78.78449125, -77.45513712, -76.125783  , -74.79642888, -73.46707475, -72.13772063, -70.8083665 , -69.47901237, -68.14965825, -66.82030413, -65.49095   
rsrp_dl:0.01024547,0.0103207 ,0.01478899,0.01298863,0.01269275,0.01045861,0.02278527,0.01185025,0.00700835,0.00640405,0.00641157,0.00692058,0.00691056,0.00396178,0.00370352,0.00370352,0.00368346,0.05419119,0.04557807,0.05235322,0.04535741,0.0965547 ,0.03265463,0.02702539,0.0286452 ,0.04448983,0.03319123,0.01597251,0.01204583,0.02098743,0.01380105,0.0092776 ,0.0063865 ,0.00625611,0.02113286,0.00608309,0.00620847,0.00643915,0.00667235,0.00610315
rsrp_dl_bin_edges:-111.675415  ,-110.34606088,-109.01670675,-107.68735263,-106.3579985 ,-105.02864437,-103.69929025,-102.36993612,-101.040582  , -99.71122788, -98.38187375, -97.05251963, -95.7231655 , -94.39381137, -93.06445725, -91.73510312, -90.405749  , -89.07639488, -87.74704075, -86.41768663, -85.0883325 , -83.75897837, -82.42962425, -81.10027013, -79.770916  , -78.44156187, -77.11220775, -75.78285363, -74.4534995 , -73.12414537, -71.79479125, -70.46543712, -69.136083  , -67.80672888, -66.47737475, -65.14802063, -63.8186665 , -62.48931237, -61.15995825, -59.83060413, -58.50125   
cqi_ul:0.18805145,0.        ,0.16977608,0.        ,0.        ,0.08727024,0.        ,0.        ,0.05653277,0.        ,0.0188887 ,0.        ,0.        ,0.01887981,0.        ,0.        ,0.01491541,0.        ,0.29989033,0.        ,0.        ,0.2525397 ,0.        ,0.        ,0.42788905,0.        ,0.17153606,0.        ,0.        ,0.09756347,0.        ,0.        ,0.17612268,0.        ,0.2276955 ,0.        ,0.        ,0.03735963,0.        ,0.42175578
cqi_ul_bin_edges: 0.   , 0.375, 0.75 , 1.125, 1.5  , 1.875, 2.25 , 2.625, 3.   , 3.375, 3.75 , 4.125, 4.5  , 4.875, 5.25 , 5.625, 6.   , 6.375, 6.75 , 7.125, 7.5  , 7.875, 8.25 , 8.625, 9.   , 9.375, 9.75 ,10.125,10.5  ,10.875,11.25 ,11.625,12.   ,12.375,12.75 ,13.125,13.5  ,13.875,14.25 ,14.625,15.   
cqi_dl:0.07966074,0.        ,0.        ,0.13673709,0.        ,0.        ,0.05472766,0.        ,0.        ,0.1249526 ,0.        ,0.        ,0.0425124 ,0.        ,0.        ,0.04084062,0.        ,0.        ,0.03763039,0.        ,0.        ,0.04216368,0.        ,0.        ,0.02773306,0.        ,0.        ,0.01545626,0.        ,0.        ,0.02344592,0.        ,0.        ,0.24935135,0.        ,0.        ,0.20020313,0.        ,0.        ,2.00150819
cqi_dl_bin_edges: 2.   , 2.325, 2.65 , 2.975, 3.3  , 3.625, 3.95 , 4.275, 4.6  , 4.925, 5.25 , 5.575, 5.9  , 6.225, 6.55 , 6.875, 7.2  , 7.525, 7.85 , 8.175, 8.5  , 8.825, 9.15 , 9.475, 9.8  ,10.125,10.45 ,10.775,11.1  ,11.425,11.75 ,12.075,12.4  ,12.725,13.05 ,13.375,13.7  ,14.025,14.35 ,14.675,15.   
mcs_ul:0.19169332,0.02766163,0.01909029,0.        ,0.0175284 ,0.01275702,0.        ,0.00522852,0.00489043,0.        ,0.00517614,0.00493805,0.00315711,0.        ,0.00483329,0.09379906,0.        ,0.06685647,0.05656134,0.        ,0.07872778,0.05160425,0.17762203,0.        ,0.05072806,0.04116626,0.        ,0.02945685,0.02280453,0.        ,0.03955199,0.05480421,0.05054235,0.        ,0.07143738,0.01004752,0.        ,0.00996657,0.        ,0.2259406 
mcs_ul_bin_edges: 0. , 0.7, 1.4, 2.1, 2.8, 3.5, 4.2, 4.9, 5.6, 6.3, 7. , 7.7, 8.4, 9.1, 9.8,10.5,11.2,11.9,12.6,13.3,14. ,14.7,15.4,16.1,16.8,17.5,18.2,18.9,19.6,20.3,21. ,21.7,22.4,23.1,23.8,24.5,25.2,25.9,26.6,27.3,28. 
mcs_dl:0.00458761,0.03376756,0.03681445,0.        ,0.02902193,0.01829611,0.        ,0.00805424,0.03740703,0.        ,0.02275533,0.01051841,0.        ,0.00995052,0.01026163,0.        ,0.00940238,0.00902213,0.        ,0.00909621,0.01023693,0.        ,0.0100641 ,0.00826165,0.        ,0.00509131,0.00368885,0.        ,0.00375305,0.00565426,0.        ,0.00563451,0.01049372,0.        ,0.10956434,0.04931309,0.        ,0.04708101,0.        ,0.96368913
mcs_dl_bin_edges: 1.   , 1.675, 2.35 , 3.025, 3.7  , 4.375, 5.05 , 5.725, 6.4  , 7.075, 7.75 , 8.425, 9.1  , 9.775,10.45 ,11.125,11.8  ,12.475,13.15 ,13.825,14.5  ,15.175,15.85 ,16.525,17.2  ,17.875,18.55 ,19.225,19.9  ,20.575,21.25 ,21.925,22.6  ,23.275,23.95 ,24.625,25.3  ,25.975,26.65 ,27.325,28.   
eff_ul:0.38086108,0.34384792,0.10457657,0.07217206,0.06626724,0.        ,0.04822872,0.01976675,0.        ,0.01848858,0.01956873,0.0186686 ,0.01193566,0.01827255,0.35461342,0.        ,0.25275523,0.2138338 ,0.        ,0.29763548,0.        ,0.19509319,0.67151159,0.        ,0.19178073,0.        ,0.15563169,0.11136352,0.08621402,0.14952884,0.        ,0.20719088,0.        ,0.19107863,0.        ,0.27007364,0.        ,0.03798529,0.03767925,0.85418304
eff_ul_bin_edges:0.        ,0.18515752,0.37031505,0.55547258,0.7406301 ,0.92578762,1.11094515,1.29610267,1.4812602 ,1.66641772,1.85157525,2.03673277,2.2218903 ,2.40704782,2.59220535,2.77736287,2.9625204 ,3.14767792,3.33283545,3.51799297,3.7031505 ,3.88830802,4.07346555,4.25862308,4.4437806 ,4.62893812,4.81409565,4.99925317,5.1844107 ,5.36956823,5.55472575,5.73988327,5.9250408 ,6.11019832,6.29535585,6.48051337,6.6656709 ,6.85082842,7.03598595,7.22114347,7.406301  
eff_dl:0.0176213 ,0.1297034 ,0.14140667,0.        ,0.11147512,0.        ,0.07027655,0.03093686,0.14368283,0.        ,0.08740469,0.04040191,0.03822058,0.03941557,0.        ,0.03611513,0.03465459,0.        ,0.03493911,0.        ,0.03932073,0.03865685,0.        ,0.03173352,0.        ,0.01955604,0.01416912,0.        ,0.0144157 ,0.0217184 ,0.        ,0.02164252,0.        ,0.04030707,0.        ,0.4208437 ,0.        ,0.18941476,0.18084121,3.70159227
eff_dl_bin_edges:0.37699994,0.55273247,0.72846499,0.90419752,1.07993005,1.25566257,1.4313951 ,1.60712763,1.78286015,1.95859268,2.13432521,2.31005773,2.48579026,2.66152278,2.83725531,3.01298784,3.18872036,3.36445289,3.54018542,3.71591794,3.89165047,4.067383  ,4.24311552,4.41884805,4.59458058,4.7703131 ,4.94604563,5.12177816,5.29751068,5.47324321,5.64897573,5.82470826,6.00044079,6.17617331,6.35190584,6.52763837,6.70337089,6.87910342,7.05483595,7.23056847,7.406301  
rul:3.27251815e+00,1.97079969e-01,1.15731968e-05,0.00000000e+00,0.00000000e+00,0.00000000e+00,0.00000000e+00,1.15731968e-05,0.00000000e+00,1.15731968e-05,0.00000000e+00,0.00000000e+00,0.00000000e+00,0.00000000e+00,0.00000000e+00,0.00000000e+00,1.15731968e-05,0.00000000e+00,0.00000000e+00,1.27305165e-03,4.74501070e-04,0.00000000e+00,0.00000000e+00,0.00000000e+00,0.00000000e+00,0.00000000e+00,0.00000000e+00,0.00000000e+00,0.00000000e+00,0.00000000e+00,0.00000000e+00,0.00000000e+00,0.00000000e+00,0.00000000e+00,0.00000000e+00,0.00000000e+00,0.00000000e+00,0.00000000e+00,8.10123778e-05,5.20793858e-04
rul_bin_edges: 0.        , 0.28801895, 0.5760379 , 0.86405685, 1.1520758 , 1.44009475, 1.7281137 , 2.01613265, 2.3041516 , 2.59217055, 2.8801895 , 3.16820845, 3.4562274 , 3.74424635, 4.0322653 , 4.32028425, 4.6083032 , 4.89632215, 5.1843411 , 5.47236005, 5.760379  , 6.04839795, 6.3364169 , 6.62443585, 6.9124548 , 7.20047375, 7.4884927 , 7.77651165, 8.0645306 , 8.35254955, 8.6405685 , 8.92858745, 9.2166064 , 9.50462535, 9.7926443 ,10.08066325,10.3686822 ,10.65670115,10.9447201 ,11.23273905,11.520758  
rdl:1.13744269e+01,0.00000000e+00,1.78191781e-03,3.56383562e-03,4.23205479e-03,1.26961644e-02,2.93009655e+01,3.87567123e-02,1.38098630e-02,1.31416438e-02,1.47008219e-02,1.13597260e-02,3.20745206e-02,2.21784173e+01,1.42553425e-02,4.90027397e-03,4.45479452e-03,1.78191781e-03,3.11835616e-03,3.11835616e-03,4.23205479e-03,2.22739726e-03,1.33643836e-03,2.67287671e-03,1.55917808e-03,5.12301370e-03,3.68099671e+00,9.26597260e-02,0.00000000e+00,0.00000000e+00,0.00000000e+00,0.00000000e+00,0.00000000e+00,0.00000000e+00,0.00000000e+00,0.00000000e+00,0.00000000e+00,0.00000000e+00,0.00000000e+00,2.22739726e-04
rdl_bin_edges:0.      ,0.014965,0.02993 ,0.044895,0.05986 ,0.074825,0.08979 ,0.104755,0.11972 ,0.134685,0.14965 ,0.164615,0.17958 ,0.194545,0.20951 ,0.224475,0.23944 ,0.254405,0.26937 ,0.284335,0.2993  ,0.314265,0.32923 ,0.344195,0.35916 ,0.374125,0.38909 ,0.404055,0.41902 ,0.433985,0.44895 ,0.463915,0.47888 ,0.493845,0.50881 ,0.523775,0.53874 ,0.553705,0.56867 ,0.583635,0.5986  
lul: 821.74738843,   0.        ,   0.        ,   0.        ,   0.        ,   0.        ,   0.        ,   0.        ,   0.        ,   0.        ,   0.        ,   0.        ,   0.        ,   0.        ,   0.        ,   0.        ,   0.        ,   0.        ,   0.        ,   0.        ,   0.        ,   0.        ,   0.        ,   0.        ,   0.        ,   0.        ,   0.        ,   0.        ,   0.        ,   0.        ,   0.        ,   0.        ,   0.        ,   0.        ,   0.        ,1482.93018976,  29.51783747, 567.72161929,   3.43536876, 685.66129997
lul_bin_edges:0.        ,0.00027847,0.00055695,0.00083542,0.00111389,0.00139236,0.00167084,0.00194931,0.00222778,0.00250626,0.00278473,0.0030632 ,0.00334167,0.00362015,0.00389862,0.00417709,0.00445557,0.00473404,0.00501251,0.00529099,0.00556946,0.00584793,0.0061264 ,0.00640488,0.00668335,0.00696182,0.0072403 ,0.00751877,0.00779724,0.00807571,0.00835419,0.00863266,0.00891113,0.00918961,0.00946808,0.00974655,0.01002502,0.0103035 ,0.01058197,0.01086044,0.01113892
ldl: 611.25624008,   0.        ,   0.        ,   0.        ,   0.        ,   0.        ,   0.        ,   0.        ,   0.        ,   0.        ,   0.        ,   0.        ,   0.        ,   0.        ,   0.        ,   0.        ,   0.        ,   0.        ,   0.        ,   0.        ,   0.        ,   0.        ,   0.        ,   0.        ,   0.        ,   0.        ,   0.        ,   0.        ,   0.        ,   0.        ,   0.        ,   0.        ,   0.        ,   0.        ,   0.        ,1594.14277204,  30.83452932, 610.298646  ,   3.62688757, 740.85462866
ldl_bin_edges:0.        ,0.00027847,0.00055695,0.00083542,0.00111389,0.00139236,0.00167084,0.00194931,0.00222778,0.00250626,0.00278473,0.0030632 ,0.00334167,0.00362015,0.00389862,0.00417709,0.00445557,0.00473404,0.00501251,0.00529099,0.00556946,0.00584793,0.0061264 ,0.00640488,0.00668335,0.00696182,0.0072403 ,0.00751877,0.00779724,0.00807571,0.00835419,0.00863266,0.00891113,0.00918961,0.00946808,0.00974655,0.01002502,0.0103035 ,0.01058197,0.01086044,0.01113892
ilul:6.60063264e+00,1.54113908e-04,1.98146454e-04,1.98146454e-04,1.32097636e-04,2.20162726e-04,1.98146454e-04,1.98146454e-04,2.20162726e-04,1.54113908e-04,2.20162726e-04,1.76130181e-04,2.20162726e-04,1.76130181e-04,6.60488178e-05,1.10081363e-04,1.32097636e-04,8.80650904e-05,1.10081363e-04,1.10081363e-04,8.80650904e-05,8.80650904e-05,1.10081363e-04,6.60488178e-05,6.60488178e-05,8.80650904e-05,6.60488178e-05,8.80650904e-05,6.60488178e-05,4.40325452e-05,4.40325452e-05,4.40325452e-05,4.40325452e-05,4.40325452e-05,4.40325452e-05,4.40325452e-05,2.20162726e-05,4.40325452e-05,6.60488178e-05,6.60488178e-05
ilul_bin_edges:0.        ,0.15140165,0.3028033 ,0.45420495,0.6056066 ,0.75700825,0.9084099 ,1.05981155,1.2112132 ,1.36261485,1.5140165 ,1.66541815,1.8168198 ,1.96822145,2.1196231 ,2.27102475,2.4224264 ,2.57382805,2.7252297 ,2.87663135,3.028033  ,3.17943465,3.3308363 ,3.48223795,3.6336396 ,3.78504125,3.9364429 ,4.08784455,4.2392462 ,4.39064785,4.5420495 ,4.69345115,4.8448528 ,4.99625445,5.1476561 ,5.29905775,5.4504594 ,5.60186105,5.7532627 ,5.90466435,6.056066  
ildl: 611.25624008,   0.        ,   0.        ,   0.        ,   0.        ,   0.        ,   0.        ,   0.        ,   0.        ,   0.        ,   0.        ,   0.        ,   0.        ,   0.        ,   0.        ,   0.        ,   0.        ,   0.        ,   0.        ,   0.        ,   0.        ,   0.        ,   0.        ,   0.        ,   0.        ,   0.        ,   0.        ,   0.        ,   0.        ,   0.        ,   0.        ,   0.        ,   0.        ,   0.        ,   0.        ,1594.14277204,  30.83452932, 610.298646  ,   3.62688757, 740.85462866
ildl_bin_edges:0.        ,0.00027847,0.00055695,0.00083542,0.00111389,0.00139236,0.00167084,0.00194931,0.00222778,0.00250626,0.00278473,0.0030632 ,0.00334167,0.00362015,0.00389862,0.00417709,0.00445557,0.00473404,0.00501251,0.00529099,0.00556946,0.00584793,0.0061264 ,0.00640488,0.00668335,0.00696182,0.0072403 ,0.00751877,0.00779724,0.00807571,0.00835419,0.00863266,0.00891113,0.00918961,0.00946808,0.00974655,0.01002502,0.0103035 ,0.01058197,0.01086044,0.01113892
eul: 0., 0., 0., 0., 0., 0., 0., 0., 0., 0., 0., 0., 0., 0., 0., 0., 0., 0., 0., 0.,40., 0., 0., 0., 0., 0., 0., 0., 0., 0., 0., 0., 0., 0., 0., 0., 0., 0., 0., 0.
eul_bin_edges:-0.5  ,-0.475,-0.45 ,-0.425,-0.4  ,-0.375,-0.35 ,-0.325,-0.3  ,-0.275,-0.25 ,-0.225,-0.2  ,-0.175,-0.15 ,-0.125,-0.1  ,-0.075,-0.05 ,-0.025, 0.   , 0.025, 0.05 , 0.075, 0.1  , 0.125, 0.15 , 0.175, 0.2  , 0.225, 0.25 , 0.275, 0.3  , 0.325, 0.35 , 0.375, 0.4  , 0.425, 0.45 , 0.475, 0.5  
edl: 0., 0., 0., 0., 0., 0., 0., 0., 0., 0., 0., 0., 0., 0., 0., 0., 0., 0., 0., 0.,40., 0., 0., 0., 0., 0., 0., 0., 0., 0., 0., 0., 0., 0., 0., 0., 0., 0., 0., 0.
edl_bin_edges:-0.5  ,-0.475,-0.45 ,-0.425,-0.4  ,-0.375,-0.35 ,-0.325,-0.3  ,-0.275,-0.25 ,-0.225,-0.2  ,-0.175,-0.15 ,-0.125,-0.1  ,-0.075,-0.05 ,-0.025, 0.   , 0.025, 0.05 , 0.075, 0.1  , 0.125, 0.15 , 0.175, 0.2  , 0.225, 0.25 , 0.275, 0.3  , 0.325, 0.35 , 0.375, 0.4  , 0.425, 0.45 , 0.475, 0.5  
gul:1.61340747e-03,3.22681495e-04,0.00000000e+00,7.74435587e-03,2.06516157e-02,2.00062527e-02,2.19423416e-02,3.93671423e-02,5.00156317e-02,6.40080693e+01,2.67502959e-01,4.58207722e-02,2.67825640e-02,2.71052455e-02,2.67825640e-02,2.54918381e-02,8.71240035e-03,1.38753043e-02,1.63018691e+00,3.03717503e+01,1.20682879e-01,1.12938523e-02,9.35776334e-03,1.09711708e-02,7.09899288e-03,3.87217793e-03,5.80826690e-03,5.16290391e-03,3.87217793e-03,5.16290391e-03,6.13094840e-03,1.61340747e-03,3.22681495e-04,0.00000000e+00,0.00000000e+00,0.00000000e+00,0.00000000e+00,0.00000000e+00,0.00000000e+00,3.22681495e-04
gul_bin_edges:0.        ,0.01033   ,0.02066   ,0.03099   ,0.04132   ,0.05165   ,0.06198   ,0.07231   ,0.08264   ,0.09297   ,0.10330001,0.11363001,0.12396001,0.13429001,0.14462001,0.15495001,0.16528001,0.17561001,0.18594001,0.19627001,0.20660001,0.21693001,0.22726001,0.23759001,0.24792001,0.25825001,0.26858001,0.27891001,0.28924001,0.29957001,0.30990002,0.32023002,0.33056002,0.34089002,0.35122002,0.36155002,0.37188002,0.38221002,0.39254002,0.40287002,0.41320002
gdl:1.61340747e-03,3.22681495e-04,0.00000000e+00,7.74435587e-03,2.06516157e-02,2.00062527e-02,2.19423416e-02,3.93671423e-02,5.00156317e-02,6.40080693e+01,2.67502959e-01,4.58207722e-02,2.67825640e-02,2.71052455e-02,2.67825640e-02,2.54918381e-02,8.71240035e-03,1.38753043e-02,1.63018691e+00,3.03717503e+01,1.20682879e-01,1.12938523e-02,9.35776334e-03,1.09711708e-02,7.09899288e-03,3.87217793e-03,5.80826690e-03,5.16290391e-03,3.87217793e-03,5.16290391e-03,6.13094840e-03,1.61340747e-03,3.22681495e-04,0.00000000e+00,0.00000000e+00,0.00000000e+00,0.00000000e+00,0.00000000e+00,0.00000000e+00,3.22681495e-04
gdl_bin_edges:0.        ,0.01033   ,0.02066   ,0.03099   ,0.04132   ,0.05165   ,0.06198   ,0.07231   ,0.08264   ,0.09297   ,0.10330001,0.11363001,0.12396001,0.13429001,0.14462001,0.15495001,0.16528001,0.17561001,0.18594001,0.19627001,0.20660001,0.21693001,0.22726001,0.23759001,0.24792001,0.25825001,0.26858001,0.27891001,0.28924001,0.29957001,0.30990002,0.32023002,0.33056002,0.34089002,0.35122002,0.36155002,0.37188002,0.38221002,0.39254002,0.40287002,0.41320002
ri: 0., 0., 0., 0., 0., 0., 0., 0., 0., 0., 0., 0., 0., 0., 0., 0., 0., 0., 0., 0.,40., 0., 0., 0., 0., 0., 0., 0., 0., 0., 0., 0., 0., 0., 0., 0., 0., 0., 0., 0.
ri_bin_edges:0.5  ,0.525,0.55 ,0.575,0.6  ,0.625,0.65 ,0.675,0.7  ,0.725,0.75 ,0.775,0.8  ,0.825,0.85 ,0.875,0.9  ,0.925,0.95 ,0.975,1.   ,1.025,1.05 ,1.075,1.1  ,1.125,1.15 ,1.175,1.2  ,1.225,1.25 ,1.275,1.3  ,1.325,1.35 ,1.375,1.4  ,1.425,1.45 ,1.475,1.5  
