period:1
ue_log_freq:1000
mac_log_freq:1000
mimo_layers:2
frequency:2412000000.0
bandwidth:50000000
ue_speed:5.555555555555555
max_distance:1000
shannon_cfg_bandwidth_mhz:50.0
shannon_cfg_mimo_layers:2
shannon_cfg_bw_efficiency:0.67
shannon_cfg_sinr_offset_db:0
shannon_cfg_ul_divisor:2
shannon_cfg_sinr_sample_rate:1000
n_ue:1
sinr_period:9.463597741343282
sinr_rate:105.66805852612856
ul_fairness:1.0
dl_fairness:1.0
ul_agg_throughput:35.17959884714931
dl_agg_throughput:46.95440657811698
ul_ave_throughput:35.17959884714931
dl_ave_throughput:46.95440657811698
ul_se:0.7035919769429861
dl_se:0.9390881315623396
ul_ase:2.239602821005502e-07
dl_ase:2.98921036274157e-07
ul_gr:16.219879834334716
dl_gr:38.4557145357122
ul_tr:16.1238709238173
dl_tr:38.34511831440572
ul_er:283.7747927100607
dl_er:261.53895800868327
ul_er_ratio:0.9462356026250865
dl_er_ratio:0.8721335297807093
ul_er_perc:94.62356026250866
dl_er_perc:87.21335297807093
ul_l:0.0017686424366005283
dl_l:0.0034085702861267825
ul_il:0.34257588201004996
dl_il:0.3683760345401539
sinr_ul:0.01989091,0.00871713,0.13065133,0.06482377,0.03732518,0.04539513,0.09522808,0.25369499,0.06547095,0.03341568,0.02097395,0.02646839,0.02786841,0.02823823,0.0290439 ,0.03047034,0.03268925,0.0202079 ,0.01644368,0.05057258,0.01006433,0.01009074,0.01020961,0.01027565,0.01036811,0.01051339,0.0106983 ,0.01093604,0.01133227,0.02217586,0.04878953,0.02590045,0.02962504,0.05831234,0.08772606,0.08952232,0.03558175,0.02447401,0.01823994,0.01252097
sinr_ul_bin_edges:-7.07233   ,-6.44139388,-5.81045775,-5.17952162,-4.5485855 ,-3.91764937,-3.28671325,-2.65577712,-2.024841  ,-1.39390487,-0.76296875,-0.13203262, 0.4989035 , 1.12983963, 1.76077575, 2.39171188, 3.022648  , 3.65358413, 4.28452025, 4.91545638, 5.5463925 , 6.17732863, 6.80826475, 7.43920088, 8.070137  , 8.70107313, 9.33200925, 9.96294538,10.5938815 ,11.22481763,11.85575375,12.48668987,13.117626  ,13.74856213,14.37949825,15.01043438,15.6413705 ,16.27230663,16.90324275,17.53417888,18.165115  
sinr_dl:0.01989083,0.0087171 ,0.13063757,0.0648367 ,0.03732502,0.04538173,0.09524088,0.25369391,0.06547068,0.03341554,0.02097386,0.02646827,0.02786829,0.02823811,0.02904378,0.03047021,0.03268911,0.02020781,0.01644361,0.05057237,0.01006428,0.0100907 ,0.01020957,0.01027561,0.01036806,0.01051335,0.01069825,0.01093599,0.01133223,0.02217576,0.04878932,0.02590034,0.02962492,0.05829888,0.08772569,0.08953514,0.0355816 ,0.02447391,0.01822666,0.01253413
sinr_dl_bin_edges:-1.26098780e+00,-6.30049005e-01, 8.89790000e-04, 6.31828585e-01, 1.26276738e+00, 1.89370617e+00, 2.52464497e+00, 3.15558376e+00, 3.78652256e+00, 4.41746135e+00, 5.04840015e+00, 5.67933894e+00, 6.31027774e+00, 6.94121653e+00, 7.57215533e+00, 8.20309412e+00, 8.83403292e+00, 9.46497171e+00, 1.00959105e+01, 1.07268493e+01, 1.13577881e+01, 1.19887269e+01, 1.26196657e+01, 1.32506045e+01, 1.38815433e+01, 1.45124821e+01, 1.51434209e+01, 1.57743597e+01, 1.64052985e+01, 1.70362373e+01, 1.76671760e+01, 1.82981148e+01, 1.89290536e+01, 1.95599924e+01, 2.01909312e+01, 2.08218700e+01, 2.14528088e+01, 2.20837476e+01, 2.27146864e+01, 2.33456252e+01, 2.39765640e+01
rsrp_ul:0.01989083,0.0087171 ,0.13063756,0.0648367 ,0.03732502,0.04539493,0.09522766,0.25368068,0.06548388,0.03341553,0.02097386,0.02646827,0.02786829,0.02823811,0.02904378,0.03047021,0.03268911,0.02020781,0.01644361,0.05057236,0.01006428,0.0100907 ,0.01020957,0.01027561,0.01036806,0.01051335,0.01069825,0.01093599,0.01133222,0.02217576,0.04878932,0.02590034,0.02962492,0.05831209,0.08772568,0.08952193,0.0355816 ,0.02447391,0.01823986,0.01252092
rsrp_ul_bin_edges:-135.22302   ,-134.59208115,-133.9611423 ,-133.33020345,-132.6992646 ,-132.06832575,-131.4373869 ,-130.80644805,-130.1755092 ,-129.54457035,-128.9136315 ,-128.28269265,-127.6517538 ,-127.02081495,-126.3898761 ,-125.75893725,-125.1279984 ,-124.49705955,-123.8661207 ,-123.23518185,-122.604243  ,-121.97330415,-121.3423653 ,-120.71142645,-120.0804876 ,-119.44954875,-118.8186099 ,-118.18767105,-117.5567322 ,-116.92579335,-116.2948545 ,-115.66391565,-115.0329768 ,-114.40203795,-113.7710991 ,-113.14016025,-112.5092214 ,-111.87828255,-111.2473437 ,-110.61640485,-109.985466  
rsrp_dl:0.01989081,0.00870388,0.13065069,0.06483666,0.03732499,0.04539491,0.0952276 ,0.25368052,0.06548384,0.03341551,0.02097385,0.02646825,0.02786827,0.02823809,0.02904376,0.03047019,0.03268909,0.0202078 ,0.0164436 ,0.05057233,0.01006428,0.01009069,0.01020956,0.0102756 ,0.01036805,0.01051334,0.01069825,0.01093599,0.01133222,0.02217575,0.04878929,0.02590032,0.0296249 ,0.05831205,0.08772562,0.08952187,0.03558158,0.02447389,0.01823985,0.01252091
rsrp_dl_bin_edges:-142.59496   ,-141.96402075,-141.3330815 ,-140.70214225,-140.071203  ,-139.44026375,-138.8093245 ,-138.17838525,-137.547446  ,-136.91650675,-136.2855675 ,-135.65462825,-135.023689  ,-134.39274975,-133.7618105 ,-133.13087125,-132.499932  ,-131.86899275,-131.2380535 ,-130.60711425,-129.976175  ,-129.34523575,-128.7142965 ,-128.08335725,-127.452418  ,-126.82147875,-126.1905395 ,-125.55960025,-124.928661  ,-124.29772175,-123.6667825 ,-123.03584325,-122.404904  ,-121.77396475,-121.1430255 ,-120.51208625,-119.881147  ,-119.25020775,-118.6192685 ,-117.98832925,-117.35739   
cqi_ul:4.62562812,0.        ,0.        ,0.        ,0.        ,0.        ,0.        ,0.        ,0.7520604 ,0.        ,0.        ,0.        ,0.        ,0.        ,0.        ,0.        ,0.40886326,0.        ,0.        ,0.        ,0.        ,0.        ,0.        ,0.        ,1.320189  ,0.        ,0.        ,0.        ,0.        ,0.        ,0.        ,0.        ,0.74512712,0.        ,0.        ,0.        ,0.        ,0.        ,0.        ,0.1481321 
cqi_ul_bin_edges:0.   ,0.125,0.25 ,0.375,0.5  ,0.625,0.75 ,0.875,1.   ,1.125,1.25 ,1.375,1.5  ,1.625,1.75 ,1.875,2.   ,2.125,2.25 ,2.375,2.5  ,2.625,2.75 ,2.875,3.   ,3.125,3.25 ,3.375,3.5  ,3.625,3.75 ,3.875,4.   ,4.125,4.25 ,4.375,4.5  ,4.625,4.75 ,4.875,5.   
cqi_dl:1.12182398,0.        ,0.        ,0.        ,0.        ,1.5445288 ,0.        ,0.        ,0.        ,0.        ,0.62691144,0.        ,0.        ,0.        ,0.        ,0.16870693,0.        ,0.        ,0.        ,0.        ,0.10458246,0.        ,0.        ,0.        ,0.        ,0.30424746,0.        ,0.        ,0.        ,0.        ,0.23199807,0.        ,0.        ,0.        ,0.        ,0.72182732,0.        ,0.        ,0.        ,0.17537354
cqi_dl_bin_edges:0. ,0.2,0.4,0.6,0.8,1. ,1.2,1.4,1.6,1.8,2. ,2.2,2.4,2.6,2.8,3. ,3.2,3.4,3.6,3.8,4. ,4.2,4.4,4.6,4.8,5. ,5.2,5.4,5.6,5.8,6. ,6.2,6.4,6.6,6.8,7. ,7.2,7.4,7.6,7.8,8. 
mcs_ul:3.36105532,0.        ,0.        ,0.        ,0.        ,0.12424896,0.        ,0.        ,0.        ,0.        ,0.13129057,0.        ,0.        ,0.        ,0.        ,0.31420571,0.        ,0.        ,0.        ,0.        ,0.51091241,0.        ,0.        ,0.        ,0.        ,0.34549712,0.        ,0.        ,0.        ,0.        ,0.12020733,0.        ,0.        ,0.        ,0.        ,0.08141599,0.        ,0.        ,0.        ,0.01116657
mcs_ul_bin_edges:0. ,0.2,0.4,0.6,0.8,1. ,1.2,1.4,1.6,1.8,2. ,2.2,2.4,2.6,2.8,3. ,3.2,3.4,3.6,3.8,4. ,4.2,4.4,4.6,4.8,5. ,5.2,5.4,5.6,5.8,6. ,6.2,6.4,6.6,6.8,7. ,7.2,7.4,7.6,7.8,8. 
mcs_dl:1.52363016,0.        ,0.20666494,0.        ,0.        ,0.15157017,0.        ,0.        ,0.05152338,0.        ,0.        ,0.04488058,0.        ,0.        ,0.03028546,0.        ,0.        ,0.02947594,0.        ,0.        ,0.08147551,0.        ,0.09238018,0.        ,0.        ,0.0472377 ,0.        ,0.        ,0.08533262,0.        ,0.        ,0.24504558,0.        ,0.        ,0.16742718,0.        ,0.        ,0.06073759,0.        ,0.03947586
mcs_dl_bin_edges: 0.  , 0.35, 0.7 , 1.05, 1.4 , 1.75, 2.1 , 2.45, 2.8 , 3.15, 3.5 , 3.85, 4.2 , 4.55, 4.9 , 5.25, 5.6 , 5.95, 6.3 , 6.65, 7.  , 7.35, 7.7 , 8.05, 8.4 , 8.75, 9.1 , 9.45, 9.8 ,10.15,10.5 ,10.85,11.2 ,11.55,11.9 ,12.25,12.6 ,12.95,13.3 ,13.65,14.  
eff_ul:10.70648512, 0.        , 0.        , 0.        , 1.74072002, 0.        , 0.46013892, 0.        , 0.        , 0.        , 0.        , 0.48621654, 0.        , 0.        , 0.        , 0.        , 1.16361756, 0.        , 0.        , 0.        , 0.        , 1.89209369, 0.        , 0.        , 0.        , 0.        , 0.        , 1.27950097, 0.        , 0.        , 0.        , 0.44517128, 0.        , 0.        , 0.        , 0.30151289, 0.        , 0.        , 0.        , 0.04135387
eff_ul_bin_edges:0.        ,0.05400498,0.10800996,0.16201494,0.21601992,0.2700249 ,0.32402988,0.37803486,0.43203984,0.48604482,0.5400498 ,0.59405478,0.64805976,0.70206474,0.75606972,0.8100747 ,0.86407968,0.91808466,0.97208964,1.02609462,1.0800996 ,1.13410458,1.18810956,1.24211454,1.29611952,1.3501245 ,1.40412948,1.45813446,1.51213944,1.56614442,1.6201494 ,1.67415438,1.72815936,1.78216434,1.83616932,1.8901743 ,1.94417928,1.99818426,2.05218924,2.10619422,2.1601992 
eff_dl:2.48646178,0.        ,3.42336397,0.        ,0.80160779,0.        ,0.58790728,0.        ,0.        ,0.19984784,0.        ,0.        ,0.        ,0.17408188,0.        ,0.        ,0.11747064,0.        ,0.1143307 ,0.        ,0.        ,0.31602556,0.        ,0.35832238,0.        ,0.        ,0.18322464,0.        ,0.33098644,0.        ,0.95047781,0.        ,0.        ,0.64941313,0.        ,0.        ,0.23558773,0.        ,0.        ,0.15311817
eff_dl_bin_edges:0.        ,0.09023457,0.18046913,0.2707037 ,0.36093826,0.45117282,0.54140739,0.63164195,0.72187652,0.81211109,0.90234565,0.99258022,1.08281478,1.17304935,1.26328391,1.35351847,1.44375304,1.53398761,1.62422217,1.71445673,1.8046913 ,1.89492587,1.98516043,2.07539499,2.16562956,2.25586412,2.34609869,2.43633326,2.52656782,2.61680239,2.70703695,2.79727152,2.88750608,2.97774064,3.06797521,3.15820977,3.24844434,3.33867891,3.42891347,3.51914804,3.6093826 
rul:9.09945223e-02,1.19492651e-03,2.26917184e-03,5.39408295e-04,1.35400624e-03,5.63178830e-04,1.07790234e-03,0.00000000e+00,1.35126349e-03,1.30280817e-03,2.25545807e-03,1.00841924e-03,0.00000000e+00,1.76084809e-03,0.00000000e+00,1.03676103e-03,3.15416715e-04,3.74843052e-04,0.00000000e+00,0.00000000e+00,6.14376905e-04,5.28437279e-04,9.14251347e-07,0.00000000e+00,0.00000000e+00,3.83071314e-04,0.00000000e+00,3.46501260e-04,0.00000000e+00,1.27995189e-04,0.00000000e+00,1.19766926e-04,8.50253753e-05,9.14251347e-07,0.00000000e+00,8.31968726e-05,0.00000000e+00,1.00567648e-05,0.00000000e+00,1.18852675e-05
rul_bin_edges:  0.     ,  9.11485, 18.2297 , 27.34455, 36.4594 , 45.57425, 54.6891 , 63.80395, 72.9188 , 82.03365, 91.1485 ,100.26335,109.3782 ,118.49305,127.6079 ,136.72275,145.8376 ,154.95245,164.0673 ,173.18215,182.297  ,191.41185,200.5267 ,209.64155,218.7564 ,227.87125,236.9861 ,246.10095,255.2158 ,264.33065,273.4455 ,282.56035,291.6752 ,300.79005,309.9049 ,319.01975,328.1346 ,337.24945,346.3643 ,355.47915,364.594  
rdl:4.71785379e-02,8.18999891e-03,3.11514967e-03,1.20988620e-03,7.96054782e-04,0.00000000e+00,6.97718603e-04,0.00000000e+00,2.46425782e-04,3.51785974e-04,6.74890562e-04,7.46886693e-04,0.00000000e+00,4.46024812e-04,6.57330530e-04,1.89121544e-03,1.36265848e-03,0.00000000e+00,5.34410306e-04,3.16665910e-04,0.00000000e+00,1.63308297e-04,0.00000000e+00,1.93745686e-04,0.00000000e+00,5.85334399e-07,1.11798870e-04,5.85334399e-07,1.96087024e-04,0.00000000e+00,5.58994351e-04,1.17066880e-06,0.00000000e+00,3.78711356e-04,0.00000000e+00,5.85334399e-07,1.34626912e-04,0.00000000e+00,0.00000000e+00,8.48734878e-05
rdl_bin_edges:  0.       , 14.2367575, 28.473515 , 42.7102725, 56.94703  , 71.1837875, 85.420545 , 99.6573025,113.89406  ,128.1308175,142.367575 ,156.6043325,170.84109  ,185.0778475,199.314605 ,213.5513625,227.78812  ,242.0248775,256.261635 ,270.4983925,284.73515  ,298.9719075,313.208665 ,327.4454225,341.68218  ,355.9189375,370.155695 ,384.3924525,398.62921  ,412.8659675,427.102725 ,441.3394825,455.57624  ,469.8129975,484.049755 ,498.2865125,512.52327  ,526.7600275,540.996785 ,555.2335425,569.4703   
lul:2.93219970e+03,0.00000000e+00,0.00000000e+00,0.00000000e+00,0.00000000e+00,0.00000000e+00,0.00000000e+00,0.00000000e+00,0.00000000e+00,0.00000000e+00,0.00000000e+00,0.00000000e+00,0.00000000e+00,0.00000000e+00,0.00000000e+00,0.00000000e+00,0.00000000e+00,0.00000000e+00,0.00000000e+00,0.00000000e+00,0.00000000e+00,0.00000000e+00,0.00000000e+00,0.00000000e+00,0.00000000e+00,0.00000000e+00,0.00000000e+00,0.00000000e+00,0.00000000e+00,0.00000000e+00,0.00000000e+00,0.00000000e+00,0.00000000e+00,0.00000000e+00,0.00000000e+00,3.12725938e+02,6.77597416e-01,1.42118693e+02,1.47451090e+02,1.47303786e-01
lul_bin_edges:0.        ,0.00028286,0.00056572,0.00084858,0.00113144,0.0014143 ,0.00169716,0.00198002,0.00226288,0.00254574,0.0028286 ,0.00311146,0.00339432,0.00367718,0.00396004,0.0042429 ,0.00452576,0.00480862,0.00509148,0.00537434,0.0056572 ,0.00594006,0.00622292,0.00650578,0.00678864,0.00707149,0.00735435,0.00763721,0.00792007,0.00820293,0.00848579,0.00876865,0.00905151,0.00933437,0.00961723,0.00990009,0.01018295,0.01046581,0.01074867,0.01103153,0.01131439
ldl:2.18657687e+03,0.00000000e+00,0.00000000e+00,0.00000000e+00,0.00000000e+00,0.00000000e+00,0.00000000e+00,0.00000000e+00,0.00000000e+00,0.00000000e+00,0.00000000e+00,0.00000000e+00,0.00000000e+00,0.00000000e+00,0.00000000e+00,0.00000000e+00,0.00000000e+00,0.00000000e+00,0.00000000e+00,0.00000000e+00,0.00000000e+00,0.00000000e+00,0.00000000e+00,0.00000000e+00,0.00000000e+00,0.00000000e+00,0.00000000e+00,0.00000000e+00,0.00000000e+00,0.00000000e+00,0.00000000e+00,0.00000000e+00,5.66820971e+02,7.05338626e-01,1.93479811e+02,3.07690411e+02,1.35642043e-01,0.00000000e+00,0.00000000e+00,2.71284087e-02
ldl_bin_edges:0.        ,0.00030718,0.00061436,0.00092154,0.00122871,0.00153589,0.00184307,0.00215025,0.00245743,0.00276461,0.00307179,0.00337896,0.00368614,0.00399332,0.0043005 ,0.00460768,0.00491486,0.00522203,0.00552921,0.00583639,0.00614357,0.00645075,0.00675793,0.00706511,0.00737228,0.00767946,0.00798664,0.00829382,0.008601  ,0.00890818,0.00921536,0.00952253,0.00982971,0.01013689,0.01044407,0.01075125,0.01105843,0.0113656 ,0.01167278,0.01197996,0.01228714
ilul:0.79925369,0.0012312 ,0.00267212,0.        ,0.        ,0.        ,0.0022324 ,0.        ,0.        ,0.00304418,0.        ,0.        ,0.        ,0.        ,0.        ,0.        ,0.        ,0.        ,0.        ,0.        ,0.        ,0.        ,0.        ,0.        ,0.        ,0.        ,0.        ,0.        ,0.        ,0.        ,0.        ,0.        ,0.        ,0.        ,0.        ,0.        ,0.        ,0.        ,0.        ,0.00335537
ilul_bin_edges: 0.        , 1.23184725, 2.4636945 , 3.69554175, 4.927389  , 6.15923625, 7.3910835 , 8.62293075, 9.854778  ,11.08662525,12.3184725 ,13.55031975,14.782167  ,16.01401425,17.2458615 ,18.47770875,19.709556  ,20.94140325,22.1732505 ,23.40509775,24.636945  ,25.86879225,27.1006395 ,28.33248675,29.564334  ,30.79618125,32.0280285 ,33.25987575,34.491723  ,35.72357025,36.9554175 ,38.18726475,39.419112  ,40.65095925,41.8828065 ,43.11465375,44.346501  ,45.57834825,46.8101955 ,48.04204275,49.27389   
ildl:1.46965635e+00,7.30826761e-02,1.94960557e-01,7.57698631e-03,0.00000000e+00,0.00000000e+00,0.00000000e+00,0.00000000e+00,0.00000000e+00,0.00000000e+00,7.87066795e-03,0.00000000e+00,0.00000000e+00,0.00000000e+00,0.00000000e+00,0.00000000e+00,0.00000000e+00,1.46840820e-05,0.00000000e+00,0.00000000e+00,0.00000000e+00,0.00000000e+00,0.00000000e+00,0.00000000e+00,0.00000000e+00,0.00000000e+00,0.00000000e+00,0.00000000e+00,0.00000000e+00,0.00000000e+00,0.00000000e+00,0.00000000e+00,0.00000000e+00,0.00000000e+00,0.00000000e+00,0.00000000e+00,0.00000000e+00,0.00000000e+00,0.00000000e+00,8.94260594e-03
ildl_bin_edges: 0.        , 0.56750323, 1.13500645, 1.70250968, 2.2700129 , 2.83751613, 3.40501935, 3.97252258, 4.5400258 , 5.10752903, 5.67503225, 6.24253548, 6.8100387 , 7.37754193, 7.94504515, 8.51254838, 9.0800516 , 9.64755483,10.21505805,10.78256128,11.3500645 ,11.91756773,12.48507095,13.05257418,13.6200774 ,14.18758063,14.75508385,15.32258708,15.8900903 ,16.45759353,17.02509675,17.59259998,18.1601032 ,18.72760643,19.29510965,19.86261288,20.4301161 ,20.99761933,21.56512255,22.13262578,22.700129  
eul:2.21470087e-03,0.00000000e+00,3.41038015e-07,0.00000000e+00,0.00000000e+00,6.82076029e-07,6.82076029e-07,2.38726610e-06,1.02311404e-06,3.06934213e-06,1.77339768e-05,1.85524680e-03,3.67502565e-02,7.23000591e-05,3.41038015e-06,6.82076029e-07,3.41038015e-07,0.00000000e+00,0.00000000e+00,0.00000000e+00,3.41038015e-07,0.00000000e+00,0.00000000e+00,0.00000000e+00,0.00000000e+00,3.41038015e-07,0.00000000e+00,0.00000000e+00,3.41038015e-07,0.00000000e+00,3.41038015e-07,0.00000000e+00,0.00000000e+00,3.41038015e-07,0.00000000e+00,0.00000000e+00,0.00000000e+00,0.00000000e+00,0.00000000e+00,3.41038015e-07
eul_bin_edges:  0.   , 24.435, 48.87 , 73.305, 97.74 ,122.175,146.61 ,171.045,195.48 ,219.915,244.35 ,268.785,293.22 ,317.655,342.09 ,366.525,390.96 ,415.395,439.83 ,464.265,488.7  ,513.135,537.57 ,562.005,586.44 ,610.875,635.31 ,659.745,684.18 ,708.615,733.05 ,757.485,781.92 ,806.355,830.79 ,855.225,879.66 ,904.095,928.53 ,952.965,977.4  
edl:5.24550570e-03,0.00000000e+00,3.41038015e-07,0.00000000e+00,0.00000000e+00,3.41038015e-07,1.02311404e-06,1.70519007e-06,3.41038015e-07,2.38726610e-06,1.53467107e-05,1.59708102e-03,3.39909179e-02,6.41151468e-05,3.75141816e-06,3.41038015e-07,0.00000000e+00,0.00000000e+00,0.00000000e+00,0.00000000e+00,3.41038015e-07,0.00000000e+00,0.00000000e+00,0.00000000e+00,0.00000000e+00,0.00000000e+00,0.00000000e+00,0.00000000e+00,3.41038015e-07,0.00000000e+00,3.41038015e-07,0.00000000e+00,0.00000000e+00,3.41038015e-07,0.00000000e+00,0.00000000e+00,0.00000000e+00,0.00000000e+00,0.00000000e+00,3.41038015e-07
edl_bin_edges:  0.   , 24.435, 48.87 , 73.305, 97.74 ,122.175,146.61 ,171.045,195.48 ,219.915,244.35 ,268.785,293.22 ,317.655,342.09 ,366.525,390.96 ,415.395,439.83 ,464.265,488.7  ,513.135,537.57 ,562.005,586.44 ,610.875,635.31 ,659.745,684.18 ,708.615,733.05 ,757.485,781.92 ,806.355,830.79 ,855.225,879.66 ,904.095,928.53 ,952.965,977.4  
gul:1.02703632e-01,0.00000000e+00,0.00000000e+00,0.00000000e+00,0.00000000e+00,0.00000000e+00,0.00000000e+00,0.00000000e+00,0.00000000e+00,0.00000000e+00,0.00000000e+00,0.00000000e+00,0.00000000e+00,0.00000000e+00,0.00000000e+00,0.00000000e+00,0.00000000e+00,9.04806068e-07,0.00000000e+00,0.00000000e+00,0.00000000e+00,0.00000000e+00,0.00000000e+00,9.04806068e-07,9.04806068e-07,0.00000000e+00,9.04806068e-07,9.04806068e-07,9.04806068e-06,4.52403034e-06,2.08105396e-05,1.43683204e-03,2.77051618e-03,1.59245868e-03,2.44297638e-05,4.52403034e-06,3.61922427e-06,0.00000000e+00,9.04806068e-07,1.80961214e-06
gul_bin_edges:  0.  ,  9.21, 18.42, 27.63, 36.84, 46.05, 55.26, 64.47, 73.68, 82.89, 92.1 ,101.31,110.52,119.73,128.94,138.15,147.36,156.57,165.78,174.99,184.2 ,193.41,202.62,211.83,221.04,230.25,239.46,248.67,257.88,267.09,276.3 ,285.51,294.72,303.93,313.14,322.35,331.56,340.77,349.98,359.19,368.4 
gdl:5.55933515e-02,0.00000000e+00,0.00000000e+00,0.00000000e+00,0.00000000e+00,0.00000000e+00,0.00000000e+00,0.00000000e+00,0.00000000e+00,5.31373435e-07,0.00000000e+00,5.31373435e-07,1.59412030e-06,5.31373435e-07,5.31373435e-07,3.18824061e-06,6.90785465e-06,1.96608171e-05,2.03409751e-03,6.06509638e-03,3.18824061e-05,5.31373435e-06,0.00000000e+00,5.31373435e-07,5.31373435e-07,5.31373435e-07,0.00000000e+00,0.00000000e+00,0.00000000e+00,0.00000000e+00,0.00000000e+00,0.00000000e+00,0.00000000e+00,0.00000000e+00,0.00000000e+00,0.00000000e+00,0.00000000e+00,0.00000000e+00,0.00000000e+00,5.31373435e-07
gdl_bin_edges:  0.    , 15.6825, 31.365 , 47.0475, 62.73  , 78.4125, 94.095 ,109.7775,125.46  ,141.1425,156.825 ,172.5075,188.19  ,203.8725,219.555 ,235.2375,250.92  ,266.6025,282.285 ,297.9675,313.65  ,329.3325,345.015 ,360.6975,376.38  ,392.0625,407.745 ,423.4275,439.11  ,454.7925,470.475 ,486.1575,501.84  ,517.5225,533.205 ,548.8875,564.57  ,580.2525,595.935 ,611.6175,627.3   
ri: 0., 0., 0., 0., 0., 0., 0., 0., 0., 0., 0., 0., 0., 0., 0., 0., 0., 0., 0., 0.,40., 0., 0., 0., 0., 0., 0., 0., 0., 0., 0., 0., 0., 0., 0., 0., 0., 0., 0., 0.
ri_bin_edges:0.5  ,0.525,0.55 ,0.575,0.6  ,0.625,0.65 ,0.675,0.7  ,0.725,0.75 ,0.775,0.8  ,0.825,0.85 ,0.875,0.9  ,0.925,0.95 ,0.975,1.   ,1.025,1.05 ,1.075,1.1  ,1.125,1.15 ,1.175,1.2  ,1.225,1.25 ,1.275,1.3  ,1.325,1.35 ,1.375,1.4  ,1.425,1.45 ,1.475,1.5  
