period:1
ue_log_freq:1000
mac_log_freq:1000
mimo_layers:2
frequency:2412000000.0
bandwidth:50000000
ue_speed:5.555555555555555
max_distance:1000
shannon_cfg_bandwidth_mhz:50.0
shannon_cfg_mimo_layers:2
shannon_cfg_bw_efficiency:0.67
shannon_cfg_sinr_offset_db:0
shannon_cfg_ul_divisor:2
shannon_cfg_sinr_sample_rate:1000
n_ue:3
sinr_period:9.463597741343282
sinr_rate:105.66805852612856
ul_fairness:0.9999890181483945
dl_fairness:0.9959414972413138
ul_agg_throughput:1.6394452392490046
dl_agg_throughput:1.4082917769155803
ul_ave_throughput:0.5464817464163348
dl_ave_throughput:0.4694305923051934
ul_se:0.032788904784980095
dl_se:0.028165835538311604
ul_ase:1.0437032550198163e-08
dl_ase:8.965463904471333e-09
ul_gr:0.09999890294339059, 0.09999890294339059, 0.1999978052112979
dl_gr:0.09999890294339059, 0.09999890294339059, 0.1999978052112979
ul_tr:0.060272207143988565, 0.06407682103779963, 0.10604783226247738
dl_tr:0.0951579396206938, 0.09998889041602585, 0.19639580529614706
ul_er:0.0, 0.0, 0.0
dl_er:0.0, 0.0, 0.0
ul_er_ratio:0.0, 0.0, 0.0
dl_er_ratio:0.0, 0.0, 0.0
ul_er_perc:0.0, 0.0, 0.0
dl_er_perc:0.0, 0.0, 0.0
ul_l:0.0034787889836051635, 0.0036426502556724427, 0.0036026462776672223
dl_l:0.007396904894511055, 0.007737314574864249, 0.00797823325278747
ul_il:0.09713548173463266, 0.11040724207240427, 0.11590445129444205
dl_il:0.018754682334526655, 0.01978694258299417, 0.027435376781427184
sinr_ul:0.00128861,0.00521088,0.01747621,0.02454946,0.01507017,0.02536778,0.03539825,0.02443847,0.02521728,0.03611122,0.03896122,0.04702209,0.05181535,0.02228451,0.01294631,0.00674029,0.00485158,0.00472365,0.00518266,0.00492118,0.00132435,0.00133376,0.00247376,0.02202679,0.01600512,0.02281125,0.01851838,0.0095282 ,0.00994959,0.01036909,0.00979157,0.00443395,0.00632642,0.00316415,0.00222732,0.00251326,0.00554573,0.00208623,0.00220475,0.00215019
sinr_ul_bin_edges:-1.95291140e+01,-1.77571988e+01,-1.59852835e+01,-1.42133683e+01,-1.24414530e+01,-1.06695377e+01,-8.89762250e+00,-7.12570725e+00,-5.35379200e+00,-3.58187675e+00,-1.80996150e+00,-3.80462500e-02, 1.73386900e+00, 3.50578425e+00, 5.27769950e+00, 7.04961475e+00, 8.82153000e+00, 1.05934452e+01, 1.23653605e+01, 1.41372758e+01, 1.59091910e+01, 1.76811062e+01, 1.94530215e+01, 2.12249367e+01, 2.29968520e+01, 2.47687672e+01, 2.65406825e+01, 2.83125978e+01, 3.00845130e+01, 3.18564283e+01, 3.36283435e+01, 3.54002587e+01, 3.71721740e+01, 3.89440892e+01, 4.07160045e+01, 4.24879197e+01, 4.42598350e+01, 4.60317502e+01, 4.78036655e+01, 4.95755807e+01, 5.13474960e+01
sinr_dl:0.00128885,0.00526266,0.01767706,0.02437722,0.01507865,0.02545722,0.03538422,0.02444683,0.02522955,0.03623279,0.03876911,0.04720969,0.05167458,0.02225484,0.01293182,0.00672086,0.00484308,0.00472078,0.00518928,0.00490141,0.00133213,0.00133213,0.00243659,0.02209303,0.01608339,0.02277226,0.01847859,0.00952247,0.00995334,0.01037292,0.009784  ,0.00443479,0.00632573,0.00316475,0.00222962,0.00245541,0.0056051 ,0.00208286,0.00220516,0.00215248
sinr_dl_bin_edges:-7.2080016 ,-5.43641974,-3.66483787,-1.89325601,-0.12167414, 1.64990772, 3.42148959, 5.19307145, 6.96465332, 8.73623518,10.50781705,12.27939891,14.05098078,15.82256265,17.59414451,19.36572637,21.13730824,22.90889011,24.68047197,26.45205383,28.2236357 ,29.99521757,31.76679943,33.53838129,35.30996316,37.08154502,38.85312689,40.62470875,42.39629062,44.16787248,45.93945435,47.71103621,49.48261808,51.25419994,53.02578181,54.79736367,56.56894554,58.3405274 ,60.11210927,61.88369113,63.655273  
rsrp_ul:0.00128885,0.00558441,0.01920487,0.02298488,0.01541733,0.02592949,0.03506059,0.02430948,0.0255814 ,0.03754987,0.03790924,0.04773652,0.05034057,0.02205352,0.01272108,0.00655716,0.00478475,0.0047189 ,0.00520998,0.00475653,0.00133213,0.00133213,0.00291827,0.02207609,0.01649357,0.02286822,0.01783887,0.00937006,0.01015655,0.01042937,0.00940581,0.00455332,0.00620908,0.00316663,0.00219199,0.00290133,0.0051573 ,0.00208474,0.00220893,0.00207346
rsrp_ul_bin_edges:-137.2791    ,-135.50751812,-133.73593625,-131.96435437,-130.1927725 ,-128.42119063,-126.64960875,-124.87802688,-123.106445  ,-121.33486312,-119.56328125,-117.79169938,-116.0201175 ,-114.24853563,-112.47695375,-110.70537187,-108.93379   ,-107.16220813,-105.39062625,-103.61904438,-101.8474625 ,-100.07588062, -98.30429875, -96.53271688, -94.761135  , -92.98955313, -91.21797125, -89.44638937, -87.6748075 , -85.90322563, -84.13164375, -82.36006187, -80.58848   , -78.81689812, -77.04531625, -75.27373438, -73.5021525 , -71.73057062, -69.95898875, -68.18740687, -66.415825  
rsrp_dl:0.00128885,0.00558441,0.01920487,0.02298488,0.01541733,0.02592949,0.0350606 ,0.02430948,0.0255814 ,0.03754987,0.03790925,0.04773652,0.05034057,0.02205352,0.01272108,0.00655716,0.00478475,0.0047189 ,0.00520998,0.00475653,0.00133213,0.00133213,0.00291827,0.0220761 ,0.01649357,0.02286822,0.01783887,0.00937006,0.01015655,0.01042937,0.00940581,0.00455332,0.00620908,0.00316663,0.00219199,0.00290133,0.0051573 ,0.00208475,0.00220893,0.00207346
rsrp_dl_bin_edges:-131.2585    ,-129.48691825,-127.7153365 ,-125.94375475,-124.172173  ,-122.40059125,-120.6290095 ,-118.85742775,-117.085846  ,-115.31426425,-113.5426825 ,-111.77110075,-109.999519  ,-108.22793725,-106.4563555 ,-104.68477375,-102.913192  ,-101.14161025, -99.3700285 , -97.59844675, -95.826865  , -94.05528325, -92.2837015 , -90.51211975, -88.740538  , -86.96895625, -85.1973745 , -83.42579275, -81.654211  , -79.88262925, -78.1110475 , -76.33946575, -74.567884  , -72.79630225, -71.0247205 , -69.25313875, -67.481557  , -65.70997525, -63.9383935 , -62.16681175, -60.39523   
cqi_ul:1.58451749,0.        ,0.23160657,0.        ,0.        ,0.06375047,0.        ,0.        ,0.04521733,0.        ,0.01387542,0.        ,0.        ,0.00679993,0.        ,0.        ,0.00415996,0.        ,0.07130595,0.        ,0.        ,0.07847033,0.        ,0.        ,0.08097697,0.        ,0.13966083,0.        ,0.        ,0.03756407,0.        ,0.        ,0.04839952,0.        ,0.06371492,0.        ,0.        ,0.04697731,0.        ,0.14966961
cqi_ul_bin_edges: 0.   , 0.375, 0.75 , 1.125, 1.5  , 1.875, 2.25 , 2.625, 3.   , 3.375, 3.75 , 4.125, 4.5  , 4.875, 5.25 , 5.625, 6.   , 6.375, 6.75 , 7.125, 7.5  , 7.875, 8.25 , 8.625, 9.   , 9.375, 9.75 ,10.125,10.5  ,10.875,11.25 ,11.625,12.   ,12.375,12.75 ,13.125,13.5  ,13.875,14.25 ,14.625,15.   
cqi_dl:0.3878539 ,0.        ,0.33464554,0.        ,0.        ,0.41969358,0.        ,0.        ,0.4066626 ,0.        ,0.16552723,0.        ,0.        ,0.08049697,0.        ,0.        ,0.02890638,0.        ,0.03106636,0.        ,0.        ,0.02390198,0.        ,0.        ,0.02616863,0.        ,0.0266664 ,0.        ,0.        ,0.00699549,0.        ,0.        ,0.00732437,0.        ,0.00854214,0.        ,0.        ,0.09021243,0.        ,0.62200267
cqi_dl_bin_edges: 0.   , 0.375, 0.75 , 1.125, 1.5  , 1.875, 2.25 , 2.625, 3.   , 3.375, 3.75 , 4.125, 4.5  , 4.875, 5.25 , 5.625, 6.   , 6.375, 6.75 , 7.125, 7.5  , 7.875, 8.25 , 8.625, 9.   , 9.375, 9.75 ,10.125,10.5  ,10.875,11.25 ,11.625,12.   ,12.375,12.75 ,13.125,13.5  ,13.875,14.25 ,14.625,15.   
mcs_ul:0.9729236 ,0.02010932,0.01404272,0.        ,0.01253797,0.0116856 ,0.        ,0.00568566,0.0017476 ,0.        ,0.00186665,0.00177617,0.00113808,0.        ,0.00109047,0.00336663,0.        ,0.03483299,0.02328072,0.        ,0.01875696,0.0264664 ,0.01691412,0.        ,0.05400422,0.02081408,0.        ,0.00997133,0.01014752,0.        ,0.01254749,0.01338558,0.0188141 ,0.        ,0.01531889,0.01414272,0.        ,0.0110237 ,0.        ,0.08018015
mcs_ul_bin_edges: 0. , 0.7, 1.4, 2.1, 2.8, 3.5, 4.2, 4.9, 5.6, 6.3, 7. , 7.7, 8.4, 9.1, 9.8,10.5,11.2,11.9,12.6,13.3,14. ,14.7,15.4,16.1,16.8,17.5,18.2,18.9,19.6,20.3,21. ,21.7,22.4,23.1,23.8,24.5,25.2,25.9,26.6,27.3,28. 
mcs_dl:0.38705327,0.08688961,0.13794624,0.        ,0.09608952,0.12176545,0.        ,0.05789942,0.03077588,0.        ,0.02697592,0.01614746,0.00991419,0.        ,0.00557137,0.0094761 ,0.        ,0.0071666 ,0.00638089,0.        ,0.00642375,0.00671422,0.00730469,0.        ,0.00709993,0.00718564,0.        ,0.00246188,0.0012857 ,0.        ,0.00197141,0.00195236,0.00199046,0.        ,0.00258569,0.02480928,0.        ,0.02351881,0.        ,0.33321572
mcs_dl_bin_edges: 0. , 0.7, 1.4, 2.1, 2.8, 3.5, 4.2, 4.9, 5.6, 6.3, 7. , 7.7, 8.4, 9.1, 9.8,10.5,11.2,11.9,12.6,13.3,14. ,14.7,15.4,16.1,16.8,17.5,18.2,18.9,19.6,20.3,21. ,21.7,22.4,23.1,23.8,24.5,25.2,25.9,26.6,27.3,28. 
eff_ul:3.20912768,0.46907344,0.07602461,0.05308941,0.04740061,0.        ,0.04417816,0.021495  ,0.        ,0.00660692,0.00705698,0.00671494,0.0043026 ,0.00412258,0.01272778,0.        ,0.13168837,0.08801428,0.        ,0.07091189,0.        ,0.10005796,0.06394492,0.        ,0.20416648,0.        ,0.07868898,0.03769726,0.03836335,0.04743662,0.        ,0.05060506,0.        ,0.07112792,0.        ,0.05791408,0.        ,0.05346746,0.04167581,0.30312629
eff_ul_bin_edges:0.       ,0.1851575,0.370315 ,0.5554725,0.74063  ,0.9257875,1.110945 ,1.2961025,1.48126  ,1.6664175,1.851575 ,2.0367325,2.22189  ,2.4070475,2.592205 ,2.7773625,2.96252  ,3.1476775,3.332835 ,3.5179925,3.70315  ,3.8883075,4.073465 ,4.2586225,4.44378  ,4.6289375,4.814095 ,4.9992525,5.18441  ,5.3695675,5.554725 ,5.7398825,5.92504  ,6.1101975,6.295355 ,6.4805125,6.66567  ,6.8508275,7.035985 ,7.2211425,7.4063   
eff_dl:0.78552158,0.67775855,0.32849183,0.52151475,0.36327268,0.        ,0.46034222,0.21889254,0.        ,0.11635023,0.10198423,0.06104652,0.03748123,0.02106294,0.035825  ,0.        ,0.02709378,0.02412337,0.        ,0.02428539,0.        ,0.02538354,0.02761585,0.        ,0.02684174,0.        ,0.02716579,0.0093073 ,0.00486068,0.00745304,0.        ,0.00738103,0.        ,0.00752505,0.        ,0.00977536,0.        ,0.09379308,0.0889144 ,1.25974374
eff_dl_bin_edges:0.       ,0.1851575,0.370315 ,0.5554725,0.74063  ,0.9257875,1.110945 ,1.2961025,1.48126  ,1.6664175,1.851575 ,2.0367325,2.22189  ,2.4070475,2.592205 ,2.7773625,2.96252  ,3.1476775,3.332835 ,3.5179925,3.70315  ,3.8883075,4.073465 ,4.2586225,4.44378  ,4.6289375,4.814095 ,4.9992525,5.18441  ,5.3695675,5.554725 ,5.7398825,5.92504  ,6.1101975,6.295355 ,6.4805125,6.66567  ,6.8508275,7.035985 ,7.2211425,7.4063   
rul:7.22868344e+00,2.01627482e+00,1.42934475e+00,2.57619168e-04,2.15995271e-01,0.00000000e+00,8.39102432e-03,3.68027382e-05,3.68027382e-05,0.00000000e+00,7.36054765e-05,3.68027382e-05,7.87578598e-03,9.20068456e-04,0.00000000e+00,1.47210953e-04,1.10408215e-04,1.33961967e-02,2.25968813e-02,2.35537525e-03,8.18124871e-02,0.00000000e+00,0.00000000e+00,0.00000000e+00,2.20816429e-04,0.00000000e+00,7.36054765e-05,0.00000000e+00,0.00000000e+00,0.00000000e+00,0.00000000e+00,0.00000000e+00,0.00000000e+00,0.00000000e+00,3.68027382e-05,7.36054765e-04,1.47210953e-04,8.46462980e-04,2.94421906e-04,1.02311612e-02
rul_bin_edges:0.        ,0.09057207,0.18114413,0.27171619,0.36228826,0.45286033,0.54343239,0.63400446,0.72457652,0.81514859,0.90572065,0.99629272,1.08686478,1.17743685,1.26800891,1.35858098,1.44915304,1.53972511,1.63029717,1.72086924,1.8114413 ,1.90201337,1.99258543,2.0831575 ,2.17372956,2.26430163,2.35487369,2.44544576,2.53601782,2.62658989,2.71716195,2.80773402,2.89830608,2.98887815,3.07945021,3.17002228,3.26059434,3.35116641,3.44173847,3.53231054,3.6228826 
rdl:2.95017360e+00,4.94282228e+00,3.38033343e+00,0.00000000e+00,4.18821186e-01,2.36221763e-04,5.86617378e-03,7.87405876e-05,0.00000000e+00,1.18110881e-04,7.87405876e-05,3.34647497e-03,2.59843939e-03,1.33858999e-03,0.00000000e+00,0.00000000e+00,3.26773439e-03,1.12599040e-02,2.27954001e-02,5.38191916e-02,0.00000000e+00,0.00000000e+00,0.00000000e+00,1.18110881e-04,9.44887051e-04,1.96851469e-04,0.00000000e+00,0.00000000e+00,0.00000000e+00,0.00000000e+00,0.00000000e+00,0.00000000e+00,3.14962350e-04,3.93702938e-05,7.87405876e-05,1.57481175e-03,3.14962350e-04,2.71655027e-03,4.01576997e-03,3.93702938e-03
rdl_bin_edges:0.        ,0.08466536,0.16933072,0.25399607,0.33866143,0.42332679,0.50799215,0.5926575 ,0.67732286,0.76198822,0.84665358,0.93131893,1.01598429,1.10064965,1.18531501,1.26998036,1.35464572,1.43931108,1.52397644,1.60864179,1.69330715,1.77797251,1.86263787,1.94730322,2.03196858,2.11663394,2.2012993 ,2.28596465,2.37063001,2.45529537,2.53996073,2.62462608,2.70929144,2.7939568 ,2.87862216,2.96328751,3.04795287,3.13261823,3.21728359,3.30194894,3.3866143 
lul:2347.75682258,   0.        ,   0.        ,   0.        ,   0.        ,   0.        ,   0.        ,   0.        ,   0.        ,   0.        ,   0.        ,   0.        ,   0.        ,   0.        ,   0.        ,   0.        ,   0.        ,   0.        ,   0.        ,   0.        ,   0.        ,   0.        ,   0.        ,   0.        ,   0.        ,   0.        ,   0.        ,   0.        ,   0.        ,   0.        ,   0.        ,   0.        ,   0.        ,   0.        ,   0.        , 718.37138763,  26.39301436, 208.56947871,   7.9394594 , 283.52132847
lul_bin_edges:0.        ,0.00027835,0.00055671,0.00083506,0.00111341,0.00139177,0.00167012,0.00194848,0.00222683,0.00250518,0.00278354,0.00306189,0.00334024,0.0036186 ,0.00389695,0.00417531,0.00445366,0.00473201,0.00501037,0.00528872,0.00556707,0.00584543,0.00612378,0.00640214,0.00668049,0.00695884,0.0072372 ,0.00751555,0.0077939 ,0.00807226,0.00835061,0.00862896,0.00890732,0.00918567,0.00946403,0.00974238,0.01002073,0.01029909,0.01057744,0.01085579,0.01113415
ldl: 895.73388112,   0.        ,   0.        ,   0.        ,   0.        ,   0.        ,   0.        ,   0.        ,   0.        ,   0.        ,   0.        ,   0.        ,   0.        ,   0.        ,   0.        ,   0.        ,   0.        ,   0.        ,   0.        ,   0.        ,   0.        ,   0.        ,   0.        ,   0.        ,   0.        ,   0.        ,   0.        ,   0.        ,   0.        ,   0.        ,   0.        ,   0.        ,   0.        ,   0.        ,   0.        ,1746.86069396,  56.06719293, 365.2750077 ,  15.232266  , 513.38244943
ldl_bin_edges:0.        ,0.00027835,0.00055671,0.00083506,0.00111341,0.00139177,0.00167012,0.00194848,0.00222683,0.00250518,0.00278354,0.00306189,0.00334024,0.0036186 ,0.00389695,0.00417531,0.00445366,0.00473201,0.00501037,0.00528872,0.00556707,0.00584543,0.00612378,0.00640214,0.00668049,0.00695884,0.0072372 ,0.00751555,0.0077939 ,0.00807226,0.00835061,0.00862896,0.00890732,0.00918567,0.00946403,0.00974238,0.01002073,0.01029909,0.01057744,0.01085579,0.01113415
ilul:1.63037851e+00,3.78535566e-03,1.70313535e-03,4.39518800e-04,0.00000000e+00,0.00000000e+00,0.00000000e+00,0.00000000e+00,0.00000000e+00,0.00000000e+00,0.00000000e+00,0.00000000e+00,1.09879700e-04,3.35133085e-04,6.09832334e-04,7.08724064e-04,7.03230079e-04,7.08724064e-04,7.14218049e-04,7.41687974e-04,8.62555644e-04,1.02737519e-03,7.80145869e-04,5.43904515e-04,5.65880454e-04,7.25206019e-04,7.30700004e-04,5.32916545e-04,1.26361655e-04,0.00000000e+00,0.00000000e+00,0.00000000e+00,0.00000000e+00,0.00000000e+00,0.00000000e+00,0.00000000e+00,2.80193235e-04,3.68096995e-04,3.68096995e-04,3.62603010e-04
ilul_bin_edges: 0.        , 0.60671808, 1.21343615, 1.82015423, 2.4268723 , 3.03359038, 3.64030845, 4.24702653, 4.8537446 , 5.46046268, 6.06718075, 6.67389883, 7.2806169 , 7.88733498, 8.49405305, 9.10077113, 9.7074892 ,10.31420728,10.92092535,11.52764343,12.1343615 ,12.74107958,13.34779765,13.95451573,14.5612338 ,15.16795188,15.77466995,16.38138803,16.9881061 ,17.59482418,18.20154225,18.80826033,19.4149784 ,20.02169648,20.62841455,21.23513263,21.8418507 ,22.44856878,23.05528685,23.66200493,24.268723  
ildl:8.31833815e+00,5.37414590e-03,4.87031972e-03,4.67438732e-03,4.39448389e-03,4.59041629e-03,4.84232938e-03,4.31051286e-03,3.66673496e-03,2.99496673e-03,2.74305364e-03,2.68707295e-03,2.60310192e-03,2.49114055e-03,2.37917918e-03,2.23922746e-03,2.04329506e-03,1.45549785e-03,1.45549785e-03,1.17559442e-03,1.28755579e-03,1.09162339e-03,1.20358476e-03,1.09162339e-03,1.20358476e-03,1.23157510e-03,1.14760407e-03,1.17559442e-03,1.06363304e-03,1.03564270e-03,1.00765236e-03,8.11719954e-04,8.11719954e-04,7.55739267e-04,6.15787551e-04,6.71768238e-04,4.19855149e-04,4.19855149e-04,3.91864805e-04,4.19855149e-04
ildl_bin_edges:0.       ,0.1190875,0.238175 ,0.3572625,0.47635  ,0.5954375,0.714525 ,0.8336125,0.9527   ,1.0717875,1.190875 ,1.3099625,1.42905  ,1.5481375,1.667225 ,1.7863125,1.9054   ,2.0244875,2.143575 ,2.2626625,2.38175  ,2.5008375,2.619925 ,2.7390125,2.8581   ,2.9771875,3.096275 ,3.2153625,3.33445  ,3.4535375,3.572625 ,3.6917125,3.8108   ,3.9298875,4.048975 ,4.1680625,4.28715  ,4.4062375,4.525325 ,4.6444125,4.7635   
eul: 0., 0., 0., 0., 0., 0., 0., 0., 0., 0., 0., 0., 0., 0., 0., 0., 0., 0., 0., 0.,40., 0., 0., 0., 0., 0., 0., 0., 0., 0., 0., 0., 0., 0., 0., 0., 0., 0., 0., 0.
eul_bin_edges:-0.5  ,-0.475,-0.45 ,-0.425,-0.4  ,-0.375,-0.35 ,-0.325,-0.3  ,-0.275,-0.25 ,-0.225,-0.2  ,-0.175,-0.15 ,-0.125,-0.1  ,-0.075,-0.05 ,-0.025, 0.   , 0.025, 0.05 , 0.075, 0.1  , 0.125, 0.15 , 0.175, 0.2  , 0.225, 0.25 , 0.275, 0.3  , 0.325, 0.35 , 0.375, 0.4  , 0.425, 0.45 , 0.475, 0.5  
edl: 0., 0., 0., 0., 0., 0., 0., 0., 0., 0., 0., 0., 0., 0., 0., 0., 0., 0., 0., 0.,40., 0., 0., 0., 0., 0., 0., 0., 0., 0., 0., 0., 0., 0., 0., 0., 0., 0., 0., 0.
edl_bin_edges:-0.5  ,-0.475,-0.45 ,-0.425,-0.4  ,-0.375,-0.35 ,-0.325,-0.3  ,-0.275,-0.25 ,-0.225,-0.2  ,-0.175,-0.15 ,-0.125,-0.1  ,-0.075,-0.05 ,-0.025, 0.   , 0.025, 0.05 , 0.075, 0.1  , 0.125, 0.15 , 0.175, 0.2  , 0.225, 0.25 , 0.275, 0.3  , 0.325, 0.35 , 0.375, 0.4  , 0.425, 0.45 , 0.475, 0.5  
gul:1.20771739e-03,0.00000000e+00,0.00000000e+00,8.05144928e-04,8.05144928e-04,8.05144928e-04,0.00000000e+00,4.02572464e-04,4.42829710e-03,9.17865217e-02,7.18591848e-01,2.45327659e+00,7.63792684e+01,7.32681884e-01,1.18356304e-01,1.20771739e-02,0.00000000e+00,2.01286232e-03,1.85183333e-02,2.89852174e-02,8.29299275e-02,2.76969855e-01,3.86469565e-02,1.18799134e+00,3.81381049e+01,5.15292754e-02,1.68677862e-01,1.97663080e-01,4.54906884e-02,1.36874638e-02,6.03858696e-03,0.00000000e+00,0.00000000e+00,0.00000000e+00,0.00000000e+00,0.00000000e+00,0.00000000e+00,4.02572464e-04,0.00000000e+00,8.05144928e-04
gul_bin_edges:0.     ,0.00828,0.01656,0.02484,0.03312,0.0414 ,0.04968,0.05796,0.06624,0.07452,0.0828 ,0.09108,0.09936,0.10764,0.11592,0.1242 ,0.13248,0.14076,0.14904,0.15732,0.1656 ,0.17388,0.18216,0.19044,0.19872,0.207  ,0.21528,0.22356,0.23184,0.24012,0.2484 ,0.25668,0.26496,0.27324,0.28152,0.2898 ,0.29808,0.30636,0.31464,0.32292,0.3312 
gdl:1.20771739e-03,0.00000000e+00,0.00000000e+00,8.05144928e-04,8.05144928e-04,8.05144928e-04,0.00000000e+00,4.02572464e-04,4.42829710e-03,9.17865217e-02,7.18591848e-01,2.45327659e+00,7.63792684e+01,7.32681884e-01,1.18356304e-01,1.20771739e-02,0.00000000e+00,2.01286232e-03,1.85183333e-02,2.89852174e-02,8.29299275e-02,2.76969855e-01,3.86469565e-02,1.18799134e+00,3.81381049e+01,5.15292754e-02,1.68677862e-01,1.97663080e-01,4.54906884e-02,1.36874638e-02,6.03858696e-03,0.00000000e+00,0.00000000e+00,0.00000000e+00,0.00000000e+00,0.00000000e+00,0.00000000e+00,4.02572464e-04,0.00000000e+00,8.05144928e-04
gdl_bin_edges:0.     ,0.00828,0.01656,0.02484,0.03312,0.0414 ,0.04968,0.05796,0.06624,0.07452,0.0828 ,0.09108,0.09936,0.10764,0.11592,0.1242 ,0.13248,0.14076,0.14904,0.15732,0.1656 ,0.17388,0.18216,0.19044,0.19872,0.207  ,0.21528,0.22356,0.23184,0.24012,0.2484 ,0.25668,0.26496,0.27324,0.28152,0.2898 ,0.29808,0.30636,0.31464,0.32292,0.3312 
ri: 0., 0., 0., 0., 0., 0., 0., 0., 0., 0., 0., 0., 0., 0., 0., 0., 0., 0., 0., 0.,40., 0., 0., 0., 0., 0., 0., 0., 0., 0., 0., 0., 0., 0., 0., 0., 0., 0., 0., 0.
ri_bin_edges:0.5  ,0.525,0.55 ,0.575,0.6  ,0.625,0.65 ,0.675,0.7  ,0.725,0.75 ,0.775,0.8  ,0.825,0.85 ,0.875,0.9  ,0.925,0.95 ,0.975,1.   ,1.025,1.05 ,1.075,1.1  ,1.125,1.15 ,1.175,1.2  ,1.225,1.25 ,1.275,1.3  ,1.325,1.35 ,1.375,1.4  ,1.425,1.45 ,1.475,1.5  
