period:1
ue_log_freq:1000
mac_log_freq:1000
mimo_layers:2
frequency:2412000000.0
bandwidth:50000000
ue_speed:5.555555555555555
max_distance:1000
shannon_cfg_bandwidth_mhz:50.0
shannon_cfg_mimo_layers:2
shannon_cfg_bw_efficiency:0.67
shannon_cfg_sinr_offset_db:0
shannon_cfg_ul_divisor:2
shannon_cfg_sinr_sample_rate:1000
n_ue:3
sinr_period:9.463597741343282
sinr_rate:105.66805852612856
ul_fairness:0.9909344664304052
dl_fairness:0.9948671015166796
ul_agg_throughput:1.6946798887255121
dl_agg_throughput:1.4545346676976996
ul_ave_throughput:0.5648932962418374
dl_ave_throughput:0.4848448892325665
ul_se:0.033893597774510245
dl_se:0.02909069335395399
ul_ase:1.0788667249963537e-08
dl_ase:9.25985529050465e-09
ul_gr:0.09999892245511544, 0.09999892245511544, 0.1971158647900521
dl_gr:0.09999892245511544, 0.09999892245511544, 0.19999784396986034
ul_tr:0.045852386691893086, 0.047504373266117346, 0.09230507375356248
dl_tr:0.07237920007867919, 0.07541814633070669, 0.15622628472245279
ul_er:0.0, 0.0, 0.002879969199908001
dl_er:0.0, 0.0, 0.0
ul_er_ratio:0.0, 0.0, 0.03025653096900763
dl_er_ratio:0.0, 0.0, 0.0
ul_er_perc:0.0, 0.0, 3.025653096900763
dl_er_perc:0.0, 0.0, 0.0
ul_l:0.002414116861331387, 0.00250354292493075, 0.0025094305030699694
dl_l:0.004844065642548573, 0.005036539862606374, 0.005147695989785102
ul_il:0.006869111852896472, 0.007820619591229087, 0.012599064500634995
dl_il:0.008253223037714622, 0.00883761788174618, 0.013895715377106231
sinr_ul:0.00310394,0.00653877,0.13152181,0.02617389,0.01541443,0.02100754,0.0287157 ,0.01947907,0.01859734,0.0258806 ,0.02985876,0.03479762,0.03994893,0.01693914,0.00990028,0.00520583,0.00368299,0.00354199,0.00386912,0.00378452,0.00100206,0.00100206,0.00167135,0.01645973,0.0117446 ,0.01704818,0.01415481,0.00717986,0.00736787,0.00778336,0.00756339,0.00326563,0.00482982,0.00238577,0.00168827,0.00161119,0.00443689,0.00156607,0.00164879,0.00164503
sinr_ul_bin_edges:-19.983643  ,-18.21064685,-16.4376507 ,-14.66465455,-12.8916584 ,-11.11866225, -9.3456661 , -7.57266995, -5.7996738 , -4.02667765, -2.2536815 , -0.48068535,  1.2923108 ,  3.06530695,  4.8383031 ,  6.61129925,  8.3842954 , 10.15729155, 11.9302877 , 13.70328385, 15.47628   , 17.24927615, 19.0222723 , 20.79526845, 22.5682646 , 24.34126075, 26.1142569 , 27.88725305, 29.6602492 , 31.43324535, 33.2062415 , 34.97923765, 36.7522338 , 38.52522995, 40.2982261 , 42.07122225, 43.8442184 , 45.61721455, 47.3902107 , 49.16320685, 50.936203  
sinr_dl:0.00312244,0.00657594,0.13168626,0.0260931 ,0.01540155,0.02105581,0.02870391,0.01948142,0.01860111,0.02588055,0.02986448,0.03479644,0.03996917,0.01693832,0.0099053 ,0.00522351,0.0036811 ,0.0035419 ,0.00386167,0.0037996 ,0.00100821,0.00099881,0.0016421 ,0.01643233,0.01166214,0.01704365,0.01427484,0.00720043,0.00733398,0.00777225,0.00763494,0.00324471,0.00485484,0.00238698,0.00169853,0.00160637,0.0044429 ,0.0015631 ,0.00165151,0.00166656
sinr_dl_bin_edges:-10.385899  , -8.61380065, -6.8417023 , -5.06960395, -3.2975056 , -1.52540725,  0.2466911 ,  2.01878945,  3.7908878 ,  5.56298615,  7.3350845 ,  9.10718285, 10.8792812 , 12.65137955, 14.4234779 , 16.19557625, 17.9676746 , 19.73977295, 21.5118713 , 23.28396965, 25.056068  , 26.82816635, 28.6002647 , 30.37236305, 32.1444614 , 33.91655975, 35.6886581 , 37.46075645, 39.2328548 , 41.00495315, 42.7770515 , 44.54914985, 46.3212482 , 48.09334655, 49.8654449 , 51.63754325, 53.4096416 , 55.18173995, 56.9538383 , 58.72593665, 60.498035  
rsrp_ul:0.00305591,0.00639561,0.13112601,0.02651463,0.01544682,0.02084259,0.02873609,0.01945371,0.01861738,0.02565198,0.03015692,0.03452841,0.04021361,0.01697854,0.00993265,0.00524918,0.00369303,0.00353892,0.00386405,0.00380579,0.00100548,0.00100172,0.00163884,0.01642411,0.01167674,0.01704807,0.014244  ,0.00718496,0.00735035,0.00777885,0.00759091,0.00325889,0.00483759,0.00238684,0.00169146,0.00160877,0.00443727,0.00156554,0.00165012,0.00164448
rsrp_ul_bin_edges:-137.30489   ,-135.53129575,-133.7577015 ,-131.98410725,-130.210513  ,-128.43691875,-126.6633245 ,-124.88973025,-123.116136  ,-121.34254175,-119.5689475 ,-117.79535325,-116.021759  ,-114.24816475,-112.4745705 ,-110.70097625,-108.927382  ,-107.15378775,-105.3801935 ,-103.60659925,-101.833005  ,-100.05941075, -98.2858165 , -96.51222225, -94.738628  , -92.96503375, -91.1914395 , -89.41784525, -87.644251  , -85.87065675, -84.0970625 , -82.32346825, -80.549874  , -78.77627975, -77.0026855 , -75.22909125, -73.455497  , -71.68190275, -69.9083085 , -68.13471425, -66.36112   
rsrp_dl:0.00305591,0.00639561,0.13112602,0.02651463,0.01544682,0.02084259,0.02873609,0.01945183,0.01861926,0.02565011,0.0301588 ,0.03452841,0.04021361,0.01697854,0.00993265,0.00524918,0.00369303,0.00353892,0.00386405,0.00380579,0.00100548,0.00100172,0.00163884,0.01642411,0.01167674,0.01704807,0.014244  ,0.00718496,0.00735035,0.00777885,0.00759091,0.00325889,0.00483759,0.00238684,0.00169146,0.00160877,0.00443727,0.00156554,0.00165012,0.00164448
rsrp_dl_bin_edges:-131.10701  ,-129.3334158,-127.5598216,-125.7862274,-124.0126332,-122.239039 ,-120.4654448,-118.6918506,-116.9182564,-115.1446622,-113.371068 ,-111.5974738,-109.8238796,-108.0502854,-106.2766912,-104.503097 ,-102.7295028,-100.9559086, -99.1823144, -97.4087202, -95.635126 , -93.8615318, -92.0879376, -90.3143434, -88.5407492, -86.767155 , -84.9935608, -83.2199666, -81.4463724, -79.6727782, -77.899184 , -76.1255898, -74.3519956, -72.5784014, -70.8048072, -69.031213 , -67.2576188, -65.4840246, -63.7104304, -61.9368362, -60.163242 
cqi_ul:1.89263885,0.        ,0.14092304,0.        ,0.        ,0.04655953,0.        ,0.        ,0.03442632,0.        ,0.00735993,0.        ,0.        ,0.00512884,0.        ,0.        ,0.00311997,0.        ,0.06905709,0.        ,0.        ,0.04831063,0.        ,0.        ,0.09132353,0.        ,0.07561702,0.        ,0.        ,0.02789305,0.        ,0.        ,0.03746629,0.        ,0.04469289,0.        ,0.        ,0.03193746,0.        ,0.11021223
cqi_ul_bin_edges: 0.   , 0.375, 0.75 , 1.125, 1.5  , 1.875, 2.25 , 2.625, 3.   , 3.375, 3.75 , 4.125, 4.5  , 4.875, 5.25 , 5.625, 6.   , 6.375, 6.75 , 7.125, 7.5  , 7.875, 8.25 , 8.625, 9.   , 9.375, 9.75 ,10.125,10.5  ,10.875,11.25 ,11.625,12.   ,12.375,12.75 ,13.125,13.5  ,13.875,14.25 ,14.625,15.   
cqi_dl:1.14692186,0.        ,0.24843307,0.        ,0.        ,0.41212032,0.        ,0.        ,0.18885144,0.        ,0.03827517,0.        ,0.        ,0.02219533,0.        ,0.        ,0.01104878,0.        ,0.01917314,0.        ,0.        ,0.02047091,0.        ,0.        ,0.01284432,0.        ,0.00495995,0.        ,0.        ,0.00362663,0.        ,0.        ,0.04915506,0.        ,0.06622156,0.        ,0.        ,0.04766175,0.        ,0.37470736
cqi_dl_bin_edges: 0.   , 0.375, 0.75 , 1.125, 1.5  , 1.875, 2.25 , 2.625, 3.   , 3.375, 3.75 , 4.125, 4.5  , 4.875, 5.25 , 5.625, 6.   , 6.375, 6.75 , 7.125, 7.5  , 7.875, 8.25 , 8.625, 9.   , 9.375, 9.75 ,10.125,10.5  ,10.875,11.25 ,11.625,12.   ,12.375,12.75 ,13.125,13.5  ,13.875,14.25 ,14.625,15.   
mcs_ul:1.08940815e+00,1.44046179e-02,1.05379899e-02,0.00000000e+00,9.69037929e-03,8.75229343e-03,0.00000000e+00,2.62378329e-03,1.31903443e-03,0.00000000e+00,1.39998600e-03,1.34760557e-03,8.57134286e-04,0.00000000e+00,8.14277572e-04,1.00760897e-02,0.00000000e+00,2.69187784e-02,1.43712849e-02,0.00000000e+00,1.15094087e-02,2.05474136e-02,2.83759067e-02,0.00000000e+00,2.87806646e-02,1.17284541e-02,0.00000000e+00,7.39516414e-03,7.54278172e-03,0.00000000e+00,7.74754157e-03,1.23284481e-02,1.77045849e-02,0.00000000e+00,6.23803286e-03,1.46855674e-02,0.00000000e+00,2.42378529e-03,0.00000000e+00,5.90422667e-02
mcs_ul_bin_edges: 0. , 0.7, 1.4, 2.1, 2.8, 3.5, 4.2, 4.9, 5.6, 6.3, 7. , 7.7, 8.4, 9.1, 9.8,10.5,11.2,11.9,12.6,13.3,14. ,14.7,15.4,16.1,16.8,17.5,18.2,18.9,19.6,20.3,21. ,21.7,22.4,23.1,23.8,24.5,25.2,25.9,26.6,27.3,28. 
mcs_dl:0.74751157,0.10277992,0.11799882,0.        ,0.06965645,0.03151397,0.        ,0.01214274,0.00836182,0.        ,0.00672374,0.00516662,0.00301902,0.        ,0.00289997,0.00526661,0.        ,0.00500471,0.00543804,0.        ,0.00552852,0.00547614,0.00140475,0.        ,0.0013238 ,0.00133332,0.        ,0.00095713,0.0009857 ,0.        ,0.00175236,0.02458071,0.02041884,0.        ,0.01505699,0.0173903 ,0.        ,0.00814278,0.        ,0.20073609
mcs_dl_bin_edges: 0. , 0.7, 1.4, 2.1, 2.8, 3.5, 4.2, 4.9, 5.6, 6.3, 7. , 7.7, 8.4, 9.1, 9.8,10.5,11.2,11.9,12.6,13.3,14. ,14.7,15.4,16.1,16.8,17.5,18.2,18.9,19.6,20.3,21. ,21.7,22.4,23.1,23.8,24.5,25.2,25.9,26.6,27.3,28. 
eff_ul:3.83316673e+00,2.85411815e-01,5.44575969e-02,3.98395577e-02,3.66351107e-02,0.00000000e+00,3.30886159e-02,9.91938377e-03,0.00000000e+00,4.98669565e-03,5.29273834e-03,5.09471072e-03,3.24045205e-03,3.07842945e-03,3.80933141e-02,0.00000000e+00,1.01768197e-01,5.43315793e-02,0.00000000e+00,4.35120700e-02,0.00000000e+00,7.76808366e-02,1.07276965e-01,0.00000000e+00,1.08807179e-01,0.00000000e+00,4.43401855e-02,2.79579002e-02,2.85159780e-02,2.92900860e-02,0.00000000e+00,4.66085020e-02,0.00000000e+00,6.69333373e-02,0.00000000e+00,2.35832899e-02,0.00000000e+00,5.55197451e-02,9.16327829e-03,2.23213139e-01
eff_ul_bin_edges:0.       ,0.1851575,0.370315 ,0.5554725,0.74063  ,0.9257875,1.110945 ,1.2961025,1.48126  ,1.6664175,1.851575 ,2.0367325,2.22189  ,2.4070475,2.592205 ,2.7773625,2.96252  ,3.1476775,3.332835 ,3.5179925,3.70315  ,3.8883075,4.073465 ,4.2586225,4.44378  ,4.6289375,4.814095 ,4.9992525,5.18441  ,5.3695675,5.554725 ,5.7398825,5.92504  ,6.1101975,6.295355 ,6.4805125,6.66567  ,6.8508275,7.035985 ,7.2211425,7.4063   
eff_dl:2.32286404,0.50315219,0.38856621,0.44610223,0.26334074,0.        ,0.11914062,0.0459064 ,0.        ,0.03161241,0.02541955,0.01953272,0.01141359,0.01096353,0.01991078,0.        ,0.01892064,0.02055887,0.        ,0.02090092,0.        ,0.02070289,0.00531074,0.        ,0.0050047 ,0.        ,0.0050407 ,0.0036185 ,0.00372652,0.00662492,0.        ,0.09292896,0.        ,0.07719477,0.        ,0.05692394,0.        ,0.06574517,0.03078429,0.75889587
eff_dl_bin_edges:0.       ,0.1851575,0.370315 ,0.5554725,0.74063  ,0.9257875,1.110945 ,1.2961025,1.48126  ,1.6664175,1.851575 ,2.0367325,2.22189  ,2.4070475,2.592205 ,2.7773625,2.96252  ,3.1476775,3.332835 ,3.5179925,3.70315  ,3.8883075,4.073465 ,4.2586225,4.44378  ,4.6289375,4.814095 ,4.9992525,5.18441  ,5.3695675,5.554725 ,5.7398825,5.92504  ,6.1101975,6.295355 ,6.4805125,6.66567  ,6.8508275,7.035985 ,7.2211425,7.4063   
rul:1.43546300e+00,0.00000000e+00,4.79204876e-06,0.00000000e+00,4.79204876e-06,4.79204876e-06,9.58409752e-06,9.58409752e-06,4.79204876e-06,0.00000000e+00,4.79204876e-06,4.79204876e-06,9.58409752e-06,0.00000000e+00,4.79204876e-06,0.00000000e+00,4.79204876e-06,0.00000000e+00,0.00000000e+00,3.73779803e-04,1.43761463e-03,0.00000000e+00,0.00000000e+00,0.00000000e+00,0.00000000e+00,0.00000000e+00,0.00000000e+00,4.79204876e-06,0.00000000e+00,0.00000000e+00,0.00000000e+00,0.00000000e+00,0.00000000e+00,0.00000000e+00,0.00000000e+00,0.00000000e+00,0.00000000e+00,0.00000000e+00,4.79204876e-06,2.77938828e-04
rul_bin_edges: 0.        , 0.69558975, 1.3911795 , 2.08676925, 2.782359  , 3.47794875, 4.1735385 , 4.86912825, 5.564718  , 6.26030775, 6.9558975 , 7.65148725, 8.347077  , 9.04266675, 9.7382565 ,10.43384625,11.129436  ,11.82502575,12.5206155 ,13.21620525,13.911795  ,14.60738475,15.3029745 ,15.99856425,16.694154  ,17.38974375,18.0853335 ,18.78092325,19.476513  ,20.17210275,20.8676925 ,21.56328225,22.258872  ,22.95446175,23.6500515 ,24.34564125,25.041231  ,25.73682075,26.4324105 ,27.12800025,27.82359   
rdl:1.53526553e+00,5.12638623e-06,5.12638623e-06,1.53791587e-05,0.00000000e+00,5.12638623e-06,0.00000000e+00,5.12638623e-06,0.00000000e+00,0.00000000e+00,0.00000000e+00,1.53791587e-05,5.12638623e-06,0.00000000e+00,0.00000000e+00,5.12638623e-06,0.00000000e+00,5.12638623e-06,5.12638623e-06,8.61232887e-04,1.36874512e-03,0.00000000e+00,5.12638623e-06,0.00000000e+00,0.00000000e+00,0.00000000e+00,0.00000000e+00,0.00000000e+00,0.00000000e+00,0.00000000e+00,0.00000000e+00,5.12638623e-06,0.00000000e+00,0.00000000e+00,0.00000000e+00,0.00000000e+00,0.00000000e+00,0.00000000e+00,0.00000000e+00,3.53720650e-04
rdl_bin_edges: 0.        , 0.65022413, 1.30044825, 1.95067238, 2.6008965 , 3.25112063, 3.90134475, 4.55156888, 5.201793  , 5.85201713, 6.50224125, 7.15246538, 7.8026895 , 8.45291363, 9.10313775, 9.75336188,10.403586  ,11.05381013,11.70403425,12.35425838,13.0044825 ,13.65470663,14.30493075,14.95515488,15.605379  ,16.25560313,16.90582725,17.55605138,18.2062755 ,18.85649963,19.50672375,20.15694788,20.807172  ,21.45739613,22.10762025,22.75784438,23.4080685 ,24.05829262,24.70851675,25.35874088,26.008965  
lul:2.76687256e+03,0.00000000e+00,0.00000000e+00,0.00000000e+00,0.00000000e+00,0.00000000e+00,0.00000000e+00,0.00000000e+00,0.00000000e+00,0.00000000e+00,0.00000000e+00,0.00000000e+00,0.00000000e+00,0.00000000e+00,0.00000000e+00,0.00000000e+00,0.00000000e+00,0.00000000e+00,0.00000000e+00,0.00000000e+00,0.00000000e+00,0.00000000e+00,0.00000000e+00,0.00000000e+00,0.00000000e+00,0.00000000e+00,0.00000000e+00,0.00000000e+00,0.00000000e+00,0.00000000e+00,0.00000000e+00,0.00000000e+00,0.00000000e+00,0.00000000e+00,0.00000000e+00,0.00000000e+00,4.08767559e+02,8.58984126e-01,1.89908082e+02,2.63139503e+02
lul_bin_edges:0.        ,0.00027552,0.00055103,0.00082655,0.00110207,0.00137758,0.0016531 ,0.00192862,0.00220413,0.00247965,0.00275517,0.00303068,0.0033062 ,0.00358171,0.00385723,0.00413275,0.00440826,0.00468378,0.0049593 ,0.00523481,0.00551033,0.00578585,0.00606136,0.00633688,0.0066124 ,0.00688791,0.00716343,0.00743895,0.00771446,0.00798998,0.0082655 ,0.00854101,0.00881653,0.00909204,0.00936756,0.00964308,0.00991859,0.01019411,0.01046963,0.01074514,0.01102066
ldl:1865.06021037,   0.        ,   0.        ,   0.        ,   0.        ,   0.        ,   0.        ,   0.        ,   0.        ,   0.        ,   0.        ,   0.        ,   0.        ,   0.        ,   0.        ,   0.        ,   0.        ,   0.        ,   0.        ,   0.        ,   0.        ,   0.        ,   0.        ,   0.        ,   0.        ,   0.        ,   0.        ,   0.        ,   0.        ,   0.        ,   0.        ,   0.        ,   0.        ,   0.        ,   0.        ,   0.        ,1076.48858573,   2.34708339, 301.60021526, 384.05059302
ldl_bin_edges:0.        ,0.00027552,0.00055103,0.00082655,0.00110207,0.00137758,0.0016531 ,0.00192862,0.00220413,0.00247965,0.00275517,0.00303068,0.0033062 ,0.00358171,0.00385723,0.00413275,0.00440826,0.00468378,0.0049593 ,0.00523481,0.00551033,0.00578585,0.00606136,0.00633688,0.0066124 ,0.00688791,0.00716343,0.00743895,0.00771446,0.00798998,0.0082655 ,0.00854101,0.00881653,0.00909204,0.00936756,0.00964308,0.00991859,0.01019411,0.01046963,0.01074514,0.01102066
ilul:3.25511054e+00,4.56325430e-04,3.69406301e-04,3.36811627e-04,2.71622280e-04,5.43244560e-05,8.69191296e-05,7.60542384e-05,9.77840208e-05,7.60542384e-05,8.69191296e-05,9.77840208e-05,1.08648912e-04,7.60542384e-05,9.77840208e-05,8.69191296e-05,8.69191296e-05,7.60542384e-05,7.60542384e-05,7.60542384e-05,8.69191296e-05,9.77840208e-05,8.69191296e-05,8.69191296e-05,7.60542384e-05,9.77840208e-05,7.60542384e-05,8.69191296e-05,7.60542384e-05,9.77840208e-05,8.69191296e-05,8.69191296e-05,8.69191296e-05,6.51893472e-05,9.77840208e-05,9.77840208e-05,8.69191296e-05,8.69191296e-05,6.51893472e-05,6.51893472e-05
ilul_bin_edges: 0.        , 0.30679552, 0.61359105, 0.92038657, 1.2271821 , 1.53397762, 1.84077315, 2.14756867, 2.4543642 , 2.76115972, 3.06795525, 3.37475077, 3.6815463 , 3.98834182, 4.29513735, 4.60193287, 4.9087284 , 5.21552392, 5.52231945, 5.82911497, 6.1359105 , 6.44270602, 6.74950155, 7.05629707, 7.3630926 , 7.66988812, 7.97668365, 8.28347917, 8.5902747 , 8.89707022, 9.20386575, 9.51066127, 9.8174568 ,10.12425232,10.43104785,10.73784337,11.0446389 ,11.35143442,11.65822995,11.96502547,12.271821  
ildl:4.22197157e+00,4.93347773e-04,4.51060821e-04,3.66486917e-04,3.24199965e-04,3.80582568e-04,3.66486917e-04,2.96008664e-04,1.97339109e-04,1.69147808e-04,1.55052157e-04,1.69147808e-04,2.11434760e-04,1.83243459e-04,1.97339109e-04,1.69147808e-04,2.11434760e-04,1.83243459e-04,1.55052157e-04,1.97339109e-04,1.83243459e-04,1.69147808e-04,1.55052157e-04,1.26860856e-04,9.86695546e-05,9.86695546e-05,9.86695546e-05,5.63826026e-05,9.86695546e-05,8.45739040e-05,8.45739040e-05,8.45739040e-05,9.86695546e-05,8.45739040e-05,8.45739040e-05,7.04782533e-05,5.63826026e-05,4.22869520e-05,5.63826026e-05,5.63826026e-05
ildl_bin_edges:0.       ,0.2364772,0.4729544,0.7094316,0.9459088,1.182386 ,1.4188632,1.6553404,1.8918176,2.1282948,2.364772 ,2.6012492,2.8377264,3.0742036,3.3106808,3.547158 ,3.7836352,4.0201124,4.2565896,4.4930668,4.729544 ,4.9660212,5.2024984,5.4389756,5.6754528,5.91193  ,6.1484072,6.3848844,6.6213616,6.8578388,7.094316 ,7.3307932,7.5672704,7.8037476,8.0402248,8.276702 ,8.5131792,8.7496564,8.9861336,9.2226108,9.459088 
eul:1.73078269e+02,0.00000000e+00,0.00000000e+00,0.00000000e+00,0.00000000e+00,0.00000000e+00,0.00000000e+00,0.00000000e+00,0.00000000e+00,0.00000000e+00,0.00000000e+00,0.00000000e+00,0.00000000e+00,0.00000000e+00,0.00000000e+00,0.00000000e+00,0.00000000e+00,0.00000000e+00,0.00000000e+00,0.00000000e+00,0.00000000e+00,0.00000000e+00,0.00000000e+00,0.00000000e+00,0.00000000e+00,0.00000000e+00,0.00000000e+00,0.00000000e+00,0.00000000e+00,0.00000000e+00,5.79704348e-04,4.63763478e-03,5.79704348e-04,6.37674783e-03,7.62311217e-01,5.50719130e-02,0.00000000e+00,3.47822609e-03,1.15940870e-03,5.79704348e-04
eul_bin_edges:0.     ,0.00575,0.0115 ,0.01725,0.023  ,0.02875,0.0345 ,0.04025,0.046  ,0.05175,0.0575 ,0.06325,0.069  ,0.07475,0.0805 ,0.08625,0.092  ,0.09775,0.1035 ,0.10925,0.115  ,0.12075,0.1265 ,0.13225,0.138  ,0.14375,0.1495 ,0.15525,0.161  ,0.16675,0.1725 ,0.17825,0.184  ,0.18975,0.1955 ,0.20125,0.207  ,0.21275,0.2185 ,0.22425,0.23   
edl: 0., 0., 0., 0., 0., 0., 0., 0., 0., 0., 0., 0., 0., 0., 0., 0., 0., 0., 0., 0.,40., 0., 0., 0., 0., 0., 0., 0., 0., 0., 0., 0., 0., 0., 0., 0., 0., 0., 0., 0.
edl_bin_edges:-0.5  ,-0.475,-0.45 ,-0.425,-0.4  ,-0.375,-0.35 ,-0.325,-0.3  ,-0.275,-0.25 ,-0.225,-0.2  ,-0.175,-0.15 ,-0.125,-0.1  ,-0.075,-0.05 ,-0.025, 0.   , 0.025, 0.05 , 0.075, 0.1  , 0.125, 0.15 , 0.175, 0.2  , 0.225, 0.25 , 0.275, 0.3  , 0.325, 0.35 , 0.375, 0.4  , 0.425, 0.45 , 0.475, 0.5  
gul:7.51488653e-01,0.00000000e+00,0.00000000e+00,0.00000000e+00,0.00000000e+00,0.00000000e+00,0.00000000e+00,0.00000000e+00,0.00000000e+00,0.00000000e+00,0.00000000e+00,1.04084301e-03,1.04084301e-03,6.14097376e-02,5.64136912e-01,1.02591732e+02,5.32911621e-01,3.23702176e-01,7.28590107e-03,0.00000000e+00,1.04084301e-03,0.00000000e+00,5.20421505e-04,0.00000000e+00,0.00000000e+00,5.20421505e-04,4.16337204e-03,2.55006537e-02,2.59169910e-01,1.87351742e-02,1.81627105e+00,4.87426782e+01,1.23860318e-01,1.36870856e-01,1.54044766e-01,5.72463656e-03,3.64295054e-03,0.00000000e+00,0.00000000e+00,5.20421505e-04
gul_bin_edges:0.        ,0.006405  ,0.01281   ,0.019215  ,0.02562   ,0.032025  ,0.03843   ,0.044835  ,0.05124   ,0.057645  ,0.06405   ,0.07045501,0.07686001,0.08326501,0.08967001,0.09607501,0.10248001,0.10888501,0.11529001,0.12169501,0.12810001,0.13450501,0.14091001,0.14731501,0.15372001,0.16012501,0.16653001,0.17293501,0.17934001,0.18574501,0.19215001,0.19855502,0.20496002,0.21136502,0.21777002,0.22417502,0.23058002,0.23698502,0.24339002,0.24979502,0.25620002
gdl:1.56126452e-03,0.00000000e+00,0.00000000e+00,0.00000000e+00,0.00000000e+00,0.00000000e+00,0.00000000e+00,0.00000000e+00,0.00000000e+00,0.00000000e+00,0.00000000e+00,1.04084301e-03,1.04084301e-03,6.14097376e-02,5.64136912e-01,1.02591732e+02,5.32911621e-01,3.23702176e-01,7.28590107e-03,0.00000000e+00,1.04084301e-03,0.00000000e+00,5.20421505e-04,0.00000000e+00,0.00000000e+00,5.20421505e-04,4.16337204e-03,2.65414968e-02,2.62812860e-01,1.92555957e-02,1.84905761e+00,4.94468085e+01,1.26982847e-01,1.39472963e-01,1.55606030e-01,6.24505806e-03,3.64295054e-03,0.00000000e+00,0.00000000e+00,5.20421505e-04
gdl_bin_edges:0.        ,0.006405  ,0.01281   ,0.019215  ,0.02562   ,0.032025  ,0.03843   ,0.044835  ,0.05124   ,0.057645  ,0.06405   ,0.07045501,0.07686001,0.08326501,0.08967001,0.09607501,0.10248001,0.10888501,0.11529001,0.12169501,0.12810001,0.13450501,0.14091001,0.14731501,0.15372001,0.16012501,0.16653001,0.17293501,0.17934001,0.18574501,0.19215001,0.19855502,0.20496002,0.21136502,0.21777002,0.22417502,0.23058002,0.23698502,0.24339002,0.24979502,0.25620002
ri: 0., 0., 0., 0., 0., 0., 0., 0., 0., 0., 0., 0., 0., 0., 0., 0., 0., 0., 0., 0.,40., 0., 0., 0., 0., 0., 0., 0., 0., 0., 0., 0., 0., 0., 0., 0., 0., 0., 0., 0.
ri_bin_edges:0.5  ,0.525,0.55 ,0.575,0.6  ,0.625,0.65 ,0.675,0.7  ,0.725,0.75 ,0.775,0.8  ,0.825,0.85 ,0.875,0.9  ,0.925,0.95 ,0.975,1.   ,1.025,1.05 ,1.075,1.1  ,1.125,1.15 ,1.175,1.2  ,1.225,1.25 ,1.275,1.3  ,1.325,1.35 ,1.375,1.4  ,1.425,1.45 ,1.475,1.5  
