period:1
ue_log_freq:1000
mac_log_freq:1000
mimo_layers:2
frequency:2412000000.0
bandwidth:50000000
ue_speed:5.555555555555555
max_distance:1000
shannon_cfg_bandwidth_mhz:50.0
shannon_cfg_mimo_layers:2
shannon_cfg_bw_efficiency:0.67
shannon_cfg_sinr_offset_db:0
shannon_cfg_ul_divisor:2
shannon_cfg_sinr_sample_rate:1000
n_ue:3
sinr_period:9.463597741343282
sinr_rate:105.66805852612856
ul_fairness:0.9997405165056591
dl_fairness:0.9953086370345386
ul_agg_throughput:1.8293110180842038
dl_agg_throughput:1.6364398505668314
ul_ave_throughput:0.6097703393614012
dl_ave_throughput:0.5454799501889438
ul_se:0.036586220361684074
dl_se:0.03272879701133663
ul_ase:1.1645755639222743e-08
dl_ase:1.041789965161095e-08
ul_gr:0.09999887546273038, 0.09999887546273038, 0.19999775004135958
dl_gr:0.09999887546273038, 0.09999887546273038, 0.19999775004135958
ul_tr:0.09849370423579763, 0.09382779139937601, 0.14946214018909812
dl_tr:0.09998886070530294, 0.0999888674678953, 0.1999777460714393
ul_er:0.0, 0.0, 0.0
dl_er:0.0, 0.0, 0.0
ul_er_ratio:0.0, 0.0, 0.0
dl_er_ratio:0.0, 0.0, 0.0
ul_er_perc:0.0, 0.0, 0.0
dl_er_perc:0.0, 0.0, 0.0
ul_l:0.004806777787762123, 0.005079997949200507, 0.00533016303497465
dl_l:0.008336451459395405, 0.008293105284652151, 0.008370425946330534
ul_il:0.023902378362966367, 0.022706843018059822, 0.008044708422310776
dl_il:0.008694928375571244, 0.00886192835186648, 0.009670795146418533
sinr_ul:0.01218737,0.01201354,0.01229166,0.01881013,0.02288635,0.03398295,0.03914558,0.07619439,0.05722564,0.03265971,0.01926208,0.01093582,0.00791125,0.00703777,0.0071073 ,0.00806769,0.00641852,0.00199248,0.00199031,0.00199465,0.02996758,0.02135233,0.02352516,0.04497961,0.02063747,0.01484473,0.01375614,0.02011165,0.01715444,0.00448688,0.00831105,0.00882601,0.00472589,0.00337657,0.00317884,0.00977553,0.00312017,0.00314625,0.00335484,0.00310714
sinr_ul_bin_edges:-10.333038  , -8.79895092, -7.26486385, -5.73077678, -4.1966897 , -2.66260262, -1.12851555,  0.40557152,  1.9396586 ,  3.47374567,  5.00783275,  6.54191982,  8.0760069 ,  9.61009397, 11.14418105, 12.67826813, 14.2123552 , 15.74644227, 17.28052935, 18.81461642, 20.3487035 , 21.88279057, 23.41687765, 24.95096472, 26.4850518 , 28.01913887, 29.55322595, 31.08731303, 32.6214001 , 34.15548717, 35.68957425, 37.22366132, 38.7577484 , 40.29183547, 41.82592255, 43.36000962, 44.8940967 , 46.42818377, 47.96227085, 49.49635792, 51.030445  
sinr_dl:0.01202754,0.01195591,0.01227065,0.01875002,0.02282866,0.03400314,0.03925392,0.07593564,0.05740919,0.03265517,0.01923625,0.01093787,0.00790549,0.0070394 ,0.00712188,0.00805309,0.00637952,0.00199265,0.00199048,0.00199265,0.02979209,0.0216869 ,0.02349722,0.04488023,0.0206667 ,0.01475387,0.01388995,0.01987225,0.01714809,0.00448455,0.00844815,0.00868692,0.00472549,0.00334279,0.00317782,0.00976573,0.00312139,0.00315395,0.00335147,0.00301502
sinr_dl_bin_edges:-0.77388763, 0.76173964, 2.2973669 , 3.83299417, 5.36862143, 6.9042487 , 8.43987596, 9.97550323,11.5111305 ,13.04675776,14.58238503,16.11801229,17.65363956,19.18926682,20.72489409,22.26052136,23.79614862,25.33177589,26.86740315,28.40303042,29.93865768,31.47428495,33.00991222,34.54553948,36.08116675,37.61679401,39.15242128,40.68804855,42.22367581,43.75930308,45.29493034,46.83055761,48.36618487,49.90181214,51.43743941,52.97306667,54.50869394,56.0443212 ,57.57994847,59.11557573,60.651203  
rsrp_ul:0.01173966,0.01195867,0.01222321,0.01860912,0.02283748,0.03393747,0.03910691,0.07547949,0.05794155,0.03273618,0.01927482,0.01100024,0.00792763,0.00703643,0.00712316,0.0080469 ,0.00638591,0.00199275,0.00198841,0.00199709,0.02960503,0.0218899 ,0.02348583,0.04475774,0.02073414,0.01471036,0.01396009,0.01972801,0.01713895,0.00448857,0.00853261,0.0085955 ,0.00472492,0.00331981,0.00317669,0.00975992,0.00312031,0.00315718,0.00335233,0.00294251
rsrp_ul_bin_edges:-127.69546  ,-126.1582365,-124.621013 ,-123.0837895,-121.546566 ,-120.0093425,-118.472119 ,-116.9348955,-115.397672 ,-113.8604485,-112.323225 ,-110.7860015,-109.248778 ,-107.7115545,-106.174331 ,-104.6371075,-103.099884 ,-101.5626605,-100.025437 , -98.4882135, -96.95099  , -95.4137665, -93.876543 , -92.3393195, -90.802096 , -89.2648725, -87.727649 , -86.1904255, -84.653202 , -83.1159785, -81.578755 , -80.0415315, -78.504308 , -76.9670845, -75.429861 , -73.8926375, -72.355414 , -70.8181905, -69.280967 , -67.7437435, -66.20652  
rsrp_dl:0.01173966,0.01195867,0.01222321,0.01860912,0.02283748,0.03393747,0.03910691,0.07547948,0.05794155,0.03273618,0.01927482,0.01100024,0.00792763,0.00703643,0.00712316,0.0080469 ,0.00638591,0.00199275,0.00198841,0.00199709,0.02960503,0.0218899 ,0.02348583,0.04475774,0.02073414,0.01471036,0.01396009,0.01972801,0.01713895,0.00448857,0.00853261,0.0085955 ,0.00472492,0.0033198 ,0.00317669,0.00975992,0.00312031,0.00315718,0.00335233,0.00294251
rsrp_dl_bin_edges:-121.497574  ,-119.96035047,-118.42312695,-116.88590342,-115.3486799 ,-113.81145638,-112.27423285,-110.73700933,-109.1997858 ,-107.66256227,-106.12533875,-104.58811522,-103.0508917 ,-101.51366817, -99.97644465, -98.43922113, -96.9019976 , -95.36477407, -93.82755055, -92.29032703, -90.7531035 , -89.21587998, -87.67865645, -86.14143293, -84.6042094 , -83.06698588, -81.52976235, -79.99253882, -78.4553153 , -76.91809177, -75.38086825, -73.84364473, -72.3064212 , -70.76919768, -69.23197415, -67.69475063, -66.1575271 , -64.62030358, -63.08308005, -61.54585653, -60.008633  
cqi_ul:1.11939325,0.        ,0.28241495,0.        ,0.        ,0.09282574,0.        ,0.        ,0.06844376,0.        ,0.01480874,0.        ,0.        ,0.01016879,0.        ,0.        ,0.00623105,0.        ,0.13654086,0.        ,0.        ,0.09703903,0.        ,0.        ,0.17356271,0.        ,0.16008729,0.        ,0.        ,0.05643499,0.        ,0.        ,0.07582146,0.        ,0.09006132,0.        ,0.        ,0.06387492,0.        ,0.21895781
cqi_ul_bin_edges: 0.   , 0.375, 0.75 , 1.125, 1.5  , 1.875, 2.25 , 2.625, 3.   , 3.375, 3.75 , 4.125, 4.5  , 4.875, 5.25 , 5.625, 6.   , 6.375, 6.75 , 7.125, 7.5  , 7.875, 8.25 , 8.625, 9.   , 9.375, 9.75 ,10.125,10.5  ,10.875,11.25 ,11.625,12.   ,12.375,12.75 ,13.125,13.5  ,13.875,14.25 ,14.625,15.   
cqi_dl:0.12082546,0.        ,0.22897549,0.        ,0.        ,0.62986926,0.        ,0.        ,0.34691209,0.        ,0.07767033,0.        ,0.        ,0.04415067,0.        ,0.        ,0.02199089,0.        ,0.03821295,0.        ,0.        ,0.04068404,0.        ,0.        ,0.02553752,0.        ,0.00981324,0.        ,0.        ,0.00721771,0.        ,0.        ,0.09990122,0.        ,0.12822983,0.        ,0.        ,0.09583015,0.        ,0.75084582
cqi_dl_bin_edges: 0.   , 0.375, 0.75 , 1.125, 1.5  , 1.875, 2.25 , 2.625, 3.   , 3.375, 3.75 , 4.125, 4.5  , 4.875, 5.25 , 5.625, 6.   , 6.375, 6.75 , 7.125, 7.5  , 7.875, 8.25 , 8.625, 9.   , 9.375, 9.75 ,10.125,10.5  ,10.875,11.25 ,11.625,12.   ,12.375,12.75 ,13.125,13.5  ,13.875,14.25 ,14.625,15.   
mcs_ul:0.75096868,0.02873781,0.02099027,0.        ,0.0192379 ,0.0174284 ,0.        ,0.00530947,0.00262378,0.        ,0.00278092,0.00266664,0.00170951,0.        ,0.00162856,0.01901886,0.        ,0.05412803,0.02845686,0.        ,0.02352834,0.04033769,0.05264233,0.        ,0.06195652,0.02380452,0.        ,0.01494271,0.01528556,0.        ,0.0159046 ,0.0247188 ,0.03550441,0.        ,0.01274273,0.02944256,0.        ,0.00477614,0.        ,0.11729883
mcs_ul_bin_edges: 0. , 0.7, 1.4, 2.1, 2.8, 3.5, 4.2, 4.9, 5.6, 6.3, 7. , 7.7, 8.4, 9.1, 9.8,10.5,11.2,11.9,12.6,13.3,14. ,14.7,15.4,16.1,16.8,17.5,18.2,18.9,19.6,20.3,21. ,21.7,22.4,23.1,23.8,24.5,25.2,25.9,26.6,27.3,28. 
mcs_dl:0.18739336,0.12216545,0.21526451,0.        ,0.12362257,0.06222319,0.        ,0.02492356,0.01668555,0.        ,0.01334749,0.01030466,0.0060047 ,0.        ,0.00577613,0.01049037,0.        ,0.00998085,0.01080942,0.        ,0.0109856 ,0.01063323,0.00304759,0.        ,0.00261426,0.00264283,0.        ,0.0019095 ,0.00195712,0.        ,0.00399996,0.04951855,0.03926151,0.        ,0.02943304,0.0331711 ,0.        ,0.01816649,0.        ,0.40223883
mcs_dl_bin_edges: 0. , 0.7, 1.4, 2.1, 2.8, 3.5, 4.2, 4.9, 5.6, 6.3, 7. , 7.7, 8.4, 9.1, 9.8,10.5,11.2,11.9,12.6,13.3,14. ,14.7,15.4,16.1,16.8,17.5,18.2,18.9,19.6,20.3,21. ,21.7,22.4,23.1,23.8,24.5,25.2,25.9,26.6,27.3,28. 
eff_ul:2.26711027,0.57197579,0.10864516,0.07935507,0.07273015,0.        ,0.06588919,0.0200728 ,0.        ,0.00991938,0.01051347,0.01008141,0.0064629 ,0.00615686,0.07190203,0.        ,0.20463455,0.10758301,0.        ,0.08895041,0.        ,0.15249927,0.19901776,0.        ,0.23423068,0.        ,0.08999455,0.05649188,0.05778806,0.06012839,0.        ,0.09345104,0.        ,0.13422672,0.        ,0.04817472,0.        ,0.11130953,0.01805652,0.44345586
eff_ul_bin_edges:0.       ,0.1851575,0.370315 ,0.5554725,0.74063  ,0.9257875,1.110945 ,1.2961025,1.48126  ,1.6664175,1.851575 ,2.0367325,2.22189  ,2.4070475,2.592205 ,2.7773625,2.96252  ,3.1476775,3.332835 ,3.5179925,3.70315  ,3.8883075,4.073465 ,4.2586225,4.44378  ,4.6289375,4.814095 ,4.9992525,5.18441  ,5.3695675,5.554725 ,5.7398825,5.92504  ,6.1101975,6.295355 ,6.4805125,6.66567  ,6.8508275,7.035985 ,7.2211425,7.4063   
eff_dl:0.24470814,0.46374469,0.46185443,0.81382153,0.4673632 ,0.        ,0.23523882,0.09422514,0.        ,0.0630808 ,0.05046104,0.03895743,0.02270117,0.02183705,0.03965953,0.        ,0.03773326,0.0408657 ,0.        ,0.04153179,0.        ,0.04019961,0.01152161,0.        ,0.00988338,0.        ,0.00999139,0.00721901,0.00739903,0.01512211,0.        ,0.18720812,0.        ,0.14843071,0.        ,0.11127352,0.        ,0.12540549,0.06867958,1.52069014
eff_dl_bin_edges:0.       ,0.1851575,0.370315 ,0.5554725,0.74063  ,0.9257875,1.110945 ,1.2961025,1.48126  ,1.6664175,1.851575 ,2.0367325,2.22189  ,2.4070475,2.592205 ,2.7773625,2.96252  ,3.1476775,3.332835 ,3.5179925,3.70315  ,3.8883075,4.073465 ,4.2586225,4.44378  ,4.6289375,4.814095 ,4.9992525,5.18441  ,5.3695675,5.554725 ,5.7398825,5.92504  ,6.1101975,6.295355 ,6.4805125,6.66567  ,6.8508275,7.035985 ,7.2211425,7.4063   
rul:1.43442792e+00,0.00000000e+00,9.58409752e-06,4.79204876e-06,0.00000000e+00,0.00000000e+00,4.79204876e-06,4.79204876e-06,4.79204876e-06,9.58409752e-06,0.00000000e+00,4.79204876e-06,1.43761463e-05,4.79204876e-06,0.00000000e+00,0.00000000e+00,4.79204876e-06,4.79204876e-06,9.58409752e-06,8.33816485e-04,1.72034551e-03,0.00000000e+00,0.00000000e+00,0.00000000e+00,0.00000000e+00,0.00000000e+00,4.79204876e-06,0.00000000e+00,0.00000000e+00,0.00000000e+00,0.00000000e+00,0.00000000e+00,0.00000000e+00,0.00000000e+00,0.00000000e+00,0.00000000e+00,0.00000000e+00,0.00000000e+00,0.00000000e+00,5.60669705e-04
rul_bin_edges: 0.        , 0.69558975, 1.3911795 , 2.08676925, 2.782359  , 3.47794875, 4.1735385 , 4.86912825, 5.564718  , 6.26030775, 6.9558975 , 7.65148725, 8.347077  , 9.04266675, 9.7382565 ,10.43384625,11.129436  ,11.82502575,12.5206155 ,13.21620525,13.911795  ,14.60738475,15.3029745 ,15.99856425,16.694154  ,17.38974375,18.0853335 ,18.78092325,19.476513  ,20.17210275,20.8676925 ,21.56328225,22.258872  ,22.95446175,23.6500515 ,24.34564125,25.041231  ,25.73682075,26.4324105 ,27.12800025,27.82359   
rdl:1.54533374e+00,0.00000000e+00,0.00000000e+00,1.03064506e-05,0.00000000e+00,0.00000000e+00,5.15322528e-06,0.00000000e+00,5.15322528e-06,0.00000000e+00,0.00000000e+00,0.00000000e+00,0.00000000e+00,0.00000000e+00,0.00000000e+00,0.00000000e+00,0.00000000e+00,0.00000000e+00,0.00000000e+00,5.15322528e-04,2.06129011e-05,0.00000000e+00,0.00000000e+00,5.15322528e-06,0.00000000e+00,0.00000000e+00,5.15322528e-06,0.00000000e+00,0.00000000e+00,0.00000000e+00,0.00000000e+00,0.00000000e+00,0.00000000e+00,0.00000000e+00,0.00000000e+00,0.00000000e+00,0.00000000e+00,0.00000000e+00,0.00000000e+00,8.24516045e-05
rdl_bin_edges: 0.        , 0.64683763, 1.29367525, 1.94051288, 2.5873505 , 3.23418813, 3.88102575, 4.52786338, 5.174701  , 5.82153863, 6.46837625, 7.11521388, 7.7620515 , 8.40888913, 9.05572675, 9.70256438,10.349402  ,10.99623963,11.64307725,12.28991488,12.9367525 ,13.58359013,14.23042775,14.87726538,15.524103  ,16.17094063,16.81777825,17.46461588,18.1114535 ,18.75829113,19.40512875,20.05196638,20.698804  ,21.34564163,21.99247925,22.63931688,23.2861545 ,23.93299213,24.57982975,25.22666738,25.873505  
lul:1834.59244291,   0.        ,   0.        ,   0.        ,   0.        ,   0.        ,   0.        ,   0.        ,   0.        ,   0.        ,   0.        ,   0.        ,   0.        ,   0.        ,   0.        ,   0.        ,   0.        ,   0.        ,   0.        ,   0.        ,   0.        ,   0.        ,   0.        ,   0.        ,   0.        ,   0.        ,   0.        ,   0.        ,   0.        ,   0.        ,   0.        ,   0.        ,   0.        ,   0.        ,   0.        ,   0.        ,1065.11483028, 313.61881612,   5.23560598, 392.23715695
lul_bin_edges:0.        ,0.00027695,0.00055389,0.00083084,0.00110779,0.00138474,0.00166168,0.00193863,0.00221558,0.00249252,0.00276947,0.00304642,0.00332336,0.00360031,0.00387726,0.00415421,0.00443115,0.0047081 ,0.00498505,0.00526199,0.00553894,0.00581589,0.00609283,0.00636978,0.00664673,0.00692368,0.00720062,0.00747757,0.00775452,0.00803146,0.00830841,0.00858536,0.0088623 ,0.00913925,0.0094162 ,0.00969315,0.00997009,0.01024704,0.01052399,0.01080093,0.01107788
ldl: 692.68872493,   0.        ,   0.        ,   0.        ,   0.        ,   0.        ,   0.        ,   0.        ,   0.        ,   0.        ,   0.        ,   0.        ,   0.        ,   0.        ,   0.        ,   0.        ,   0.        ,   0.        ,   0.        ,   0.        ,   0.        ,   0.        ,   0.        ,   0.        ,   0.        ,   0.        ,   0.        ,   0.        ,   0.        ,   0.        ,   0.        ,   0.        ,   0.        ,   0.        ,   0.        ,   0.        ,1747.83785003, 513.18567302,  15.56238743, 641.52421683
ldl_bin_edges:0.        ,0.00027695,0.00055389,0.00083084,0.00110779,0.00138474,0.00166168,0.00193863,0.00221558,0.00249252,0.00276947,0.00304642,0.00332336,0.00360031,0.00387726,0.00415421,0.00443115,0.0047081 ,0.00498505,0.00526199,0.00553894,0.00581589,0.00609283,0.00636978,0.00664673,0.00692368,0.00720062,0.00747757,0.00775452,0.00803146,0.00830841,0.00858536,0.0088623 ,0.00913925,0.0094162 ,0.00969315,0.00997009,0.01024704,0.01052399,0.01080093,0.01107788
ilul:1.69632714e+00,4.53210472e-04,3.79563771e-04,3.45572985e-04,2.43600629e-04,1.86949320e-04,7.93118327e-05,6.79815709e-05,6.23164400e-05,6.23164400e-05,5.66513091e-05,6.23164400e-05,6.23164400e-05,6.23164400e-05,6.23164400e-05,5.09861782e-05,6.23164400e-05,5.66513091e-05,7.36467018e-05,6.23164400e-05,4.53210472e-05,3.96559163e-05,3.39907854e-05,4.53210472e-05,3.96559163e-05,3.96559163e-05,4.53210472e-05,5.09861782e-05,3.39907854e-05,3.96559163e-05,3.39907854e-05,4.53210472e-05,2.83256545e-05,3.96559163e-05,3.96559163e-05,3.39907854e-05,3.96559163e-05,2.26605236e-05,2.26605236e-05,1.69953927e-05
ilul_bin_edges: 0.        , 0.58838887, 1.17677775, 1.76516662, 2.3535555 , 2.94194437, 3.53033325, 4.11872212, 4.707111  , 5.29549987, 5.88388875, 6.47227762, 7.0606665 , 7.64905537, 8.23744425, 8.82583312, 9.414222  ,10.00261087,10.59099975,11.17938862,11.7677775 ,12.35616637,12.94455525,13.53294412,14.121333  ,14.70972187,15.29811075,15.88649962,16.4748885 ,17.06327737,17.65166625,18.24005512,18.828444  ,19.41683287,20.00522175,20.59361062,21.1819995 ,21.77038837,22.35877725,22.94716612,23.535555  
ildl:9.73938379e+00,6.49541243e-05,1.94862373e-04,3.24770622e-05,1.62385311e-04,1.29908249e-04,9.74311865e-05,1.94862373e-04,9.74311865e-05,1.62385311e-04,1.62385311e-04,3.24770622e-05,1.62385311e-04,9.74311865e-05,9.74311865e-05,1.29908249e-04,3.24770622e-05,1.29908249e-04,6.49541243e-05,9.74311865e-05,1.29908249e-04,6.49541243e-05,9.74311865e-05,9.74311865e-05,9.74311865e-05,9.74311865e-05,9.74311865e-05,3.24770622e-05,1.29908249e-04,6.49541243e-05,1.29908249e-04,9.74311865e-05,6.49541243e-05,9.74311865e-05,6.49541243e-05,9.74311865e-05,6.49541243e-05,3.24770622e-05,6.49541243e-05,6.49541243e-05
ildl_bin_edges:0.        ,0.10263552,0.20527103,0.30790655,0.41054206,0.51317758,0.61581309,0.71844861,0.82108412,0.92371964,1.02635515,1.12899067,1.23162618,1.3342617 ,1.43689721,1.53953273,1.64216824,1.74480376,1.84743927,1.95007479,2.0527103 ,2.15534582,2.25798133,2.36061685,2.46325236,2.56588788,2.66852339,2.77115891,2.87379442,2.97642994,3.07906545,3.18170097,3.28433648,3.386972  ,3.48960751,3.59224303,3.69487854,3.79751406,3.90014957,4.00278509,4.1054206 
eul: 0., 0., 0., 0., 0., 0., 0., 0., 0., 0., 0., 0., 0., 0., 0., 0., 0., 0., 0., 0.,40., 0., 0., 0., 0., 0., 0., 0., 0., 0., 0., 0., 0., 0., 0., 0., 0., 0., 0., 0.
eul_bin_edges:-0.5  ,-0.475,-0.45 ,-0.425,-0.4  ,-0.375,-0.35 ,-0.325,-0.3  ,-0.275,-0.25 ,-0.225,-0.2  ,-0.175,-0.15 ,-0.125,-0.1  ,-0.075,-0.05 ,-0.025, 0.   , 0.025, 0.05 , 0.075, 0.1  , 0.125, 0.15 , 0.175, 0.2  , 0.225, 0.25 , 0.275, 0.3  , 0.325, 0.35 , 0.375, 0.4  , 0.425, 0.45 , 0.475, 0.5  
edl: 0., 0., 0., 0., 0., 0., 0., 0., 0., 0., 0., 0., 0., 0., 0., 0., 0., 0., 0., 0.,40., 0., 0., 0., 0., 0., 0., 0., 0., 0., 0., 0., 0., 0., 0., 0., 0., 0., 0., 0.
edl_bin_edges:-0.5  ,-0.475,-0.45 ,-0.425,-0.4  ,-0.375,-0.35 ,-0.325,-0.3  ,-0.275,-0.25 ,-0.225,-0.2  ,-0.175,-0.15 ,-0.125,-0.1  ,-0.075,-0.05 ,-0.025, 0.   , 0.025, 0.05 , 0.075, 0.1  , 0.125, 0.15 , 0.175, 0.2  , 0.225, 0.25 , 0.275, 0.3  , 0.325, 0.35 , 0.375, 0.4  , 0.425, 0.45 , 0.475, 0.5  
gul:8.48527790e-04,1.13137039e-03,5.65685193e-04,5.65685193e-04,0.00000000e+00,1.13137039e-03,3.39411116e-03,5.35421035e-01,5.54874949e+01,5.34572507e-01,2.82842597e-03,1.69705558e-03,5.65685193e-04,1.13137039e-03,1.24450742e-02,2.55124022e-01,2.09227154e+01,6.82159774e+00,2.53992652e-01,1.38592872e-02,1.13137039e-03,2.82842597e-04,5.65685193e-04,0.00000000e+00,0.00000000e+00,0.00000000e+00,0.00000000e+00,0.00000000e+00,0.00000000e+00,0.00000000e+00,0.00000000e+00,0.00000000e+00,0.00000000e+00,0.00000000e+00,2.82842597e-04,0.00000000e+00,0.00000000e+00,0.00000000e+00,0.00000000e+00,2.82842597e-04
gul_bin_edges:0.      ,0.011785,0.02357 ,0.035355,0.04714 ,0.058925,0.07071 ,0.082495,0.09428 ,0.106065,0.11785 ,0.129635,0.14142 ,0.153205,0.16499 ,0.176775,0.18856 ,0.200345,0.21213 ,0.223915,0.2357  ,0.247485,0.25927 ,0.271055,0.28284 ,0.294625,0.30641 ,0.318195,0.32998 ,0.341765,0.35355 ,0.365335,0.37712 ,0.388905,0.40069 ,0.412475,0.42426 ,0.436045,0.44783 ,0.459615,0.4714  
gdl:8.48527790e-04,1.13137039e-03,5.65685193e-04,5.65685193e-04,0.00000000e+00,1.13137039e-03,3.39411116e-03,5.35421035e-01,5.54874949e+01,5.34572507e-01,2.82842597e-03,1.69705558e-03,5.65685193e-04,1.13137039e-03,1.24450742e-02,2.55124022e-01,2.09227154e+01,6.82159774e+00,2.53992652e-01,1.38592872e-02,1.13137039e-03,2.82842597e-04,5.65685193e-04,0.00000000e+00,0.00000000e+00,0.00000000e+00,0.00000000e+00,0.00000000e+00,0.00000000e+00,0.00000000e+00,0.00000000e+00,0.00000000e+00,0.00000000e+00,0.00000000e+00,2.82842597e-04,0.00000000e+00,0.00000000e+00,0.00000000e+00,0.00000000e+00,2.82842597e-04
gdl_bin_edges:0.      ,0.011785,0.02357 ,0.035355,0.04714 ,0.058925,0.07071 ,0.082495,0.09428 ,0.106065,0.11785 ,0.129635,0.14142 ,0.153205,0.16499 ,0.176775,0.18856 ,0.200345,0.21213 ,0.223915,0.2357  ,0.247485,0.25927 ,0.271055,0.28284 ,0.294625,0.30641 ,0.318195,0.32998 ,0.341765,0.35355 ,0.365335,0.37712 ,0.388905,0.40069 ,0.412475,0.42426 ,0.436045,0.44783 ,0.459615,0.4714  
ri: 0., 0., 0., 0., 0., 0., 0., 0., 0., 0., 0., 0., 0., 0., 0., 0., 0., 0., 0., 0.,40., 0., 0., 0., 0., 0., 0., 0., 0., 0., 0., 0., 0., 0., 0., 0., 0., 0., 0., 0.
ri_bin_edges:0.5  ,0.525,0.55 ,0.575,0.6  ,0.625,0.65 ,0.675,0.7  ,0.725,0.75 ,0.775,0.8  ,0.825,0.85 ,0.875,0.9  ,0.925,0.95 ,0.975,1.   ,1.025,1.05 ,1.075,1.1  ,1.125,1.15 ,1.175,1.2  ,1.225,1.25 ,1.275,1.3  ,1.325,1.35 ,1.375,1.4  ,1.425,1.45 ,1.475,1.5  
