period:1
ue_log_freq:1000
mac_log_freq:1000
mimo_layers:2
frequency:2412000000.0
bandwidth:50000000
ue_speed:5.555555555555555
max_distance:1000
shannon_cfg_bandwidth_mhz:50.0
shannon_cfg_mimo_layers:2
shannon_cfg_bw_efficiency:0.67
shannon_cfg_sinr_offset_db:0
shannon_cfg_ul_divisor:2
shannon_cfg_sinr_sample_rate:1000
n_ue:3
sinr_period:9.463597741343282
sinr_rate:105.66805852612856
ul_fairness:0.9978193346320013
dl_fairness:0.9971502352233932
ul_agg_throughput:1.6769116911859778
dl_agg_throughput:1.4254563147688528
ul_ave_throughput:0.5589705637286593
dl_ave_throughput:0.47515210492295096
ul_se:0.03353823382371956
dl_se:0.02850912629537706
ul_ase:1.067555139123353e-08
dl_ase:9.074736746280786e-09
ul_gr:0.09999897203170968, 0.09999897203170968, 0.19999794334766655
dl_gr:0.09999897203170968, 0.09999897203170968, 0.19999794334766655
ul_tr:0.04502933369243309, 0.04683249393283068, 0.09942227184498155
dl_tr:0.09503903864628355, 0.09810452212888873, 0.1956580106802932
ul_er:0.0, 0.0, 0.0
dl_er:0.0, 0.0, 0.0
ul_er_ratio:0.0, 0.0, 0.0
dl_er_ratio:0.0, 0.0, 0.0
ul_er_perc:0.0, 0.0, 0.0
dl_er_perc:0.0, 0.0, 0.0
ul_l:0.003083850871241288, 0.0032007566978130217, 0.003304313960810392
dl_l:0.00676931836392136, 0.007096923747587526, 0.0076011180460995404
ul_il:0.005340162961270387, 0.004946086222542775, 0.0171705287501325
dl_il:0.014683563681008191, 0.015988807964635355, 0.013572662916560835
sinr_ul:0.0012881 ,0.00473428,0.01536346,0.02668637,0.01461347,0.02468578,0.03523246,0.02439704,0.02485453,0.03339499,0.04149671,0.04630224,0.05264712,0.02274894,0.01318287,0.00685862,0.00487866,0.00472491,0.00518428,0.00493678,0.00132935,0.00133122,0.00245808,0.02206083,0.01613969,0.02279582,0.0182959 ,0.0094442 ,0.01007418,0.01045105,0.00944795,0.00454116,0.00620613,0.00315557,0.00219371,0.00331494,0.00473428,0.00208496,0.00221433,0.00200996
sinr_ul_bin_edges:-20.723022 ,-18.9452282,-17.1674344,-15.3896406,-13.6118468,-11.834053 ,-10.0562592, -8.2784654, -6.5006716, -4.7228778, -2.945084 , -1.1672902,  0.6105036,  2.3882974,  4.1660912,  5.943885 ,  7.7216788,  9.4994726, 11.2772664, 13.0550602, 14.832854 , 16.6106478, 18.3884416, 20.1662354, 21.9440292, 23.721823 , 25.4996168, 27.2774106, 29.0552044, 30.8329982, 32.610792 , 34.3885858, 36.1663796, 37.9441734, 39.7219672, 41.499761 , 43.2775548, 45.0553486, 46.8331424, 48.6109362, 50.38873  
sinr_dl:0.00128771,0.00471037,0.01526888,0.02676647,0.0145941 ,0.02463715,0.03524064,0.02437286,0.02483958,0.03337374,0.04152926,0.04624901,0.05259386,0.02284334,0.01320142,0.00686406,0.00487532,0.00472912,0.00517335,0.00493905,0.00132895,0.00133083,0.0025192 ,0.02202048,0.01613298,0.02282085,0.01826418,0.00942825,0.01009553,0.01046854,0.00939263,0.00455855,0.0061874 ,0.00315275,0.00219493,0.0034564 ,0.00459041,0.00208434,0.00221367,0.00199624
sinr_dl_bin_edges:-8.672653  ,-6.89432643,-5.11599985,-3.33767328,-1.5593467 , 0.21897988, 1.99730645, 3.77563303, 5.5539596 , 7.33228618, 9.11061275,10.88893933,12.6672659 ,14.44559248,16.22391905,18.00224563,19.7805722 ,21.55889878,23.33722535,25.11555193,26.8938785 ,28.67220508,30.45053165,32.22885822,34.0071848 ,35.78551137,37.56383795,39.34216453,41.1204911 ,42.89881768,44.67714425,46.45547083,48.2337974 ,50.01212398,51.79045055,53.56877713,55.3471037 ,57.12543028,58.90375685,60.68208343,62.46041   
rsrp_ul:0.00128889,0.00465913,0.01511265,0.02690003,0.01456   ,0.02456578,0.03524037,0.02434098,0.02480183,0.03335012,0.04159117,0.04614538,0.05248681,0.02302398,0.0132224 ,0.0068716 ,0.00488019,0.00472282,0.00517431,0.00493264,0.00133011,0.00133011,0.00263586,0.02194304,0.01600813,0.0229809 ,0.0182    ,0.00940443,0.01012943,0.01050223,0.0092939 ,0.00458419,0.00615971,0.00314168,0.00219562,0.00371868,0.00432379,0.00208696,0.0022181 ,0.00196519
rsrp_ul_bin_edges:-136.60437   ,-134.82508375,-133.0457975 ,-131.26651125,-129.487225  ,-127.70793875,-125.9286525 ,-124.14936625,-122.37008   ,-120.59079375,-118.8115075 ,-117.03222125,-115.252935  ,-113.47364875,-111.6943625 ,-109.91507625,-108.13579   ,-106.35650375,-104.5772175 ,-102.79793125,-101.018645  , -99.23935875, -97.4600725 , -95.68078625, -93.9015    , -92.12221375, -90.3429275 , -88.56364125, -86.784355  , -85.00506875, -83.2257825 , -81.44649625, -79.66721   , -77.88792375, -76.1086375 , -74.32935125, -72.550065  , -70.77077875, -68.9914925 , -67.21220625, -65.43292   
rsrp_dl:0.00128889,0.00465913,0.01511265,0.02690003,0.01456   ,0.02456579,0.03524037,0.02434098,0.02480183,0.03335012,0.04159117,0.04614538,0.05248682,0.02302398,0.0132224 ,0.0068716 ,0.00488019,0.00472282,0.00517431,0.00493264,0.00133011,0.00133011,0.00263586,0.02194304,0.01600813,0.0229809 ,0.0182    ,0.00940443,0.01012943,0.01050223,0.0092939 ,0.00458419,0.00615971,0.00314168,0.00219562,0.00371868,0.00432379,0.00208696,0.0022181 ,0.00196519
rsrp_dl_bin_edges:-129.61467  ,-127.8353838,-126.0560976,-124.2768114,-122.4975252,-120.718239 ,-118.9389528,-117.1596666,-115.3803804,-113.6010942,-111.821808 ,-110.0425218,-108.2632356,-106.4839494,-104.7046632,-102.925377 ,-101.1460908, -99.3668046, -97.5875184, -95.8082322, -94.028946 , -92.2496598, -90.4703736, -88.6910874, -86.9118012, -85.132515 , -83.3532288, -81.5739426, -79.7946564, -78.0153702, -76.236084 , -74.4567978, -72.6775116, -70.8982254, -69.1189392, -67.339653 , -65.5603668, -63.7810806, -62.0017944, -60.2225082, -58.443222 
cqi_ul:1.6790321 ,0.        ,0.15525178,0.        ,0.        ,0.05900385,0.        ,0.        ,0.0427018 ,0.        ,0.00676438,0.        ,0.        ,0.00679993,0.        ,0.        ,0.00723548,0.        ,0.11219443,0.        ,0.        ,0.08097697,0.        ,0.        ,0.14331412,0.        ,0.05662166,0.        ,0.        ,0.03202635,0.        ,0.        ,0.06117272,0.        ,0.0704793 ,0.        ,0.        ,0.01201766,0.        ,0.14107414
cqi_ul_bin_edges: 0.   , 0.375, 0.75 , 1.125, 1.5  , 1.875, 2.25 , 2.625, 3.   , 3.375, 3.75 , 4.125, 4.5  , 4.875, 5.25 , 5.625, 6.   , 6.375, 6.75 , 7.125, 7.5  , 7.875, 8.25 , 8.625, 9.   , 9.375, 9.75 ,10.125,10.5  ,10.875,11.25 ,11.625,12.   ,12.375,12.75 ,13.125,13.5  ,13.875,14.25 ,14.625,15.   
cqi_dl:0.5180126 ,0.        ,0.29189041,0.        ,0.        ,0.45096438,0.        ,0.        ,0.41717805,0.        ,0.09836346,0.        ,0.        ,0.04977728,0.        ,0.        ,0.01955536,0.        ,0.02564419,0.        ,0.        ,0.02408865,0.        ,0.        ,0.02845305,0.        ,0.01455097,0.        ,0.        ,0.00479995,0.        ,0.        ,0.0072977 ,0.        ,0.08583914,0.        ,0.        ,0.0575372 ,0.        ,0.57271427
cqi_dl_bin_edges: 0.   , 0.375, 0.75 , 1.125, 1.5  , 1.875, 2.25 , 2.625, 3.   , 3.375, 3.75 , 4.125, 4.5  , 4.875, 5.25 , 5.625, 6.   , 6.375, 6.75 , 7.125, 7.5  , 7.875, 8.25 , 8.625, 9.   , 9.375, 9.75 ,10.125,10.5  ,10.875,11.25 ,11.625,12.   ,12.375,12.75 ,13.125,13.5  ,13.875,14.25 ,14.625,15.   
mcs_ul:0.98265208,0.01753792,0.01407129,0.        ,0.01360463,0.00927134,0.        ,0.00187141,0.00175236,0.        ,0.00186665,0.00177617,0.00113808,0.        ,0.00273807,0.0375901 ,0.        ,0.02251406,0.01774744,0.        ,0.02563308,0.02005694,0.05671848,0.        ,0.01657126,0.01376177,0.        ,0.00992847,0.0072285 ,0.        ,0.01373796,0.01903314,0.01451414,0.        ,0.02324262,0.00322854,0.        ,0.00320949,0.        ,0.07557543
mcs_ul_bin_edges: 0. , 0.7, 1.4, 2.1, 2.8, 3.5, 4.2, 4.9, 5.6, 6.3, 7. , 7.7, 8.4, 9.1, 9.8,10.5,11.2,11.9,12.6,13.3,14. ,14.7,15.4,16.1,16.8,17.5,18.2,18.9,19.6,20.3,21. ,21.7,22.4,23.1,23.8,24.5,25.2,25.9,26.6,27.3,28. 
mcs_dl:0.43387661,0.14425094,0.09733712,0.        ,0.13908909,0.08439916,0.        ,0.03159492,0.02109979,0.        ,0.0164046 ,0.0102618 ,0.00548566,0.        ,0.00499043,0.00705707,0.        ,0.00668089,0.0064047 ,0.        ,0.00649994,0.00764754,0.00759516,0.        ,0.00601423,0.00178093,0.        ,0.00126665,0.00130475,0.        ,0.00195236,0.00195712,0.00612851,0.        ,0.03985674,0.01585222,0.        ,0.01497128,0.        ,0.30681122
mcs_dl_bin_edges: 0. , 0.7, 1.4, 2.1, 2.8, 3.5, 4.2, 4.9, 5.6, 6.3, 7. , 7.7, 8.4, 9.1, 9.8,10.5,11.2,11.9,12.6,13.3,14. ,14.7,15.4,16.1,16.8,17.5,18.2,18.9,19.6,20.3,21. ,21.7,22.4,23.1,23.8,24.5,25.2,25.9,26.6,27.3,28. 
eff_ul:3.40054792,0.31443182,0.06630324,0.05319741,0.05143317,0.        ,0.03505088,0.00707499,0.        ,0.00662492,0.00705698,0.00671494,0.0043026 ,0.01035144,0.14211181,0.        ,0.08511586,0.06709535,0.        ,0.09690751,0.        ,0.07582657,0.21442788,0.        ,0.06264873,0.        ,0.05202725,0.03753523,0.02732781,0.05193724,0.        ,0.07195603,0.        ,0.05487165,0.        ,0.08787025,0.        ,0.0122057 ,0.01213369,0.28571782
eff_ul_bin_edges:0.        ,0.18515752,0.37031505,0.55547258,0.7406301 ,0.92578762,1.11094515,1.29610267,1.4812602 ,1.66641772,1.85157525,2.03673277,2.2218903 ,2.40704782,2.59220535,2.77736287,2.9625204 ,3.14767792,3.33283545,3.51799297,3.7031505 ,3.88830802,4.07346555,4.25862308,4.4437806 ,4.62893812,4.81409565,4.99925317,5.1844107 ,5.36956823,5.55472575,5.73988327,5.9250408 ,6.11019832,6.29535585,6.48051337,6.6656709 ,6.85082842,7.03598595,7.22114347,7.406301  
eff_dl:1.04913221,0.59116639,0.54535   ,0.36798929,0.52583528,0.        ,0.31907647,0.11944665,0.        ,0.07976912,0.06201864,0.03879541,0.02073889,0.01886663,0.02667972,0.        ,0.02525752,0.02421337,0.        ,0.02457342,0.        ,0.02891203,0.028714  ,0.        ,0.02273717,0.        ,0.00673294,0.00478867,0.00493269,0.00738103,0.        ,0.00739903,0.        ,0.02316923,0.        ,0.150681  ,0.        ,0.05993035,0.05659989,1.15991965
eff_dl_bin_edges:0.        ,0.18515752,0.37031505,0.55547258,0.7406301 ,0.92578762,1.11094515,1.29610267,1.4812602 ,1.66641772,1.85157525,2.03673277,2.2218903 ,2.40704782,2.59220535,2.77736287,2.9625204 ,3.14767792,3.33283545,3.51799297,3.7031505 ,3.88830802,4.07346555,4.25862308,4.4437806 ,4.62893812,4.81409565,4.99925317,5.1844107 ,5.36956823,5.55472575,5.73988327,5.9250408 ,6.11019832,6.29535585,6.48051337,6.6656709 ,6.85082842,7.03598595,7.22114347,7.406301  
rul:3.36992594e+00,7.23979448e-02,0.00000000e+00,0.00000000e+00,2.30017299e-05,0.00000000e+00,2.30017299e-05,0.00000000e+00,1.15008649e-05,4.60034598e-05,0.00000000e+00,1.15008649e-05,0.00000000e+00,0.00000000e+00,0.00000000e+00,0.00000000e+00,0.00000000e+00,0.00000000e+00,1.15008649e-05,4.18631484e-03,2.89821797e-03,0.00000000e+00,0.00000000e+00,0.00000000e+00,0.00000000e+00,0.00000000e+00,0.00000000e+00,0.00000000e+00,0.00000000e+00,0.00000000e+00,0.00000000e+00,0.00000000e+00,0.00000000e+00,0.00000000e+00,1.15008649e-05,1.15008649e-05,0.00000000e+00,0.00000000e+00,5.75043247e-05,6.78551032e-04
rul_bin_edges: 0.        , 0.28983038, 0.57966075, 0.86949113, 1.1593215 , 1.44915188, 1.73898225, 2.02881263, 2.318643  , 2.60847338, 2.89830375, 3.18813413, 3.4779645 , 3.76779488, 4.05762525, 4.34745563, 4.637286  , 4.92711638, 5.21694675, 5.50677713, 5.7966075 , 6.08643788, 6.37626825, 6.66609863, 6.955929  , 7.24575938, 7.53558975, 7.82542013, 8.1152505 , 8.40508088, 8.69491125, 8.98474163, 9.274572  , 9.56440238, 9.85423275,10.14406313,10.4338935 ,10.72372388,11.01355425,11.30338463,11.593215  
rdl:3.53704683e+00,1.41585220e-01,2.46063990e-05,0.00000000e+00,0.00000000e+00,0.00000000e+00,0.00000000e+00,3.69095985e-05,0.00000000e+00,0.00000000e+00,2.46063990e-05,1.23031995e-05,1.23031995e-05,1.23031995e-05,0.00000000e+00,0.00000000e+00,0.00000000e+00,1.23031995e-05,5.78250377e-04,9.36273483e-03,0.00000000e+00,0.00000000e+00,0.00000000e+00,0.00000000e+00,0.00000000e+00,0.00000000e+00,0.00000000e+00,0.00000000e+00,1.23031995e-05,0.00000000e+00,0.00000000e+00,0.00000000e+00,1.23031995e-05,0.00000000e+00,0.00000000e+00,0.00000000e+00,0.00000000e+00,1.72244793e-04,3.32186387e-04,1.75935753e-03
rdl_bin_edges: 0.        , 0.27092953, 0.54185905, 0.81278858, 1.0837181 , 1.35464763, 1.62557715, 1.89650667, 2.1674362 , 2.43836573, 2.70929525, 2.98022477, 3.2511543 , 3.52208383, 3.79301335, 4.06394288, 4.3348724 , 4.60580192, 4.87673145, 5.14766097, 5.4185905 , 5.68952003, 5.96044955, 6.23137908, 6.5023086 , 6.77323812, 7.04416765, 7.31509718, 7.5860267 , 7.85695623, 8.12788575, 8.39881528, 8.6697448 , 8.94067432, 9.21160385, 9.48253338, 9.7534629 ,10.02439243,10.29532195,10.56625147,10.837181  
lul:2.50910199e+03,0.00000000e+00,0.00000000e+00,0.00000000e+00,0.00000000e+00,0.00000000e+00,0.00000000e+00,0.00000000e+00,0.00000000e+00,0.00000000e+00,0.00000000e+00,0.00000000e+00,0.00000000e+00,0.00000000e+00,0.00000000e+00,0.00000000e+00,0.00000000e+00,0.00000000e+00,0.00000000e+00,0.00000000e+00,0.00000000e+00,0.00000000e+00,0.00000000e+00,0.00000000e+00,0.00000000e+00,0.00000000e+00,0.00000000e+00,0.00000000e+00,0.00000000e+00,0.00000000e+00,0.00000000e+00,0.00000000e+00,0.00000000e+00,0.00000000e+00,0.00000000e+00,0.00000000e+00,6.22579706e+02,6.05127820e-02,2.22892781e+02,2.76168234e+02
lul_bin_edges:0.        ,0.00027542,0.00055084,0.00082626,0.00110168,0.00137711,0.00165253,0.00192795,0.00220337,0.00247879,0.00275421,0.00302963,0.00330505,0.00358047,0.0038559 ,0.00413132,0.00440674,0.00468216,0.00495758,0.005233  ,0.00550842,0.00578384,0.00605927,0.00633469,0.00661011,0.00688553,0.00716095,0.00743637,0.00771179,0.00798721,0.00826263,0.00853806,0.00881348,0.0090889 ,0.00936432,0.00963974,0.00991516,0.01019058,0.010466  ,0.01074142,0.01101685
ldl:1.10135684e+03,0.00000000e+00,0.00000000e+00,0.00000000e+00,0.00000000e+00,0.00000000e+00,0.00000000e+00,0.00000000e+00,0.00000000e+00,0.00000000e+00,0.00000000e+00,0.00000000e+00,0.00000000e+00,0.00000000e+00,0.00000000e+00,0.00000000e+00,0.00000000e+00,0.00000000e+00,0.00000000e+00,0.00000000e+00,0.00000000e+00,0.00000000e+00,0.00000000e+00,0.00000000e+00,0.00000000e+00,0.00000000e+00,0.00000000e+00,0.00000000e+00,0.00000000e+00,0.00000000e+00,0.00000000e+00,0.00000000e+00,0.00000000e+00,0.00000000e+00,0.00000000e+00,0.00000000e+00,1.64627444e+03,7.26153384e-02,3.95789902e+02,4.87309433e+02
ldl_bin_edges:0.        ,0.00027542,0.00055084,0.00082626,0.00110168,0.00137711,0.00165253,0.00192795,0.00220337,0.00247879,0.00275421,0.00302963,0.00330505,0.00358047,0.0038559 ,0.00413132,0.00440674,0.00468216,0.00495758,0.005233  ,0.00550842,0.00578384,0.00605927,0.00633469,0.00661011,0.00688553,0.00716095,0.00743637,0.00771179,0.00798721,0.00826263,0.00853806,0.00881348,0.0090889 ,0.00936432,0.00963974,0.00991516,0.01019058,0.010466  ,0.01074142,0.01101685
ilul:2.26690224e+00,1.03709583e-03,9.08405108e-04,8.17564597e-04,6.58593703e-04,1.81681022e-04,0.00000000e+00,0.00000000e+00,0.00000000e+00,0.00000000e+00,0.00000000e+00,0.00000000e+00,0.00000000e+00,0.00000000e+00,0.00000000e+00,0.00000000e+00,0.00000000e+00,0.00000000e+00,0.00000000e+00,0.00000000e+00,0.00000000e+00,0.00000000e+00,0.00000000e+00,0.00000000e+00,0.00000000e+00,0.00000000e+00,0.00000000e+00,0.00000000e+00,0.00000000e+00,0.00000000e+00,0.00000000e+00,0.00000000e+00,0.00000000e+00,2.27101277e-05,1.51400851e-05,9.84105534e-05,9.08405108e-05,1.05980596e-04,9.08405108e-05,1.05980596e-04
ilul_bin_edges: 0.        , 0.44032777, 0.88065555, 1.32098332, 1.7613111 , 2.20163887, 2.64196665, 3.08229442, 3.5226222 , 3.96294997, 4.40327775, 4.84360553, 5.2839333 , 5.72426107, 6.16458885, 6.60491662, 7.0452444 , 7.48557217, 7.92589995, 8.36622772, 8.8065555 , 9.24688328, 9.68721105,10.12753883,10.5678666 ,11.00819437,11.44852215,11.88884992,12.3291777 ,12.76950547,13.20983325,13.65016102,14.0904888 ,14.53081657,14.97114435,15.41147212,15.8517999 ,16.29212767,16.73245545,17.17278322,17.613111  
ildl:5.34992123e+00,1.32374201e-03,1.28796520e-03,1.19852317e-03,9.65973900e-04,8.04978250e-04,8.40755061e-04,7.69201439e-04,6.26094194e-04,4.65098544e-04,5.36652167e-04,4.82986950e-04,4.82986950e-04,4.82986950e-04,4.11433328e-04,2.86214489e-04,2.86214489e-04,2.50437678e-04,4.11433328e-04,2.86214489e-04,2.86214489e-04,3.39879706e-04,3.21991300e-04,3.04102894e-04,3.57768111e-04,3.21991300e-04,3.75656517e-04,2.32549272e-04,2.14660867e-04,1.96772461e-04,2.50437678e-04,1.96772461e-04,2.32549272e-04,1.96772461e-04,1.96772461e-04,1.25218839e-04,1.07330433e-04,8.94420278e-05,5.36652167e-05,5.36652167e-05
ildl_bin_edges:0.        ,0.18633858,0.37267715,0.55901573,0.7453543 ,0.93169287,1.11803145,1.30437003,1.4907086 ,1.67704718,1.86338575,2.04972433,2.2360629 ,2.42240148,2.60874005,2.79507862,2.9814172 ,3.16775578,3.35409435,3.54043293,3.7267715 ,3.91311008,4.09944865,4.28578722,4.4721258 ,4.65846438,4.84480295,5.03114152,5.2174801 ,5.40381868,5.59015725,5.77649583,5.9628344 ,6.14917297,6.33551155,6.52185013,6.7081887 ,6.89452728,7.08086585,7.26720443,7.453543  
eul: 0., 0., 0., 0., 0., 0., 0., 0., 0., 0., 0., 0., 0., 0., 0., 0., 0., 0., 0., 0.,40., 0., 0., 0., 0., 0., 0., 0., 0., 0., 0., 0., 0., 0., 0., 0., 0., 0., 0., 0.
eul_bin_edges:-0.5  ,-0.475,-0.45 ,-0.425,-0.4  ,-0.375,-0.35 ,-0.325,-0.3  ,-0.275,-0.25 ,-0.225,-0.2  ,-0.175,-0.15 ,-0.125,-0.1  ,-0.075,-0.05 ,-0.025, 0.   , 0.025, 0.05 , 0.075, 0.1  , 0.125, 0.15 , 0.175, 0.2  , 0.225, 0.25 , 0.275, 0.3  , 0.325, 0.35 , 0.375, 0.4  , 0.425, 0.45 , 0.475, 0.5  
edl: 0., 0., 0., 0., 0., 0., 0., 0., 0., 0., 0., 0., 0., 0., 0., 0., 0., 0., 0., 0.,40., 0., 0., 0., 0., 0., 0., 0., 0., 0., 0., 0., 0., 0., 0., 0., 0., 0., 0., 0.
edl_bin_edges:-0.5  ,-0.475,-0.45 ,-0.425,-0.4  ,-0.375,-0.35 ,-0.325,-0.3  ,-0.275,-0.25 ,-0.225,-0.2  ,-0.175,-0.15 ,-0.125,-0.1  ,-0.075,-0.05 ,-0.025, 0.   , 0.025, 0.05 , 0.075, 0.1  , 0.125, 0.15 , 0.175, 0.2  , 0.225, 0.25 , 0.275, 0.3  , 0.325, 0.35 , 0.375, 0.4  , 0.425, 0.45 , 0.475, 0.5  
gul:1.67642917e-03,0.00000000e+00,0.00000000e+00,0.00000000e+00,0.00000000e+00,0.00000000e+00,0.00000000e+00,0.00000000e+00,0.00000000e+00,0.00000000e+00,0.00000000e+00,0.00000000e+00,0.00000000e+00,1.11761945e-03,6.70571668e-03,8.94095558e-03,1.09210419e+02,2.52246709e+00,5.58809723e-03,5.58809723e-03,1.11761945e-03,0.00000000e+00,0.00000000e+00,0.00000000e+00,0.00000000e+00,0.00000000e+00,0.00000000e+00,5.58809723e-04,5.58809723e-04,2.79404862e-03,2.23523889e-03,2.23523889e-03,1.01647489e+00,5.35887349e+01,1.24279282e+00,1.84407209e-02,1.11761945e-03,1.67642917e-03,2.23523889e-03,1.11761945e-03
gul_bin_edges:0.      ,0.005965,0.01193 ,0.017895,0.02386 ,0.029825,0.03579 ,0.041755,0.04772 ,0.053685,0.05965 ,0.065615,0.07158 ,0.077545,0.08351 ,0.089475,0.09544 ,0.101405,0.10737 ,0.113335,0.1193  ,0.125265,0.13123 ,0.137195,0.14316 ,0.149125,0.15509 ,0.161055,0.16702 ,0.172985,0.17895 ,0.184915,0.19088 ,0.196845,0.20281 ,0.208775,0.21474 ,0.220705,0.22667 ,0.232635,0.2386  
gdl:1.67642917e-03,0.00000000e+00,0.00000000e+00,0.00000000e+00,0.00000000e+00,0.00000000e+00,0.00000000e+00,0.00000000e+00,0.00000000e+00,0.00000000e+00,0.00000000e+00,0.00000000e+00,0.00000000e+00,1.11761945e-03,6.70571668e-03,8.94095558e-03,1.09210419e+02,2.52246709e+00,5.58809723e-03,5.58809723e-03,1.11761945e-03,0.00000000e+00,0.00000000e+00,0.00000000e+00,0.00000000e+00,0.00000000e+00,0.00000000e+00,5.58809723e-04,5.58809723e-04,2.79404862e-03,2.23523889e-03,2.23523889e-03,1.01647489e+00,5.35887349e+01,1.24279282e+00,1.84407209e-02,1.11761945e-03,1.67642917e-03,2.23523889e-03,1.11761945e-03
gdl_bin_edges:0.      ,0.005965,0.01193 ,0.017895,0.02386 ,0.029825,0.03579 ,0.041755,0.04772 ,0.053685,0.05965 ,0.065615,0.07158 ,0.077545,0.08351 ,0.089475,0.09544 ,0.101405,0.10737 ,0.113335,0.1193  ,0.125265,0.13123 ,0.137195,0.14316 ,0.149125,0.15509 ,0.161055,0.16702 ,0.172985,0.17895 ,0.184915,0.19088 ,0.196845,0.20281 ,0.208775,0.21474 ,0.220705,0.22667 ,0.232635,0.2386  
ri: 0., 0., 0., 0., 0., 0., 0., 0., 0., 0., 0., 0., 0., 0., 0., 0., 0., 0., 0., 0.,40., 0., 0., 0., 0., 0., 0., 0., 0., 0., 0., 0., 0., 0., 0., 0., 0., 0., 0., 0.
ri_bin_edges:0.5  ,0.525,0.55 ,0.575,0.6  ,0.625,0.65 ,0.675,0.7  ,0.725,0.75 ,0.775,0.8  ,0.825,0.85 ,0.875,0.9  ,0.925,0.95 ,0.975,1.   ,1.025,1.05 ,1.075,1.1  ,1.125,1.15 ,1.175,1.2  ,1.225,1.25 ,1.275,1.3  ,1.325,1.35 ,1.375,1.4  ,1.425,1.45 ,1.475,1.5  
