period:1
ue_log_freq:1000
mac_log_freq:1000
mimo_layers:2
frequency:2412000000.0
bandwidth:50000000
ue_speed:5.555555555555555
max_distance:1000
shannon_cfg_bandwidth_mhz:50.0
shannon_cfg_mimo_layers:2
shannon_cfg_bw_efficiency:0.67
shannon_cfg_sinr_offset_db:0
shannon_cfg_ul_divisor:2
shannon_cfg_sinr_sample_rate:1000
n_ue:30
sinr_period:9.463597741343282
sinr_rate:105.66805852612856
ul_fairness:0.8663727691513574
dl_fairness:0.7174880535750444
ul_agg_throughput:14.839945054682625
dl_agg_throughput:22.499791768803895
ul_ave_throughput:0.4946648351560875
dl_ave_throughput:0.7499930589601298
ul_se:0.29679890109365253
dl_se:0.4499958353760779
ul_ase:9.447402442659468e-08
dl_ase:1.4323812314173916e-07
ul_gr:0.23999778056357032, 0.23999778056357032, 0.23999778056357032, 0.23999778056357032, 0.23999778056357032, 0.23999778056357032, 0.23999778056357032, 0.23999778056357032, 0.23999778056357032, 0.23999778056357032, 0.23999778056357032, 0.23999778056357032, 0.14768690159702838, 0.23999778056357032, 0.23999778056357032, 0.23999778056357032, 0.23999778056357032, 0.20244127744263798, 0.23999778056357032, 0.23999778056357032, 0.23999778056357032, 0.23999778056357032, 0.22469590404271633, 0.20870803324238965, 0.22686586597260855, 0.1634707141123824, 0.23999778056357032, 0.23999778056357032, 0.1468860682715144, 0.1219927396569612
dl_gr:0.23999778056357032, 0.23999778056357032, 0.23999778056357032, 0.23999778056357032, 0.23999778056357032, 0.23999778056357032, 0.23999778056357032, 0.23999778056357032, 0.23999778056357032, 0.23999778056357032, 0.23999778056357032, 0.23999778056357032, 0.23999778056357032, 0.23999778056357032, 0.23999778056357032, 0.23999778056357032, 0.23999778056357032, 0.23999778056357032, 0.23999778056357032, 0.23999778056357032, 0.23999778056357032, 0.23999778056357032, 0.23999778056357032, 0.23999778056357032, 0.23999778056357032, 0.23999778056357032, 0.23999778056357032, 0.23999778056357032, 0.23999778056357032, 0.17370631083645138
ul_tr:0.2315670207686603, 0.1767910536968025, 0.23999577327780602, 0.23999577115082377, 0.22629528873634386, 0.19504717085982617, 0.19486048647261275, 0.1962532907471604, 0.2399957711516571, 0.18912081478604345, 0.23511228873192724, 0.2366668064664461, 0.060529326515862375, 0.1661780075397705, 0.2267464924893959, 0.23999577045574622, 0.1728643281726819, 0.20243927459729505, 0.22761859734302212, 0.23550777030916412, 0.23644059433738052, 0.23897577561286987, 0.14267820839851333, 0.12136533952067066, 0.13955292912492395, 0.07617929492545895, 0.17839369684569298, 0.2399957739988, 0.059711683156890356, 0.03471303894925876
dl_tr:0.23999577440787997, 0.2399957890605078, 0.23999577713777384, 0.2399957711516571, 0.23896881956175367, 0.2399958073459388, 0.23999578101624153, 0.23999579338888843, 0.2399957711516571, 0.23717275211814903, 0.23999577117557355, 0.23999577144840462, 0.2367770836279698, 0.23984379956858692, 0.2399958204567462, 0.239995786357447, 0.23999583650027917, 0.23999588775460204, 0.2386098150387913, 0.2399957713870718, 0.2369457775696869, 0.23999581630561412, 0.22925796511254073, 0.23999584553262057, 0.23999581235164708, 0.2293839229060591, 0.23658985398930008, 0.23999578366838611, 0.23999586275422705, 0.08637509333288888
ul_er:0.0, 0.0, 0.0, 0.0, 0.0, 0.0, 0.0, 0.0, 0.0, 0.0, 0.0, 0.0, 0.09230886898329178, 0.0, 0.0, 0.0, 0.0, 0.037556503120932325, 0.0, 0.0, 0.0, 0.0, 0.015301876520853993, 0.03128773733793051, 0.013129904607711601, 0.07652505646793777, 0.0, 0.0, 0.0931117122920559, 0.11800303092335898
dl_er:0.0, 0.0, 0.0, 0.0, 0.0, 0.0, 0.0, 0.0, 0.0, 0.0, 0.0, 0.0, 0.0, 0.0, 0.0, 0.0, 0.0, 0.0, 0.0, 0.0, 0.0, 0.0, 0.0, 0.0, 0.0, 0.0, 0.0, 0.0, 0.0, 0.0662894597438688
ul_er_ratio:0.0, 0.0, 0.0, 0.0, 0.0, 0.0, 0.0, 0.0, 0.0, 0.0, 0.0, 0.0, 0.6039646613323345, 0.0, 0.0, 0.0, 0.0, 0.15648818274222479, 0.0, 0.0, 0.0, 0.0, 0.09685952839349361, 0.2049597556878043, 0.08599463532818305, 0.5011321273405892, 0.0, 0.0, 0.6092765575488195, 0.7726955717350944
dl_er_ratio:0.0, 0.0, 0.0, 0.0, 0.0, 0.0, 0.0, 0.0, 0.0, 0.0, 0.0, 0.0, 0.0, 0.0, 0.0, 0.0, 0.0, 0.0, 0.0, 0.0, 0.0, 0.0, 0.0, 0.0, 0.0, 0.0, 0.0, 0.0, 0.0, 0.4342164465024133
ul_er_perc:0.0, 0.0, 0.0, 0.0, 0.0, 0.0, 0.0, 0.0, 0.0, 0.0, 0.0, 0.0, 60.39646613323345, 0.0, 0.0, 0.0, 0.0, 15.648818274222478, 0.0, 0.0, 0.0, 0.0, 9.685952839349362, 20.49597556878043, 8.599463532818305, 50.11321273405892, 0.0, 0.0, 60.92765575488195, 77.26955717350944
dl_er_perc:0.0, 0.0, 0.0, 0.0, 0.0, 0.0, 0.0, 0.0, 0.0, 0.0, 0.0, 0.0, 0.0, 0.0, 0.0, 0.0, 0.0, 0.0, 0.0, 0.0, 0.0, 0.0, 0.0, 0.0, 0.0, 0.0, 0.0, 0.0, 0.0, 43.42164465024133
ul_l:0.0008647814065432787, 0.0006487679371730235, 0.0008636410652736227, 0.000948566091424238, 0.00075162345358372, 0.0006530393994116715, 0.0005850299866017782, 0.0006730949300947491, 0.000948566091424238, 0.0006956648448221265, 0.0009315008619878167, 0.0009170232419138173, 0.00029883835726118944, 0.00039750210342580475, 0.00044059003405304953, 0.0007528853116257364, 0.00038490197659102836, 0.000181812110756577, 0.0004591879432888059, 0.0009033867539428837, 0.0006099212511104073, 0.0005914920790710077, 0.00027440349859251173, 0.0002989071219814835, 0.0003152757876651028, 0.00026199089021508153, 0.0004353601079407671, 0.0007041815348463763, 0.00016318705910950743, 9.4551366959442e-05
dl_l:0.000937195192902559, 0.0008636310581686819, 0.0009301168335005541, 0.000948566091424238, 0.0008837008677502687, 0.0008091418345772118, 0.0009147788330022248, 0.0008525120631211405, 0.000948566091424238, 0.0008621675472429397, 0.0009485640216964858, 0.000948077370069416, 0.0007516390075466037, 0.0007533895501920815, 0.0007731679589803418, 0.0009066855698444179, 0.0006895955965341955, 0.00043104746352947055, 0.0007781043324672295, 0.000948614237787185, 0.000777046733234723, 0.000695573003040808, 0.000562418662471146, 0.0006601839621761486, 0.0006903786996383363, 0.0004874086725910617, 0.0007608265454854543, 0.0009027121943558803, 0.0005162232027058108, 0.0003093966070591078
ul_il:0.30345667529211257, 3.916657697541375, 0.07910634888408347, 0.000948566091424238, 0.482729107299434, 0.8969607166791661, 0.6040052248715445, 0.3284783091123357, 0.000948566091424238, 0.3004216361656544, 0.21736512926427284, 0.018201298726493943, 12.820393162680126, 1.9698620936579136, 4.226722456487262, 0.09816924388367347, 1.1622878517351287, 3.6072713552187965, 0.5834906413366296, 0.026985594764123634, 0.09707042305046791, 0.2057741746639428, 0.44867963094201635, 1.2202982150487278, 2.6804084736256883, 1.7949883153627653, 2.0864959509957006, 0.7650346485063831, 4.916857842245102, 0.7261403030729985
dl_il:0.004562413192550061, 0.017932209826843945, 0.0016259958524178963, 0.000948566091424238, 0.017429547125112292, 0.020390761031656403, 0.045851473813909895, 0.017720772466590276, 0.000948566091424238, 0.02099027055190707, 0.0009485869255864534, 0.0009612565240956324, 0.09221140196946692, 0.06007899040982825, 0.05891169357529603, 0.009790010859915335, 0.08972798882484477, 0.22459874635409124, 0.03969591897896767, 0.0009486434199798333, 0.027601827925958954, 0.06283922259817669, 0.059436512487002616, 0.45081294300846153, 0.12734942659492254, 0.17167658918226933, 0.11098259872490314, 0.009604121718250681, 0.1670673739428105, 0.005219619241137158
sinr_ul:3.68384386e-04,6.56161483e-04,3.18254408e-03,6.70278072e-03,1.07991491e-02,1.94204988e-02,2.86310160e-02,3.32653988e-02,3.00049701e-02,2.27025438e-02,1.44635218e-02,9.73524838e-03,9.21794264e-03,1.89549236e-02,2.64297852e-02,2.35509417e-02,1.46352145e-02,1.12794101e-02,5.62114146e-03,2.32474061e-03,2.50311621e-03,1.24664906e-03,5.49895170e-04,3.43220391e-04,8.79502252e-05,6.75715145e-05,7.22742939e-05,7.62345291e-05,1.91411372e-05,2.05437205e-05,3.05268136e-05,5.44532351e-06,4.86778920e-06,4.70277939e-06,4.45526469e-06,4.29025489e-06,4.20774998e-06,3.96023528e-06,5.44532351e-06,1.93061470e-05
sinr_ul_bin_edges:-28.150137  ,-24.78336172,-21.41658645,-18.04981117,-14.6830359 ,-11.31626062, -7.94948535, -4.58271007, -1.2159348 ,  2.15084048,  5.51761575,  8.88439103, 12.2511663 , 15.61794158, 18.98471685, 22.35149213, 25.7182674 , 29.08504268, 32.45181795, 35.81859323, 39.1853685 , 42.55214378, 45.91891905, 49.28569433, 52.6524696 , 56.01924488, 59.38602015, 62.75279543, 66.1195707 , 69.48634598, 72.85312125, 76.21989653, 79.5866718 , 82.95344708, 86.32022235, 89.68699763, 93.0537729 , 96.42054818, 99.78732345,103.15409873,106.520874  
sinr_dl:3.69252057e-04,5.82061401e-04,2.99105980e-03,6.55532097e-03,1.00244002e-02,1.80831407e-02,2.71993462e-02,4.74996868e-02,1.97608074e-02,2.50839099e-02,1.53266606e-02,1.04179540e-02,1.14944048e-02,1.92861632e-02,3.02606111e-02,2.45204968e-02,1.38926867e-02,9.97469965e-03,4.04607773e-03,2.61843249e-03,1.85672355e-03,8.28285693e-04,4.41482350e-04,2.64366247e-04,6.93613325e-05,6.78424712e-05,7.80525944e-05,5.68729174e-05,1.92389097e-05,2.13484393e-05,2.75082657e-05,5.06287099e-06,4.80972744e-06,4.72534625e-06,4.38782152e-06,4.30344034e-06,4.13467797e-06,3.96591561e-06,5.56915808e-06,1.95764345e-05
sinr_dl_bin_edges:-21.33373  ,-18.0418176,-14.7499052,-11.4579928, -8.1660804, -4.874168 , -1.5822556,  1.7096568,  5.0015692,  8.2934816, 11.585394 , 14.8773064, 18.1692188, 21.4611312, 24.7530436, 28.044956 , 31.3368684, 34.6287808, 37.9206932, 41.2126056, 44.504518 , 47.7964304, 51.0883428, 54.3802552, 57.6721676, 60.96408  , 64.2559924, 67.5479048, 70.8398172, 74.1317296, 77.423642 , 80.7155544, 84.0074668, 87.2993792, 90.5912916, 93.883204 , 97.1751164,100.4670288,103.7589412,107.0508536,110.342766 
rsrp_ul:3.68399069e-04,6.33214250e-04,3.27262410e-03,6.60792635e-03,1.07634052e-02,1.92632220e-02,2.87104685e-02,3.32417688e-02,2.99501763e-02,2.27825176e-02,1.44904459e-02,9.73449387e-03,9.20544081e-03,1.89854588e-02,2.64787965e-02,2.35208002e-02,1.46230596e-02,1.12543565e-02,5.62924004e-03,2.31282371e-03,2.50745585e-03,1.23929546e-03,5.49505932e-04,3.42585568e-04,8.90689489e-05,6.74614817e-05,7.24922278e-05,7.55436641e-05,1.90508585e-05,2.04528697e-05,3.01020059e-05,6.10287242e-06,4.86580369e-06,4.70086119e-06,4.45344744e-06,4.28850495e-06,4.12356245e-06,4.04109120e-06,5.44310243e-06,1.92982723e-05
rsrp_ul_bin_edges:-154.34746  ,-150.9793109,-147.6111618,-144.2430127,-140.8748636,-137.5067145,-134.1385654,-130.7704163,-127.4022672,-124.0341181,-120.665969 ,-117.2978199,-113.9296708,-110.5615217,-107.1933726,-103.8252235,-100.4570744, -97.0889253, -93.7207762, -90.3526271, -86.984478 , -83.6163289, -80.2481798, -76.8800307, -73.5118816, -70.1437325, -66.7755834, -63.4074343, -60.0392852, -56.6711361, -53.302987 , -49.9348379, -46.5666888, -43.1985397, -39.8303906, -36.4622415, -33.0940924, -29.7259433, -26.3577942, -22.9896451, -19.621496 
rsrp_dl:3.69226615e-04,5.79441997e-04,3.04179633e-03,6.49525038e-03,9.97924134e-03,1.79945885e-02,2.72116726e-02,4.75330552e-02,1.97219482e-02,2.51501784e-02,1.53094497e-02,1.04206768e-02,1.14974823e-02,1.92613639e-02,3.03493818e-02,2.44452145e-02,1.39007874e-02,9.98700210e-03,4.05896209e-03,2.61048363e-03,1.83710697e-03,8.29473454e-04,4.39073460e-04,2.65131198e-04,6.95094199e-05,6.76535859e-05,7.82824535e-05,5.63498695e-05,1.92331890e-05,2.13420913e-05,2.75844421e-05,5.06136553e-06,4.80829725e-06,4.72394116e-06,4.38651679e-06,4.30216070e-06,4.13344851e-06,3.96473633e-06,5.56750208e-06,1.95706134e-05
rsrp_dl_bin_edges:-153.03978   ,-149.74688845,-146.4539969 ,-143.16110535,-139.8682138 ,-136.57532225,-133.2824307 ,-129.98953915,-126.6966476 ,-123.40375605,-120.1108645 ,-116.81797295,-113.5250814 ,-110.23218985,-106.9392983 ,-103.64640675,-100.3535152 , -97.06062365, -93.7677321 , -90.47484055, -87.181949  , -83.88905745, -80.5961659 , -77.30327435, -74.0103828 , -70.71749125, -67.4245997 , -64.13170815, -60.8388166 , -57.54592505, -54.2530335 , -50.96014195, -47.6672504 , -44.37435885, -41.0814673 , -37.78857575, -34.4956842 , -31.20279265, -27.9099011 , -24.61700955, -21.324118  
cqi_ul:1.07589029,0.        ,0.28752353,0.        ,0.        ,0.18068886,0.        ,0.        ,0.07894156,0.        ,0.04397963,0.        ,0.        ,0.0642765 ,0.        ,0.        ,0.05697434,0.        ,0.12243009,0.        ,0.        ,0.13616701,0.        ,0.        ,0.14364103,0.        ,0.11342424,0.        ,0.        ,0.06130171,0.        ,0.        ,0.07682306,0.        ,0.06970609,0.        ,0.        ,0.03736191,0.        ,0.1175368 
cqi_ul_bin_edges: 0.   , 0.375, 0.75 , 1.125, 1.5  , 1.875, 2.25 , 2.625, 3.   , 3.375, 3.75 , 4.125, 4.5  , 4.875, 5.25 , 5.625, 6.   , 6.375, 6.75 , 7.125, 7.5  , 7.875, 8.25 , 8.625, 9.   , 9.375, 9.75 ,10.125,10.5  ,10.875,11.25 ,11.625,12.   ,12.375,12.75 ,13.125,13.5  ,13.875,14.25 ,14.625,15.   
cqi_dl:0.49327959,0.        ,0.49597661,0.        ,0.        ,0.26134523,0.        ,0.        ,0.19037915,0.        ,0.07014312,0.        ,0.        ,0.06057283,0.        ,0.        ,0.02940346,0.        ,0.0529403 ,0.        ,0.        ,0.06531057,0.        ,0.        ,0.08853185,0.        ,0.12894263,0.        ,0.        ,0.1135272 ,0.        ,0.        ,0.15690832,0.        ,0.13335074,0.        ,0.        ,0.07280532,0.        ,0.25324974
cqi_dl_bin_edges: 0.   , 0.375, 0.75 , 1.125, 1.5  , 1.875, 2.25 , 2.625, 3.   , 3.375, 3.75 , 4.125, 4.5  , 4.875, 5.25 , 5.625, 6.   , 6.375, 6.75 , 7.125, 7.5  , 7.875, 8.25 , 8.625, 9.   , 9.375, 9.75 ,10.125,10.5  ,10.875,11.25 ,11.625,12.   ,12.375,12.75 ,13.125,13.5  ,13.875,14.25 ,14.625,15.   
mcs_ul:0.73040026,0.05729   ,0.03950761,0.        ,0.02576288,0.01652724,0.        ,0.01104594,0.01251458,0.        ,0.01527567,0.01915817,0.01532209,0.        ,0.01519987,0.03290528,0.        ,0.03268227,0.03453027,0.        ,0.03841635,0.03985522,0.03709533,0.        ,0.03092435,0.02983864,0.        ,0.01464908,0.01818715,0.        ,0.0218522 ,0.01930698,0.01617328,0.        ,0.02116927,0.01142371,0.        ,0.0085916 ,0.        ,0.06296614
mcs_ul_bin_edges: 0. , 0.7, 1.4, 2.1, 2.8, 3.5, 4.2, 4.9, 5.6, 6.3, 7. , 7.7, 8.4, 9.1, 9.8,10.5,11.2,11.9,12.6,13.3,14. ,14.7,15.4,16.1,16.8,17.5,18.2,18.9,19.6,20.3,21. ,21.7,22.4,23.1,23.8,24.5,25.2,25.9,26.6,27.3,28. 
mcs_dl:0.52995868,0.06290305,0.07710333,0.        ,0.05944792,0.04254092,0.        ,0.02013674,0.01743993,0.        ,0.01800064,0.01444909,0.00827493,0.        ,0.00747692,0.01447051,0.        ,0.01389036,0.0171439 ,0.        ,0.0178439 ,0.02268632,0.02474146,0.        ,0.02954618,0.03953023,0.        ,0.02957793,0.03122791,0.        ,0.04465796,0.03941237,0.03629375,0.        ,0.03514415,0.02136569,0.        ,0.01763715,0.        ,0.1356695 
mcs_dl_bin_edges: 0. , 0.7, 1.4, 2.1, 2.8, 3.5, 4.2, 4.9, 5.6, 6.3, 7. , 7.7, 8.4, 9.1, 9.8,10.5,11.2,11.9,12.6,13.3,14. ,14.7,15.4,16.1,16.8,17.5,18.2,18.9,19.6,20.3,21. ,21.7,22.4,23.1,23.8,24.5,25.2,25.9,26.6,27.3,28. 
eff_ul:2.17900205,0.58232179,0.21658842,0.14936098,0.09739818,0.        ,0.06248228,0.04175987,0.        ,0.04731215,0.05775061,0.07242867,0.05792614,0.05746407,0.12440047,0.        ,0.12355735,0.13054384,0.        ,0.1452354 ,0.        ,0.15067516,0.1402412 ,0.        ,0.11691142,0.        ,0.11280684,0.05538178,0.06875766,0.0826136 ,0.        ,0.07299125,0.        ,0.06114409,0.        ,0.08003174,0.        ,0.04318807,0.03248106,0.23804743
eff_ul_bin_edges:0.        ,0.18515763,0.37031527,0.5554729 ,0.74063053,0.92578816,1.1109458 ,1.29610343,1.48126106,1.66641869,1.85157632,2.03673396,2.22189159,2.40704922,2.59220686,2.77736449,2.96252212,3.14767975,3.33283738,3.51799502,3.70315265,3.88831028,4.07346792,4.25862555,4.44378318,4.62894081,4.81409844,4.99925608,5.18441371,5.36957134,5.55472897,5.73988661,5.92504424,6.11020187,6.29535951,6.48051714,6.66567477,6.8508324 ,7.03599004,7.22114767,7.4063053 
eff_dl:0.99903982,1.00450208,0.2378089 ,0.29149394,0.22474657,0.        ,0.16082859,0.07612819,0.        ,0.06593276,0.06805256,0.05462567,0.03128389,0.02826697,0.05470668,0.        ,0.05251338,0.0648136 ,0.        ,0.06745997,0.        ,0.08576705,0.09353664,0.        ,0.11170119,0.        ,0.14944649,0.11182121,0.11805908,0.16883221,0.        ,0.14900093,0.        ,0.13721077,0.        ,0.13286466,0.        ,0.08077434,0.06667837,0.51290704
eff_dl_bin_edges:0.        ,0.18515763,0.37031527,0.5554729 ,0.74063053,0.92578816,1.1109458 ,1.29610343,1.48126106,1.66641869,1.85157632,2.03673396,2.22189159,2.40704922,2.59220686,2.77736449,2.96252212,3.14767975,3.33283738,3.51799502,3.70315265,3.88831028,4.07346792,4.25862555,4.44378318,4.62894081,4.81409844,4.99925608,5.18441371,5.36957134,5.55472897,5.73988661,5.92504424,6.11020187,6.29535951,6.48051714,6.66567477,6.8508324 ,7.03599004,7.22114767,7.4063053 
rul:9.47490448e-01,1.46994177e-02,4.45601970e-03,1.86557397e-03,6.15925260e-04,5.09945126e-04,3.94526557e-04,1.42385524e-04,1.15148899e-04,1.05710465e-04,1.45082220e-04,5.15068847e-05,3.99110939e-05,3.31693551e-05,1.48318254e-05,1.13261212e-05,1.88768687e-05,1.80678601e-05,1.45621559e-05,3.28996855e-05,1.34834777e-05,9.70810393e-06,4.85405196e-06,3.50570420e-06,0.00000000e+00,1.07867821e-06,1.88768687e-06,5.39339107e-07,0.00000000e+00,8.09008661e-07,5.39339107e-07,0.00000000e+00,8.09008661e-07,5.39339107e-07,2.15735643e-06,0.00000000e+00,0.00000000e+00,5.39339107e-07,1.34834777e-06,1.34834777e-06
rul_bin_edges: 0.        , 1.03005868, 2.06011735, 3.09017602, 4.1202347 , 5.15029338, 6.18035205, 7.21041073, 8.2404694 , 9.27052807,10.30058675,11.33064543,12.3607041 ,13.39076278,14.42082145,15.45088013,16.4809388 ,17.51099747,18.54105615,19.57111483,20.6011735 ,21.63123218,22.66129085,23.69134952,24.7214082 ,25.75146688,26.78152555,27.81158423,28.8416429 ,29.87170157,30.90176025,31.93181893,32.9618776 ,33.99193628,35.02199495,36.05205362,37.0821123 ,38.11217097,39.14222965,40.17228833,41.202347  
rdl:7.31875641e-01,1.80132057e-03,4.72111353e-03,5.80420945e-04,9.93832037e-04,2.98643236e-04,6.00577307e-05,2.05677160e-05,3.55821487e-05,2.52982907e-05,1.35746926e-05,6.37599196e-06,2.46812592e-06,1.23406296e-06,1.85109444e-06,0.00000000e+00,2.05677160e-07,0.00000000e+00,0.00000000e+00,4.52489752e-06,4.11354320e-07,0.00000000e+00,0.00000000e+00,0.00000000e+00,0.00000000e+00,0.00000000e+00,0.00000000e+00,2.05677160e-07,2.05677160e-07,0.00000000e+00,0.00000000e+00,0.00000000e+00,0.00000000e+00,0.00000000e+00,0.00000000e+00,0.00000000e+00,0.00000000e+00,0.00000000e+00,2.05677160e-07,2.05677160e-07
rdl_bin_edges: 0.        , 1.35054112, 2.70108225, 4.05162338, 5.4021645 , 6.75270562, 8.10324675, 9.45378787,10.804329  ,12.15487012,13.50541125,14.85595237,16.2064935 ,17.55703463,18.90757575,20.25811687,21.608658  ,22.95919912,24.30974025,25.66028137,27.0108225 ,28.36136362,29.71190475,31.06244587,32.412987  ,33.76352813,35.11406925,36.46461037,37.8151515 ,39.16569262,40.51623375,41.86677487,43.217316  ,44.56785712,45.91839825,47.26893937,48.6194805 ,49.97002162,51.32056275,52.67110387,54.021645  
lul:5.33333861e+01,0.00000000e+00,0.00000000e+00,0.00000000e+00,0.00000000e+00,0.00000000e+00,0.00000000e+00,0.00000000e+00,0.00000000e+00,0.00000000e+00,0.00000000e+00,0.00000000e+00,0.00000000e+00,0.00000000e+00,0.00000000e+00,0.00000000e+00,0.00000000e+00,0.00000000e+00,0.00000000e+00,0.00000000e+00,0.00000000e+00,0.00000000e+00,0.00000000e+00,0.00000000e+00,0.00000000e+00,0.00000000e+00,0.00000000e+00,0.00000000e+00,0.00000000e+00,0.00000000e+00,0.00000000e+00,0.00000000e+00,0.00000000e+00,0.00000000e+00,0.00000000e+00,0.00000000e+00,0.00000000e+00,0.00000000e+00,0.00000000e+00,1.48147101e-05
lul_bin_edges:0.        ,0.01874998,0.03749995,0.05624993,0.07499991,0.09374988,0.11249986,0.13124983,0.14999981,0.16874979,0.18749976,0.20624974,0.22499972,0.24374969,0.26249967,0.28124964,0.29999962,0.3187496 ,0.33749957,0.35624955,0.37499953,0.3937495 ,0.41249948,0.43124945,0.44999943,0.46874941,0.48749938,0.50624936,0.52499934,0.54374931,0.56249929,0.58124926,0.59999924,0.61874922,0.63749919,0.65624917,0.67499915,0.69374912,0.7124991 ,0.73124907,0.74999905
ldl:5.68475075e+02,1.29787877e+02,1.93960476e-04,0.00000000e+00,0.00000000e+00,1.93960476e-04,0.00000000e+00,0.00000000e+00,0.00000000e+00,0.00000000e+00,0.00000000e+00,0.00000000e+00,0.00000000e+00,0.00000000e+00,0.00000000e+00,0.00000000e+00,0.00000000e+00,0.00000000e+00,0.00000000e+00,0.00000000e+00,0.00000000e+00,0.00000000e+00,0.00000000e+00,0.00000000e+00,0.00000000e+00,0.00000000e+00,0.00000000e+00,0.00000000e+00,0.00000000e+00,0.00000000e+00,0.00000000e+00,0.00000000e+00,0.00000000e+00,0.00000000e+00,0.00000000e+00,0.00000000e+00,0.00000000e+00,0.00000000e+00,0.00000000e+00,1.93960476e-04
ldl_bin_edges:0.        ,0.00143212,0.00286425,0.00429637,0.0057285 ,0.00716062,0.00859274,0.01002487,0.01145699,0.01288912,0.01432124,0.01575336,0.01718549,0.01861761,0.02004974,0.02148186,0.02291398,0.02434611,0.02577823,0.02721036,0.02864248,0.03007461,0.03150673,0.03293885,0.03437098,0.0358031 ,0.03723523,0.03866735,0.04009947,0.0415316 ,0.04296372,0.04439585,0.04582797,0.04726009,0.04869222,0.05012434,0.05155647,0.05298859,0.05442071,0.05585284,0.05728496
ilul:4.12145253e-01,6.74199567e-03,2.82976958e-03,2.38702490e-03,1.90767244e-03,1.57056033e-03,1.74743633e-03,1.56809516e-03,1.69591426e-03,1.22679226e-03,9.91984736e-04,9.13099270e-04,1.14975567e-03,6.44765427e-04,6.59926228e-04,3.64475505e-04,6.05199435e-05,9.09648031e-05,6.28618558e-06,4.84406065e-05,4.01822843e-05,3.69898881e-04,4.74422124e-04,2.68703619e-04,2.80906215e-04,1.30037761e-04,2.91629708e-04,5.57621639e-04,2.07074349e-04,4.92048095e-04,7.33388318e-05,3.88017886e-04,4.06876443e-04,3.69775622e-05,0.00000000e+00,0.00000000e+00,3.76554842e-04,3.08269611e-04,1.05632569e-04,1.75520162e-04
ilul_bin_edges: 0.        , 2.25360013, 4.50720025, 6.76080038, 9.0144005 ,11.26800063,13.52160075,15.77520088,18.028801  ,20.28240112,22.53600125,24.78960138,27.0432015 ,29.29680163,31.55040175,33.80400188,36.057602  ,38.31120213,40.56480225,42.81840238,45.0720025 ,47.32560263,49.57920275,51.83280288,54.086403  ,56.34000313,58.59360325,60.84720338,63.1008035 ,65.35440363,67.60800375,69.86160388,72.115204  ,74.36880413,76.62240425,78.87600438,81.1296045 ,83.38320463,85.63680475,87.89040488,90.144005  
ildl:2.04453638e+00,6.00929376e-03,3.80284639e-03,2.51349158e-03,2.61853302e-03,2.94058314e-03,2.51176013e-03,1.32629246e-03,1.22471392e-03,1.65469124e-03,9.19401168e-04,8.57646036e-04,1.01578535e-03,6.02545398e-04,5.74842161e-04,3.60142077e-04,2.98386945e-04,2.68952256e-04,5.09046974e-04,1.80648189e-04,1.79493888e-04,5.18858537e-04,6.18705620e-04,1.51213500e-04,5.71379257e-04,1.17738756e-04,8.31097101e-05,8.25325593e-05,8.42640116e-05,8.08011070e-05,8.54183131e-05,8.94583685e-05,1.19470208e-04,4.84806642e-05,4.79035135e-05,4.50177596e-05,4.50177596e-05,2.30860306e-05,2.13545783e-05,2.07774275e-05
ildl_bin_edges: 0.        , 0.48128753, 0.96257505, 1.44386258, 1.9251501 , 2.40643763, 2.88772515, 3.36901268, 3.8503002 , 4.33158773, 4.81287525, 5.29416278, 5.7754503 , 6.25673783, 6.73802535, 7.21931288, 7.7006004 , 8.18188793, 8.66317545, 9.14446298, 9.6257505 ,10.10703803,10.58832555,11.06961308,11.5509006 ,12.03218813,12.51347565,12.99476318,13.4760507 ,13.95733823,14.43862575,14.91991328,15.4012008 ,15.88248833,16.36377585,16.84506338,17.3263509 ,17.80763843,18.28892595,18.77021348,19.251501  
eul:6.18275171e+01,0.00000000e+00,0.00000000e+00,0.00000000e+00,2.20719478e-04,3.31079217e-04,1.10359739e-04,2.57506058e-04,5.51798695e-05,0.00000000e+00,1.65539608e-04,0.00000000e+00,6.25371854e-04,8.27698042e-04,1.67378937e-03,4.00878073e+00,3.72372153e-01,1.37949674e-03,6.80551724e-04,5.33405405e-04,0.00000000e+00,1.65539608e-04,0.00000000e+00,2.94292637e-04,0.00000000e+00,1.10359739e-04,0.00000000e+00,0.00000000e+00,0.00000000e+00,0.00000000e+00,0.00000000e+00,0.00000000e+00,0.00000000e+00,0.00000000e+00,0.00000000e+00,0.00000000e+00,0.00000000e+00,0.00000000e+00,7.35731593e-05,2.20719478e-04
eul_bin_edges:0.      ,0.015102,0.030204,0.045306,0.060408,0.07551 ,0.090612,0.105714,0.120816,0.135918,0.15102 ,0.166122,0.181224,0.196326,0.211428,0.22653 ,0.241632,0.256734,0.271836,0.286938,0.30204 ,0.317142,0.332244,0.347346,0.362448,0.37755 ,0.392652,0.407754,0.422856,0.437958,0.45306 ,0.468162,0.483264,0.498366,0.513468,0.52857 ,0.543672,0.558774,0.573876,0.588978,0.60408 
edl:6.56067496e+01,0.00000000e+00,0.00000000e+00,0.00000000e+00,1.83932898e-05,5.51798695e-05,1.83932898e-05,5.51798695e-05,0.00000000e+00,0.00000000e+00,1.83932898e-05,0.00000000e+00,1.10359739e-04,1.47146319e-04,2.39112768e-04,5.56617737e-01,5.17955042e-02,2.20719478e-04,1.28753029e-04,9.19664491e-05,0.00000000e+00,1.83932898e-05,0.00000000e+00,5.51798695e-05,0.00000000e+00,1.83932898e-05,0.00000000e+00,0.00000000e+00,0.00000000e+00,0.00000000e+00,0.00000000e+00,0.00000000e+00,0.00000000e+00,0.00000000e+00,0.00000000e+00,0.00000000e+00,0.00000000e+00,0.00000000e+00,1.83932898e-05,1.83932898e-05
edl_bin_edges:0.      ,0.015102,0.030204,0.045306,0.060408,0.07551 ,0.090612,0.105714,0.120816,0.135918,0.15102 ,0.166122,0.181224,0.196326,0.211428,0.22653 ,0.241632,0.256734,0.271836,0.286938,0.30204 ,0.317142,0.332244,0.347346,0.362448,0.37755 ,0.392652,0.407754,0.422856,0.437958,0.45306 ,0.468162,0.483264,0.498366,0.513468,0.52857 ,0.543672,0.558774,0.573876,0.588978,0.60408 
gul:4.38952183e+00,0.00000000e+00,0.00000000e+00,0.00000000e+00,1.98647530e-03,1.87611556e-03,4.41438956e-04,2.50148742e-03,1.60021622e-03,0.00000000e+00,9.38057781e-04,0.00000000e+00,5.99621248e-03,1.18636719e-02,2.59161454e-02,5.64837146e+01,5.24493856e+00,2.28996458e-02,1.03554222e-02,4.43278285e-03,0.00000000e+00,9.38057781e-04,0.00000000e+00,2.46470084e-03,1.65539608e-03,4.41438956e-04,0.00000000e+00,0.00000000e+00,0.00000000e+00,0.00000000e+00,0.00000000e+00,0.00000000e+00,0.00000000e+00,0.00000000e+00,0.00000000e+00,0.00000000e+00,0.00000000e+00,0.00000000e+00,4.78225536e-04,1.43467661e-03
gul_bin_edges:0.      ,0.015102,0.030204,0.045306,0.060408,0.07551 ,0.090612,0.105714,0.120816,0.135918,0.15102 ,0.166122,0.181224,0.196326,0.211428,0.22653 ,0.241632,0.256734,0.271836,0.286938,0.30204 ,0.317142,0.332244,0.347346,0.362448,0.37755 ,0.392652,0.407754,0.422856,0.437958,0.45306 ,0.468162,0.483264,0.498366,0.513468,0.52857 ,0.543672,0.558774,0.573876,0.588978,0.60408 
gdl:6.10215783e-01,0.00000000e+00,0.00000000e+00,0.00000000e+00,2.18880149e-03,2.15201491e-03,5.33405405e-04,2.70381360e-03,1.65539608e-03,0.00000000e+00,1.08520410e-03,0.00000000e+00,6.51122460e-03,1.25442237e-02,2.73508220e-02,5.99359512e+01,5.56551521e+00,2.40584231e-02,1.09072209e-02,4.87422180e-03,0.00000000e+00,1.08520410e-03,0.00000000e+00,2.70381360e-03,1.65539608e-03,5.33405405e-04,0.00000000e+00,0.00000000e+00,0.00000000e+00,0.00000000e+00,0.00000000e+00,0.00000000e+00,0.00000000e+00,0.00000000e+00,0.00000000e+00,0.00000000e+00,0.00000000e+00,0.00000000e+00,5.33405405e-04,1.63700279e-03
gdl_bin_edges:0.      ,0.015102,0.030204,0.045306,0.060408,0.07551 ,0.090612,0.105714,0.120816,0.135918,0.15102 ,0.166122,0.181224,0.196326,0.211428,0.22653 ,0.241632,0.256734,0.271836,0.286938,0.30204 ,0.317142,0.332244,0.347346,0.362448,0.37755 ,0.392652,0.407754,0.422856,0.437958,0.45306 ,0.468162,0.483264,0.498366,0.513468,0.52857 ,0.543672,0.558774,0.573876,0.588978,0.60408 
ri:33.43460471, 0.        , 0.        , 0.        , 0.        , 0.        , 0.        , 0.        , 0.        , 0.        , 0.        , 0.        , 0.        , 0.        , 0.        , 0.        , 0.        , 0.        , 0.        , 0.        , 0.        , 0.        , 0.        , 0.        , 0.        , 0.        , 0.        , 0.        , 0.        , 0.        , 0.        , 0.        , 0.        , 0.        , 0.        , 0.        , 0.        , 0.        , 0.        , 6.56539529
ri_bin_edges:1.   ,1.025,1.05 ,1.075,1.1  ,1.125,1.15 ,1.175,1.2  ,1.225,1.25 ,1.275,1.3  ,1.325,1.35 ,1.375,1.4  ,1.425,1.45 ,1.475,1.5  ,1.525,1.55 ,1.575,1.6  ,1.625,1.65 ,1.675,1.7  ,1.725,1.75 ,1.775,1.8  ,1.825,1.85 ,1.875,1.9  ,1.925,1.95 ,1.975,2.   
