period:1
ue_log_freq:1000
mac_log_freq:1000
mimo_layers:2
frequency:2412000000.0
bandwidth:50000000
ue_speed:5.555555555555555
max_distance:1000
shannon_cfg_bandwidth_mhz:50.0
shannon_cfg_mimo_layers:2
shannon_cfg_bw_efficiency:0.67
shannon_cfg_sinr_offset_db:0
shannon_cfg_ul_divisor:2
shannon_cfg_sinr_sample_rate:1000
n_ue:4
sinr_period:9.463597741343282
sinr_rate:105.66805852612856
ul_fairness:nan
dl_fairness:0.25
ul_agg_throughput:0
dl_agg_throughput:39.728739342300145
ul_ave_throughput:0.0
dl_ave_throughput:9.932184835575036
ul_se:0.0
dl_se:0.7945747868460029
ul_ase:0.0
dl_ase:2.5292100996546094e-07
ul_gr:0.0, 0.0, 0.0, 0.0
dl_gr:0.10486195138048617, 0.10486195138048617, 0.10486195138048617, 40.254143458565416
ul_tr:0.0, 0.0, 0.0, 0.0
dl_tr:0.0, 0.0, 0.0, 40.12482694283058
ul_er:0.0, 0.0, 0.0, 0.0
dl_er:99.8930140698593, 99.8930140698593, 99.8930140698593, 59.743732562674374
ul_er_ratio:0.0, 0.0, 0.0, 0.0
dl_er_ratio:1.0, 1.0, 1.0, 0.5982236337291036
ul_er_perc:0.0, 0.0, 0.0, 0.0
dl_er_perc:100.0, 100.0, 100.0, 59.82236337291036
ul_l:0.0, 0.0, 0.0, 0.0
dl_l:0.0, 0.0, 0.0, 0.002655306960799392
ul_il:0.0, 0.0, 0.0, 0.0
dl_il:0.0, 0.0, 0.0, 0.23550342123598364
sinr_ul:0.01078778,0.01567365,0.01743622,0.04083969,0.04718266,0.03288934,0.08378989,0.05410879,0.09528498,0.06245936,0.03406547,0.02806228,0.05062775,0.02521668,0.01287869,0.00904318,0.00713196,0.00737372,0.00725121,0.00209744,0.00103729,0.0005995 ,0.00056357,0.00053253,0.00050966,0.00049169,0.00047535,0.00050312,0.00024993,0.0002483 ,0.00024176,0.00024176,0.00023849,0.00023523,0.00023523,0.00023359,0.00023359,0.00029403,0.00045085,0.00159922
sinr_ul_bin_edges:19.058792  ,20.58921195,22.1196319 ,23.65005185,25.1804718 ,26.71089175,28.2413117 ,29.77173165,31.3021516 ,32.83257155,34.3629915 ,35.89341145,37.4238314 ,38.95425135,40.4846713 ,42.01509125,43.5455112 ,45.07593115,46.6063511 ,48.13677105,49.667191  ,51.19761095,52.7280309 ,54.25845085,55.7888708 ,57.31929075,58.8497107 ,60.38013065,61.9105506 ,63.44097055,64.9713905 ,66.50181045,68.0322304 ,69.56265035,71.0930703 ,72.62349025,74.1539102 ,75.68433015,77.2147501 ,78.74517005,80.27559   
sinr_dl:0.01078922,0.01567173,0.0174359 ,0.04084876,0.04717201,0.03284955,0.08355317,0.05434141,0.09527512,0.06247948,0.03408283,0.02805851,0.05062848,0.02522113,0.01287846,0.00904465,0.00713183,0.00737522,0.00725108,0.00210067,0.00103727,0.00059949,0.00056356,0.00053252,0.00050965,0.00049168,0.00047535,0.00050312,0.00024992,0.00024829,0.00024176,0.00024176,0.00023849,0.00023522,0.00023522,0.00023359,0.00023359,0.00029403,0.00045084,0.00159919
sinr_dl_bin_edges:28.800669  ,30.33111627,31.86156355,33.39201082,34.9224581 ,36.45290538,37.98335265,39.51379993,41.0442472 ,42.57469448,44.10514175,45.63558903,47.1660363 ,48.69648357,50.22693085,51.75737812,53.2878254 ,54.81827267,56.34871995,57.87916722,59.4096145 ,60.94006177,62.47050905,64.00095633,65.5314036 ,67.06185087,68.59229815,70.12274542,71.6531927 ,73.18363997,74.71408725,76.24453452,77.7749818 ,79.30542907,80.83587635,82.36632362,83.8967709 ,85.42721817,86.95766545,88.48811272,90.01856   
rsrp_ul:0.01081007,0.01564388,0.01758816,0.04178004,0.04592121,0.02855306,0.08131429,0.05461913,0.09205102,0.06807264,0.03564406,0.02746113,0.05088703,0.0254647 ,0.01334595,0.00928626,0.0069541 ,0.00744792,0.00721486,0.00257988,0.00107889,0.00060789,0.00056063,0.00053455,0.00051011,0.00049055,0.00047588,0.00050522,0.00025098,0.00024772,0.00024446,0.00023794,0.00023957,0.00023631,0.00023468,0.00023305,0.00023468,0.00029335,0.00044981,0.00159715
rsrp_ul_bin_edges:-91.713394  ,-90.17942307,-88.64545215,-87.11148122,-85.5775103 ,-84.04353937,-82.50956845,-80.97559752,-79.4416266 ,-77.90765568,-76.37368475,-74.83971382,-73.3057429 ,-71.77177197,-70.23780105,-68.70383012,-67.1698592 ,-65.63588827,-64.10191735,-62.56794643,-61.0339755 ,-59.50000457,-57.96603365,-56.43206273,-54.8980918 ,-53.36412087,-51.83014995,-50.29617903,-48.7622081 ,-47.22823718,-45.69426625,-44.16029532,-42.6263244 ,-41.09235348,-39.55838255,-38.02441162,-36.4904407 ,-34.95646978,-33.42249885,-31.88852793,-30.354557  
rsrp_dl:0.01081007,0.01564388,0.01758816,0.04178004,0.04592121,0.02855306,0.08131429,0.05461913,0.09205102,0.06807264,0.03564406,0.02746113,0.05088703,0.0254647 ,0.01334595,0.00928626,0.0069541 ,0.00744792,0.00721486,0.00257988,0.00107889,0.00060789,0.00056063,0.00053455,0.00051011,0.00049055,0.00047588,0.00050522,0.00025098,0.00024772,0.00024446,0.00023794,0.00023957,0.00023631,0.00023468,0.00023305,0.00023468,0.00029335,0.00044981,0.00159715
rsrp_dl_bin_edges:-88.703094  ,-87.16912307,-85.63515215,-84.10118122,-82.5672103 ,-81.03323937,-79.49926845,-77.96529752,-76.4313266 ,-74.89735568,-73.36338475,-71.82941382,-70.2954429 ,-68.76147197,-67.22750105,-65.69353012,-64.1595592 ,-62.62558827,-61.09161735,-59.55764643,-58.0236755 ,-56.48970457,-54.95573365,-53.42176273,-51.8877918 ,-50.35382087,-48.81984995,-47.28587902,-45.7519081 ,-44.21793718,-42.68396625,-41.14999532,-39.6160244 ,-38.08205348,-36.54808255,-35.01411162,-33.4801407 ,-31.94616978,-30.41219885,-28.87822793,-27.344257  
cqi_ul: 0., 0., 0., 0., 0., 0., 0., 0., 0., 0., 0., 0., 0., 0., 0., 0., 0., 0., 0., 0.,40., 0., 0., 0., 0., 0., 0., 0., 0., 0., 0., 0., 0., 0., 0., 0., 0., 0., 0., 0.
cqi_ul_bin_edges:14.5  ,14.525,14.55 ,14.575,14.6  ,14.625,14.65 ,14.675,14.7  ,14.725,14.75 ,14.775,14.8  ,14.825,14.85 ,14.875,14.9  ,14.925,14.95 ,14.975,15.   ,15.025,15.05 ,15.075,15.1  ,15.125,15.15 ,15.175,15.2  ,15.225,15.25 ,15.275,15.3  ,15.325,15.35 ,15.375,15.4  ,15.425,15.45 ,15.475,15.5  
cqi_dl: 0., 0., 0., 0., 0., 0., 0., 0., 0., 0., 0., 0., 0., 0., 0., 0., 0., 0., 0., 0.,40., 0., 0., 0., 0., 0., 0., 0., 0., 0., 0., 0., 0., 0., 0., 0., 0., 0., 0., 0.
cqi_dl_bin_edges:14.5  ,14.525,14.55 ,14.575,14.6  ,14.625,14.65 ,14.675,14.7  ,14.725,14.75 ,14.775,14.8  ,14.825,14.85 ,14.875,14.9  ,14.925,14.95 ,14.975,15.   ,15.025,15.05 ,15.075,15.1  ,15.125,15.15 ,15.175,15.2  ,15.225,15.25 ,15.275,15.3  ,15.325,15.35 ,15.375,15.4  ,15.425,15.45 ,15.475,15.5  
mcs_ul: 0., 0., 0., 0., 0., 0., 0., 0., 0., 0., 0., 0., 0., 0., 0., 0., 0., 0., 0., 0.,40., 0., 0., 0., 0., 0., 0., 0., 0., 0., 0., 0., 0., 0., 0., 0., 0., 0., 0., 0.
mcs_ul_bin_edges:27.5  ,27.525,27.55 ,27.575,27.6  ,27.625,27.65 ,27.675,27.7  ,27.725,27.75 ,27.775,27.8  ,27.825,27.85 ,27.875,27.9  ,27.925,27.95 ,27.975,28.   ,28.025,28.05 ,28.075,28.1  ,28.125,28.15 ,28.175,28.2  ,28.225,28.25 ,28.275,28.3  ,28.325,28.35 ,28.375,28.4  ,28.425,28.45 ,28.475,28.5  
mcs_dl: 0., 0., 0., 0., 0., 0., 0., 0., 0., 0., 0., 0., 0., 0., 0., 0., 0., 0., 0., 0.,40., 0., 0., 0., 0., 0., 0., 0., 0., 0., 0., 0., 0., 0., 0., 0., 0., 0., 0., 0.
mcs_dl_bin_edges:27.5  ,27.525,27.55 ,27.575,27.6  ,27.625,27.65 ,27.675,27.7  ,27.725,27.75 ,27.775,27.8  ,27.825,27.85 ,27.875,27.9  ,27.925,27.95 ,27.975,28.   ,28.025,28.05 ,28.075,28.1  ,28.125,28.15 ,28.175,28.2  ,28.225,28.25 ,28.275,28.3  ,28.325,28.35 ,28.375,28.4  ,28.425,28.45 ,28.475,28.5  
eff_ul: 0., 0., 0., 0., 0., 0., 0., 0., 0., 0., 0., 0., 0., 0., 0., 0., 0., 0., 0., 0.,40., 0., 0., 0., 0., 0., 0., 0., 0., 0., 0., 0., 0., 0., 0., 0., 0., 0., 0., 0.
eff_ul_bin_edges:5.0545974,5.0795974,5.1045974,5.1295974,5.1545974,5.1795974,5.2045974,5.2295974,5.2545974,5.2795974,5.3045974,5.3295974,5.3545974,5.3795974,5.4045974,5.4295974,5.4545974,5.4795974,5.5045974,5.5295974,5.5545974,5.5795974,5.6045974,5.6295974,5.6545974,5.6795974,5.7045974,5.7295974,5.7545974,5.7795974,5.8045974,5.8295974,5.8545974,5.8795974,5.9045974,5.9295974,5.9545974,5.9795974,6.0045974,6.0295974,6.0545974
eff_dl: 0., 0., 0., 0., 0., 0., 0., 0., 0., 0., 0., 0., 0., 0., 0., 0., 0., 0., 0., 0.,40., 0., 0., 0., 0., 0., 0., 0., 0., 0., 0., 0., 0., 0., 0., 0., 0., 0., 0., 0.
eff_dl_bin_edges:5.0545974,5.0795974,5.1045974,5.1295974,5.1545974,5.1795974,5.2045974,5.2295974,5.2545974,5.2795974,5.3045974,5.3295974,5.3545974,5.3795974,5.4045974,5.4295974,5.4545974,5.4795974,5.5045974,5.5295974,5.5545974,5.5795974,5.6045974,5.6295974,5.6545974,5.6795974,5.7045974,5.7295974,5.7545974,5.7795974,5.8045974,5.8295974,5.8545974,5.8795974,5.9045974,5.9295974,5.9545974,5.9795974,6.0045974,6.0295974,6.0545974
rul: 0., 0., 0., 0., 0., 0., 0., 0., 0., 0., 0., 0., 0., 0., 0., 0., 0., 0., 0., 0.,40., 0., 0., 0., 0., 0., 0., 0., 0., 0., 0., 0., 0., 0., 0., 0., 0., 0., 0., 0.
rul_bin_edges:-0.5  ,-0.475,-0.45 ,-0.425,-0.4  ,-0.375,-0.35 ,-0.325,-0.3  ,-0.275,-0.25 ,-0.225,-0.2  ,-0.175,-0.15 ,-0.125,-0.1  ,-0.075,-0.05 ,-0.025, 0.   , 0.025, 0.05 , 0.075, 0.1  , 0.125, 0.15 , 0.175, 0.2  , 0.225, 0.25 , 0.275, 0.3  , 0.325, 0.35 , 0.375, 0.4  , 0.425, 0.45 , 0.475, 0.5  
rdl:2.65686423e-01,0.00000000e+00,0.00000000e+00,0.00000000e+00,0.00000000e+00,0.00000000e+00,0.00000000e+00,0.00000000e+00,0.00000000e+00,0.00000000e+00,0.00000000e+00,0.00000000e+00,0.00000000e+00,5.01260029e-02,0.00000000e+00,0.00000000e+00,0.00000000e+00,0.00000000e+00,0.00000000e+00,0.00000000e+00,0.00000000e+00,0.00000000e+00,0.00000000e+00,0.00000000e+00,0.00000000e+00,0.00000000e+00,1.64694265e-02,0.00000000e+00,0.00000000e+00,0.00000000e+00,0.00000000e+00,0.00000000e+00,0.00000000e+00,0.00000000e+00,0.00000000e+00,0.00000000e+00,0.00000000e+00,0.00000000e+00,0.00000000e+00,8.30698401e-07
rdl_bin_edges:  0.        ,  3.00948575,  6.0189715 ,  9.02845725, 12.037943  , 15.04742875, 18.0569145 , 21.06640025, 24.075886  , 27.08537175, 30.0948575 , 33.10434325, 36.113829  , 39.12331475, 42.1328005 , 45.14228625, 48.151772  , 51.16125775, 54.1707435 , 57.18022925, 60.189715  , 63.19920075, 66.2086865 , 69.21817225, 72.227658  , 75.23714375, 78.2466295 , 81.25611525, 84.265601  , 87.27508675, 90.2845725 , 93.29405825, 96.303544  , 99.31302975,102.3225155 ,105.33200125,108.341487  ,111.35097275,114.3604585 ,117.36994425,120.37943   
lul: 0., 0., 0., 0., 0., 0., 0., 0., 0., 0., 0., 0., 0., 0., 0., 0., 0., 0., 0., 0.,40., 0., 0., 0., 0., 0., 0., 0., 0., 0., 0., 0., 0., 0., 0., 0., 0., 0., 0., 0.
lul_bin_edges:-0.5  ,-0.475,-0.45 ,-0.425,-0.4  ,-0.375,-0.35 ,-0.325,-0.3  ,-0.275,-0.25 ,-0.225,-0.2  ,-0.175,-0.15 ,-0.125,-0.1  ,-0.075,-0.05 ,-0.025, 0.   , 0.025, 0.05 , 0.075, 0.1  , 0.125, 0.15 , 0.175, 0.2  , 0.225, 0.25 , 0.275, 0.3  , 0.325, 0.35 , 0.375, 0.4  , 0.425, 0.45 , 0.475, 0.5  
ldl:7.83569994e+03,0.00000000e+00,0.00000000e+00,0.00000000e+00,0.00000000e+00,0.00000000e+00,0.00000000e+00,0.00000000e+00,0.00000000e+00,0.00000000e+00,0.00000000e+00,0.00000000e+00,0.00000000e+00,0.00000000e+00,0.00000000e+00,0.00000000e+00,0.00000000e+00,0.00000000e+00,0.00000000e+00,0.00000000e+00,0.00000000e+00,0.00000000e+00,0.00000000e+00,0.00000000e+00,0.00000000e+00,0.00000000e+00,0.00000000e+00,0.00000000e+00,0.00000000e+00,1.06872837e+03,4.28245923e+01,5.38982284e-01,0.00000000e+00,1.64389596e+01,4.62005814e+02,7.05576808e+00,3.42988726e-01,2.57241544e+00,8.19988047e+01,2.81569245e+02
ldl_bin_edges:0.        ,0.00010204,0.00020409,0.00030613,0.00040817,0.00051022,0.00061226,0.0007143 ,0.00081635,0.00091839,0.00102043,0.00112247,0.00122452,0.00132656,0.0014286 ,0.00153065,0.00163269,0.00173473,0.00183678,0.00193882,0.00204086,0.00214291,0.00224495,0.00234699,0.00244904,0.00255108,0.00265312,0.00275517,0.00285721,0.00295925,0.00306129,0.00316334,0.00326538,0.00336742,0.00346947,0.00357151,0.00367355,0.0037756 ,0.00387764,0.00397968,0.00408173
ilul: 0., 0., 0., 0., 0., 0., 0., 0., 0., 0., 0., 0., 0., 0., 0., 0., 0., 0., 0., 0.,40., 0., 0., 0., 0., 0., 0., 0., 0., 0., 0., 0., 0., 0., 0., 0., 0., 0., 0., 0.
ilul_bin_edges:-0.5  ,-0.475,-0.45 ,-0.425,-0.4  ,-0.375,-0.35 ,-0.325,-0.3  ,-0.275,-0.25 ,-0.225,-0.2  ,-0.175,-0.15 ,-0.125,-0.1  ,-0.075,-0.05 ,-0.025, 0.   , 0.025, 0.05 , 0.075, 0.1  , 0.125, 0.15 , 0.175, 0.2  , 0.225, 0.25 , 0.275, 0.3  , 0.325, 0.35 , 0.375, 0.4  , 0.425, 0.45 , 0.475, 0.5  
ildl:9.84151730e+01,3.69239211e-03,2.46159474e-03,3.07699342e-03,3.38469277e-03,2.46159474e-03,2.76929408e-03,3.69239211e-03,3.69239211e-03,3.07699342e-03,3.69239211e-03,2.76929408e-03,3.38469277e-03,4.00009145e-03,3.07699342e-03,3.38469277e-03,3.07699342e-03,2.76929408e-03,3.69239211e-03,3.38469277e-03,3.38469277e-03,2.76929408e-03,3.38469277e-03,3.38469277e-03,3.07699342e-03,3.38469277e-03,2.76929408e-03,3.07699342e-03,2.46159474e-03,2.76929408e-03,3.69239211e-03,3.38469277e-03,1.37910845e+00,3.26192073e+00,3.35699982e+00,3.38038497e+00,3.40500092e+00,3.50869560e+00,3.48900284e+00,2.78560215e+00
ildl_bin_edges:0.        ,0.00812473,0.01624947,0.0243742 ,0.03249893,0.04062367,0.0487484 ,0.05687313,0.06499786,0.0731226 ,0.08124733,0.08937206,0.0974968 ,0.10562153,0.11374626,0.121871  ,0.12999573,0.13812046,0.14624519,0.15436993,0.16249466,0.17061939,0.17874413,0.18686886,0.19499359,0.20311833,0.21124306,0.21936779,0.22749252,0.23561726,0.24374199,0.25186672,0.25999146,0.26811619,0.27624092,0.28436565,0.29249039,0.30061512,0.30873985,0.31686459,0.32498932
eul: 0., 0., 0., 0., 0., 0., 0., 0., 0., 0., 0., 0., 0., 0., 0., 0., 0., 0., 0., 0.,40., 0., 0., 0., 0., 0., 0., 0., 0., 0., 0., 0., 0., 0., 0., 0., 0., 0., 0., 0.
eul_bin_edges:-0.5  ,-0.475,-0.45 ,-0.425,-0.4  ,-0.375,-0.35 ,-0.325,-0.3  ,-0.275,-0.25 ,-0.225,-0.2  ,-0.175,-0.15 ,-0.125,-0.1  ,-0.075,-0.05 ,-0.025, 0.   , 0.025, 0.05 , 0.075, 0.1  , 0.125, 0.15 , 0.175, 0.2  , 0.225, 0.25 , 0.275, 0.3  , 0.325, 0.35 , 0.375, 0.4  , 0.425, 0.45 , 0.475, 0.5  
edl:2.09003577e-02,0.00000000e+00,0.00000000e+00,3.60635240e-06,0.00000000e+00,1.54557960e-06,1.54557960e-06,0.00000000e+00,0.00000000e+00,0.00000000e+00,0.00000000e+00,0.00000000e+00,0.00000000e+00,0.00000000e+00,3.09115920e-06,7.72789799e-06,1.95773416e-05,1.40647743e-04,1.14166813e-03,7.00714271e-03,1.66621209e-01,7.87936479e-03,2.06798550e-03,2.26169815e-04,3.45179444e-05,9.78867079e-06,3.60635240e-06,0.00000000e+00,0.00000000e+00,0.00000000e+00,0.00000000e+00,0.00000000e+00,4.12154560e-06,0.00000000e+00,0.00000000e+00,0.00000000e+00,2.06077280e-06,0.00000000e+00,0.00000000e+00,3.60635240e-06
edl_bin_edges:  0.    ,  4.8525,  9.705 , 14.5575, 19.41  , 24.2625, 29.115 , 33.9675, 38.82  , 43.6725, 48.525 , 53.3775, 58.23  , 63.0825, 67.935 , 72.7875, 77.64  , 82.4925, 87.345 , 92.1975, 97.05  ,101.9025,106.755 ,111.6075,116.46  ,121.3125,126.165 ,131.0175,135.87  ,140.7225,145.575 ,150.4275,155.28  ,160.1325,164.985 ,169.8375,174.69  ,179.5425,184.395 ,189.2475,194.1   
gul: 0., 0., 0., 0., 0., 0., 0., 0., 0., 0., 0., 0., 0., 0., 0., 0., 0., 0., 0., 0.,40., 0., 0., 0., 0., 0., 0., 0., 0., 0., 0., 0., 0., 0., 0., 0., 0., 0., 0., 0.
gul_bin_edges:-0.5  ,-0.475,-0.45 ,-0.425,-0.4  ,-0.375,-0.35 ,-0.325,-0.3  ,-0.275,-0.25 ,-0.225,-0.2  ,-0.175,-0.15 ,-0.125,-0.1  ,-0.075,-0.05 ,-0.025, 0.   , 0.025, 0.05 , 0.075, 0.1  , 0.125, 0.15 , 0.175, 0.2  , 0.225, 0.25 , 0.275, 0.3  , 0.325, 0.35 , 0.375, 0.4  , 0.425, 0.45 , 0.475, 0.5  
gdl:1.85183104e-01,0.00000000e+00,0.00000000e+00,5.15193199e-07,0.00000000e+00,5.15193199e-07,5.15193199e-07,0.00000000e+00,0.00000000e+00,0.00000000e+00,0.00000000e+00,0.00000000e+00,0.00000000e+00,0.00000000e+00,1.03038640e-06,5.15193199e-07,3.09115920e-06,2.21533076e-05,1.31889459e-04,7.14572968e-04,1.87844592e-02,9.73715147e-04,2.33897713e-04,2.31836940e-05,4.63673879e-06,5.15193199e-07,5.15193199e-07,0.00000000e+00,0.00000000e+00,0.00000000e+00,0.00000000e+00,0.00000000e+00,0.00000000e+00,0.00000000e+00,0.00000000e+00,0.00000000e+00,0.00000000e+00,0.00000000e+00,0.00000000e+00,5.15193199e-07
gdl_bin_edges:  0.    ,  4.8525,  9.705 , 14.5575, 19.41  , 24.2625, 29.115 , 33.9675, 38.82  , 43.6725, 48.525 , 53.3775, 58.23  , 63.0825, 67.935 , 72.7875, 77.64  , 82.4925, 87.345 , 92.1975, 97.05  ,101.9025,106.755 ,111.6075,116.46  ,121.3125,126.165 ,131.0175,135.87  ,140.7225,145.575 ,150.4275,155.28  ,160.1325,164.985 ,169.8375,174.69  ,179.5425,184.395 ,189.2475,194.1   
ri: 0., 0., 0., 0., 0., 0., 0., 0., 0., 0., 0., 0., 0., 0., 0., 0., 0., 0., 0., 0.,40., 0., 0., 0., 0., 0., 0., 0., 0., 0., 0., 0., 0., 0., 0., 0., 0., 0., 0., 0.
ri_bin_edges:0.5  ,0.525,0.55 ,0.575,0.6  ,0.625,0.65 ,0.675,0.7  ,0.725,0.75 ,0.775,0.8  ,0.825,0.85 ,0.875,0.9  ,0.925,0.95 ,0.975,1.   ,1.025,1.05 ,1.075,1.1  ,1.125,1.15 ,1.175,1.2  ,1.225,1.25 ,1.275,1.3  ,1.325,1.35 ,1.375,1.4  ,1.425,1.45 ,1.475,1.5  
